Study Name	Tungsten_Calibration
Sample Name	2024-02-05
Run Name	spot00
Operator	Angus+Samantha
Date	2/5/2024
Time	12:22
Sign	FIX
Grating Spacing	03.40um
Channel	3
Number Traces	10000
Files in Batch	1
Batch Number	1
dt	50.000001E-12
time stamp (ms)	12:23:45 PM
	
Time	Amplitude
0.000000E+0	-3.237303E-4
5.000000E-11	-3.682670E-4
1.000000E-10	-3.528504E-4
1.500000E-10	-3.391468E-4
2.000000E-10	-3.699799E-4
2.500000E-10	-3.853965E-4
3.000000E-10	-3.648411E-4
3.500000E-10	-3.768317E-4
4.000000E-10	-4.384979E-4
4.500000E-10	-5.035900E-4
5.000000E-10	-5.412749E-4
5.500000E-10	-5.875246E-4
6.000000E-10	-6.646073E-4
6.500000E-10	-7.690973E-4
7.000000E-10	-8.684484E-4
7.500000E-10	-9.438182E-4
8.000000E-10	-9.934937E-4
8.500000E-10	-1.022614E-3
9.000000E-10	-1.015762E-3
9.500000E-10	-9.832160E-4
1.000000E-9	-9.403923E-4
1.050000E-9	-8.890038E-4
1.100000E-9	-8.256246E-4
1.150000E-9	-7.588196E-4
1.200000E-9	-6.834498E-4
1.250000E-9	-5.823857E-4
1.300000E-9	-4.984512E-4
1.350000E-9	-4.761828E-4
1.400000E-9	-4.881735E-4
1.450000E-9	-4.933123E-4
1.500000E-9	-4.950253E-4
1.550000E-9	-5.292843E-4
1.600000E-9	-5.566915E-4
1.650000E-9	-5.584044E-4
1.700000E-9	-5.361361E-4
1.750000E-9	-4.898864E-4
1.800000E-9	-4.247943E-4
1.850000E-9	-3.597022E-4
1.900000E-9	-2.946101E-4
1.950000E-9	-2.432216E-4
2.000000E-9	-2.021108E-4
2.050000E-9	-1.404446E-4
2.100000E-9	-7.877839E-5
2.150000E-9	-6.678774E-5
2.200000E-9	-9.933380E-5
2.250000E-9	-1.010467E-4
2.300000E-9	-7.192659E-5
2.350000E-9	-8.049134E-5
2.400000E-9	-1.198892E-4
2.450000E-9	-1.335928E-4
2.500000E-9	-1.216021E-4
2.550000E-9	-1.267410E-4
2.600000E-9	-1.524352E-4
2.650000E-9	-1.781295E-4
2.700000E-9	-2.055367E-4
2.750000E-9	-2.466475E-4
2.800000E-9	-3.083137E-4
2.850000E-9	-3.871094E-4
2.900000E-9	-4.796087E-4
2.950000E-9	-5.875246E-4
3.000000E-9	-6.851627E-4
3.050000E-9	-7.519678E-4
3.100000E-9	-8.050692E-4
3.150000E-9	-8.530318E-4
3.200000E-9	-8.684484E-4
3.250000E-9	-8.427541E-4
3.300000E-9	-8.033563E-4
3.350000E-9	-7.519678E-4
3.400000E-9	-7.125699E-4
3.450000E-9	-7.022922E-4
3.500000E-9	-6.971534E-4
3.550000E-9	-6.663203E-4
3.600000E-9	-6.320613E-4
3.650000E-9	-6.097929E-4
3.700000E-9	-5.669692E-4
3.750000E-9	-5.155807E-4
3.800000E-9	-4.847476E-4
3.850000E-9	-4.556274E-4
3.900000E-9	-3.956742E-4
3.950000E-9	-3.579893E-4
4.000000E-9	-3.648411E-4
4.050000E-9	-3.631281E-4
4.100000E-9	-3.425727E-4
4.150000E-9	-3.545634E-4
4.200000E-9	-3.853965E-4
4.250000E-9	-3.956742E-4
4.300000E-9	-3.905353E-4
4.350000E-9	-3.922483E-4
4.400000E-9	-4.093778E-4
4.450000E-9	-4.350720E-4
4.500000E-9	-4.522015E-4
4.550000E-9	-4.419238E-4
4.600000E-9	-4.350720E-4
4.650000E-9	-4.727569E-4
4.700000E-9	-5.412749E-4
4.750000E-9	-6.046541E-4
4.800000E-9	-6.320613E-4
4.850000E-9	-6.252095E-4
4.900000E-9	-5.892375E-4
4.950000E-9	-5.327102E-4
5.000000E-9	-4.436368E-4
5.050000E-9	-3.185914E-4
5.100000E-9	-1.884072E-4
5.150000E-9	-6.336184E-5
5.200000E-9	4.969286E-5
5.250000E-9	1.113591E-4
5.300000E-9	1.182109E-4
5.350000E-9	8.223891E-5
5.400000E-9	1.885976E-5
5.450000E-9	-7.363954E-5
5.500000E-9	-1.558611E-4
5.550000E-9	-2.123885E-4
5.600000E-9	-2.346568E-4
5.650000E-9	-2.312309E-4
5.700000E-9	-1.969719E-4
5.750000E-9	-1.387316E-4
5.800000E-9	-8.905610E-5
5.850000E-9	-4.280644E-5
5.900000E-9	1.543386E-5
5.950000E-9	8.223891E-5
6.000000E-9	1.404792E-4
6.050000E-9	1.764512E-4
6.100000E-9	1.901548E-4
6.150000E-9	1.833030E-4
6.200000E-9	1.404792E-4
6.250000E-9	5.483171E-5
6.300000E-9	-4.965824E-5
6.350000E-9	-1.387316E-4
6.400000E-9	-2.158144E-4
6.450000E-9	-2.774806E-4
6.500000E-9	-3.151655E-4
6.550000E-9	-3.408598E-4
6.600000E-9	-3.459986E-4
6.650000E-9	-3.083137E-4
6.700000E-9	-2.466475E-4
6.750000E-9	-2.209532E-4
6.800000E-9	-2.500734E-4
6.850000E-9	-2.449345E-4
6.900000E-9	-1.490093E-4
6.950000E-9	-3.766759E-5
7.000000E-9	3.443208E-6
7.050000E-9	-1.695642E-6
7.100000E-9	5.156158E-6
7.150000E-9	1.372091E-5
7.200000E-9	1.730768E-8
7.250000E-9	-1.695642E-6
7.300000E-9	1.372091E-5
7.350000E-9	1.200796E-5
7.400000E-9	-3.408592E-6
7.450000E-9	3.443208E-6
7.500000E-9	1.372091E-5
7.550000E-9	6.869108E-6
7.600000E-9	-1.711219E-5
7.650000E-9	-2.567694E-5
7.700000E-9	-3.252874E-5
7.750000E-9	-5.822299E-5
7.800000E-9	-1.267410E-4
7.850000E-9	-2.055367E-4
7.900000E-9	-2.637770E-4
7.950000E-9	-3.117396E-4
8.000000E-9	-3.579893E-4
8.050000E-9	-3.716929E-4
8.100000E-9	-3.340080E-4
8.150000E-9	-2.637770E-4
8.200000E-9	-1.781295E-4
8.250000E-9	-4.794529E-5
8.300000E-9	7.538711E-5
8.350000E-9	1.593217E-4
8.400000E-9	2.346915E-4
8.450000E-9	3.271908E-4
8.500000E-9	4.076994E-4
8.550000E-9	4.590879E-4
8.600000E-9	5.190412E-4
8.650000E-9	5.464484E-4
8.700000E-9	4.762174E-4
8.750000E-9	3.237649E-4
8.800000E-9	1.524699E-4
8.850000E-9	-1.711219E-5
8.900000E-9	-1.781295E-4
8.950000E-9	-3.031749E-4
9.000000E-9	-3.922483E-4
9.050000E-9	-4.778958E-4
9.100000E-9	-5.447008E-4
9.150000E-9	-5.892375E-4
9.200000E-9	-6.491908E-4
9.250000E-9	-7.365512E-4
9.300000E-9	-8.221987E-4
9.350000E-9	-9.078462E-4
9.400000E-9	-9.712254E-4
9.450000E-9	-9.797901E-4
9.500000E-9	-9.592347E-4
9.550000E-9	-9.489570E-4
9.600000E-9	-9.164110E-4
9.650000E-9	-8.016433E-4
9.700000E-9	-6.423390E-4
9.750000E-9	-4.967382E-4
9.800000E-9	-3.614152E-4
9.850000E-9	-1.918331E-4
9.900000E-9	2.742451E-5
9.950000E-9	2.244138E-4
1.000000E-8	3.511721E-4
1.005000E-8	4.231160E-4
1.010000E-8	4.659397E-4
1.015000E-8	4.505232E-4
1.020000E-8	3.631627E-4
1.025000E-8	2.586728E-4
1.030000E-8	1.713123E-4
1.035000E-8	7.024826E-5
1.040000E-8	-5.822299E-5
1.045000E-8	-1.729906E-4
1.050000E-8	-2.483604E-4
1.055000E-8	-3.254432E-4
1.060000E-8	-3.956742E-4
1.065000E-8	-4.213684E-4
1.070000E-8	-4.213684E-4
1.075000E-8	-4.436368E-4
1.080000E-8	-4.641922E-4
1.085000E-8	-4.350720E-4
1.090000E-8	-3.871094E-4
1.095000E-8	-3.716929E-4
1.100000E-8	-3.425727E-4
1.105000E-8	-2.672029E-4
1.110000E-8	-1.918331E-4
1.115000E-8	-1.747036E-4
1.120000E-8	-1.747036E-4
1.125000E-8	-1.695647E-4
1.130000E-8	-1.541482E-4
1.135000E-8	-1.353057E-4
1.140000E-8	-8.563019E-5
1.145000E-8	-2.567694E-5
1.150000E-8	4.626696E-5
1.155000E-8	1.507569E-4
1.160000E-8	3.014965E-4
1.165000E-8	5.001987E-4
1.170000E-8	7.280211E-4
1.175000E-8	1.002093E-3
1.180000E-8	1.392646E-3
1.185000E-8	1.999030E-3
1.190000E-8	2.864070E-3
1.195000E-8	4.030589E-3
1.200000E-8	5.584234E-3
1.205000E-8	7.632923E-3
1.210000E-8	1.022290E-2
1.215000E-8	1.338672E-2
1.220000E-8	1.713294E-2
1.225000E-8	2.140847E-2
1.230000E-8	2.608825E-2
1.235000E-8	3.101640E-2
1.240000E-8	3.600623E-2
1.245000E-8	4.087272E-2
1.250000E-8	4.544630E-2
1.255000E-8	4.954538E-2
1.260000E-8	5.302953E-2
1.265000E-8	5.585075E-2
1.270000E-8	5.805018E-2
1.275000E-8	5.960211E-2
1.280000E-8	6.047229E-2
1.285000E-8	6.071382E-2
1.290000E-8	6.038836E-2
1.295000E-8	5.949591E-2
1.300000E-8	5.800393E-2
1.305000E-8	5.608200E-2
1.310000E-8	5.382776E-2
1.315000E-8	5.121380E-2
1.320000E-8	4.829151E-2
1.325000E-8	4.523389E-2
1.330000E-8	4.215401E-2
1.335000E-8	3.910838E-2
1.340000E-8	3.626317E-2
1.345000E-8	3.371944E-2
1.350000E-8	3.159024E-2
1.355000E-8	2.995951E-2
1.360000E-8	2.898313E-2
1.365000E-8	2.864739E-2
1.370000E-8	2.885124E-2
1.375000E-8	2.957067E-2
1.380000E-8	3.077488E-2
1.385000E-8	3.229769E-2
1.390000E-8	3.396782E-2
1.395000E-8	3.570646E-2
1.400000E-8	3.737659E-2
1.405000E-8	3.883945E-2
1.410000E-8	4.002310E-2
1.415000E-8	4.086758E-2
1.420000E-8	4.128554E-2
1.425000E-8	4.122901E-2
1.430000E-8	4.073397E-2
1.435000E-8	3.977643E-2
1.440000E-8	3.835982E-2
1.445000E-8	3.658520E-2
1.450000E-8	3.450911E-2
1.455000E-8	3.217265E-2
1.460000E-8	2.969058E-2
1.465000E-8	2.711259E-2
1.470000E-8	2.453974E-2
1.475000E-8	2.217758E-2
1.480000E-8	2.018885E-2
1.485000E-8	1.858381E-2
1.490000E-8	1.744470E-2
1.495000E-8	1.689484E-2
1.500000E-8	1.692739E-2
1.505000E-8	1.747039E-2
1.510000E-8	1.849816E-2
1.515000E-8	1.992505E-2
1.520000E-8	2.164657E-2
1.525000E-8	2.359590E-2
1.530000E-8	2.562575E-2
1.535000E-8	2.754597E-2
1.540000E-8	2.926234E-2
1.545000E-8	3.066868E-2
1.550000E-8	3.160395E-2
1.555000E-8	3.205103E-2
1.560000E-8	3.206473E-2
1.565000E-8	3.159024E-2
1.570000E-8	3.057789E-2
1.575000E-8	2.914244E-2
1.580000E-8	2.739009E-2
1.585000E-8	2.534825E-2
1.590000E-8	2.309572E-2
1.595000E-8	2.073870E-2
1.600000E-8	1.837997E-2
1.605000E-8	1.610689E-2
1.610000E-8	1.403764E-2
1.615000E-8	1.227330E-2
1.620000E-8	1.093035E-2
1.625000E-8	1.008415E-2
1.630000E-8	9.767259E-3
1.635000E-8	9.981377E-3
1.640000E-8	1.075906E-2
1.645000E-8	1.203692E-2
1.650000E-8	1.370533E-2
1.655000E-8	1.567865E-2
1.660000E-8	1.783354E-2
1.665000E-8	2.002783E-2
1.670000E-8	2.212962E-2
1.675000E-8	2.401386E-2
1.680000E-8	2.555723E-2
1.685000E-8	2.669634E-2
1.690000E-8	2.737981E-2
1.695000E-8	2.749972E-2
1.700000E-8	2.696699E-2
1.705000E-8	2.585186E-2
1.710000E-8	2.427081E-2
1.715000E-8	2.229920E-2
1.720000E-8	2.002783E-2
1.725000E-8	1.756289E-2
1.730000E-8	1.507398E-2
1.735000E-8	1.265015E-2
1.740000E-8	1.036165E-2
1.745000E-8	8.364352E-3
1.750000E-8	6.826123E-3
1.755000E-8	5.817196E-3
1.760000E-8	5.317014E-3
1.765000E-8	5.392384E-3
1.770000E-8	6.077564E-3
1.775000E-8	7.262926E-3
1.780000E-8	8.823423E-3
1.785000E-8	1.072651E-2
1.790000E-8	1.285057E-2
1.795000E-8	1.503629E-2
1.800000E-8	1.721003E-2
1.805000E-8	1.928270E-2
1.810000E-8	2.105389E-2
1.815000E-8	2.238485E-2
1.820000E-8	2.323961E-2
1.825000E-8	2.355479E-2
1.830000E-8	2.325674E-2
1.835000E-8	2.239513E-2
1.840000E-8	2.102477E-2
1.845000E-8	1.920904E-2
1.850000E-8	1.706614E-2
1.855000E-8	1.475366E-2
1.860000E-8	1.233154E-2
1.865000E-8	9.847767E-3
1.870000E-8	7.518155E-3
1.875000E-8	5.529420E-3
1.880000E-8	3.922673E-3
1.885000E-8	2.744163E-3
1.890000E-8	2.139492E-3
1.895000E-8	2.142918E-3
1.900000E-8	2.687636E-3
1.905000E-8	3.754804E-3
1.910000E-8	5.327292E-3
1.915000E-8	7.271490E-3
1.920000E-8	9.426381E-3
1.925000E-8	1.169947E-2
1.930000E-8	1.398968E-2
1.935000E-8	1.612230E-2
1.940000E-8	1.794660E-2
1.945000E-8	1.936834E-2
1.950000E-8	2.034986E-2
1.955000E-8	2.082778E-2
1.960000E-8	2.068389E-2
1.965000E-8	1.991820E-2
1.970000E-8	1.863863E-2
1.975000E-8	1.693938E-2
1.980000E-8	1.486671E-2
1.985000E-8	1.252168E-2
1.990000E-8	1.001221E-2
1.995000E-8	7.465054E-3
2.000000E-8	5.041229E-3
2.005000E-8	2.857218E-3
2.010000E-8	9.935283E-4
2.015000E-8	-4.145166E-4
2.020000E-8	-1.253862E-3
2.025000E-8	-1.533073E-3
2.030000E-8	-1.260714E-3
2.035000E-8	-4.059519E-4
2.040000E-8	9.609823E-4
2.045000E-8	2.711617E-3
2.050000E-8	4.777435E-3
2.055000E-8	7.059084E-3
2.060000E-8	9.363002E-3
2.065000E-8	1.155729E-2
2.070000E-8	1.355459E-2
2.075000E-8	1.518875E-2
2.080000E-8	1.634499E-2
2.085000E-8	1.697193E-2
2.090000E-8	1.703359E-2
2.095000E-8	1.649059E-2
2.100000E-8	1.537546E-2
2.105000E-8	1.376871E-2
2.110000E-8	1.178340E-2
2.115000E-8	9.524020E-3
2.120000E-8	7.096769E-3
2.125000E-8	4.633547E-3
2.130000E-8	2.278241E-3
2.135000E-8	1.199238E-4
2.140000E-8	-1.747192E-3
2.145000E-8	-3.191209E-3
2.150000E-8	-4.088794E-3
2.155000E-8	-4.443375E-3
2.160000E-8	-4.242960E-3
2.165000E-8	-3.472132E-3
2.170000E-8	-2.173716E-3
2.175000E-8	-4.915994E-4
2.180000E-8	1.473154E-3
2.185000E-8	3.652027E-3
2.190000E-8	5.928537E-3
2.195000E-8	8.151947E-3
2.200000E-8	1.022633E-2
2.205000E-8	1.204034E-2
2.210000E-8	1.346038E-2
2.215000E-8	1.439394E-2
2.220000E-8	1.482731E-2
2.225000E-8	1.472796E-2
2.230000E-8	1.406505E-2
2.235000E-8	1.286256E-2
2.240000E-8	1.116503E-2
2.245000E-8	9.066662E-3
2.250000E-8	6.719920E-3
2.255000E-8	4.263550E-3
2.260000E-8	1.757504E-3
2.265000E-8	-6.509037E-4
2.270000E-8	-2.778388E-3
2.275000E-8	-4.503328E-3
2.280000E-8	-5.794893E-3
2.285000E-8	-6.545165E-3
2.290000E-8	-6.666784E-3
2.295000E-8	-6.152899E-3
2.300000E-8	-5.061750E-3
2.305000E-8	-3.455003E-3
2.310000E-8	-1.418305E-3
2.315000E-8	9.232974E-4
2.320000E-8	3.405362E-3
2.325000E-8	5.863445E-3
2.330000E-8	8.153660E-3
2.335000E-8	1.014239E-2
2.340000E-8	1.168234E-2
2.345000E-8	1.269640E-2
2.350000E-8	1.319658E-2
2.355000E-8	1.317260E-2
2.360000E-8	1.257821E-2
2.365000E-8	1.147164E-2
2.370000E-8	9.972813E-3
2.375000E-8	8.124539E-3
2.380000E-8	5.998768E-3
2.385000E-8	3.797628E-3
2.390000E-8	1.688986E-3
2.395000E-8	-3.322950E-4
2.400000E-8	-2.250799E-3
2.405000E-8	-3.903796E-3
2.410000E-8	-5.142259E-3
2.415000E-8	-5.931929E-3
2.420000E-8	-6.252250E-3
2.425000E-8	-6.070678E-3
2.430000E-8	-5.385498E-3
2.435000E-8	-4.222405E-3
2.440000E-8	-2.651629E-3
2.445000E-8	-7.656714E-4
2.450000E-8	1.370377E-3
2.455000E-8	3.636610E-3
2.460000E-8	5.841177E-3
2.465000E-8	7.835051E-3
2.470000E-8	9.554853E-3
2.475000E-8	1.091665E-2
2.480000E-8	1.182109E-2
2.485000E-8	1.222877E-2
2.490000E-8	1.211057E-2
2.495000E-8	1.140826E-2
2.500000E-8	1.015267E-2
2.505000E-8	8.477407E-3
2.510000E-8	6.485246E-3
2.515000E-8	4.258411E-3
2.520000E-8	1.921947E-3
2.525000E-8	-3.751188E-4
2.530000E-8	-2.483760E-3
2.535000E-8	-4.311478E-3
2.540000E-8	-5.767486E-3
2.545000E-8	-6.762709E-3
2.550000E-8	-7.208077E-3
2.555000E-8	-7.081318E-3
2.560000E-8	-6.406416E-3
2.565000E-8	-5.209064E-3
2.570000E-8	-3.544076E-3
2.575000E-8	-1.543351E-3
2.580000E-8	6.440865E-4
2.585000E-8	2.927449E-3
2.590000E-8	5.197108E-3
2.595000E-8	7.310888E-3
2.600000E-8	9.162587E-3
2.605000E-8	1.068197E-2
2.610000E-8	1.173886E-2
2.615000E-8	1.223905E-2
2.620000E-8	1.222705E-2
2.625000E-8	1.173373E-2
2.630000E-8	1.076248E-2
2.635000E-8	9.368141E-3
2.640000E-8	7.626071E-3
2.645000E-8	5.599651E-3
2.650000E-8	3.388233E-3
2.655000E-8	1.144268E-3
2.660000E-8	-1.000346E-3
2.665000E-8	-2.915424E-3
2.670000E-8	-4.467356E-3
2.675000E-8	-5.623598E-3
2.680000E-8	-6.339611E-3
2.685000E-8	-6.517758E-3
2.690000E-8	-6.154612E-3
2.695000E-8	-5.315267E-3
2.700000E-8	-4.008286E-3
2.705000E-8	-2.293623E-3
2.710000E-8	-3.374339E-4
2.715000E-8	1.726671E-3
2.720000E-8	3.823322E-3
2.725000E-8	5.834325E-3
2.730000E-8	7.641487E-3
2.735000E-8	9.186568E-3
2.740000E-8	1.038392E-2
2.745000E-8	1.114961E-2
2.750000E-8	1.145623E-2
2.755000E-8	1.125239E-2
2.760000E-8	1.053809E-2
2.765000E-8	9.414391E-3
2.770000E-8	7.960096E-3
2.775000E-8	6.140943E-3
2.780000E-8	4.034015E-3
2.785000E-8	1.838013E-3
2.790000E-8	-2.946101E-4
2.795000E-8	-2.285058E-3
2.800000E-8	-4.016851E-3
2.805000E-8	-5.364942E-3
2.810000E-8	-6.271093E-3
2.815000E-8	-6.690766E-3
2.820000E-8	-6.569146E-3
2.825000E-8	-5.897670E-3
2.830000E-8	-4.741428E-3
2.835000E-8	-3.213477E-3
2.840000E-8	-1.401176E-3
2.845000E-8	6.183923E-4
2.850000E-8	2.733886E-3
2.855000E-8	4.794565E-3
2.860000E-8	6.726772E-3
2.865000E-8	8.450000E-3
2.870000E-8	9.825499E-3
2.875000E-8	1.075392E-2
2.880000E-8	1.121813E-2
2.885000E-8	1.119928E-2
2.890000E-8	1.067683E-2
2.895000E-8	9.669620E-3
2.900000E-8	8.270140E-3
2.905000E-8	6.577746E-3
2.910000E-8	4.683223E-3
2.915000E-8	2.639673E-3
2.920000E-8	5.413095E-4
2.925000E-8	-1.423444E-3
2.930000E-8	-3.127829E-3
2.935000E-8	-4.522171E-3
2.940000E-8	-5.543089E-3
2.945000E-8	-6.104937E-3
2.950000E-8	-6.159751E-3
2.955000E-8	-5.724662E-3
2.960000E-8	-4.852770E-3
2.965000E-8	-3.580048E-3
2.970000E-8	-1.963023E-3
2.975000E-8	-1.147503E-4
2.980000E-8	1.863707E-3
2.985000E-8	3.888414E-3
2.990000E-8	5.827473E-3
2.995000E-8	7.538710E-3
3.000000E-8	8.922774E-3
3.005000E-8	9.950544E-3
3.010000E-8	1.056035E-2
3.015000E-8	1.069396E-2
3.020000E-8	1.034110E-2
3.025000E-8	9.548001E-3
3.030000E-8	8.342084E-3
3.035000E-8	6.742189E-3
3.040000E-8	4.845953E-3
3.045000E-8	2.834950E-3
3.050000E-8	8.359369E-4
3.055000E-8	-1.101410E-3
3.060000E-8	-2.882878E-3
3.065000E-8	-4.357728E-3
3.070000E-8	-5.448877E-3
3.075000E-8	-6.104937E-3
3.080000E-8	-6.289935E-3
3.085000E-8	-5.983317E-3
3.090000E-8	-5.215916E-3
3.095000E-8	-4.016851E-3
3.100000E-8	-2.470057E-3
3.105000E-8	-6.920145E-4
3.110000E-8	1.223064E-3
3.115000E-8	3.163836E-3
3.120000E-8	5.024100E-3
3.125000E-8	6.706217E-3
3.130000E-8	8.115975E-3
3.135000E-8	9.133467E-3
3.140000E-8	9.715870E-3
3.145000E-8	9.885452E-3
3.150000E-8	9.631935E-3
3.155000E-8	8.924487E-3
3.160000E-8	7.814495E-3
3.165000E-8	6.408163E-3
3.170000E-8	4.762018E-3
3.175000E-8	2.954856E-3
3.180000E-8	1.092879E-3
3.185000E-8	-7.142829E-4
3.190000E-8	-2.379270E-3
3.195000E-8	-3.831852E-3
3.200000E-8	-5.010362E-3
3.205000E-8	-5.834291E-3
3.210000E-8	-6.212853E-3
3.215000E-8	-6.130631E-3
3.220000E-8	-5.587626E-3
3.225000E-8	-4.642077E-3
3.230000E-8	-3.376207E-3
3.235000E-8	-1.858533E-3
3.240000E-8	-1.627129E-4
3.245000E-8	1.615329E-3
3.250000E-8	3.350548E-3
3.255000E-8	4.972711E-3
3.260000E-8	6.409876E-3
3.265000E-8	7.569544E-3
3.270000E-8	8.366065E-3
3.275000E-8	8.736063E-3
3.280000E-8	8.669258E-3
3.285000E-8	8.218752E-3
3.290000E-8	7.425656E-3
3.295000E-8	6.279692E-3
3.300000E-8	4.806555E-3
3.305000E-8	3.110735E-3
3.310000E-8	1.296720E-3
3.315000E-8	-5.738210E-4
3.320000E-8	-2.391261E-3
3.325000E-8	-4.057961E-3
3.330000E-8	-5.455729E-3
3.335000E-8	-6.497202E-3
3.340000E-8	-7.139559E-3
3.345000E-8	-7.353677E-3
3.350000E-8	-7.084744E-3
3.355000E-8	-6.358453E-3
3.360000E-8	-5.257026E-3
3.365000E-8	-3.823287E-3
3.370000E-8	-2.094921E-3
3.375000E-8	-1.832683E-4
3.380000E-8	1.786624E-3
3.385000E-8	3.703415E-3
3.390000E-8	5.433495E-3
3.395000E-8	6.872373E-3
3.400000E-8	7.961809E-3
3.405000E-8	8.674396E-3
3.410000E-8	8.936478E-3
3.415000E-8	8.730924E-3
3.420000E-8	8.091993E-3
3.425000E-8	7.060797E-3
3.430000E-8	5.693863E-3
3.435000E-8	4.099107E-3
3.440000E-8	2.375879E-3
3.445000E-8	5.875592E-4
3.450000E-8	-1.185344E-3
3.455000E-8	-2.812647E-3
3.460000E-8	-4.194997E-3
3.465000E-8	-5.270730E-3
3.470000E-8	-5.971327E-3
3.475000E-8	-6.274519E-3
3.480000E-8	-6.173455E-3
3.485000E-8	-5.639014E-3
3.490000E-8	-4.679762E-3
3.495000E-8	-3.405327E-3
3.500000E-8	-1.906496E-3
3.505000E-8	-2.021108E-4
3.510000E-8	1.635885E-3
3.515000E-8	3.443047E-3
3.520000E-8	5.120025E-3
3.525000E-8	6.594875E-3
3.530000E-8	7.757968E-3
3.535000E-8	8.503101E-3
3.540000E-8	8.792590E-3
3.545000E-8	8.631573E-3
3.550000E-8	8.056021E-3
3.555000E-8	7.108760E-3
3.560000E-8	5.839464E-3
3.565000E-8	4.328642E-3
3.570000E-8	2.692775E-3
3.575000E-8	9.918154E-4
3.580000E-8	-7.142829E-4
3.585000E-8	-2.285058E-3
3.590000E-8	-3.578335E-3
3.595000E-8	-4.539300E-3
3.600000E-8	-5.130268E-3
3.605000E-8	-5.315267E-3
3.610000E-8	-5.113139E-3
3.615000E-8	-4.564995E-3
3.620000E-8	-3.703381E-3
3.625000E-8	-2.583111E-3
3.630000E-8	-1.262427E-3
3.635000E-8	2.158490E-4
3.640000E-8	1.769495E-3
3.645000E-8	3.295733E-3
3.650000E-8	4.717482E-3
3.655000E-8	5.954232E-3
3.660000E-8	6.932326E-3
3.665000E-8	7.608941E-3
3.670000E-8	7.985790E-3
3.675000E-8	8.032040E-3
3.680000E-8	7.704867E-3
3.685000E-8	7.069362E-3
3.690000E-8	6.183767E-3
3.695000E-8	5.018961E-3
3.700000E-8	3.590361E-3
3.705000E-8	2.041854E-3
3.710000E-8	4.813563E-4
3.715000E-8	-1.044882E-3
3.720000E-8	-2.470057E-3
3.725000E-8	-3.679399E-3
3.730000E-8	-4.626661E-3
3.735000E-8	-5.253601E-3
3.740000E-8	-5.496839E-3
3.745000E-8	-5.337535E-3
3.750000E-8	-4.818511E-3
3.755000E-8	-3.963749E-3
3.760000E-8	-2.804082E-3
3.765000E-8	-1.411454E-3
3.770000E-8	1.473310E-4
3.775000E-8	1.762643E-3
3.780000E-8	3.318002E-3
3.785000E-8	4.741463E-3
3.790000E-8	5.973074E-3
3.795000E-8	6.903206E-3
3.800000E-8	7.477044E-3
3.805000E-8	7.710005E-3
3.810000E-8	7.612367E-3
3.815000E-8	7.131028E-3
3.820000E-8	6.305386E-3
3.825000E-8	5.226228E-3
3.830000E-8	3.953506E-3
3.835000E-8	2.494073E-3
3.840000E-8	9.541305E-4
3.845000E-8	-5.395620E-4
3.850000E-8	-1.920200E-3
3.855000E-8	-3.138107E-3
3.860000E-8	-4.107637E-3
3.865000E-8	-4.779113E-3
3.870000E-8	-5.119990E-3
3.875000E-8	-5.089157E-3
3.880000E-8	-4.667772E-3
3.885000E-8	-3.903796E-3
3.890000E-8	-2.836628E-3
3.895000E-8	-1.502240E-3
3.900000E-8	-1.368629E-5
3.905000E-8	1.510839E-3
3.910000E-8	3.054207E-3
3.915000E-8	4.575307E-3
3.920000E-8	5.914834E-3
3.925000E-8	6.944317E-3
3.930000E-8	7.644913E-3
3.935000E-8	8.008059E-3
3.940000E-8	7.973800E-3
3.945000E-8	7.535285E-3
3.950000E-8	6.740476E-3
3.955000E-8	5.666456E-3
3.960000E-8	4.373179E-3
3.965000E-8	2.934301E-3
3.970000E-8	1.416627E-3
3.975000E-8	-1.250280E-4
3.980000E-8	-1.620433E-3
3.985000E-8	-2.954822E-3
3.990000E-8	-3.998008E-3
3.995000E-8	-4.714021E-3
4.000000E-8	-5.096009E-3
4.005000E-8	-5.087444E-3
4.010000E-8	-4.660920E-3
4.015000E-8	-3.910648E-3
4.020000E-8	-2.894868E-3
4.025000E-8	-1.656405E-3
4.030000E-8	-2.826195E-4
4.035000E-8	1.118574E-3
4.040000E-8	2.521480E-3
4.045000E-8	3.872997E-3
4.050000E-8	5.048081E-3
4.055000E-8	5.955945E-3
4.060000E-8	6.577746E-3
4.065000E-8	6.892928E-3
4.070000E-8	6.872373E-3
4.075000E-8	6.557190E-3
4.080000E-8	5.966222E-3
4.085000E-8	5.135442E-3
4.090000E-8	4.124801E-3
4.095000E-8	2.968560E-3
4.100000E-8	1.702690E-3
4.105000E-8	4.419584E-4
4.110000E-8	-7.211347E-4
4.115000E-8	-1.781451E-3
4.120000E-8	-2.682462E-3
4.125000E-8	-3.307689E-3
4.130000E-8	-3.658844E-3
4.135000E-8	-3.790741E-3
4.140000E-8	-3.658844E-3
4.145000E-8	-3.210051E-3
4.150000E-8	-2.492325E-3
4.155000E-8	-1.565619E-3
4.160000E-8	-4.556274E-4
4.165000E-8	7.794096E-4
4.170000E-8	2.041854E-3
4.175000E-8	3.306011E-3
4.180000E-8	4.489659E-3
4.185000E-8	5.476319E-3
4.190000E-8	6.226591E-3
4.195000E-8	6.707930E-3
4.200000E-8	6.838114E-3
4.205000E-8	6.630847E-3
4.210000E-8	6.149508E-3
4.215000E-8	5.382106E-3
4.220000E-8	4.320077E-3
4.225000E-8	3.081614E-3
4.230000E-8	1.762643E-3
4.235000E-8	3.888570E-4
4.240000E-8	-9.421052E-4
4.245000E-8	-2.117189E-3
4.250000E-8	-3.107274E-3
4.255000E-8	-3.893518E-3
4.260000E-8	-4.407403E-3
4.265000E-8	-4.604392E-3
4.270000E-8	-4.529023E-3
4.275000E-8	-4.188146E-3
4.280000E-8	-3.554354E-3
4.285000E-8	-2.668759E-3
4.290000E-8	-1.615295E-3
4.295000E-8	-4.624792E-4
4.300000E-8	7.485765E-4
4.305000E-8	1.973336E-3
4.310000E-8	3.119299E-3
4.315000E-8	4.100820E-3
4.320000E-8	4.881925E-3
4.325000E-8	5.455763E-3
4.330000E-8	5.770946E-3
4.335000E-8	5.798353E-3
4.340000E-8	5.573957E-3
4.345000E-8	5.132016E-3
4.350000E-8	4.450262E-3
4.355000E-8	3.545824E-3
4.360000E-8	2.488934E-3
4.365000E-8	1.349822E-3
4.370000E-8	1.627476E-4
4.375000E-8	-1.003771E-3
4.380000E-8	-2.064088E-3
4.385000E-8	-2.977090E-3
4.390000E-8	-3.706807E-3
4.395000E-8	-4.198423E-3
4.400000E-8	-4.386848E-3
4.405000E-8	-4.224118E-3
4.410000E-8	-3.722223E-3
4.415000E-8	-2.953109E-3
4.420000E-8	-1.983579E-3
4.425000E-8	-8.136340E-4
4.430000E-8	5.104764E-4
4.435000E-8	1.843152E-3
4.440000E-8	3.079902E-3
4.445000E-8	4.208736E-3
4.450000E-8	5.161136E-3
4.455000E-8	5.813770E-3
4.460000E-8	6.128953E-3
4.465000E-8	6.152934E-3
4.470000E-8	5.873723E-3
4.475000E-8	5.270765E-3
4.480000E-8	4.392021E-3
4.485000E-8	3.333418E-3
4.490000E-8	2.170325E-3
4.495000E-8	9.763988E-4
4.500000E-8	-1.627129E-4
4.505000E-8	-1.175066E-3
4.510000E-8	-2.052097E-3
4.515000E-8	-2.786952E-3
4.520000E-8	-3.324819E-3
4.525000E-8	-3.622872E-3
4.530000E-8	-3.691390E-3
4.535000E-8	-3.542363E-3
4.540000E-8	-3.160376E-3
4.545000E-8	-2.531723E-3
4.550000E-8	-1.712933E-3
4.555000E-8	-7.810879E-4
4.560000E-8	2.021454E-4
4.565000E-8	1.241906E-3
4.570000E-8	2.291944E-3
4.575000E-8	3.263187E-3
4.580000E-8	4.075125E-3
4.585000E-8	4.688362E-3
4.590000E-8	5.082340E-3
4.595000E-8	5.227941E-3
4.600000E-8	5.123451E-3
4.605000E-8	4.784287E-3
4.610000E-8	4.236143E-3
4.615000E-8	3.544111E-3
4.620000E-8	2.735599E-3
4.625000E-8	1.829448E-3
4.630000E-8	8.787607E-4
4.635000E-8	-3.766759E-5
4.640000E-8	-9.164110E-4
4.645000E-8	-1.726636E-3
4.650000E-8	-2.357002E-3
4.655000E-8	-2.768110E-3
4.660000E-8	-3.001071E-3
4.665000E-8	-3.057599E-3
4.670000E-8	-2.906859E-3
4.675000E-8	-2.593389E-3
4.680000E-8	-2.122328E-3
4.685000E-8	-1.471407E-3
4.690000E-8	-7.022922E-4
4.695000E-8	1.267756E-4
4.700000E-8	1.036352E-3
4.705000E-8	1.990465E-3
4.710000E-8	2.881199E-3
4.715000E-8	3.670869E-3
4.720000E-8	4.344059E-3
4.725000E-8	4.811694E-3
4.730000E-8	5.015535E-3
4.735000E-8	4.977850E-3
4.740000E-8	4.722621E-3
4.745000E-8	4.254985E-3
4.750000E-8	3.626333E-3
4.755000E-8	2.853792E-3
4.760000E-8	1.954493E-3
4.765000E-8	1.015797E-3
4.770000E-8	1.045073E-4
4.775000E-8	-7.725232E-4
4.780000E-8	-1.539925E-3
4.785000E-8	-2.067513E-3
4.790000E-8	-2.329595E-3
4.795000E-8	-2.427233E-3
4.800000E-8	-2.379270E-3
4.805000E-8	-2.124041E-3
4.810000E-8	-1.658118E-3
4.815000E-8	-1.029466E-3
4.820000E-8	-2.689159E-4
4.825000E-8	5.824203E-4
4.830000E-8	1.500562E-3
4.835000E-8	2.439258E-3
4.840000E-8	3.319715E-3
4.845000E-8	4.093968E-3
4.850000E-8	4.743176E-3
4.855000E-8	5.205673E-3
4.860000E-8	5.428356E-3
4.865000E-8	5.430069E-3
4.870000E-8	5.207385E-3
4.875000E-8	4.719195E-3
4.880000E-8	4.003182E-3
4.885000E-8	3.146707E-3
4.890000E-8	2.197732E-3
4.895000E-8	1.214499E-3
4.900000E-8	2.689505E-4
4.905000E-8	-6.149318E-4
4.910000E-8	-1.387472E-3
4.915000E-8	-1.968162E-3
4.920000E-8	-2.334734E-3
4.925000E-8	-2.512880E-3
4.930000E-8	-2.473483E-3
4.935000E-8	-2.204549E-3
4.940000E-8	-1.750618E-3
4.945000E-8	-1.133956E-3
4.950000E-8	-3.853965E-4
4.955000E-8	4.042735E-4
4.960000E-8	1.217925E-3
4.965000E-8	2.067548E-3
4.970000E-8	2.877773E-3
4.975000E-8	3.592074E-3
4.980000E-8	4.193319E-3
4.985000E-8	4.648964E-3
4.990000E-8	4.890490E-3
4.995000E-8	4.912758E-3
5.000000E-8	4.724334E-3
5.005000E-8	4.337207E-3
5.010000E-8	3.794202E-3
5.015000E-8	3.126151E-3
5.020000E-8	2.315926E-3
5.025000E-8	1.418340E-3
5.030000E-8	5.361707E-4
5.035000E-8	-2.928972E-4
5.040000E-8	-1.060299E-3
5.045000E-8	-1.692377E-3
5.050000E-8	-2.134318E-3
5.055000E-8	-2.374131E-3
5.060000E-8	-2.392974E-3
5.065000E-8	-2.190846E-3
5.070000E-8	-1.800293E-3
5.075000E-8	-1.233307E-3
5.080000E-8	-5.275713E-4
5.085000E-8	2.295526E-4
5.090000E-8	9.678341E-4
5.095000E-8	1.678708E-3
5.100000E-8	2.303935E-3
5.105000E-8	2.776709E-3
5.110000E-8	3.146707E-3
5.115000E-8	3.443047E-3
5.120000E-8	3.590361E-3
5.125000E-8	3.586935E-3
5.130000E-8	3.511565E-3
5.135000E-8	3.323140E-3
5.140000E-8	2.970273E-3
5.145000E-8	2.530045E-3
5.150000E-8	2.072687E-3
5.155000E-8	1.567367E-3
5.160000E-8	1.003806E-3
5.165000E-8	4.436714E-4
5.170000E-8	-6.678774E-5
5.175000E-8	-5.190066E-4
5.180000E-8	-9.027074E-4
5.185000E-8	-1.187057E-3
5.190000E-8	-1.289834E-3
5.195000E-8	-1.195622E-3
5.200000E-8	-9.952067E-4
5.205000E-8	-7.331253E-4
5.210000E-8	-3.597022E-4
5.215000E-8	1.456181E-4
5.220000E-8	6.903362E-4
5.225000E-8	1.291582E-3
5.230000E-8	1.966484E-3
5.235000E-8	2.607127E-3
5.240000E-8	3.102170E-3
5.245000E-8	3.475593E-3
5.250000E-8	3.725684E-3
5.255000E-8	3.821609E-3
5.260000E-8	3.746239E-3
5.265000E-8	3.538972E-3
5.270000E-8	3.211799E-3
5.275000E-8	2.754441E-3
5.280000E-8	2.175464E-3
5.285000E-8	1.512552E-3
5.290000E-8	8.085297E-4
5.295000E-8	1.199238E-4
5.300000E-8	-5.070159E-4
5.305000E-8	-1.024327E-3
5.310000E-8	-1.394324E-3
5.315000E-8	-1.632424E-3
5.320000E-8	-1.736914E-3
5.325000E-8	-1.699229E-3
5.330000E-8	-1.524508E-3
5.335000E-8	-1.250436E-3
5.340000E-8	-8.838649E-4
5.345000E-8	-4.042389E-4
5.350000E-8	1.695994E-4
5.355000E-8	7.982520E-4
5.360000E-8	1.466303E-3
5.365000E-8	2.165186E-3
5.370000E-8	2.819533E-3
5.375000E-8	3.347122E-3
5.380000E-8	3.742813E-3
5.385000E-8	4.001469E-3
5.390000E-8	4.088829E-3
5.395000E-8	4.003182E-3
5.400000E-8	3.775359E-3
5.405000E-8	3.422492E-3
5.410000E-8	2.966847E-3
5.415000E-8	2.413564E-3
5.420000E-8	1.742088E-3
5.425000E-8	9.901024E-4
5.430000E-8	2.586728E-4
5.435000E-8	-3.785447E-4
5.440000E-8	-9.027074E-4
5.445000E-8	-1.272705E-3
5.450000E-8	-1.449138E-3
5.455000E-8	-1.432009E-3
5.460000E-8	-1.224742E-3
5.465000E-8	-8.359023E-4
5.470000E-8	-3.220173E-4
5.475000E-8	2.689505E-4
5.480000E-8	9.113067E-4
5.485000E-8	1.575931E-3
5.490000E-8	2.218288E-3
5.495000E-8	2.802404E-3
5.500000E-8	3.283743E-3
5.505000E-8	3.629758E-3
5.510000E-8	3.847303E-3
5.515000E-8	3.956932E-3
5.520000E-8	3.943228E-3
5.525000E-8	3.797628E-3
5.530000E-8	3.540685E-3
5.535000E-8	3.180966E-3
5.540000E-8	2.737311E-3
5.545000E-8	2.240556E-3
5.550000E-8	1.723245E-3
5.555000E-8	1.185379E-3
5.560000E-8	6.629290E-4
5.565000E-8	1.987195E-4
5.570000E-8	-2.123885E-4
5.575000E-8	-5.789598E-4
5.580000E-8	-8.667354E-4
5.585000E-8	-1.022614E-3
5.590000E-8	-1.063725E-3
5.595000E-8	-1.031179E-3
5.600000E-8	-9.112721E-4
5.605000E-8	-6.594685E-4
5.610000E-8	-2.791936E-4
5.615000E-8	1.987195E-4
5.620000E-8	7.657060E-4
5.625000E-8	1.408062E-3
5.630000E-8	2.053844E-3
5.635000E-8	2.629396E-3
5.640000E-8	3.115873E-3
5.645000E-8	3.518417E-3
5.650000E-8	3.783924E-3
5.655000E-8	3.867859E-3
5.660000E-8	3.785637E-3
5.665000E-8	3.573231E-3
5.670000E-8	3.251197E-3
5.675000E-8	2.817820E-3
5.680000E-8	2.273102E-3
5.685000E-8	1.646162E-3
5.690000E-8	9.815377E-4
5.695000E-8	3.391814E-4
5.700000E-8	-2.192403E-4
5.705000E-8	-6.680332E-4
5.710000E-8	-9.952067E-4
5.715000E-8	-1.187057E-3
5.720000E-8	-1.231594E-3
5.725000E-8	-1.123678E-3
5.730000E-8	-8.821520E-4
5.735000E-8	-5.566915E-4
5.740000E-8	-1.729906E-4
5.745000E-8	2.603857E-4
5.750000E-8	7.228822E-4
5.755000E-8	1.195656E-3
5.760000E-8	1.685560E-3
5.765000E-8	2.184029E-3
5.770000E-8	2.627683E-3
5.775000E-8	2.961708E-3
5.780000E-8	3.192956E-3
5.785000E-8	3.335131E-3
5.790000E-8	3.364251E-3
5.795000E-8	3.237493E-3
5.800000E-8	2.978837E-3
5.805000E-8	2.627683E-3
5.810000E-8	2.209723E-3
5.815000E-8	1.743800E-3
5.820000E-8	1.231628E-3
5.825000E-8	7.314470E-4
5.830000E-8	2.980706E-4
5.835000E-8	-5.651004E-5
5.840000E-8	-3.305821E-4
5.845000E-8	-4.693310E-4
5.850000E-8	-4.504886E-4
5.855000E-8	-2.963231E-4
5.860000E-8	-5.479709E-5
5.865000E-8	2.535339E-4
5.870000E-8	6.081146E-4
5.875000E-8	9.883895E-4
5.880000E-8	1.375516E-3
5.885000E-8	1.784911E-3
5.890000E-8	2.199445E-3
5.895000E-8	2.557452E-3
5.900000E-8	2.819533E-3
5.905000E-8	3.004532E-3
5.910000E-8	3.121012E-3
5.915000E-8	3.129577E-3
5.920000E-8	3.023374E-3
5.925000E-8	2.810968E-3
5.930000E-8	2.500924E-3
5.935000E-8	2.112085E-3
5.940000E-8	1.711254E-3
5.945000E-8	1.313850E-3
5.950000E-8	8.924643E-4
5.955000E-8	4.351066E-4
5.960000E-8	-1.197334E-5
5.965000E-8	-3.991001E-4
5.970000E-8	-6.748850E-4
5.975000E-8	-8.530318E-4
5.980000E-8	-9.352534E-4
5.985000E-8	-9.009944E-4
5.990000E-8	-7.365512E-4
5.995000E-8	-4.761828E-4
6.000000E-8	-1.729906E-4
6.005000E-8	1.764512E-4
6.010000E-8	5.618649E-4
6.015000E-8	9.250103E-4
6.020000E-8	1.221351E-3
6.025000E-8	1.478293E-3
6.030000E-8	1.724958E-3
6.035000E-8	1.918521E-3
6.040000E-8	2.043567E-3
6.045000E-8	2.137779E-3
6.050000E-8	2.163473E-3
6.055000E-8	2.106946E-3
6.060000E-8	2.021298E-3
6.065000E-8	1.945929E-3
6.070000E-8	1.829448E-3
6.075000E-8	1.666718E-3
6.080000E-8	1.488571E-3
6.085000E-8	1.293295E-3
6.090000E-8	1.063759E-3
6.095000E-8	8.016779E-4
6.100000E-8	5.104764E-4
6.105000E-8	2.021454E-4
6.110000E-8	-5.993594E-5
6.115000E-8	-2.500734E-4
6.120000E-8	-3.545634E-4
6.125000E-8	-3.562763E-4
6.130000E-8	-2.637770E-4
6.135000E-8	-1.250280E-4
6.140000E-8	5.654466E-5
6.145000E-8	3.408944E-4
6.150000E-8	7.040398E-4
6.155000E-8	1.103157E-3
6.160000E-8	1.505700E-3
6.165000E-8	1.872272E-3
6.170000E-8	2.172038E-3
6.175000E-8	2.379305E-3
6.180000E-8	2.494073E-3
6.185000E-8	2.512915E-3
6.190000E-8	2.434119E-3
6.195000E-8	2.264537E-3
6.200000E-8	2.012734E-3
6.205000E-8	1.718106E-3
6.210000E-8	1.396072E-3
6.215000E-8	1.058620E-3
6.220000E-8	7.348729E-4
6.225000E-8	4.402455E-4
6.230000E-8	1.610346E-4
6.235000E-8	-7.706544E-5
6.240000E-8	-2.295180E-4
6.245000E-8	-2.877583E-4
6.250000E-8	-2.911842E-4
6.255000E-8	-2.363698E-4
6.260000E-8	-1.078985E-4
6.265000E-8	7.196121E-5
6.270000E-8	2.775152E-4
6.275000E-8	4.933469E-4
6.280000E-8	6.954750E-4
6.285000E-8	9.044549E-4
6.290000E-8	1.164823E-3
6.295000E-8	1.445747E-3
6.300000E-8	1.688986E-3
6.305000E-8	1.885975E-3
6.310000E-8	2.035002E-3
6.315000E-8	2.079539E-3
6.320000E-8	2.004169E-3
6.325000E-8	1.875698E-3
6.330000E-8	1.704403E-3
6.335000E-8	1.456025E-3
6.340000E-8	1.173388E-3
6.345000E-8	9.027420E-4
6.350000E-8	6.423736E-4
6.355000E-8	4.162642E-4
6.360000E-8	2.329785E-4
6.365000E-8	1.010814E-4
6.370000E-8	3.085041E-5
6.375000E-8	4.626696E-5
6.380000E-8	1.079332E-4
6.385000E-8	1.918677E-4
6.390000E-8	3.323296E-4
6.395000E-8	5.173282E-4
6.400000E-8	6.886232E-4
6.405000E-8	8.650571E-4
6.410000E-8	1.082602E-3
6.415000E-8	1.300146E-3
6.420000E-8	1.478293E-3
6.425000E-8	1.670144E-3
6.430000E-8	1.880836E-3
6.435000E-8	2.048706E-3
6.440000E-8	2.160047E-3
6.445000E-8	2.259398E-3
6.450000E-8	2.314213E-3
6.455000E-8	2.278241E-3
6.460000E-8	2.130927E-3
6.465000E-8	1.875698E-3
6.470000E-8	1.515978E-3
6.475000E-8	1.075750E-3
6.480000E-8	5.978369E-4
6.485000E-8	1.421922E-4
6.490000E-8	-2.380827E-4
6.495000E-8	-5.104418E-4
6.500000E-8	-7.142829E-4
6.505000E-8	-8.393282E-4
6.510000E-8	-8.239117E-4
6.515000E-8	-6.560426E-4
6.520000E-8	-4.196555E-4
6.525000E-8	-1.387316E-4
6.530000E-8	1.987195E-4
6.535000E-8	5.464484E-4
6.540000E-8	8.530664E-4
6.545000E-8	1.128851E-3
6.550000E-8	1.397785E-3
6.555000E-8	1.611903E-3
6.560000E-8	1.774634E-3
6.565000E-8	1.897966E-3
6.570000E-8	1.981901E-3
6.575000E-8	2.040141E-3
6.580000E-8	2.096668E-3
6.585000E-8	2.113798E-3
6.590000E-8	2.053844E-3
6.595000E-8	1.959632E-3
6.600000E-8	1.824309E-3
6.605000E-8	1.646162E-3
6.610000E-8	1.442321E-3
6.615000E-8	1.221351E-3
6.620000E-8	9.678341E-4
6.625000E-8	7.228822E-4
6.630000E-8	5.190412E-4
6.635000E-8	3.271908E-4
6.640000E-8	1.541828E-4
6.645000E-8	5.140581E-5
6.650000E-8	8.582058E-6
6.655000E-8	-1.711219E-5
6.660000E-8	2.228566E-5
6.665000E-8	1.661735E-4
6.670000E-8	3.460332E-4
6.675000E-8	5.515872E-4
6.680000E-8	7.965391E-4
6.685000E-8	1.051769E-3
6.690000E-8	1.253897E-3
6.695000E-8	1.409775E-3
6.700000E-8	1.555376E-3
6.705000E-8	1.687273E-3
6.710000E-8	1.803754E-3
6.715000E-8	1.877411E-3
6.720000E-8	1.865420E-3
6.725000E-8	1.791763E-3
6.730000E-8	1.687273E-3
6.735000E-8	1.533108E-3
6.740000E-8	1.324128E-3
6.745000E-8	1.101444E-3
6.750000E-8	8.821866E-4
6.755000E-8	6.543642E-4
6.760000E-8	4.470973E-4
6.765000E-8	2.895059E-4
6.770000E-8	1.678864E-4
6.775000E-8	6.682236E-5
6.780000E-8	3.598926E-5
6.785000E-8	8.737776E-5
6.790000E-8	2.038584E-4
6.795000E-8	3.905699E-4
6.800000E-8	6.492254E-4
6.805000E-8	9.507046E-4
6.810000E-8	1.253897E-3
6.815000E-8	1.546811E-3
6.820000E-8	1.826022E-3
6.825000E-8	2.057270E-3
6.830000E-8	2.226852E-3
6.835000E-8	2.362175E-3
6.840000E-8	2.452962E-3
6.845000E-8	2.452962E-3
6.850000E-8	2.334768E-3
6.855000E-8	2.117224E-3
6.860000E-8	1.834587E-3
6.865000E-8	1.507413E-3
6.870000E-8	1.176814E-3
6.875000E-8	8.736218E-4
6.880000E-8	6.098275E-4
6.885000E-8	3.957088E-4
6.890000E-8	2.552469E-4
6.895000E-8	1.970066E-4
6.900000E-8	2.329785E-4
6.905000E-8	3.408944E-4
6.910000E-8	4.830692E-4
6.915000E-8	6.303829E-4
6.920000E-8	7.691319E-4
6.925000E-8	9.044549E-4
6.930000E-8	1.048343E-3
6.935000E-8	1.199082E-3
6.940000E-8	1.346396E-3
6.945000E-8	1.473154E-3
6.950000E-8	1.598200E-3
6.955000E-8	1.702690E-3
6.960000E-8	1.747226E-3
6.965000E-8	1.764356E-3
6.970000E-8	1.800328E-3
6.975000E-8	1.834587E-3
6.980000E-8	1.832874E-3
6.985000E-8	1.810606E-3
6.990000E-8	1.747226E-3
6.995000E-8	1.606764E-3
7.000000E-8	1.440608E-3
7.005000E-8	1.317276E-3
7.010000E-8	1.183666E-3
7.015000E-8	9.986672E-4
7.020000E-8	8.307981E-4
7.025000E-8	6.954750E-4
7.030000E-8	5.293189E-4
7.035000E-8	3.545980E-4
7.040000E-8	2.381174E-4
7.045000E-8	1.678864E-4
7.050000E-8	1.130720E-4
7.055000E-8	1.045073E-4
7.060000E-8	1.507569E-4
7.065000E-8	2.432562E-4
7.070000E-8	3.957088E-4
7.075000E-8	5.755685E-4
7.080000E-8	7.485765E-4
7.085000E-8	9.318621E-4
7.090000E-8	1.137416E-3
7.095000E-8	1.301859E-3
7.100000E-8	1.390933E-3
7.105000E-8	1.428618E-3
7.110000E-8	1.452599E-3
7.115000E-8	1.426905E-3
7.120000E-8	1.312137E-3
7.125000E-8	1.145981E-3
7.130000E-8	9.781118E-4
7.135000E-8	7.845484E-4
7.140000E-8	5.704297E-4
7.145000E-8	3.631627E-4
7.150000E-8	1.952936E-4
7.155000E-8	5.311876E-5
7.160000E-8	-4.280644E-5
7.165000E-8	-4.280644E-5
7.170000E-8	2.913746E-5
7.175000E-8	1.233497E-4
7.180000E-8	2.432562E-4
7.185000E-8	4.179771E-4
7.190000E-8	6.252441E-4
7.195000E-8	8.205204E-4
7.200000E-8	9.969542E-4
7.205000E-8	1.163110E-3
7.210000E-8	1.295008E-3
7.215000E-8	1.370377E-3
7.220000E-8	1.389220E-3
7.225000E-8	1.370377E-3
7.230000E-8	1.332692E-3
7.235000E-8	1.262461E-3
7.240000E-8	1.166536E-3
7.245000E-8	1.074037E-3
7.250000E-8	9.952413E-4
7.255000E-8	9.010290E-4
7.260000E-8	7.965391E-4
7.265000E-8	6.954750E-4
7.270000E-8	5.875592E-4
7.275000E-8	4.864951E-4
7.280000E-8	4.076994E-4
7.285000E-8	3.460332E-4
7.290000E-8	2.895059E-4
7.295000E-8	2.209879E-4
7.300000E-8	1.764512E-4
7.305000E-8	1.678864E-4
7.310000E-8	1.901548E-4
7.315000E-8	2.415433E-4
7.320000E-8	3.391814E-4
7.325000E-8	4.950599E-4
7.330000E-8	6.903362E-4
7.335000E-8	8.667700E-4
7.340000E-8	1.032926E-3
7.345000E-8	1.199082E-3
7.350000E-8	1.356674E-3
7.355000E-8	1.469728E-3
7.360000E-8	1.515978E-3
7.365000E-8	1.519404E-3
7.370000E-8	1.473154E-3
7.375000E-8	1.339544E-3
7.380000E-8	1.140842E-3
7.385000E-8	9.198715E-4
7.390000E-8	7.143175E-4
7.395000E-8	5.121894E-4
7.400000E-8	2.946447E-4
7.405000E-8	9.936841E-5
7.410000E-8	-3.938054E-5
7.415000E-8	-1.113244E-4
7.420000E-8	-1.335928E-4
7.425000E-8	-1.113244E-4
7.430000E-8	-2.910284E-5
7.435000E-8	8.909071E-5
7.440000E-8	2.278397E-4
7.445000E-8	3.768663E-4
7.450000E-8	5.139023E-4
7.455000E-8	6.064016E-4
7.460000E-8	6.492254E-4
7.465000E-8	6.697808E-4
7.470000E-8	6.800585E-4
7.475000E-8	6.629290E-4
7.480000E-8	6.218182E-4
7.485000E-8	5.789944E-4
7.490000E-8	5.361707E-4
7.495000E-8	5.087635E-4
7.500000E-8	4.950599E-4
7.505000E-8	5.173282E-4
7.510000E-8	6.098275E-4
7.515000E-8	7.571412E-4
7.520000E-8	9.130197E-4
7.525000E-8	1.086028E-3
7.530000E-8	1.296720E-3
7.535000E-8	1.469728E-3
7.540000E-8	1.539959E-3
7.545000E-8	1.545098E-3
7.550000E-8	1.534821E-3
7.555000E-8	1.488571E-3
7.560000E-8	1.420053E-3
7.565000E-8	1.370377E-3
7.570000E-8	1.329267E-3
7.575000E-8	1.260749E-3
7.580000E-8	1.193943E-3
7.585000E-8	1.139129E-3
7.590000E-8	1.087741E-3
7.595000E-8	1.060333E-3
7.600000E-8	1.091166E-3
7.605000E-8	1.156259E-3
7.610000E-8	1.235054E-3
7.615000E-8	1.327554E-3
7.620000E-8	1.409775E-3
7.625000E-8	1.476580E-3
7.630000E-8	1.560515E-3
7.635000E-8	1.647875E-3
7.640000E-8	1.683847E-3
7.645000E-8	1.675282E-3
7.650000E-8	1.642736E-3
7.655000E-8	1.569080E-3
7.660000E-8	1.447460E-3
7.665000E-8	1.295008E-3
7.670000E-8	1.106583E-3
7.675000E-8	8.821866E-4
7.680000E-8	6.389477E-4
7.685000E-8	3.820052E-4
7.690000E-8	1.627476E-4
7.695000E-8	4.284106E-5
7.700000E-8	-1.539924E-5
7.705000E-8	-2.910284E-5
7.710000E-8	5.997056E-5
7.715000E-8	2.466821E-4
7.720000E-8	4.522361E-4
7.725000E-8	6.800585E-4
7.730000E-8	9.798247E-4
7.735000E-8	1.272739E-3
7.740000E-8	1.491997E-3
7.745000E-8	1.654727E-3
7.750000E-8	1.778059E-3
7.755000E-8	1.805467E-3
7.760000E-8	1.754078E-3
7.765000E-8	1.675282E-3
7.770000E-8	1.581070E-3
7.775000E-8	1.457738E-3
7.780000E-8	1.300146E-3
7.785000E-8	1.122000E-3
7.790000E-8	9.558434E-4
7.795000E-8	8.068168E-4
7.800000E-8	6.509383E-4
7.805000E-8	4.830692E-4
7.810000E-8	3.563109E-4
7.815000E-8	2.843670E-4
7.820000E-8	2.449692E-4
7.825000E-8	2.364044E-4
7.830000E-8	2.689505E-4
7.835000E-8	3.117742E-4
7.840000E-8	3.700145E-4
7.845000E-8	4.830692E-4
7.850000E-8	6.320959E-4
7.855000E-8	7.828355E-4
7.860000E-8	9.455657E-4
7.865000E-8	1.135703E-3
7.870000E-8	1.300146E-3
7.875000E-8	1.392646E-3
7.880000E-8	1.430331E-3
7.885000E-8	1.450886E-3
7.890000E-8	1.438895E-3
7.895000E-8	1.399498E-3
7.900000E-8	1.351535E-3
7.905000E-8	1.291582E-3
7.910000E-8	1.176814E-3
7.915000E-8	9.866765E-4
7.920000E-8	7.468635E-4
7.925000E-8	5.413095E-4
7.930000E-8	4.076994E-4
7.935000E-8	3.100613E-4
7.940000E-8	2.278397E-4
7.945000E-8	1.935807E-4
7.950000E-8	1.884418E-4
7.955000E-8	1.558958E-4
7.960000E-8	1.199238E-4
7.965000E-8	1.267756E-4
7.970000E-8	1.695994E-4
7.975000E-8	2.381174E-4
7.980000E-8	3.528850E-4
7.985000E-8	5.036246E-4
7.990000E-8	6.646419E-4
7.995000E-8	8.205204E-4
8.000000E-8	9.507046E-4
8.005000E-8	1.029500E-3
8.010000E-8	1.056907E-3
8.015000E-8	1.039778E-3
8.020000E-8	9.815377E-4
8.025000E-8	9.010290E-4
8.030000E-8	8.016779E-4
8.035000E-8	6.886232E-4
8.040000E-8	5.926980E-4
8.045000E-8	5.344577E-4
8.050000E-8	4.967728E-4
8.055000E-8	4.830692E-4
8.060000E-8	4.950599E-4
8.065000E-8	5.293189E-4
8.070000E-8	5.909851E-4
8.075000E-8	6.989009E-4
8.080000E-8	8.325110E-4
8.085000E-8	9.712600E-4
8.090000E-8	1.122000E-3
8.095000E-8	1.250471E-3
8.100000E-8	1.324128E-3
8.105000E-8	1.346396E-3
8.110000E-8	1.315563E-3
8.115000E-8	1.229915E-3
8.120000E-8	1.127138E-3
8.125000E-8	1.065472E-3
8.130000E-8	1.031213E-3
8.135000E-8	9.746859E-4
8.140000E-8	9.078808E-4
8.145000E-8	8.496405E-4
8.150000E-8	7.999650E-4
8.155000E-8	7.742707E-4
8.160000E-8	7.708448E-4
8.165000E-8	7.742707E-4
8.170000E-8	7.776966E-4
8.175000E-8	7.896873E-4
8.180000E-8	8.307981E-4
8.185000E-8	8.924643E-4
8.190000E-8	9.455657E-4
8.195000E-8	9.815377E-4
8.200000E-8	1.003806E-3
8.205000E-8	1.012371E-3
8.210000E-8	9.883895E-4
8.215000E-8	9.301492E-4
8.220000E-8	8.650571E-4
8.225000E-8	8.307981E-4
8.230000E-8	8.033909E-4
8.235000E-8	7.382988E-4
8.240000E-8	6.355218E-4
8.245000E-8	5.276059E-4
8.250000E-8	4.299678E-4
8.255000E-8	3.426073E-4
8.260000E-8	2.723764E-4
8.265000E-8	2.432562E-4
8.270000E-8	2.466821E-4
8.275000E-8	2.895059E-4
8.280000E-8	3.717275E-4
8.285000E-8	4.899210E-4
8.290000E-8	6.286700E-4
8.295000E-8	7.742707E-4
8.300000E-8	9.215844E-4
8.305000E-8	1.094592E-3
8.310000E-8	1.271026E-3
8.315000E-8	1.392646E-3
8.320000E-8	1.423479E-3
8.325000E-8	1.406349E-3
8.330000E-8	1.370377E-3
8.335000E-8	1.276165E-3
8.340000E-8	1.133990E-3
8.345000E-8	9.901024E-4
8.350000E-8	8.667700E-4
8.355000E-8	7.331599E-4
8.360000E-8	5.995498E-4
8.365000E-8	5.070505E-4
8.370000E-8	4.642268E-4
8.375000E-8	4.710786E-4
8.380000E-8	5.224671E-4
8.385000E-8	5.995498E-4
8.390000E-8	6.954750E-4
8.395000E-8	8.239463E-4
8.400000E-8	9.541305E-4
8.405000E-8	1.039778E-3
8.410000E-8	1.099731E-3
8.415000E-8	1.145981E-3
8.420000E-8	1.159684E-3
8.425000E-8	1.157972E-3
8.430000E-8	1.178527E-3
8.435000E-8	1.180240E-3
8.440000E-8	1.115148E-3
8.445000E-8	1.022648E-3
8.450000E-8	9.626952E-4
8.455000E-8	9.198715E-4
8.460000E-8	8.821866E-4
8.465000E-8	8.856125E-4
8.470000E-8	9.232974E-4
8.475000E-8	9.507046E-4
8.480000E-8	9.489916E-4
8.485000E-8	9.250103E-4
8.490000E-8	8.958902E-4
8.495000E-8	8.650571E-4
8.500000E-8	8.393628E-4
8.505000E-8	8.188074E-4
8.510000E-8	8.068168E-4
8.515000E-8	8.016779E-4
8.520000E-8	7.948261E-4
8.525000E-8	7.811225E-4
8.530000E-8	7.708448E-4
8.535000E-8	7.639930E-4
8.540000E-8	7.520024E-4
8.545000E-8	7.468635E-4
8.550000E-8	7.794096E-4
8.555000E-8	8.307981E-4
8.560000E-8	8.838995E-4
8.565000E-8	9.507046E-4
8.570000E-8	1.034639E-3
8.575000E-8	1.110009E-3
8.580000E-8	1.164823E-3
8.585000E-8	1.166536E-3
8.590000E-8	1.115148E-3
8.595000E-8	1.024361E-3
8.600000E-8	8.890384E-4
8.605000E-8	7.245952E-4
8.610000E-8	6.012628E-4
8.615000E-8	5.241800E-4
8.620000E-8	4.076994E-4
8.625000E-8	2.895059E-4
8.630000E-8	2.364044E-4
8.635000E-8	1.970066E-4
8.640000E-8	1.336274E-4
8.645000E-8	1.421922E-4
8.650000E-8	2.209879E-4
8.655000E-8	2.946447E-4
8.660000E-8	3.734404E-4
8.665000E-8	5.001987E-4
8.670000E-8	6.081146E-4
8.675000E-8	6.697808E-4
8.680000E-8	7.108916E-4
8.685000E-8	7.263081E-4
8.690000E-8	7.177434E-4
8.695000E-8	7.365858E-4
8.700000E-8	7.605671E-4
8.705000E-8	7.537153E-4
8.710000E-8	7.382988E-4
8.715000E-8	7.468635E-4
8.720000E-8	7.382988E-4
8.725000E-8	7.348729E-4
8.730000E-8	7.914002E-4
8.735000E-8	8.479276E-4
8.740000E-8	8.427887E-4
8.745000E-8	8.256592E-4
8.750000E-8	8.427887E-4
8.755000E-8	8.667700E-4
8.760000E-8	8.873254E-4
8.765000E-8	9.421398E-4
8.770000E-8	1.015797E-3
8.775000E-8	1.062046E-3
8.780000E-8	1.086028E-3
8.785000E-8	1.140842E-3
8.790000E-8	1.204221E-3
8.795000E-8	1.238480E-3
8.800000E-8	1.243619E-3
8.805000E-8	1.228202E-3
8.810000E-8	1.161397E-3
8.815000E-8	1.024361E-3
8.820000E-8	8.342240E-4
8.825000E-8	6.389477E-4
8.830000E-8	4.625138E-4
8.835000E-8	3.049224E-4
8.840000E-8	1.661735E-4
8.845000E-8	6.168351E-5
8.850000E-8	-8.547443E-6
8.855000E-8	-4.623234E-5
8.860000E-8	-4.280644E-5
8.865000E-8	1.730258E-6
8.870000E-8	8.223891E-5
8.875000E-8	1.970066E-4
8.880000E-8	3.494591E-4
8.885000E-8	5.070505E-4
8.890000E-8	6.492254E-4
8.895000E-8	7.811225E-4
8.900000E-8	8.787607E-4
8.905000E-8	9.335751E-4
8.910000E-8	9.815377E-4
8.915000E-8	1.038065E-3
8.920000E-8	1.063759E-3
8.925000E-8	1.053482E-3
8.930000E-8	1.050056E-3
8.935000E-8	1.067185E-3
8.940000E-8	1.084315E-3
8.945000E-8	1.101444E-3
8.950000E-8	1.104870E-3
8.955000E-8	1.062046E-3
8.960000E-8	9.575564E-4
8.965000E-8	8.359369E-4
8.970000E-8	7.263081E-4
8.975000E-8	6.115405E-4
8.980000E-8	5.156153E-4
8.985000E-8	4.813563E-4
8.990000E-8	5.070505E-4
8.995000E-8	5.567261E-4
9.000000E-8	6.235311E-4
9.005000E-8	7.108916E-4
9.010000E-8	7.862614E-4
9.015000E-8	8.445017E-4
9.020000E-8	9.130197E-4
9.025000E-8	9.661211E-4
9.030000E-8	9.969542E-4
9.035000E-8	1.000380E-3
9.040000E-8	9.678341E-4
9.045000E-8	8.838995E-4
9.050000E-8	7.657060E-4
9.055000E-8	6.543642E-4
9.060000E-8	5.464484E-4
9.065000E-8	5.001987E-4
9.070000E-8	5.670038E-4
9.075000E-8	6.834844E-4
9.080000E-8	7.657060E-4
9.085000E-8	8.462146E-4
9.090000E-8	9.678341E-4
9.095000E-8	1.086028E-3
9.100000E-8	1.187092E-3
9.105000E-8	1.276165E-3
9.110000E-8	1.318989E-3
9.115000E-8	1.289869E-3
9.120000E-8	1.204221E-3
9.125000E-8	1.123713E-3
9.130000E-8	1.068898E-3
9.135000E-8	1.010658E-3
9.140000E-8	9.250103E-4
9.145000E-8	8.650571E-4
9.150000E-8	8.770477E-4
9.155000E-8	9.318621E-4
9.160000E-8	9.746859E-4
9.165000E-8	1.062046E-3
9.170000E-8	1.202508E-3
9.175000E-8	1.295008E-3
9.180000E-8	1.306998E-3
9.185000E-8	1.318989E-3
9.190000E-8	1.341257E-3
9.195000E-8	1.312137E-3
9.200000E-8	1.250471E-3
9.205000E-8	1.217925E-3
9.210000E-8	1.192231E-3
9.215000E-8	1.128851E-3
9.220000E-8	1.050056E-3
9.225000E-8	9.832506E-4
9.230000E-8	9.181585E-4
9.235000E-8	8.582053E-4
9.240000E-8	8.393628E-4
9.245000E-8	8.599182E-4
9.250000E-8	8.890384E-4
9.255000E-8	8.856125E-4
9.260000E-8	8.513535E-4
9.265000E-8	8.239463E-4
9.270000E-8	8.016779E-4
9.275000E-8	7.639930E-4
9.280000E-8	7.297340E-4
9.285000E-8	7.382988E-4
9.290000E-8	7.845484E-4
9.295000E-8	8.290851E-4
9.300000E-8	8.804736E-4
9.305000E-8	9.472787E-4
9.310000E-8	9.883895E-4
9.315000E-8	9.849636E-4
9.320000E-8	9.472787E-4
9.325000E-8	9.027420E-4
9.330000E-8	8.701959E-4
9.335000E-8	8.564923E-4
9.340000E-8	8.667700E-4
9.345000E-8	8.976031E-4
9.350000E-8	9.387139E-4
9.355000E-8	9.695470E-4
9.360000E-8	9.729729E-4
9.365000E-8	9.918154E-4
9.370000E-8	1.039778E-3
9.375000E-8	1.067185E-3
9.380000E-8	1.043204E-3
9.385000E-8	1.012371E-3
9.390000E-8	1.000380E-3
9.395000E-8	9.798247E-4
9.400000E-8	9.181585E-4
9.405000E-8	8.325110E-4
9.410000E-8	7.417247E-4
9.415000E-8	6.286700E-4
9.420000E-8	5.276059E-4
9.425000E-8	4.779304E-4
9.430000E-8	4.676527E-4
9.435000E-8	4.333937E-4
9.440000E-8	3.717275E-4
9.445000E-8	3.340426E-4
9.450000E-8	3.443203E-4
9.455000E-8	3.494591E-4
9.460000E-8	3.597368E-4
9.465000E-8	4.145512E-4
9.470000E-8	4.745045E-4
9.475000E-8	4.933469E-4
9.480000E-8	5.327448E-4
9.485000E-8	6.372347E-4
9.490000E-8	7.485765E-4
9.495000E-8	8.393628E-4
9.500000E-8	9.267233E-4
9.505000E-8	1.005519E-3
9.510000E-8	1.060333E-3
9.515000E-8	1.115148E-3
9.520000E-8	1.135703E-3
9.525000E-8	1.103157E-3
9.530000E-8	1.091166E-3
9.535000E-8	1.110009E-3
9.540000E-8	1.115148E-3
9.545000E-8	1.086028E-3
9.550000E-8	1.084315E-3
9.555000E-8	1.075750E-3
9.560000E-8	1.041491E-3
9.565000E-8	1.038065E-3
9.570000E-8	1.065472E-3
9.575000E-8	1.092879E-3
9.580000E-8	1.104870E-3
9.585000E-8	1.101444E-3
9.590000E-8	1.029500E-3
9.595000E-8	9.010290E-4
9.600000E-8	7.845484E-4
9.605000E-8	6.749196E-4
9.610000E-8	5.550131E-4
9.615000E-8	4.453843E-4
9.620000E-8	3.734404E-4
9.625000E-8	3.597368E-4
9.630000E-8	4.231160E-4
9.635000E-8	5.413095E-4
9.640000E-8	6.560772E-4
9.645000E-8	7.759837E-4
9.650000E-8	9.370010E-4
9.655000E-8	1.092879E-3
9.660000E-8	1.180240E-3
9.665000E-8	1.207647E-3
9.670000E-8	1.180240E-3
9.675000E-8	1.080889E-3
9.680000E-8	9.695470E-4
9.685000E-8	9.027420E-4
9.690000E-8	8.616312E-4
9.695000E-8	8.033909E-4
9.700000E-8	7.639930E-4
9.705000E-8	7.571412E-4
9.710000E-8	7.417247E-4
9.715000E-8	7.057527E-4
9.720000E-8	6.851973E-4
9.725000E-8	7.074657E-4
9.730000E-8	7.725578E-4
9.735000E-8	8.410758E-4
9.740000E-8	8.890384E-4
9.745000E-8	9.250103E-4
9.750000E-8	9.678341E-4
9.755000E-8	9.798247E-4
9.760000E-8	9.352880E-4
9.765000E-8	8.701959E-4
9.770000E-8	8.170945E-4
9.775000E-8	7.639930E-4
9.780000E-8	6.886232E-4
9.785000E-8	5.995498E-4
9.790000E-8	5.310318E-4
9.795000E-8	4.830692E-4
9.800000E-8	4.265419E-4
9.805000E-8	3.922829E-4
9.810000E-8	3.957088E-4
9.815000E-8	4.299678E-4
9.820000E-8	4.659397E-4
9.825000E-8	5.344577E-4
9.830000E-8	6.286700E-4
9.835000E-8	7.160304E-4
9.840000E-8	7.776966E-4
9.845000E-8	8.513535E-4
9.850000E-8	9.507046E-4
9.855000E-8	1.036352E-3
9.860000E-8	1.101444E-3
9.865000E-8	1.164823E-3
9.870000E-8	1.219638E-3
9.875000E-8	1.231628E-3
9.880000E-8	1.202508E-3
9.885000E-8	1.154546E-3
9.890000E-8	1.108296E-3
9.895000E-8	1.050056E-3
9.900000E-8	9.695470E-4
9.905000E-8	8.719089E-4
9.910000E-8	7.948261E-4
9.915000E-8	7.537153E-4
9.920000E-8	7.400117E-4
9.925000E-8	7.622801E-4
9.930000E-8	8.222333E-4
9.935000E-8	8.821866E-4
9.940000E-8	9.164456E-4
9.945000E-8	9.181585E-4
9.950000E-8	9.010290E-4
9.955000E-8	8.958902E-4
9.960000E-8	9.130197E-4
9.965000E-8	9.198715E-4
9.970000E-8	9.061679E-4
9.975000E-8	9.113067E-4
9.980000E-8	9.763988E-4
9.985000E-8	1.092879E-3
9.990000E-8	1.233341E-3
9.995000E-8	1.358387E-3
1.000000E-7	1.440608E-3
1.000500E-7	1.524543E-3
1.001000E-7	1.606764E-3
1.001500E-7	1.654727E-3
1.002000E-7	1.668431E-3
1.002500E-7	1.670144E-3
1.003000E-7	1.644449E-3
1.003500E-7	1.545098E-3
1.004000E-7	1.406349E-3
1.004500E-7	1.265887E-3
1.005000E-7	1.130564E-3
1.005500E-7	9.969542E-4
1.006000E-7	8.701959E-4
1.006500E-7	7.434376E-4
1.007000E-7	6.286700E-4
1.007500E-7	5.430225E-4
1.008000E-7	4.882081E-4
1.008500E-7	4.745045E-4
1.009000E-7	5.310318E-4
1.009500E-7	6.440865E-4
1.010000E-7	7.605671E-4
1.010500E-7	8.890384E-4
1.011000E-7	1.048343E-3
1.011500E-7	1.235054E-3
1.012000E-7	1.397785E-3
1.012500E-7	1.510839E-3
1.013000E-7	1.574218E-3
1.013500E-7	1.581070E-3
1.014000E-7	1.529682E-3
1.014500E-7	1.430331E-3
1.015000E-7	1.281304E-3
1.015500E-7	1.087741E-3
1.016000E-7	8.924643E-4
1.016500E-7	7.331599E-4
1.017000E-7	5.892721E-4
1.017500E-7	4.453843E-4
1.018000E-7	3.014965E-4
1.018500E-7	1.747382E-4
1.019000E-7	9.594251E-5
1.019500E-7	8.566481E-5
1.020000E-7	1.267756E-4
1.020500E-7	2.398303E-4
1.021000E-7	4.196901E-4
1.021500E-7	6.098275E-4
1.022000E-7	7.520024E-4
1.022500E-7	8.770477E-4
1.023000E-7	9.866765E-4
1.023500E-7	1.041491E-3
1.024000E-7	1.046630E-3
1.024500E-7	1.041491E-3
1.025000E-7	1.017510E-3
1.025500E-7	9.489916E-4
1.026000E-7	8.513535E-4
1.026500E-7	7.571412E-4
1.027000E-7	6.629290E-4
1.027500E-7	5.841333E-4
1.028000E-7	5.481613E-4
1.028500E-7	5.413095E-4
1.029000E-7	5.224671E-4
1.029500E-7	5.241800E-4
1.030000E-7	5.807074E-4
1.030500E-7	6.629290E-4
1.031000E-7	7.280211E-4
1.031500E-7	8.119556E-4
1.032000E-7	9.352880E-4
1.032500E-7	1.077463E-3
1.033000E-7	1.214499E-3
1.033500E-7	1.337831E-3
1.034000E-7	1.444034E-3
1.034500E-7	1.541672E-3
1.035000E-7	1.623894E-3
1.035500E-7	1.630746E-3
1.036000E-7	1.553663E-3
1.036500E-7	1.457738E-3
1.037000E-7	1.348109E-3
1.037500E-7	1.193943E-3
1.038000E-7	1.041491E-3
1.038500E-7	9.404269E-4
1.039000E-7	8.564923E-4
1.039500E-7	7.742707E-4
1.040000E-7	7.211693E-4
1.040500E-7	7.108916E-4
1.041000E-7	7.143175E-4
1.041500E-7	7.108916E-4
1.042000E-7	6.869103E-4
1.042500E-7	6.714937E-4
1.043000E-7	6.920491E-4
1.043500E-7	7.280211E-4
1.044000E-7	7.451506E-4
1.044500E-7	7.759837E-4
1.045000E-7	8.290851E-4
1.045500E-7	8.564923E-4
1.046000E-7	8.547794E-4
1.046500E-7	8.736218E-4
1.047000E-7	9.181585E-4
1.047500E-7	9.507046E-4
1.048000E-7	9.524175E-4
1.048500E-7	9.335751E-4
1.049000E-7	8.993161E-4
1.049500E-7	8.445017E-4
1.050000E-7	7.622801E-4
1.050500E-7	7.126045E-4
1.051000E-7	7.451506E-4
1.051500E-7	8.205204E-4
1.052000E-7	8.753348E-4
1.052500E-7	9.370010E-4
1.053000E-7	1.036352E-3
1.053500E-7	1.132277E-3
1.054000E-7	1.209360E-3
1.054500E-7	1.279591E-3
1.055000E-7	1.296720E-3
1.055500E-7	1.223064E-3
1.056000E-7	1.096305E-3
1.056500E-7	9.798247E-4
1.057000E-7	8.719089E-4
1.057500E-7	7.639930E-4
1.058000E-7	6.783455E-4
1.058500E-7	6.320959E-4
1.059000E-7	6.029757E-4
1.059500E-7	5.807074E-4
1.060000E-7	5.652908E-4
1.060500E-7	5.601520E-4
1.061000E-7	5.755685E-4
1.061500E-7	6.132534E-4
1.062000E-7	6.389477E-4
1.062500E-7	6.423736E-4
1.063000E-7	6.560772E-4
1.063500E-7	6.697808E-4
1.064000E-7	6.406606E-4
1.064500E-7	5.926980E-4
1.065000E-7	5.430225E-4
1.065500E-7	4.830692E-4
1.066000E-7	4.351066E-4
1.066500E-7	4.505232E-4
1.067000E-7	5.070505E-4
1.067500E-7	5.481613E-4
1.068000E-7	5.926980E-4
1.068500E-7	6.680678E-4
1.069000E-7	7.348729E-4
1.069500E-7	7.708448E-4
1.070000E-7	8.119556E-4
1.070500E-7	8.616312E-4
1.071000E-7	9.130197E-4
1.071500E-7	9.524175E-4
1.072000E-7	9.935283E-4
1.072500E-7	1.046630E-3
1.073000E-7	1.110009E-3
1.073500E-7	1.152833E-3
1.074000E-7	1.185379E-3
1.074500E-7	1.226490E-3
1.075000E-7	1.255610E-3
1.075500E-7	1.223064E-3
1.076000E-7	1.168249E-3
1.076500E-7	1.151120E-3
1.077000E-7	1.139129E-3
1.077500E-7	1.067185E-3
1.078000E-7	9.763988E-4
1.078500E-7	9.198715E-4
1.079000E-7	8.547794E-4
1.079500E-7	7.554283E-4
1.080000E-7	6.680678E-4
1.080500E-7	6.046887E-4
1.081000E-7	5.481613E-4
1.081500E-7	4.950599E-4
1.082000E-7	4.402455E-4
1.082500E-7	3.991347E-4
1.083000E-7	3.957088E-4
1.083500E-7	4.333937E-4
1.084000E-7	4.676527E-4
1.084500E-7	5.173282E-4
1.085000E-7	6.183923E-4
1.085500E-7	7.434376E-4
1.086000E-7	8.582053E-4
1.086500E-7	9.763988E-4
1.087000E-7	1.115148E-3
1.087500E-7	1.233341E-3
1.088000E-7	1.337831E-3
1.088500E-7	1.461164E-3
1.089000E-7	1.574218E-3
1.089500E-7	1.656440E-3
1.090000E-7	1.688986E-3
1.090500E-7	1.682134E-3
1.091000E-7	1.654727E-3
1.091500E-7	1.622181E-3
1.092000E-7	1.551950E-3
1.092500E-7	1.444034E-3
1.093000E-7	1.327554E-3
1.093500E-7	1.200795E-3
1.094000E-7	1.044917E-3
1.094500E-7	9.027420E-4
1.095000E-7	8.359369E-4
1.095500E-7	8.290851E-4
1.096000E-7	8.188074E-4
1.096500E-7	8.136686E-4
1.097000E-7	8.205204E-4
1.097500E-7	8.085297E-4
1.098000E-7	8.136686E-4
1.098500E-7	8.736218E-4
1.099000E-7	9.164456E-4
1.099500E-7	8.684830E-4
1.100000E-7	8.051038E-4
1.100500E-7	7.776966E-4
1.101000E-7	7.211693E-4
1.101500E-7	6.064016E-4
1.102000E-7	5.001987E-4
1.102500E-7	4.453843E-4
1.103000E-7	4.368196E-4
1.103500E-7	4.762174E-4
1.104000E-7	5.550131E-4
1.104500E-7	6.457995E-4
1.105000E-7	7.537153E-4
1.105500E-7	8.787607E-4
1.106000E-7	9.952413E-4
1.106500E-7	1.087741E-3
1.107000E-7	1.156259E-3
1.107500E-7	1.192231E-3
1.108000E-7	1.195656E-3
1.108500E-7	1.190518E-3
1.109000E-7	1.159684E-3
1.109500E-7	1.087741E-3
1.110000E-7	1.020936E-3
1.110500E-7	9.815377E-4
1.111000E-7	9.335751E-4
1.111500E-7	8.513535E-4
1.112000E-7	7.502894E-4
1.112500E-7	6.663549E-4
1.113000E-7	6.098275E-4
1.113500E-7	5.926980E-4
1.114000E-7	6.149664E-4
1.114500E-7	6.423736E-4
1.115000E-7	6.423736E-4
1.115500E-7	6.132534E-4
1.116000E-7	5.772815E-4
1.116500E-7	5.327448E-4
1.117000E-7	4.933469E-4
1.117500E-7	4.522361E-4
1.118000E-7	3.751534E-4
1.118500E-7	2.740893E-4
1.119000E-7	1.935807E-4
1.119500E-7	1.284886E-4
1.120000E-7	3.770221E-5
1.120500E-7	-5.822299E-5
1.121000E-7	-9.933380E-5
1.121500E-7	-8.563019E-5
1.122000E-7	-4.623234E-5
1.122500E-7	3.598926E-5
1.123000E-7	1.730253E-4
1.123500E-7	3.220519E-4
1.124000E-7	4.625138E-4
1.124500E-7	6.149664E-4
1.125000E-7	7.691319E-4
1.125500E-7	8.856125E-4
1.126000E-7	9.849636E-4
1.126500E-7	1.096305E-3
1.127000E-7	1.187092E-3
1.127500E-7	1.200795E-3
1.128000E-7	1.159684E-3
1.128500E-7	1.122000E-3
1.129000E-7	1.084315E-3
1.129500E-7	9.901024E-4
1.130000E-7	8.616312E-4
1.130500E-7	7.657060E-4
1.131000E-7	6.886232E-4
1.131500E-7	5.961239E-4
1.132000E-7	4.916340E-4
1.132500E-7	3.871440E-4
1.133000E-7	3.049224E-4
1.133500E-7	2.312656E-4
1.134000E-7	1.558958E-4
1.134500E-7	9.765546E-5
1.135000E-7	6.510941E-5
1.135500E-7	6.168351E-5
1.136000E-7	6.853531E-5
1.136500E-7	1.250627E-4
1.137000E-7	2.398303E-4
1.137500E-7	3.545980E-4
1.138000E-7	4.556620E-4
1.138500E-7	5.635779E-4
1.139000E-7	6.526513E-4
1.139500E-7	7.023268E-4
1.140000E-7	7.417247E-4
1.140500E-7	7.879743E-4
1.141000E-7	7.914002E-4
1.141500E-7	7.502894E-4
1.142000E-7	6.903362E-4
1.142500E-7	6.064016E-4
1.143000E-7	5.087635E-4
1.143500E-7	4.402455E-4
1.144000E-7	4.076994E-4
1.144500E-7	3.957088E-4
1.145000E-7	4.128383E-4
1.145500E-7	4.693656E-4
1.146000E-7	5.395966E-4
1.146500E-7	5.961239E-4
1.147000E-7	6.526513E-4
1.147500E-7	7.074657E-4
1.148000E-7	7.297340E-4
1.148500E-7	7.194563E-4
1.149000E-7	6.954750E-4
1.149500E-7	6.612160E-4
1.150000E-7	6.166793E-4
1.150500E-7	6.081146E-4
1.151000E-7	6.680678E-4
1.151500E-7	7.588542E-4
1.152000E-7	8.564923E-4
1.152500E-7	1.002093E-3
1.153000E-7	1.197369E-3
1.153500E-7	1.380655E-3
1.154000E-7	1.536534E-3
1.154500E-7	1.692412E-3
1.155000E-7	1.808893E-3
1.155500E-7	1.841439E-3
1.156000E-7	1.819170E-3
1.156500E-7	1.779772E-3
1.157000E-7	1.709541E-3
1.157500E-7	1.567367E-3
1.158000E-7	1.375516E-3
1.158500E-7	1.180240E-3
1.159000E-7	1.010658E-3
1.159500E-7	8.701959E-4
1.160000E-7	7.657060E-4
1.160500E-7	7.108916E-4
1.161000E-7	6.886232E-4
1.161500E-7	6.714937E-4
1.162000E-7	6.646419E-4
1.162500E-7	6.903362E-4
1.163000E-7	7.468635E-4
1.163500E-7	7.982520E-4
1.164000E-7	8.273722E-4
1.164500E-7	8.496405E-4
1.165000E-7	8.770477E-4
1.165500E-7	8.821866E-4
1.166000E-7	8.787607E-4
1.166500E-7	9.078808E-4
1.167000E-7	9.832506E-4
1.167500E-7	1.077463E-3
1.168000E-7	1.163110E-3
1.168500E-7	1.229915E-3
1.169000E-7	1.277878E-3
1.169500E-7	1.310424E-3
1.170000E-7	1.295008E-3
1.170500E-7	1.217925E-3
1.171000E-7	1.104870E-3
1.171500E-7	9.507046E-4
1.172000E-7	7.348729E-4
1.172500E-7	4.762174E-4
1.173000E-7	2.089972E-4
1.173500E-7	-3.081579E-5
1.174000E-7	-2.106755E-4
1.174500E-7	-2.928972E-4
1.175000E-7	-2.706288E-4
1.175500E-7	-1.832683E-4
1.176000E-7	-4.965824E-5
1.176500E-7	1.284886E-4
1.177000E-7	3.648757E-4
1.177500E-7	6.166793E-4
1.178000E-7	8.445017E-4
1.178500E-7	1.024361E-3
1.179000E-7	1.142555E-3
1.179500E-7	1.188805E-3
1.180000E-7	1.171675E-3
1.180500E-7	1.104870E-3
1.181000E-7	1.012371E-3
1.181500E-7	8.958902E-4
1.182000E-7	7.776966E-4
1.182500E-7	6.663549E-4
1.183000E-7	5.807074E-4
1.183500E-7	5.190412E-4
1.184000E-7	4.693656E-4
1.184500E-7	4.453843E-4
1.185000E-7	4.539491E-4
1.185500E-7	4.796433E-4
1.186000E-7	5.070505E-4
1.186500E-7	5.413095E-4
1.187000E-7	5.704297E-4
1.187500E-7	5.567261E-4
1.188000E-7	5.087635E-4
1.188500E-7	4.659397E-4
1.189000E-7	4.196901E-4
1.189500E-7	3.614498E-4
1.190000E-7	3.254778E-4
1.190500E-7	3.289037E-4
1.191000E-7	3.323296E-4
1.191500E-7	3.134872E-4
1.192000E-7	3.169131E-4
1.192500E-7	3.408944E-4
1.193000E-7	3.545980E-4
1.193500E-7	3.357555E-4
1.194000E-7	3.426073E-4
1.194500E-7	4.128383E-4
1.195000E-7	5.104764E-4
1.195500E-7	5.789944E-4
1.196000E-7	5.995498E-4
1.196500E-7	6.218182E-4
1.197000E-7	6.595031E-4
1.197500E-7	7.057527E-4
1.198000E-7	7.657060E-4
1.198500E-7	8.633441E-4
1.199000E-7	9.541305E-4
1.199500E-7	9.763988E-4
1.200000E-7	9.438528E-4
1.200500E-7	8.804736E-4
1.201000E-7	7.811225E-4
1.201500E-7	6.543642E-4
1.202000E-7	5.447354E-4
1.202500E-7	4.710786E-4
1.203000E-7	4.265419E-4
1.203500E-7	4.008476E-4
1.204000E-7	3.820052E-4
1.204500E-7	3.785793E-4
1.205000E-7	4.179771E-4
1.205500E-7	4.762174E-4
1.206000E-7	5.190412E-4
1.206500E-7	5.858462E-4
1.207000E-7	6.714937E-4
1.207500E-7	7.297340E-4
1.208000E-7	7.845484E-4
1.208500E-7	8.770477E-4
1.209000E-7	9.455657E-4
1.209500E-7	9.524175E-4
1.210000E-7	9.250103E-4
1.210500E-7	8.838995E-4
1.211000E-7	8.033909E-4
1.211500E-7	6.989009E-4
1.212000E-7	5.944110E-4
1.212500E-7	4.796433E-4
1.213000E-7	3.528850E-4
1.213500E-7	2.175620E-4
1.214000E-7	5.997056E-5
1.214500E-7	-7.363954E-5
1.215000E-7	-1.404446E-4
1.215500E-7	-1.541482E-4
1.216000E-7	-1.472964E-4
1.216500E-7	-1.130374E-4
1.217000E-7	-4.623234E-5
1.217500E-7	5.311876E-5
1.218000E-7	1.884418E-4
1.218500E-7	3.614498E-4
1.219000E-7	5.361707E-4
1.219500E-7	7.023268E-4
1.220000E-7	8.307981E-4
1.220500E-7	9.181585E-4
1.221000E-7	9.541305E-4
1.221500E-7	9.489916E-4
1.222000E-7	9.181585E-4
1.222500E-7	8.513535E-4
1.223000E-7	7.691319E-4
1.223500E-7	6.989009E-4
1.224000E-7	6.766326E-4
1.224500E-7	6.937621E-4
1.225000E-7	7.382988E-4
1.225500E-7	7.896873E-4
1.226000E-7	8.153815E-4
1.226500E-7	8.016779E-4
1.227000E-7	7.948261E-4
1.227500E-7	7.948261E-4
1.228000E-7	7.639930E-4
1.228500E-7	7.126045E-4
1.229000E-7	6.749196E-4
1.229500E-7	6.389477E-4
1.230000E-7	6.081146E-4
1.230500E-7	6.183923E-4
1.231000E-7	6.509383E-4
1.231500E-7	6.509383E-4
1.232000E-7	6.577901E-4
1.232500E-7	7.143175E-4
1.233000E-7	7.965391E-4
1.233500E-7	9.010290E-4
1.234000E-7	1.034639E-3
1.234500E-7	1.157972E-3
1.235000E-7	1.231628E-3
1.235500E-7	1.279591E-3
1.236000E-7	1.300146E-3
1.236500E-7	1.269313E-3
1.237000E-7	1.185379E-3
1.237500E-7	1.068898E-3
1.238000E-7	9.507046E-4
1.238500E-7	8.633441E-4
1.239000E-7	7.982520E-4
1.239500E-7	7.228822E-4
1.240000E-7	6.732067E-4
1.240500E-7	6.732067E-4
1.241000E-7	6.920491E-4
1.241500E-7	6.937621E-4
1.242000E-7	7.091786E-4
1.242500E-7	7.365858E-4
1.243000E-7	7.674189E-4
1.243500E-7	7.776966E-4
1.244000E-7	7.502894E-4
1.244500E-7	7.006139E-4
1.245000E-7	6.509383E-4
1.245500E-7	5.892721E-4
1.246000E-7	5.019117E-4
1.246500E-7	4.145512E-4
1.247000E-7	3.306167E-4
1.247500E-7	2.449692E-4
1.248000E-7	1.798771E-4
1.248500E-7	1.678864E-4
1.249000E-7	2.175620E-4
1.249500E-7	3.237649E-4
1.250000E-7	4.847822E-4
1.250500E-7	6.817714E-4
1.251000E-7	8.907513E-4
1.251500E-7	1.067185E-3
1.252000E-7	1.199082E-3
1.252500E-7	1.296720E-3
1.253000E-7	1.361813E-3
1.253500E-7	1.372090E-3
1.254000E-7	1.312137E-3
1.254500E-7	1.217925E-3
1.255000E-7	1.108296E-3
1.255500E-7	9.609823E-4
1.256000E-7	7.674189E-4
1.256500E-7	5.807074E-4
1.257000E-7	4.556620E-4
1.257500E-7	3.991347E-4
1.258000E-7	4.008476E-4
1.258500E-7	4.608009E-4
1.259000E-7	5.944110E-4
1.259500E-7	7.759837E-4
1.260000E-7	9.661211E-4
1.260500E-7	1.152833E-3
1.261000E-7	1.300146E-3
1.261500E-7	1.375516E-3
1.262000E-7	1.366951E-3
1.262500E-7	1.293295E-3
1.263000E-7	1.137416E-3
1.263500E-7	9.198715E-4
1.264000E-7	7.194563E-4
1.264500E-7	5.670038E-4
1.265000E-7	4.368196E-4
1.265500E-7	3.066354E-4
1.266000E-7	2.124231E-4
1.266500E-7	1.901548E-4
1.267000E-7	2.261267E-4
1.267500E-7	2.980706E-4
1.268000E-7	4.128383E-4
1.268500E-7	5.789944E-4
1.269000E-7	7.554283E-4
1.269500E-7	9.095938E-4
1.270000E-7	1.024361E-3
1.270500E-7	1.080889E-3
1.271000E-7	1.070611E-3
1.271500E-7	1.041491E-3
1.272000E-7	1.005519E-3
1.272500E-7	9.626952E-4
1.273000E-7	9.301492E-4
1.273500E-7	9.130197E-4
1.274000E-7	8.770477E-4
1.274500E-7	8.427887E-4
1.275000E-7	8.153815E-4
1.275500E-7	7.657060E-4
1.276000E-7	7.040398E-4
1.276500E-7	6.851973E-4
1.277000E-7	7.228822E-4
1.277500E-7	7.708448E-4
1.278000E-7	8.222333E-4
1.278500E-7	8.701959E-4
1.279000E-7	9.044549E-4
1.279500E-7	9.267233E-4
1.280000E-7	9.592693E-4
1.280500E-7	9.695470E-4
1.281000E-7	9.507046E-4
1.281500E-7	8.873254E-4
1.282000E-7	7.965391E-4
1.282500E-7	7.143175E-4
1.283000E-7	6.509383E-4
1.283500E-7	5.875592E-4
1.284000E-7	5.533002E-4
1.284500E-7	5.892721E-4
1.285000E-7	6.817714E-4
1.285500E-7	7.674189E-4
1.286000E-7	8.290851E-4
1.286500E-7	8.976031E-4
1.287000E-7	1.002093E-3
1.287500E-7	1.116861E-3
1.288000E-7	1.211073E-3
1.288500E-7	1.265887E-3
1.289000E-7	1.284730E-3
1.289500E-7	1.250471E-3
1.290000E-7	1.156259E-3
1.290500E-7	1.041491E-3
1.291000E-7	9.130197E-4
1.291500E-7	7.879743E-4
1.292000E-7	6.954750E-4
1.292500E-7	6.526513E-4
1.293000E-7	6.372347E-4
1.293500E-7	6.492254E-4
1.294000E-7	7.074657E-4
1.294500E-7	7.862614E-4
1.295000E-7	8.530664E-4
1.295500E-7	9.147326E-4
1.296000E-7	9.404269E-4
1.296500E-7	8.958902E-4
1.297000E-7	8.016779E-4
1.297500E-7	6.989009E-4
1.298000E-7	6.303829E-4
1.298500E-7	6.064016E-4
1.299000E-7	5.995498E-4
1.299500E-7	5.704297E-4
1.300000E-7	5.327448E-4
1.300500E-7	5.361707E-4
1.301000E-7	5.858462E-4
1.301500E-7	6.560772E-4
1.302000E-7	7.348729E-4
1.302500E-7	8.188074E-4
1.303000E-7	8.838995E-4
1.303500E-7	8.890384E-4
1.304000E-7	8.445017E-4
1.304500E-7	8.033909E-4
1.305000E-7	7.914002E-4
1.305500E-7	7.931132E-4
1.306000E-7	8.307981E-4
1.306500E-7	9.027420E-4
1.307000E-7	9.729729E-4
1.307500E-7	1.002093E-3
1.308000E-7	9.969542E-4
1.308500E-7	9.781118E-4
1.309000E-7	9.832506E-4
1.309500E-7	9.969542E-4
1.310000E-7	9.746859E-4
1.310500E-7	9.078808E-4
1.311000E-7	8.222333E-4
1.311500E-7	6.869103E-4
1.312000E-7	4.933469E-4
1.312500E-7	3.374685E-4
1.313000E-7	2.449692E-4
1.313500E-7	1.627476E-4
1.314000E-7	1.010814E-4
1.314500E-7	1.199238E-4
1.315000E-7	1.901548E-4
1.315500E-7	2.638116E-4
1.316000E-7	3.734404E-4
1.316500E-7	5.173282E-4
1.317000E-7	6.475124E-4
1.317500E-7	7.502894E-4
1.318000E-7	8.273722E-4
1.318500E-7	8.736218E-4
1.319000E-7	8.787607E-4
1.319500E-7	8.633441E-4
1.320000E-7	8.170945E-4
1.320500E-7	7.931132E-4
1.321000E-7	8.102427E-4
1.321500E-7	8.513535E-4
1.322000E-7	8.804736E-4
1.322500E-7	9.027420E-4
1.323000E-7	9.147326E-4
1.323500E-7	9.078808E-4
1.324000E-7	8.856125E-4
1.324500E-7	8.599182E-4
1.325000E-7	8.393628E-4
1.325500E-7	8.376499E-4
1.326000E-7	8.359369E-4
1.326500E-7	8.290851E-4
1.327000E-7	8.239463E-4
1.327500E-7	8.205204E-4
1.328000E-7	7.811225E-4
1.328500E-7	7.194563E-4
1.329000E-7	6.971880E-4
1.329500E-7	7.280211E-4
1.330000E-7	7.639930E-4
1.330500E-7	7.811225E-4
1.331000E-7	8.273722E-4
1.331500E-7	9.044549E-4
1.332000E-7	9.695470E-4
1.332500E-7	9.815377E-4
1.333000E-7	9.575564E-4
1.333500E-7	9.113067E-4
1.334000E-7	7.999650E-4
1.334500E-7	6.252441E-4
1.335000E-7	4.248289E-4
1.335500E-7	2.278397E-4
1.336000E-7	5.997056E-5
1.336500E-7	-4.280644E-5
1.337000E-7	-5.822299E-5
1.337500E-7	1.730258E-6
1.338000E-7	1.164979E-4
1.338500E-7	2.843670E-4
1.339000E-7	4.950599E-4
1.339500E-7	7.245952E-4
1.340000E-7	9.370010E-4
1.340500E-7	1.104870E-3
1.341000E-7	1.217925E-3
1.341500E-7	1.260749E-3
1.342000E-7	1.219638E-3
1.342500E-7	1.096305E-3
1.343000E-7	9.489916E-4
1.343500E-7	7.759837E-4
1.344000E-7	5.772815E-4
1.344500E-7	3.922829E-4
1.345000E-7	2.860800E-4
1.345500E-7	2.449692E-4
1.346000E-7	2.432562E-4
1.346500E-7	3.203390E-4
1.347000E-7	4.608009E-4
1.347500E-7	5.807074E-4
1.348000E-7	6.732067E-4
1.348500E-7	7.896873E-4
1.349000E-7	9.010290E-4
1.349500E-7	9.541305E-4
1.350000E-7	9.969542E-4
1.350500E-7	1.065472E-3
1.351000E-7	1.118574E-3
1.351500E-7	1.137416E-3
1.352000E-7	1.144268E-3
1.352500E-7	1.140842E-3
1.353000E-7	1.139129E-3
1.353500E-7	1.151120E-3
1.354000E-7	1.144268E-3
1.354500E-7	1.104870E-3
1.355000E-7	1.060333E-3
1.355500E-7	1.005519E-3
1.356000E-7	9.284362E-4
1.356500E-7	8.873254E-4
1.357000E-7	8.753348E-4
1.357500E-7	8.479276E-4
1.358000E-7	8.153815E-4
1.358500E-7	8.188074E-4
1.359000E-7	8.410758E-4
1.359500E-7	8.513535E-4
1.360000E-7	8.479276E-4
1.360500E-7	7.982520E-4
1.361000E-7	7.160304E-4
1.361500E-7	6.697808E-4
1.362000E-7	6.423736E-4
1.362500E-7	5.995498E-4
1.363000E-7	5.584390E-4
1.363500E-7	5.498743E-4
1.364000E-7	5.378836E-4
1.364500E-7	5.104764E-4
1.365000E-7	4.882081E-4
1.365500E-7	4.864951E-4
1.366000E-7	5.053376E-4
1.366500E-7	5.395966E-4
1.367000E-7	5.755685E-4
1.367500E-7	6.012628E-4
1.368000E-7	6.046887E-4
1.368500E-7	5.892721E-4
1.369000E-7	5.413095E-4
1.369500E-7	4.676527E-4
1.370000E-7	3.957088E-4
1.370500E-7	3.597368E-4
1.371000E-7	3.854311E-4
1.371500E-7	4.436714E-4
1.372000E-7	4.950599E-4
1.372500E-7	5.533002E-4
1.373000E-7	6.303829E-4
1.373500E-7	6.937621E-4
1.374000E-7	7.057527E-4
1.374500E-7	7.040398E-4
1.375000E-7	7.143175E-4
1.375500E-7	7.143175E-4
1.376000E-7	6.971880E-4
1.376500E-7	6.989009E-4
1.377000E-7	7.245952E-4
1.377500E-7	7.211693E-4
1.378000E-7	6.989009E-4
1.378500E-7	6.903362E-4
1.379000E-7	6.989009E-4
1.379500E-7	6.714937E-4
1.380000E-7	6.012628E-4
1.380500E-7	5.293189E-4
1.381000E-7	4.453843E-4
1.381500E-7	3.100613E-4
1.382000E-7	1.439051E-4
1.382500E-7	-1.695642E-6
1.383000E-7	-1.044726E-4
1.383500E-7	-1.747036E-4
1.384000E-7	-1.986849E-4
1.384500E-7	-1.661388E-4
1.385000E-7	-5.137119E-5
1.385500E-7	1.507569E-4
1.386000E-7	4.042735E-4
1.386500E-7	6.732067E-4
1.387000E-7	9.489916E-4
1.387500E-7	1.209360E-3
1.388000E-7	1.368664E-3
1.388500E-7	1.402923E-3
1.389000E-7	1.385794E-3
1.389500E-7	1.341257E-3
1.390000E-7	1.240193E-3
1.390500E-7	1.115148E-3
1.391000E-7	9.969542E-4
1.391500E-7	8.753348E-4
1.392000E-7	7.708448E-4
1.392500E-7	7.451506E-4
1.393000E-7	7.982520E-4
1.393500E-7	9.181585E-4
1.394000E-7	1.080889E-3
1.394500E-7	1.262461E-3
1.395000E-7	1.423479E-3
1.395500E-7	1.562228E-3
1.396000E-7	1.644449E-3
1.396500E-7	1.653014E-3
1.397000E-7	1.611903E-3
1.397500E-7	1.550237E-3
1.398000E-7	1.450886E-3
1.398500E-7	1.313850E-3
1.399000E-7	1.154546E-3
1.399500E-7	9.849636E-4
1.400000E-7	8.342240E-4
1.400500E-7	7.297340E-4
1.401000E-7	6.612160E-4
1.401500E-7	6.201052E-4
1.402000E-7	6.166793E-4
1.402500E-7	6.492254E-4
1.403000E-7	7.023268E-4
1.403500E-7	7.828355E-4
1.404000E-7	8.787607E-4
1.404500E-7	9.763988E-4
1.405000E-7	1.089454E-3
1.405500E-7	1.212786E-3
1.406000E-7	1.303572E-3
1.406500E-7	1.354961E-3
1.407000E-7	1.389220E-3
1.407500E-7	1.363526E-3
1.408000E-7	1.293295E-3
1.408500E-7	1.219638E-3
1.409000E-7	1.133990E-3
1.409500E-7	9.935283E-4
1.410000E-7	8.256592E-4
1.410500E-7	6.766326E-4
1.411000E-7	5.327448E-4
1.411500E-7	3.974217E-4
1.412000E-7	2.775152E-4
1.412500E-7	2.107102E-4
1.413000E-7	2.209879E-4
1.413500E-7	3.014965E-4
1.414000E-7	3.991347E-4
1.414500E-7	5.121894E-4
1.415000E-7	6.612160E-4
1.415500E-7	8.239463E-4
1.416000E-7	9.558434E-4
1.416500E-7	1.065472E-3
1.417000E-7	1.168249E-3
1.417500E-7	1.236767E-3
1.418000E-7	1.286443E-3
1.418500E-7	1.356674E-3
1.419000E-7	1.397785E-3
1.419500E-7	1.363526E-3
1.420000E-7	1.298433E-3
1.420500E-7	1.252184E-3
1.421000E-7	1.195656E-3
1.421500E-7	1.110009E-3
1.422000E-7	1.019223E-3
1.422500E-7	9.489916E-4
1.423000E-7	9.095938E-4
1.423500E-7	8.667700E-4
1.424000E-7	8.016779E-4
1.424500E-7	7.571412E-4
1.425000E-7	7.554283E-4
1.425500E-7	7.348729E-4
1.426000E-7	6.560772E-4
1.426500E-7	5.875592E-4
1.427000E-7	5.858462E-4
1.427500E-7	5.961239E-4
1.428000E-7	5.721426E-4
1.428500E-7	5.670038E-4
1.429000E-7	6.012628E-4
1.429500E-7	6.183923E-4
1.430000E-7	6.286700E-4
1.430500E-7	6.869103E-4
1.431000E-7	7.657060E-4
1.431500E-7	8.085297E-4
1.432000E-7	8.256592E-4
1.432500E-7	8.325110E-4
1.433000E-7	7.914002E-4
1.433500E-7	7.126045E-4
1.434000E-7	6.406606E-4
1.434500E-7	6.046887E-4
1.435000E-7	5.567261E-4
1.435500E-7	4.710786E-4
1.436000E-7	3.991347E-4
1.436500E-7	3.837181E-4
1.437000E-7	4.196901E-4
1.437500E-7	5.104764E-4
1.438000E-7	6.663549E-4
1.438500E-7	8.633441E-4
1.439000E-7	1.068898E-3
1.439500E-7	1.257323E-3
1.440000E-7	1.394359E-3
1.440500E-7	1.464590E-3
1.441000E-7	1.480006E-3
1.441500E-7	1.449173E-3
1.442000E-7	1.356674E-3
1.442500E-7	1.214499E-3
1.443000E-7	1.053482E-3
1.443500E-7	9.044549E-4
1.444000E-7	7.776966E-4
1.444500E-7	6.937621E-4
1.445000E-7	6.389477E-4
1.445500E-7	6.286700E-4
1.446000E-7	6.646419E-4
1.446500E-7	7.228822E-4
1.447000E-7	7.845484E-4
1.447500E-7	8.564923E-4
1.448000E-7	9.215844E-4
1.448500E-7	9.644082E-4
1.449000E-7	9.918154E-4
1.449500E-7	9.832506E-4
1.450000E-7	9.061679E-4
1.450500E-7	7.862614E-4
1.451000E-7	7.074657E-4
1.451500E-7	6.937621E-4
1.452000E-7	7.126045E-4
1.452500E-7	7.588542E-4
1.453000E-7	8.530664E-4
1.453500E-7	9.695470E-4
1.454000E-7	1.031213E-3
1.454500E-7	1.062046E-3
1.455000E-7	1.115148E-3
1.455500E-7	1.173388E-3
1.456000E-7	1.200795E-3
1.456500E-7	1.219638E-3
1.457000E-7	1.236767E-3
1.457500E-7	1.204221E-3
1.458000E-7	1.122000E-3
1.458500E-7	1.012371E-3
1.459000E-7	8.958902E-4
1.459500E-7	7.759837E-4
1.460000E-7	6.851973E-4
1.460500E-7	6.201052E-4
1.461000E-7	5.738556E-4
1.461500E-7	5.704297E-4
1.462000E-7	6.252441E-4
1.462500E-7	7.194563E-4
1.463000E-7	7.948261E-4
1.463500E-7	8.256592E-4
1.464000E-7	8.445017E-4
1.464500E-7	8.719089E-4
1.465000E-7	8.821866E-4
1.465500E-7	8.513535E-4
1.466000E-7	8.222333E-4
1.466500E-7	8.410758E-4
1.467000E-7	8.633441E-4
1.467500E-7	8.530664E-4
1.468000E-7	7.914002E-4
1.468500E-7	7.297340E-4
1.469000E-7	7.023268E-4
1.469500E-7	7.074657E-4
1.470000E-7	7.091786E-4
1.470500E-7	7.040398E-4
1.471000E-7	7.143175E-4
1.471500E-7	7.177434E-4
1.472000E-7	7.126045E-4
1.472500E-7	7.571412E-4
1.473000E-7	8.513535E-4
1.473500E-7	9.575564E-4
1.474000E-7	1.053482E-3
1.474500E-7	1.171675E-3
1.475000E-7	1.272739E-3
1.475500E-7	1.318989E-3
1.476000E-7	1.306998E-3
1.476500E-7	1.241906E-3
1.477000E-7	1.116861E-3
1.477500E-7	9.626952E-4
1.478000E-7	8.016779E-4
1.478500E-7	6.663549E-4
1.479000E-7	5.704297E-4
1.479500E-7	4.847822E-4
1.480000E-7	3.888570E-4
1.480500E-7	3.374685E-4
1.481000E-7	3.443203E-4
1.481500E-7	3.443203E-4
1.482000E-7	3.083483E-4
1.482500E-7	3.014965E-4
1.483000E-7	3.271908E-4
1.483500E-7	3.306167E-4
1.484000E-7	3.271908E-4
1.484500E-7	3.477462E-4
1.485000E-7	3.580239E-4
1.485500E-7	3.237649E-4
1.486000E-7	2.706634E-4
1.486500E-7	2.466821E-4
1.487000E-7	2.518210E-4
1.487500E-7	2.689505E-4
1.488000E-7	3.049224E-4
1.488500E-7	3.597368E-4
1.489000E-7	4.231160E-4
1.489500E-7	4.916340E-4
1.490000E-7	5.755685E-4
1.490500E-7	6.680678E-4
1.491000E-7	7.571412E-4
1.491500E-7	8.222333E-4
1.492000E-7	8.719089E-4
1.492500E-7	9.147326E-4
1.493000E-7	9.335751E-4
1.493500E-7	8.924643E-4
1.494000E-7	7.948261E-4
1.494500E-7	6.989009E-4
1.495000E-7	6.149664E-4
1.495500E-7	5.139023E-4
1.496000E-7	4.145512E-4
1.496500E-7	3.717275E-4
1.497000E-7	3.648757E-4
1.497500E-7	3.323296E-4
1.498000E-7	3.066354E-4
1.498500E-7	3.323296E-4
1.499000E-7	3.768663E-4
1.499500E-7	4.385325E-4
1.500000E-7	5.515872E-4
1.500500E-7	7.040398E-4
1.501000E-7	8.599182E-4
1.501500E-7	1.015797E-3
1.502000E-7	1.183666E-3
1.502500E-7	1.342970E-3
1.503000E-7	1.480006E-3
1.503500E-7	1.586209E-3
1.504000E-7	1.659866E-3
1.504500E-7	1.709541E-3
1.505000E-7	1.721532E-3
1.505500E-7	1.682134E-3
1.506000E-7	1.615329E-3
1.506500E-7	1.531395E-3
1.507000E-7	1.418340E-3
1.507500E-7	1.260749E-3
1.508000E-7	1.098018E-3
1.508500E-7	9.489916E-4
1.509000E-7	8.119556E-4
1.509500E-7	7.057527E-4
1.510000E-7	6.509383E-4
1.510500E-7	6.389477E-4
1.511000E-7	6.423736E-4
1.511500E-7	6.714937E-4
1.512000E-7	7.417247E-4
1.512500E-7	8.342240E-4
1.513000E-7	9.095938E-4
1.513500E-7	9.438528E-4
1.514000E-7	9.558434E-4
1.514500E-7	9.695470E-4
1.515000E-7	9.918154E-4
1.515500E-7	9.901024E-4
1.516000E-7	9.489916E-4
1.516500E-7	8.993161E-4
1.517000E-7	8.547794E-4
1.517500E-7	7.828355E-4
1.518000E-7	6.989009E-4
1.518500E-7	6.406606E-4
1.519000E-7	6.166793E-4
1.519500E-7	6.098275E-4
1.520000E-7	6.303829E-4
1.520500E-7	6.800585E-4
1.521000E-7	7.554283E-4
1.521500E-7	8.376499E-4
1.522000E-7	9.027420E-4
1.522500E-7	9.507046E-4
1.523000E-7	9.798247E-4
1.523500E-7	9.901024E-4
1.524000E-7	1.007232E-3
1.524500E-7	1.053482E-3
1.525000E-7	1.103157E-3
1.525500E-7	1.110009E-3
1.526000E-7	1.101444E-3
1.526500E-7	1.108296E-3
1.527000E-7	1.111722E-3
1.527500E-7	1.101444E-3
1.528000E-7	1.104870E-3
1.528500E-7	1.115148E-3
1.529000E-7	1.120287E-3
1.529500E-7	1.122000E-3
1.530000E-7	1.106583E-3
1.530500E-7	1.082602E-3
1.531000E-7	1.111722E-3
1.531500E-7	1.168249E-3
1.532000E-7	1.175101E-3
1.532500E-7	1.164823E-3
1.533000E-7	1.166536E-3
1.533500E-7	1.133990E-3
1.534000E-7	1.062046E-3
1.534500E-7	1.007232E-3
1.535000E-7	9.267233E-4
1.535500E-7	8.051038E-4
1.536000E-7	7.006139E-4
1.536500E-7	6.509383E-4
1.537000E-7	6.046887E-4
1.537500E-7	5.550131E-4
1.538000E-7	5.241800E-4
1.538500E-7	4.864951E-4
1.539000E-7	4.316807E-4
1.539500E-7	3.820052E-4
1.540000E-7	3.426073E-4
1.540500E-7	3.408944E-4
1.541000E-7	4.076994E-4
1.541500E-7	5.001987E-4
1.542000E-7	5.584390E-4
1.542500E-7	5.858462E-4
1.543000E-7	5.926980E-4
1.543500E-7	5.892721E-4
1.544000E-7	5.909851E-4
1.544500E-7	5.995498E-4
1.545000E-7	5.670038E-4
1.545500E-7	4.693656E-4
1.546000E-7	3.717275E-4
1.546500E-7	3.032095E-4
1.547000E-7	2.209879E-4
1.547500E-7	1.062202E-4
1.548000E-7	-3.408592E-6
1.548500E-7	-8.049134E-5
1.549000E-7	-1.010467E-4
1.549500E-7	-8.905610E-5
1.550000E-7	-5.651004E-5
1.550500E-7	2.399861E-5
1.551000E-7	1.747382E-4
1.551500E-7	3.254778E-4
1.552000E-7	4.196901E-4
1.552500E-7	5.258930E-4
1.553000E-7	6.595031E-4
1.553500E-7	7.263081E-4
1.554000E-7	7.006139E-4
1.554500E-7	6.629290E-4
1.555000E-7	6.098275E-4
1.555500E-7	5.293189E-4
1.556000E-7	4.745045E-4
1.556500E-7	4.590879E-4
1.557000E-7	4.573750E-4
1.557500E-7	4.642268E-4
1.558000E-7	4.882081E-4
1.558500E-7	5.087635E-4
1.559000E-7	5.515872E-4
1.559500E-7	6.475124E-4
1.560000E-7	7.674189E-4
1.560500E-7	8.976031E-4
1.561000E-7	1.034639E-3
1.561500E-7	1.135703E-3
1.562000E-7	1.175101E-3
1.562500E-7	1.185379E-3
1.563000E-7	1.156259E-3
1.563500E-7	1.074037E-3
1.564000E-7	9.866765E-4
1.564500E-7	9.095938E-4
1.565000E-7	8.016779E-4
1.565500E-7	6.869103E-4
1.566000E-7	6.201052E-4
1.566500E-7	5.652908E-4
1.567000E-7	4.933469E-4
1.567500E-7	4.419584E-4
1.568000E-7	4.402455E-4
1.568500E-7	4.916340E-4
1.569000E-7	5.807074E-4
1.569500E-7	6.766326E-4
1.570000E-7	7.400117E-4
1.570500E-7	7.999650E-4
1.571000E-7	8.582053E-4
1.571500E-7	8.667700E-4
1.572000E-7	8.410758E-4
1.572500E-7	8.256592E-4
1.573000E-7	8.222333E-4
1.573500E-7	7.931132E-4
1.574000E-7	7.245952E-4
1.574500E-7	6.577901E-4
1.575000E-7	6.029757E-4
1.575500E-7	5.533002E-4
1.576000E-7	5.276059E-4
1.576500E-7	5.498743E-4
1.577000E-7	6.406606E-4
1.577500E-7	7.742707E-4
1.578000E-7	9.147326E-4
1.578500E-7	1.050056E-3
1.579000E-7	1.195656E-3
1.579500E-7	1.324128E-3
1.580000E-7	1.390933E-3
1.580500E-7	1.404636E-3
1.581000E-7	1.425192E-3
1.581500E-7	1.409775E-3
1.582000E-7	1.332692E-3
1.582500E-7	1.241906E-3
1.583000E-7	1.175101E-3
1.583500E-7	1.104870E-3
1.584000E-7	1.014084E-3
1.584500E-7	9.455657E-4
1.585000E-7	9.198715E-4
1.585500E-7	9.267233E-4
1.586000E-7	9.541305E-4
1.586500E-7	9.798247E-4
1.587000E-7	1.007232E-3
1.587500E-7	1.031213E-3
1.588000E-7	1.036352E-3
1.588500E-7	1.015797E-3
1.589000E-7	9.832506E-4
1.589500E-7	9.335751E-4
1.590000E-7	8.684830E-4
1.590500E-7	8.068168E-4
1.591000E-7	7.520024E-4
1.591500E-7	6.680678E-4
1.592000E-7	5.567261E-4
1.592500E-7	4.762174E-4
1.593000E-7	4.316807E-4
1.593500E-7	3.922829E-4
1.594000E-7	3.563109E-4
1.594500E-7	3.443203E-4
1.595000E-7	3.700145E-4
1.595500E-7	4.316807E-4
1.596000E-7	5.156153E-4
1.596500E-7	6.201052E-4
1.597000E-7	7.434376E-4
1.597500E-7	8.616312E-4
1.598000E-7	9.661211E-4
1.598500E-7	1.055195E-3
1.599000E-7	1.104870E-3
1.599500E-7	1.111722E-3
1.600000E-7	1.089454E-3
1.600500E-7	1.068898E-3
1.601000E-7	1.058620E-3
1.601500E-7	1.051769E-3
1.602000E-7	1.032926E-3
1.602500E-7	1.019223E-3
1.603000E-7	1.039778E-3
1.603500E-7	1.075750E-3
1.604000E-7	1.091166E-3
1.604500E-7	1.108296E-3
1.605000E-7	1.122000E-3
1.605500E-7	1.111722E-3
1.606000E-7	1.074037E-3
1.606500E-7	1.034639E-3
1.607000E-7	9.815377E-4
1.607500E-7	8.941772E-4
1.608000E-7	7.896873E-4
1.608500E-7	6.937621E-4
1.609000E-7	6.098275E-4
1.609500E-7	5.310318E-4
1.610000E-7	4.916340E-4
1.610500E-7	5.241800E-4
1.611000E-7	5.961239E-4
1.611500E-7	6.646419E-4
1.612000E-7	7.023268E-4
1.612500E-7	7.057527E-4
1.613000E-7	7.160304E-4
1.613500E-7	7.365858E-4
1.614000E-7	7.434376E-4
1.614500E-7	7.468635E-4
1.615000E-7	7.914002E-4
1.615500E-7	8.445017E-4
1.616000E-7	8.616312E-4
1.616500E-7	8.890384E-4
1.617000E-7	9.626952E-4
1.617500E-7	1.036352E-3
1.618000E-7	1.125425E-3
1.618500E-7	1.257323E-3
1.619000E-7	1.373803E-3
1.619500E-7	1.401210E-3
1.620000E-7	1.378942E-3
1.620500E-7	1.370377E-3
1.621000E-7	1.384081E-3
1.621500E-7	1.392646E-3
1.622000E-7	1.402923E-3
1.622500E-7	1.440608E-3
1.623000E-7	1.507413E-3
1.623500E-7	1.555376E-3
1.624000E-7	1.534821E-3
1.624500E-7	1.461164E-3
1.625000E-7	1.342970E-3
1.625500E-7	1.178527E-3
1.626000E-7	1.008945E-3
1.626500E-7	8.719089E-4
1.627000E-7	7.537153E-4
1.627500E-7	6.560772E-4
1.628000E-7	5.926980E-4
1.628500E-7	5.567261E-4
1.629000E-7	5.378836E-4
1.629500E-7	5.481613E-4
1.630000E-7	5.789944E-4
1.630500E-7	6.064016E-4
1.631000E-7	6.526513E-4
1.631500E-7	7.160304E-4
1.632000E-7	7.571412E-4
1.632500E-7	7.605671E-4
1.633000E-7	7.588542E-4
1.633500E-7	7.588542E-4
1.634000E-7	7.382988E-4
1.634500E-7	7.365858E-4
1.635000E-7	8.033909E-4
1.635500E-7	9.250103E-4
1.636000E-7	1.043204E-3
1.636500E-7	1.144268E-3
1.637000E-7	1.243619E-3
1.637500E-7	1.329267E-3
1.638000E-7	1.413201E-3
1.638500E-7	1.495423E-3
1.639000E-7	1.526256E-3
1.639500E-7	1.505700E-3
1.640000E-7	1.491997E-3
1.640500E-7	1.486858E-3
1.641000E-7	1.461164E-3
1.641500E-7	1.421766E-3
1.642000E-7	1.387507E-3
1.642500E-7	1.336118E-3
1.643000E-7	1.272739E-3
1.643500E-7	1.202508E-3
1.644000E-7	1.137416E-3
1.644500E-7	1.099731E-3
1.645000E-7	1.079176E-3
1.645500E-7	1.010658E-3
1.646000E-7	9.113067E-4
1.646500E-7	8.222333E-4
1.647000E-7	7.365858E-4
1.647500E-7	6.406606E-4
1.648000E-7	5.909851E-4
1.648500E-7	6.286700E-4
1.649000E-7	7.194563E-4
1.649500E-7	8.256592E-4
1.650000E-7	9.507046E-4
1.650500E-7	1.106583E-3
1.651000E-7	1.272739E-3
1.651500E-7	1.409775E-3
1.652000E-7	1.503987E-3
1.652500E-7	1.572505E-3
1.653000E-7	1.586209E-3
1.653500E-7	1.486858E-3
1.654000E-7	1.320702E-3
1.654500E-7	1.159684E-3
1.655000E-7	1.005519E-3
1.655500E-7	8.410758E-4
1.656000E-7	6.937621E-4
1.656500E-7	5.789944E-4
1.657000E-7	4.967728E-4
1.657500E-7	4.488102E-4
1.658000E-7	4.727915E-4
1.658500E-7	5.772815E-4
1.659000E-7	7.245952E-4
1.659500E-7	8.462146E-4
1.660000E-7	9.318621E-4
1.660500E-7	1.014084E-3
1.661000E-7	1.079176E-3
1.661500E-7	1.060333E-3
1.662000E-7	9.901024E-4
1.662500E-7	9.387139E-4
1.663000E-7	8.976031E-4
1.663500E-7	8.119556E-4
1.664000E-7	7.040398E-4
1.664500E-7	6.475124E-4
1.665000E-7	6.543642E-4
1.665500E-7	6.646419E-4
1.666000E-7	6.577901E-4
1.666500E-7	6.577901E-4
1.667000E-7	6.526513E-4
1.667500E-7	6.509383E-4
1.668000E-7	6.851973E-4
1.668500E-7	7.400117E-4
1.669000E-7	7.691319E-4
1.669500E-7	7.485765E-4
1.670000E-7	6.937621E-4
1.670500E-7	6.389477E-4
1.671000E-7	5.875592E-4
1.671500E-7	5.156153E-4
1.672000E-7	4.333937E-4
1.672500E-7	3.648757E-4
1.673000E-7	2.946447E-4
1.673500E-7	2.227008E-4
1.674000E-7	1.884418E-4
1.674500E-7	2.089972E-4
1.675000E-7	2.535339E-4
1.675500E-7	3.152001E-4
1.676000E-7	3.939958E-4
1.676500E-7	4.573750E-4
1.677000E-7	4.830692E-4
1.677500E-7	4.916340E-4
1.678000E-7	5.053376E-4
1.678500E-7	5.344577E-4
1.679000E-7	5.704297E-4
1.679500E-7	6.012628E-4
1.680000E-7	6.046887E-4
1.680500E-7	5.926980E-4
1.681000E-7	5.652908E-4
1.681500E-7	5.139023E-4
1.682000E-7	4.625138E-4
1.682500E-7	4.470973E-4
1.683000E-7	4.556620E-4
1.683500E-7	4.470973E-4
1.684000E-7	4.145512E-4
1.684500E-7	3.785793E-4
1.685000E-7	3.323296E-4
1.685500E-7	2.432562E-4
1.686000E-7	1.302015E-4
1.686500E-7	5.997056E-5
1.687000E-7	6.339646E-5
1.687500E-7	9.765546E-5
1.688000E-7	1.404792E-4
1.688500E-7	2.381174E-4
1.689000E-7	3.957088E-4
1.689500E-7	5.687167E-4
1.690000E-7	7.297340E-4
1.690500E-7	9.078808E-4
1.691000E-7	1.110009E-3
1.691500E-7	1.289869E-3
1.692000E-7	1.413201E-3
1.692500E-7	1.503987E-3
1.693000E-7	1.553663E-3
1.693500E-7	1.533108E-3
1.694000E-7	1.428618E-3
1.694500E-7	1.267600E-3
1.695000E-7	1.072324E-3
1.695500E-7	8.599182E-4
1.696000E-7	6.595031E-4
1.696500E-7	5.258930E-4
1.697000E-7	5.001987E-4
1.697500E-7	5.584390E-4
1.698000E-7	6.286700E-4
1.698500E-7	6.989009E-4
1.699000E-7	8.033909E-4
1.699500E-7	9.215844E-4
1.700000E-7	9.746859E-4
1.700500E-7	9.798247E-4
1.701000E-7	9.729729E-4
1.701500E-7	9.524175E-4
1.702000E-7	9.061679E-4
1.702500E-7	8.342240E-4
1.703000E-7	7.571412E-4
1.703500E-7	6.851973E-4
1.704000E-7	6.132534E-4
1.704500E-7	5.344577E-4
1.705000E-7	4.882081E-4
1.705500E-7	5.036246E-4
1.706000E-7	5.567261E-4
1.706500E-7	6.406606E-4
1.707000E-7	7.845484E-4
1.707500E-7	9.455657E-4
1.708000E-7	1.068898E-3
1.708500E-7	1.164823E-3
1.709000E-7	1.248758E-3
1.709500E-7	1.276165E-3
1.710000E-7	1.241906E-3
1.710500E-7	1.173388E-3
1.711000E-7	1.074037E-3
1.711500E-7	9.250103E-4
1.712000E-7	7.502894E-4
1.712500E-7	5.909851E-4
1.713000E-7	4.573750E-4
1.713500E-7	3.597368E-4
1.714000E-7	2.946447E-4
1.714500E-7	2.483951E-4
1.715000E-7	2.364044E-4
1.715500E-7	2.740893E-4
1.716000E-7	3.477462E-4
1.716500E-7	4.539491E-4
1.717000E-7	5.978369E-4
1.717500E-7	7.365858E-4
1.718000E-7	8.205204E-4
1.718500E-7	9.010290E-4
1.719000E-7	1.012371E-3
1.719500E-7	1.080889E-3
1.720000E-7	1.094592E-3
1.720500E-7	1.127138E-3
1.721000E-7	1.173388E-3
1.721500E-7	1.142555E-3
1.722000E-7	1.063759E-3
1.722500E-7	1.014084E-3
1.723000E-7	1.005519E-3
1.723500E-7	1.003806E-3
1.724000E-7	1.024361E-3
1.724500E-7	1.050056E-3
1.725000E-7	1.051769E-3
1.725500E-7	1.067185E-3
1.726000E-7	1.123713E-3
1.726500E-7	1.204221E-3
1.727000E-7	1.272739E-3
1.727500E-7	1.317276E-3
1.728000E-7	1.348109E-3
1.728500E-7	1.366951E-3
1.729000E-7	1.342970E-3
1.729500E-7	1.226490E-3
1.730000E-7	1.053482E-3
1.730500E-7	9.147326E-4
1.731000E-7	8.342240E-4
1.731500E-7	7.691319E-4
1.732000E-7	7.126045E-4
1.732500E-7	6.834844E-4
1.733000E-7	6.509383E-4
1.733500E-7	6.286700E-4
1.734000E-7	6.406606E-4
1.734500E-7	6.766326E-4
1.735000E-7	7.040398E-4
1.735500E-7	7.417247E-4
1.736000E-7	8.205204E-4
1.736500E-7	9.130197E-4
1.737000E-7	9.901024E-4
1.737500E-7	1.053482E-3
1.738000E-7	1.072324E-3
1.738500E-7	1.039778E-3
1.739000E-7	9.935283E-4
1.739500E-7	9.438528E-4
1.740000E-7	8.582053E-4
1.740500E-7	7.605671E-4
1.741000E-7	6.920491E-4
1.741500E-7	5.995498E-4
1.742000E-7	4.608009E-4
1.742500E-7	3.289037E-4
1.743000E-7	2.398303E-4
1.743500E-7	1.439051E-4
1.744000E-7	6.853531E-5
1.744500E-7	4.969286E-5
1.745000E-7	5.311876E-5
1.745500E-7	4.112811E-5
1.746000E-7	3.770221E-5
1.746500E-7	5.654466E-5
1.747000E-7	1.062202E-4
1.747500E-7	1.884418E-4
1.748000E-7	3.032095E-4
1.748500E-7	4.590879E-4
1.749000E-7	6.595031E-4
1.749500E-7	8.667700E-4
1.750000E-7	1.029500E-3
1.750500E-7	1.164823E-3
1.751000E-7	1.277878E-3
1.751500E-7	1.324128E-3
1.752000E-7	1.310424E-3
1.752500E-7	1.279591E-3
1.753000E-7	1.233341E-3
1.753500E-7	1.113435E-3
1.754000E-7	9.609823E-4
1.754500E-7	8.393628E-4
1.755000E-7	7.468635E-4
1.755500E-7	6.492254E-4
1.756000E-7	5.789944E-4
1.756500E-7	5.721426E-4
1.757000E-7	6.235311E-4
1.757500E-7	7.160304E-4
1.758000E-7	8.376499E-4
1.758500E-7	9.524175E-4
1.759000E-7	1.058620E-3
1.759500E-7	1.127138E-3
1.760000E-7	1.128851E-3
1.760500E-7	1.077463E-3
1.761000E-7	1.022648E-3
1.761500E-7	9.626952E-4
1.762000E-7	8.462146E-4
1.762500E-7	6.971880E-4
1.763000E-7	5.670038E-4
1.763500E-7	4.368196E-4
1.764000E-7	3.169131E-4
1.764500E-7	2.415433E-4
1.765000E-7	2.398303E-4
1.765500E-7	2.895059E-4
1.766000E-7	3.580239E-4
1.766500E-7	4.333937E-4
1.767000E-7	5.036246E-4
1.767500E-7	5.875592E-4
1.768000E-7	6.766326E-4
1.768500E-7	7.434376E-4
1.769000E-7	7.811225E-4
1.769500E-7	7.794096E-4
1.770000E-7	7.297340E-4
1.770500E-7	6.697808E-4
1.771000E-7	6.389477E-4
1.771500E-7	6.046887E-4
1.772000E-7	5.515872E-4
1.772500E-7	5.276059E-4
1.773000E-7	5.327448E-4
1.773500E-7	5.310318E-4
1.774000E-7	5.498743E-4
1.774500E-7	5.926980E-4
1.775000E-7	6.440865E-4
1.775500E-7	7.040398E-4
1.776000E-7	7.520024E-4
1.776500E-7	7.708448E-4
1.777000E-7	7.862614E-4
1.777500E-7	7.879743E-4
1.778000E-7	7.485765E-4
1.778500E-7	7.040398E-4
1.779000E-7	7.314470E-4
1.779500E-7	7.708448E-4
1.780000E-7	7.451506E-4
1.780500E-7	6.971880E-4
1.781000E-7	6.834844E-4
1.781500E-7	6.560772E-4
1.782000E-7	6.235311E-4
1.782500E-7	6.492254E-4
1.783000E-7	7.280211E-4
1.783500E-7	7.742707E-4
1.784000E-7	8.051038E-4
1.784500E-7	8.907513E-4
1.785000E-7	9.935283E-4
1.785500E-7	1.029500E-3
1.786000E-7	1.017510E-3
1.786500E-7	1.022648E-3
1.787000E-7	1.041491E-3
1.787500E-7	1.017510E-3
1.788000E-7	9.592693E-4
1.788500E-7	8.873254E-4
1.789000E-7	8.102427E-4
1.789500E-7	7.417247E-4
1.790000E-7	6.989009E-4
1.790500E-7	6.989009E-4
1.791000E-7	7.348729E-4
1.791500E-7	7.948261E-4
1.792000E-7	8.667700E-4
1.792500E-7	9.455657E-4
1.793000E-7	1.019223E-3
1.793500E-7	1.058620E-3
1.794000E-7	1.039778E-3
1.794500E-7	9.952413E-4
1.795000E-7	9.352880E-4
1.795500E-7	8.479276E-4
1.796000E-7	7.417247E-4
1.796500E-7	6.783455E-4
1.797000E-7	6.612160E-4
1.797500E-7	6.697808E-4
1.798000E-7	7.143175E-4
1.798500E-7	8.359369E-4
1.799000E-7	1.014084E-3
1.799500E-7	1.180240E-3
1.800000E-7	1.318989E-3
1.800500E-7	1.452599E-3
1.801000E-7	1.557089E-3
1.801500E-7	1.593061E-3
1.802000E-7	1.558802E-3
1.802500E-7	1.498849E-3
1.803000E-7	1.414914E-3
1.803500E-7	1.279591E-3
1.804000E-7	1.089454E-3
1.804500E-7	9.027420E-4
1.805000E-7	7.502894E-4
1.805500E-7	6.355218E-4
1.806000E-7	5.190412E-4
1.806500E-7	4.556620E-4
1.807000E-7	4.899210E-4
1.807500E-7	5.789944E-4
1.808000E-7	6.612160E-4
1.808500E-7	7.348729E-4
1.809000E-7	8.119556E-4
1.809500E-7	8.753348E-4
1.810000E-7	9.164456E-4
1.810500E-7	9.472787E-4
1.811000E-7	9.455657E-4
1.811500E-7	8.787607E-4
1.812000E-7	7.999650E-4
1.812500E-7	7.280211E-4
1.813000E-7	6.629290E-4
1.813500E-7	5.944110E-4
1.814000E-7	5.224671E-4
1.814500E-7	4.573750E-4
1.815000E-7	4.162642E-4
1.815500E-7	4.042735E-4
1.816000E-7	4.196901E-4
1.816500E-7	4.727915E-4
1.817000E-7	5.807074E-4
1.817500E-7	7.314470E-4
1.818000E-7	9.095938E-4
1.818500E-7	1.092879E-3
1.819000E-7	1.243619E-3
1.819500E-7	1.349822E-3
1.820000E-7	1.428618E-3
1.820500E-7	1.469728E-3
1.821000E-7	1.425192E-3
1.821500E-7	1.312137E-3
1.822000E-7	1.168249E-3
1.822500E-7	1.027787E-3
1.823000E-7	9.215844E-4
1.823500E-7	8.359369E-4
1.824000E-7	7.811225E-4
1.824500E-7	7.931132E-4
1.825000E-7	8.462146E-4
1.825500E-7	8.924643E-4
1.826000E-7	9.558434E-4
1.826500E-7	1.075750E-3
1.827000E-7	1.199082E-3
1.827500E-7	1.272739E-3
1.828000E-7	1.360100E-3
1.828500E-7	1.491997E-3
1.829000E-7	1.584496E-3
1.829500E-7	1.582783E-3
1.830000E-7	1.539959E-3
1.830500E-7	1.507413E-3
1.831000E-7	1.447460E-3
1.831500E-7	1.306998E-3
1.832000E-7	1.108296E-3
1.832500E-7	9.010290E-4
1.833000E-7	6.989009E-4
1.833500E-7	5.001987E-4
1.834000E-7	3.254778E-4
1.834500E-7	1.918677E-4
1.835000E-7	9.594251E-5
1.835500E-7	6.510941E-5
1.836000E-7	1.062202E-4
1.836500E-7	1.798771E-4
1.837000E-7	2.689505E-4
1.837500E-7	3.631627E-4
1.838000E-7	4.488102E-4
1.838500E-7	5.447354E-4
1.839000E-7	6.732067E-4
1.839500E-7	7.965391E-4
1.840000E-7	8.804736E-4
1.840500E-7	9.575564E-4
1.841000E-7	1.048343E-3
1.841500E-7	1.116861E-3
1.842000E-7	1.154546E-3
1.842500E-7	1.214499E-3
1.843000E-7	1.291582E-3
1.843500E-7	1.342970E-3
1.844000E-7	1.353248E-3
1.844500E-7	1.390933E-3
1.845000E-7	1.481719E-3
1.845500E-7	1.569080E-3
1.846000E-7	1.598200E-3
1.846500E-7	1.586209E-3
1.847000E-7	1.557089E-3
1.847500E-7	1.486858E-3
1.848000E-7	1.396072E-3
1.848500E-7	1.327554E-3
1.849000E-7	1.250471E-3
1.849500E-7	1.128851E-3
1.850000E-7	1.015797E-3
1.850500E-7	9.626952E-4
1.851000E-7	9.370010E-4
1.851500E-7	9.044549E-4
1.852000E-7	8.770477E-4
1.852500E-7	8.599182E-4
1.853000E-7	8.427887E-4
1.853500E-7	8.325110E-4
1.854000E-7	8.393628E-4
1.854500E-7	8.496405E-4
1.855000E-7	8.376499E-4
1.855500E-7	7.811225E-4
1.856000E-7	6.971880E-4
1.856500E-7	6.183923E-4
1.857000E-7	5.378836E-4
1.857500E-7	4.214030E-4
1.858000E-7	2.809411E-4
1.858500E-7	2.209879E-4
1.859000E-7	2.398303E-4
1.859500E-7	2.689505E-4
1.860000E-7	3.066354E-4
1.860500E-7	4.231160E-4
1.861000E-7	5.926980E-4
1.861500E-7	7.417247E-4
1.862000E-7	8.993161E-4
1.862500E-7	1.103157E-3
1.863000E-7	1.281304E-3
1.863500E-7	1.380655E-3
1.864000E-7	1.435469E-3
1.864500E-7	1.450886E-3
1.865000E-7	1.385794E-3
1.865500E-7	1.265887E-3
1.866000E-7	1.115148E-3
1.866500E-7	9.301492E-4
1.867000E-7	7.588542E-4
1.867500E-7	6.286700E-4
1.868000E-7	5.019117E-4
1.868500E-7	3.631627E-4
1.869000E-7	2.980706E-4
1.869500E-7	3.134872E-4
1.870000E-7	3.631627E-4
1.870500E-7	4.642268E-4
1.871000E-7	6.303829E-4
1.871500E-7	7.914002E-4
1.872000E-7	8.976031E-4
1.872500E-7	9.901024E-4
1.873000E-7	1.072324E-3
1.873500E-7	1.099731E-3
1.874000E-7	1.079176E-3
1.874500E-7	1.044917E-3
1.875000E-7	9.883895E-4
1.875500E-7	8.804736E-4
1.876000E-7	7.776966E-4
1.876500E-7	7.348729E-4
1.877000E-7	7.314470E-4
1.877500E-7	7.485765E-4
1.878000E-7	8.136686E-4
1.878500E-7	9.387139E-4
1.879000E-7	1.067185E-3
1.879500E-7	1.147694E-3
1.880000E-7	1.193943E-3
1.880500E-7	1.228202E-3
1.881000E-7	1.277878E-3
1.881500E-7	1.325841E-3
1.882000E-7	1.341257E-3
1.882500E-7	1.310424E-3
1.883000E-7	1.245332E-3
1.883500E-7	1.169962E-3
1.884000E-7	1.113435E-3
1.884500E-7	1.063759E-3
1.885000E-7	1.027787E-3
1.885500E-7	1.010658E-3
1.886000E-7	9.832506E-4
1.886500E-7	9.027420E-4
1.887000E-7	7.948261E-4
1.887500E-7	7.143175E-4
1.888000E-7	6.595031E-4
1.888500E-7	6.012628E-4
1.889000E-7	5.464484E-4
1.889500E-7	5.070505E-4
1.890000E-7	4.796433E-4
1.890500E-7	4.590879E-4
1.891000E-7	4.488102E-4
1.891500E-7	4.436714E-4
1.892000E-7	4.470973E-4
1.892500E-7	4.745045E-4
1.893000E-7	5.447354E-4
1.893500E-7	6.046887E-4
1.894000E-7	6.372347E-4
1.894500E-7	6.783455E-4
1.895000E-7	7.485765E-4
1.895500E-7	8.085297E-4
1.896000E-7	8.290851E-4
1.896500E-7	8.582053E-4
1.897000E-7	9.130197E-4
1.897500E-7	9.644082E-4
1.898000E-7	1.015797E-3
1.898500E-7	1.091166E-3
1.899000E-7	1.145981E-3
1.899500E-7	1.168249E-3
1.900000E-7	1.187092E-3
1.900500E-7	1.200795E-3
1.901000E-7	1.195656E-3
1.901500E-7	1.175101E-3
1.902000E-7	1.166536E-3
1.902500E-7	1.154546E-3
1.903000E-7	1.123713E-3
1.903500E-7	1.056907E-3
1.904000E-7	9.404269E-4
1.904500E-7	7.914002E-4
1.905000E-7	6.457995E-4
1.905500E-7	5.053376E-4
1.906000E-7	3.631627E-4
1.906500E-7	2.141361E-4
1.907000E-7	5.311876E-5
1.907500E-7	-1.096115E-4
1.908000E-7	-2.500734E-4
1.908500E-7	-3.597022E-4
1.909000E-7	-4.436368E-4
1.909500E-7	-4.727569E-4
1.910000E-7	-4.573404E-4
1.910500E-7	-4.299332E-4
1.911000E-7	-3.494245E-4
1.911500E-7	-1.610000E-4
1.912000E-7	7.538711E-5
1.912500E-7	3.014965E-4
1.913000E-7	5.755685E-4
1.913500E-7	8.890384E-4
1.914000E-7	1.159684E-3
1.914500E-7	1.394359E-3
1.915000E-7	1.639311E-3
1.915500E-7	1.831161E-3
1.916000E-7	1.923660E-3
1.916500E-7	1.968197E-3
1.917000E-7	1.985326E-3
1.917500E-7	1.904818E-3
1.918000E-7	1.748939E-3
1.918500E-7	1.622181E-3
1.919000E-7	1.505700E-3
1.919500E-7	1.377229E-3
1.920000E-7	1.245332E-3
1.920500E-7	1.145981E-3
1.921000E-7	1.103157E-3
1.921500E-7	1.123713E-3
1.922000E-7	1.161397E-3
1.922500E-7	1.190518E-3
1.923000E-7	1.236767E-3
1.923500E-7	1.279591E-3
1.924000E-7	1.231628E-3
1.924500E-7	1.127138E-3
1.925000E-7	1.022648E-3
1.925500E-7	8.736218E-4
1.926000E-7	6.595031E-4
1.926500E-7	4.590879E-4
1.927000E-7	3.083483E-4
1.927500E-7	1.850159E-4
1.928000E-7	1.302015E-4
1.928500E-7	1.867289E-4
1.929000E-7	3.049224E-4
1.929500E-7	4.539491E-4
1.930000E-7	6.372347E-4
1.930500E-7	8.376499E-4
1.931000E-7	1.012371E-3
1.931500E-7	1.137416E-3
1.932000E-7	1.207647E-3
1.932500E-7	1.212786E-3
1.933000E-7	1.156259E-3
1.933500E-7	1.058620E-3
1.934000E-7	9.404269E-4
1.934500E-7	8.051038E-4
1.935000E-7	6.389477E-4
1.935500E-7	4.453843E-4
1.936000E-7	2.758023E-4
1.936500E-7	1.833030E-4
1.937000E-7	1.541828E-4
1.937500E-7	1.473310E-4
1.938000E-7	1.456181E-4
1.938500E-7	1.421922E-4
1.939000E-7	1.370533E-4
1.939500E-7	1.199238E-4
1.940000E-7	7.710006E-5
1.940500E-7	6.869108E-6
1.941000E-7	-6.678774E-5
1.941500E-7	-1.404446E-4
1.942000E-7	-2.003978E-4
1.942500E-7	-2.175273E-4
1.943000E-7	-1.695647E-4
1.943500E-7	-7.706544E-5
1.944000E-7	4.797991E-5
1.944500E-7	2.381174E-4
1.945000E-7	4.899210E-4
1.945500E-7	7.571412E-4
1.946000E-7	9.849636E-4
1.946500E-7	1.169962E-3
1.947000E-7	1.312137E-3
1.947500E-7	1.380655E-3
1.948000E-7	1.366951E-3
1.948500E-7	1.293295E-3
1.949000E-7	1.169962E-3
1.949500E-7	1.017510E-3
1.950000E-7	8.599182E-4
1.950500E-7	7.331599E-4
1.951000E-7	6.389477E-4
1.951500E-7	5.738556E-4
1.952000E-7	5.395966E-4
1.952500E-7	5.413095E-4
1.953000E-7	5.858462E-4
1.953500E-7	6.543642E-4
1.954000E-7	7.382988E-4
1.954500E-7	8.376499E-4
1.955000E-7	9.421398E-4
1.955500E-7	1.015797E-3
1.956000E-7	1.072324E-3
1.956500E-7	1.133990E-3
1.957000E-7	1.193943E-3
1.957500E-7	1.217925E-3
1.958000E-7	1.217925E-3
1.958500E-7	1.235054E-3
1.959000E-7	1.265887E-3
1.959500E-7	1.301859E-3
1.960000E-7	1.375516E-3
1.960500E-7	1.503987E-3
1.961000E-7	1.639311E-3
1.961500E-7	1.719819E-3
1.962000E-7	1.736949E-3
1.962500E-7	1.700977E-3
1.963000E-7	1.629033E-3
1.963500E-7	1.515978E-3
1.964000E-7	1.380655E-3
1.964500E-7	1.231628E-3
1.965000E-7	1.110009E-3
1.965500E-7	1.005519E-3
1.966000E-7	8.924643E-4
1.966500E-7	7.828355E-4
1.967000E-7	7.126045E-4
1.967500E-7	6.697808E-4
1.968000E-7	6.526513E-4
1.968500E-7	6.817714E-4
1.969000E-7	7.400117E-4
1.969500E-7	7.725578E-4
1.970000E-7	7.794096E-4
1.970500E-7	7.862614E-4
1.971000E-7	7.828355E-4
1.971500E-7	7.520024E-4
1.972000E-7	7.126045E-4
1.972500E-7	6.851973E-4
1.973000E-7	6.697808E-4
1.973500E-7	6.732067E-4
1.974000E-7	7.023268E-4
1.974500E-7	7.520024E-4
1.975000E-7	8.188074E-4
1.975500E-7	8.907513E-4
1.976000E-7	9.626952E-4
1.976500E-7	1.043204E-3
1.977000E-7	1.108296E-3
1.977500E-7	1.101444E-3
1.978000E-7	1.024361E-3
1.978500E-7	9.215844E-4
1.979000E-7	8.205204E-4
1.979500E-7	7.297340E-4
1.980000E-7	6.663549E-4
1.980500E-7	6.372347E-4
1.981000E-7	6.252441E-4
1.981500E-7	6.389477E-4
1.982000E-7	6.714937E-4
1.982500E-7	6.937621E-4
1.983000E-7	7.160304E-4
1.983500E-7	7.314470E-4
1.984000E-7	7.280211E-4
1.984500E-7	6.920491E-4
1.985000E-7	6.166793E-4
1.985500E-7	5.001987E-4
1.986000E-7	3.528850E-4
1.986500E-7	2.124231E-4
1.987000E-7	9.594251E-5
1.987500E-7	8.582058E-6
1.988000E-7	-4.965824E-5
1.988500E-7	-7.021364E-5
1.989000E-7	-4.451939E-5
1.989500E-7	3.770221E-5
1.990000E-7	1.558958E-4
1.990500E-7	2.758023E-4
1.991000E-7	3.922829E-4
1.991500E-7	5.190412E-4
1.992000E-7	6.235311E-4
1.992500E-7	6.886232E-4
1.993000E-7	7.622801E-4
1.993500E-7	8.359369E-4
1.994000E-7	8.890384E-4
1.994500E-7	9.575564E-4
1.995000E-7	1.070611E-3
1.995500E-7	1.175101E-3
1.996000E-7	1.231628E-3
1.996500E-7	1.283017E-3
1.997000E-7	1.336118E-3
1.997500E-7	1.396072E-3
1.998000E-7	1.459451E-3
1.998500E-7	1.538246E-3
1.999000E-7	1.589635E-3
1.999500E-7	1.565654E-3
2.000000E-7	1.474867E-3
