Study Name	Tungsten_Calibration
Sample Name	2024-02-05
Run Name	spot00
Operator	Angus+Samantha
Date	2/5/2024
Time	12:22
Sign	POS
Grating Spacing	03.40um
Channel	3
Number Traces	10000
Files in Batch	1
Batch Number	1
dt	50.000001E-12
time stamp (ms)	12:23:45 PM
	
Time	Amplitude
0.000000E+0	-2.953110E-3
5.000000E-11	-3.019916E-3
1.000000E-10	-3.038758E-3
1.500000E-10	-3.033619E-3
2.000000E-10	-3.021628E-3
2.500000E-10	-2.989082E-3
3.000000E-10	-2.937694E-3
3.500000E-10	-2.886305E-3
4.000000E-10	-2.846908E-3
4.500000E-10	-2.828065E-3
5.000000E-10	-2.826352E-3
5.500000E-10	-2.831491E-3
6.000000E-10	-2.846908E-3
6.500000E-10	-2.891444E-3
7.000000E-10	-2.954823E-3
7.500000E-10	-3.009638E-3
8.000000E-10	-3.049036E-3
8.500000E-10	-3.081582E-3
9.000000E-10	-3.098711E-3
9.500000E-10	-3.103850E-3
1.000000E-9	-3.098711E-3
1.050000E-9	-3.086721E-3
1.100000E-9	-3.062739E-3
1.150000E-9	-3.025054E-3
1.200000E-9	-2.978805E-3
1.250000E-9	-2.923990E-3
1.300000E-9	-2.877741E-3
1.350000E-9	-2.858898E-3
1.400000E-9	-2.855472E-3
1.450000E-9	-2.840056E-3
1.500000E-9	-2.819500E-3
1.550000E-9	-2.821213E-3
1.600000E-9	-2.841769E-3
1.650000E-9	-2.870889E-3
1.700000E-9	-2.901722E-3
1.750000E-9	-2.930842E-3
1.800000E-9	-2.954823E-3
1.850000E-9	-2.985657E-3
1.900000E-9	-3.014777E-3
1.950000E-9	-3.028480E-3
2.000000E-9	-3.028480E-3
2.050000E-9	-3.019916E-3
2.100000E-9	-3.006212E-3
2.150000E-9	-2.987369E-3
2.200000E-9	-2.956536E-3
2.250000E-9	-2.901722E-3
2.300000E-9	-2.840056E-3
2.350000E-9	-2.797232E-3
2.400000E-9	-2.769825E-3
2.450000E-9	-2.745844E-3
2.500000E-9	-2.740705E-3
2.550000E-9	-2.750982E-3
2.600000E-9	-2.759547E-3
2.650000E-9	-2.762973E-3
2.700000E-9	-2.773251E-3
2.750000E-9	-2.781815E-3
2.800000E-9	-2.778390E-3
2.850000E-9	-2.771538E-3
2.900000E-9	-2.781815E-3
2.950000E-9	-2.816074E-3
3.000000E-9	-2.848621E-3
3.050000E-9	-2.858898E-3
3.100000E-9	-2.876028E-3
3.150000E-9	-2.920564E-3
3.200000E-9	-2.970240E-3
3.250000E-9	-3.001073E-3
3.300000E-9	-3.023341E-3
3.350000E-9	-3.050749E-3
3.400000E-9	-3.088434E-3
3.450000E-9	-3.114128E-3
3.500000E-9	-3.112415E-3
3.550000E-9	-3.083295E-3
3.600000E-9	-3.035332E-3
3.650000E-9	-2.973666E-3
3.700000E-9	-2.898296E-3
3.750000E-9	-2.824639E-3
3.800000E-9	-2.766399E-3
3.850000E-9	-2.727001E-3
3.900000E-9	-2.699594E-3
3.950000E-9	-2.692742E-3
4.000000E-9	-2.708159E-3
4.050000E-9	-2.730427E-3
4.100000E-9	-2.750982E-3
4.150000E-9	-2.781815E-3
4.200000E-9	-2.826352E-3
4.250000E-9	-2.877741E-3
4.300000E-9	-2.932555E-3
4.350000E-9	-2.977092E-3
4.400000E-9	-3.007925E-3
4.450000E-9	-3.021628E-3
4.500000E-9	-3.025054E-3
4.550000E-9	-3.007925E-3
4.600000E-9	-2.980518E-3
4.650000E-9	-2.966814E-3
4.700000E-9	-2.963388E-3
4.750000E-9	-2.958249E-3
4.800000E-9	-2.949685E-3
4.850000E-9	-2.932555E-3
4.900000E-9	-2.891444E-3
4.950000E-9	-2.829778E-3
5.000000E-9	-2.766399E-3
5.050000E-9	-2.697881E-3
5.100000E-9	-2.619085E-3
5.150000E-9	-2.548854E-3
5.200000E-9	-2.500892E-3
5.250000E-9	-2.475197E-3
5.300000E-9	-2.468346E-3
5.350000E-9	-2.478623E-3
5.400000E-9	-2.497466E-3
5.450000E-9	-2.521447E-3
5.500000E-9	-2.545428E-3
5.550000E-9	-2.564271E-3
5.600000E-9	-2.574549E-3
5.650000E-9	-2.577974E-3
5.700000E-9	-2.579687E-3
5.750000E-9	-2.586539E-3
5.800000E-9	-2.607095E-3
5.850000E-9	-2.637928E-3
5.900000E-9	-2.670474E-3
5.950000E-9	-2.699594E-3
6.000000E-9	-2.720149E-3
6.050000E-9	-2.745844E-3
6.100000E-9	-2.780103E-3
6.150000E-9	-2.809223E-3
6.200000E-9	-2.824639E-3
6.250000E-9	-2.841769E-3
6.300000E-9	-2.850333E-3
6.350000E-9	-2.822926E-3
6.400000E-9	-2.762973E-3
6.450000E-9	-2.711585E-3
6.500000E-9	-2.684177E-3
6.550000E-9	-2.675613E-3
6.600000E-9	-2.667048E-3
6.650000E-9	-2.649918E-3
6.700000E-9	-2.641354E-3
6.750000E-9	-2.660196E-3
6.800000E-9	-2.701307E-3
6.850000E-9	-2.728714E-3
6.900000E-9	-2.721862E-3
6.950000E-9	-2.703020E-3
7.000000E-9	-2.691029E-3
7.050000E-9	-2.687603E-3
7.100000E-9	-2.680751E-3
7.150000E-9	-2.665335E-3
7.200000E-9	-2.651631E-3
7.250000E-9	-2.656770E-3
7.300000E-9	-2.679038E-3
7.350000E-9	-2.703020E-3
7.400000E-9	-2.728714E-3
7.450000E-9	-2.769825E-3
7.500000E-9	-2.814362E-3
7.550000E-9	-2.853759E-3
7.600000E-9	-2.894870E-3
7.650000E-9	-2.929129E-3
7.700000E-9	-2.942833E-3
7.750000E-9	-2.939407E-3
7.800000E-9	-2.935981E-3
7.850000E-9	-2.913713E-3
7.900000E-9	-2.862324E-3
7.950000E-9	-2.812649E-3
8.000000E-9	-2.771538E-3
8.050000E-9	-2.727001E-3
8.100000E-9	-2.677326E-3
8.150000E-9	-2.627650E-3
8.200000E-9	-2.574549E-3
8.250000E-9	-2.516308E-3
8.300000E-9	-2.471771E-3
8.350000E-9	-2.449503E-3
8.400000E-9	-2.444364E-3
8.450000E-9	-2.459781E-3
8.500000E-9	-2.492327E-3
8.550000E-9	-2.531725E-3
8.600000E-9	-2.562558E-3
8.650000E-9	-2.601956E-3
8.700000E-9	-2.667048E-3
8.750000E-9	-2.740705E-3
8.800000E-9	-2.804084E-3
8.850000E-9	-2.852046E-3
8.900000E-9	-2.894870E-3
8.950000E-9	-2.915426E-3
9.000000E-9	-2.917139E-3
9.050000E-9	-2.922277E-3
9.100000E-9	-2.932555E-3
9.150000E-9	-2.935981E-3
9.200000E-9	-2.941120E-3
9.250000E-9	-2.965101E-3
9.300000E-9	-3.006212E-3
9.350000E-9	-3.049036E-3
9.400000E-9	-3.074730E-3
9.450000E-9	-3.083295E-3
9.500000E-9	-3.105563E-3
9.550000E-9	-3.138109E-3
9.600000E-9	-3.151813E-3
9.650000E-9	-3.120980E-3
9.700000E-9	-3.071304E-3
9.750000E-9	-3.011351E-3
9.800000E-9	-2.937694E-3
9.850000E-9	-2.869176E-3
9.900000E-9	-2.814362E-3
9.950000E-9	-2.773251E-3
1.000000E-8	-2.756121E-3
1.005000E-8	-2.771538E-3
1.010000E-8	-2.786954E-3
1.015000E-8	-2.798945E-3
1.020000E-8	-2.831491E-3
1.025000E-8	-2.867463E-3
1.030000E-8	-2.874315E-3
1.035000E-8	-2.865750E-3
1.040000E-8	-2.857185E-3
1.045000E-8	-2.826352E-3
1.050000E-8	-2.778390E-3
1.055000E-8	-2.745844E-3
1.060000E-8	-2.716723E-3
1.065000E-8	-2.670474E-3
1.070000E-8	-2.641354E-3
1.075000E-8	-2.648205E-3
1.080000E-8	-2.663622E-3
1.085000E-8	-2.672187E-3
1.090000E-8	-2.692742E-3
1.095000E-8	-2.744131E-3
1.100000E-8	-2.805797E-3
1.105000E-8	-2.855472E-3
1.110000E-8	-2.879454E-3
1.115000E-8	-2.912000E-3
1.120000E-8	-2.946259E-3
1.125000E-8	-2.939407E-3
1.130000E-8	-2.896583E-3
1.135000E-8	-2.862324E-3
1.140000E-8	-2.838343E-3
1.145000E-8	-2.798945E-3
1.150000E-8	-2.749269E-3
1.155000E-8	-2.706446E-3
1.160000E-8	-2.661909E-3
1.165000E-8	-2.613946E-3
1.170000E-8	-2.586539E-3
1.175000E-8	-2.576261E-3
1.180000E-8	-2.543715E-3
1.185000E-8	-2.444364E-3
1.190000E-8	-2.250801E-3
1.195000E-8	-1.915063E-3
1.200000E-8	-1.384048E-3
1.205000E-8	-5.789617E-4
1.210000E-8	5.550112E-4
1.215000E-8	2.057268E-3
1.220000E-8	3.948365E-3
1.225000E-8	6.231728E-3
1.230000E-8	8.864532E-3
1.235000E-8	1.175770E-2
1.240000E-8	1.481875E-2
1.245000E-8	1.793289E-2
1.250000E-8	2.093398E-2
1.255000E-8	2.366785E-2
1.260000E-8	2.607283E-2
1.265000E-8	2.811980E-2
1.270000E-8	2.979849E-2
1.275000E-8	3.111404E-2
1.280000E-8	3.209556E-2
1.285000E-8	3.274991E-2
1.290000E-8	3.308907E-2
1.295000E-8	3.312504E-2
1.300000E-8	3.283727E-2
1.305000E-8	3.228912E-2
1.310000E-8	3.151144E-2
1.315000E-8	3.045284E-2
1.320000E-8	2.909790E-2
1.325000E-8	2.751685E-2
1.330000E-8	2.579362E-2
1.335000E-8	2.392136E-2
1.340000E-8	2.194633E-2
1.345000E-8	1.991649E-2
1.350000E-8	1.795516E-2
1.355000E-8	1.615827E-2
1.360000E-8	1.469541E-2
1.365000E-8	1.363852E-2
1.370000E-8	1.298932E-2
1.375000E-8	1.279233E-2
1.380000E-8	1.308695E-2
1.385000E-8	1.375843E-2
1.390000E-8	1.467143E-2
1.395000E-8	1.578828E-2
1.400000E-8	1.704216E-2
1.405000E-8	1.829432E-2
1.410000E-8	1.944714E-2
1.415000E-8	2.046634E-2
1.420000E-8	2.127828E-2
1.425000E-8	2.182471E-2
1.430000E-8	2.210906E-2
1.435000E-8	2.210392E-2
1.440000E-8	2.178189E-2
1.445000E-8	2.117722E-2
1.450000E-8	2.031046E-2
1.455000E-8	1.919019E-2
1.460000E-8	1.786608E-2
1.465000E-8	1.633642E-2
1.470000E-8	1.462861E-2
1.475000E-8	1.287969E-2
1.480000E-8	1.121813E-2
1.485000E-8	9.659341E-3
1.490000E-8	8.266712E-3
1.495000E-8	7.175563E-3
1.500000E-8	6.442421E-3
1.505000E-8	6.082701E-3
1.510000E-8	6.137515E-3
1.515000E-8	6.574318E-3
1.520000E-8	7.333155E-3
1.525000E-8	8.386619E-3
1.530000E-8	9.661054E-3
1.535000E-8	1.103655E-2
1.540000E-8	1.244460E-2
1.545000E-8	1.379440E-2
1.550000E-8	1.495921E-2
1.555000E-8	1.587564E-2
1.560000E-8	1.652998E-2
1.565000E-8	1.686915E-2
1.570000E-8	1.685202E-2
1.575000E-8	1.650600E-2
1.580000E-8	1.586707E-2
1.585000E-8	1.493351E-2
1.590000E-8	1.372760E-2
1.595000E-8	1.230242E-2
1.600000E-8	1.073336E-2
1.605000E-8	9.075225E-3
1.610000E-8	7.408524E-3
1.615000E-8	5.834323E-3
1.620000E-8	4.460537E-3
1.625000E-8	3.341981E-3
1.630000E-8	2.521478E-3
1.635000E-8	2.057268E-3
1.640000E-8	1.999028E-3
1.645000E-8	2.327915E-3
1.650000E-8	3.001104E-3
1.655000E-8	4.010031E-3
1.660000E-8	5.291318E-3
1.665000E-8	6.747326E-3
1.670000E-8	8.273564E-3
1.675000E-8	9.782673E-3
1.680000E-8	1.118901E-2
1.685000E-8	1.242576E-2
1.690000E-8	1.343640E-2
1.695000E-8	1.414556E-2
1.700000E-8	1.447616E-2
1.705000E-8	1.442648E-2
1.710000E-8	1.403764E-2
1.715000E-8	1.333019E-2
1.720000E-8	1.231441E-2
1.725000E-8	1.103484E-2
1.730000E-8	9.573693E-3
1.735000E-8	7.966946E-3
1.740000E-8	6.260848E-3
1.745000E-8	4.580444E-3
1.750000E-8	3.055918E-3
1.755000E-8	1.767780E-3
1.760000E-8	7.537135E-4
1.765000E-8	9.080178E-5
1.770000E-8	-1.747055E-4
1.775000E-8	-6.507667E-5
1.780000E-8	3.922810E-4
1.785000E-8	1.199080E-3
1.790000E-8	2.307359E-3
1.795000E-8	3.622905E-3
1.800000E-8	5.066922E-3
1.805000E-8	6.569179E-3
1.810000E-8	8.021761E-3
1.815000E-8	9.335593E-3
1.820000E-8	1.044216E-2
1.825000E-8	1.127123E-2
1.830000E-8	1.176627E-2
1.835000E-8	1.190844E-2
1.840000E-8	1.168919E-2
1.845000E-8	1.112563E-2
1.850000E-8	1.024003E-2
1.855000E-8	9.078651E-3
1.860000E-8	7.677458E-3
1.865000E-8	6.089553E-3
1.870000E-8	4.429704E-3
1.875000E-8	2.798976E-3
1.880000E-8	1.265886E-3
1.885000E-8	-1.147522E-4
1.890000E-8	-1.235022E-3
1.895000E-8	-2.016127E-3
1.900000E-8	-2.415244E-3
1.905000E-8	-2.411818E-3
1.910000E-8	-2.005849E-3
1.915000E-8	-1.233309E-3
1.920000E-8	-1.507242E-4
1.925000E-8	1.181951E-3
1.930000E-8	2.667079E-3
1.935000E-8	4.203595E-3
1.940000E-8	5.722982E-3
1.945000E-8	7.153295E-3
1.950000E-8	8.398610E-3
1.955000E-8	9.368139E-3
1.960000E-8	9.991653E-3
1.965000E-8	1.023147E-2
1.970000E-8	1.009614E-2
1.975000E-8	9.616517E-3
1.980000E-8	8.802866E-3
1.985000E-8	7.682596E-3
1.990000E-8	6.301959E-3
1.995000E-8	4.732896E-3
2.000000E-8	3.057631E-3
2.005000E-8	1.372088E-3
2.010000E-8	-2.329458E-4
2.015000E-8	-1.646130E-3
2.020000E-8	-2.797232E-3
2.025000E-8	-3.657133E-3
2.030000E-8	-4.189860E-3
2.035000E-8	-4.335461E-3
2.040000E-8	-4.097361E-3
2.045000E-8	-3.513245E-3
2.050000E-8	-2.596817E-3
2.055000E-8	-1.387474E-3
2.060000E-8	1.728377E-6
2.065000E-8	1.488569E-3
2.070000E-8	3.009669E-3
2.075000E-8	4.453686E-3
2.080000E-8	5.717843E-3
2.085000E-8	6.752465E-3
2.090000E-8	7.513014E-3
2.095000E-8	7.930974E-3
2.100000E-8	7.978937E-3
2.105000E-8	7.686022E-3
2.110000E-8	7.072786E-3
2.115000E-8	6.130664E-3
2.120000E-8	4.900766E-3
2.125000E-8	3.470452E-3
2.130000E-8	1.906529E-3
2.135000E-8	2.620968E-4
2.140000E-8	-1.368632E-3
2.145000E-8	-2.857185E-3
2.150000E-8	-4.111065E-3
2.155000E-8	-5.101150E-3
2.160000E-8	-5.765774E-3
2.165000E-8	-6.050124E-3
2.170000E-8	-5.938782E-3
2.175000E-8	-5.471147E-3
2.180000E-8	-4.676338E-3
2.185000E-8	-3.595467E-3
2.190000E-8	-2.290199E-3
2.195000E-8	-8.256265E-4
2.200000E-8	7.211674E-4
2.205000E-8	2.257684E-3
2.210000E-8	3.684571E-3
2.215000E-8	4.919608E-3
2.220000E-8	5.904554E-3
2.225000E-8	6.586308E-3
2.230000E-8	6.913482E-3
2.235000E-8	6.865519E-3
2.240000E-8	6.445846E-3
2.245000E-8	5.671593E-3
2.250000E-8	4.571879E-3
2.255000E-8	3.211797E-3
2.260000E-8	1.653012E-3
2.265000E-8	-2.910472E-5
2.270000E-8	-1.736916E-3
2.275000E-8	-3.359080E-3
2.280000E-8	-4.827078E-3
2.285000E-8	-6.060402E-3
2.290000E-8	-6.954562E-3
2.295000E-8	-7.434188E-3
2.300000E-8	-7.500993E-3
2.305000E-8	-7.175532E-3
2.310000E-8	-6.456093E-3
2.315000E-8	-5.375222E-3
2.320000E-8	-4.021991E-3
2.325000E-8	-2.488901E-3
2.330000E-8	-8.581725E-4
2.335000E-8	7.742689E-4
2.340000E-8	2.300507E-3
2.345000E-8	3.641747E-3
2.350000E-8	4.736322E-3
2.355000E-8	5.525992E-3
2.360000E-8	5.971359E-3
2.365000E-8	6.062146E-3
2.370000E-8	5.798351E-3
2.375000E-8	5.176550E-3
2.380000E-8	4.234428E-3
2.385000E-8	3.052492E-3
2.390000E-8	1.718104E-3
2.395000E-8	2.655227E-4
2.400000E-8	-1.264142E-3
2.405000E-8	-2.792093E-3
2.410000E-8	-4.205277E-3
2.415000E-8	-5.414620E-3
2.420000E-8	-6.379011E-3
2.425000E-8	-7.071042E-3
2.430000E-8	-7.427336E-3
2.435000E-8	-7.394790E-3
2.440000E-8	-6.988821E-3
2.445000E-8	-6.255678E-3
2.450000E-8	-5.210779E-3
2.455000E-8	-3.908937E-3
2.460000E-8	-2.446077E-3
2.465000E-8	-9.129870E-4
2.470000E-8	6.098256E-4
2.475000E-8	2.028148E-3
2.480000E-8	3.275176E-3
2.485000E-8	4.290955E-3
2.490000E-8	4.991552E-3
2.495000E-8	5.303309E-3
2.500000E-8	5.236504E-3
2.505000E-8	4.809979E-3
2.510000E-8	4.027161E-3
2.515000E-8	2.930873E-3
2.520000E-8	1.599911E-3
2.525000E-8	9.422768E-5
2.530000E-8	-1.486825E-3
2.535000E-8	-3.037045E-3
2.540000E-8	-4.499904E-3
2.545000E-8	-5.813737E-3
2.550000E-8	-6.846646E-3
2.555000E-8	-7.516409E-3
2.560000E-8	-7.831592E-3
2.565000E-8	-7.780204E-3
2.570000E-8	-7.327985E-3
2.575000E-8	-6.531463E-3
2.580000E-8	-5.474573E-3
2.585000E-8	-4.183009E-3
2.590000E-8	-2.715010E-3
2.595000E-8	-1.183633E-3
2.600000E-8	3.443184E-4
2.605000E-8	1.808891E-3
2.610000E-8	3.088464E-3
2.615000E-8	4.090540E-3
2.620000E-8	4.823683E-3
2.625000E-8	5.257059E-3
2.630000E-8	5.337568E-3
2.635000E-8	5.085764E-3
2.640000E-8	4.542759E-3
2.645000E-8	3.698275E-3
2.650000E-8	2.564302E-3
2.655000E-8	1.226488E-3
2.660000E-8	-2.312328E-4
2.665000E-8	-1.735203E-3
2.670000E-8	-3.180933E-3
2.675000E-8	-4.496478E-3
2.680000E-8	-5.621887E-3
2.685000E-8	-6.478362E-3
2.690000E-8	-7.009376E-3
2.695000E-8	-7.209791E-3
2.700000E-8	-7.052200E-3
2.705000E-8	-6.531463E-3
2.710000E-8	-5.704108E-3
2.715000E-8	-4.635227E-3
2.720000E-8	-3.364218E-3
2.725000E-8	-1.954461E-3
2.730000E-8	-5.087307E-4
2.735000E-8	8.941754E-4
2.740000E-8	2.189166E-3
2.745000E-8	3.307722E-3
2.750000E-8	4.188178E-3
2.755000E-8	4.765442E-3
2.760000E-8	5.008681E-3
2.765000E-8	4.931599E-3
2.770000E-8	4.534194E-3
2.775000E-8	3.787348E-3
2.780000E-8	2.732171E-3
2.785000E-8	1.478291E-3
2.790000E-8	1.079313E-4
2.795000E-8	-1.310391E-3
2.800000E-8	-2.697881E-3
2.805000E-8	-3.968890E-3
2.810000E-8	-5.078881E-3
2.815000E-8	-5.973041E-3
2.820000E-8	-6.567435E-3
2.825000E-8	-6.817526E-3
2.830000E-8	-6.719888E-3
2.835000E-8	-6.308780E-3
2.840000E-8	-5.615035E-3
2.845000E-8	-4.674625E-3
2.850000E-8	-3.545791E-3
2.855000E-8	-2.312467E-3
2.860000E-8	-1.031181E-3
2.865000E-8	2.398284E-4
2.870000E-8	1.430329E-3
2.875000E-8	2.464951E-3
2.880000E-8	3.297444E-3
2.885000E-8	3.884986E-3
2.890000E-8	4.183039E-3
2.895000E-8	4.167623E-3
2.900000E-8	3.859292E-3
2.905000E-8	3.290592E-3
2.910000E-8	2.480367E-3
2.915000E-8	1.433755E-3
2.920000E-8	2.124212E-4
2.925000E-8	-1.080856E-3
2.930000E-8	-2.384411E-3
2.935000E-8	-3.648568E-3
2.940000E-8	-4.779115E-3
2.945000E-8	-5.685266E-3
2.950000E-8	-6.325909E-3
2.955000E-8	-6.677064E-3
2.960000E-8	-6.728452E-3
2.965000E-8	-6.474936E-3
2.970000E-8	-5.933644E-3
2.975000E-8	-5.149112E-3
2.980000E-8	-4.159027E-3
2.985000E-8	-2.994221E-3
2.990000E-8	-1.719786E-3
2.995000E-8	-4.384998E-4
3.000000E-8	7.776948E-4
3.005000E-8	1.892825E-3
3.010000E-8	2.838374E-3
3.015000E-8	3.535544E-3
3.020000E-8	3.958643E-3
3.025000E-8	4.099105E-3
3.030000E-8	3.934662E-3
3.035000E-8	3.455036E-3
3.040000E-8	2.703051E-3
3.045000E-8	1.740373E-3
3.050000E-8	6.218163E-4
3.055000E-8	-6.097948E-4
3.060000E-8	-1.885943E-3
3.065000E-8	-3.134683E-3
3.070000E-8	-4.301202E-3
3.075000E-8	-5.308417E-3
3.080000E-8	-6.089522E-3
3.085000E-8	-6.593129E-3
3.090000E-8	-6.802109E-3
3.095000E-8	-6.707897E-3
3.100000E-8	-6.322483E-3
3.105000E-8	-5.678414E-3
3.110000E-8	-4.820226E-3
3.115000E-8	-3.792456E-3
3.120000E-8	-2.637928E-3
3.125000E-8	-1.416594E-3
3.130000E-8	-2.141033E-4
3.135000E-8	8.907495E-4
3.140000E-8	1.865418E-3
3.145000E-8	2.665366E-3
3.150000E-8	3.223787E-3
3.155000E-8	3.508137E-3
3.160000E-8	3.523554E-3
3.165000E-8	3.263185E-3
3.170000E-8	2.723606E-3
3.175000E-8	1.952778E-3
3.180000E-8	1.007230E-3
3.185000E-8	-8.734503E-5
3.190000E-8	-1.274419E-3
3.195000E-8	-2.476910E-3
3.200000E-8	-3.638290E-3
3.205000E-8	-4.703745E-3
3.210000E-8	-5.579063E-3
3.215000E-8	-6.197438E-3
3.220000E-8	-6.533176E-3
3.225000E-8	-6.593129E-3
3.230000E-8	-6.375585E-3
3.235000E-8	-5.875403E-3
3.240000E-8	-5.150825E-3
3.245000E-8	-4.268656E-3
3.250000E-8	-3.266580E-3
3.255000E-8	-2.165153E-3
3.260000E-8	-1.031181E-3
3.265000E-8	5.482983E-5
3.270000E-8	1.032924E-3
3.275000E-8	1.855140E-3
3.280000E-8	2.483793E-3
3.285000E-8	2.886336E-3
3.290000E-8	3.031937E-3
3.295000E-8	2.903466E-3
3.300000E-8	2.506061E-3
3.305000E-8	1.851714E-3
3.310000E-8	9.746840E-4
3.315000E-8	-7.364142E-5
3.320000E-8	-1.231596E-3
3.325000E-8	-2.461494E-3
3.330000E-8	-3.687966E-3
3.335000E-8	-4.821939E-3
3.340000E-8	-5.810311E-3
3.345000E-8	-6.611972E-3
3.350000E-8	-7.154977E-3
3.355000E-8	-7.403355E-3
3.360000E-8	-7.350253E-3
3.365000E-8	-6.997386E-3
3.370000E-8	-6.363594E-3
3.375000E-8	-5.491702E-3
3.380000E-8	-4.427960E-3
3.385000E-8	-3.237460E-3
3.390000E-8	-2.005849E-3
3.395000E-8	-8.033581E-4
3.400000E-8	3.100594E-4
3.405000E-8	1.276163E-3
3.410000E-8	2.038426E-3
3.415000E-8	2.562589E-3
3.420000E-8	2.810966E-3
3.425000E-8	2.763004E-3
3.430000E-8	2.447821E-3
3.435000E-8	1.915094E-3
3.440000E-8	1.181951E-3
3.445000E-8	2.723745E-4
3.450000E-8	-7.639603E-4
3.455000E-8	-1.844832E-3
3.460000E-8	-2.910287E-3
3.465000E-8	-3.924353E-3
3.470000E-8	-4.845920E-3
3.475000E-8	-5.611609E-3
3.480000E-8	-6.166605E-3
3.485000E-8	-6.481788E-3
3.490000E-8	-6.548593E-3
3.495000E-8	-6.361881E-3
3.500000E-8	-5.916514E-3
3.505000E-8	-5.234760E-3
3.510000E-8	-4.364581E-3
3.515000E-8	-3.362506E-3
3.520000E-8	-2.264505E-3
3.525000E-8	-1.151087E-3
3.530000E-8	-1.010486E-4
3.535000E-8	8.273703E-4
3.540000E-8	1.582781E-3
3.545000E-8	2.115509E-3
3.550000E-8	2.399858E-3
3.555000E-8	2.447821E-3
3.560000E-8	2.262822E-3
3.565000E-8	1.844863E-3
3.570000E-8	1.217923E-3
3.575000E-8	4.094105E-4
3.580000E-8	-5.155825E-4
3.585000E-8	-1.490251E-3
3.590000E-8	-2.452929E-3
3.595000E-8	-3.369357E-3
3.600000E-8	-4.189860E-3
3.605000E-8	-4.866476E-3
3.610000E-8	-5.371796E-3
3.615000E-8	-5.683553E-3
3.620000E-8	-5.803459E-3
3.625000E-8	-5.733228E-3
3.630000E-8	-5.460869E-3
3.635000E-8	-4.977817E-3
3.640000E-8	-4.318332E-3
3.645000E-8	-3.521810E-3
3.650000E-8	-2.613946E-3
3.655000E-8	-1.647843E-3
3.660000E-8	-6.817387E-4
3.665000E-8	2.329766E-4
3.670000E-8	1.058619E-3
3.675000E-8	1.747224E-3
3.680000E-8	2.255971E-3
3.685000E-8	2.548885E-3
3.690000E-8	2.601987E-3
3.695000E-8	2.399858E-3
3.700000E-8	1.935649E-3
3.705000E-8	1.255608E-3
3.710000E-8	4.008457E-4
3.715000E-8	-5.960912E-4
3.720000E-8	-1.671824E-3
3.725000E-8	-2.742418E-3
3.730000E-8	-3.754771E-3
3.735000E-8	-4.650644E-3
3.740000E-8	-5.370083E-3
3.745000E-8	-5.877116E-3
3.750000E-8	-6.168318E-3
3.755000E-8	-6.216280E-3
3.760000E-8	-6.003875E-3
3.765000E-8	-5.556795E-3
3.770000E-8	-4.905874E-3
3.775000E-8	-4.099074E-3
3.780000E-8	-3.196349E-3
3.785000E-8	-2.231958E-3
3.790000E-8	-1.241873E-3
3.795000E-8	-3.048897E-4
3.800000E-8	5.139004E-4
3.805000E-8	1.199080E-3
3.810000E-8	1.733521E-3
3.815000E-8	2.065833E-3
3.820000E-8	2.163471E-3
3.825000E-8	2.024722E-3
3.830000E-8	1.668429E-3
3.835000E-8	1.121998E-3
3.840000E-8	4.265400E-4
3.845000E-8	-3.905372E-4
3.850000E-8	-1.293262E-3
3.855000E-8	-2.223394E-3
3.860000E-8	-3.105563E-3
3.865000E-8	-3.893520E-3
3.870000E-8	-4.570135E-3
3.875000E-8	-5.094298E-3
3.880000E-8	-5.411194E-3
3.885000E-8	-5.508832E-3
3.890000E-8	-5.402629E-3
3.895000E-8	-5.089159E-3
3.900000E-8	-4.583839E-3
3.905000E-8	-3.938057E-3
3.910000E-8	-3.177507E-3
3.915000E-8	-2.314180E-3
3.920000E-8	-1.416594E-3
3.925000E-8	-5.652581E-4
3.930000E-8	2.021435E-4
3.935000E-8	8.719070E-4
3.940000E-8	1.397783E-3
3.945000E-8	1.731808E-3
3.950000E-8	1.843150E-3
3.955000E-8	1.740373E-3
3.960000E-8	1.449171E-3
3.965000E-8	9.918135E-4
3.970000E-8	3.871421E-4
3.975000E-8	-3.494264E-4
3.980000E-8	-1.187059E-3
3.985000E-8	-2.082932E-3
3.990000E-8	-2.968527E-3
3.995000E-8	-3.794169E-3
4.000000E-8	-4.522173E-3
4.005000E-8	-5.087446E-3
4.010000E-8	-5.442027E-3
4.015000E-8	-5.591054E-3
4.020000E-8	-5.534526E-3
4.025000E-8	-5.279297E-3
4.030000E-8	-4.840781E-3
4.035000E-8	-4.251527E-3
4.040000E-8	-3.540652E-3
4.045000E-8	-2.749269E-3
4.050000E-8	-1.930479E-3
4.055000E-8	-1.121967E-3
4.060000E-8	-3.665559E-4
4.065000E-8	2.877910E-4
4.070000E-8	7.811207E-4
4.075000E-8	1.104868E-3
4.080000E-8	1.265886E-3
4.085000E-8	1.257321E-3
4.090000E-8	1.053480E-3
4.095000E-8	6.595012E-4
4.100000E-8	1.267737E-4
4.105000E-8	-5.087307E-4
4.110000E-8	-1.216179E-3
4.115000E-8	-1.956174E-3
4.120000E-8	-2.679038E-3
4.125000E-8	-3.338524E-3
4.130000E-8	-3.919214E-3
4.135000E-8	-4.409118E-3
4.140000E-8	-4.775689E-3
4.145000E-8	-4.984669E-3
4.150000E-8	-5.036058E-3
4.155000E-8	-4.921290E-3
4.160000E-8	-4.611246E-3
4.165000E-8	-4.116204E-3
4.170000E-8	-3.492690E-3
4.175000E-8	-2.773251E-3
4.180000E-8	-1.995571E-3
4.185000E-8	-1.231596E-3
4.190000E-8	-5.309991E-4
4.195000E-8	1.062183E-4
4.200000E-8	6.320940E-4
4.205000E-8	9.969524E-4
4.210000E-8	1.197368E-3
4.215000E-8	1.221349E-3
4.220000E-8	1.036350E-3
4.225000E-8	6.697789E-4
4.230000E-8	1.781622E-4
4.235000E-8	-4.076667E-4
4.240000E-8	-1.060301E-3
4.245000E-8	-1.740342E-3
4.250000E-8	-2.435800E-3
4.255000E-8	-3.127831E-3
4.260000E-8	-3.754771E-3
4.265000E-8	-4.270369E-3
4.270000E-8	-4.688329E-3
4.275000E-8	-4.989808E-3
4.280000E-8	-5.130270E-3
4.285000E-8	-5.108002E-3
4.290000E-8	-4.953836E-3
4.295000E-8	-4.674625E-3
4.300000E-8	-4.266943E-3
4.305000E-8	-3.739355E-3
4.310000E-8	-3.127831E-3
4.315000E-8	-2.475197E-3
4.320000E-8	-1.824276E-3
4.325000E-8	-1.212753E-3
4.330000E-8	-6.697480E-4
4.335000E-8	-2.175292E-4
4.340000E-8	1.216349E-4
4.345000E-8	3.203371E-4
4.350000E-8	3.545961E-4
4.355000E-8	2.381155E-4
4.360000E-8	-5.123423E-6
4.365000E-8	-3.888242E-4
4.370000E-8	-9.266906E-4
4.375000E-8	-1.563908E-3
4.380000E-8	-2.235384E-3
4.385000E-8	-2.917139E-3
4.390000E-8	-3.588615E-3
4.395000E-8	-4.189860E-3
4.400000E-8	-4.672912E-3
4.405000E-8	-5.006938E-3
4.410000E-8	-5.169668E-3
4.415000E-8	-5.161103E-3
4.420000E-8	-4.979530E-3
4.425000E-8	-4.616385E-3
4.430000E-8	-4.092222E-3
4.435000E-8	-3.468708E-3
4.440000E-8	-2.783528E-3
4.445000E-8	-2.069228E-3
4.450000E-8	-1.375483E-3
4.455000E-8	-7.468308E-4
4.460000E-8	-2.106774E-4
4.465000E-8	2.175601E-4
4.470000E-8	5.070486E-4
4.475000E-8	6.372328E-4
4.480000E-8	5.978350E-4
4.485000E-8	4.248270E-4
4.490000E-8	1.456162E-4
4.495000E-8	-2.415105E-4
4.500000E-8	-7.279883E-4
4.505000E-8	-1.269281E-3
4.510000E-8	-1.853397E-3
4.515000E-8	-2.476910E-3
4.520000E-8	-3.086721E-3
4.525000E-8	-3.628013E-3
4.530000E-8	-4.092222E-3
4.535000E-8	-4.446803E-3
4.540000E-8	-4.643792E-3
4.545000E-8	-4.681477E-3
4.550000E-8	-4.576987E-3
4.555000E-8	-4.332035E-3
4.560000E-8	-3.960325E-3
4.565000E-8	-3.487551E-3
4.570000E-8	-2.944546E-3
4.575000E-8	-2.363856E-3
4.580000E-8	-1.781453E-3
4.585000E-8	-1.217892E-3
4.590000E-8	-7.074329E-4
4.595000E-8	-3.117415E-4
4.600000E-8	-4.109537E-5
4.605000E-8	1.336255E-4
4.610000E-8	1.987176E-4
4.615000E-8	1.301996E-4
4.620000E-8	-4.452127E-5
4.625000E-8	-3.134544E-4
4.630000E-8	-6.903034E-4
4.635000E-8	-1.156226E-3
4.640000E-8	-1.682102E-3
4.645000E-8	-2.245662E-3
4.650000E-8	-2.798945E-3
4.655000E-8	-3.297413E-3
4.660000E-8	-3.746206E-3
4.665000E-8	-4.138472E-3
4.670000E-8	-4.422822E-3
4.675000E-8	-4.597543E-3
4.680000E-8	-4.674625E-3
4.685000E-8	-4.621524E-3
4.690000E-8	-4.438238E-3
4.695000E-8	-4.145324E-3
4.700000E-8	-3.729077E-3
4.705000E-8	-3.186072E-3
4.710000E-8	-2.586539E-3
4.715000E-8	-1.985294E-3
4.720000E-8	-1.378909E-3
4.725000E-8	-8.119229E-4
4.730000E-8	-3.528523E-4
4.735000E-8	-2.396587E-5
4.740000E-8	1.952917E-4
4.745000E-8	2.963558E-4
4.750000E-8	2.620968E-4
4.755000E-8	7.024638E-5
4.760000E-8	-2.723436E-4
4.765000E-8	-7.125718E-4
4.770000E-8	-1.216179E-3
4.775000E-8	-1.788304E-3
4.780000E-8	-2.374133E-3
4.785000E-8	-2.898296E-3
4.790000E-8	-3.345376E-3
4.795000E-8	-3.734216E-3
4.800000E-8	-4.028843E-3
4.805000E-8	-4.193286E-3
4.810000E-8	-4.232684E-3
4.815000E-8	-4.138472E-3
4.820000E-8	-3.903798E-3
4.825000E-8	-3.564634E-3
4.830000E-8	-3.134683E-3
4.835000E-8	-2.624224E-3
4.840000E-8	-2.089784E-3
4.845000E-8	-1.570760E-3
4.850000E-8	-1.060301E-3
4.855000E-8	-5.909523E-4
4.860000E-8	-2.123904E-4
4.865000E-8	7.538523E-5
4.870000E-8	2.655227E-4
4.875000E-8	3.169112E-4
4.880000E-8	2.261248E-4
4.885000E-8	5.154277E-6
4.890000E-8	-3.220192E-4
4.895000E-8	-7.159977E-4
4.900000E-8	-1.157939E-3
4.905000E-8	-1.651268E-3
4.910000E-8	-2.151450E-3
4.915000E-8	-2.598530E-3
4.920000E-8	-3.007925E-3
4.925000E-8	-3.388200E-3
4.930000E-8	-3.684540E-3
4.935000E-8	-3.872965E-3
4.940000E-8	-3.980880E-3
4.945000E-8	-3.991158E-3
4.950000E-8	-3.881529E-3
4.955000E-8	-3.684540E-3
4.960000E-8	-3.407042E-3
4.965000E-8	-3.045610E-3
4.970000E-8	-2.649918E-3
4.975000E-8	-2.240523E-3
4.980000E-8	-1.791730E-3
4.985000E-8	-1.330947E-3
4.990000E-8	-9.284035E-4
4.995000E-8	-5.892394E-4
5.000000E-8	-3.185933E-4
5.005000E-8	-1.438724E-4
5.010000E-8	-8.391913E-5
5.015000E-8	-1.335947E-4
5.020000E-8	-3.014638E-4
5.025000E-8	-5.875264E-4
5.030000E-8	-9.540978E-4
5.035000E-8	-1.363493E-3
5.040000E-8	-1.813999E-3
5.045000E-8	-2.281634E-3
5.050000E-8	-2.737279E-3
5.055000E-8	-3.148387E-3
5.060000E-8	-3.485838E-3
5.065000E-8	-3.723938E-3
5.070000E-8	-3.859261E-3
5.075000E-8	-3.879816E-3
5.080000E-8	-3.780465E-3
5.085000E-8	-3.586902E-3
5.090000E-8	-3.333385E-3
5.095000E-8	-3.035332E-3
5.100000E-8	-2.718436E-3
5.105000E-8	-2.394689E-3
5.110000E-8	-2.050386E-3
5.115000E-8	-1.706083E-3
5.120000E-8	-1.399465E-3
5.125000E-8	-1.121967E-3
5.130000E-8	-8.718761E-4
5.135000E-8	-6.971552E-4
5.140000E-8	-6.217854E-4
5.145000E-8	-6.149336E-4
5.150000E-8	-6.731739E-4
5.155000E-8	-8.153488E-4
5.160000E-8	-1.034606E-3
5.165000E-8	-1.313817E-3
5.170000E-8	-1.642704E-3
5.175000E-8	-2.004136E-3
5.180000E-8	-2.379272E-3
5.185000E-8	-2.749269E-3
5.190000E-8	-3.069591E-3
5.195000E-8	-3.321395E-3
5.200000E-8	-3.523523E-3
5.205000E-8	-3.650281E-3
5.210000E-8	-3.660559E-3
5.215000E-8	-3.568060E-3
5.220000E-8	-3.415607E-3
5.225000E-8	-3.182646E-3
5.230000E-8	-2.857185E-3
5.235000E-8	-2.480336E-3
5.240000E-8	-2.094922E-3
5.245000E-8	-1.721499E-3
5.250000E-8	-1.394326E-3
5.255000E-8	-1.130532E-3
5.260000E-8	-9.335424E-4
5.265000E-8	-8.170617E-4
5.270000E-8	-7.982193E-4
5.275000E-8	-8.633114E-4
5.280000E-8	-1.002060E-3
5.285000E-8	-1.202476E-3
5.290000E-8	-1.459418E-3
5.295000E-8	-1.762610E-3
5.300000E-8	-2.091497E-3
5.305000E-8	-2.416957E-3
5.310000E-8	-2.711585E-3
5.315000E-8	-2.985657E-3
5.320000E-8	-3.234034E-3
5.325000E-8	-3.441301E-3
5.330000E-8	-3.600606E-3
5.335000E-8	-3.722225E-3
5.340000E-8	-3.794169E-3
5.345000E-8	-3.789030E-3
5.350000E-8	-3.713660E-3
5.355000E-8	-3.576624E-3
5.360000E-8	-3.357367E-3
5.365000E-8	-3.050749E-3
5.370000E-8	-2.704733E-3
5.375000E-8	-2.351865E-3
5.380000E-8	-1.980155E-3
5.385000E-8	-1.608445E-3
5.390000E-8	-1.284697E-3
5.395000E-8	-1.032893E-3
5.400000E-8	-8.478948E-4
5.405000E-8	-7.553955E-4
5.410000E-8	-7.656732E-4
5.415000E-8	-8.615984E-4
5.420000E-8	-1.050023E-3
5.425000E-8	-1.327521E-3
5.430000E-8	-1.654694E-3
5.435000E-8	-1.988720E-3
5.440000E-8	-2.319319E-3
5.445000E-8	-2.627650E-3
5.450000E-8	-2.876028E-3
5.455000E-8	-3.057600E-3
5.460000E-8	-3.170655E-3
5.465000E-8	-3.208340E-3
5.470000E-8	-3.180933E-3
5.475000E-8	-3.108989E-3
5.480000E-8	-2.982231E-3
5.485000E-8	-2.792093E-3
5.490000E-8	-2.567697E-3
5.495000E-8	-2.327884E-3
5.500000E-8	-2.082932E-3
5.505000E-8	-1.837980E-3
5.510000E-8	-1.591315E-3
5.515000E-8	-1.341224E-3
5.520000E-8	-1.120254E-3
5.525000E-8	-9.540978E-4
5.530000E-8	-8.376171E-4
5.535000E-8	-7.673862E-4
5.540000E-8	-7.708121E-4
5.545000E-8	-8.478948E-4
5.550000E-8	-9.695143E-4
5.555000E-8	-1.137383E-3
5.560000E-8	-1.361780E-3
5.565000E-8	-1.634139E-3
5.570000E-8	-1.940757E-3
5.575000E-8	-2.269643E-3
5.580000E-8	-2.586539E-3
5.585000E-8	-2.865750E-3
5.590000E-8	-3.108989E-3
5.595000E-8	-3.314543E-3
5.600000E-8	-3.458431E-3
5.605000E-8	-3.504680E-3
5.610000E-8	-3.443014E-3
5.615000E-8	-3.292275E-3
5.620000E-8	-3.052462E-3
5.625000E-8	-2.727001E-3
5.630000E-8	-2.358717E-3
5.635000E-8	-1.993858E-3
5.640000E-8	-1.659833E-3
5.645000E-8	-1.363493E-3
5.650000E-8	-1.116828E-3
5.655000E-8	-9.284035E-4
5.660000E-8	-7.947934E-4
5.665000E-8	-7.245624E-4
5.670000E-8	-7.262754E-4
5.675000E-8	-8.050711E-4
5.680000E-8	-9.695143E-4
5.685000E-8	-1.217892E-3
5.690000E-8	-1.524510E-3
5.695000E-8	-1.832841E-3
5.700000E-8	-2.108626E-3
5.705000E-8	-2.350152E-3
5.710000E-8	-2.547141E-3
5.715000E-8	-2.692742E-3
5.720000E-8	-2.792093E-3
5.725000E-8	-2.852046E-3
5.730000E-8	-2.867463E-3
5.735000E-8	-2.833204E-3
5.740000E-8	-2.757834E-3
5.745000E-8	-2.649918E-3
5.750000E-8	-2.531725E-3
5.755000E-8	-2.408392E-3
5.760000E-8	-2.266217E-3
5.765000E-8	-2.096635E-3
5.770000E-8	-1.918489E-3
5.775000E-8	-1.743768E-3
5.780000E-8	-1.558769E-3
5.785000E-8	-1.375483E-3
5.790000E-8	-1.228170E-3
5.795000E-8	-1.128819E-3
5.800000E-8	-1.063727E-3
5.805000E-8	-1.046597E-3
5.810000E-8	-1.097986E-3
5.815000E-8	-1.214466E-3
5.820000E-8	-1.390900E-3
5.825000E-8	-1.622148E-3
5.830000E-8	-1.894507E-3
5.835000E-8	-2.178857E-3
5.840000E-8	-2.452929E-3
5.845000E-8	-2.697881E-3
5.850000E-8	-2.910287E-3
5.855000E-8	-3.073017E-3
5.860000E-8	-3.177507E-3
5.865000E-8	-3.225470E-3
5.870000E-8	-3.213479E-3
5.875000E-8	-3.132970E-3
5.880000E-8	-2.989082E-3
5.885000E-8	-2.788667E-3
5.890000E-8	-2.538577E-3
5.895000E-8	-2.257653E-3
5.900000E-8	-1.981868E-3
5.905000E-8	-1.724925E-3
5.910000E-8	-1.497103E-3
5.915000E-8	-1.313817E-3
5.920000E-8	-1.187059E-3
5.925000E-8	-1.101411E-3
5.930000E-8	-1.048310E-3
5.935000E-8	-1.041458E-3
5.940000E-8	-1.089421E-3
5.945000E-8	-1.188772E-3
5.950000E-8	-1.341224E-3
5.955000E-8	-1.555343E-3
5.960000E-8	-1.810573E-3
5.965000E-8	-2.076080E-3
5.970000E-8	-2.322745E-3
5.975000E-8	-2.547141E-3
5.980000E-8	-2.752695E-3
5.985000E-8	-2.932555E-3
5.990000E-8	-3.069591E-3
5.995000E-8	-3.150100E-3
6.000000E-8	-3.184359E-3
6.005000E-8	-3.172368E-3
6.010000E-8	-3.119267E-3
6.015000E-8	-3.030193E-3
6.020000E-8	-2.925703E-3
6.025000E-8	-2.797232E-3
6.030000E-8	-2.631076E-3
6.035000E-8	-2.437512E-3
6.040000E-8	-2.238810E-3
6.045000E-8	-2.043534E-3
6.050000E-8	-1.855109E-3
6.055000E-8	-1.682102E-3
6.060000E-8	-1.526223E-3
6.065000E-8	-1.384048E-3
6.070000E-8	-1.259003E-3
6.075000E-8	-1.188772E-3
6.080000E-8	-1.199050E-3
6.085000E-8	-1.265855E-3
6.090000E-8	-1.385761E-3
6.095000E-8	-1.574186E-3
6.100000E-8	-1.824276E-3
6.105000E-8	-2.103487E-3
6.110000E-8	-2.377559E-3
6.115000E-8	-2.625937E-3
6.120000E-8	-2.836630E-3
6.125000E-8	-3.009638E-3
6.130000E-8	-3.141535E-3
6.135000E-8	-3.204914E-3
6.140000E-8	-3.189498E-3
6.145000E-8	-3.093572E-3
6.150000E-8	-2.942833E-3
6.155000E-8	-2.742418E-3
6.160000E-8	-2.514595E-3
6.165000E-8	-2.297051E-3
6.170000E-8	-2.096635E-3
6.175000E-8	-1.911637E-3
6.180000E-8	-1.743768E-3
6.185000E-8	-1.613584E-3
6.190000E-8	-1.526223E-3
6.195000E-8	-1.495390E-3
6.200000E-8	-1.522797E-3
6.205000E-8	-1.598167E-3
6.210000E-8	-1.704370E-3
6.215000E-8	-1.832841E-3
6.220000E-8	-1.959599E-3
6.225000E-8	-2.072654E-3
6.230000E-8	-2.183996E-3
6.235000E-8	-2.291912E-3
6.240000E-8	-2.396402E-3
6.245000E-8	-2.492327E-3
6.250000E-8	-2.588252E-3
6.255000E-8	-2.682464E-3
6.260000E-8	-2.769825E-3
6.265000E-8	-2.855472E-3
6.270000E-8	-2.930842E-3
6.275000E-8	-2.978805E-3
6.280000E-8	-2.995934E-3
6.285000E-8	-2.987369E-3
6.290000E-8	-2.935981E-3
6.295000E-8	-2.843482E-3
6.300000E-8	-2.706446E-3
6.305000E-8	-2.531725E-3
6.310000E-8	-2.341587E-3
6.315000E-8	-2.160015E-3
6.320000E-8	-1.980155E-3
6.325000E-8	-1.795156E-3
6.330000E-8	-1.644417E-3
6.335000E-8	-1.563908E-3
6.340000E-8	-1.526223E-3
6.345000E-8	-1.524510E-3
6.350000E-8	-1.574186E-3
6.355000E-8	-1.663259E-3
6.360000E-8	-1.769462E-3
6.365000E-8	-1.892794E-3
6.370000E-8	-2.041821E-3
6.375000E-8	-2.195987E-3
6.380000E-8	-2.355291E-3
6.385000E-8	-2.511169E-3
6.390000E-8	-2.632789E-3
6.395000E-8	-2.711585E-3
6.400000E-8	-2.769825E-3
6.405000E-8	-2.800658E-3
6.410000E-8	-2.769825E-3
6.415000E-8	-2.682464E-3
6.420000E-8	-2.569410E-3
6.425000E-8	-2.427235E-3
6.430000E-8	-2.250801E-3
6.435000E-8	-2.072654E-3
6.440000E-8	-1.916776E-3
6.445000E-8	-1.781453E-3
6.450000E-8	-1.671824E-3
6.455000E-8	-1.599880E-3
6.460000E-8	-1.579325E-3
6.465000E-8	-1.617009E-3
6.470000E-8	-1.719786E-3
6.475000E-8	-1.873952E-3
6.480000E-8	-2.050386E-3
6.485000E-8	-2.225107E-3
6.490000E-8	-2.392976E-3
6.495000E-8	-2.545428E-3
6.500000E-8	-2.670474E-3
6.505000E-8	-2.764686E-3
6.510000E-8	-2.841769E-3
6.515000E-8	-2.910287E-3
6.520000E-8	-2.968527E-3
6.525000E-8	-3.018203E-3
6.530000E-8	-3.059313E-3
6.535000E-8	-3.071304E-3
6.540000E-8	-3.040471E-3
6.545000E-8	-2.977092E-3
6.550000E-8	-2.889731E-3
6.555000E-8	-2.773251E-3
6.560000E-8	-2.612233E-3
6.565000E-8	-2.434087E-3
6.570000E-8	-2.259366E-3
6.575000E-8	-2.076080E-3
6.580000E-8	-1.875665E-3
6.585000E-8	-1.682102E-3
6.590000E-8	-1.521084E-3
6.595000E-8	-1.396039E-3
6.600000E-8	-1.336086E-3
6.605000E-8	-1.349789E-3
6.610000E-8	-1.411455E-3
6.615000E-8	-1.522797E-3
6.620000E-8	-1.695805E-3
6.625000E-8	-1.894507E-3
6.630000E-8	-2.093210E-3
6.635000E-8	-2.314180E-3
6.640000E-8	-2.542002E-3
6.645000E-8	-2.732140E-3
6.650000E-8	-2.888018E-3
6.655000E-8	-3.021628E-3
6.660000E-8	-3.093572E-3
6.665000E-8	-3.085008E-3
6.670000E-8	-3.031906E-3
6.675000E-8	-2.925703E-3
6.680000E-8	-2.769825E-3
6.685000E-8	-2.613946E-3
6.690000E-8	-2.494040E-3
6.695000E-8	-2.382698E-3
6.700000E-8	-2.259366E-3
6.705000E-8	-2.149737E-3
6.710000E-8	-2.074367E-3
6.715000E-8	-2.029830E-3
6.720000E-8	-2.014414E-3
6.725000E-8	-2.012701E-3
6.730000E-8	-2.016127E-3
6.735000E-8	-2.021266E-3
6.740000E-8	-2.031543E-3
6.745000E-8	-2.046960E-3
6.750000E-8	-2.074367E-3
6.755000E-8	-2.106913E-3
6.760000E-8	-2.141172E-3
6.765000E-8	-2.180570E-3
6.770000E-8	-2.226820E-3
6.775000E-8	-2.276495E-3
6.780000E-8	-2.324458E-3
6.785000E-8	-2.372420E-3
6.790000E-8	-2.411818E-3
6.795000E-8	-2.432374E-3
6.800000E-8	-2.442651E-3
6.805000E-8	-2.442651E-3
6.810000E-8	-2.423809E-3
6.815000E-8	-2.387837E-3
6.820000E-8	-2.333023E-3
6.825000E-8	-2.249088E-3
6.830000E-8	-2.132607E-3
6.835000E-8	-2.000710E-3
6.840000E-8	-1.877378E-3
6.845000E-8	-1.766036E-3
6.850000E-8	-1.673537E-3
6.855000E-8	-1.613584E-3
6.860000E-8	-1.601593E-3
6.865000E-8	-1.632426E-3
6.870000E-8	-1.704370E-3
6.875000E-8	-1.819138E-3
6.880000E-8	-1.968164E-3
6.885000E-8	-2.127469E-3
6.890000E-8	-2.276495E-3
6.895000E-8	-2.403253E-3
6.900000E-8	-2.487188E-3
6.905000E-8	-2.535151E-3
6.910000E-8	-2.567697E-3
6.915000E-8	-2.586539E-3
6.920000E-8	-2.572836E-3
6.925000E-8	-2.531725E-3
6.930000E-8	-2.488901E-3
6.935000E-8	-2.437512E-3
6.940000E-8	-2.362143E-3
6.945000E-8	-2.285060E-3
6.950000E-8	-2.221681E-3
6.955000E-8	-2.168579E-3
6.960000E-8	-2.127469E-3
6.965000E-8	-2.093210E-3
6.970000E-8	-2.052099E-3
6.975000E-8	-2.002423E-3
6.980000E-8	-1.942470E-3
6.985000E-8	-1.870526E-3
6.990000E-8	-1.803721E-3
6.995000E-8	-1.752332E-3
7.000000E-8	-1.697518E-3
7.005000E-8	-1.649555E-3
7.010000E-8	-1.661546E-3
7.015000E-8	-1.738629E-3
7.020000E-8	-1.817425E-3
7.025000E-8	-1.897933E-3
7.030000E-8	-2.019553E-3
7.035000E-8	-2.158302E-3
7.040000E-8	-2.278208E-3
7.045000E-8	-2.389550E-3
7.050000E-8	-2.497466E-3
7.055000E-8	-2.577974E-3
7.060000E-8	-2.615659E-3
7.065000E-8	-2.605382E-3
7.070000E-8	-2.547141E-3
7.075000E-8	-2.473484E-3
7.080000E-8	-2.403253E-3
7.085000E-8	-2.326171E-3
7.090000E-8	-2.226820E-3
7.095000E-8	-2.122330E-3
7.100000E-8	-2.028117E-3
7.105000E-8	-1.959599E-3
7.110000E-8	-1.911637E-3
7.115000E-8	-1.872239E-3
7.120000E-8	-1.867100E-3
7.125000E-8	-1.920202E-3
7.130000E-8	-2.002423E-3
7.135000E-8	-2.098348E-3
7.140000E-8	-2.218255E-3
7.145000E-8	-2.346726E-3
7.150000E-8	-2.442651E-3
7.155000E-8	-2.521447E-3
7.160000E-8	-2.603669E-3
7.165000E-8	-2.639641E-3
7.170000E-8	-2.624224E-3
7.175000E-8	-2.593391E-3
7.180000E-8	-2.548854E-3
7.185000E-8	-2.483762E-3
7.190000E-8	-2.422096E-3
7.195000E-8	-2.379272E-3
7.200000E-8	-2.351865E-3
7.205000E-8	-2.336448E-3
7.210000E-8	-2.338161E-3
7.215000E-8	-2.351865E-3
7.220000E-8	-2.377559E-3
7.225000E-8	-2.420383E-3
7.230000E-8	-2.452929E-3
7.235000E-8	-2.482049E-3
7.240000E-8	-2.511169E-3
7.245000E-8	-2.516308E-3
7.250000E-8	-2.490614E-3
7.255000E-8	-2.449503E-3
7.260000E-8	-2.398115E-3
7.265000E-8	-2.334735E-3
7.270000E-8	-2.276495E-3
7.275000E-8	-2.233671E-3
7.280000E-8	-2.207977E-3
7.285000E-8	-2.199412E-3
7.290000E-8	-2.204551E-3
7.295000E-8	-2.235384E-3
7.300000E-8	-2.286773E-3
7.305000E-8	-2.341587E-3
7.310000E-8	-2.392976E-3
7.315000E-8	-2.458068E-3
7.320000E-8	-2.519734E-3
7.325000E-8	-2.543715E-3
7.330000E-8	-2.533438E-3
7.335000E-8	-2.526586E-3
7.340000E-8	-2.504318E-3
7.345000E-8	-2.454642E-3
7.350000E-8	-2.404966E-3
7.355000E-8	-2.368994E-3
7.360000E-8	-2.336448E-3
7.365000E-8	-2.298764E-3
7.370000E-8	-2.269643E-3
7.375000E-8	-2.252514E-3
7.380000E-8	-2.255940E-3
7.385000E-8	-2.285060E-3
7.390000E-8	-2.321032E-3
7.395000E-8	-2.355291E-3
7.400000E-8	-2.415244E-3
7.405000E-8	-2.512882E-3
7.410000E-8	-2.629363E-3
7.415000E-8	-2.735566E-3
7.420000E-8	-2.828065E-3
7.425000E-8	-2.901722E-3
7.430000E-8	-2.939407E-3
7.435000E-8	-2.949685E-3
7.440000E-8	-2.941120E-3
7.445000E-8	-2.908574E-3
7.450000E-8	-2.874315E-3
7.455000E-8	-2.858898E-3
7.460000E-8	-2.838343E-3
7.465000E-8	-2.790380E-3
7.470000E-8	-2.744131E-3
7.475000E-8	-2.725288E-3
7.480000E-8	-2.703020E-3
7.485000E-8	-2.660196E-3
7.490000E-8	-2.619085E-3
7.495000E-8	-2.577974E-3
7.500000E-8	-2.535151E-3
7.505000E-8	-2.487188E-3
7.510000E-8	-2.420383E-3
7.515000E-8	-2.329597E-3
7.520000E-8	-2.245662E-3
7.525000E-8	-2.172005E-3
7.530000E-8	-2.082932E-3
7.535000E-8	-1.987007E-3
7.540000E-8	-1.913350E-3
7.545000E-8	-1.853397E-3
7.550000E-8	-1.795156E-3
7.555000E-8	-1.771175E-3
7.560000E-8	-1.791730E-3
7.565000E-8	-1.819138E-3
7.570000E-8	-1.831128E-3
7.575000E-8	-1.855109E-3
7.580000E-8	-1.892794E-3
7.585000E-8	-1.932192E-3
7.590000E-8	-1.985294E-3
7.595000E-8	-2.050386E-3
7.600000E-8	-2.101774E-3
7.605000E-8	-2.134320E-3
7.610000E-8	-2.165153E-3
7.615000E-8	-2.173718E-3
7.620000E-8	-2.148024E-3
7.625000E-8	-2.115478E-3
7.630000E-8	-2.079506E-3
7.635000E-8	-2.014414E-3
7.640000E-8	-1.933905E-3
7.645000E-8	-1.873952E-3
7.650000E-8	-1.839693E-3
7.655000E-8	-1.810573E-3
7.660000E-8	-1.784879E-3
7.665000E-8	-1.776314E-3
7.670000E-8	-1.795156E-3
7.675000E-8	-1.858535E-3
7.680000E-8	-1.949322E-3
7.685000E-8	-2.052099E-3
7.690000E-8	-2.165153E-3
7.695000E-8	-2.267930E-3
7.700000E-8	-2.353578E-3
7.705000E-8	-2.430661E-3
7.710000E-8	-2.497466E-3
7.715000E-8	-2.531725E-3
7.720000E-8	-2.526586E-3
7.725000E-8	-2.506030E-3
7.730000E-8	-2.473484E-3
7.735000E-8	-2.435800E-3
7.740000E-8	-2.396402E-3
7.745000E-8	-2.365569E-3
7.750000E-8	-2.338161E-3
7.755000E-8	-2.314180E-3
7.760000E-8	-2.293625E-3
7.765000E-8	-2.281634E-3
7.770000E-8	-2.286773E-3
7.775000E-8	-2.303902E-3
7.780000E-8	-2.324458E-3
7.785000E-8	-2.343300E-3
7.790000E-8	-2.355291E-3
7.795000E-8	-2.365569E-3
7.800000E-8	-2.379272E-3
7.805000E-8	-2.396402E-3
7.810000E-8	-2.413531E-3
7.815000E-8	-2.430661E-3
7.820000E-8	-2.440938E-3
7.825000E-8	-2.428948E-3
7.830000E-8	-2.399828E-3
7.835000E-8	-2.374133E-3
7.840000E-8	-2.343300E-3
7.845000E-8	-2.300476E-3
7.850000E-8	-2.247375E-3
7.855000E-8	-2.189135E-3
7.860000E-8	-2.129181E-3
7.865000E-8	-2.062376E-3
7.870000E-8	-1.993858E-3
7.875000E-8	-1.933905E-3
7.880000E-8	-1.875665E-3
7.885000E-8	-1.808860E-3
7.890000E-8	-1.764323E-3
7.895000E-8	-1.767749E-3
7.900000E-8	-1.805434E-3
7.905000E-8	-1.867100E-3
7.910000E-8	-1.963025E-3
7.915000E-8	-2.086358E-3
7.920000E-8	-2.209690E-3
7.925000E-8	-2.314180E-3
7.930000E-8	-2.392976E-3
7.935000E-8	-2.440938E-3
7.940000E-8	-2.470059E-3
7.945000E-8	-2.494040E-3
7.950000E-8	-2.516308E-3
7.955000E-8	-2.540289E-3
7.960000E-8	-2.569410E-3
7.965000E-8	-2.586539E-3
7.970000E-8	-2.581400E-3
7.975000E-8	-2.569410E-3
7.980000E-8	-2.560845E-3
7.985000E-8	-2.547141E-3
7.990000E-8	-2.526586E-3
7.995000E-8	-2.507743E-3
8.000000E-8	-2.500892E-3
8.005000E-8	-2.499179E-3
8.010000E-8	-2.490614E-3
8.015000E-8	-2.475197E-3
8.020000E-8	-2.449503E-3
8.025000E-8	-2.415244E-3
8.030000E-8	-2.384411E-3
8.035000E-8	-2.365569E-3
8.040000E-8	-2.357004E-3
8.045000E-8	-2.360430E-3
8.050000E-8	-2.377559E-3
8.055000E-8	-2.398115E-3
8.060000E-8	-2.423809E-3
8.065000E-8	-2.461494E-3
8.070000E-8	-2.488901E-3
8.075000E-8	-2.470059E-3
8.080000E-8	-2.422096E-3
8.085000E-8	-2.370707E-3
8.090000E-8	-2.302189E-3
8.095000E-8	-2.221681E-3
8.100000E-8	-2.154876E-3
8.105000E-8	-2.113765E-3
8.110000E-8	-2.108626E-3
8.115000E-8	-2.153163E-3
8.120000E-8	-2.233671E-3
8.125000E-8	-2.314180E-3
8.130000E-8	-2.389550E-3
8.135000E-8	-2.478623E-3
8.140000E-8	-2.569410E-3
8.145000E-8	-2.639641E-3
8.150000E-8	-2.684177E-3
8.155000E-8	-2.718436E-3
8.160000E-8	-2.738992E-3
8.165000E-8	-2.728714E-3
8.170000E-8	-2.692742E-3
8.175000E-8	-2.646492E-3
8.180000E-8	-2.569410E-3
8.185000E-8	-2.468346E-3
8.190000E-8	-2.389550E-3
8.195000E-8	-2.343300E-3
8.200000E-8	-2.310754E-3
8.205000E-8	-2.297051E-3
8.210000E-8	-2.321032E-3
8.215000E-8	-2.368994E-3
8.220000E-8	-2.420383E-3
8.225000E-8	-2.463207E-3
8.230000E-8	-2.502605E-3
8.235000E-8	-2.536864E-3
8.240000E-8	-2.560845E-3
8.245000E-8	-2.565984E-3
8.250000E-8	-2.562558E-3
8.255000E-8	-2.552280E-3
8.260000E-8	-2.526586E-3
8.265000E-8	-2.482049E-3
8.270000E-8	-2.434087E-3
8.275000E-8	-2.374133E-3
8.280000E-8	-2.293625E-3
8.285000E-8	-2.211403E-3
8.290000E-8	-2.144598E-3
8.295000E-8	-2.098348E-3
8.300000E-8	-2.057238E-3
8.305000E-8	-2.014414E-3
8.310000E-8	-1.985294E-3
8.315000E-8	-1.990433E-3
8.320000E-8	-2.021266E-3
8.325000E-8	-2.048673E-3
8.330000E-8	-2.074367E-3
8.335000E-8	-2.110339E-3
8.340000E-8	-2.146311E-3
8.345000E-8	-2.175431E-3
8.350000E-8	-2.207977E-3
8.355000E-8	-2.255940E-3
8.360000E-8	-2.312467E-3
8.365000E-8	-2.362143E-3
8.370000E-8	-2.404966E-3
8.375000E-8	-2.434087E-3
8.380000E-8	-2.447790E-3
8.385000E-8	-2.439225E-3
8.390000E-8	-2.401541E-3
8.395000E-8	-2.346726E-3
8.400000E-8	-2.293625E-3
8.405000E-8	-2.250801E-3
8.410000E-8	-2.202838E-3
8.415000E-8	-2.144598E-3
8.420000E-8	-2.084645E-3
8.425000E-8	-2.022979E-3
8.430000E-8	-1.947609E-3
8.435000E-8	-1.872239E-3
8.440000E-8	-1.819138E-3
8.445000E-8	-1.805434E-3
8.450000E-8	-1.820850E-3
8.455000E-8	-1.851684E-3
8.460000E-8	-1.880804E-3
8.465000E-8	-1.913350E-3
8.470000E-8	-1.959599E-3
8.475000E-8	-2.014414E-3
8.480000E-8	-2.074367E-3
8.485000E-8	-2.142885E-3
8.490000E-8	-2.216542E-3
8.495000E-8	-2.295338E-3
8.500000E-8	-2.377559E-3
8.505000E-8	-2.454642E-3
8.510000E-8	-2.511169E-3
8.515000E-8	-2.555706E-3
8.520000E-8	-2.607095E-3
8.525000E-8	-2.661909E-3
8.530000E-8	-2.704733E-3
8.535000E-8	-2.735566E-3
8.540000E-8	-2.759547E-3
8.545000E-8	-2.759547E-3
8.550000E-8	-2.718436E-3
8.555000E-8	-2.649918E-3
8.560000E-8	-2.555706E-3
8.565000E-8	-2.432374E-3
8.570000E-8	-2.291912E-3
8.575000E-8	-2.158302E-3
8.580000E-8	-2.040108E-3
8.585000E-8	-1.952748E-3
8.590000E-8	-1.903072E-3
8.595000E-8	-1.887656E-3
8.600000E-8	-1.908211E-3
8.605000E-8	-1.968164E-3
8.610000E-8	-2.041821E-3
8.615000E-8	-2.120617E-3
8.620000E-8	-2.221681E-3
8.625000E-8	-2.312467E-3
8.630000E-8	-2.367282E-3
8.635000E-8	-2.418670E-3
8.640000E-8	-2.466633E-3
8.645000E-8	-2.459781E-3
8.650000E-8	-2.404966E-3
8.655000E-8	-2.339874E-3
8.660000E-8	-2.273069E-3
8.665000E-8	-2.192561E-3
8.670000E-8	-2.130894E-3
8.675000E-8	-2.094922E-3
8.680000E-8	-2.077793E-3
8.685000E-8	-2.091497E-3
8.690000E-8	-2.130894E-3
8.695000E-8	-2.170292E-3
8.700000E-8	-2.209690E-3
8.705000E-8	-2.255940E-3
8.710000E-8	-2.298764E-3
8.715000E-8	-2.324458E-3
8.720000E-8	-2.334735E-3
8.725000E-8	-2.324458E-3
8.730000E-8	-2.281634E-3
8.735000E-8	-2.223394E-3
8.740000E-8	-2.165153E-3
8.745000E-8	-2.118904E-3
8.750000E-8	-2.086358E-3
8.755000E-8	-2.045247E-3
8.760000E-8	-1.995571E-3
8.765000E-8	-1.963025E-3
8.770000E-8	-1.976729E-3
8.775000E-8	-2.022979E-3
8.780000E-8	-2.070941E-3
8.785000E-8	-2.106913E-3
8.790000E-8	-2.151450E-3
8.795000E-8	-2.206264E-3
8.800000E-8	-2.250801E-3
8.805000E-8	-2.276495E-3
8.810000E-8	-2.309041E-3
8.815000E-8	-2.348439E-3
8.820000E-8	-2.398115E-3
8.825000E-8	-2.449503E-3
8.830000E-8	-2.509456E-3
8.835000E-8	-2.571123E-3
8.840000E-8	-2.631076E-3
8.845000E-8	-2.696168E-3
8.850000E-8	-2.768112E-3
8.855000E-8	-2.826352E-3
8.860000E-8	-2.865750E-3
8.865000E-8	-2.896583E-3
8.870000E-8	-2.905148E-3
8.875000E-8	-2.867463E-3
8.880000E-8	-2.792093E-3
8.885000E-8	-2.697881E-3
8.890000E-8	-2.579687E-3
8.895000E-8	-2.449503E-3
8.900000E-8	-2.339874E-3
8.905000E-8	-2.243949E-3
8.910000E-8	-2.137746E-3
8.915000E-8	-2.034969E-3
8.920000E-8	-1.959599E-3
8.925000E-8	-1.911637E-3
8.930000E-8	-1.891081E-3
8.935000E-8	-1.891081E-3
8.940000E-8	-1.901359E-3
8.945000E-8	-1.923627E-3
8.950000E-8	-1.957886E-3
8.955000E-8	-2.002423E-3
8.960000E-8	-2.064089E-3
8.965000E-8	-2.148024E-3
8.970000E-8	-2.223394E-3
8.975000E-8	-2.288486E-3
8.980000E-8	-2.351865E-3
8.985000E-8	-2.389550E-3
8.990000E-8	-2.377559E-3
8.995000E-8	-2.339874E-3
9.000000E-8	-2.297051E-3
9.005000E-8	-2.247375E-3
9.010000E-8	-2.204551E-3
9.015000E-8	-2.180570E-3
9.020000E-8	-2.141172E-3
9.025000E-8	-2.084645E-3
9.030000E-8	-2.041821E-3
9.035000E-8	-2.029830E-3
9.040000E-8	-2.038395E-3
9.045000E-8	-2.076080E-3
9.050000E-8	-2.134320E-3
9.055000E-8	-2.182283E-3
9.060000E-8	-2.223394E-3
9.065000E-8	-2.247375E-3
9.070000E-8	-2.231958E-3
9.075000E-8	-2.199412E-3
9.080000E-8	-2.190848E-3
9.085000E-8	-2.194274E-3
9.090000E-8	-2.177144E-3
9.095000E-8	-2.142885E-3
9.100000E-8	-2.100061E-3
9.105000E-8	-2.041821E-3
9.110000E-8	-1.983581E-3
9.115000E-8	-1.945896E-3
9.120000E-8	-1.937331E-3
9.125000E-8	-1.930479E-3
9.130000E-8	-1.913350E-3
9.135000E-8	-1.904785E-3
9.140000E-8	-1.920202E-3
9.145000E-8	-1.933905E-3
9.150000E-8	-1.927053E-3
9.155000E-8	-1.916776E-3
9.160000E-8	-1.945896E-3
9.165000E-8	-1.993858E-3
9.170000E-8	-2.036682E-3
9.175000E-8	-2.096635E-3
9.180000E-8	-2.175431E-3
9.185000E-8	-2.235384E-3
9.190000E-8	-2.281634E-3
9.195000E-8	-2.345013E-3
9.200000E-8	-2.401541E-3
9.205000E-8	-2.408392E-3
9.210000E-8	-2.387837E-3
9.215000E-8	-2.360430E-3
9.220000E-8	-2.315893E-3
9.225000E-8	-2.261079E-3
9.230000E-8	-2.226820E-3
9.235000E-8	-2.204551E-3
9.240000E-8	-2.161728E-3
9.245000E-8	-2.106913E-3
9.250000E-8	-2.069228E-3
9.255000E-8	-2.055525E-3
9.260000E-8	-2.062376E-3
9.265000E-8	-2.094922E-3
9.270000E-8	-2.154876E-3
9.275000E-8	-2.230246E-3
9.280000E-8	-2.307328E-3
9.285000E-8	-2.379272E-3
9.290000E-8	-2.444364E-3
9.295000E-8	-2.487188E-3
9.300000E-8	-2.504318E-3
9.305000E-8	-2.500892E-3
9.310000E-8	-2.487188E-3
9.315000E-8	-2.466633E-3
9.320000E-8	-2.447790E-3
9.325000E-8	-2.432374E-3
9.330000E-8	-2.392976E-3
9.335000E-8	-2.326171E-3
9.340000E-8	-2.247375E-3
9.345000E-8	-2.172005E-3
9.350000E-8	-2.120617E-3
9.355000E-8	-2.101774E-3
9.360000E-8	-2.105200E-3
9.365000E-8	-2.106913E-3
9.370000E-8	-2.108626E-3
9.375000E-8	-2.122330E-3
9.380000E-8	-2.148024E-3
9.385000E-8	-2.183996E-3
9.390000E-8	-2.225107E-3
9.395000E-8	-2.255940E-3
9.400000E-8	-2.278208E-3
9.405000E-8	-2.300476E-3
9.410000E-8	-2.315893E-3
9.415000E-8	-2.319319E-3
9.420000E-8	-2.305615E-3
9.425000E-8	-2.274782E-3
9.430000E-8	-2.250801E-3
9.435000E-8	-2.257653E-3
9.440000E-8	-2.300476E-3
9.445000E-8	-2.362143E-3
9.450000E-8	-2.423809E-3
9.455000E-8	-2.494040E-3
9.460000E-8	-2.548854E-3
9.465000E-8	-2.571123E-3
9.470000E-8	-2.569410E-3
9.475000E-8	-2.555706E-3
9.480000E-8	-2.518021E-3
9.485000E-8	-2.464920E-3
9.490000E-8	-2.410105E-3
9.495000E-8	-2.336448E-3
9.500000E-8	-2.240523E-3
9.505000E-8	-2.151450E-3
9.510000E-8	-2.074367E-3
9.515000E-8	-1.990433E-3
9.520000E-8	-1.915063E-3
9.525000E-8	-1.860248E-3
9.530000E-8	-1.805434E-3
9.535000E-8	-1.750620E-3
9.540000E-8	-1.706083E-3
9.545000E-8	-1.676963E-3
9.550000E-8	-1.654694E-3
9.555000E-8	-1.661546E-3
9.560000E-8	-1.682102E-3
9.565000E-8	-1.694092E-3
9.570000E-8	-1.723212E-3
9.575000E-8	-1.778027E-3
9.580000E-8	-1.829415E-3
9.585000E-8	-1.865387E-3
9.590000E-8	-1.925340E-3
9.595000E-8	-2.000710E-3
9.600000E-8	-2.062376E-3
9.605000E-8	-2.113765E-3
9.610000E-8	-2.166866E-3
9.615000E-8	-2.216542E-3
9.620000E-8	-2.250801E-3
9.625000E-8	-2.247375E-3
9.630000E-8	-2.209690E-3
9.635000E-8	-2.172005E-3
9.640000E-8	-2.151450E-3
9.645000E-8	-2.117191E-3
9.650000E-8	-2.055525E-3
9.655000E-8	-1.992145E-3
9.660000E-8	-1.952748E-3
9.665000E-8	-1.944183E-3
9.670000E-8	-1.966451E-3
9.675000E-8	-2.007562E-3
9.680000E-8	-2.040108E-3
9.685000E-8	-2.060663E-3
9.690000E-8	-2.089784E-3
9.695000E-8	-2.137746E-3
9.700000E-8	-2.182283E-3
9.705000E-8	-2.218255E-3
9.710000E-8	-2.266217E-3
9.715000E-8	-2.327884E-3
9.720000E-8	-2.374133E-3
9.725000E-8	-2.380985E-3
9.730000E-8	-2.355291E-3
9.735000E-8	-2.324458E-3
9.740000E-8	-2.291912E-3
9.745000E-8	-2.250801E-3
9.750000E-8	-2.207977E-3
9.755000E-8	-2.182283E-3
9.760000E-8	-2.185709E-3
9.765000E-8	-2.202838E-3
9.770000E-8	-2.221681E-3
9.775000E-8	-2.245662E-3
9.780000E-8	-2.290199E-3
9.785000E-8	-2.360430E-3
9.790000E-8	-2.422096E-3
9.795000E-8	-2.464920E-3
9.800000E-8	-2.516308E-3
9.805000E-8	-2.567697E-3
9.810000E-8	-2.589965E-3
9.815000E-8	-2.574549E-3
9.820000E-8	-2.559132E-3
9.825000E-8	-2.545428E-3
9.830000E-8	-2.524873E-3
9.835000E-8	-2.490614E-3
9.840000E-8	-2.446077E-3
9.845000E-8	-2.386124E-3
9.850000E-8	-2.312467E-3
9.855000E-8	-2.238810E-3
9.860000E-8	-2.177144E-3
9.865000E-8	-2.130894E-3
9.870000E-8	-2.112052E-3
9.875000E-8	-2.127469E-3
9.880000E-8	-2.163440E-3
9.885000E-8	-2.214829E-3
9.890000E-8	-2.269643E-3
9.895000E-8	-2.327884E-3
9.900000E-8	-2.380985E-3
9.905000E-8	-2.418670E-3
9.910000E-8	-2.434087E-3
9.915000E-8	-2.435800E-3
9.920000E-8	-2.420383E-3
9.925000E-8	-2.384411E-3
9.930000E-8	-2.326171E-3
9.935000E-8	-2.261079E-3
9.940000E-8	-2.199412E-3
9.945000E-8	-2.165153E-3
9.950000E-8	-2.165153E-3
9.955000E-8	-2.175431E-3
9.960000E-8	-2.185709E-3
9.965000E-8	-2.209690E-3
9.970000E-8	-2.240523E-3
9.975000E-8	-2.262792E-3
9.980000E-8	-2.276495E-3
9.985000E-8	-2.276495E-3
9.990000E-8	-2.254227E-3
9.995000E-8	-2.219968E-3
1.000000E-7	-2.185709E-3
1.000500E-7	-2.124043E-3
1.001000E-7	-2.046960E-3
1.001500E-7	-1.981868E-3
1.002000E-7	-1.928766E-3
1.002500E-7	-1.884230E-3
1.003000E-7	-1.870526E-3
1.003500E-7	-1.903072E-3
1.004000E-7	-1.959599E-3
1.004500E-7	-2.036682E-3
1.005000E-7	-2.127469E-3
1.005500E-7	-2.204551E-3
1.006000E-7	-2.271356E-3
1.006500E-7	-2.339874E-3
1.007000E-7	-2.392976E-3
1.007500E-7	-2.422096E-3
1.008000E-7	-2.439225E-3
1.008500E-7	-2.437512E-3
1.009000E-7	-2.415244E-3
1.009500E-7	-2.408392E-3
1.010000E-7	-2.422096E-3
1.010500E-7	-2.444364E-3
1.011000E-7	-2.473484E-3
1.011500E-7	-2.506030E-3
1.012000E-7	-2.531725E-3
1.012500E-7	-2.557419E-3
1.013000E-7	-2.584826E-3
1.013500E-7	-2.588252E-3
1.014000E-7	-2.562558E-3
1.014500E-7	-2.530012E-3
1.015000E-7	-2.497466E-3
1.015500E-7	-2.439225E-3
1.016000E-7	-2.341587E-3
1.016500E-7	-2.218255E-3
1.017000E-7	-2.101774E-3
1.017500E-7	-2.016127E-3
1.018000E-7	-1.978442E-3
1.018500E-7	-1.983581E-3
1.019000E-7	-2.031543E-3
1.019500E-7	-2.113765E-3
1.020000E-7	-2.211403E-3
1.020500E-7	-2.291912E-3
1.021000E-7	-2.348439E-3
1.021500E-7	-2.386124E-3
1.022000E-7	-2.406679E-3
1.022500E-7	-2.404966E-3
1.023000E-7	-2.379272E-3
1.023500E-7	-2.326171E-3
1.024000E-7	-2.249088E-3
1.024500E-7	-2.156589E-3
1.025000E-7	-2.058951E-3
1.025500E-7	-1.968164E-3
1.026000E-7	-1.918489E-3
1.026500E-7	-1.908211E-3
1.027000E-7	-1.920202E-3
1.027500E-7	-1.956174E-3
1.028000E-7	-2.022979E-3
1.028500E-7	-2.110339E-3
1.029000E-7	-2.218255E-3
1.029500E-7	-2.334735E-3
1.030000E-7	-2.434087E-3
1.030500E-7	-2.507743E-3
1.031000E-7	-2.576261E-3
1.031500E-7	-2.612233E-3
1.032000E-7	-2.576261E-3
1.032500E-7	-2.476910E-3
1.033000E-7	-2.358717E-3
1.033500E-7	-2.235384E-3
1.034000E-7	-2.113765E-3
1.034500E-7	-2.007562E-3
1.035000E-7	-1.930479E-3
1.035500E-7	-1.896220E-3
1.036000E-7	-1.916776E-3
1.036500E-7	-1.969877E-3
1.037000E-7	-2.043534E-3
1.037500E-7	-2.139459E-3
1.038000E-7	-2.233671E-3
1.038500E-7	-2.286773E-3
1.039000E-7	-2.315893E-3
1.039500E-7	-2.326171E-3
1.040000E-7	-2.303902E-3
1.040500E-7	-2.261079E-3
1.041000E-7	-2.221681E-3
1.041500E-7	-2.178857E-3
1.042000E-7	-2.137746E-3
1.042500E-7	-2.125756E-3
1.043000E-7	-2.130894E-3
1.043500E-7	-2.144598E-3
1.044000E-7	-2.175431E-3
1.044500E-7	-2.219968E-3
1.045000E-7	-2.259366E-3
1.045500E-7	-2.319319E-3
1.046000E-7	-2.403253E-3
1.046500E-7	-2.473484E-3
1.047000E-7	-2.516308E-3
1.047500E-7	-2.548854E-3
1.048000E-7	-2.559132E-3
1.048500E-7	-2.535151E-3
1.049000E-7	-2.499179E-3
1.049500E-7	-2.452929E-3
1.050000E-7	-2.394689E-3
1.050500E-7	-2.321032E-3
1.051000E-7	-2.242236E-3
1.051500E-7	-2.173718E-3
1.052000E-7	-2.115478E-3
1.052500E-7	-2.057238E-3
1.053000E-7	-2.000710E-3
1.053500E-7	-1.957886E-3
1.054000E-7	-1.913350E-3
1.054500E-7	-1.872239E-3
1.055000E-7	-1.875665E-3
1.055500E-7	-1.937331E-3
1.056000E-7	-2.026404E-3
1.056500E-7	-2.113765E-3
1.057000E-7	-2.207977E-3
1.057500E-7	-2.295338E-3
1.058000E-7	-2.372420E-3
1.058500E-7	-2.440938E-3
1.059000E-7	-2.502605E-3
1.059500E-7	-2.538577E-3
1.060000E-7	-2.555706E-3
1.060500E-7	-2.550567E-3
1.061000E-7	-2.516308E-3
1.061500E-7	-2.464920E-3
1.062000E-7	-2.430661E-3
1.062500E-7	-2.399828E-3
1.063000E-7	-2.348439E-3
1.063500E-7	-2.298764E-3
1.064000E-7	-2.267930E-3
1.064500E-7	-2.237097E-3
1.065000E-7	-2.204551E-3
1.065500E-7	-2.190848E-3
1.066000E-7	-2.192561E-3
1.066500E-7	-2.180570E-3
1.067000E-7	-2.172005E-3
1.067500E-7	-2.187422E-3
1.068000E-7	-2.201125E-3
1.068500E-7	-2.211403E-3
1.069000E-7	-2.235384E-3
1.069500E-7	-2.271356E-3
1.070000E-7	-2.303902E-3
1.070500E-7	-2.346726E-3
1.071000E-7	-2.404966E-3
1.071500E-7	-2.461494E-3
1.072000E-7	-2.500892E-3
1.072500E-7	-2.531725E-3
1.073000E-7	-2.547141E-3
1.073500E-7	-2.540289E-3
1.074000E-7	-2.506030E-3
1.074500E-7	-2.444364E-3
1.075000E-7	-2.360430E-3
1.075500E-7	-2.283347E-3
1.076000E-7	-2.221681E-3
1.076500E-7	-2.160015E-3
1.077000E-7	-2.115478E-3
1.077500E-7	-2.101774E-3
1.078000E-7	-2.101774E-3
1.078500E-7	-2.103487E-3
1.079000E-7	-2.117191E-3
1.079500E-7	-2.142885E-3
1.080000E-7	-2.166866E-3
1.080500E-7	-2.202838E-3
1.081000E-7	-2.261079E-3
1.081500E-7	-2.319319E-3
1.082000E-7	-2.357004E-3
1.082500E-7	-2.367282E-3
1.083000E-7	-2.355291E-3
1.083500E-7	-2.334735E-3
1.084000E-7	-2.307328E-3
1.084500E-7	-2.273069E-3
1.085000E-7	-2.235384E-3
1.085500E-7	-2.206264E-3
1.086000E-7	-2.178857E-3
1.086500E-7	-2.146311E-3
1.087000E-7	-2.112052E-3
1.087500E-7	-2.088071E-3
1.088000E-7	-2.070941E-3
1.088500E-7	-2.052099E-3
1.089000E-7	-2.060663E-3
1.089500E-7	-2.098348E-3
1.090000E-7	-2.151450E-3
1.090500E-7	-2.197699E-3
1.091000E-7	-2.243949E-3
1.091500E-7	-2.283347E-3
1.092000E-7	-2.307328E-3
1.092500E-7	-2.315893E-3
1.093000E-7	-2.321032E-3
1.093500E-7	-2.307328E-3
1.094000E-7	-2.271356E-3
1.094500E-7	-2.233671E-3
1.095000E-7	-2.192561E-3
1.095500E-7	-2.130894E-3
1.096000E-7	-2.069228E-3
1.096500E-7	-2.029830E-3
1.097000E-7	-2.019553E-3
1.097500E-7	-2.033256E-3
1.098000E-7	-2.055525E-3
1.098500E-7	-2.077793E-3
1.099000E-7	-2.125756E-3
1.099500E-7	-2.225107E-3
1.100000E-7	-2.331310E-3
1.100500E-7	-2.401541E-3
1.101000E-7	-2.458068E-3
1.101500E-7	-2.519734E-3
1.102000E-7	-2.555706E-3
1.102500E-7	-2.547141E-3
1.103000E-7	-2.519734E-3
1.103500E-7	-2.476910E-3
1.104000E-7	-2.415244E-3
1.104500E-7	-2.353578E-3
1.105000E-7	-2.302189E-3
1.105500E-7	-2.254227E-3
1.106000E-7	-2.213116E-3
1.106500E-7	-2.183996E-3
1.107000E-7	-2.161728E-3
1.107500E-7	-2.158302E-3
1.108000E-7	-2.197699E-3
1.108500E-7	-2.255940E-3
1.109000E-7	-2.309041E-3
1.109500E-7	-2.365569E-3
1.110000E-7	-2.406679E-3
1.110500E-7	-2.410105E-3
1.111000E-7	-2.384411E-3
1.111500E-7	-2.363856E-3
1.112000E-7	-2.355291E-3
1.112500E-7	-2.350152E-3
1.113000E-7	-2.353578E-3
1.113500E-7	-2.358717E-3
1.114000E-7	-2.358717E-3
1.114500E-7	-2.372420E-3
1.115000E-7	-2.411818E-3
1.115500E-7	-2.468346E-3
1.116000E-7	-2.519734E-3
1.116500E-7	-2.574549E-3
1.117000E-7	-2.629363E-3
1.117500E-7	-2.675613E-3
1.118000E-7	-2.721862E-3
1.118500E-7	-2.769825E-3
1.119000E-7	-2.805797E-3
1.119500E-7	-2.819500E-3
1.120000E-7	-2.821213E-3
1.120500E-7	-2.812649E-3
1.121000E-7	-2.776677E-3
1.121500E-7	-2.715010E-3
1.122000E-7	-2.649918E-3
1.122500E-7	-2.586539E-3
1.123000E-7	-2.512882E-3
1.123500E-7	-2.430661E-3
1.124000E-7	-2.353578E-3
1.124500E-7	-2.298764E-3
1.125000E-7	-2.283347E-3
1.125500E-7	-2.288486E-3
1.126000E-7	-2.279921E-3
1.126500E-7	-2.281634E-3
1.127000E-7	-2.310754E-3
1.127500E-7	-2.357004E-3
1.128000E-7	-2.415244E-3
1.128500E-7	-2.482049E-3
1.129000E-7	-2.535151E-3
1.129500E-7	-2.574549E-3
1.130000E-7	-2.622511E-3
1.130500E-7	-2.658483E-3
1.131000E-7	-2.670474E-3
1.131500E-7	-2.679038E-3
1.132000E-7	-2.689316E-3
1.132500E-7	-2.682464E-3
1.133000E-7	-2.655057E-3
1.133500E-7	-2.629363E-3
1.134000E-7	-2.601956E-3
1.134500E-7	-2.574549E-3
1.135000E-7	-2.560845E-3
1.135500E-7	-2.550567E-3
1.136000E-7	-2.540289E-3
1.136500E-7	-2.530012E-3
1.137000E-7	-2.516308E-3
1.137500E-7	-2.506030E-3
1.138000E-7	-2.512882E-3
1.138500E-7	-2.523160E-3
1.139000E-7	-2.516308E-3
1.139500E-7	-2.509456E-3
1.140000E-7	-2.533438E-3
1.140500E-7	-2.562558E-3
1.141000E-7	-2.589965E-3
1.141500E-7	-2.631076E-3
1.142000E-7	-2.685890E-3
1.142500E-7	-2.738992E-3
1.143000E-7	-2.788667E-3
1.143500E-7	-2.822926E-3
1.144000E-7	-2.829778E-3
1.144500E-7	-2.812649E-3
1.145000E-7	-2.774964E-3
1.145500E-7	-2.697881E-3
1.146000E-7	-2.596817E-3
1.146500E-7	-2.506030E-3
1.147000E-7	-2.422096E-3
1.147500E-7	-2.324458E-3
1.148000E-7	-2.240523E-3
1.148500E-7	-2.204551E-3
1.149000E-7	-2.197699E-3
1.149500E-7	-2.201125E-3
1.150000E-7	-2.214829E-3
1.150500E-7	-2.231958E-3
1.151000E-7	-2.238810E-3
1.151500E-7	-2.240523E-3
1.152000E-7	-2.230246E-3
1.152500E-7	-2.190848E-3
1.153000E-7	-2.134320E-3
1.153500E-7	-2.077793E-3
1.154000E-7	-2.002423E-3
1.154500E-7	-1.901359E-3
1.155000E-7	-1.796869E-3
1.155500E-7	-1.714648E-3
1.156000E-7	-1.659833E-3
1.156500E-7	-1.637565E-3
1.157000E-7	-1.647843E-3
1.157500E-7	-1.694092E-3
1.158000E-7	-1.779740E-3
1.158500E-7	-1.885943E-3
1.159000E-7	-2.004136E-3
1.159500E-7	-2.141172E-3
1.160000E-7	-2.276495E-3
1.160500E-7	-2.379272E-3
1.161000E-7	-2.454642E-3
1.161500E-7	-2.512882E-3
1.162000E-7	-2.533438E-3
1.162500E-7	-2.499179E-3
1.163000E-7	-2.447790E-3
1.163500E-7	-2.413531E-3
1.164000E-7	-2.399828E-3
1.164500E-7	-2.394689E-3
1.165000E-7	-2.389550E-3
1.165500E-7	-2.392976E-3
1.166000E-7	-2.401541E-3
1.166500E-7	-2.404966E-3
1.167000E-7	-2.389550E-3
1.167500E-7	-2.368994E-3
1.168000E-7	-2.348439E-3
1.168500E-7	-2.307328E-3
1.169000E-7	-2.250801E-3
1.169500E-7	-2.201125E-3
1.170000E-7	-2.158302E-3
1.170500E-7	-2.118904E-3
1.171000E-7	-2.112052E-3
1.171500E-7	-2.149737E-3
1.172000E-7	-2.221681E-3
1.172500E-7	-2.333023E-3
1.173000E-7	-2.480336E-3
1.173500E-7	-2.622511E-3
1.174000E-7	-2.728714E-3
1.174500E-7	-2.807510E-3
1.175000E-7	-2.852046E-3
1.175500E-7	-2.864037E-3
1.176000E-7	-2.845195E-3
1.176500E-7	-2.800658E-3
1.177000E-7	-2.716723E-3
1.177500E-7	-2.617372E-3
1.178000E-7	-2.519734E-3
1.178500E-7	-2.432374E-3
1.179000E-7	-2.368994E-3
1.179500E-7	-2.346726E-3
1.180000E-7	-2.351865E-3
1.180500E-7	-2.372420E-3
1.181000E-7	-2.403253E-3
1.181500E-7	-2.444364E-3
1.182000E-7	-2.482049E-3
1.182500E-7	-2.523160E-3
1.183000E-7	-2.550567E-3
1.183500E-7	-2.557419E-3
1.184000E-7	-2.548854E-3
1.184500E-7	-2.536864E-3
1.185000E-7	-2.506030E-3
1.185500E-7	-2.449503E-3
1.186000E-7	-2.389550E-3
1.186500E-7	-2.331310E-3
1.187000E-7	-2.279921E-3
1.187500E-7	-2.255940E-3
1.188000E-7	-2.273069E-3
1.188500E-7	-2.317606E-3
1.189000E-7	-2.377559E-3
1.189500E-7	-2.439225E-3
1.190000E-7	-2.504318E-3
1.190500E-7	-2.567697E-3
1.191000E-7	-2.631076E-3
1.191500E-7	-2.692742E-3
1.192000E-7	-2.737279E-3
1.192500E-7	-2.752695E-3
1.193000E-7	-2.744131E-3
1.193500E-7	-2.732140E-3
1.194000E-7	-2.694455E-3
1.194500E-7	-2.617372E-3
1.195000E-7	-2.523160E-3
1.195500E-7	-2.446077E-3
1.196000E-7	-2.382698E-3
1.196500E-7	-2.307328E-3
1.197000E-7	-2.225107E-3
1.197500E-7	-2.161728E-3
1.198000E-7	-2.122330E-3
1.198500E-7	-2.074367E-3
1.199000E-7	-2.016127E-3
1.199500E-7	-1.992145E-3
1.200000E-7	-2.021266E-3
1.200500E-7	-2.096635E-3
1.201000E-7	-2.197699E-3
1.201500E-7	-2.312467E-3
1.202000E-7	-2.428948E-3
1.202500E-7	-2.538577E-3
1.203000E-7	-2.627650E-3
1.203500E-7	-2.687603E-3
1.204000E-7	-2.709872E-3
1.204500E-7	-2.689316E-3
1.205000E-7	-2.639641E-3
1.205500E-7	-2.572836E-3
1.206000E-7	-2.504318E-3
1.206500E-7	-2.420383E-3
1.207000E-7	-2.331310E-3
1.207500E-7	-2.257653E-3
1.208000E-7	-2.192561E-3
1.208500E-7	-2.129181E-3
1.209000E-7	-2.079506E-3
1.209500E-7	-2.070941E-3
1.210000E-7	-2.105200E-3
1.210500E-7	-2.146311E-3
1.211000E-7	-2.172005E-3
1.211500E-7	-2.197699E-3
1.212000E-7	-2.235384E-3
1.212500E-7	-2.267930E-3
1.213000E-7	-2.297051E-3
1.213500E-7	-2.336448E-3
1.214000E-7	-2.392976E-3
1.214500E-7	-2.451216E-3
1.215000E-7	-2.499179E-3
1.215500E-7	-2.523160E-3
1.216000E-7	-2.533438E-3
1.216500E-7	-2.547141E-3
1.217000E-7	-2.567697E-3
1.217500E-7	-2.572836E-3
1.218000E-7	-2.567697E-3
1.218500E-7	-2.555706E-3
1.219000E-7	-2.535151E-3
1.219500E-7	-2.497466E-3
1.220000E-7	-2.466633E-3
1.220500E-7	-2.440938E-3
1.221000E-7	-2.427235E-3
1.221500E-7	-2.444364E-3
1.222000E-7	-2.478623E-3
1.222500E-7	-2.518021E-3
1.223000E-7	-2.552280E-3
1.223500E-7	-2.576261E-3
1.224000E-7	-2.567697E-3
1.224500E-7	-2.545428E-3
1.225000E-7	-2.518021E-3
1.225500E-7	-2.475197E-3
1.226000E-7	-2.437512E-3
1.226500E-7	-2.437512E-3
1.227000E-7	-2.458068E-3
1.227500E-7	-2.475197E-3
1.228000E-7	-2.500892E-3
1.228500E-7	-2.526586E-3
1.229000E-7	-2.528299E-3
1.229500E-7	-2.523160E-3
1.230000E-7	-2.512882E-3
1.230500E-7	-2.480336E-3
1.231000E-7	-2.430661E-3
1.231500E-7	-2.391263E-3
1.232000E-7	-2.350152E-3
1.232500E-7	-2.302189E-3
1.233000E-7	-2.271356E-3
1.233500E-7	-2.237097E-3
1.234000E-7	-2.180570E-3
1.234500E-7	-2.132607E-3
1.235000E-7	-2.117191E-3
1.235500E-7	-2.118904E-3
1.236000E-7	-2.130894E-3
1.236500E-7	-2.156589E-3
1.237000E-7	-2.183996E-3
1.237500E-7	-2.213116E-3
1.238000E-7	-2.254227E-3
1.238500E-7	-2.285060E-3
1.239000E-7	-2.295338E-3
1.239500E-7	-2.315893E-3
1.240000E-7	-2.339874E-3
1.240500E-7	-2.336448E-3
1.241000E-7	-2.309041E-3
1.241500E-7	-2.300476E-3
1.242000E-7	-2.300476E-3
1.242500E-7	-2.285060E-3
1.243000E-7	-2.245662E-3
1.243500E-7	-2.207977E-3
1.244000E-7	-2.187422E-3
1.244500E-7	-2.189135E-3
1.245000E-7	-2.199412E-3
1.245500E-7	-2.219968E-3
1.246000E-7	-2.249088E-3
1.246500E-7	-2.283347E-3
1.247000E-7	-2.331310E-3
1.247500E-7	-2.380985E-3
1.248000E-7	-2.413531E-3
1.248500E-7	-2.428948E-3
1.249000E-7	-2.435800E-3
1.249500E-7	-2.430661E-3
1.250000E-7	-2.396402E-3
1.250500E-7	-2.338161E-3
1.251000E-7	-2.267930E-3
1.251500E-7	-2.195987E-3
1.252000E-7	-2.139459E-3
1.252500E-7	-2.113765E-3
1.253000E-7	-2.117191E-3
1.253500E-7	-2.142885E-3
1.254000E-7	-2.189135E-3
1.254500E-7	-2.242236E-3
1.255000E-7	-2.298764E-3
1.255500E-7	-2.370707E-3
1.256000E-7	-2.459781E-3
1.256500E-7	-2.533438E-3
1.257000E-7	-2.571123E-3
1.257500E-7	-2.572836E-3
1.258000E-7	-2.545428E-3
1.258500E-7	-2.494040E-3
1.259000E-7	-2.415244E-3
1.259500E-7	-2.303902E-3
1.260000E-7	-2.175431E-3
1.260500E-7	-2.053812E-3
1.261000E-7	-1.947609E-3
1.261500E-7	-1.855109E-3
1.262000E-7	-1.786591E-3
1.262500E-7	-1.754045E-3
1.263000E-7	-1.764323E-3
1.263500E-7	-1.802008E-3
1.264000E-7	-1.865387E-3
1.264500E-7	-1.954461E-3
1.265000E-7	-2.057238E-3
1.265500E-7	-2.153163E-3
1.266000E-7	-2.223394E-3
1.266500E-7	-2.266217E-3
1.267000E-7	-2.285060E-3
1.267500E-7	-2.278208E-3
1.268000E-7	-2.243949E-3
1.268500E-7	-2.195987E-3
1.269000E-7	-2.154876E-3
1.269500E-7	-2.112052E-3
1.270000E-7	-2.062376E-3
1.270500E-7	-2.041821E-3
1.271000E-7	-2.065802E-3
1.271500E-7	-2.105200E-3
1.272000E-7	-2.156589E-3
1.272500E-7	-2.206264E-3
1.273000E-7	-2.233671E-3
1.273500E-7	-2.252514E-3
1.274000E-7	-2.288486E-3
1.274500E-7	-2.322745E-3
1.275000E-7	-2.336448E-3
1.275500E-7	-2.357004E-3
1.276000E-7	-2.370707E-3
1.276500E-7	-2.339874E-3
1.277000E-7	-2.274782E-3
1.277500E-7	-2.206264E-3
1.278000E-7	-2.136033E-3
1.278500E-7	-2.079506E-3
1.279000E-7	-2.050386E-3
1.279500E-7	-2.038395E-3
1.280000E-7	-2.040108E-3
1.280500E-7	-2.072654E-3
1.281000E-7	-2.132607E-3
1.281500E-7	-2.216542E-3
1.282000E-7	-2.324458E-3
1.282500E-7	-2.434087E-3
1.283000E-7	-2.533438E-3
1.283500E-7	-2.617372E-3
1.284000E-7	-2.661909E-3
1.284500E-7	-2.660196E-3
1.285000E-7	-2.625937E-3
1.285500E-7	-2.562558E-3
1.286000E-7	-2.478623E-3
1.286500E-7	-2.398115E-3
1.287000E-7	-2.312467E-3
1.287500E-7	-2.204551E-3
1.288000E-7	-2.112052E-3
1.288500E-7	-2.065802E-3
1.289000E-7	-2.041821E-3
1.289500E-7	-2.021266E-3
1.290000E-7	-2.031543E-3
1.290500E-7	-2.070941E-3
1.291000E-7	-2.118904E-3
1.291500E-7	-2.161728E-3
1.292000E-7	-2.195987E-3
1.292500E-7	-2.218255E-3
1.293000E-7	-2.226820E-3
1.293500E-7	-2.214829E-3
1.294000E-7	-2.192561E-3
1.294500E-7	-2.187422E-3
1.295000E-7	-2.199412E-3
1.295500E-7	-2.202838E-3
1.296000E-7	-2.214829E-3
1.296500E-7	-2.271356E-3
1.297000E-7	-2.367282E-3
1.297500E-7	-2.464920E-3
1.298000E-7	-2.538577E-3
1.298500E-7	-2.600243E-3
1.299000E-7	-2.660196E-3
1.299500E-7	-2.709872E-3
1.300000E-7	-2.732140E-3
1.300500E-7	-2.727001E-3
1.301000E-7	-2.694455E-3
1.301500E-7	-2.634502E-3
1.302000E-7	-2.557419E-3
1.302500E-7	-2.480336E-3
1.303000E-7	-2.416957E-3
1.303500E-7	-2.372420E-3
1.304000E-7	-2.346726E-3
1.304500E-7	-2.345013E-3
1.305000E-7	-2.367282E-3
1.305500E-7	-2.394689E-3
1.306000E-7	-2.396402E-3
1.306500E-7	-2.384411E-3
1.307000E-7	-2.382698E-3
1.307500E-7	-2.377559E-3
1.308000E-7	-2.351865E-3
1.308500E-7	-2.329597E-3
1.309000E-7	-2.309041E-3
1.309500E-7	-2.276495E-3
1.310000E-7	-2.249088E-3
1.310500E-7	-2.257653E-3
1.311000E-7	-2.300476E-3
1.311500E-7	-2.363856E-3
1.312000E-7	-2.447790E-3
1.312500E-7	-2.526586E-3
1.313000E-7	-2.576261E-3
1.313500E-7	-2.601956E-3
1.314000E-7	-2.612233E-3
1.314500E-7	-2.588252E-3
1.315000E-7	-2.526586E-3
1.315500E-7	-2.442651E-3
1.316000E-7	-2.339874E-3
1.316500E-7	-2.219968E-3
1.317000E-7	-2.106913E-3
1.317500E-7	-2.019553E-3
1.318000E-7	-1.956174E-3
1.318500E-7	-1.921915E-3
1.319000E-7	-1.930479E-3
1.319500E-7	-1.968164E-3
1.320000E-7	-2.012701E-3
1.320500E-7	-2.048673E-3
1.321000E-7	-2.093210E-3
1.321500E-7	-2.142885E-3
1.322000E-7	-2.190848E-3
1.322500E-7	-2.240523E-3
1.323000E-7	-2.285060E-3
1.323500E-7	-2.310754E-3
1.324000E-7	-2.329597E-3
1.324500E-7	-2.367282E-3
1.325000E-7	-2.401541E-3
1.325500E-7	-2.403253E-3
1.326000E-7	-2.391263E-3
1.326500E-7	-2.386124E-3
1.327000E-7	-2.387837E-3
1.327500E-7	-2.394689E-3
1.328000E-7	-2.415244E-3
1.328500E-7	-2.446077E-3
1.329000E-7	-2.466633E-3
1.329500E-7	-2.458068E-3
1.330000E-7	-2.415244E-3
1.330500E-7	-2.374133E-3
1.331000E-7	-2.343300E-3
1.331500E-7	-2.303902E-3
1.332000E-7	-2.259366E-3
1.332500E-7	-2.242236E-3
1.333000E-7	-2.242236E-3
1.333500E-7	-2.245662E-3
1.334000E-7	-2.276495E-3
1.334500E-7	-2.333023E-3
1.335000E-7	-2.396402E-3
1.335500E-7	-2.461494E-3
1.336000E-7	-2.533438E-3
1.336500E-7	-2.598530E-3
1.337000E-7	-2.643067E-3
1.337500E-7	-2.656770E-3
1.338000E-7	-2.634502E-3
1.338500E-7	-2.591678E-3
1.339000E-7	-2.540289E-3
1.339500E-7	-2.475197E-3
1.340000E-7	-2.411818E-3
1.340500E-7	-2.363856E-3
1.341000E-7	-2.331310E-3
1.341500E-7	-2.309041E-3
1.342000E-7	-2.305615E-3
1.342500E-7	-2.327884E-3
1.343000E-7	-2.365569E-3
1.343500E-7	-2.432374E-3
1.344000E-7	-2.507743E-3
1.344500E-7	-2.559132E-3
1.345000E-7	-2.586539E-3
1.345500E-7	-2.608808E-3
1.346000E-7	-2.622511E-3
1.346500E-7	-2.608808E-3
1.347000E-7	-2.577974E-3
1.347500E-7	-2.548854E-3
1.348000E-7	-2.499179E-3
1.348500E-7	-2.408392E-3
1.349000E-7	-2.297051E-3
1.349500E-7	-2.201125E-3
1.350000E-7	-2.105200E-3
1.350500E-7	-1.990433E-3
1.351000E-7	-1.889368E-3
1.351500E-7	-1.825989E-3
1.352000E-7	-1.790017E-3
1.352500E-7	-1.778027E-3
1.353000E-7	-1.793443E-3
1.353500E-7	-1.837980E-3
1.354000E-7	-1.903072E-3
1.354500E-7	-1.997284E-3
1.355000E-7	-2.113765E-3
1.355500E-7	-2.231958E-3
1.356000E-7	-2.341587E-3
1.356500E-7	-2.430661E-3
1.357000E-7	-2.500892E-3
1.357500E-7	-2.545428E-3
1.358000E-7	-2.559132E-3
1.358500E-7	-2.536864E-3
1.359000E-7	-2.492327E-3
1.359500E-7	-2.439225E-3
1.360000E-7	-2.382698E-3
1.360500E-7	-2.334735E-3
1.361000E-7	-2.298764E-3
1.361500E-7	-2.262792E-3
1.362000E-7	-2.228533E-3
1.362500E-7	-2.192561E-3
1.363000E-7	-2.168579E-3
1.363500E-7	-2.154876E-3
1.364000E-7	-2.156589E-3
1.364500E-7	-2.180570E-3
1.365000E-7	-2.223394E-3
1.365500E-7	-2.267930E-3
1.366000E-7	-2.303902E-3
1.366500E-7	-2.353578E-3
1.367000E-7	-2.413531E-3
1.367500E-7	-2.480336E-3
1.368000E-7	-2.564271E-3
1.368500E-7	-2.643067E-3
1.369000E-7	-2.704733E-3
1.369500E-7	-2.752695E-3
1.370000E-7	-2.781815E-3
1.370500E-7	-2.766399E-3
1.371000E-7	-2.713297E-3
1.371500E-7	-2.656770E-3
1.372000E-7	-2.593391E-3
1.372500E-7	-2.506030E-3
1.373000E-7	-2.418670E-3
1.373500E-7	-2.350152E-3
1.374000E-7	-2.303902E-3
1.374500E-7	-2.293625E-3
1.375000E-7	-2.312467E-3
1.375500E-7	-2.334735E-3
1.376000E-7	-2.357004E-3
1.376500E-7	-2.391263E-3
1.377000E-7	-2.430661E-3
1.377500E-7	-2.461494E-3
1.378000E-7	-2.488901E-3
1.378500E-7	-2.518021E-3
1.379000E-7	-2.531725E-3
1.379500E-7	-2.540289E-3
1.380000E-7	-2.548854E-3
1.380500E-7	-2.550567E-3
1.381000E-7	-2.550567E-3
1.381500E-7	-2.574549E-3
1.382000E-7	-2.617372E-3
1.382500E-7	-2.656770E-3
1.383000E-7	-2.685890E-3
1.383500E-7	-2.709872E-3
1.384000E-7	-2.715010E-3
1.384500E-7	-2.709872E-3
1.385000E-7	-2.680751E-3
1.385500E-7	-2.610520E-3
1.386000E-7	-2.504318E-3
1.386500E-7	-2.391263E-3
1.387000E-7	-2.285060E-3
1.387500E-7	-2.195987E-3
1.388000E-7	-2.154876E-3
1.388500E-7	-2.168579E-3
1.389000E-7	-2.206264E-3
1.389500E-7	-2.259366E-3
1.390000E-7	-2.338161E-3
1.390500E-7	-2.430661E-3
1.391000E-7	-2.514595E-3
1.391500E-7	-2.591678E-3
1.392000E-7	-2.656770E-3
1.392500E-7	-2.687603E-3
1.393000E-7	-2.677326E-3
1.393500E-7	-2.631076E-3
1.394000E-7	-2.548854E-3
1.394500E-7	-2.435800E-3
1.395000E-7	-2.309041E-3
1.395500E-7	-2.190848E-3
1.396000E-7	-2.105200E-3
1.396500E-7	-2.064089E-3
1.397000E-7	-2.058951E-3
1.397500E-7	-2.072654E-3
1.398000E-7	-2.096635E-3
1.398500E-7	-2.148024E-3
1.399000E-7	-2.230246E-3
1.399500E-7	-2.324458E-3
1.400000E-7	-2.408392E-3
1.400500E-7	-2.483762E-3
1.401000E-7	-2.543715E-3
1.401500E-7	-2.574549E-3
1.402000E-7	-2.583113E-3
1.402500E-7	-2.576261E-3
1.403000E-7	-2.530012E-3
1.403500E-7	-2.442651E-3
1.404000E-7	-2.365569E-3
1.404500E-7	-2.302189E-3
1.405000E-7	-2.207977E-3
1.405500E-7	-2.096635E-3
1.406000E-7	-2.034969E-3
1.406500E-7	-2.017840E-3
1.407000E-7	-1.998997E-3
1.407500E-7	-1.993858E-3
1.408000E-7	-2.031543E-3
1.408500E-7	-2.098348E-3
1.409000E-7	-2.190848E-3
1.409500E-7	-2.312467E-3
1.410000E-7	-2.430661E-3
1.410500E-7	-2.521447E-3
1.411000E-7	-2.601956E-3
1.411500E-7	-2.660196E-3
1.412000E-7	-2.680751E-3
1.412500E-7	-2.660196E-3
1.413000E-7	-2.603669E-3
1.413500E-7	-2.500892E-3
1.414000E-7	-2.374133E-3
1.414500E-7	-2.247375E-3
1.415000E-7	-2.122330E-3
1.415500E-7	-2.012701E-3
1.416000E-7	-1.951035E-3
1.416500E-7	-1.925340E-3
1.417000E-7	-1.920202E-3
1.417500E-7	-1.951035E-3
1.418000E-7	-2.004136E-3
1.418500E-7	-2.045247E-3
1.419000E-7	-2.098348E-3
1.419500E-7	-2.175431E-3
1.420000E-7	-2.240523E-3
1.420500E-7	-2.286773E-3
1.421000E-7	-2.338161E-3
1.421500E-7	-2.391263E-3
1.422000E-7	-2.434087E-3
1.422500E-7	-2.463207E-3
1.423000E-7	-2.464920E-3
1.423500E-7	-2.440938E-3
1.424000E-7	-2.413531E-3
1.424500E-7	-2.380985E-3
1.425000E-7	-2.336448E-3
1.425500E-7	-2.303902E-3
1.426000E-7	-2.317606E-3
1.426500E-7	-2.351865E-3
1.427000E-7	-2.367282E-3
1.427500E-7	-2.398115E-3
1.428000E-7	-2.475197E-3
1.428500E-7	-2.553993E-3
1.429000E-7	-2.605382E-3
1.429500E-7	-2.658483E-3
1.430000E-7	-2.708159E-3
1.430500E-7	-2.718436E-3
1.431000E-7	-2.685890E-3
1.431500E-7	-2.648205E-3
1.432000E-7	-2.624224E-3
1.432500E-7	-2.607095E-3
1.433000E-7	-2.605382E-3
1.433500E-7	-2.612233E-3
1.434000E-7	-2.625937E-3
1.434500E-7	-2.641354E-3
1.435000E-7	-2.660196E-3
1.435500E-7	-2.696168E-3
1.436000E-7	-2.732140E-3
1.436500E-7	-2.742418E-3
1.437000E-7	-2.715010E-3
1.437500E-7	-2.658483E-3
1.438000E-7	-2.569410E-3
1.438500E-7	-2.454642E-3
1.439000E-7	-2.343300E-3
1.439500E-7	-2.259366E-3
1.440000E-7	-2.197699E-3
1.440500E-7	-2.173718E-3
1.441000E-7	-2.201125E-3
1.441500E-7	-2.267930E-3
1.442000E-7	-2.363856E-3
1.442500E-7	-2.480336E-3
1.443000E-7	-2.583113E-3
1.443500E-7	-2.644779E-3
1.444000E-7	-2.656770E-3
1.444500E-7	-2.617372E-3
1.445000E-7	-2.535151E-3
1.445500E-7	-2.423809E-3
1.446000E-7	-2.297051E-3
1.446500E-7	-2.165153E-3
1.447000E-7	-2.053812E-3
1.447500E-7	-1.971590E-3
1.448000E-7	-1.918489E-3
1.448500E-7	-1.897933E-3
1.449000E-7	-1.909924E-3
1.449500E-7	-1.966451E-3
1.450000E-7	-2.053812E-3
1.450500E-7	-2.149737E-3
1.451000E-7	-2.218255E-3
1.451500E-7	-2.240523E-3
1.452000E-7	-2.240523E-3
1.452500E-7	-2.238810E-3
1.453000E-7	-2.228533E-3
1.453500E-7	-2.199412E-3
1.454000E-7	-2.173718E-3
1.454500E-7	-2.163440E-3
1.455000E-7	-2.146311E-3
1.455500E-7	-2.120617E-3
1.456000E-7	-2.113765E-3
1.456500E-7	-2.134320E-3
1.457000E-7	-2.170292E-3
1.457500E-7	-2.201125E-3
1.458000E-7	-2.228533E-3
1.458500E-7	-2.257653E-3
1.459000E-7	-2.297051E-3
1.459500E-7	-2.324458E-3
1.460000E-7	-2.319319E-3
1.460500E-7	-2.297051E-3
1.461000E-7	-2.283347E-3
1.461500E-7	-2.267930E-3
1.462000E-7	-2.247375E-3
1.462500E-7	-2.226820E-3
1.463000E-7	-2.230246E-3
1.463500E-7	-2.254227E-3
1.464000E-7	-2.259366E-3
1.464500E-7	-2.242236E-3
1.465000E-7	-2.226820E-3
1.465500E-7	-2.216542E-3
1.466000E-7	-2.197699E-3
1.466500E-7	-2.170292E-3
1.467000E-7	-2.160015E-3
1.467500E-7	-2.160015E-3
1.468000E-7	-2.166866E-3
1.468500E-7	-2.182283E-3
1.469000E-7	-2.199412E-3
1.469500E-7	-2.211403E-3
1.470000E-7	-2.226820E-3
1.470500E-7	-2.245662E-3
1.471000E-7	-2.255940E-3
1.471500E-7	-2.269643E-3
1.472000E-7	-2.281634E-3
1.472500E-7	-2.269643E-3
1.473000E-7	-2.249088E-3
1.473500E-7	-2.233671E-3
1.474000E-7	-2.209690E-3
1.474500E-7	-2.173718E-3
1.475000E-7	-2.161728E-3
1.475500E-7	-2.183996E-3
1.476000E-7	-2.230246E-3
1.476500E-7	-2.303902E-3
1.477000E-7	-2.394689E-3
1.477500E-7	-2.475197E-3
1.478000E-7	-2.540289E-3
1.478500E-7	-2.591678E-3
1.479000E-7	-2.615659E-3
1.479500E-7	-2.622511E-3
1.480000E-7	-2.625937E-3
1.480500E-7	-2.613946E-3
1.481000E-7	-2.586539E-3
1.481500E-7	-2.559132E-3
1.482000E-7	-2.538577E-3
1.482500E-7	-2.502605E-3
1.483000E-7	-2.461494E-3
1.483500E-7	-2.428948E-3
1.484000E-7	-2.403253E-3
1.484500E-7	-2.386124E-3
1.485000E-7	-2.399828E-3
1.485500E-7	-2.430661E-3
1.486000E-7	-2.446077E-3
1.486500E-7	-2.451216E-3
1.487000E-7	-2.468346E-3
1.487500E-7	-2.495753E-3
1.488000E-7	-2.512882E-3
1.488500E-7	-2.531725E-3
1.489000E-7	-2.564271E-3
1.489500E-7	-2.601956E-3
1.490000E-7	-2.627650E-3
1.490500E-7	-2.625937E-3
1.491000E-7	-2.595104E-3
1.491500E-7	-2.550567E-3
1.492000E-7	-2.495753E-3
1.492500E-7	-2.432374E-3
1.493000E-7	-2.386124E-3
1.493500E-7	-2.375846E-3
1.494000E-7	-2.394689E-3
1.494500E-7	-2.422096E-3
1.495000E-7	-2.463207E-3
1.495500E-7	-2.516308E-3
1.496000E-7	-2.557419E-3
1.496500E-7	-2.583113E-3
1.497000E-7	-2.620798E-3
1.497500E-7	-2.668761E-3
1.498000E-7	-2.687603E-3
1.498500E-7	-2.670474E-3
1.499000E-7	-2.649918E-3
1.499500E-7	-2.622511E-3
1.500000E-7	-2.559132E-3
1.500500E-7	-2.468346E-3
1.501000E-7	-2.372420E-3
1.501500E-7	-2.269643E-3
1.502000E-7	-2.141172E-3
1.502500E-7	-1.995571E-3
1.503000E-7	-1.861961E-3
1.503500E-7	-1.748907E-3
1.504000E-7	-1.670111E-3
1.504500E-7	-1.625574E-3
1.505000E-7	-1.618722E-3
1.505500E-7	-1.656407E-3
1.506000E-7	-1.735203E-3
1.506500E-7	-1.846545E-3
1.507000E-7	-1.973303E-3
1.507500E-7	-2.113765E-3
1.508000E-7	-2.254227E-3
1.508500E-7	-2.386124E-3
1.509000E-7	-2.512882E-3
1.509500E-7	-2.617372E-3
1.510000E-7	-2.673900E-3
1.510500E-7	-2.685890E-3
1.511000E-7	-2.670474E-3
1.511500E-7	-2.632789E-3
1.512000E-7	-2.564271E-3
1.512500E-7	-2.483762E-3
1.513000E-7	-2.423809E-3
1.513500E-7	-2.394689E-3
1.514000E-7	-2.368994E-3
1.514500E-7	-2.341587E-3
1.515000E-7	-2.329597E-3
1.515500E-7	-2.336448E-3
1.516000E-7	-2.336448E-3
1.516500E-7	-2.329597E-3
1.517000E-7	-2.333023E-3
1.517500E-7	-2.346726E-3
1.518000E-7	-2.351865E-3
1.518500E-7	-2.355291E-3
1.519000E-7	-2.360430E-3
1.519500E-7	-2.341587E-3
1.520000E-7	-2.295338E-3
1.520500E-7	-2.252514E-3
1.521000E-7	-2.226820E-3
1.521500E-7	-2.204551E-3
1.522000E-7	-2.201125E-3
1.522500E-7	-2.228533E-3
1.523000E-7	-2.264505E-3
1.523500E-7	-2.285060E-3
1.524000E-7	-2.288486E-3
1.524500E-7	-2.278208E-3
1.525000E-7	-2.262792E-3
1.525500E-7	-2.264505E-3
1.526000E-7	-2.273069E-3
1.526500E-7	-2.269643E-3
1.527000E-7	-2.254227E-3
1.527500E-7	-2.242236E-3
1.528000E-7	-2.223394E-3
1.528500E-7	-2.187422E-3
1.529000E-7	-2.139459E-3
1.529500E-7	-2.098348E-3
1.530000E-7	-2.086358E-3
1.530500E-7	-2.094922E-3
1.531000E-7	-2.093210E-3
1.531500E-7	-2.091497E-3
1.532000E-7	-2.125756E-3
1.532500E-7	-2.175431E-3
1.533000E-7	-2.225107E-3
1.533500E-7	-2.288486E-3
1.534000E-7	-2.368994E-3
1.534500E-7	-2.440938E-3
1.535000E-7	-2.504318E-3
1.535500E-7	-2.562558E-3
1.536000E-7	-2.593391E-3
1.536500E-7	-2.595104E-3
1.537000E-7	-2.588252E-3
1.537500E-7	-2.564271E-3
1.538000E-7	-2.521447E-3
1.538500E-7	-2.487188E-3
1.539000E-7	-2.461494E-3
1.539500E-7	-2.423809E-3
1.540000E-7	-2.387837E-3
1.540500E-7	-2.357004E-3
1.541000E-7	-2.315893E-3
1.541500E-7	-2.278208E-3
1.542000E-7	-2.279921E-3
1.542500E-7	-2.312467E-3
1.543000E-7	-2.351865E-3
1.543500E-7	-2.399828E-3
1.544000E-7	-2.444364E-3
1.544500E-7	-2.476910E-3
1.545000E-7	-2.516308E-3
1.545500E-7	-2.581400E-3
1.546000E-7	-2.641354E-3
1.546500E-7	-2.679038E-3
1.547000E-7	-2.718436E-3
1.547500E-7	-2.761260E-3
1.548000E-7	-2.773251E-3
1.548500E-7	-2.759547E-3
1.549000E-7	-2.735566E-3
1.549500E-7	-2.703020E-3
1.550000E-7	-2.665335E-3
1.550500E-7	-2.632789E-3
1.551000E-7	-2.605382E-3
1.551500E-7	-2.583113E-3
1.552000E-7	-2.579687E-3
1.552500E-7	-2.584826E-3
1.553000E-7	-2.593391E-3
1.553500E-7	-2.622511E-3
1.554000E-7	-2.677326E-3
1.554500E-7	-2.730427E-3
1.555000E-7	-2.771538E-3
1.555500E-7	-2.800658E-3
1.556000E-7	-2.798945E-3
1.556500E-7	-2.756121E-3
1.557000E-7	-2.689316E-3
1.557500E-7	-2.610520E-3
1.558000E-7	-2.518021E-3
1.558500E-7	-2.420383E-3
1.559000E-7	-2.317606E-3
1.559500E-7	-2.209690E-3
1.560000E-7	-2.112052E-3
1.560500E-7	-2.034969E-3
1.561000E-7	-1.985294E-3
1.561500E-7	-1.966451E-3
1.562000E-7	-1.976729E-3
1.562500E-7	-2.022979E-3
1.563000E-7	-2.117191E-3
1.563500E-7	-2.228533E-3
1.564000E-7	-2.324458E-3
1.564500E-7	-2.420383E-3
1.565000E-7	-2.530012E-3
1.565500E-7	-2.615659E-3
1.566000E-7	-2.656770E-3
1.566500E-7	-2.685890E-3
1.567000E-7	-2.706446E-3
1.567500E-7	-2.696168E-3
1.568000E-7	-2.641354E-3
1.568500E-7	-2.552280E-3
1.569000E-7	-2.442651E-3
1.569500E-7	-2.329597E-3
1.570000E-7	-2.225107E-3
1.570500E-7	-2.134320E-3
1.571000E-7	-2.079506E-3
1.571500E-7	-2.065802E-3
1.572000E-7	-2.064089E-3
1.572500E-7	-2.062376E-3
1.573000E-7	-2.077793E-3
1.573500E-7	-2.117191E-3
1.574000E-7	-2.172005E-3
1.574500E-7	-2.231958E-3
1.575000E-7	-2.303902E-3
1.575500E-7	-2.380985E-3
1.576000E-7	-2.437512E-3
1.576500E-7	-2.449503E-3
1.577000E-7	-2.430661E-3
1.577500E-7	-2.408392E-3
1.578000E-7	-2.372420E-3
1.578500E-7	-2.322745E-3
1.579000E-7	-2.274782E-3
1.579500E-7	-2.249088E-3
1.580000E-7	-2.249088E-3
1.580500E-7	-2.264505E-3
1.581000E-7	-2.267930E-3
1.581500E-7	-2.264505E-3
1.582000E-7	-2.291912E-3
1.582500E-7	-2.346726E-3
1.583000E-7	-2.389550E-3
1.583500E-7	-2.420383E-3
1.584000E-7	-2.459781E-3
1.584500E-7	-2.487188E-3
1.585000E-7	-2.480336E-3
1.585500E-7	-2.459781E-3
1.586000E-7	-2.439225E-3
1.586500E-7	-2.404966E-3
1.587000E-7	-2.355291E-3
1.587500E-7	-2.319319E-3
1.588000E-7	-2.303902E-3
1.588500E-7	-2.297051E-3
1.589000E-7	-2.297051E-3
1.589500E-7	-2.310754E-3
1.590000E-7	-2.336448E-3
1.590500E-7	-2.372420E-3
1.591000E-7	-2.413531E-3
1.591500E-7	-2.461494E-3
1.592000E-7	-2.531725E-3
1.592500E-7	-2.608808E-3
1.593000E-7	-2.679038E-3
1.593500E-7	-2.738992E-3
1.594000E-7	-2.793806E-3
1.594500E-7	-2.824639E-3
1.595000E-7	-2.804084E-3
1.595500E-7	-2.745844E-3
1.596000E-7	-2.673900E-3
1.596500E-7	-2.579687E-3
1.597000E-7	-2.471771E-3
1.597500E-7	-2.377559E-3
1.598000E-7	-2.302189E-3
1.598500E-7	-2.240523E-3
1.599000E-7	-2.219968E-3
1.599500E-7	-2.257653E-3
1.600000E-7	-2.329597E-3
1.600500E-7	-2.413531E-3
1.601000E-7	-2.502605E-3
1.601500E-7	-2.577974E-3
1.602000E-7	-2.624224E-3
1.602500E-7	-2.632789E-3
1.603000E-7	-2.601956E-3
1.603500E-7	-2.548854E-3
1.604000E-7	-2.488901E-3
1.604500E-7	-2.415244E-3
1.605000E-7	-2.333023E-3
1.605500E-7	-2.261079E-3
1.606000E-7	-2.214829E-3
1.606500E-7	-2.190848E-3
1.607000E-7	-2.197699E-3
1.607500E-7	-2.230246E-3
1.608000E-7	-2.274782E-3
1.608500E-7	-2.321032E-3
1.609000E-7	-2.375846E-3
1.609500E-7	-2.437512E-3
1.610000E-7	-2.488901E-3
1.610500E-7	-2.512882E-3
1.611000E-7	-2.514595E-3
1.611500E-7	-2.500892E-3
1.612000E-7	-2.487188E-3
1.612500E-7	-2.475197E-3
1.613000E-7	-2.447790E-3
1.613500E-7	-2.427235E-3
1.614000E-7	-2.416957E-3
1.614500E-7	-2.401541E-3
1.615000E-7	-2.379272E-3
1.615500E-7	-2.370707E-3
1.616000E-7	-2.375846E-3
1.616500E-7	-2.374133E-3
1.617000E-7	-2.368994E-3
1.617500E-7	-2.362143E-3
1.618000E-7	-2.321032E-3
1.618500E-7	-2.257653E-3
1.619000E-7	-2.207977E-3
1.619500E-7	-2.177144E-3
1.620000E-7	-2.144598E-3
1.620500E-7	-2.112052E-3
1.621000E-7	-2.070941E-3
1.621500E-7	-2.009275E-3
1.622000E-7	-1.944183E-3
1.622500E-7	-1.894507E-3
1.623000E-7	-1.853397E-3
1.623500E-7	-1.841406E-3
1.624000E-7	-1.880804E-3
1.624500E-7	-1.975016E-3
1.625000E-7	-2.096635E-3
1.625500E-7	-2.226820E-3
1.626000E-7	-2.345013E-3
1.626500E-7	-2.446077E-3
1.627000E-7	-2.547141E-3
1.627500E-7	-2.639641E-3
1.628000E-7	-2.679038E-3
1.628500E-7	-2.670474E-3
1.629000E-7	-2.653344E-3
1.629500E-7	-2.627650E-3
1.630000E-7	-2.569410E-3
1.630500E-7	-2.500892E-3
1.631000E-7	-2.447790E-3
1.631500E-7	-2.410105E-3
1.632000E-7	-2.384411E-3
1.632500E-7	-2.379272E-3
1.633000E-7	-2.396402E-3
1.633500E-7	-2.422096E-3
1.634000E-7	-2.451216E-3
1.634500E-7	-2.470059E-3
1.635000E-7	-2.458068E-3
1.635500E-7	-2.403253E-3
1.636000E-7	-2.324458E-3
1.636500E-7	-2.250801E-3
1.637000E-7	-2.175431E-3
1.637500E-7	-2.081219E-3
1.638000E-7	-1.973303E-3
1.638500E-7	-1.872239E-3
1.639000E-7	-1.796869E-3
1.639500E-7	-1.750620E-3
1.640000E-7	-1.728351E-3
1.640500E-7	-1.723212E-3
1.641000E-7	-1.736916E-3
1.641500E-7	-1.769462E-3
1.642000E-7	-1.802008E-3
1.642500E-7	-1.831128E-3
1.643000E-7	-1.858535E-3
1.643500E-7	-1.880804E-3
1.644000E-7	-1.891081E-3
1.644500E-7	-1.903072E-3
1.645000E-7	-1.927053E-3
1.645500E-7	-1.963025E-3
1.646000E-7	-2.002423E-3
1.646500E-7	-2.053812E-3
1.647000E-7	-2.112052E-3
1.647500E-7	-2.166866E-3
1.648000E-7	-2.206264E-3
1.648500E-7	-2.228533E-3
1.649000E-7	-2.231958E-3
1.649500E-7	-2.216542E-3
1.650000E-7	-2.182283E-3
1.650500E-7	-2.129181E-3
1.651000E-7	-2.067515E-3
1.651500E-7	-2.005849E-3
1.652000E-7	-1.949322E-3
1.652500E-7	-1.894507E-3
1.653000E-7	-1.868813E-3
1.653500E-7	-1.889368E-3
1.654000E-7	-1.940757E-3
1.654500E-7	-2.012701E-3
1.655000E-7	-2.105200E-3
1.655500E-7	-2.213116E-3
1.656000E-7	-2.322745E-3
1.656500E-7	-2.430661E-3
1.657000E-7	-2.524873E-3
1.657500E-7	-2.586539E-3
1.658000E-7	-2.608808E-3
1.658500E-7	-2.596817E-3
1.659000E-7	-2.548854E-3
1.659500E-7	-2.476910E-3
1.660000E-7	-2.391263E-3
1.660500E-7	-2.297051E-3
1.661000E-7	-2.223394E-3
1.661500E-7	-2.204551E-3
1.662000E-7	-2.225107E-3
1.662500E-7	-2.255940E-3
1.663000E-7	-2.321032E-3
1.663500E-7	-2.430661E-3
1.664000E-7	-2.547141E-3
1.664500E-7	-2.632789E-3
1.665000E-7	-2.694455E-3
1.665500E-7	-2.730427E-3
1.666000E-7	-2.725288E-3
1.666500E-7	-2.689316E-3
1.667000E-7	-2.653344E-3
1.667500E-7	-2.605382E-3
1.668000E-7	-2.528299E-3
1.668500E-7	-2.444364E-3
1.669000E-7	-2.384411E-3
1.669500E-7	-2.346726E-3
1.670000E-7	-2.324458E-3
1.670500E-7	-2.324458E-3
1.671000E-7	-2.357004E-3
1.671500E-7	-2.416957E-3
1.672000E-7	-2.490614E-3
1.672500E-7	-2.559132E-3
1.673000E-7	-2.607095E-3
1.673500E-7	-2.627650E-3
1.674000E-7	-2.612233E-3
1.674500E-7	-2.559132E-3
1.675000E-7	-2.483762E-3
1.675500E-7	-2.399828E-3
1.676000E-7	-2.324458E-3
1.676500E-7	-2.271356E-3
1.677000E-7	-2.250801E-3
1.677500E-7	-2.257653E-3
1.678000E-7	-2.281634E-3
1.678500E-7	-2.319319E-3
1.679000E-7	-2.375846E-3
1.679500E-7	-2.434087E-3
1.680000E-7	-2.485475E-3
1.680500E-7	-2.533438E-3
1.681000E-7	-2.588252E-3
1.681500E-7	-2.639641E-3
1.682000E-7	-2.680751E-3
1.682500E-7	-2.706446E-3
1.683000E-7	-2.715010E-3
1.683500E-7	-2.721862E-3
1.684000E-7	-2.725288E-3
1.684500E-7	-2.715010E-3
1.685000E-7	-2.716723E-3
1.685500E-7	-2.749269E-3
1.686000E-7	-2.776677E-3
1.686500E-7	-2.780103E-3
1.687000E-7	-2.774964E-3
1.687500E-7	-2.761260E-3
1.688000E-7	-2.720149E-3
1.688500E-7	-2.656770E-3
1.689000E-7	-2.600243E-3
1.689500E-7	-2.545428E-3
1.690000E-7	-2.478623E-3
1.690500E-7	-2.396402E-3
1.691000E-7	-2.310754E-3
1.691500E-7	-2.233671E-3
1.692000E-7	-2.177144E-3
1.692500E-7	-2.125756E-3
1.693000E-7	-2.093210E-3
1.693500E-7	-2.093210E-3
1.694000E-7	-2.122330E-3
1.694500E-7	-2.168579E-3
1.695000E-7	-2.233671E-3
1.695500E-7	-2.309041E-3
1.696000E-7	-2.377559E-3
1.696500E-7	-2.427235E-3
1.697000E-7	-2.439225E-3
1.697500E-7	-2.415244E-3
1.698000E-7	-2.386124E-3
1.698500E-7	-2.362143E-3
1.699000E-7	-2.317606E-3
1.699500E-7	-2.266217E-3
1.700000E-7	-2.262792E-3
1.700500E-7	-2.295338E-3
1.701000E-7	-2.336448E-3
1.701500E-7	-2.387837E-3
1.702000E-7	-2.459781E-3
1.702500E-7	-2.523160E-3
1.703000E-7	-2.562558E-3
1.703500E-7	-2.593391E-3
1.704000E-7	-2.613946E-3
1.704500E-7	-2.613946E-3
1.705000E-7	-2.586539E-3
1.705500E-7	-2.547141E-3
1.706000E-7	-2.495753E-3
1.706500E-7	-2.415244E-3
1.707000E-7	-2.303902E-3
1.707500E-7	-2.192561E-3
1.708000E-7	-2.093210E-3
1.708500E-7	-2.007562E-3
1.709000E-7	-1.954461E-3
1.709500E-7	-1.951035E-3
1.710000E-7	-1.971590E-3
1.710500E-7	-2.009275E-3
1.711000E-7	-2.064089E-3
1.711500E-7	-2.136033E-3
1.712000E-7	-2.197699E-3
1.712500E-7	-2.249088E-3
1.713000E-7	-2.297051E-3
1.713500E-7	-2.348439E-3
1.714000E-7	-2.394689E-3
1.714500E-7	-2.439225E-3
1.715000E-7	-2.483762E-3
1.715500E-7	-2.514595E-3
1.716000E-7	-2.521447E-3
1.716500E-7	-2.511169E-3
1.717000E-7	-2.495753E-3
1.717500E-7	-2.476910E-3
1.718000E-7	-2.459781E-3
1.718500E-7	-2.449503E-3
1.719000E-7	-2.434087E-3
1.719500E-7	-2.410105E-3
1.720000E-7	-2.377559E-3
1.720500E-7	-2.338161E-3
1.721000E-7	-2.298764E-3
1.721500E-7	-2.278208E-3
1.722000E-7	-2.267930E-3
1.722500E-7	-2.269643E-3
1.723000E-7	-2.285060E-3
1.723500E-7	-2.305615E-3
1.724000E-7	-2.315893E-3
1.724500E-7	-2.324458E-3
1.725000E-7	-2.338161E-3
1.725500E-7	-2.336448E-3
1.726000E-7	-2.319319E-3
1.726500E-7	-2.288486E-3
1.727000E-7	-2.249088E-3
1.727500E-7	-2.209690E-3
1.728000E-7	-2.173718E-3
1.728500E-7	-2.134320E-3
1.729000E-7	-2.100061E-3
1.729500E-7	-2.098348E-3
1.730000E-7	-2.129181E-3
1.730500E-7	-2.177144E-3
1.731000E-7	-2.228533E-3
1.731500E-7	-2.278208E-3
1.732000E-7	-2.333023E-3
1.732500E-7	-2.401541E-3
1.733000E-7	-2.487188E-3
1.733500E-7	-2.562558E-3
1.734000E-7	-2.624224E-3
1.734500E-7	-2.673900E-3
1.735000E-7	-2.701307E-3
1.735500E-7	-2.699594E-3
1.736000E-7	-2.667048E-3
1.736500E-7	-2.610520E-3
1.737000E-7	-2.540289E-3
1.737500E-7	-2.468346E-3
1.738000E-7	-2.413531E-3
1.738500E-7	-2.374133E-3
1.739000E-7	-2.341587E-3
1.739500E-7	-2.310754E-3
1.740000E-7	-2.302189E-3
1.740500E-7	-2.322745E-3
1.741000E-7	-2.346726E-3
1.741500E-7	-2.374133E-3
1.742000E-7	-2.418670E-3
1.742500E-7	-2.490614E-3
1.743000E-7	-2.565984E-3
1.743500E-7	-2.627650E-3
1.744000E-7	-2.660196E-3
1.744500E-7	-2.670474E-3
1.745000E-7	-2.680751E-3
1.745500E-7	-2.692742E-3
1.746000E-7	-2.682464E-3
1.746500E-7	-2.646492E-3
1.747000E-7	-2.607095E-3
1.747500E-7	-2.574549E-3
1.748000E-7	-2.518021E-3
1.748500E-7	-2.440938E-3
1.749000E-7	-2.368994E-3
1.749500E-7	-2.300476E-3
1.750000E-7	-2.223394E-3
1.750500E-7	-2.141172E-3
1.751000E-7	-2.079506E-3
1.751500E-7	-2.050386E-3
1.752000E-7	-2.052099E-3
1.752500E-7	-2.084645E-3
1.753000E-7	-2.141172E-3
1.753500E-7	-2.230246E-3
1.754000E-7	-2.338161E-3
1.754500E-7	-2.439225E-3
1.755000E-7	-2.535151E-3
1.755500E-7	-2.643067E-3
1.756000E-7	-2.728714E-3
1.756500E-7	-2.766399E-3
1.757000E-7	-2.785241E-3
1.757500E-7	-2.785241E-3
1.758000E-7	-2.733853E-3
1.758500E-7	-2.648205E-3
1.759000E-7	-2.567697E-3
1.759500E-7	-2.487188E-3
1.760000E-7	-2.399828E-3
1.760500E-7	-2.334735E-3
1.761000E-7	-2.309041E-3
1.761500E-7	-2.305615E-3
1.762000E-7	-2.327884E-3
1.762500E-7	-2.375846E-3
1.763000E-7	-2.428948E-3
1.763500E-7	-2.480336E-3
1.764000E-7	-2.526586E-3
1.764500E-7	-2.559132E-3
1.765000E-7	-2.557419E-3
1.765500E-7	-2.536864E-3
1.766000E-7	-2.526586E-3
1.766500E-7	-2.519734E-3
1.767000E-7	-2.516308E-3
1.767500E-7	-2.509456E-3
1.768000E-7	-2.497466E-3
1.768500E-7	-2.487188E-3
1.769000E-7	-2.488901E-3
1.769500E-7	-2.512882E-3
1.770000E-7	-2.553993E-3
1.770500E-7	-2.598530E-3
1.771000E-7	-2.636215E-3
1.771500E-7	-2.668761E-3
1.772000E-7	-2.699594E-3
1.772500E-7	-2.715010E-3
1.773000E-7	-2.711585E-3
1.773500E-7	-2.703020E-3
1.774000E-7	-2.687603E-3
1.774500E-7	-2.660196E-3
1.775000E-7	-2.615659E-3
1.775500E-7	-2.569410E-3
1.776000E-7	-2.531725E-3
1.776500E-7	-2.495753E-3
1.777000E-7	-2.444364E-3
1.777500E-7	-2.398115E-3
1.778000E-7	-2.368994E-3
1.778500E-7	-2.339874E-3
1.779000E-7	-2.293625E-3
1.779500E-7	-2.242236E-3
1.780000E-7	-2.228533E-3
1.780500E-7	-2.255940E-3
1.781000E-7	-2.286773E-3
1.781500E-7	-2.319319E-3
1.782000E-7	-2.358717E-3
1.782500E-7	-2.387837E-3
1.783000E-7	-2.392976E-3
1.783500E-7	-2.399828E-3
1.784000E-7	-2.403253E-3
1.784500E-7	-2.377559E-3
1.785000E-7	-2.338161E-3
1.785500E-7	-2.314180E-3
1.786000E-7	-2.291912E-3
1.786500E-7	-2.259366E-3
1.787000E-7	-2.235384E-3
1.787500E-7	-2.255940E-3
1.788000E-7	-2.319319E-3
1.788500E-7	-2.411818E-3
1.789000E-7	-2.511169E-3
1.789500E-7	-2.600243E-3
1.790000E-7	-2.663622E-3
1.790500E-7	-2.694455E-3
1.791000E-7	-2.703020E-3
1.791500E-7	-2.677326E-3
1.792000E-7	-2.603669E-3
1.792500E-7	-2.495753E-3
1.793000E-7	-2.379272E-3
1.793500E-7	-2.262792E-3
1.794000E-7	-2.160015E-3
1.794500E-7	-2.086358E-3
1.795000E-7	-2.058951E-3
1.795500E-7	-2.074367E-3
1.796000E-7	-2.124043E-3
1.796500E-7	-2.202838E-3
1.797000E-7	-2.305615E-3
1.797500E-7	-2.425522E-3
1.798000E-7	-2.538577E-3
1.798500E-7	-2.608808E-3
1.799000E-7	-2.629363E-3
1.799500E-7	-2.624224E-3
1.800000E-7	-2.601956E-3
1.800500E-7	-2.547141E-3
1.801000E-7	-2.463207E-3
1.801500E-7	-2.377559E-3
1.802000E-7	-2.291912E-3
1.802500E-7	-2.187422E-3
1.803000E-7	-2.088071E-3
1.803500E-7	-2.031543E-3
1.804000E-7	-2.019553E-3
1.804500E-7	-2.010988E-3
1.805000E-7	-2.007562E-3
1.805500E-7	-2.024692E-3
1.806000E-7	-2.070941E-3
1.806500E-7	-2.127469E-3
1.807000E-7	-2.163440E-3
1.807500E-7	-2.185709E-3
1.808000E-7	-2.231958E-3
1.808500E-7	-2.307328E-3
1.809000E-7	-2.365569E-3
1.809500E-7	-2.386124E-3
1.810000E-7	-2.391263E-3
1.810500E-7	-2.379272E-3
1.811000E-7	-2.346726E-3
1.811500E-7	-2.329597E-3
1.812000E-7	-2.314180E-3
1.812500E-7	-2.274782E-3
1.813000E-7	-2.233671E-3
1.813500E-7	-2.225107E-3
1.814000E-7	-2.228533E-3
1.814500E-7	-2.233671E-3
1.815000E-7	-2.267930E-3
1.815500E-7	-2.322745E-3
1.816000E-7	-2.358717E-3
1.816500E-7	-2.380985E-3
1.817000E-7	-2.394689E-3
1.817500E-7	-2.389550E-3
1.818000E-7	-2.358717E-3
1.818500E-7	-2.303902E-3
1.819000E-7	-2.249088E-3
1.819500E-7	-2.199412E-3
1.820000E-7	-2.144598E-3
1.820500E-7	-2.093210E-3
1.821000E-7	-2.084645E-3
1.821500E-7	-2.125756E-3
1.822000E-7	-2.192561E-3
1.822500E-7	-2.271356E-3
1.823000E-7	-2.348439E-3
1.823500E-7	-2.410105E-3
1.824000E-7	-2.440938E-3
1.824500E-7	-2.437512E-3
1.825000E-7	-2.415244E-3
1.825500E-7	-2.382698E-3
1.826000E-7	-2.327884E-3
1.826500E-7	-2.243949E-3
1.827000E-7	-2.151450E-3
1.827500E-7	-2.072654E-3
1.828000E-7	-1.988720E-3
1.828500E-7	-1.894507E-3
1.829000E-7	-1.829415E-3
1.829500E-7	-1.820850E-3
1.830000E-7	-1.851684E-3
1.830500E-7	-1.899646E-3
1.831000E-7	-1.975016E-3
1.831500E-7	-2.079506E-3
1.832000E-7	-2.195987E-3
1.832500E-7	-2.314180E-3
1.833000E-7	-2.418670E-3
1.833500E-7	-2.495753E-3
1.834000E-7	-2.542002E-3
1.834500E-7	-2.571123E-3
1.835000E-7	-2.588252E-3
1.835500E-7	-2.574549E-3
1.836000E-7	-2.533438E-3
1.836500E-7	-2.497466E-3
1.837000E-7	-2.482049E-3
1.837500E-7	-2.485475E-3
1.838000E-7	-2.502605E-3
1.838500E-7	-2.512882E-3
1.839000E-7	-2.512882E-3
1.839500E-7	-2.523160E-3
1.840000E-7	-2.536864E-3
1.840500E-7	-2.519734E-3
1.841000E-7	-2.480336E-3
1.841500E-7	-2.437512E-3
1.842000E-7	-2.377559E-3
1.842500E-7	-2.285060E-3
1.843000E-7	-2.195987E-3
1.843500E-7	-2.127469E-3
1.844000E-7	-2.084645E-3
1.844500E-7	-2.052099E-3
1.845000E-7	-2.028117E-3
1.845500E-7	-2.028117E-3
1.846000E-7	-2.060663E-3
1.846500E-7	-2.105200E-3
1.847000E-7	-2.144598E-3
1.847500E-7	-2.204551E-3
1.848000E-7	-2.255940E-3
1.848500E-7	-2.242236E-3
1.849000E-7	-2.187422E-3
1.849500E-7	-2.148024E-3
1.850000E-7	-2.089784E-3
1.850500E-7	-1.983581E-3
1.851000E-7	-1.880804E-3
1.851500E-7	-1.807147E-3
1.852000E-7	-1.755758E-3
1.852500E-7	-1.742055E-3
1.853000E-7	-1.783166E-3
1.853500E-7	-1.863674E-3
1.854000E-7	-1.963025E-3
1.854500E-7	-2.081219E-3
1.855000E-7	-2.204551E-3
1.855500E-7	-2.331310E-3
1.856000E-7	-2.452929E-3
1.856500E-7	-2.542002E-3
1.857000E-7	-2.598530E-3
1.857500E-7	-2.651631E-3
1.858000E-7	-2.699594E-3
1.858500E-7	-2.701307E-3
1.859000E-7	-2.663622E-3
1.859500E-7	-2.612233E-3
1.860000E-7	-2.542002E-3
1.860500E-7	-2.444364E-3
1.861000E-7	-2.341587E-3
1.861500E-7	-2.249088E-3
1.862000E-7	-2.154876E-3
1.862500E-7	-2.072654E-3
1.863000E-7	-2.026404E-3
1.863500E-7	-2.026404E-3
1.864000E-7	-2.057238E-3
1.864500E-7	-2.132607E-3
1.865000E-7	-2.254227E-3
1.865500E-7	-2.384411E-3
1.866000E-7	-2.504318E-3
1.866500E-7	-2.622511E-3
1.867000E-7	-2.727001E-3
1.867500E-7	-2.802371E-3
1.868000E-7	-2.843482E-3
1.868500E-7	-2.853759E-3
1.869000E-7	-2.821213E-3
1.869500E-7	-2.752695E-3
1.870000E-7	-2.653344E-3
1.870500E-7	-2.538577E-3
1.871000E-7	-2.422096E-3
1.871500E-7	-2.327884E-3
1.872000E-7	-2.267930E-3
1.872500E-7	-2.247375E-3
1.873000E-7	-2.257653E-3
1.873500E-7	-2.295338E-3
1.874000E-7	-2.358717E-3
1.874500E-7	-2.428948E-3
1.875000E-7	-2.490614E-3
1.875500E-7	-2.536864E-3
1.876000E-7	-2.553993E-3
1.876500E-7	-2.523160E-3
1.877000E-7	-2.471771E-3
1.877500E-7	-2.406679E-3
1.878000E-7	-2.309041E-3
1.878500E-7	-2.187422E-3
1.879000E-7	-2.091497E-3
1.879500E-7	-2.031543E-3
1.880000E-7	-1.993858E-3
1.880500E-7	-1.983581E-3
1.881000E-7	-2.005849E-3
1.881500E-7	-2.040108E-3
1.882000E-7	-2.077793E-3
1.882500E-7	-2.124043E-3
1.883000E-7	-2.175431E-3
1.883500E-7	-2.218255E-3
1.884000E-7	-2.230246E-3
1.884500E-7	-2.209690E-3
1.885000E-7	-2.172005E-3
1.885500E-7	-2.137746E-3
1.886000E-7	-2.115478E-3
1.886500E-7	-2.124043E-3
1.887000E-7	-2.170292E-3
1.887500E-7	-2.235384E-3
1.888000E-7	-2.300476E-3
1.888500E-7	-2.372420E-3
1.889000E-7	-2.440938E-3
1.889500E-7	-2.492327E-3
1.890000E-7	-2.516308E-3
1.890500E-7	-2.516308E-3
1.891000E-7	-2.499179E-3
1.891500E-7	-2.459781E-3
1.892000E-7	-2.394689E-3
1.892500E-7	-2.322745E-3
1.893000E-7	-2.243949E-3
1.893500E-7	-2.165153E-3
1.894000E-7	-2.106913E-3
1.894500E-7	-2.074367E-3
1.895000E-7	-2.048673E-3
1.895500E-7	-2.028117E-3
1.896000E-7	-2.029830E-3
1.896500E-7	-2.031543E-3
1.897000E-7	-2.017840E-3
1.897500E-7	-2.016127E-3
1.898000E-7	-2.031543E-3
1.898500E-7	-2.033256E-3
1.899000E-7	-2.038395E-3
1.899500E-7	-2.069228E-3
1.900000E-7	-2.108626E-3
1.900500E-7	-2.137746E-3
1.901000E-7	-2.160015E-3
1.901500E-7	-2.172005E-3
1.902000E-7	-2.172005E-3
1.902500E-7	-2.187422E-3
1.903000E-7	-2.228533E-3
1.903500E-7	-2.274782E-3
1.904000E-7	-2.324458E-3
1.904500E-7	-2.379272E-3
1.905000E-7	-2.415244E-3
1.905500E-7	-2.437512E-3
1.906000E-7	-2.471771E-3
1.906500E-7	-2.516308E-3
1.907000E-7	-2.565984E-3
1.907500E-7	-2.620798E-3
1.908000E-7	-2.670474E-3
1.908500E-7	-2.706446E-3
1.909000E-7	-2.744131E-3
1.909500E-7	-2.781815E-3
1.910000E-7	-2.809223E-3
1.910500E-7	-2.824639E-3
1.911000E-7	-2.828065E-3
1.911500E-7	-2.788667E-3
1.912000E-7	-2.706446E-3
1.912500E-7	-2.613946E-3
1.913000E-7	-2.514595E-3
1.913500E-7	-2.399828E-3
1.914000E-7	-2.285060E-3
1.914500E-7	-2.173718E-3
1.915000E-7	-2.065802E-3
1.915500E-7	-1.985294E-3
1.916000E-7	-1.951035E-3
1.916500E-7	-1.937331E-3
1.917000E-7	-1.932192E-3
1.917500E-7	-1.963025E-3
1.918000E-7	-2.028117E-3
1.918500E-7	-2.074367E-3
1.919000E-7	-2.098348E-3
1.919500E-7	-2.127469E-3
1.920000E-7	-2.149737E-3
1.920500E-7	-2.141172E-3
1.921000E-7	-2.108626E-3
1.921500E-7	-2.069228E-3
1.922000E-7	-2.033256E-3
1.922500E-7	-2.010988E-3
1.923000E-7	-2.014414E-3
1.923500E-7	-2.033256E-3
1.924000E-7	-2.081219E-3
1.924500E-7	-2.156589E-3
1.925000E-7	-2.250801E-3
1.925500E-7	-2.374133E-3
1.926000E-7	-2.512882E-3
1.926500E-7	-2.629363E-3
1.927000E-7	-2.704733E-3
1.927500E-7	-2.768112E-3
1.928000E-7	-2.814362E-3
1.928500E-7	-2.800658E-3
1.929000E-7	-2.732140E-3
1.929500E-7	-2.655057E-3
1.930000E-7	-2.581400E-3
1.930500E-7	-2.492327E-3
1.931000E-7	-2.401541E-3
1.931500E-7	-2.339874E-3
1.932000E-7	-2.303902E-3
1.932500E-7	-2.278208E-3
1.933000E-7	-2.261079E-3
1.933500E-7	-2.261079E-3
1.934000E-7	-2.285060E-3
1.934500E-7	-2.326171E-3
1.935000E-7	-2.380985E-3
1.935500E-7	-2.447790E-3
1.936000E-7	-2.511169E-3
1.936500E-7	-2.547141E-3
1.937000E-7	-2.553993E-3
1.937500E-7	-2.547141E-3
1.938000E-7	-2.531725E-3
1.938500E-7	-2.506030E-3
1.939000E-7	-2.466633E-3
1.939500E-7	-2.420383E-3
1.940000E-7	-2.387837E-3
1.940500E-7	-2.387837E-3
1.941000E-7	-2.410105E-3
1.941500E-7	-2.444364E-3
1.942000E-7	-2.473484E-3
1.942500E-7	-2.494040E-3
1.943000E-7	-2.495753E-3
1.943500E-7	-2.482049E-3
1.944000E-7	-2.459781E-3
1.944500E-7	-2.425522E-3
1.945000E-7	-2.362143E-3
1.945500E-7	-2.262792E-3
1.946000E-7	-2.161728E-3
1.946500E-7	-2.077793E-3
1.947000E-7	-1.995571E-3
1.947500E-7	-1.918489E-3
1.948000E-7	-1.873952E-3
1.948500E-7	-1.863674E-3
1.949000E-7	-1.873952E-3
1.949500E-7	-1.903072E-3
1.950000E-7	-1.951035E-3
1.950500E-7	-1.990433E-3
1.951000E-7	-2.022979E-3
1.951500E-7	-2.060663E-3
1.952000E-7	-2.101774E-3
1.952500E-7	-2.141172E-3
1.953000E-7	-2.183996E-3
1.953500E-7	-2.225107E-3
1.954000E-7	-2.266217E-3
1.954500E-7	-2.315893E-3
1.955000E-7	-2.357004E-3
1.955500E-7	-2.380985E-3
1.956000E-7	-2.386124E-3
1.956500E-7	-2.389550E-3
1.957000E-7	-2.391263E-3
1.957500E-7	-2.389550E-3
1.958000E-7	-2.380985E-3
1.958500E-7	-2.363856E-3
1.959000E-7	-2.351865E-3
1.959500E-7	-2.334735E-3
1.960000E-7	-2.298764E-3
1.960500E-7	-2.245662E-3
1.961000E-7	-2.199412E-3
1.961500E-7	-2.177144E-3
1.962000E-7	-2.175431E-3
1.962500E-7	-2.197699E-3
1.963000E-7	-2.230246E-3
1.963500E-7	-2.278208E-3
1.964000E-7	-2.336448E-3
1.964500E-7	-2.398115E-3
1.965000E-7	-2.444364E-3
1.965500E-7	-2.480336E-3
1.966000E-7	-2.526586E-3
1.966500E-7	-2.583113E-3
1.967000E-7	-2.620798E-3
1.967500E-7	-2.637928E-3
1.968000E-7	-2.648205E-3
1.968500E-7	-2.648205E-3
1.969000E-7	-2.625937E-3
1.969500E-7	-2.601956E-3
1.970000E-7	-2.586539E-3
1.970500E-7	-2.564271E-3
1.971000E-7	-2.530012E-3
1.971500E-7	-2.499179E-3
1.972000E-7	-2.468346E-3
1.972500E-7	-2.420383E-3
1.973000E-7	-2.351865E-3
1.973500E-7	-2.266217E-3
1.974000E-7	-2.177144E-3
1.974500E-7	-2.101774E-3
1.975000E-7	-2.053812E-3
1.975500E-7	-2.040108E-3
1.976000E-7	-2.065802E-3
1.976500E-7	-2.120617E-3
1.977000E-7	-2.195987E-3
1.977500E-7	-2.305615E-3
1.978000E-7	-2.432374E-3
1.978500E-7	-2.543715E-3
1.979000E-7	-2.644779E-3
1.979500E-7	-2.747556E-3
1.980000E-7	-2.817787E-3
1.980500E-7	-2.824639E-3
1.981000E-7	-2.793806E-3
1.981500E-7	-2.732140E-3
1.982000E-7	-2.627650E-3
1.982500E-7	-2.512882E-3
1.983000E-7	-2.413531E-3
1.983500E-7	-2.322745E-3
1.984000E-7	-2.245662E-3
1.984500E-7	-2.204551E-3
1.985000E-7	-2.207977E-3
1.985500E-7	-2.228533E-3
1.986000E-7	-2.261079E-3
1.986500E-7	-2.309041E-3
1.987000E-7	-2.375846E-3
1.987500E-7	-2.449503E-3
1.988000E-7	-2.519734E-3
1.988500E-7	-2.588252E-3
1.989000E-7	-2.646492E-3
1.989500E-7	-2.663622E-3
1.990000E-7	-2.649918E-3
1.990500E-7	-2.649918E-3
1.991000E-7	-2.667048E-3
1.991500E-7	-2.672187E-3
1.992000E-7	-2.673900E-3
1.992500E-7	-2.682464E-3
1.993000E-7	-2.658483E-3
1.993500E-7	-2.613946E-3
1.994000E-7	-2.574549E-3
1.994500E-7	-2.526586E-3
1.995000E-7	-2.454642E-3
1.995500E-7	-2.392976E-3
1.996000E-7	-2.346726E-3
1.996500E-7	-2.291912E-3
1.997000E-7	-2.235384E-3
1.997500E-7	-2.190848E-3
1.998000E-7	-2.148024E-3
1.998500E-7	-2.100061E-3
1.999000E-7	-2.067515E-3
1.999500E-7	-2.065802E-3
2.000000E-7	-2.105200E-3
