Study Name	Tungsten_Kyocera
Sample Name	2024-02-05
Run Name	spot03
Operator	Angus+Samantha
Date	2/5/2024
Time	16:26
Sign	FIX
Grating Spacing	03.40um
Channel	3
Number Traces	10000
Files in Batch	1
Batch Number	244
dt	50.000001E-12
time stamp (ms)	8:39:37 PM
	
Time	Amplitude
0.000000E+0	1.250495E-4
5.000000E-11	8.222577E-5
1.000000E-10	3.597620E-5
1.500000E-10	1.717318E-6
2.000000E-10	-8.560262E-6
2.500000E-10	2.741170E-5
3.000000E-10	8.393905E-5
3.500000E-10	1.473183E-4
4.000000E-10	2.466693E-4
4.500000E-10	3.854181E-4
5.000000E-10	4.967598E-4
5.500000E-10	5.601388E-4
6.000000E-10	6.063883E-4
6.500000E-10	6.149530E-4
7.000000E-10	5.601386E-4
7.500000E-10	4.933336E-4
8.000000E-10	4.522227E-4
8.500000E-10	3.956954E-4
9.000000E-10	3.066221E-4
9.500000E-10	2.244007E-4
1.000000E-9	1.935677E-4
1.050000E-9	1.884290E-4
1.100000E-9	1.867162E-4
1.150000E-9	2.141235E-4
1.200000E-9	2.757898E-4
1.250000E-9	3.614374E-4
1.300000E-9	4.419461E-4
1.350000E-9	5.104641E-4
1.400000E-9	5.789820E-4
1.450000E-9	6.423609E-4
1.500000E-9	6.731938E-4
1.550000E-9	6.577771E-4
1.600000E-9	6.269438E-4
1.650000E-9	5.961105E-4
1.700000E-9	5.584254E-4
1.750000E-9	4.967590E-4
1.800000E-9	4.145373E-4
1.850000E-9	3.220380E-4
1.900000E-9	2.226870E-4
1.950000E-9	1.267619E-4
2.000000E-9	3.597562E-5
2.050000E-9	-3.939407E-5
2.100000E-9	-1.044860E-4
2.150000E-9	-1.593003E-4
2.200000E-9	-1.901334E-4
2.250000E-9	-1.867075E-4
2.300000E-9	-1.747169E-4
2.350000E-9	-1.507356E-4
2.400000E-9	-9.934719E-5
2.450000E-9	-2.055165E-5
2.500000E-9	6.166981E-5
2.550000E-9	1.336136E-4
2.600000E-9	2.089834E-4
2.650000E-9	2.946308E-4
2.700000E-9	3.682876E-4
2.750000E-9	4.436575E-4
2.800000E-9	5.412956E-4
2.850000E-9	6.509244E-4
2.900000E-9	7.262943E-4
2.950000E-9	7.639792E-4
3.000000E-9	7.999512E-4
3.050000E-9	8.462009E-4
3.100000E-9	8.633304E-4
3.150000E-9	8.633304E-4
3.200000E-9	8.753210E-4
3.250000E-9	8.718950E-4
3.300000E-9	8.050899E-4
3.350000E-9	7.143036E-4
3.400000E-9	6.372209E-4
3.450000E-9	5.875453E-4
3.500000E-9	5.498604E-4
3.550000E-9	5.344437E-4
3.600000E-9	5.293048E-4
3.650000E-9	5.310177E-4
3.700000E-9	5.669896E-4
3.750000E-9	6.320816E-4
3.800000E-9	6.834700E-4
3.850000E-9	7.399973E-4
3.900000E-9	8.324965E-4
3.950000E-9	9.215699E-4
4.000000E-9	9.729584E-4
4.050000E-9	9.986528E-4
4.100000E-9	1.015782E-3
4.150000E-9	1.014070E-3
4.200000E-9	9.918014E-4
4.250000E-9	9.318483E-4
4.300000E-9	8.136549E-4
4.350000E-9	6.817580E-4
4.400000E-9	5.721292E-4
4.450000E-9	4.744911E-4
4.500000E-9	3.819918E-4
4.550000E-9	3.031960E-4
4.600000E-9	2.466685E-4
4.650000E-9	2.141223E-4
4.700000E-9	2.209740E-4
4.750000E-9	2.672234E-4
4.800000E-9	3.425931E-4
4.850000E-9	4.333793E-4
4.900000E-9	5.241656E-4
4.950000E-9	6.029612E-4
5.000000E-9	6.800440E-4
5.050000E-9	7.502750E-4
5.100000E-9	7.759694E-4
5.150000E-9	7.451365E-4
5.200000E-9	7.040259E-4
5.250000E-9	6.629152E-4
5.300000E-9	5.926844E-4
5.350000E-9	5.275925E-4
5.400000E-9	5.053242E-4
5.450000E-9	5.190277E-4
5.500000E-9	5.344443E-4
5.550000E-9	5.498608E-4
5.600000E-9	5.687032E-4
5.650000E-9	6.081009E-4
5.700000E-9	6.714800E-4
5.750000E-9	7.160166E-4
5.800000E-9	7.211554E-4
5.850000E-9	7.040259E-4
5.900000E-9	6.680540E-4
5.950000E-9	5.789807E-4
6.000000E-9	4.522226E-4
6.050000E-9	3.357421E-4
6.100000E-9	2.192617E-4
6.150000E-9	1.027813E-4
6.200000E-9	3.430288E-6
6.250000E-9	-5.823592E-5
6.300000E-9	-1.130504E-4
6.350000E-9	-1.593000E-4
6.400000E-9	-1.627260E-4
6.450000E-9	-1.113378E-4
6.500000E-9	-2.911643E-5
6.550000E-9	5.310495E-5
6.600000E-9	1.387523E-4
6.650000E-9	2.175479E-4
6.700000E-9	2.740753E-4
6.750000E-9	3.151861E-4
6.800000E-9	3.545841E-4
6.850000E-9	3.665750E-4
6.900000E-9	3.186128E-4
6.950000E-9	2.449564E-4
7.000000E-9	1.815776E-4
7.050000E-9	1.130599E-4
7.100000E-9	2.912568E-5
7.150000E-9	-2.054965E-5
7.200000E-9	-3.596610E-5
7.250000E-9	-5.480846E-5
7.300000E-9	-7.022492E-5
7.350000E-9	-3.425298E-5
7.400000E-9	3.083904E-5
7.450000E-9	8.736630E-5
7.500000E-9	1.199123E-4
7.550000E-9	1.610230E-4
7.600000E-9	2.226891E-4
7.650000E-9	2.877811E-4
7.700000E-9	3.169011E-4
7.750000E-9	3.169011E-4
7.800000E-9	3.049103E-4
7.850000E-9	2.809289E-4
7.900000E-9	2.415310E-4
7.950000E-9	2.106978E-4
8.000000E-9	1.918553E-4
8.050000E-9	1.456055E-4
8.100000E-9	6.852274E-5
8.150000E-9	-1.027297E-5
8.200000E-9	-5.994854E-5
8.250000E-9	-9.420754E-5
8.300000E-9	-1.079111E-4
8.350000E-9	-9.763338E-5
8.400000E-9	-3.939309E-5
8.450000E-9	5.824497E-5
8.500000E-9	1.935678E-4
8.550000E-9	3.460202E-4
8.600000E-9	5.018984E-4
8.650000E-9	6.612025E-4
8.700000E-9	8.222195E-4
8.750000E-9	9.575423E-4
8.800000E-9	1.029486E-3
8.850000E-9	1.055180E-3
8.900000E-9	1.043190E-3
8.950000E-9	9.952271E-4
9.000000E-9	9.318481E-4
9.050000E-9	8.718950E-4
9.100000E-9	7.776829E-4
9.150000E-9	6.526378E-4
9.200000E-9	5.738423E-4
9.250000E-9	5.310186E-4
9.300000E-9	4.487972E-4
9.350000E-9	3.665757E-4
9.400000E-9	3.254649E-4
9.450000E-9	2.706505E-4
9.500000E-9	1.730124E-4
9.550000E-9	9.421671E-5
9.600000E-9	3.426345E-5
9.650000E-9	-7.193931E-5
9.700000E-9	-1.781420E-4
9.750000E-9	-2.124009E-4
9.800000E-9	-2.175397E-4
9.850000E-9	-2.398079E-4
9.900000E-9	-2.158266E-4
9.950000E-9	-1.267532E-4
1.000000E-8	-2.911506E-5
1.005000E-8	7.537483E-5
1.010000E-8	2.055588E-4
1.015000E-8	3.049097E-4
1.020000E-8	3.391686E-4
1.025000E-8	3.391684E-4
1.030000E-8	2.997705E-4
1.035000E-8	2.158360E-4
1.040000E-8	1.301885E-4
1.045000E-8	4.111502E-5
1.050000E-8	-1.079115E-4
1.055000E-8	-2.620768E-4
1.060000E-8	-3.391595E-4
1.065000E-8	-3.562889E-4
1.070000E-8	-3.734182E-4
1.075000E-8	-3.665662E-4
1.080000E-8	-2.997611E-4
1.085000E-8	-2.124006E-4
1.090000E-8	-1.181883E-4
1.095000E-8	1.199584E-5
1.100000E-8	1.644483E-4
1.105000E-8	2.757900E-4
1.110000E-8	3.511598E-4
1.115000E-8	4.162517E-4
1.120000E-8	4.487977E-4
1.125000E-8	4.470846E-4
1.130000E-8	4.265292E-4
1.135000E-8	4.093996E-4
1.140000E-8	4.076865E-4
1.145000E-8	4.350935E-4
1.150000E-8	5.001854E-4
1.155000E-8	6.200916E-4
1.160000E-8	8.513392E-4
1.165000E-8	1.272724E-3
1.170000E-8	1.952763E-3
1.175000E-8	2.949698E-3
1.180000E-8	4.335471E-3
1.185000E-8	6.180313E-3
1.190000E-8	8.542465E-3
1.195000E-8	1.145619E-2
1.200000E-8	1.490435E-2
1.205000E-8	1.887495E-2
1.210000E-8	2.336630E-2
1.215000E-8	2.833384E-2
1.220000E-8	3.365939E-2
1.225000E-8	3.921791E-2
1.230000E-8	4.487406E-2
1.235000E-8	5.048739E-2
1.240000E-8	5.591229E-2
1.245000E-8	6.096377E-2
1.250000E-8	6.542600E-2
1.255000E-8	6.916023E-2
1.260000E-8	7.217330E-2
1.265000E-8	7.444125E-2
1.270000E-8	7.585786E-2
1.275000E-8	7.641628E-2
1.280000E-8	7.621244E-2
1.285000E-8	7.526861E-2
1.290000E-8	7.357280E-2
1.295000E-8	7.126546E-2
1.300000E-8	6.855044E-2
1.305000E-8	6.554765E-2
1.310000E-8	6.234272E-2
1.315000E-8	5.909498E-2
1.320000E-8	5.594487E-2
1.325000E-8	5.297633E-2
1.330000E-8	5.029557E-2
1.335000E-8	4.800536E-2
1.340000E-8	4.614510E-2
1.345000E-8	4.476960E-2
1.350000E-8	4.390284E-2
1.355000E-8	4.359280E-2
1.360000E-8	4.381034E-2
1.365000E-8	4.445783E-2
1.370000E-8	4.546675E-2
1.375000E-8	4.679600E-2
1.380000E-8	4.833594E-2
1.385000E-8	4.994782E-2
1.390000E-8	5.153572E-2
1.395000E-8	5.300029E-2
1.400000E-8	5.419935E-2
1.405000E-8	5.503356E-2
1.410000E-8	5.546694E-2
1.415000E-8	5.543268E-2
1.420000E-8	5.484857E-2
1.425000E-8	5.373001E-2
1.430000E-8	5.215582E-2
1.435000E-8	5.017908E-2
1.440000E-8	4.789401E-2
1.445000E-8	4.544107E-2
1.450000E-8	4.290762E-2
1.455000E-8	4.037932E-2
1.460000E-8	3.800346E-2
1.465000E-8	3.589482E-2
1.470000E-8	3.410650E-2
1.475000E-8	3.271902E-2
1.480000E-8	3.182486E-2
1.485000E-8	3.146856E-2
1.490000E-8	3.162786E-2
1.495000E-8	3.226679E-2
1.500000E-8	3.332539E-2
1.505000E-8	3.469745E-2
1.510000E-8	3.627850E-2
1.515000E-8	3.797432E-2
1.520000E-8	3.967014E-2
1.525000E-8	4.126318E-2
1.530000E-8	4.266951E-2
1.535000E-8	4.379491E-2
1.540000E-8	4.459143E-2
1.545000E-8	4.502652E-2
1.550000E-8	4.505222E-2
1.555000E-8	4.464283E-2
1.560000E-8	4.381890E-2
1.565000E-8	4.260100E-2
1.570000E-8	4.102852E-2
1.575000E-8	3.917854E-2
1.580000E-8	3.712985E-2
1.585000E-8	3.492358E-2
1.590000E-8	3.264536E-2
1.595000E-8	3.046820E-2
1.600000E-8	2.852744E-2
1.605000E-8	2.686588E-2
1.610000E-8	2.555204E-2
1.615000E-8	2.468529E-2
1.620000E-8	2.429474E-2
1.625000E-8	2.440608E-2
1.630000E-8	2.502273E-2
1.635000E-8	2.613615E-2
1.640000E-8	2.764183E-2
1.645000E-8	2.942329E-2
1.650000E-8	3.131438E-2
1.655000E-8	3.324316E-2
1.660000E-8	3.511198E-2
1.665000E-8	3.675984E-2
1.670000E-8	3.805825E-2
1.675000E-8	3.893700E-2
1.680000E-8	3.936010E-2
1.685000E-8	3.928473E-2
1.690000E-8	3.868691E-2
1.695000E-8	3.761118E-2
1.700000E-8	3.611236E-2
1.705000E-8	3.424011E-2
1.710000E-8	3.206467E-2
1.715000E-8	2.969052E-2
1.720000E-8	2.726499E-2
1.725000E-8	2.491654E-2
1.730000E-8	2.277365E-2
1.735000E-8	2.094764E-2
1.740000E-8	1.948821E-2
1.745000E-8	1.847072E-2
1.750000E-8	1.797225E-2
1.755000E-8	1.799966E-2
1.760000E-8	1.852381E-2
1.765000E-8	1.950533E-2
1.770000E-8	2.088254E-2
1.775000E-8	2.253382E-2
1.780000E-8	2.438722E-2
1.785000E-8	2.633827E-2
1.790000E-8	2.822765E-2
1.795000E-8	2.992347E-2
1.800000E-8	3.137776E-2
1.805000E-8	3.250488E-2
1.810000E-8	3.320034E-2
1.815000E-8	3.344700E-2
1.820000E-8	3.327742E-2
1.825000E-8	3.266077E-2
1.830000E-8	3.155763E-2
1.835000E-8	3.005195E-2
1.840000E-8	2.827220E-2
1.845000E-8	2.628176E-2
1.850000E-8	2.414400E-2
1.855000E-8	2.201310E-2
1.860000E-8	2.000210E-2
1.865000E-8	1.814355E-2
1.870000E-8	1.653681E-2
1.875000E-8	1.531890E-2
1.880000E-8	1.454293E-2
1.885000E-8	1.420206E-2
1.890000E-8	1.432367E-2
1.895000E-8	1.492663E-2
1.900000E-8	1.594240E-2
1.905000E-8	1.732132E-2
1.910000E-8	1.901714E-2
1.915000E-8	2.091165E-2
1.920000E-8	2.287298E-2
1.925000E-8	2.478977E-2
1.930000E-8	2.656780E-2
1.935000E-8	2.809233E-2
1.940000E-8	2.928283E-2
1.945000E-8	3.005708E-2
1.950000E-8	3.032773E-2
1.955000E-8	3.006051E-2
1.960000E-8	2.930682E-2
1.965000E-8	2.811290E-2
1.970000E-8	2.649416E-2
1.975000E-8	2.451400E-2
1.980000E-8	2.231115E-2
1.985000E-8	2.000552E-2
1.990000E-8	1.769990E-2
1.995000E-8	1.552959E-2
2.000000E-8	1.362480E-2
2.005000E-8	1.205231E-2
2.010000E-8	1.089950E-2
2.015000E-8	1.026228E-2
2.020000E-8	1.017149E-2
2.025000E-8	1.059972E-2
2.030000E-8	1.154869E-2
2.035000E-8	1.294646E-2
2.040000E-8	1.466283E-2
2.045000E-8	1.661559E-2
2.050000E-8	1.869510E-2
2.055000E-8	2.073522E-2
2.060000E-8	2.264687E-2
2.065000E-8	2.433584E-2
2.070000E-8	2.566680E-2
2.075000E-8	2.655753E-2
2.080000E-8	2.699776E-2
2.085000E-8	2.693781E-2
2.090000E-8	2.633999E-2
2.095000E-8	2.526940E-2
2.100000E-8	2.379970E-2
2.105000E-8	2.198740E-2
2.110000E-8	1.993872E-2
2.115000E-8	1.775471E-2
2.120000E-8	1.553473E-2
2.125000E-8	1.340383E-2
2.130000E-8	1.148533E-2
2.135000E-8	9.871730E-3
2.140000E-8	8.633268E-3
2.145000E-8	7.826468E-3
2.150000E-8	7.475312E-3
2.155000E-8	7.612346E-3
2.160000E-8	8.232431E-3
2.165000E-8	9.287604E-3
2.170000E-8	1.072819E-2
2.175000E-8	1.248567E-2
2.180000E-8	1.442986E-2
2.185000E-8	1.643059E-2
2.190000E-8	1.837478E-2
2.195000E-8	2.015111E-2
2.200000E-8	2.166878E-2
2.205000E-8	2.287298E-2
2.210000E-8	2.365408E-2
2.215000E-8	2.395043E-2
2.220000E-8	2.377742E-2
2.225000E-8	2.315220E-2
2.230000E-8	2.206962E-2
2.235000E-8	2.059306E-2
2.240000E-8	1.883900E-2
2.245000E-8	1.688796E-2
2.250000E-8	1.482557E-2
2.255000E-8	1.275633E-2
2.260000E-8	1.078987E-2
2.265000E-8	9.013544E-3
2.270000E-8	7.528419E-3
2.275000E-8	6.416715E-3
2.280000E-8	5.710979E-3
2.285000E-8	5.438618E-3
2.290000E-8	5.618475E-3
2.295000E-8	6.257402E-3
2.300000E-8	7.305724E-3
2.305000E-8	8.667514E-3
2.310000E-8	1.028967E-2
2.315000E-8	1.211053E-2
2.320000E-8	1.401019E-2
2.325000E-8	1.588416E-2
2.330000E-8	1.763993E-2
2.335000E-8	1.917473E-2
2.340000E-8	2.036523E-2
2.345000E-8	2.113948E-2
2.350000E-8	2.145466E-2
2.355000E-8	2.126282E-2
2.360000E-8	2.054681E-2
2.365000E-8	1.933233E-2
2.370000E-8	1.771188E-2
2.375000E-8	1.580024E-2
2.380000E-8	1.370530E-2
2.385000E-8	1.153158E-2
2.390000E-8	9.429791E-3
2.395000E-8	7.518142E-3
2.400000E-8	5.895981E-3
2.405000E-8	4.648955E-3
2.410000E-8	3.845581E-3
2.415000E-8	3.514981E-3
2.420000E-8	3.674283E-3
2.425000E-8	4.309784E-3
2.430000E-8	5.344401E-3
2.435000E-8	6.697627E-3
2.440000E-8	8.312935E-3
2.445000E-8	1.010810E-2
2.450000E-8	1.197693E-2
2.455000E-8	1.380464E-2
2.460000E-8	1.547819E-2
2.465000E-8	1.691535E-2
2.470000E-8	1.808187E-2
2.475000E-8	1.891779E-2
2.480000E-8	1.934774E-2
2.485000E-8	1.932890E-2
2.490000E-8	1.886983E-2
2.495000E-8	1.800137E-2
2.500000E-8	1.679717E-2
2.505000E-8	1.530519E-2
2.510000E-8	1.357169E-2
2.515000E-8	1.170629E-2
2.520000E-8	9.840896E-3
2.525000E-8	8.037164E-3
2.530000E-8	6.370466E-3
2.535000E-8	4.979553E-3
2.540000E-8	3.932941E-3
2.545000E-8	3.244335E-3
2.550000E-8	2.947994E-3
2.555000E-8	3.066185E-3
2.560000E-8	3.544095E-3
2.565000E-8	4.354317E-3
2.570000E-8	5.474582E-3
2.575000E-8	6.827809E-3
2.580000E-8	8.343765E-3
2.585000E-8	9.967638E-3
2.590000E-8	1.158809E-2
2.595000E-8	1.309548E-2
2.600000E-8	1.445213E-2
2.605000E-8	1.557411E-2
2.610000E-8	1.636378E-2
2.615000E-8	1.680401E-2
2.620000E-8	1.691536E-2
2.625000E-8	1.664643E-2
2.630000E-8	1.595097E-2
2.635000E-8	1.487010E-2
2.640000E-8	1.349804E-2
2.645000E-8	1.190671E-2
2.650000E-8	1.016464E-2
2.655000E-8	8.386605E-3
2.660000E-8	6.678797E-3
2.665000E-8	5.130293E-3
2.670000E-8	3.799332E-3
2.675000E-8	2.757859E-3
2.680000E-8	2.100086E-3
2.685000E-8	1.860272E-3
2.690000E-8	2.038416E-3
2.695000E-8	2.613964E-3
2.700000E-8	3.564648E-3
2.705000E-8	4.815098E-3
2.710000E-8	6.286518E-3
2.715000E-8	7.889835E-3
2.720000E-8	9.529124E-3
2.725000E-8	1.109133E-2
2.730000E-8	1.248053E-2
2.735000E-8	1.364191E-2
2.740000E-8	1.452408E-2
2.745000E-8	1.504482E-2
2.750000E-8	1.518699E-2
2.755000E-8	1.497630E-2
2.760000E-8	1.441446E-2
2.765000E-8	1.349632E-2
2.770000E-8	1.228013E-2
2.775000E-8	1.086866E-2
2.780000E-8	9.313307E-3
2.785000E-8	7.680869E-3
2.790000E-8	6.086116E-3
2.795000E-8	4.600991E-3
2.800000E-8	3.282022E-3
2.805000E-8	2.214856E-3
2.810000E-8	1.476575E-3
2.815000E-8	1.070605E-3
2.820000E-8	9.712527E-4
2.825000E-8	1.211064E-3
2.830000E-8	1.846565E-3
2.835000E-8	2.848637E-3
2.840000E-8	4.100800E-3
2.845000E-8	5.529396E-3
2.850000E-8	7.105306E-3
2.855000E-8	8.734318E-3
2.860000E-8	1.028796E-2
2.865000E-8	1.169943E-2
2.870000E-8	1.290192E-2
2.875000E-8	1.381663E-2
2.880000E-8	1.438191E-2
2.885000E-8	1.457547E-2
2.890000E-8	1.436136E-2
2.895000E-8	1.376868E-2
2.900000E-8	1.283855E-2
2.905000E-8	1.159838E-2
2.910000E-8	1.012524E-2
2.915000E-8	8.532204E-3
2.920000E-8	6.889489E-3
2.925000E-8	5.267329E-3
2.930000E-8	3.795907E-3
2.935000E-8	2.567724E-3
2.940000E-8	1.606759E-3
2.945000E-8	9.421349E-4
2.950000E-8	6.303771E-4
2.955000E-8	6.903287E-4
2.960000E-8	1.135693E-3
2.965000E-8	1.949341E-3
2.970000E-8	3.042200E-3
2.975000E-8	4.340612E-3
2.980000E-8	5.818884E-3
2.985000E-8	7.405072E-3
2.990000E-8	8.974131E-3
2.995000E-8	1.044555E-2
3.000000E-8	1.176795E-2
3.005000E-8	1.282141E-2
3.010000E-8	1.352201E-2
3.015000E-8	1.388858E-2
3.020000E-8	1.390057E-2
3.025000E-8	1.349461E-2
3.030000E-8	1.269295E-2
3.035000E-8	1.158639E-2
3.040000E-8	1.020233E-2
3.045000E-8	8.605860E-3
3.050000E-8	6.935738E-3
3.055000E-8	5.267328E-3
3.060000E-8	3.679426E-3
3.065000E-8	2.262818E-3
3.070000E-8	1.092875E-3
3.075000E-8	2.364004E-4
3.080000E-8	-2.552167E-4
3.085000E-8	-3.545691E-4
3.090000E-8	-8.906386E-5
3.095000E-8	5.361602E-4
3.100000E-8	1.503974E-3
3.105000E-8	2.709887E-3
3.110000E-8	4.066540E-3
3.115000E-8	5.536248E-3
3.120000E-8	7.041928E-3
3.125000E-8	8.465386E-3
3.130000E-8	9.731255E-3
3.135000E-8	1.077958E-2
3.140000E-8	1.154698E-2
3.145000E-8	1.199406E-2
3.150000E-8	1.210540E-2
3.155000E-8	1.187930E-2
3.160000E-8	1.132602E-2
3.165000E-8	1.049010E-2
3.170000E-8	9.417795E-3
3.175000E-8	8.160493E-3
3.180000E-8	6.788424E-3
3.185000E-8	5.378669E-3
3.190000E-8	3.992896E-3
3.195000E-8	2.732167E-3
3.200000E-8	1.687269E-3
3.205000E-8	8.804706E-4
3.210000E-8	3.032066E-4
3.215000E-8	2.399499E-5
3.220000E-8	9.593727E-5
3.225000E-8	4.813487E-4
3.230000E-8	1.123702E-3
3.235000E-8	2.026423E-3
3.240000E-8	3.177522E-3
3.245000E-8	4.481073E-3
3.250000E-8	5.841152E-3
3.255000E-8	7.192667E-3
3.260000E-8	8.470525E-3
3.265000E-8	9.604496E-3
3.270000E-8	1.052092E-2
3.275000E-8	1.116499E-2
3.280000E-8	1.151443E-2
3.285000E-8	1.155212E-2
3.290000E-8	1.124893E-2
3.295000E-8	1.062199E-2
3.300000E-8	9.712421E-3
3.305000E-8	8.566461E-3
3.310000E-8	7.233789E-3
3.315000E-8	5.815470E-3
3.320000E-8	4.402289E-3
3.325000E-8	3.040497E-3
3.330000E-8	1.796897E-3
3.335000E-8	7.537122E-4
3.340000E-8	-2.739221E-5
3.345000E-8	-5.207218E-4
3.350000E-8	-6.937305E-4
3.355000E-8	-5.344278E-4
3.360000E-8	-7.707230E-5
3.365000E-8	6.406511E-4
3.370000E-8	1.587909E-3
3.375000E-8	2.716740E-3
3.380000E-8	3.950061E-3
3.385000E-8	5.222780E-3
3.390000E-8	6.471517E-3
3.395000E-8	7.626043E-3
3.400000E-8	8.629831E-3
3.405000E-8	9.450332E-3
3.410000E-8	1.004301E-2
3.415000E-8	1.037704E-2
3.420000E-8	1.045412E-2
3.425000E-8	1.027084E-2
3.430000E-8	9.780937E-3
3.435000E-8	9.006686E-3
3.440000E-8	8.006327E-3
3.445000E-8	6.819256E-3
3.450000E-8	5.496861E-3
3.455000E-8	4.105949E-3
3.460000E-8	2.742443E-3
3.465000E-8	1.503983E-3
3.470000E-8	4.539458E-4
3.475000E-8	-3.665565E-4
3.480000E-8	-8.941452E-4
3.485000E-8	-1.063728E-3
3.490000E-8	-8.513242E-4
3.495000E-8	-2.792014E-4
3.500000E-8	6.115297E-4
3.505000E-8	1.728370E-3
3.510000E-8	2.997663E-3
3.515000E-8	4.368019E-3
3.520000E-8	5.769210E-3
3.525000E-8	7.077901E-3
3.530000E-8	8.194743E-3
3.535000E-8	9.082050E-3
3.540000E-8	9.717554E-3
3.545000E-8	1.006186E-2
3.550000E-8	1.010297E-2
3.555000E-8	9.846028E-3
3.560000E-8	9.328720E-3
3.565000E-8	8.588728E-3
3.570000E-8	7.660312E-3
3.575000E-8	6.588008E-3
3.580000E-8	5.431770E-3
3.585000E-8	4.248124E-3
3.590000E-8	3.081607E-3
3.595000E-8	1.993886E-3
3.600000E-8	1.055190E-3
3.605000E-8	2.929284E-4
3.610000E-8	-2.637802E-4
3.615000E-8	-5.549822E-4
3.620000E-8	-5.481316E-4
3.625000E-8	-2.552190E-4
3.630000E-8	2.860710E-4
3.635000E-8	1.050044E-3
3.640000E-8	2.028136E-3
3.645000E-8	3.158680E-3
3.650000E-8	4.326909E-3
3.655000E-8	5.469444E-3
3.660000E-8	6.569156E-3
3.665000E-8	7.543823E-3
3.670000E-8	8.304372E-3
3.675000E-8	8.864506E-3
3.680000E-8	9.219087E-3
3.685000E-8	9.285893E-3
3.690000E-8	9.054647E-3
3.695000E-8	8.588726E-3
3.700000E-8	7.927530E-3
3.705000E-8	7.062493E-3
3.710000E-8	6.053568E-3
3.715000E-8	4.965848E-3
3.720000E-8	3.849007E-3
3.725000E-8	2.744156E-3
3.730000E-8	1.716388E-3
3.735000E-8	8.119518E-4
3.740000E-8	8.566166E-5
3.745000E-8	-4.282234E-4
3.750000E-8	-6.868795E-4
3.755000E-8	-6.526219E-4
3.760000E-8	-3.305892E-4
3.765000E-8	2.706539E-4
3.770000E-8	1.152820E-3
3.775000E-8	2.261096E-3
3.780000E-8	3.463584E-3
3.785000E-8	4.696905E-3
3.790000E-8	5.938791E-3
3.795000E-8	7.105308E-3
3.800000E-8	8.078263E-3
3.805000E-8	8.814831E-3
3.810000E-8	9.315012E-3
3.815000E-8	9.537696E-3
3.820000E-8	9.433208E-3
3.825000E-8	9.027240E-3
3.830000E-8	8.366044E-3
3.835000E-8	7.471887E-3
3.840000E-8	6.389305E-3
3.845000E-8	5.212512E-3
3.850000E-8	4.027153E-3
3.855000E-8	2.888044E-3
3.860000E-8	1.851711E-3
3.865000E-8	9.815338E-4
3.870000E-8	2.843641E-4
3.875000E-8	-2.055394E-4
3.880000E-8	-4.316492E-4
3.885000E-8	-4.093818E-4
3.890000E-8	-1.832739E-4
3.895000E-8	2.723688E-4
3.900000E-8	9.421299E-4
3.905000E-8	1.721520E-3
3.910000E-8	2.577992E-3
3.915000E-8	3.533816E-3
3.920000E-8	4.544454E-3
3.925000E-8	5.510556E-3
3.930000E-8	6.408140E-3
3.935000E-8	7.220077E-3
3.940000E-8	7.864146E-3
3.945000E-8	8.288957E-3
3.950000E-8	8.494512E-3
3.955000E-8	8.463680E-3
3.960000E-8	8.179332E-3
3.965000E-8	7.651745E-3
3.970000E-8	6.898050E-3
3.975000E-8	5.967921E-3
3.980000E-8	4.924737E-3
3.985000E-8	3.809609E-3
3.990000E-8	2.687629E-3
3.995000E-8	1.615324E-3
4.000000E-8	6.612121E-4
4.005000E-8	-1.181792E-4
4.010000E-8	-7.108594E-4
4.015000E-8	-1.085996E-3
4.020000E-8	-1.185347E-3
4.025000E-8	-9.866466E-4
4.030000E-8	-5.429943E-4
4.035000E-8	1.182022E-4
4.040000E-8	9.900913E-4
4.045000E-8	1.993877E-3
4.050000E-8	3.033636E-3
4.055000E-8	4.088810E-3
4.060000E-8	5.137134E-3
4.065000E-8	6.082681E-3
4.070000E-8	6.850081E-3
4.075000E-8	7.408502E-3
4.080000E-8	7.721972E-3
4.085000E-8	7.775075E-3
4.090000E-8	7.584939E-3
4.095000E-8	7.166981E-3
4.100000E-8	6.540043E-3
4.105000E-8	5.760653E-3
4.110000E-8	4.876773E-3
4.115000E-8	3.943218E-3
4.120000E-8	3.028505E-3
4.125000E-8	2.182309E-3
4.130000E-8	1.430325E-3
4.135000E-8	8.170899E-4
4.140000E-8	3.974173E-4
4.145000E-8	1.627428E-4
4.150000E-8	1.216312E-4
4.155000E-8	3.134804E-4
4.160000E-8	7.143090E-4
4.165000E-8	1.260738E-3
4.170000E-8	1.927074E-3
4.175000E-8	2.709890E-3
4.180000E-8	3.554372E-3
4.185000E-8	4.398854E-3
4.190000E-8	5.202226E-3
4.195000E-8	5.911386E-3
4.200000E-8	6.490362E-3
4.205000E-8	6.910035E-3
4.210000E-8	7.124153E-3
4.215000E-8	7.136145E-3
4.220000E-8	6.971702E-3
4.225000E-8	6.625688E-3
4.230000E-8	6.065555E-3
4.235000E-8	5.356396E-3
4.240000E-8	4.570154E-3
4.245000E-8	3.710256E-3
4.250000E-8	2.834941E-3
4.255000E-8	2.040134E-3
4.260000E-8	1.334400E-3
4.265000E-8	7.006100E-4
4.270000E-8	2.329754E-4
4.275000E-8	-3.424475E-5
4.280000E-8	-1.541516E-4
4.285000E-8	-1.353101E-4
4.290000E-8	4.968722E-5
4.295000E-8	3.837109E-4
4.300000E-8	8.393538E-4
4.305000E-8	1.406338E-3
4.310000E-8	2.038415E-3
4.315000E-8	2.703038E-3
4.320000E-8	3.413910E-3
4.325000E-8	4.124783E-3
4.330000E-8	4.763712E-3
4.335000E-8	5.322133E-3
4.340000E-8	5.810323E-3
4.345000E-8	6.182033E-3
4.350000E-8	6.384161E-3
4.355000E-8	6.414995E-3
4.360000E-8	6.257405E-3
4.365000E-8	5.901112E-3
4.370000E-8	5.385516E-3
4.375000E-8	4.750014E-3
4.380000E-8	4.010021E-3
4.385000E-8	3.218640E-3
4.390000E-8	2.427259E-3
4.395000E-8	1.671850E-3
4.400000E-8	9.866713E-4
4.405000E-8	4.333893E-4
4.410000E-8	4.626287E-5
4.415000E-8	-1.661432E-4
4.420000E-8	-2.055417E-4
4.425000E-8	-4.966446E-5
4.430000E-8	3.032017E-4
4.435000E-8	8.462050E-4
4.440000E-8	1.541661E-3
4.445000E-8	2.317625E-3
4.450000E-8	3.109006E-3
4.455000E-8	3.903813E-3
4.460000E-8	4.696907E-3
4.465000E-8	5.412919E-3
4.470000E-8	5.990182E-3
4.475000E-8	6.425271E-3
4.480000E-8	6.707908E-3
4.485000E-8	6.769575E-3
4.490000E-8	6.603420E-3
4.495000E-8	6.257406E-3
4.500000E-8	5.743523E-3
4.505000E-8	5.072049E-3
4.510000E-8	4.299510E-3
4.515000E-8	3.485861E-3
4.520000E-8	2.663647E-3
4.525000E-8	1.867127E-3
4.530000E-8	1.144263E-3
4.535000E-8	5.567217E-4
4.540000E-8	1.336233E-4
4.545000E-8	-1.010510E-4
4.550000E-8	-1.198943E-4
4.555000E-8	5.653839E-5
4.560000E-8	3.751456E-4
4.565000E-8	8.085203E-4
4.570000E-8	1.363514E-3
4.575000E-8	1.990452E-3
4.580000E-8	2.624242E-3
4.585000E-8	3.254606E-3
4.590000E-8	3.860989E-3
4.595000E-8	4.395429E-3
4.600000E-8	4.847647E-3
4.605000E-8	5.212505E-3
4.610000E-8	5.440327E-3
4.615000E-8	5.519124E-3
4.620000E-8	5.491717E-3
4.625000E-8	5.352969E-3
4.630000E-8	5.066908E-3
4.635000E-8	4.666079E-3
4.640000E-8	4.207010E-3
4.645000E-8	3.687988E-3
4.650000E-8	3.085031E-3
4.655000E-8	2.432398E-3
4.660000E-8	1.803747E-3
4.665000E-8	1.245326E-3
4.670000E-8	7.622746E-4
4.675000E-8	3.785740E-4
4.680000E-8	1.507515E-4
4.685000E-8	1.113531E-4
4.690000E-8	2.432493E-4
4.695000E-8	5.498662E-4
4.700000E-8	1.027778E-3
4.705000E-8	1.634161E-3
4.710000E-8	2.303922E-3
4.715000E-8	2.992527E-3
4.720000E-8	3.686270E-3
4.725000E-8	4.342329E-3
4.730000E-8	4.893898E-3
4.735000E-8	5.335838E-3
4.740000E-8	5.669863E-3
4.745000E-8	5.842871E-3
4.750000E-8	5.829168E-3
4.755000E-8	5.676716E-3
4.760000E-8	5.397507E-3
4.765000E-8	4.957280E-3
4.770000E-8	4.407424E-3
4.775000E-8	3.816458E-3
4.780000E-8	3.187807E-3
4.785000E-8	2.562582E-3
4.790000E-8	2.004161E-3
4.795000E-8	1.497129E-3
4.800000E-8	1.027782E-3
4.805000E-8	6.440812E-4
4.810000E-8	3.614445E-4
4.815000E-8	1.815845E-4
4.820000E-8	1.713061E-4
4.825000E-8	3.597295E-4
4.830000E-8	6.440778E-4
4.835000E-8	1.010648E-3
4.840000E-8	1.500550E-3
4.845000E-8	2.096655E-3
4.850000E-8	2.730445E-3
4.855000E-8	3.388216E-3
4.860000E-8	4.047700E-3
4.865000E-8	4.669500E-3
4.870000E-8	5.197088E-3
4.875000E-8	5.597918E-3
4.880000E-8	5.844583E-3
4.885000E-8	5.933657E-3
4.890000E-8	5.813752E-3
4.895000E-8	5.467737E-3
4.900000E-8	4.948715E-3
4.905000E-8	4.306361E-3
4.910000E-8	3.554378E-3
4.915000E-8	2.745868E-3
4.920000E-8	1.963051E-3
4.925000E-8	1.233336E-3
4.930000E-8	5.807032E-4
4.935000E-8	9.422611E-5
4.940000E-8	-1.729940E-4
4.945000E-8	-2.535031E-4
4.950000E-8	-1.661435E-4
4.955000E-8	8.565890E-5
4.960000E-8	4.762099E-4
4.965000E-8	9.746767E-4
4.970000E-8	1.560504E-3
4.975000E-8	2.189155E-3
4.980000E-8	2.814380E-3
4.985000E-8	3.384791E-3
4.990000E-8	3.884971E-3
4.995000E-8	4.302930E-3
5.000000E-8	4.633529E-3
5.005000E-8	4.864777E-3
5.010000E-8	4.982971E-3
5.015000E-8	4.996675E-3
5.020000E-8	4.935009E-3
5.025000E-8	4.808252E-3
5.030000E-8	4.592421E-3
5.035000E-8	4.290943E-3
5.040000E-8	3.932937E-3
5.045000E-8	3.513266E-3
5.050000E-8	3.035354E-3
5.055000E-8	2.531747E-3
5.060000E-8	2.029854E-3
5.065000E-8	1.533099E-3
5.070000E-8	1.074030E-3
5.075000E-8	7.091717E-4
5.080000E-8	4.727849E-4
5.085000E-8	3.717208E-4
5.090000E-8	3.837111E-4
5.095000E-8	4.899135E-4
5.100000E-8	7.194480E-4
5.105000E-8	1.087731E-3
5.110000E-8	1.533097E-3
5.115000E-8	2.004157E-3
5.120000E-8	2.512902E-3
5.125000E-8	3.023360E-3
5.130000E-8	3.436180E-3
5.135000E-8	3.737658E-3
5.140000E-8	3.953490E-3
5.145000E-8	4.051128E-3
5.150000E-8	4.004879E-3
5.155000E-8	3.860992E-3
5.160000E-8	3.631458E-3
5.165000E-8	3.300859E-3
5.170000E-8	2.910308E-3
5.175000E-8	2.504340E-3
5.180000E-8	2.081243E-3
5.185000E-8	1.649581E-3
5.190000E-8	1.272732E-3
5.195000E-8	9.609762E-4
5.200000E-8	6.903306E-4
5.205000E-8	5.104711E-4
5.210000E-8	4.368141E-4
5.215000E-8	4.590820E-4
5.220000E-8	6.081080E-4
5.225000E-8	8.941697E-4
5.230000E-8	1.224768E-3
5.235000E-8	1.575922E-3
5.240000E-8	2.028139E-3
5.245000E-8	2.557439E-3
5.250000E-8	3.042203E-3
5.255000E-8	3.475578E-3
5.260000E-8	3.883259E-3
5.265000E-8	4.229275E-3
5.270000E-8	4.482791E-3
5.275000E-8	4.676354E-3
5.280000E-8	4.775705E-3
5.285000E-8	4.753437E-3
5.290000E-8	4.628392E-3
5.295000E-8	4.421126E-3
5.300000E-8	4.119648E-3
5.305000E-8	3.765068E-3
5.310000E-8	3.389933E-3
5.315000E-8	2.978826E-3
5.320000E-8	2.545451E-3
5.325000E-8	2.124066E-3
5.330000E-8	1.738653E-3
5.335000E-8	1.413193E-3
5.340000E-8	1.187084E-3
5.345000E-8	1.029492E-3
5.350000E-8	9.215763E-4
5.355000E-8	9.404183E-4
5.360000E-8	1.123703E-3
5.365000E-8	1.402913E-3
5.370000E-8	1.735224E-3
5.375000E-8	2.142905E-3
5.380000E-8	2.603688E-3
5.385000E-8	3.061044E-3
5.390000E-8	3.496133E-3
5.395000E-8	3.896962E-3
5.400000E-8	4.225848E-3
5.405000E-8	4.450245E-3
5.410000E-8	4.588994E-3
5.415000E-8	4.624966E-3
5.420000E-8	4.551310E-3
5.425000E-8	4.381729E-3
5.430000E-8	4.111084E-3
5.435000E-8	3.737663E-3
5.440000E-8	3.300862E-3
5.445000E-8	2.836653E-3
5.450000E-8	2.343325E-3
5.455000E-8	1.870552E-3
5.460000E-8	1.473148E-3
5.465000E-8	1.169956E-3
5.470000E-8	9.506984E-4
5.475000E-8	8.564859E-4
5.480000E-8	8.924572E-4
5.485000E-8	1.041483E-3
5.490000E-8	1.293286E-3
5.495000E-8	1.647865E-3
5.500000E-8	2.064111E-3
5.505000E-8	2.483782E-3
5.510000E-8	2.867482E-3
5.515000E-8	3.210071E-3
5.520000E-8	3.521827E-3
5.525000E-8	3.754788E-3
5.530000E-8	3.884972E-3
5.535000E-8	3.938073E-3
5.540000E-8	3.956916E-3
5.545000E-8	3.934648E-3
5.550000E-8	3.826732E-3
5.555000E-8	3.628031E-3
5.560000E-8	3.393357E-3
5.565000E-8	3.151832E-3
5.570000E-8	2.891465E-3
5.575000E-8	2.617394E-3
5.580000E-8	2.355313E-3
5.585000E-8	2.110363E-3
5.590000E-8	1.877402E-3
5.595000E-8	1.659858E-3
5.600000E-8	1.459443E-3
5.605000E-8	1.286436E-3
5.610000E-8	1.164816E-3
5.615000E-8	1.096298E-3
5.620000E-8	1.079169E-3
5.625000E-8	1.145973E-3
5.630000E-8	1.320693E-3
5.635000E-8	1.539950E-3
5.640000E-8	1.769484E-3
5.645000E-8	2.023000E-3
5.650000E-8	2.297071E-3
5.655000E-8	2.562577E-3
5.660000E-8	2.852065E-3
5.665000E-8	3.146692E-3
5.670000E-8	3.393356E-3
5.675000E-8	3.588632E-3
5.680000E-8	3.754789E-3
5.685000E-8	3.840436E-3
5.690000E-8	3.804465E-3
5.695000E-8	3.674282E-3
5.700000E-8	3.467016E-3
5.705000E-8	3.143269E-3
5.710000E-8	2.732162E-3
5.715000E-8	2.307352E-3
5.720000E-8	1.889393E-3
5.725000E-8	1.471434E-3
5.730000E-8	1.084308E-3
5.735000E-8	7.879677E-4
5.740000E-8	6.115339E-4
5.745000E-8	5.447287E-4
5.750000E-8	5.824131E-4
5.755000E-8	7.605593E-4
5.760000E-8	1.063751E-3
5.765000E-8	1.435460E-3
5.770000E-8	1.819160E-3
5.775000E-8	2.216563E-3
5.780000E-8	2.632809E-3
5.785000E-8	3.038777E-3
5.790000E-8	3.374515E-3
5.795000E-8	3.607476E-3
5.800000E-8	3.753076E-3
5.805000E-8	3.814742E-3
5.810000E-8	3.785622E-3
5.815000E-8	3.693123E-3
5.820000E-8	3.566365E-3
5.825000E-8	3.376228E-3
5.830000E-8	3.120999E-3
5.835000E-8	2.840076E-3
5.840000E-8	2.593412E-3
5.845000E-8	2.360451E-3
5.850000E-8	2.118925E-3
5.855000E-8	1.896242E-3
5.860000E-8	1.714670E-3
5.865000E-8	1.562218E-3
5.870000E-8	1.447451E-3
5.875000E-8	1.394349E-3
5.880000E-8	1.396062E-3
5.885000E-8	1.437173E-3
5.890000E-8	1.526246E-3
5.895000E-8	1.678698E-3
5.900000E-8	1.872261E-3
5.905000E-8	2.072675E-3
5.910000E-8	2.278229E-3
5.915000E-8	2.490634E-3
5.920000E-8	2.692761E-3
5.925000E-8	2.876046E-3
5.930000E-8	3.018221E-3
5.935000E-8	3.122711E-3
5.940000E-8	3.189516E-3
5.945000E-8	3.204932E-3
5.950000E-8	3.148406E-3
5.955000E-8	3.052481E-3
5.960000E-8	2.941140E-3
5.965000E-8	2.805817E-3
5.970000E-8	2.641375E-3
5.975000E-8	2.459803E-3
5.980000E-8	2.261101E-3
5.985000E-8	2.043557E-3
5.990000E-8	1.812309E-3
5.995000E-8	1.579349E-3
6.000000E-8	1.356665E-3
6.005000E-8	1.173380E-3
6.010000E-8	1.031205E-3
6.015000E-8	9.369926E-4
6.020000E-8	9.181499E-4
6.025000E-8	9.900935E-4
6.030000E-8	1.135694E-3
6.035000E-8	1.346386E-3
6.040000E-8	1.630735E-3
6.045000E-8	1.973324E-3
6.050000E-8	2.336469E-3
6.055000E-8	2.703040E-3
6.060000E-8	3.055907E-3
6.065000E-8	3.369376E-3
6.070000E-8	3.610901E-3
6.075000E-8	3.777057E-3
6.080000E-8	3.876408E-3
6.085000E-8	3.884973E-3
6.090000E-8	3.787336E-3
6.095000E-8	3.624606E-3
6.100000E-8	3.388219E-3
6.105000E-8	3.067899E-3
6.110000E-8	2.704754E-3
6.115000E-8	2.331332E-3
6.120000E-8	1.935642E-3
6.125000E-8	1.546803E-3
6.130000E-8	1.223056E-3
6.135000E-8	9.746783E-4
6.140000E-8	8.068094E-4
6.145000E-8	7.485690E-4
6.150000E-8	7.674111E-4
6.155000E-8	8.273640E-4
6.160000E-8	9.883807E-4
6.165000E-8	1.262452E-3
6.170000E-8	1.567356E-3
6.175000E-8	1.882538E-3
6.180000E-8	2.219988E-3
6.185000E-8	2.528319E-3
6.190000E-8	2.776696E-3
6.195000E-8	3.001092E-3
6.200000E-8	3.182664E-3
6.205000E-8	3.268312E-3
6.210000E-8	3.273451E-3
6.215000E-8	3.222063E-3
6.220000E-8	3.124425E-3
6.225000E-8	3.009658E-3
6.230000E-8	2.864058E-3
6.235000E-8	2.644801E-3
6.240000E-8	2.403275E-3
6.245000E-8	2.197722E-3
6.250000E-8	1.975039E-3
6.255000E-8	1.704394E-3
6.260000E-8	1.473146E-3
6.265000E-8	1.300138E-3
6.270000E-8	1.137408E-3
6.275000E-8	1.017501E-3
6.280000E-8	9.918070E-4
6.285000E-8	1.022640E-3
6.290000E-8	1.101435E-3
6.295000E-8	1.281295E-3
6.300000E-8	1.524533E-3
6.305000E-8	1.759207E-3
6.310000E-8	2.033278E-3
6.315000E-8	2.358738E-3
6.320000E-8	2.641375E-3
6.325000E-8	2.846928E-3
6.330000E-8	3.013084E-3
6.335000E-8	3.122713E-3
6.340000E-8	3.127852E-3
6.345000E-8	3.055908E-3
6.350000E-8	2.934289E-3
6.355000E-8	2.754429E-3
6.360000E-8	2.524894E-3
6.365000E-8	2.285082E-3
6.370000E-8	2.038417E-3
6.375000E-8	1.796892E-3
6.380000E-8	1.603329E-3
6.385000E-8	1.454303E-3
6.390000E-8	1.334397E-3
6.395000E-8	1.262454E-3
6.400000E-8	1.224769E-3
6.405000E-8	1.195649E-3
6.410000E-8	1.195649E-3
6.415000E-8	1.248750E-3
6.420000E-8	1.318980E-3
6.425000E-8	1.387498E-3
6.430000E-8	1.471432E-3
6.435000E-8	1.575922E-3
6.440000E-8	1.687263E-3
6.445000E-8	1.814021E-3
6.450000E-8	1.930501E-3
6.455000E-8	2.005870E-3
6.460000E-8	2.060685E-3
6.465000E-8	2.113786E-3
6.470000E-8	2.148045E-3
6.475000E-8	2.166888E-3
6.480000E-8	2.182304E-3
6.485000E-8	2.190869E-3
6.490000E-8	2.173740E-3
6.495000E-8	2.165176E-3
6.500000E-8	2.170315E-3
6.505000E-8	2.146333E-3
6.510000E-8	2.076103E-3
6.515000E-8	2.000733E-3
6.520000E-8	1.921937E-3
6.525000E-8	1.822587E-3
6.530000E-8	1.707819E-3
6.535000E-8	1.593052E-3
6.540000E-8	1.486849E-3
6.545000E-8	1.389211E-3
6.550000E-8	1.303564E-3
6.555000E-8	1.245323E-3
6.560000E-8	1.221342E-3
6.565000E-8	1.240184E-3
6.570000E-8	1.284721E-3
6.575000E-8	1.349813E-3
6.580000E-8	1.449164E-3
6.585000E-8	1.563931E-3
6.590000E-8	1.695828E-3
6.595000E-8	1.846567E-3
6.600000E-8	2.019574E-3
6.605000E-8	2.199434E-3
6.610000E-8	2.363877E-3
6.615000E-8	2.512903E-3
6.620000E-8	2.637949E-3
6.625000E-8	2.733874E-3
6.630000E-8	2.783550E-3
6.635000E-8	2.792115E-3
6.640000E-8	2.764708E-3
6.645000E-8	2.699616E-3
6.650000E-8	2.584849E-3
6.655000E-8	2.440961E-3
6.660000E-8	2.273092E-3
6.665000E-8	2.076103E-3
6.670000E-8	1.851707E-3
6.675000E-8	1.639301E-3
6.680000E-8	1.481710E-3
6.685000E-8	1.378933E-3
6.690000E-8	1.293285E-3
6.695000E-8	1.250461E-3
6.700000E-8	1.269304E-3
6.705000E-8	1.361803E-3
6.710000E-8	1.510829E-3
6.715000E-8	1.697540E-3
6.720000E-8	1.880825E-3
6.725000E-8	2.065824E-3
6.730000E-8	2.242257E-3
6.735000E-8	2.379293E-3
6.740000E-8	2.473505E-3
6.745000E-8	2.554014E-3
6.750000E-8	2.591699E-3
6.755000E-8	2.545449E-3
6.760000E-8	2.452950E-3
6.765000E-8	2.357025E-3
6.770000E-8	2.238832E-3
6.775000E-8	2.081241E-3
6.780000E-8	1.918511E-3
6.785000E-8	1.755782E-3
6.790000E-8	1.577635E-3
6.795000E-8	1.402915E-3
6.800000E-8	1.265879E-3
6.805000E-8	1.175093E-3
6.810000E-8	1.111713E-3
6.815000E-8	1.092871E-3
6.820000E-8	1.132268E-3
6.825000E-8	1.216203E-3
6.830000E-8	1.349812E-3
6.835000E-8	1.521107E-3
6.840000E-8	1.711244E-3
6.845000E-8	1.923650E-3
6.850000E-8	2.172027E-3
6.855000E-8	2.415265E-3
6.860000E-8	2.615680E-3
6.865000E-8	2.773271E-3
6.870000E-8	2.891464E-3
6.875000E-8	2.956556E-3
6.880000E-8	2.980538E-3
6.885000E-8	2.970260E-3
6.890000E-8	2.881187E-3
6.895000E-8	2.718457E-3
6.900000E-8	2.530033E-3
6.905000E-8	2.327905E-3
6.910000E-8	2.086380E-3
6.915000E-8	1.831151E-3
6.920000E-8	1.610181E-3
6.925000E-8	1.416618E-3
6.930000E-8	1.236758E-3
6.935000E-8	1.113426E-3
6.940000E-8	1.060325E-3
6.945000E-8	1.048334E-3
6.950000E-8	1.074028E-3
6.955000E-8	1.152824E-3
6.960000E-8	1.277869E-3
6.965000E-8	1.433747E-3
6.970000E-8	1.613606E-3
6.975000E-8	1.815734E-3
6.980000E-8	2.021288E-3
6.985000E-8	2.199435E-3
6.990000E-8	2.329619E-3
6.995000E-8	2.420405E-3
7.000000E-8	2.497487E-3
7.005000E-8	2.571144E-3
7.010000E-8	2.627671E-3
7.015000E-8	2.679059E-3
7.020000E-8	2.718457E-3
7.025000E-8	2.725309E-3
7.030000E-8	2.713318E-3
7.035000E-8	2.701328E-3
7.040000E-8	2.665356E-3
7.045000E-8	2.576282E-3
7.050000E-8	2.473506E-3
7.055000E-8	2.384433E-3
7.060000E-8	2.290221E-3
7.065000E-8	2.201148E-3
7.070000E-8	2.118927E-3
7.075000E-8	2.026428E-3
7.080000E-8	1.933928E-3
7.085000E-8	1.882540E-3
7.090000E-8	1.851707E-3
7.095000E-8	1.826013E-3
7.100000E-8	1.829438E-3
7.105000E-8	1.851706E-3
7.110000E-8	1.841428E-3
7.115000E-8	1.822586E-3
7.120000E-8	1.844854E-3
7.125000E-8	1.885964E-3
7.130000E-8	1.915084E-3
7.135000E-8	1.966473E-3
7.140000E-8	2.046981E-3
7.145000E-8	2.151471E-3
7.150000E-8	2.293646E-3
7.155000E-8	2.464940E-3
7.160000E-8	2.619106E-3
7.165000E-8	2.728734E-3
7.170000E-8	2.788688E-3
7.175000E-8	2.793826E-3
7.180000E-8	2.740725E-3
7.185000E-8	2.637948E-3
7.190000E-8	2.473506E-3
7.195000E-8	2.252535E-3
7.200000E-8	2.007584E-3
7.205000E-8	1.759207E-3
7.210000E-8	1.539949E-3
7.215000E-8	1.402914E-3
7.220000E-8	1.365229E-3
7.225000E-8	1.389210E-3
7.230000E-8	1.471431E-3
7.235000E-8	1.641013E-3
7.240000E-8	1.863696E-3
7.245000E-8	2.057259E-3
7.250000E-8	2.238831E-3
7.255000E-8	2.449524E-3
7.260000E-8	2.617392E-3
7.265000E-8	2.694475E-3
7.270000E-8	2.723595E-3
7.275000E-8	2.711604E-3
7.280000E-8	2.629383E-3
7.285000E-8	2.495773E-3
7.290000E-8	2.369015E-3
7.295000E-8	2.257674E-3
7.300000E-8	2.165175E-3
7.305000E-8	2.108648E-3
7.310000E-8	2.041843E-3
7.315000E-8	1.964761E-3
7.320000E-8	1.911660E-3
7.325000E-8	1.846568E-3
7.330000E-8	1.747217E-3
7.335000E-8	1.680412E-3
7.340000E-8	1.676986E-3
7.345000E-8	1.651292E-3
7.350000E-8	1.599904E-3
7.355000E-8	1.582774E-3
7.360000E-8	1.575922E-3
7.365000E-8	1.558792E-3
7.370000E-8	1.563931E-3
7.375000E-8	1.611893E-3
7.380000E-8	1.676985E-3
7.385000E-8	1.757493E-3
7.390000E-8	1.851705E-3
7.395000E-8	1.944204E-3
7.400000E-8	2.043555E-3
7.405000E-8	2.142906E-3
7.410000E-8	2.228553E-3
7.415000E-8	2.293645E-3
7.420000E-8	2.375867E-3
7.425000E-8	2.478644E-3
7.430000E-8	2.559152E-3
7.435000E-8	2.598550E-3
7.440000E-8	2.639661E-3
7.445000E-8	2.691050E-3
7.450000E-8	2.696189E-3
7.455000E-8	2.661930E-3
7.460000E-8	2.598551E-3
7.465000E-8	2.480358E-3
7.470000E-8	2.278230E-3
7.475000E-8	2.028140E-3
7.480000E-8	1.767772E-3
7.485000E-8	1.502265E-3
7.490000E-8	1.274443E-3
7.495000E-8	1.142546E-3
7.500000E-8	1.103148E-3
7.505000E-8	1.125417E-3
7.510000E-8	1.233332E-3
7.515000E-8	1.459441E-3
7.520000E-8	1.783188E-3
7.525000E-8	2.153184E-3
7.530000E-8	2.528320E-3
7.535000E-8	2.884613E-3
7.540000E-8	3.215211E-3
7.545000E-8	3.487570E-3
7.550000E-8	3.653726E-3
7.555000E-8	3.675994E-3
7.560000E-8	3.566365E-3
7.565000E-8	3.369376E-3
7.570000E-8	3.109008E-3
7.575000E-8	2.774984E-3
7.580000E-8	2.411839E-3
7.585000E-8	2.082953E-3
7.590000E-8	1.776336E-3
7.595000E-8	1.473144E-3
7.600000E-8	1.247035E-3
7.605000E-8	1.121990E-3
7.610000E-8	1.068889E-3
7.615000E-8	1.082593E-3
7.620000E-8	1.183657E-3
7.625000E-8	1.344674E-3
7.630000E-8	1.515969E-3
7.635000E-8	1.695828E-3
7.640000E-8	1.889391E-3
7.645000E-8	2.081241E-3
7.650000E-8	2.245684E-3
7.655000E-8	2.374155E-3
7.660000E-8	2.473506E-3
7.665000E-8	2.528321E-3
7.670000E-8	2.509478E-3
7.675000E-8	2.439247E-3
7.680000E-8	2.374155E-3
7.685000E-8	2.329618E-3
7.690000E-8	2.269665E-3
7.695000E-8	2.225128E-3
7.700000E-8	2.206286E-3
7.705000E-8	2.184018E-3
7.710000E-8	2.132629E-3
7.715000E-8	2.072676E-3
7.720000E-8	2.021288E-3
7.725000E-8	1.978464E-3
7.730000E-8	1.932214E-3
7.735000E-8	1.879113E-3
7.740000E-8	1.844854E-3
7.745000E-8	1.824298E-3
7.750000E-8	1.808882E-3
7.755000E-8	1.814021E-3
7.760000E-8	1.872261E-3
7.765000E-8	1.956195E-3
7.770000E-8	2.038416E-3
7.775000E-8	2.139480E-3
7.780000E-8	2.264526E-3
7.785000E-8	2.374154E-3
7.790000E-8	2.459802E-3
7.795000E-8	2.542023E-3
7.800000E-8	2.622532E-3
7.805000E-8	2.682485E-3
7.810000E-8	2.706466E-3
7.815000E-8	2.706466E-3
7.820000E-8	2.715031E-3
7.825000E-8	2.740725E-3
7.830000E-8	2.751003E-3
7.835000E-8	2.751003E-3
7.840000E-8	2.776697E-3
7.845000E-8	2.824660E-3
7.850000E-8	2.853780E-3
7.855000E-8	2.845215E-3
7.860000E-8	2.807530E-3
7.865000E-8	2.742438E-3
7.870000E-8	2.644800E-3
7.875000E-8	2.523181E-3
7.880000E-8	2.370728E-3
7.885000E-8	2.189156E-3
7.890000E-8	1.988741E-3
7.895000E-8	1.788326E-3
7.900000E-8	1.603328E-3
7.905000E-8	1.466292E-3
7.910000E-8	1.377219E-3
7.915000E-8	1.329256E-3
7.920000E-8	1.322404E-3
7.925000E-8	1.377219E-3
7.930000E-8	1.488560E-3
7.935000E-8	1.617031E-3
7.940000E-8	1.771196E-3
7.945000E-8	1.918510E-3
7.950000E-8	2.029851E-3
7.955000E-8	2.115499E-3
7.960000E-8	2.190869E-3
7.965000E-8	2.201146E-3
7.970000E-8	2.124064E-3
7.975000E-8	2.017861E-3
7.980000E-8	1.879113E-3
7.985000E-8	1.707818E-3
7.990000E-8	1.541663E-3
7.995000E-8	1.433747E-3
8.000000E-8	1.368655E-3
8.005000E-8	1.342961E-3
8.010000E-8	1.375507E-3
8.015000E-8	1.473145E-3
8.020000E-8	1.617032E-3
8.025000E-8	1.771198E-3
8.030000E-8	1.897955E-3
8.035000E-8	2.031565E-3
8.040000E-8	2.190869E-3
8.045000E-8	2.295358E-3
8.050000E-8	2.321052E-3
8.055000E-8	2.353598E-3
8.060000E-8	2.379292E-3
8.065000E-8	2.324478E-3
8.070000E-8	2.201146E-3
8.075000E-8	2.086379E-3
8.080000E-8	1.985315E-3
8.085000E-8	1.896242E-3
8.090000E-8	1.851706E-3
8.095000E-8	1.831151E-3
8.100000E-8	1.815734E-3
8.105000E-8	1.841428E-3
8.110000E-8	1.903095E-3
8.115000E-8	1.971612E-3
8.120000E-8	2.043556E-3
8.125000E-8	2.125777E-3
8.130000E-8	2.213138E-3
8.135000E-8	2.291933E-3
8.140000E-8	2.358738E-3
8.145000E-8	2.399849E-3
8.150000E-8	2.423830E-3
8.155000E-8	2.413552E-3
8.160000E-8	2.369015E-3
8.165000E-8	2.321053E-3
8.170000E-8	2.303923E-3
8.175000E-8	2.298785E-3
8.180000E-8	2.302211E-3
8.185000E-8	2.338182E-3
8.190000E-8	2.387858E-3
8.195000E-8	2.422117E-3
8.200000E-8	2.456376E-3
8.205000E-8	2.502625E-3
8.210000E-8	2.559152E-3
8.215000E-8	2.598550E-3
8.220000E-8	2.605402E-3
8.225000E-8	2.607115E-3
8.230000E-8	2.625957E-3
8.235000E-8	2.653364E-3
8.240000E-8	2.668781E-3
8.245000E-8	2.682485E-3
8.250000E-8	2.689336E-3
8.255000E-8	2.658503E-3
8.260000E-8	2.615680E-3
8.265000E-8	2.596838E-3
8.270000E-8	2.564292E-3
8.275000E-8	2.468367E-3
8.280000E-8	2.355312E-3
8.285000E-8	2.271378E-3
8.290000E-8	2.165175E-3
8.295000E-8	2.023000E-3
8.300000E-8	1.894529E-3
8.305000E-8	1.812307E-3
8.310000E-8	1.742077E-3
8.315000E-8	1.687262E-3
8.320000E-8	1.690688E-3
8.325000E-8	1.738651E-3
8.330000E-8	1.793465E-3
8.335000E-8	1.841428E-3
8.340000E-8	1.872261E-3
8.345000E-8	1.858557E-3
8.350000E-8	1.812308E-3
8.355000E-8	1.757493E-3
8.360000E-8	1.687262E-3
8.365000E-8	1.606754E-3
8.370000E-8	1.527958E-3
8.375000E-8	1.454301E-3
8.380000E-8	1.411478E-3
8.385000E-8	1.409765E-3
8.390000E-8	1.421755E-3
8.395000E-8	1.447449E-3
8.400000E-8	1.534809E-3
8.405000E-8	1.682123E-3
8.410000E-8	1.826010E-3
8.415000E-8	1.961333E-3
8.420000E-8	2.106934E-3
8.425000E-8	2.223414E-3
8.430000E-8	2.295358E-3
8.435000E-8	2.339895E-3
8.440000E-8	2.372441E-3
8.445000E-8	2.387858E-3
8.450000E-8	2.386145E-3
8.455000E-8	2.346747E-3
8.460000E-8	2.288507E-3
8.465000E-8	2.249109E-3
8.470000E-8	2.194295E-3
8.475000E-8	2.108647E-3
8.480000E-8	2.045268E-3
8.485000E-8	1.995593E-3
8.490000E-8	1.911658E-3
8.495000E-8	1.819159E-3
8.500000E-8	1.772910E-3
8.505000E-8	1.745502E-3
8.510000E-8	1.731799E-3
8.515000E-8	1.778049E-3
8.520000E-8	1.838002E-3
8.525000E-8	1.863696E-3
8.530000E-8	1.897955E-3
8.535000E-8	1.964760E-3
8.540000E-8	2.012723E-3
8.545000E-8	2.014435E-3
8.550000E-8	1.999019E-3
8.555000E-8	1.956195E-3
8.560000E-8	1.880825E-3
8.565000E-8	1.807168E-3
8.570000E-8	1.748928E-3
8.575000E-8	1.704391E-3
8.580000E-8	1.692401E-3
8.585000E-8	1.714669E-3
8.590000E-8	1.757493E-3
8.595000E-8	1.853418E-3
8.600000E-8	2.004158E-3
8.605000E-8	2.151471E-3
8.610000E-8	2.264526E-3
8.615000E-8	2.370729E-3
8.620000E-8	2.475219E-3
8.625000E-8	2.524894E-3
8.630000E-8	2.519755E-3
8.635000E-8	2.495774E-3
8.640000E-8	2.447811E-3
8.645000E-8	2.358738E-3
8.650000E-8	2.245684E-3
8.655000E-8	2.146333E-3
8.660000E-8	2.062399E-3
8.665000E-8	1.988742E-3
8.670000E-8	1.932215E-3
8.675000E-8	1.904808E-3
8.680000E-8	1.909947E-3
8.685000E-8	1.942493E-3
8.690000E-8	1.997307E-3
8.695000E-8	2.084667E-3
8.700000E-8	2.201148E-3
8.705000E-8	2.343322E-3
8.710000E-8	2.473506E-3
8.715000E-8	2.574570E-3
8.720000E-8	2.675634E-3
8.725000E-8	2.797253E-3
8.730000E-8	2.886326E-3
8.735000E-8	2.920585E-3
8.740000E-8	2.936001E-3
8.745000E-8	2.932575E-3
8.750000E-8	2.857205E-3
8.755000E-8	2.728734E-3
8.760000E-8	2.610541E-3
8.765000E-8	2.500912E-3
8.770000E-8	2.365589E-3
8.775000E-8	2.225127E-3
8.780000E-8	2.122350E-3
8.785000E-8	2.041842E-3
8.790000E-8	1.942491E-3
8.795000E-8	1.841427E-3
8.800000E-8	1.757493E-3
8.805000E-8	1.687262E-3
8.810000E-8	1.625596E-3
8.815000E-8	1.594763E-3
8.820000E-8	1.598189E-3
8.825000E-8	1.613605E-3
8.830000E-8	1.637586E-3
8.835000E-8	1.687262E-3
8.840000E-8	1.764344E-3
8.845000E-8	1.848279E-3
8.850000E-8	1.897955E-3
8.855000E-8	1.923649E-3
8.860000E-8	1.956195E-3
8.865000E-8	1.999019E-3
8.870000E-8	2.028139E-3
8.875000E-8	2.060685E-3
8.880000E-8	2.113787E-3
8.885000E-8	2.168601E-3
8.890000E-8	2.228554E-3
8.895000E-8	2.339896E-3
8.900000E-8	2.483783E-3
8.905000E-8	2.620819E-3
8.910000E-8	2.737299E-3
8.915000E-8	2.848640E-3
8.920000E-8	2.941139E-3
8.925000E-8	2.995953E-3
8.930000E-8	3.006231E-3
8.935000E-8	2.951417E-3
8.940000E-8	2.865769E-3
8.945000E-8	2.774983E-3
8.950000E-8	2.655077E-3
8.955000E-8	2.504338E-3
8.960000E-8	2.372441E-3
8.965000E-8	2.269664E-3
8.970000E-8	2.172026E-3
8.975000E-8	2.093230E-3
8.980000E-8	2.065823E-3
8.985000E-8	2.088092E-3
8.990000E-8	2.117212E-3
8.995000E-8	2.129202E-3
9.000000E-8	2.142906E-3
9.005000E-8	2.160035E-3
9.010000E-8	2.178878E-3
9.015000E-8	2.196008E-3
9.020000E-8	2.202860E-3
9.025000E-8	2.165175E-3
9.030000E-8	2.108648E-3
9.035000E-8	2.070964E-3
9.040000E-8	2.052121E-3
9.045000E-8	2.028140E-3
9.050000E-8	2.007584E-3
9.055000E-8	1.993880E-3
9.060000E-8	1.969899E-3
9.065000E-8	1.957908E-3
9.070000E-8	1.954482E-3
9.075000E-8	1.961333E-3
9.080000E-8	1.978462E-3
9.085000E-8	1.995592E-3
9.090000E-8	1.968184E-3
9.095000E-8	1.915083E-3
9.100000E-8	1.897954E-3
9.105000E-8	1.916796E-3
9.110000E-8	1.925361E-3
9.115000E-8	1.925361E-3
9.120000E-8	1.932213E-3
9.125000E-8	1.940778E-3
9.130000E-8	1.945917E-3
9.135000E-8	1.971611E-3
9.140000E-8	2.017861E-3
9.145000E-8	2.094944E-3
9.150000E-8	2.189156E-3
9.155000E-8	2.276516E-3
9.160000E-8	2.360451E-3
9.165000E-8	2.466654E-3
9.170000E-8	2.571143E-3
9.175000E-8	2.639661E-3
9.180000E-8	2.696189E-3
9.185000E-8	2.752716E-3
9.190000E-8	2.766419E-3
9.195000E-8	2.733873E-3
9.200000E-8	2.685911E-3
9.205000E-8	2.622531E-3
9.210000E-8	2.523180E-3
9.215000E-8	2.418691E-3
9.220000E-8	2.333043E-3
9.225000E-8	2.261099E-3
9.230000E-8	2.187443E-3
9.235000E-8	2.132628E-3
9.240000E-8	2.117212E-3
9.245000E-8	2.137767E-3
9.250000E-8	2.166887E-3
9.255000E-8	2.173739E-3
9.260000E-8	2.161749E-3
9.265000E-8	2.156610E-3
9.270000E-8	2.161749E-3
9.275000E-8	2.136055E-3
9.280000E-8	2.082954E-3
9.285000E-8	2.017862E-3
9.290000E-8	1.939066E-3
9.295000E-8	1.870548E-3
9.300000E-8	1.832863E-3
9.305000E-8	1.786613E-3
9.310000E-8	1.712956E-3
9.315000E-8	1.671845E-3
9.320000E-8	1.675271E-3
9.325000E-8	1.666706E-3
9.330000E-8	1.637586E-3
9.335000E-8	1.649577E-3
9.340000E-8	1.706104E-3
9.345000E-8	1.776335E-3
9.350000E-8	1.851705E-3
9.355000E-8	1.951056E-3
9.360000E-8	2.038416E-3
9.365000E-8	2.108647E-3
9.370000E-8	2.194295E-3
9.375000E-8	2.319340E-3
9.380000E-8	2.444385E-3
9.385000E-8	2.552301E-3
9.390000E-8	2.660216E-3
9.395000E-8	2.764706E-3
9.400000E-8	2.826372E-3
9.405000E-8	2.846928E-3
9.410000E-8	2.874335E-3
9.415000E-8	2.903455E-3
9.420000E-8	2.898316E-3
9.425000E-8	2.869196E-3
9.430000E-8	2.843502E-3
9.435000E-8	2.805817E-3
9.440000E-8	2.740725E-3
9.445000E-8	2.661930E-3
9.450000E-8	2.564291E-3
9.455000E-8	2.440959E-3
9.460000E-8	2.312488E-3
9.465000E-8	2.202859E-3
9.470000E-8	2.084665E-3
9.475000E-8	1.963046E-3
9.480000E-8	1.880825E-3
9.485000E-8	1.832862E-3
9.490000E-8	1.784900E-3
9.495000E-8	1.748928E-3
9.500000E-8	1.760919E-3
9.505000E-8	1.760919E-3
9.510000E-8	1.724947E-3
9.515000E-8	1.699253E-3
9.520000E-8	1.692402E-3
9.525000E-8	1.661569E-3
9.530000E-8	1.613606E-3
9.535000E-8	1.582773E-3
9.540000E-8	1.550227E-3
9.545000E-8	1.536524E-3
9.550000E-8	1.570782E-3
9.555000E-8	1.629023E-3
9.560000E-8	1.719809E-3
9.565000E-8	1.855131E-3
9.570000E-8	1.988741E-3
9.575000E-8	2.084666E-3
9.580000E-8	2.172026E-3
9.585000E-8	2.243970E-3
9.590000E-8	2.261100E-3
9.595000E-8	2.245683E-3
9.600000E-8	2.213137E-3
9.605000E-8	2.118925E-3
9.610000E-8	1.995593E-3
9.615000E-8	1.932214E-3
9.620000E-8	1.911658E-3
9.625000E-8	1.901381E-3
9.630000E-8	1.925362E-3
9.635000E-8	1.992167E-3
9.640000E-8	2.045268E-3
9.645000E-8	2.112073E-3
9.650000E-8	2.206285E-3
9.655000E-8	2.247395E-3
9.660000E-8	2.238830E-3
9.665000E-8	2.226840E-3
9.670000E-8	2.148044E-3
9.675000E-8	1.969898E-3
9.680000E-8	1.808881E-3
9.685000E-8	1.707817E-3
9.690000E-8	1.586198E-3
9.695000E-8	1.468005E-3
9.700000E-8	1.444024E-3
9.705000E-8	1.468005E-3
9.710000E-8	1.507403E-3
9.715000E-8	1.620457E-3
9.720000E-8	1.795178E-3
9.725000E-8	1.956195E-3
9.730000E-8	2.127490E-3
9.735000E-8	2.341608E-3
9.740000E-8	2.543736E-3
9.745000E-8	2.716744E-3
9.750000E-8	2.874335E-3
9.755000E-8	2.973686E-3
9.760000E-8	3.002806E-3
9.765000E-8	2.995955E-3
9.770000E-8	2.942854E-3
9.775000E-8	2.828086E-3
9.780000E-8	2.709893E-3
9.785000E-8	2.610542E-3
9.790000E-8	2.480358E-3
9.795000E-8	2.365590E-3
9.800000E-8	2.321053E-3
9.805000E-8	2.322766E-3
9.810000E-8	2.302210E-3
9.815000E-8	2.285081E-3
9.820000E-8	2.297071E-3
9.825000E-8	2.324478E-3
9.830000E-8	2.343320E-3
9.835000E-8	2.346746E-3
9.840000E-8	2.324478E-3
9.845000E-8	2.267951E-3
9.850000E-8	2.172026E-3
9.855000E-8	2.045268E-3
9.860000E-8	1.937353E-3
9.865000E-8	1.867122E-3
9.870000E-8	1.815733E-3
9.875000E-8	1.772910E-3
9.880000E-8	1.771197E-3
9.885000E-8	1.824298E-3
9.890000E-8	1.906519E-3
9.895000E-8	2.011009E-3
9.900000E-8	2.122350E-3
9.905000E-8	2.214849E-3
9.910000E-8	2.254247E-3
9.915000E-8	2.269664E-3
9.920000E-8	2.271377E-3
9.925000E-8	2.242256E-3
9.930000E-8	2.184016E-3
9.935000E-8	2.124063E-3
9.940000E-8	2.060685E-3
9.945000E-8	1.985315E-3
9.950000E-8	1.920223E-3
9.955000E-8	1.861983E-3
9.960000E-8	1.808882E-3
9.965000E-8	1.791753E-3
9.970000E-8	1.812308E-3
9.975000E-8	1.836289E-3
9.980000E-8	1.863696E-3
9.985000E-8	1.894529E-3
9.990000E-8	1.894528E-3
9.995000E-8	1.868834E-3
1.000000E-7	1.870547E-3
1.000500E-7	1.875686E-3
1.001000E-7	1.831149E-3
1.001500E-7	1.796890E-3
1.002000E-7	1.820871E-3
1.002500E-7	1.844853E-3
1.003000E-7	1.846566E-3
1.003500E-7	1.884251E-3
1.004000E-7	1.949343E-3
1.004500E-7	1.992167E-3
1.005000E-7	2.029852E-3
1.005500E-7	2.076102E-3
1.006000E-7	2.124064E-3
1.006500E-7	2.182305E-3
1.007000E-7	2.230267E-3
1.007500E-7	2.216563E-3
1.008000E-7	2.182304E-3
1.008500E-7	2.175453E-3
1.009000E-7	2.158323E-3
1.009500E-7	2.103509E-3
1.010000E-7	2.081240E-3
1.010500E-7	2.105221E-3
1.011000E-7	2.115499E-3
1.011500E-7	2.115499E-3
1.012000E-7	2.172026E-3
1.012500E-7	2.259386E-3
1.013000E-7	2.338182E-3
1.013500E-7	2.415264E-3
1.014000E-7	2.471791E-3
1.014500E-7	2.447810E-3
1.015000E-7	2.339895E-3
1.015500E-7	2.206285E-3
1.016000E-7	2.079527E-3
1.016500E-7	1.935640E-3
1.017000E-7	1.798604E-3
1.017500E-7	1.690688E-3
1.018000E-7	1.587912E-3
1.018500E-7	1.510829E-3
1.019000E-7	1.485135E-3
1.019500E-7	1.527959E-3
1.020000E-7	1.630735E-3
1.020500E-7	1.754067E-3
1.021000E-7	1.861983E-3
1.021500E-7	1.976751E-3
1.022000E-7	2.103509E-3
1.022500E-7	2.175452E-3
1.023000E-7	2.149758E-3
1.023500E-7	2.064111E-3
1.024000E-7	1.949343E-3
1.024500E-7	1.800317E-3
1.025000E-7	1.613606E-3
1.025500E-7	1.402913E-3
1.026000E-7	1.204211E-3
1.026500E-7	1.036342E-3
1.027000E-7	9.061578E-4
1.027500E-7	8.393526E-4
1.028000E-7	8.599077E-4
1.028500E-7	9.592584E-4
1.029000E-7	1.109998E-3
1.029500E-7	1.334394E-3
1.030000E-7	1.630734E-3
1.030500E-7	1.915083E-3
1.031000E-7	2.151470E-3
1.031500E-7	2.367301E-3
1.032000E-7	2.554013E-3
1.032500E-7	2.680771E-3
1.033000E-7	2.751002E-3
1.033500E-7	2.795539E-3
1.034000E-7	2.819520E-3
1.034500E-7	2.807530E-3
1.035000E-7	2.764706E-3
1.035500E-7	2.723595E-3
1.036000E-7	2.701327E-3
1.036500E-7	2.680771E-3
1.037000E-7	2.646512E-3
1.037500E-7	2.613966E-3
1.038000E-7	2.571142E-3
1.038500E-7	2.502624E-3
1.039000E-7	2.404986E-3
1.039500E-7	2.274802E-3
1.040000E-7	2.120637E-3
1.040500E-7	1.969898E-3
1.041000E-7	1.795177E-3
1.041500E-7	1.593050E-3
1.042000E-7	1.433746E-3
1.042500E-7	1.365228E-3
1.043000E-7	1.330969E-3
1.043500E-7	1.291571E-3
1.044000E-7	1.303562E-3
1.044500E-7	1.375506E-3
1.045000E-7	1.450875E-3
1.045500E-7	1.527958E-3
1.046000E-7	1.627309E-3
1.046500E-7	1.740363E-3
1.047000E-7	1.884251E-3
1.047500E-7	2.045267E-3
1.048000E-7	2.170312E-3
1.048500E-7	2.264524E-3
1.049000E-7	2.375866E-3
1.049500E-7	2.483782E-3
1.050000E-7	2.548874E-3
1.050500E-7	2.589985E-3
1.051000E-7	2.607115E-3
1.051500E-7	2.554013E-3
1.052000E-7	2.464940E-3
1.052500E-7	2.370728E-3
1.053000E-7	2.233693E-3
1.053500E-7	2.046982E-3
1.054000E-7	1.884252E-3
1.054500E-7	1.755781E-3
1.055000E-7	1.625596E-3
1.055500E-7	1.524532E-3
1.056000E-7	1.483422E-3
1.056500E-7	1.476570E-3
1.057000E-7	1.486847E-3
1.057500E-7	1.553652E-3
1.058000E-7	1.654716E-3
1.058500E-7	1.719808E-3
1.059000E-7	1.745502E-3
1.059500E-7	1.755780E-3
1.060000E-7	1.762632E-3
1.060500E-7	1.762632E-3
1.061000E-7	1.747215E-3
1.061500E-7	1.718095E-3
1.062000E-7	1.687262E-3
1.062500E-7	1.656429E-3
1.063000E-7	1.605041E-3
1.063500E-7	1.557078E-3
1.064000E-7	1.529671E-3
1.064500E-7	1.533097E-3
1.065000E-7	1.567356E-3
1.065500E-7	1.641013E-3
1.066000E-7	1.743790E-3
1.066500E-7	1.855131E-3
1.067000E-7	1.964760E-3
1.067500E-7	2.053833E-3
1.068000E-7	2.124064E-3
1.068500E-7	2.184017E-3
1.069000E-7	2.243970E-3
1.069500E-7	2.285081E-3
1.070000E-7	2.283368E-3
1.070500E-7	2.252535E-3
1.071000E-7	2.226840E-3
1.071500E-7	2.225128E-3
1.072000E-7	2.237118E-3
1.072500E-7	2.283368E-3
1.073000E-7	2.362163E-3
1.073500E-7	2.434107E-3
1.074000E-7	2.509477E-3
1.074500E-7	2.595124E-3
1.075000E-7	2.665355E-3
1.075500E-7	2.694475E-3
1.076000E-7	2.691049E-3
1.076500E-7	2.661929E-3
1.077000E-7	2.574569E-3
1.077500E-7	2.446098E-3
1.078000E-7	2.327904E-3
1.078500E-7	2.218276E-3
1.079000E-7	2.118925E-3
1.079500E-7	2.040129E-3
1.080000E-7	2.004157E-3
1.080500E-7	2.005870E-3
1.081000E-7	2.034990E-3
1.081500E-7	2.088091E-3
1.082000E-7	2.163461E-3
1.082500E-7	2.249108E-3
1.083000E-7	2.302210E-3
1.083500E-7	2.312487E-3
1.084000E-7	2.314200E-3
1.084500E-7	2.286793E-3
1.085000E-7	2.218275E-3
1.085500E-7	2.144619E-3
1.086000E-7	2.081240E-3
1.086500E-7	1.985315E-3
1.087000E-7	1.865408E-3
1.087500E-7	1.769484E-3
1.088000E-7	1.688975E-3
1.088500E-7	1.589624E-3
1.089000E-7	1.466292E-3
1.089500E-7	1.368654E-3
1.090000E-7	1.344672E-3
1.090500E-7	1.375505E-3
1.091000E-7	1.413190E-3
1.091500E-7	1.457727E-3
1.092000E-7	1.562217E-3
1.092500E-7	1.704391E-3
1.093000E-7	1.824298E-3
1.093500E-7	1.951056E-3
1.094000E-7	2.124064E-3
1.094500E-7	2.273090E-3
1.095000E-7	2.350173E-3
1.095500E-7	2.392996E-3
1.096000E-7	2.389571E-3
1.096500E-7	2.305636E-3
1.097000E-7	2.172026E-3
1.097500E-7	2.031565E-3
1.098000E-7	1.875686E-3
1.098500E-7	1.707817E-3
1.099000E-7	1.562217E-3
1.099500E-7	1.435458E-3
1.100000E-7	1.318978E-3
1.100500E-7	1.264163E-3
1.101000E-7	1.267589E-3
1.101500E-7	1.283006E-3
1.102000E-7	1.339533E-3
1.102500E-7	1.445736E-3
1.103000E-7	1.543374E-3
1.103500E-7	1.620457E-3
1.104000E-7	1.712956E-3
1.104500E-7	1.784900E-3
1.105000E-7	1.802029E-3
1.105500E-7	1.815733E-3
1.106000E-7	1.826011E-3
1.106500E-7	1.786613E-3
1.107000E-7	1.730085E-3
1.107500E-7	1.694113E-3
1.108000E-7	1.675271E-3
1.108500E-7	1.661567E-3
1.109000E-7	1.670132E-3
1.109500E-7	1.702678E-3
1.110000E-7	1.762631E-3
1.110500E-7	1.851705E-3
1.111000E-7	1.930500E-3
1.111500E-7	1.990454E-3
1.112000E-7	2.093231E-3
1.112500E-7	2.202860E-3
1.113000E-7	2.230267E-3
1.113500E-7	2.196008E-3
1.114000E-7	2.177166E-3
1.114500E-7	2.137768E-3
1.115000E-7	2.064111E-3
1.115500E-7	1.997306E-3
1.116000E-7	1.945918E-3
1.116500E-7	1.858558E-3
1.117000E-7	1.774623E-3
1.117500E-7	1.743790E-3
1.118000E-7	1.748929E-3
1.118500E-7	1.779762E-3
1.119000E-7	1.831150E-3
1.119500E-7	1.894529E-3
1.120000E-7	1.985316E-3
1.120500E-7	2.105222E-3
1.121000E-7	2.180591E-3
1.121500E-7	2.213137E-3
1.122000E-7	2.235406E-3
1.122500E-7	2.225128E-3
1.123000E-7	2.127490E-3
1.123500E-7	2.000731E-3
1.124000E-7	1.880825E-3
1.124500E-7	1.743789E-3
1.125000E-7	1.586198E-3
1.125500E-7	1.442310E-3
1.126000E-7	1.337820E-3
1.126500E-7	1.281293E-3
1.127000E-7	1.264163E-3
1.127500E-7	1.283006E-3
1.128000E-7	1.339533E-3
1.128500E-7	1.421755E-3
1.129000E-7	1.488560E-3
1.129500E-7	1.526245E-3
1.130000E-7	1.560504E-3
1.130500E-7	1.598189E-3
1.131000E-7	1.603328E-3
1.131500E-7	1.587911E-3
1.132000E-7	1.593050E-3
1.132500E-7	1.625596E-3
1.133000E-7	1.675272E-3
1.133500E-7	1.740364E-3
1.134000E-7	1.793465E-3
1.134500E-7	1.824298E-3
1.135000E-7	1.868834E-3
1.135500E-7	1.942491E-3
1.136000E-7	1.990453E-3
1.136500E-7	2.004157E-3
1.137000E-7	2.005870E-3
1.137500E-7	2.005870E-3
1.138000E-7	1.995592E-3
1.138500E-7	1.990453E-3
1.139000E-7	1.993879E-3
1.139500E-7	1.990454E-3
1.140000E-7	2.005870E-3
1.140500E-7	2.038416E-3
1.141000E-7	2.057259E-3
1.141500E-7	2.070963E-3
1.142000E-7	2.088092E-3
1.142500E-7	2.091518E-3
1.143000E-7	2.065824E-3
1.143500E-7	2.046981E-3
1.144000E-7	2.040130E-3
1.144500E-7	2.041842E-3
1.145000E-7	2.070963E-3
1.145500E-7	2.139480E-3
1.146000E-7	2.194295E-3
1.146500E-7	2.240544E-3
1.147000E-7	2.288506E-3
1.147500E-7	2.300497E-3
1.148000E-7	2.247396E-3
1.148500E-7	2.177165E-3
1.149000E-7	2.093230E-3
1.149500E-7	1.957907E-3
1.150000E-7	1.814019E-3
1.150500E-7	1.718094E-3
1.151000E-7	1.630734E-3
1.151500E-7	1.529670E-3
1.152000E-7	1.468004E-3
1.152500E-7	1.461152E-3
1.153000E-7	1.478282E-3
1.153500E-7	1.505689E-3
1.154000E-7	1.553652E-3
1.154500E-7	1.601614E-3
1.155000E-7	1.644438E-3
1.155500E-7	1.694114E-3
1.156000E-7	1.736938E-3
1.156500E-7	1.748928E-3
1.157000E-7	1.733512E-3
1.157500E-7	1.702679E-3
1.158000E-7	1.661568E-3
1.158500E-7	1.620457E-3
1.159000E-7	1.574207E-3
1.159500E-7	1.524532E-3
1.160000E-7	1.498838E-3
1.160500E-7	1.515967E-3
1.161000E-7	1.538236E-3
1.161500E-7	1.575921E-3
1.162000E-7	1.658142E-3
1.162500E-7	1.755780E-3
1.163000E-7	1.846567E-3
1.163500E-7	1.952769E-3
1.164000E-7	2.079528E-3
1.164500E-7	2.161749E-3
1.165000E-7	2.209711E-3
1.165500E-7	2.254248E-3
1.166000E-7	2.273090E-3
1.166500E-7	2.223414E-3
1.167000E-7	2.160035E-3
1.167500E-7	2.081240E-3
1.168000E-7	1.956194E-3
1.168500E-7	1.827723E-3
1.169000E-7	1.742076E-3
1.169500E-7	1.658141E-3
1.170000E-7	1.574207E-3
1.170500E-7	1.562216E-3
1.171000E-7	1.622170E-3
1.171500E-7	1.695827E-3
1.172000E-7	1.798603E-3
1.172500E-7	1.935639E-3
1.173000E-7	2.072675E-3
1.173500E-7	2.202859E-3
1.174000E-7	2.348460E-3
1.174500E-7	2.483783E-3
1.175000E-7	2.588272E-3
1.175500E-7	2.646513E-3
1.176000E-7	2.673920E-3
1.176500E-7	2.679059E-3
1.177000E-7	2.651652E-3
1.177500E-7	2.584847E-3
1.178000E-7	2.523181E-3
1.178500E-7	2.478645E-3
1.179000E-7	2.411840E-3
1.179500E-7	2.331331E-3
1.180000E-7	2.279943E-3
1.180500E-7	2.271378E-3
1.181000E-7	2.255961E-3
1.181500E-7	2.259386E-3
1.182000E-7	2.290219E-3
1.182500E-7	2.310774E-3
1.183000E-7	2.309061E-3
1.183500E-7	2.322765E-3
1.184000E-7	2.348459E-3
1.184500E-7	2.355311E-3
1.185000E-7	2.333042E-3
1.185500E-7	2.290219E-3
1.186000E-7	2.231979E-3
1.186500E-7	2.168600E-3
1.187000E-7	2.106934E-3
1.187500E-7	2.048694E-3
1.188000E-7	2.000731E-3
1.188500E-7	1.966472E-3
1.189000E-7	1.930501E-3
1.189500E-7	1.913371E-3
1.190000E-7	1.944204E-3
1.190500E-7	1.985315E-3
1.191000E-7	1.993879E-3
1.191500E-7	2.007583E-3
1.192000E-7	2.074388E-3
1.192500E-7	2.160035E-3
1.193000E-7	2.206284E-3
1.193500E-7	2.238830E-3
1.194000E-7	2.274802E-3
1.194500E-7	2.283367E-3
1.195000E-7	2.274802E-3
1.195500E-7	2.283367E-3
1.196000E-7	2.281654E-3
1.196500E-7	2.235405E-3
1.197000E-7	2.166887E-3
1.197500E-7	2.094943E-3
1.198000E-7	2.023000E-3
1.198500E-7	1.956195E-3
1.199000E-7	1.894529E-3
1.199500E-7	1.827724E-3
1.200000E-7	1.783187E-3
1.200500E-7	1.795178E-3
1.201000E-7	1.839715E-3
1.201500E-7	1.885964E-3
1.202000E-7	1.975037E-3
1.202500E-7	2.089805E-3
1.203000E-7	2.185730E-3
1.203500E-7	2.245683E-3
1.204000E-7	2.298784E-3
1.204500E-7	2.322765E-3
1.205000E-7	2.305636E-3
1.205500E-7	2.261099E-3
1.206000E-7	2.197720E-3
1.206500E-7	2.105221E-3
1.207000E-7	2.031564E-3
1.207500E-7	2.002444E-3
1.208000E-7	1.983601E-3
1.208500E-7	1.976750E-3
1.209000E-7	2.000731E-3
1.209500E-7	2.055546E-3
1.210000E-7	2.115499E-3
1.210500E-7	2.172027E-3
1.211000E-7	2.223415E-3
1.211500E-7	2.266239E-3
1.212000E-7	2.291933E-3
1.212500E-7	2.297072E-3
1.213000E-7	2.297072E-3
1.213500E-7	2.310775E-3
1.214000E-7	2.336469E-3
1.214500E-7	2.350173E-3
1.215000E-7	2.346747E-3
1.215500E-7	2.355311E-3
1.216000E-7	2.370728E-3
1.216500E-7	2.374153E-3
1.217000E-7	2.374153E-3
1.217500E-7	2.372440E-3
1.218000E-7	2.341607E-3
1.218500E-7	2.257673E-3
1.219000E-7	2.151470E-3
1.219500E-7	2.053832E-3
1.220000E-7	1.975036E-3
1.220500E-7	1.915083E-3
1.221000E-7	1.860269E-3
1.221500E-7	1.820871E-3
1.222000E-7	1.814019E-3
1.222500E-7	1.836288E-3
1.223000E-7	1.882537E-3
1.223500E-7	1.976749E-3
1.224000E-7	2.089804E-3
1.224500E-7	2.178877E-3
1.225000E-7	2.264524E-3
1.225500E-7	2.382718E-3
1.226000E-7	2.485495E-3
1.226500E-7	2.512902E-3
1.227000E-7	2.494060E-3
1.227500E-7	2.437533E-3
1.228000E-7	2.295358E-3
1.228500E-7	2.100082E-3
1.229000E-7	1.911658E-3
1.229500E-7	1.699253E-3
1.230000E-7	1.459440E-3
1.230500E-7	1.271016E-3
1.231000E-7	1.157962E-3
1.231500E-7	1.070601E-3
1.232000E-7	1.020926E-3
1.232500E-7	1.050046E-3
1.233000E-7	1.130554E-3
1.233500E-7	1.241895E-3
1.234000E-7	1.387496E-3
1.234500E-7	1.553652E-3
1.235000E-7	1.711243E-3
1.235500E-7	1.861982E-3
1.236000E-7	1.966472E-3
1.236500E-7	1.997305E-3
1.237000E-7	1.975036E-3
1.237500E-7	1.959620E-3
1.238000E-7	1.951055E-3
1.238500E-7	1.920222E-3
1.239000E-7	1.879111E-3
1.239500E-7	1.839714E-3
1.240000E-7	1.807168E-3
1.240500E-7	1.760918E-3
1.241000E-7	1.719808E-3
1.241500E-7	1.695827E-3
1.242000E-7	1.670133E-3
1.242500E-7	1.632448E-3
1.243000E-7	1.617032E-3
1.243500E-7	1.618745E-3
1.244000E-7	1.629023E-3
1.244500E-7	1.644439E-3
1.245000E-7	1.676985E-3
1.245500E-7	1.707818E-3
1.246000E-7	1.760920E-3
1.246500E-7	1.853419E-3
1.247000E-7	1.952769E-3
1.247500E-7	2.036704E-3
1.248000E-7	2.129203E-3
1.248500E-7	2.211424E-3
1.249000E-7	2.245683E-3
1.249500E-7	2.261099E-3
1.250000E-7	2.269664E-3
1.250500E-7	2.249108E-3
1.251000E-7	2.207998E-3
1.251500E-7	2.172026E-3
1.252000E-7	2.129202E-3
1.252500E-7	2.067536E-3
1.253000E-7	1.999018E-3
1.253500E-7	1.952769E-3
1.254000E-7	1.947630E-3
1.254500E-7	1.966472E-3
1.255000E-7	1.987028E-3
1.255500E-7	2.012722E-3
1.256000E-7	2.074388E-3
1.256500E-7	2.127490E-3
1.257000E-7	2.160036E-3
1.257500E-7	2.192582E-3
1.258000E-7	2.238831E-3
1.258500E-7	2.257674E-3
1.259000E-7	2.250822E-3
1.259500E-7	2.240544E-3
1.260000E-7	2.190869E-3
1.260500E-7	2.100082E-3
1.261000E-7	1.995593E-3
1.261500E-7	1.885964E-3
1.262000E-7	1.759206E-3
1.262500E-7	1.625596E-3
1.263000E-7	1.490273E-3
1.263500E-7	1.360089E-3
1.264000E-7	1.269302E-3
1.264500E-7	1.229905E-3
1.265000E-7	1.217914E-3
1.265500E-7	1.233331E-3
1.266000E-7	1.303561E-3
1.266500E-7	1.416616E-3
1.267000E-7	1.545087E-3
1.267500E-7	1.695826E-3
1.268000E-7	1.863695E-3
1.268500E-7	2.014435E-3
1.269000E-7	2.148045E-3
1.269500E-7	2.288506E-3
1.270000E-7	2.418690E-3
1.270500E-7	2.514615E-3
1.271000E-7	2.577994E-3
1.271500E-7	2.619105E-3
1.272000E-7	2.622531E-3
1.272500E-7	2.581420E-3
1.273000E-7	2.506051E-3
1.273500E-7	2.411839E-3
1.274000E-7	2.298784E-3
1.274500E-7	2.175452E-3
1.275000E-7	2.055546E-3
1.275500E-7	1.942492E-3
1.276000E-7	1.858557E-3
1.276500E-7	1.841428E-3
1.277000E-7	1.849993E-3
1.277500E-7	1.882539E-3
1.278000E-7	1.975038E-3
1.278500E-7	2.113787E-3
1.279000E-7	2.245684E-3
1.279500E-7	2.387858E-3
1.280000E-7	2.555727E-3
1.280500E-7	2.696188E-3
1.281000E-7	2.778409E-3
1.281500E-7	2.836649E-3
1.282000E-7	2.867482E-3
1.282500E-7	2.824658E-3
1.283000E-7	2.703039E-3
1.283500E-7	2.538596E-3
1.284000E-7	2.351885E-3
1.284500E-7	2.160035E-3
1.285000E-7	1.988740E-3
1.285500E-7	1.860269E-3
1.286000E-7	1.798603E-3
1.286500E-7	1.788326E-3
1.287000E-7	1.786613E-3
1.287500E-7	1.824298E-3
1.288000E-7	1.932214E-3
1.288500E-7	2.052120E-3
1.289000E-7	2.136054E-3
1.289500E-7	2.216563E-3
1.290000E-7	2.288506E-3
1.290500E-7	2.302210E-3
1.291000E-7	2.278229E-3
1.291500E-7	2.262812E-3
1.292000E-7	2.249109E-3
1.292500E-7	2.230266E-3
1.293000E-7	2.204572E-3
1.293500E-7	2.189156E-3
1.294000E-7	2.197720E-3
1.294500E-7	2.261099E-3
1.295000E-7	2.360450E-3
1.295500E-7	2.454662E-3
1.296000E-7	2.528319E-3
1.296500E-7	2.577994E-3
1.297000E-7	2.588272E-3
1.297500E-7	2.559152E-3
1.298000E-7	2.526606E-3
1.298500E-7	2.507764E-3
1.299000E-7	2.473505E-3
1.299500E-7	2.406700E-3
1.300000E-7	2.346747E-3
1.300500E-7	2.293646E-3
1.301000E-7	2.243970E-3
1.301500E-7	2.206285E-3
1.302000E-7	2.201147E-3
1.302500E-7	2.207998E-3
1.303000E-7	2.196008E-3
1.303500E-7	2.168600E-3
1.304000E-7	2.136054E-3
1.304500E-7	2.069249E-3
1.305000E-7	1.963046E-3
1.305500E-7	1.856844E-3
1.306000E-7	1.786613E-3
1.306500E-7	1.735225E-3
1.307000E-7	1.688975E-3
1.307500E-7	1.653003E-3
1.308000E-7	1.635874E-3
1.308500E-7	1.630735E-3
1.309000E-7	1.649577E-3
1.309500E-7	1.704392E-3
1.310000E-7	1.760919E-3
1.310500E-7	1.832863E-3
1.311000E-7	1.930500E-3
1.311500E-7	2.017861E-3
1.312000E-7	2.081240E-3
1.312500E-7	2.168600E-3
1.313000E-7	2.247396E-3
1.313500E-7	2.259386E-3
1.314000E-7	2.233692E-3
1.314500E-7	2.206285E-3
1.315000E-7	2.142906E-3
1.315500E-7	2.070963E-3
1.316000E-7	2.038417E-3
1.316500E-7	2.000732E-3
1.317000E-7	1.951057E-3
1.317500E-7	1.944205E-3
1.318000E-7	1.961334E-3
1.318500E-7	1.945918E-3
1.319000E-7	1.923649E-3
1.319500E-7	1.939066E-3
1.320000E-7	1.956195E-3
1.320500E-7	1.964760E-3
1.321000E-7	1.992167E-3
1.321500E-7	2.007584E-3
1.322000E-7	1.999019E-3
1.322500E-7	2.009296E-3
1.323000E-7	2.014435E-3
1.323500E-7	1.978463E-3
1.324000E-7	1.935640E-3
1.324500E-7	1.928788E-3
1.325000E-7	1.927075E-3
1.325500E-7	1.915084E-3
1.326000E-7	1.923649E-3
1.326500E-7	1.951056E-3
1.327000E-7	1.988741E-3
1.327500E-7	2.038416E-3
1.328000E-7	2.108647E-3
1.328500E-7	2.187442E-3
1.329000E-7	2.262812E-3
1.329500E-7	2.338182E-3
1.330000E-7	2.416977E-3
1.330500E-7	2.494060E-3
1.331000E-7	2.545449E-3
1.331500E-7	2.574569E-3
1.332000E-7	2.589985E-3
1.332500E-7	2.566004E-3
1.333000E-7	2.497486E-3
1.333500E-7	2.413552E-3
1.334000E-7	2.333043E-3
1.334500E-7	2.245683E-3
1.335000E-7	2.166887E-3
1.335500E-7	2.103508E-3
1.336000E-7	2.067536E-3
1.336500E-7	2.046981E-3
1.337000E-7	2.046981E-3
1.337500E-7	2.045268E-3
1.338000E-7	2.029851E-3
1.338500E-7	2.024712E-3
1.339000E-7	2.031564E-3
1.339500E-7	2.038416E-3
1.340000E-7	2.053833E-3
1.340500E-7	2.069249E-3
1.341000E-7	2.058972E-3
1.341500E-7	2.043555E-3
1.342000E-7	2.048694E-3
1.342500E-7	2.057259E-3
1.343000E-7	2.045268E-3
1.343500E-7	2.060685E-3
1.344000E-7	2.122351E-3
1.344500E-7	2.161748E-3
1.345000E-7	2.166887E-3
1.345500E-7	2.182304E-3
1.346000E-7	2.204572E-3
1.346500E-7	2.201146E-3
1.347000E-7	2.177165E-3
1.347500E-7	2.134341E-3
1.348000E-7	2.055545E-3
1.348500E-7	1.952768E-3
1.349000E-7	1.846566E-3
1.349500E-7	1.747215E-3
1.350000E-7	1.676984E-3
1.350500E-7	1.668419E-3
1.351000E-7	1.683836E-3
1.351500E-7	1.695826E-3
1.352000E-7	1.743789E-3
1.352500E-7	1.861982E-3
1.353000E-7	1.988740E-3
1.353500E-7	2.091517E-3
1.354000E-7	2.204572E-3
1.354500E-7	2.329617E-3
1.355000E-7	2.420403E-3
1.355500E-7	2.485495E-3
1.356000E-7	2.559152E-3
1.356500E-7	2.622531E-3
1.357000E-7	2.641374E-3
1.357500E-7	2.653364E-3
1.358000E-7	2.655077E-3
1.358500E-7	2.600263E-3
1.359000E-7	2.476930E-3
1.359500E-7	2.339895E-3
1.360000E-7	2.209711E-3
1.360500E-7	2.053832E-3
1.361000E-7	1.892815E-3
1.361500E-7	1.772909E-3
1.362000E-7	1.702678E-3
1.362500E-7	1.656429E-3
1.363000E-7	1.634160E-3
1.363500E-7	1.647864E-3
1.364000E-7	1.699252E-3
1.364500E-7	1.783187E-3
1.365000E-7	1.896241E-3
1.365500E-7	1.997305E-3
1.366000E-7	2.079527E-3
1.366500E-7	2.141193E-3
1.367000E-7	2.168600E-3
1.367500E-7	2.136054E-3
1.368000E-7	2.077814E-3
1.368500E-7	2.016147E-3
1.369000E-7	1.937352E-3
1.369500E-7	1.848279E-3
1.370000E-7	1.795177E-3
1.370500E-7	1.767770E-3
1.371000E-7	1.731798E-3
1.371500E-7	1.706104E-3
1.372000E-7	1.723233E-3
1.372500E-7	1.745502E-3
1.373000E-7	1.754066E-3
1.373500E-7	1.788325E-3
1.374000E-7	1.819158E-3
1.374500E-7	1.810594E-3
1.375000E-7	1.784900E-3
1.375500E-7	1.781474E-3
1.376000E-7	1.791752E-3
1.376500E-7	1.790039E-3
1.377000E-7	1.790039E-3
1.377500E-7	1.795178E-3
1.378000E-7	1.814021E-3
1.378500E-7	1.868835E-3
1.379000E-7	1.951057E-3
1.379500E-7	2.050407E-3
1.380000E-7	2.165175E-3
1.380500E-7	2.278229E-3
1.381000E-7	2.377580E-3
1.381500E-7	2.464940E-3
1.382000E-7	2.554013E-3
1.382500E-7	2.646512E-3
1.383000E-7	2.709891E-3
1.383500E-7	2.727020E-3
1.384000E-7	2.704752E-3
1.384500E-7	2.644799E-3
1.385000E-7	2.554013E-3
1.385500E-7	2.444384E-3
1.386000E-7	2.317626E-3
1.386500E-7	2.163461E-3
1.387000E-7	2.009296E-3
1.387500E-7	1.882538E-3
1.388000E-7	1.784900E-3
1.388500E-7	1.699253E-3
1.389000E-7	1.651290E-3
1.389500E-7	1.651290E-3
1.390000E-7	1.697540E-3
1.390500E-7	1.795178E-3
1.391000E-7	1.915084E-3
1.391500E-7	2.011009E-3
1.392000E-7	2.084666E-3
1.392500E-7	2.132628E-3
1.393000E-7	2.136054E-3
1.393500E-7	2.117211E-3
1.394000E-7	2.105221E-3
1.394500E-7	2.074388E-3
1.395000E-7	2.004157E-3
1.395500E-7	1.923649E-3
1.396000E-7	1.867122E-3
1.396500E-7	1.843140E-3
1.397000E-7	1.832863E-3
1.397500E-7	1.861983E-3
1.398000E-7	1.940779E-3
1.398500E-7	2.065824E-3
1.399000E-7	2.196008E-3
1.399500E-7	2.336470E-3
1.400000E-7	2.492348E-3
1.400500E-7	2.641374E-3
1.401000E-7	2.732160E-3
1.401500E-7	2.764706E-3
1.402000E-7	2.757854E-3
1.402500E-7	2.685910E-3
1.403000E-7	2.536883E-3
1.403500E-7	2.374153E-3
1.404000E-7	2.207997E-3
1.404500E-7	2.005869E-3
1.405000E-7	1.772908E-3
1.405500E-7	1.575920E-3
1.406000E-7	1.440597E-3
1.406500E-7	1.337820E-3
1.407000E-7	1.264164E-3
1.407500E-7	1.248747E-3
1.408000E-7	1.301849E-3
1.408500E-7	1.401200E-3
1.409000E-7	1.519394E-3
1.409500E-7	1.642726E-3
1.410000E-7	1.786613E-3
1.410500E-7	1.951056E-3
1.411000E-7	2.112073E-3
1.411500E-7	2.264525E-3
1.412000E-7	2.415265E-3
1.412500E-7	2.530032E-3
1.413000E-7	2.603688E-3
1.413500E-7	2.646512E-3
1.414000E-7	2.667067E-3
1.414500E-7	2.643086E-3
1.415000E-7	2.620817E-3
1.415500E-7	2.607114E-3
1.416000E-7	2.536883E-3
1.416500E-7	2.391283E-3
1.417000E-7	2.240543E-3
1.417500E-7	2.108646E-3
1.418000E-7	1.985314E-3
1.418500E-7	1.880824E-3
1.419000E-7	1.798603E-3
1.419500E-7	1.745502E-3
1.420000E-7	1.728372E-3
1.420500E-7	1.750641E-3
1.421000E-7	1.783187E-3
1.421500E-7	1.836288E-3
1.422000E-7	1.921935E-3
1.422500E-7	2.004156E-3
1.423000E-7	2.055545E-3
1.423500E-7	2.098368E-3
1.424000E-7	2.122349E-3
1.424500E-7	2.074387E-3
1.425000E-7	1.981888E-3
1.425500E-7	1.872259E-3
1.426000E-7	1.728371E-3
1.426500E-7	1.567354E-3
1.427000E-7	1.437171E-3
1.427500E-7	1.339533E-3
1.428000E-7	1.298422E-3
1.428500E-7	1.330968E-3
1.429000E-7	1.392635E-3
1.429500E-7	1.447449E-3
1.430000E-7	1.533096E-3
1.430500E-7	1.653003E-3
1.431000E-7	1.783187E-3
1.431500E-7	1.925361E-3
1.432000E-7	2.069249E-3
1.432500E-7	2.161748E-3
1.433000E-7	2.197720E-3
1.433500E-7	2.207997E-3
1.434000E-7	2.189155E-3
1.434500E-7	2.146331E-3
1.435000E-7	2.125776E-3
1.435500E-7	2.110360E-3
1.436000E-7	2.077814E-3
1.436500E-7	2.045268E-3
1.437000E-7	2.017861E-3
1.437500E-7	1.973324E-3
1.438000E-7	1.932213E-3
1.438500E-7	1.897954E-3
1.439000E-7	1.851704E-3
1.439500E-7	1.819158E-3
1.440000E-7	1.812306E-3
1.440500E-7	1.793464E-3
1.441000E-7	1.760918E-3
1.441500E-7	1.764344E-3
1.442000E-7	1.798603E-3
1.442500E-7	1.826010E-3
1.443000E-7	1.863695E-3
1.443500E-7	1.916796E-3
1.444000E-7	1.980175E-3
1.444500E-7	2.072675E-3
1.445000E-7	2.223414E-3
1.445500E-7	2.372441E-3
1.446000E-7	2.482070E-3
1.446500E-7	2.581420E-3
1.447000E-7	2.656790E-3
1.447500E-7	2.679059E-3
1.448000E-7	2.672207E-3
1.448500E-7	2.641374E-3
1.449000E-7	2.547162E-3
1.449500E-7	2.413552E-3
1.450000E-7	2.302210E-3
1.450500E-7	2.211424E-3
1.451000E-7	2.101795E-3
1.451500E-7	1.997305E-3
1.452000E-7	1.940778E-3
1.452500E-7	1.909945E-3
1.453000E-7	1.860270E-3
1.453500E-7	1.796891E-3
1.454000E-7	1.774623E-3
1.454500E-7	1.802030E-3
1.455000E-7	1.822585E-3
1.455500E-7	1.810595E-3
1.456000E-7	1.826011E-3
1.456500E-7	1.884252E-3
1.457000E-7	1.909946E-3
1.457500E-7	1.903094E-3
1.458000E-7	1.933927E-3
1.458500E-7	1.988741E-3
1.459000E-7	2.023000E-3
1.459500E-7	2.079527E-3
1.460000E-7	2.178878E-3
1.460500E-7	2.273090E-3
1.461000E-7	2.339895E-3
1.461500E-7	2.387857E-3
1.462000E-7	2.399848E-3
1.462500E-7	2.406699E-3
1.463000E-7	2.425542E-3
1.463500E-7	2.406699E-3
1.464000E-7	2.341607E-3
1.464500E-7	2.310774E-3
1.465000E-7	2.307348E-3
1.465500E-7	2.269663E-3
1.466000E-7	2.226839E-3
1.466500E-7	2.216562E-3
1.467000E-7	2.177164E-3
1.467500E-7	2.113785E-3
1.468000E-7	2.072675E-3
1.468500E-7	2.014435E-3
1.469000E-7	1.901380E-3
1.469500E-7	1.786613E-3
1.470000E-7	1.692401E-3
1.470500E-7	1.582772E-3
1.471000E-7	1.481709E-3
1.471500E-7	1.437172E-3
1.472000E-7	1.435459E-3
1.472500E-7	1.474857E-3
1.473000E-7	1.555366E-3
1.473500E-7	1.632448E-3
1.474000E-7	1.690688E-3
1.474500E-7	1.766058E-3
1.475000E-7	1.858557E-3
1.475500E-7	1.911658E-3
1.476000E-7	1.915084E-3
1.476500E-7	1.875686E-3
1.477000E-7	1.807168E-3
1.477500E-7	1.728372E-3
1.478000E-7	1.671845E-3
1.478500E-7	1.629022E-3
1.479000E-7	1.584485E-3
1.479500E-7	1.558791E-3
1.480000E-7	1.572494E-3
1.480500E-7	1.630735E-3
1.481000E-7	1.735224E-3
1.481500E-7	1.865408E-3
1.482000E-7	1.992167E-3
1.482500E-7	2.129202E-3
1.483000E-7	2.279942E-3
1.483500E-7	2.432394E-3
1.484000E-7	2.571143E-3
1.484500E-7	2.661929E-3
1.485000E-7	2.691049E-3
1.485500E-7	2.687623E-3
1.486000E-7	2.708178E-3
1.486500E-7	2.720169E-3
1.487000E-7	2.689336E-3
1.487500E-7	2.627670E-3
1.488000E-7	2.560865E-3
1.488500E-7	2.478644E-3
1.489000E-7	2.387858E-3
1.489500E-7	2.297071E-3
1.490000E-7	2.223415E-3
1.490500E-7	2.166887E-3
1.491000E-7	2.124064E-3
1.491500E-7	2.070962E-3
1.492000E-7	2.014435E-3
1.492500E-7	1.975037E-3
1.493000E-7	1.939065E-3
1.493500E-7	1.903093E-3
1.494000E-7	1.897954E-3
1.494500E-7	1.901380E-3
1.495000E-7	1.887676E-3
1.495500E-7	1.892815E-3
1.496000E-7	1.940778E-3
1.496500E-7	1.983601E-3
1.497000E-7	1.993879E-3
1.497500E-7	2.016147E-3
1.498000E-7	2.036703E-3
1.498500E-7	2.024712E-3
1.499000E-7	1.997305E-3
1.499500E-7	1.964759E-3
1.500000E-7	1.896241E-3
1.500500E-7	1.815732E-3
1.501000E-7	1.760918E-3
1.501500E-7	1.704391E-3
1.502000E-7	1.639299E-3
1.502500E-7	1.608466E-3
1.503000E-7	1.623882E-3
1.503500E-7	1.658141E-3
1.504000E-7	1.718094E-3
1.504500E-7	1.793464E-3
1.505000E-7	1.879111E-3
1.505500E-7	1.983601E-3
1.506000E-7	2.084665E-3
1.506500E-7	2.136053E-3
1.507000E-7	2.163461E-3
1.507500E-7	2.189155E-3
1.508000E-7	2.180590E-3
1.508500E-7	2.122350E-3
1.509000E-7	2.050406E-3
1.509500E-7	1.968185E-3
1.510000E-7	1.872260E-3
1.510500E-7	1.795177E-3
1.511000E-7	1.743789E-3
1.511500E-7	1.690688E-3
1.512000E-7	1.656429E-3
1.512500E-7	1.685549E-3
1.513000E-7	1.728372E-3
1.513500E-7	1.759205E-3
1.514000E-7	1.824297E-3
1.514500E-7	1.916796E-3
1.515000E-7	1.975036E-3
1.515500E-7	2.004156E-3
1.516000E-7	2.040128E-3
1.516500E-7	2.074387E-3
1.517000E-7	2.081239E-3
1.517500E-7	2.067535E-3
1.518000E-7	2.048693E-3
1.518500E-7	2.000730E-3
1.519000E-7	1.923648E-3
1.519500E-7	1.863695E-3
1.520000E-7	1.824297E-3
1.520500E-7	1.783186E-3
1.521000E-7	1.740363E-3
1.521500E-7	1.704391E-3
1.522000E-7	1.666707E-3
1.522500E-7	1.606754E-3
1.523000E-7	1.538236E-3
1.523500E-7	1.476570E-3
1.524000E-7	1.418330E-3
1.524500E-7	1.372080E-3
1.525000E-7	1.360090E-3
1.525500E-7	1.397775E-3
1.526000E-7	1.486848E-3
1.526500E-7	1.615319E-3
1.527000E-7	1.764345E-3
1.527500E-7	1.932213E-3
1.528000E-7	2.132628E-3
1.528500E-7	2.326191E-3
1.529000E-7	2.478643E-3
1.529500E-7	2.589984E-3
1.530000E-7	2.673918E-3
1.530500E-7	2.718455E-3
1.531000E-7	2.697900E-3
1.531500E-7	2.622530E-3
1.532000E-7	2.514615E-3
1.532500E-7	2.386144E-3
1.533000E-7	2.240544E-3
1.533500E-7	2.067536E-3
1.534000E-7	1.915084E-3
1.534500E-7	1.822585E-3
1.535000E-7	1.754067E-3
1.535500E-7	1.699252E-3
1.536000E-7	1.676984E-3
1.536500E-7	1.699252E-3
1.537000E-7	1.759205E-3
1.537500E-7	1.872259E-3
1.538000E-7	2.031563E-3
1.538500E-7	2.213136E-3
1.539000E-7	2.434106E-3
1.539500E-7	2.685909E-3
1.540000E-7	2.915445E-3
1.540500E-7	3.100443E-3
1.541000E-7	3.263173E-3
1.541500E-7	3.395071E-3
1.542000E-7	3.470440E-3
1.542500E-7	3.497848E-3
1.543000E-7	3.470441E-3
1.543500E-7	3.360812E-3
1.544000E-7	3.204933E-3
1.544500E-7	3.037064E-3
1.545000E-7	2.841788E-3
1.545500E-7	2.620818E-3
1.546000E-7	2.428967E-3
1.546500E-7	2.293644E-3
1.547000E-7	2.175451E-3
1.547500E-7	2.082952E-3
1.548000E-7	2.038415E-3
1.548500E-7	2.014434E-3
1.549000E-7	1.985314E-3
1.549500E-7	1.971610E-3
1.550000E-7	1.985314E-3
1.550500E-7	2.017860E-3
1.551000E-7	2.045267E-3
1.551500E-7	2.052119E-3
1.552000E-7	2.062397E-3
1.552500E-7	2.082952E-3
1.553000E-7	2.094943E-3
1.553500E-7	2.082952E-3
1.554000E-7	2.077813E-3
1.554500E-7	2.076101E-3
1.555000E-7	2.067536E-3
1.555500E-7	2.076101E-3
1.556000E-7	2.093230E-3
1.556500E-7	2.079527E-3
1.557000E-7	2.043555E-3
1.557500E-7	2.017861E-3
1.558000E-7	1.978463E-3
1.558500E-7	1.894528E-3
1.559000E-7	1.796891E-3
1.559500E-7	1.716382E-3
1.560000E-7	1.659855E-3
1.560500E-7	1.625596E-3
1.561000E-7	1.606754E-3
1.561500E-7	1.605041E-3
1.562000E-7	1.625596E-3
1.562500E-7	1.664994E-3
1.563000E-7	1.704392E-3
1.563500E-7	1.731799E-3
1.564000E-7	1.750641E-3
1.564500E-7	1.757493E-3
1.565000E-7	1.730086E-3
1.565500E-7	1.697540E-3
1.566000E-7	1.685549E-3
1.566500E-7	1.683836E-3
1.567000E-7	1.666707E-3
1.567500E-7	1.647864E-3
1.568000E-7	1.649577E-3
1.568500E-7	1.680410E-3
1.569000E-7	1.712956E-3
1.569500E-7	1.735224E-3
1.570000E-7	1.752354E-3
1.570500E-7	1.784900E-3
1.571000E-7	1.826011E-3
1.571500E-7	1.867122E-3
1.572000E-7	1.916797E-3
1.572500E-7	1.975037E-3
1.573000E-7	2.046981E-3
1.573500E-7	2.149758E-3
1.574000E-7	2.286794E-3
1.574500E-7	2.413552E-3
1.575000E-7	2.516329E-3
1.575500E-7	2.641374E-3
1.576000E-7	2.781835E-3
1.576500E-7	2.884612E-3
1.577000E-7	2.917158E-3
1.577500E-7	2.915445E-3
1.578000E-7	2.889750E-3
1.578500E-7	2.817806E-3
1.579000E-7	2.691048E-3
1.579500E-7	2.557438E-3
1.580000E-7	2.437532E-3
1.580500E-7	2.319339E-3
1.581000E-7	2.206284E-3
1.581500E-7	2.129202E-3
1.582000E-7	2.103508E-3
1.582500E-7	2.117211E-3
1.583000E-7	2.178877E-3
1.583500E-7	2.273089E-3
1.584000E-7	2.387856E-3
1.584500E-7	2.526605E-3
1.585000E-7	2.663641E-3
1.585500E-7	2.754427E-3
1.586000E-7	2.836648E-3
1.586500E-7	2.922296E-3
1.587000E-7	2.942851E-3
1.587500E-7	2.874334E-3
1.588000E-7	2.795538E-3
1.588500E-7	2.703039E-3
1.589000E-7	2.547161E-3
1.589500E-7	2.374154E-3
1.590000E-7	2.228553E-3
1.590500E-7	2.064110E-3
1.591000E-7	1.901380E-3
1.591500E-7	1.786612E-3
1.592000E-7	1.714668E-3
1.592500E-7	1.663280E-3
1.593000E-7	1.663280E-3
1.593500E-7	1.711242E-3
1.594000E-7	1.774621E-3
1.594500E-7	1.853417E-3
1.595000E-7	1.945916E-3
1.595500E-7	2.064110E-3
1.596000E-7	2.190868E-3
1.596500E-7	2.285081E-3
1.597000E-7	2.338182E-3
1.597500E-7	2.404987E-3
1.598000E-7	2.482070E-3
1.598500E-7	2.504338E-3
1.599000E-7	2.480357E-3
1.599500E-7	2.446098E-3
1.600000E-7	2.408413E-3
1.600500E-7	2.355311E-3
1.601000E-7	2.276516E-3
1.601500E-7	2.156609E-3
1.602000E-7	2.026425E-3
1.602500E-7	1.923649E-3
1.603000E-7	1.827724E-3
1.603500E-7	1.750641E-3
1.604000E-7	1.730086E-3
1.604500E-7	1.750641E-3
1.605000E-7	1.760919E-3
1.605500E-7	1.790039E-3
1.606000E-7	1.848279E-3
1.606500E-7	1.875686E-3
1.607000E-7	1.843140E-3
1.607500E-7	1.784900E-3
1.608000E-7	1.714669E-3
1.608500E-7	1.618744E-3
1.609000E-7	1.538235E-3
1.609500E-7	1.497124E-3
1.610000E-7	1.483421E-3
1.610500E-7	1.479995E-3
1.611000E-7	1.524532E-3
1.611500E-7	1.627309E-3
1.612000E-7	1.760919E-3
1.612500E-7	1.913371E-3
1.613000E-7	2.084666E-3
1.613500E-7	2.245683E-3
1.614000E-7	2.370728E-3
1.614500E-7	2.440959E-3
1.615000E-7	2.454662E-3
1.615500E-7	2.427255E-3
1.616000E-7	2.353598E-3
1.616500E-7	2.221701E-3
1.617000E-7	2.048693E-3
1.617500E-7	1.882537E-3
1.618000E-7	1.764344E-3
1.618500E-7	1.687261E-3
1.619000E-7	1.644437E-3
1.619500E-7	1.634160E-3
1.620000E-7	1.654715E-3
1.620500E-7	1.709529E-3
1.621000E-7	1.784899E-3
1.621500E-7	1.861982E-3
1.622000E-7	1.959620E-3
1.622500E-7	2.108646E-3
1.623000E-7	2.237117E-3
1.623500E-7	2.302209E-3
1.624000E-7	2.350172E-3
1.624500E-7	2.392996E-3
1.625000E-7	2.396422E-3
1.625500E-7	2.369015E-3
1.626000E-7	2.338182E-3
1.626500E-7	2.286793E-3
1.627000E-7	2.211424E-3
1.627500E-7	2.160035E-3
1.628000E-7	2.130915E-3
1.628500E-7	2.098369E-3
1.629000E-7	2.077813E-3
1.629500E-7	2.093230E-3
1.630000E-7	2.148044E-3
1.630500E-7	2.225127E-3
1.631000E-7	2.297070E-3
1.631500E-7	2.360450E-3
1.632000E-7	2.408412E-3
1.632500E-7	2.428968E-3
1.633000E-7	2.413551E-3
1.633500E-7	2.362163E-3
1.634000E-7	2.291932E-3
1.634500E-7	2.209711E-3
1.635000E-7	2.134341E-3
1.635500E-7	2.067536E-3
1.636000E-7	1.981888E-3
1.636500E-7	1.903092E-3
1.637000E-7	1.865408E-3
1.637500E-7	1.848278E-3
1.638000E-7	1.832861E-3
1.638500E-7	1.807167E-3
1.639000E-7	1.793464E-3
1.639500E-7	1.781473E-3
1.640000E-7	1.786612E-3
1.640500E-7	1.802029E-3
1.641000E-7	1.826011E-3
1.641500E-7	1.867121E-3
1.642000E-7	1.894529E-3
1.642500E-7	1.899668E-3
1.643000E-7	1.921936E-3
1.643500E-7	1.968185E-3
1.644000E-7	2.033277E-3
1.644500E-7	2.098369E-3
1.645000E-7	2.154896E-3
1.645500E-7	2.202859E-3
1.646000E-7	2.283367E-3
1.646500E-7	2.362163E-3
1.647000E-7	2.382718E-3
1.647500E-7	2.391283E-3
1.648000E-7	2.466653E-3
1.648500E-7	2.547161E-3
1.649000E-7	2.579707E-3
1.649500E-7	2.622531E-3
1.650000E-7	2.694475E-3
1.650500E-7	2.737299E-3
1.651000E-7	2.751002E-3
1.651500E-7	2.769845E-3
1.652000E-7	2.774983E-3
1.652500E-7	2.745863E-3
1.653000E-7	2.708178E-3
1.653500E-7	2.656790E-3
1.654000E-7	2.564291E-3
1.654500E-7	2.439246E-3
1.655000E-7	2.317626E-3
1.655500E-7	2.211424E-3
1.656000E-7	2.105221E-3
1.656500E-7	1.992166E-3
1.657000E-7	1.880825E-3
1.657500E-7	1.771196E-3
1.658000E-7	1.687262E-3
1.658500E-7	1.649577E-3
1.659000E-7	1.625596E-3
1.659500E-7	1.587911E-3
1.660000E-7	1.581059E-3
1.660500E-7	1.629021E-3
1.661000E-7	1.683836E-3
1.661500E-7	1.728372E-3
1.662000E-7	1.779761E-3
1.662500E-7	1.843140E-3
1.663000E-7	1.920222E-3
1.663500E-7	2.012722E-3
1.664000E-7	2.094943E-3
1.664500E-7	2.172026E-3
1.665000E-7	2.259386E-3
1.665500E-7	2.339895E-3
1.666000E-7	2.362163E-3
1.666500E-7	2.345034E-3
1.667000E-7	2.345034E-3
1.667500E-7	2.353599E-3
1.668000E-7	2.338182E-3
1.668500E-7	2.315914E-3
1.669000E-7	2.302211E-3
1.669500E-7	2.281655E-3
1.670000E-7	2.231980E-3
1.670500E-7	2.173739E-3
1.671000E-7	2.132628E-3
1.671500E-7	2.096656E-3
1.672000E-7	2.055546E-3
1.672500E-7	2.045268E-3
1.673000E-7	2.057258E-3
1.673500E-7	2.040129E-3
1.674000E-7	1.978463E-3
1.674500E-7	1.933926E-3
1.675000E-7	1.908232E-3
1.675500E-7	1.879112E-3
1.676000E-7	1.867121E-3
1.676500E-7	1.882537E-3
1.677000E-7	1.906519E-3
1.677500E-7	1.916796E-3
1.678000E-7	1.915083E-3
1.678500E-7	1.908231E-3
1.679000E-7	1.875685E-3
1.679500E-7	1.838000E-3
1.680000E-7	1.817445E-3
1.680500E-7	1.802028E-3
1.681000E-7	1.745501E-3
1.681500E-7	1.678696E-3
1.682000E-7	1.639299E-3
1.682500E-7	1.627308E-3
1.683000E-7	1.634160E-3
1.683500E-7	1.675271E-3
1.684000E-7	1.760918E-3
1.684500E-7	1.856843E-3
1.685000E-7	1.969898E-3
1.685500E-7	2.100082E-3
1.686000E-7	2.207998E-3
1.686500E-7	2.273090E-3
1.687000E-7	2.315913E-3
1.687500E-7	2.343321E-3
1.688000E-7	2.329617E-3
1.688500E-7	2.293645E-3
1.689000E-7	2.250822E-3
1.689500E-7	2.194294E-3
1.690000E-7	2.136054E-3
1.690500E-7	2.120638E-3
1.691000E-7	2.137767E-3
1.691500E-7	2.139480E-3
1.692000E-7	2.146332E-3
1.692500E-7	2.170313E-3
1.693000E-7	2.178878E-3
1.693500E-7	2.172026E-3
1.694000E-7	2.175452E-3
1.694500E-7	2.151471E-3
1.695000E-7	2.076101E-3
1.695500E-7	2.012722E-3
1.696000E-7	1.992167E-3
1.696500E-7	1.957908E-3
1.697000E-7	1.884251E-3
1.697500E-7	1.814020E-3
1.698000E-7	1.754067E-3
1.698500E-7	1.680410E-3
1.699000E-7	1.625596E-3
1.699500E-7	1.618744E-3
1.700000E-7	1.629022E-3
1.700500E-7	1.651290E-3
1.701000E-7	1.707817E-3
1.701500E-7	1.767770E-3
1.702000E-7	1.817446E-3
1.702500E-7	1.865409E-3
1.703000E-7	1.921936E-3
1.703500E-7	1.957908E-3
1.704000E-7	1.959621E-3
1.704500E-7	1.918510E-3
1.705000E-7	1.832862E-3
1.705500E-7	1.728373E-3
1.706000E-7	1.629021E-3
1.706500E-7	1.521106E-3
1.707000E-7	1.420042E-3
1.707500E-7	1.366940E-3
1.708000E-7	1.385782E-3
1.708500E-7	1.459439E-3
1.709000E-7	1.601614E-3
1.709500E-7	1.795177E-3
1.710000E-7	1.971610E-3
1.710500E-7	2.124063E-3
1.711000E-7	2.269663E-3
1.711500E-7	2.363876E-3
1.712000E-7	2.379292E-3
1.712500E-7	2.351885E-3
1.713000E-7	2.285080E-3
1.713500E-7	2.180590E-3
1.714000E-7	2.069249E-3
1.714500E-7	1.976750E-3
1.715000E-7	1.899667E-3
1.715500E-7	1.880825E-3
1.716000E-7	1.940778E-3
1.716500E-7	2.033277E-3
1.717000E-7	2.124063E-3
1.717500E-7	2.235405E-3
1.718000E-7	2.360450E-3
1.718500E-7	2.454662E-3
1.719000E-7	2.500912E-3
1.719500E-7	2.499199E-3
1.720000E-7	2.447810E-3
1.720500E-7	2.370728E-3
1.721000E-7	2.274803E-3
1.721500E-7	2.146332E-3
1.722000E-7	1.995593E-3
1.722500E-7	1.875686E-3
1.723000E-7	1.783187E-3
1.723500E-7	1.718095E-3
1.724000E-7	1.704391E-3
1.724500E-7	1.731799E-3
1.725000E-7	1.766057E-3
1.725500E-7	1.824298E-3
1.726000E-7	1.911658E-3
1.726500E-7	1.973324E-3
1.727000E-7	1.987027E-3
1.727500E-7	1.983601E-3
1.728000E-7	1.952768E-3
1.728500E-7	1.882537E-3
1.729000E-7	1.820871E-3
1.729500E-7	1.786612E-3
1.730000E-7	1.745501E-3
1.730500E-7	1.688974E-3
1.731000E-7	1.683835E-3
1.731500E-7	1.721520E-3
1.732000E-7	1.750640E-3
1.732500E-7	1.807168E-3
1.733000E-7	1.920222E-3
1.733500E-7	2.040129E-3
1.734000E-7	2.137767E-3
1.734500E-7	2.226840E-3
1.735000E-7	2.279942E-3
1.735500E-7	2.269664E-3
1.736000E-7	2.254248E-3
1.736500E-7	2.216563E-3
1.737000E-7	2.105222E-3
1.737500E-7	1.978464E-3
1.738000E-7	1.918510E-3
1.738500E-7	1.887677E-3
1.739000E-7	1.880825E-3
1.739500E-7	1.961334E-3
1.740000E-7	2.091518E-3
1.740500E-7	2.235405E-3
1.741000E-7	2.415264E-3
1.741500E-7	2.631096E-3
1.742000E-7	2.812668E-3
1.742500E-7	2.958268E-3
1.743000E-7	3.066184E-3
1.743500E-7	3.079887E-3
1.744000E-7	3.016508E-3
1.744500E-7	2.930861E-3
1.745000E-7	2.821232E-3
1.745500E-7	2.660215E-3
1.746000E-7	2.494059E-3
1.746500E-7	2.341607E-3
1.747000E-7	2.192581E-3
1.747500E-7	2.057258E-3
1.748000E-7	1.964759E-3
1.748500E-7	1.896241E-3
1.749000E-7	1.849991E-3
1.749500E-7	1.836287E-3
1.750000E-7	1.841426E-3
1.750500E-7	1.858556E-3
1.751000E-7	1.877398E-3
1.751500E-7	1.894528E-3
1.752000E-7	1.915083E-3
1.752500E-7	1.957907E-3
1.753000E-7	2.017860E-3
1.753500E-7	2.052119E-3
1.754000E-7	2.060684E-3
1.754500E-7	2.065823E-3
1.755000E-7	2.041842E-3
1.755500E-7	1.971611E-3
1.756000E-7	1.913371E-3
1.756500E-7	1.892815E-3
1.757000E-7	1.849992E-3
1.757500E-7	1.784900E-3
1.758000E-7	1.762632E-3
1.758500E-7	1.759206E-3
1.759000E-7	1.721521E-3
1.759500E-7	1.673558E-3
1.760000E-7	1.680410E-3
1.760500E-7	1.707817E-3
1.761000E-7	1.738650E-3
1.761500E-7	1.779760E-3
1.762000E-7	1.812306E-3
1.762500E-7	1.822584E-3
1.763000E-7	1.839713E-3
1.763500E-7	1.860268E-3
1.764000E-7	1.865407E-3
1.764500E-7	1.872259E-3
1.765000E-7	1.892815E-3
1.765500E-7	1.933926E-3
1.766000E-7	2.000731E-3
1.766500E-7	2.077814E-3
1.767000E-7	2.129202E-3
1.767500E-7	2.156610E-3
1.768000E-7	2.153184E-3
1.768500E-7	2.129202E-3
1.769000E-7	2.110360E-3
1.769500E-7	2.074388E-3
1.770000E-7	1.963046E-3
1.770500E-7	1.805454E-3
1.771000E-7	1.664993E-3
1.771500E-7	1.522818E-3
1.772000E-7	1.351523E-3
1.772500E-7	1.205922E-3
1.773000E-7	1.149395E-3
1.773500E-7	1.175090E-3
1.774000E-7	1.240182E-3
1.774500E-7	1.318978E-3
1.775000E-7	1.426894E-3
1.775500E-7	1.598188E-3
1.776000E-7	1.798603E-3
1.776500E-7	1.997305E-3
1.777000E-7	2.173739E-3
1.777500E-7	2.315914E-3
1.778000E-7	2.410126E-3
1.778500E-7	2.454662E-3
1.779000E-7	2.423829E-3
1.779500E-7	2.319339E-3
1.780000E-7	2.194294E-3
1.780500E-7	2.098369E-3
1.781000E-7	1.983601E-3
1.781500E-7	1.844852E-3
1.782000E-7	1.748927E-3
1.782500E-7	1.718094E-3
1.783000E-7	1.719807E-3
1.783500E-7	1.769483E-3
1.784000E-7	1.868834E-3
1.784500E-7	1.999018E-3
1.785000E-7	2.113785E-3
1.785500E-7	2.213136E-3
1.786000E-7	2.297071E-3
1.786500E-7	2.350172E-3
1.787000E-7	2.343321E-3
1.787500E-7	2.297071E-3
1.788000E-7	2.247395E-3
1.788500E-7	2.175452E-3
1.789000E-7	2.081240E-3
1.789500E-7	2.000731E-3
1.790000E-7	1.963046E-3
1.790500E-7	1.959620E-3
1.791000E-7	1.992166E-3
1.791500E-7	2.050406E-3
1.792000E-7	2.134341E-3
1.792500E-7	2.228553E-3
1.793000E-7	2.324478E-3
1.793500E-7	2.403273E-3
1.794000E-7	2.476930E-3
1.794500E-7	2.538596E-3
1.795000E-7	2.572855E-3
1.795500E-7	2.577994E-3
1.796000E-7	2.593410E-3
1.796500E-7	2.607114E-3
1.797000E-7	2.577994E-3
1.797500E-7	2.536883E-3
1.798000E-7	2.524893E-3
1.798500E-7	2.536883E-3
1.799000E-7	2.530031E-3
1.799500E-7	2.487208E-3
1.800000E-7	2.439245E-3
1.800500E-7	2.391283E-3
1.801000E-7	2.302209E-3
1.801500E-7	2.146331E-3
1.802000E-7	1.966472E-3
1.802500E-7	1.819159E-3
1.803000E-7	1.666706E-3
1.803500E-7	1.498838E-3
1.804000E-7	1.361802E-3
1.804500E-7	1.264164E-3
1.805000E-7	1.190508E-3
1.805500E-7	1.166527E-3
1.806000E-7	1.200786E-3
1.806500E-7	1.262452E-3
1.807000E-7	1.337821E-3
1.807500E-7	1.442311E-3
1.808000E-7	1.555365E-3
1.808500E-7	1.651290E-3
1.809000E-7	1.735224E-3
1.809500E-7	1.800316E-3
1.810000E-7	1.872259E-3
1.810500E-7	1.973323E-3
1.811000E-7	2.082952E-3
1.811500E-7	2.177164E-3
1.812000E-7	2.273089E-3
1.812500E-7	2.382718E-3
1.813000E-7	2.459801E-3
1.813500E-7	2.506051E-3
1.814000E-7	2.567717E-3
1.814500E-7	2.622531E-3
1.815000E-7	2.603689E-3
1.815500E-7	2.531745E-3
1.816000E-7	2.439246E-3
1.816500E-7	2.290220E-3
1.817000E-7	2.076101E-3
1.817500E-7	1.865409E-3
1.818000E-7	1.697540E-3
1.818500E-7	1.550226E-3
1.819000E-7	1.438885E-3
1.819500E-7	1.392635E-3
1.820000E-7	1.406338E-3
1.820500E-7	1.454301E-3
1.821000E-7	1.538235E-3
1.821500E-7	1.656429E-3
1.822000E-7	1.808881E-3
1.822500E-7	1.978463E-3
1.823000E-7	2.118925E-3
1.823500E-7	2.218276E-3
1.824000E-7	2.291933E-3
1.824500E-7	2.322766E-3
1.825000E-7	2.317627E-3
1.825500E-7	2.303923E-3
1.826000E-7	2.274803E-3
1.826500E-7	2.214850E-3
1.827000E-7	2.166887E-3
1.827500E-7	2.160035E-3
1.828000E-7	2.182303E-3
1.828500E-7	2.207998E-3
1.829000E-7	2.247395E-3
1.829500E-7	2.295358E-3
1.830000E-7	2.360450E-3
1.830500E-7	2.432394E-3
1.831000E-7	2.499199E-3
1.831500E-7	2.557439E-3
1.832000E-7	2.595124E-3
1.832500E-7	2.610540E-3
1.833000E-7	2.591698E-3
1.833500E-7	2.571143E-3
1.834000E-7	2.552300E-3
1.834500E-7	2.524893E-3
1.835000E-7	2.470079E-3
1.835500E-7	2.413551E-3
1.836000E-7	2.365589E-3
1.836500E-7	2.314200E-3
1.837000E-7	2.243969E-3
1.837500E-7	2.184016E-3
1.838000E-7	2.136054E-3
1.838500E-7	2.065823E-3
1.839000E-7	2.002444E-3
1.839500E-7	1.997305E-3
1.840000E-7	2.017861E-3
1.840500E-7	2.009296E-3
1.841000E-7	2.036703E-3
1.841500E-7	2.113786E-3
1.842000E-7	2.180590E-3
1.842500E-7	2.240544E-3
1.843000E-7	2.336469E-3
1.843500E-7	2.449523E-3
1.844000E-7	2.506051E-3
1.844500E-7	2.509477E-3
1.845000E-7	2.495773E-3
1.845500E-7	2.483783E-3
1.846000E-7	2.446098E-3
1.846500E-7	2.367303E-3
1.847000E-7	2.266239E-3
1.847500E-7	2.178879E-3
1.848000E-7	2.096657E-3
1.848500E-7	1.985315E-3
1.849000E-7	1.873974E-3
1.849500E-7	1.790039E-3
1.850000E-7	1.716382E-3
1.850500E-7	1.634160E-3
1.851000E-7	1.558790E-3
1.851500E-7	1.515966E-3
1.852000E-7	1.493697E-3
1.852500E-7	1.490271E-3
1.853000E-7	1.514252E-3
1.853500E-7	1.545085E-3
1.854000E-7	1.572493E-3
1.854500E-7	1.617030E-3
1.855000E-7	1.673557E-3
1.855500E-7	1.726659E-3
1.856000E-7	1.781474E-3
1.856500E-7	1.838001E-3
1.857000E-7	1.863696E-3
1.857500E-7	1.863696E-3
1.858000E-7	1.889390E-3
1.858500E-7	1.920223E-3
1.859000E-7	1.911659E-3
1.859500E-7	1.882538E-3
1.860000E-7	1.894529E-3
1.860500E-7	1.901380E-3
1.861000E-7	1.887676E-3
1.861500E-7	1.880824E-3
1.862000E-7	1.903093E-3
1.862500E-7	1.928787E-3
1.863000E-7	1.968184E-3
1.863500E-7	2.038415E-3
1.864000E-7	2.113785E-3
1.864500E-7	2.177164E-3
1.865000E-7	2.230265E-3
1.865500E-7	2.298783E-3
1.866000E-7	2.413551E-3
1.866500E-7	2.543735E-3
1.867000E-7	2.651651E-3
1.867500E-7	2.730447E-3
1.868000E-7	2.792113E-3
1.868500E-7	2.817807E-3
1.869000E-7	2.800678E-3
1.869500E-7	2.747577E-3
1.870000E-7	2.684198E-3
1.870500E-7	2.610541E-3
1.871000E-7	2.516329E-3
1.871500E-7	2.403274E-3
1.872000E-7	2.283368E-3
1.872500E-7	2.158322E-3
1.873000E-7	2.021286E-3
1.873500E-7	1.911658E-3
1.874000E-7	1.851704E-3
1.874500E-7	1.819158E-3
1.875000E-7	1.795177E-3
1.875500E-7	1.786613E-3
1.876000E-7	1.800316E-3
1.876500E-7	1.834575E-3
1.877000E-7	1.879112E-3
1.877500E-7	1.942491E-3
1.878000E-7	2.031564E-3
1.878500E-7	2.115499E-3
1.879000E-7	2.166887E-3
1.879500E-7	2.209711E-3
1.880000E-7	2.276515E-3
1.880500E-7	2.327904E-3
1.881000E-7	2.333042E-3
1.881500E-7	2.307348E-3
1.882000E-7	2.266237E-3
1.882500E-7	2.226839E-3
1.883000E-7	2.199432E-3
1.883500E-7	2.154896E-3
1.884000E-7	2.094943E-3
1.884500E-7	2.043554E-3
1.885000E-7	1.995592E-3
1.885500E-7	1.945916E-3
1.886000E-7	1.904806E-3
1.886500E-7	1.885963E-3
1.887000E-7	1.870546E-3
1.887500E-7	1.865408E-3
1.888000E-7	1.867120E-3
1.888500E-7	1.858556E-3
1.889000E-7	1.841426E-3
1.889500E-7	1.843139E-3
1.890000E-7	1.853417E-3
1.890500E-7	1.858556E-3
1.891000E-7	1.861982E-3
1.891500E-7	1.855131E-3
1.892000E-7	1.817446E-3
1.892500E-7	1.759206E-3
1.893000E-7	1.700966E-3
1.893500E-7	1.625596E-3
1.894000E-7	1.538236E-3
1.894500E-7	1.476569E-3
1.895000E-7	1.457726E-3
1.895500E-7	1.456013E-3
1.896000E-7	1.440596E-3
1.896500E-7	1.447448E-3
1.897000E-7	1.462864E-3
1.897500E-7	1.461152E-3
1.898000E-7	1.469716E-3
1.898500E-7	1.514253E-3
1.899000E-7	1.548512E-3
1.899500E-7	1.529670E-3
1.900000E-7	1.512541E-3
1.900500E-7	1.515967E-3
1.901000E-7	1.488560E-3
1.901500E-7	1.452588E-3
1.902000E-7	1.437171E-3
1.902500E-7	1.416616E-3
1.903000E-7	1.380644E-3
1.903500E-7	1.389208E-3
1.904000E-7	1.444022E-3
1.904500E-7	1.497124E-3
1.905000E-7	1.531383E-3
1.905500E-7	1.589623E-3
1.906000E-7	1.683835E-3
1.906500E-7	1.769483E-3
1.907000E-7	1.820871E-3
1.907500E-7	1.867121E-3
1.908000E-7	1.940778E-3
1.908500E-7	2.031565E-3
1.909000E-7	2.112074E-3
1.909500E-7	2.197721E-3
1.910000E-7	2.283369E-3
1.910500E-7	2.336470E-3
1.911000E-7	2.357025E-3
1.911500E-7	2.353599E-3
1.912000E-7	2.333044E-3
1.912500E-7	2.300498E-3
1.913000E-7	2.238832E-3
1.913500E-7	2.151471E-3
1.914000E-7	2.070963E-3
1.914500E-7	2.000732E-3
1.915000E-7	1.933927E-3
1.915500E-7	1.891103E-3
1.916000E-7	1.899668E-3
1.916500E-7	1.945917E-3
1.917000E-7	2.012722E-3
1.917500E-7	2.108647E-3
1.918000E-7	2.209711E-3
1.918500E-7	2.288507E-3
1.919000E-7	2.338182E-3
1.919500E-7	2.362164E-3
1.920000E-7	2.355312E-3
1.920500E-7	2.305636E-3
1.921000E-7	2.201146E-3
1.921500E-7	2.062398E-3
1.922000E-7	1.944204E-3
1.922500E-7	1.858556E-3
1.923000E-7	1.781474E-3
1.923500E-7	1.724946E-3
1.924000E-7	1.719807E-3
1.924500E-7	1.738650E-3
1.925000E-7	1.752353E-3
1.925500E-7	1.786612E-3
1.926000E-7	1.827723E-3
1.926500E-7	1.839713E-3
1.927000E-7	1.819158E-3
1.927500E-7	1.796890E-3
1.928000E-7	1.754066E-3
1.928500E-7	1.668419E-3
1.929000E-7	1.563929E-3
1.929500E-7	1.461152E-3
1.930000E-7	1.377218E-3
1.930500E-7	1.349811E-3
1.931000E-7	1.401199E-3
1.931500E-7	1.509115E-3
1.932000E-7	1.656428E-3
1.932500E-7	1.860269E-3
1.933000E-7	2.101795E-3
1.933500E-7	2.324478E-3
1.934000E-7	2.516328E-3
1.934500E-7	2.689335E-3
1.935000E-7	2.797251E-3
1.935500E-7	2.814380E-3
1.936000E-7	2.800677E-3
1.936500E-7	2.759566E-3
1.937000E-7	2.655076E-3
1.937500E-7	2.531744E-3
1.938000E-7	2.447810E-3
1.938500E-7	2.381005E-3
1.939000E-7	2.310774E-3
1.939500E-7	2.279941E-3
1.940000E-7	2.286793E-3
1.940500E-7	2.279941E-3
1.941000E-7	2.245682E-3
1.941500E-7	2.189155E-3
1.942000E-7	2.110360E-3
1.942500E-7	2.019573E-3
1.943000E-7	1.921936E-3
1.943500E-7	1.810594E-3
1.944000E-7	1.719808E-3
1.944500E-7	1.678697E-3
1.945000E-7	1.653003E-3
1.945500E-7	1.654716E-3
1.946000E-7	1.742076E-3
1.946500E-7	1.877399E-3
1.947000E-7	2.017861E-3
1.947500E-7	2.185730E-3
1.948000E-7	2.355311E-3
1.948500E-7	2.458088E-3
1.949000E-7	2.499199E-3
1.949500E-7	2.521467E-3
1.950000E-7	2.482069E-3
1.950500E-7	2.353598E-3
1.951000E-7	2.185729E-3
1.951500E-7	2.016148E-3
1.952000E-7	1.856844E-3
1.952500E-7	1.721521E-3
1.953000E-7	1.629022E-3
1.953500E-7	1.587912E-3
1.954000E-7	1.618745E-3
1.954500E-7	1.714670E-3
1.955000E-7	1.853419E-3
1.955500E-7	2.016149E-3
1.956000E-7	2.192582E-3
1.956500E-7	2.341608E-3
1.957000E-7	2.464941E-3
1.957500E-7	2.577995E-3
1.958000E-7	2.644800E-3
1.958500E-7	2.641374E-3
1.959000E-7	2.610541E-3
1.959500E-7	2.567717E-3
1.960000E-7	2.504338E-3
1.960500E-7	2.428968E-3
1.961000E-7	2.379292E-3
1.961500E-7	2.346746E-3
1.962000E-7	2.341607E-3
1.962500E-7	2.394709E-3
1.963000E-7	2.495773E-3
1.963500E-7	2.603688E-3
1.964000E-7	2.718456E-3
1.964500E-7	2.850353E-3
1.965000E-7	2.953129E-3
1.965500E-7	2.985675E-3
1.966000E-7	3.002805E-3
1.966500E-7	3.025073E-3
1.967000E-7	2.989101E-3
1.967500E-7	2.874334E-3
1.968000E-7	2.749289E-3
1.968500E-7	2.651651E-3
1.969000E-7	2.560864E-3
1.969500E-7	2.473504E-3
1.970000E-7	2.432393E-3
1.970500E-7	2.452949E-3
1.971000E-7	2.500911E-3
1.971500E-7	2.547161E-3
1.972000E-7	2.593411E-3
1.972500E-7	2.661928E-3
1.973000E-7	2.735585E-3
1.973500E-7	2.793825E-3
1.974000E-7	2.831510E-3
1.974500E-7	2.846927E-3
1.975000E-7	2.831511E-3
1.975500E-7	2.804104E-3
1.976000E-7	2.769845E-3
1.976500E-7	2.711604E-3
1.977000E-7	2.634522E-3
1.977500E-7	2.564291E-3
1.978000E-7	2.504338E-3
1.978500E-7	2.440959E-3
1.979000E-7	2.392996E-3
1.979500E-7	2.331330E-3
1.980000E-7	2.252534E-3
1.980500E-7	2.199433E-3
1.981000E-7	2.163461E-3
1.981500E-7	2.098369E-3
1.982000E-7	2.026425E-3
1.982500E-7	1.978462E-3
1.983000E-7	1.923648E-3
1.983500E-7	1.865408E-3
1.984000E-7	1.848278E-3
1.984500E-7	1.875686E-3
1.985000E-7	1.921935E-3
1.985500E-7	1.992166E-3
1.986000E-7	2.065823E-3
1.986500E-7	2.118924E-3
1.987000E-7	2.175452E-3
1.987500E-7	2.259386E-3
1.988000E-7	2.336468E-3
1.988500E-7	2.360450E-3
1.989000E-7	2.346746E-3
1.989500E-7	2.351885E-3
1.990000E-7	2.360449E-3
1.990500E-7	2.353597E-3
1.991000E-7	2.353598E-3
1.991500E-7	2.362162E-3
1.992000E-7	2.346746E-3
1.992500E-7	2.303922E-3
1.993000E-7	2.273089E-3
1.993500E-7	2.243970E-3
1.994000E-7	2.175452E-3
1.994500E-7	2.096656E-3
1.995000E-7	2.017861E-3
1.995500E-7	1.915084E-3
1.996000E-7	1.793465E-3
1.996500E-7	1.692401E-3
1.997000E-7	1.615318E-3
1.997500E-7	1.563930E-3
1.998000E-7	1.551939E-3
1.998500E-7	1.587911E-3
1.999000E-7	1.649577E-3
1.999500E-7	1.731799E-3
2.000000E-7	1.858557E-3
