Study Name	Tungsten_Kyocera
Sample Name	2024-02-05
Run Name	spot03
Operator	Angus+Samantha
Date	2/5/2024
Time	16:26
Sign	POS
Grating Spacing	03.40um
Channel	3
Number Traces	10000
Files in Batch	1
Batch Number	153
dt	50.000001E-12
time stamp (ms)	7:05:01 PM
	
Time	Amplitude
0.000000E+0	8.393815E-5
5.000000E-11	1.678727E-4
1.000000E-10	2.381037E-4
1.500000E-10	2.877792E-4
2.000000E-10	3.168994E-4
2.500000E-10	3.323159E-4
3.000000E-10	3.254641E-4
3.500000E-10	2.860663E-4
4.000000E-10	2.329648E-4
4.500000E-10	1.781504E-4
5.000000E-10	1.062065E-4
5.500000E-10	2.398490E-5
6.000000E-10	-2.911655E-5
6.500000E-10	-4.795900E-5
7.000000E-10	-4.453310E-5
7.500000E-10	-8.561150E-6
8.000000E-10	5.653095E-5
8.500000E-10	1.438914E-4
9.000000E-10	2.466684E-4
9.500000E-10	3.562972E-4
1.000000E-9	4.505095E-4
1.050000E-9	5.275922E-4
1.100000E-9	5.841196E-4
1.150000E-9	5.995361E-4
1.200000E-9	5.755548E-4
1.250000E-9	5.395829E-4
1.300000E-9	4.864814E-4
1.350000E-9	4.179634E-4
1.400000E-9	3.580102E-4
1.450000E-9	3.117605E-4
1.500000E-9	2.723627E-4
1.550000E-9	2.466684E-4
1.600000E-9	2.329648E-4
1.650000E-9	2.209742E-4
1.700000E-9	2.141224E-4
1.750000E-9	2.124094E-4
1.800000E-9	1.952799E-4
1.850000E-9	1.558821E-4
1.900000E-9	1.113454E-4
1.950000E-9	5.995685E-5
2.000000E-9	-1.709350E-6
2.050000E-9	-6.508850E-5
2.100000E-9	-1.130511E-4
2.150000E-9	-1.370324E-4
2.200000E-9	-1.199029E-4
2.250000E-9	-6.337555E-5
2.300000E-9	2.227195E-5
2.350000E-9	1.267619E-4
2.400000E-9	2.483814E-4
2.450000E-9	3.734267E-4
2.500000E-9	4.916203E-4
2.550000E-9	5.909714E-4
2.600000E-9	6.612023E-4
2.650000E-9	6.834707E-4
2.700000E-9	6.594894E-4
2.750000E-9	6.063879E-4
2.800000E-9	5.344440E-4
2.850000E-9	4.487965E-4
2.900000E-9	3.494454E-4
2.950000E-9	2.603720E-4
3.000000E-9	2.004188E-4
3.050000E-9	1.781504E-4
3.100000E-9	1.884281E-4
3.150000E-9	2.295389E-4
3.200000E-9	3.031958E-4
3.250000E-9	3.991210E-4
3.300000E-9	5.104627E-4
3.350000E-9	6.320822E-4
3.400000E-9	7.451369E-4
3.450000E-9	8.342103E-4
3.500000E-9	8.924506E-4
3.550000E-9	9.198578E-4
3.600000E-9	9.078671E-4
3.650000E-9	8.581916E-4
3.700000E-9	7.930995E-4
3.750000E-9	7.348592E-4
3.800000E-9	6.868966E-4
3.850000E-9	6.337951E-4
3.900000E-9	5.875455E-4
3.950000E-9	5.669901E-4
4.000000E-9	5.738419E-4
4.050000E-9	5.978232E-4
4.100000E-9	6.286563E-4
4.150000E-9	6.731930E-4
4.200000E-9	7.297203E-4
4.250000E-9	7.793959E-4
4.300000E-9	8.068031E-4
4.350000E-9	8.119419E-4
4.400000E-9	7.930995E-4
4.450000E-9	7.365721E-4
4.500000E-9	6.509246E-4
4.550000E-9	5.498606E-4
4.600000E-9	4.350929E-4
4.650000E-9	3.117605E-4
4.700000E-9	1.901411E-4
4.750000E-9	8.051225E-5
4.800000E-9	-6.848200E-6
4.850000E-9	-7.194030E-5
4.900000E-9	-1.113382E-4
4.950000E-9	-1.096252E-4
5.000000E-9	-6.508850E-5
5.050000E-9	1.716550E-6
5.100000E-9	7.194750E-5
5.150000E-9	1.490303E-4
5.200000E-9	2.226871E-4
5.250000E-9	2.603720E-4
5.300000E-9	2.603720E-4
5.350000E-9	2.466684E-4
5.400000E-9	2.295389E-4
5.450000E-9	2.106965E-4
5.500000E-9	1.867152E-4
5.550000E-9	1.678727E-4
5.600000E-9	1.678727E-4
5.650000E-9	2.004188E-4
5.700000E-9	2.381037E-4
5.750000E-9	2.775015E-4
5.800000E-9	3.306030E-4
5.850000E-9	3.905562E-4
5.900000E-9	4.436577E-4
5.950000E-9	4.864814E-4
6.000000E-9	5.087498E-4
6.050000E-9	5.087498E-4
6.100000E-9	5.001850E-4
6.150000E-9	4.779167E-4
6.200000E-9	4.368059E-4
6.250000E-9	3.905562E-4
6.300000E-9	3.477325E-4
6.350000E-9	3.049087E-4
6.400000E-9	2.689368E-4
6.450000E-9	2.518073E-4
6.500000E-9	2.381037E-4
6.550000E-9	2.209742E-4
6.600000E-9	2.175483E-4
6.650000E-9	2.398166E-4
6.700000E-9	2.809274E-4
6.750000E-9	3.391677E-4
6.800000E-9	4.059728E-4
6.850000E-9	4.693519E-4
6.900000E-9	5.310181E-4
6.950000E-9	5.926843E-4
7.000000E-9	6.457858E-4
7.050000E-9	6.868966E-4
7.100000E-9	7.091649E-4
7.150000E-9	7.074520E-4
7.200000E-9	6.817577E-4
7.250000E-9	6.389340E-4
7.300000E-9	5.858325E-4
7.350000E-9	5.275922E-4
7.400000E-9	4.659260E-4
7.450000E-9	4.025469E-4
7.500000E-9	3.460195E-4
7.550000E-9	3.066217E-4
7.600000E-9	2.877792E-4
7.650000E-9	2.775015E-4
7.700000E-9	2.603720E-4
7.750000E-9	2.466684E-4
7.800000E-9	2.569461E-4
7.850000E-9	2.860663E-4
7.900000E-9	3.066217E-4
7.950000E-9	3.237512E-4
8.000000E-9	3.511584E-4
8.050000E-9	3.802785E-4
8.100000E-9	4.008339E-4
8.150000E-9	4.111116E-4
8.200000E-9	4.162505E-4
8.250000E-9	4.316670E-4
8.300000E-9	4.505095E-4
8.350000E-9	4.590742E-4
8.400000E-9	4.556483E-4
8.450000E-9	4.556483E-4
8.500000E-9	4.522224E-4
8.550000E-9	4.248152E-4
8.600000E-9	3.854174E-4
8.650000E-9	3.528713E-4
8.700000E-9	3.340289E-4
8.750000E-9	3.203253E-4
8.800000E-9	3.014828E-4
8.850000E-9	2.826404E-4
8.900000E-9	2.706497E-4
8.950000E-9	2.672238E-4
9.000000E-9	2.586591E-4
9.050000E-9	2.500943E-4
9.100000E-9	2.500943E-4
9.150000E-9	2.535202E-4
9.200000E-9	2.500943E-4
9.250000E-9	2.500943E-4
9.300000E-9	2.586591E-4
9.350000E-9	2.672238E-4
9.400000E-9	2.843533E-4
9.450000E-9	3.237512E-4
9.500000E-9	3.734267E-4
9.550000E-9	4.196764E-4
9.600000E-9	4.642131E-4
9.650000E-9	5.138886E-4
9.700000E-9	5.549994E-4
9.750000E-9	5.721289E-4
9.800000E-9	5.738419E-4
9.850000E-9	5.567124E-4
9.900000E-9	5.156016E-4
9.950000E-9	4.676390E-4
1.000000E-8	4.265282E-4
1.005000E-8	3.802785E-4
1.010000E-8	3.323159E-4
1.015000E-8	3.031958E-4
1.020000E-8	2.894922E-4
1.025000E-8	2.826404E-4
1.030000E-8	2.912051E-4
1.035000E-8	3.014828E-4
1.040000E-8	2.929181E-4
1.045000E-8	2.809274E-4
1.050000E-8	2.894922E-4
1.055000E-8	3.100476E-4
1.060000E-8	3.391677E-4
1.065000E-8	3.734267E-4
1.070000E-8	3.922692E-4
1.075000E-8	3.837044E-4
1.080000E-8	3.717138E-4
1.085000E-8	3.700008E-4
1.090000E-8	3.614361E-4
1.095000E-8	3.425936E-4
1.100000E-8	3.271771E-4
1.105000E-8	3.151864E-4
1.110000E-8	2.980569E-4
1.115000E-8	2.843533E-4
1.120000E-8	2.912051E-4
1.125000E-8	3.117605E-4
1.130000E-8	3.425936E-4
1.135000E-8	3.888433E-4
1.140000E-8	4.487965E-4
1.145000E-8	5.138886E-4
1.150000E-8	5.669901E-4
1.155000E-8	6.081009E-4
1.160000E-8	6.440728E-4
1.165000E-8	6.834707E-4
1.170000E-8	7.091649E-4
1.175000E-8	7.245815E-4
1.180000E-8	7.588405E-4
1.185000E-8	8.359232E-4
1.190000E-8	9.712463E-4
1.195000E-8	1.204207E-3
1.200000E-8	1.596473E-3
1.205000E-8	2.201144E-3
1.210000E-8	3.057619E-3
1.215000E-8	4.220713E-3
1.220000E-8	5.719544E-3
1.225000E-8	7.543836E-3
1.230000E-8	9.655903E-3
1.235000E-8	1.199922E-2
1.240000E-8	1.449499E-2
1.245000E-8	1.704728E-2
1.250000E-8	1.953449E-2
1.255000E-8	2.185553E-2
1.260000E-8	2.394191E-2
1.265000E-8	2.574393E-2
1.270000E-8	2.720508E-2
1.275000E-8	2.833391E-2
1.280000E-8	2.915955E-2
1.285000E-8	2.966487E-2
1.290000E-8	2.983445E-2
1.295000E-8	2.973168E-2
1.300000E-8	2.944561E-2
1.305000E-8	2.899854E-2
1.310000E-8	2.836303E-2
1.315000E-8	2.754253E-2
1.320000E-8	2.656957E-2
1.325000E-8	2.548870E-2
1.330000E-8	2.432047E-2
1.335000E-8	2.309571E-2
1.340000E-8	2.183498E-2
1.345000E-8	2.058110E-2
1.350000E-8	1.937689E-2
1.355000E-8	1.827033E-2
1.360000E-8	1.736247E-2
1.365000E-8	1.669955E-2
1.370000E-8	1.626960E-2
1.375000E-8	1.607947E-2
1.380000E-8	1.618053E-2
1.385000E-8	1.655567E-2
1.390000E-8	1.709867E-2
1.395000E-8	1.777700E-2
1.400000E-8	1.857181E-2
1.405000E-8	1.937861E-2
1.410000E-8	2.013059E-2
1.415000E-8	2.082605E-2
1.420000E-8	2.143929E-2
1.425000E-8	2.189493E-2
1.430000E-8	2.217072E-2
1.435000E-8	2.225465E-2
1.440000E-8	2.215187E-2
1.445000E-8	2.187609E-2
1.450000E-8	2.141702E-2
1.455000E-8	2.076952E-2
1.460000E-8	1.995587E-2
1.465000E-8	1.901375E-2
1.470000E-8	1.794829E-2
1.475000E-8	1.682460E-2
1.480000E-8	1.572831E-2
1.485000E-8	1.469540E-2
1.490000E-8	1.375328E-2
1.495000E-8	1.293620E-2
1.500000E-8	1.230926E-2
1.505000E-8	1.191015E-2
1.510000E-8	1.178167E-2
1.515000E-8	1.189473E-2
1.520000E-8	1.223389E-2
1.525000E-8	1.281116E-2
1.530000E-8	1.357513E-2
1.535000E-8	1.441277E-2
1.540000E-8	1.526239E-2
1.545000E-8	1.611544E-2
1.550000E-8	1.690682E-2
1.555000E-8	1.754233E-2
1.560000E-8	1.799968E-2
1.565000E-8	1.829088E-2
1.570000E-8	1.841764E-2
1.575000E-8	1.837482E-2
1.580000E-8	1.813329E-2
1.585000E-8	1.768793E-2
1.590000E-8	1.706784E-2
1.595000E-8	1.632442E-2
1.600000E-8	1.549021E-2
1.605000E-8	1.459091E-2
1.610000E-8	1.367448E-2
1.615000E-8	1.279060E-2
1.620000E-8	1.195468E-2
1.625000E-8	1.121126E-2
1.630000E-8	1.060830E-2
1.635000E-8	1.016808E-2
1.640000E-8	9.892290E-3
1.645000E-8	9.811781E-3
1.650000E-8	9.941966E-3
1.655000E-8	1.027770E-2
1.660000E-8	1.079673E-2
1.665000E-8	1.146992E-2
1.670000E-8	1.224588E-2
1.675000E-8	1.308180E-2
1.680000E-8	1.393143E-2
1.685000E-8	1.471596E-2
1.690000E-8	1.536688E-2
1.695000E-8	1.585507E-2
1.700000E-8	1.614970E-2
1.705000E-8	1.623363E-2
1.710000E-8	1.610859E-2
1.715000E-8	1.576771E-2
1.720000E-8	1.521785E-2
1.725000E-8	1.450869E-2
1.730000E-8	1.366421E-2
1.735000E-8	1.268440E-2
1.740000E-8	1.162408E-2
1.745000E-8	1.057747E-2
1.750000E-8	9.592524E-3
1.755000E-8	8.708642E-3
1.760000E-8	7.970360E-3
1.765000E-8	7.403374E-3
1.770000E-8	7.035089E-3
1.775000E-8	6.901479E-3
1.780000E-8	6.999118E-3
1.785000E-8	7.312587E-3
1.790000E-8	7.826472E-3
1.795000E-8	8.509939E-3
1.800000E-8	9.318452E-3
1.805000E-8	1.022460E-2
1.810000E-8	1.117872E-2
1.815000E-8	1.209686E-2
1.820000E-8	1.292764E-2
1.825000E-8	1.362823E-2
1.830000E-8	1.412328E-2
1.835000E-8	1.440763E-2
1.840000E-8	1.450013E-2
1.845000E-8	1.437337E-2
1.850000E-8	1.398967E-2
1.855000E-8	1.339013E-2
1.860000E-8	1.263301E-2
1.865000E-8	1.174399E-2
1.870000E-8	1.076932E-2
1.875000E-8	9.762106E-3
1.880000E-8	8.778873E-3
1.885000E-8	7.884713E-3
1.890000E-8	7.146431E-3
1.895000E-8	6.588010E-3
1.900000E-8	6.211160E-3
1.905000E-8	6.036440E-3
1.910000E-8	6.080976E-3
1.915000E-8	6.310512E-3
1.920000E-8	6.695925E-3
1.925000E-8	7.232079E-3
1.930000E-8	7.889852E-3
1.935000E-8	8.626420E-3
1.940000E-8	9.400673E-3
1.945000E-8	1.017664E-2
1.950000E-8	1.091835E-2
1.955000E-8	1.157441E-2
1.960000E-8	1.209172E-2
1.965000E-8	1.244630E-2
1.970000E-8	1.262958E-2
1.975000E-8	1.263472E-2
1.980000E-8	1.244630E-2
1.985000E-8	1.206945E-2
1.990000E-8	1.151788E-2
1.995000E-8	1.081214E-2
2.000000E-8	9.986502E-3
2.005000E-8	9.094055E-3
2.010000E-8	8.167349E-3
2.015000E-8	7.233792E-3
2.020000E-8	6.343058E-3
2.025000E-8	5.582508E-3
2.030000E-8	4.996679E-3
2.035000E-8	4.594136E-3
2.040000E-8	4.397146E-3
2.045000E-8	4.438257E-3
2.050000E-8	4.698626E-3
2.055000E-8	5.137141E-3
2.060000E-8	5.746951E-3
2.065000E-8	6.516066E-3
2.070000E-8	7.382818E-3
2.075000E-8	8.285543E-3
2.080000E-8	9.186555E-3
2.085000E-8	1.003447E-2
2.090000E-8	1.076247E-2
2.095000E-8	1.133288E-2
2.100000E-8	1.173029E-2
2.105000E-8	1.192899E-2
2.110000E-8	1.190843E-2
2.115000E-8	1.167376E-2
2.120000E-8	1.124723E-2
2.125000E-8	1.063400E-2
2.130000E-8	9.856318E-3
2.135000E-8	8.969010E-3
2.140000E-8	8.044017E-3
2.145000E-8	7.119024E-3
2.150000E-8	6.236855E-3
2.155000E-8	5.466027E-3
2.160000E-8	4.840800E-3
2.165000E-8	4.383443E-3
2.170000E-8	4.128213E-3
2.175000E-8	4.095667E-3
2.180000E-8	4.266962E-3
2.185000E-8	4.631821E-3
2.190000E-8	5.176539E-3
2.195000E-8	5.853154E-3
2.200000E-8	6.617130E-3
2.205000E-8	7.430781E-3
2.210000E-8	8.244432E-3
2.215000E-8	9.004982E-3
2.220000E-8	9.691875E-3
2.225000E-8	1.027257E-2
2.230000E-8	1.070252E-2
2.235000E-8	1.096460E-2
2.240000E-8	1.105196E-2
2.245000E-8	1.093034E-2
2.250000E-8	1.059803E-2
2.255000E-8	1.008585E-2
2.260000E-8	9.419516E-3
2.265000E-8	8.616142E-3
2.270000E-8	7.725408E-3
2.275000E-8	6.808980E-3
2.280000E-8	5.907968E-3
2.285000E-8	5.063484E-3
2.290000E-8	4.335480E-3
2.295000E-8	3.754790E-3
2.300000E-8	3.357386E-3
2.305000E-8	3.174100E-3
2.310000E-8	3.216924E-3
2.315000E-8	3.463589E-3
2.320000E-8	3.912382E-3
2.325000E-8	4.546173E-3
2.330000E-8	5.301584E-3
2.335000E-8	6.127226E-3
2.340000E-8	6.976849E-3
2.345000E-8	7.800778E-3
2.350000E-8	8.535634E-3
2.355000E-8	9.140305E-3
2.360000E-8	9.585672E-3
2.365000E-8	9.840902E-3
2.370000E-8	9.909420E-3
2.375000E-8	9.804930E-3
2.380000E-8	9.517154E-3
2.385000E-8	9.042667E-3
2.390000E-8	8.407162E-3
2.395000E-8	7.658603E-3
2.400000E-8	6.826110E-3
2.405000E-8	5.950792E-3
2.410000E-8	5.099456E-3
2.415000E-8	4.335480E-3
2.420000E-8	3.677707E-3
2.425000E-8	3.146693E-3
2.430000E-8	2.774983E-3
2.435000E-8	2.588271E-3
2.440000E-8	2.589984E-3
2.445000E-8	2.783547E-3
2.450000E-8	3.167248E-3
2.455000E-8	3.701689E-3
2.460000E-8	4.347471E-3
2.465000E-8	5.096030E-3
2.470000E-8	5.907968E-3
2.475000E-8	6.701064E-3
2.480000E-8	7.432494E-3
2.485000E-8	8.105683E-3
2.490000E-8	8.689799E-3
2.495000E-8	9.116324E-3
2.500000E-8	9.356137E-3
2.505000E-8	9.428081E-3
2.510000E-8	9.333868E-3
2.515000E-8	9.049519E-3
2.520000E-8	8.588735E-3
2.525000E-8	7.980638E-3
2.530000E-8	7.256060E-3
2.535000E-8	6.452686E-3
2.540000E-8	5.621906E-3
2.545000E-8	4.792838E-3
2.550000E-8	3.996316E-3
2.555000E-8	3.283729E-3
2.560000E-8	2.704752E-3
2.565000E-8	2.288505E-3
2.570000E-8	2.053831E-3
2.575000E-8	2.007581E-3
2.580000E-8	2.158321E-3
2.585000E-8	2.509475E-3
2.590000E-8	3.043916E-3
2.595000E-8	3.717105E-3
2.600000E-8	4.482794E-3
2.605000E-8	5.303297E-3
2.610000E-8	6.135791E-3
2.615000E-8	6.923748E-3
2.620000E-8	7.603789E-3
2.625000E-8	8.145081E-3
2.630000E-8	8.532208E-3
2.635000E-8	8.768595E-3
2.640000E-8	8.852529E-3
2.645000E-8	8.773734E-3
2.650000E-8	8.515078E-3
2.655000E-8	8.107396E-3
2.660000E-8	7.586659E-3
2.665000E-8	6.951155E-3
2.670000E-8	6.231716E-3
2.675000E-8	5.498573E-3
2.680000E-8	4.785986E-3
2.685000E-8	4.102519E-3
2.690000E-8	3.479005E-3
2.695000E-8	2.961694E-3
2.700000E-8	2.564290E-3
2.705000E-8	2.302208E-3
2.710000E-8	2.202857E-3
2.715000E-8	2.262811E-3
2.720000E-8	2.478642E-3
2.725000E-8	2.855491E-3
2.730000E-8	3.381367E-3
2.735000E-8	4.016871E-3
2.740000E-8	4.715755E-3
2.745000E-8	5.436907E-3
2.750000E-8	6.137504E-3
2.755000E-8	6.762730E-3
2.760000E-8	7.281754E-3
2.765000E-8	7.674020E-3
2.770000E-8	7.913833E-3
2.775000E-8	7.977212E-3
2.780000E-8	7.853880E-3
2.785000E-8	7.554113E-3
2.790000E-8	7.084765E-3
2.795000E-8	6.459538E-3
2.800000E-8	5.734960E-3
2.805000E-8	4.974411E-3
2.810000E-8	4.203583E-3
2.815000E-8	3.448172E-3
2.820000E-8	2.762992E-3
2.825000E-8	2.199431E-3
2.830000E-8	1.783185E-3
2.835000E-8	1.543372E-3
2.840000E-8	1.507400E-3
2.845000E-8	1.666704E-3
2.850000E-8	2.002442E-3
2.855000E-8	2.499198E-3
2.860000E-8	3.127850E-3
2.865000E-8	3.842151E-3
2.870000E-8	4.604413E-3
2.875000E-8	5.368389E-3
2.880000E-8	6.077550E-3
2.885000E-8	6.689074E-3
2.890000E-8	7.180690E-3
2.895000E-8	7.518141E-3
2.900000E-8	7.672307E-3
2.905000E-8	7.655177E-3
2.910000E-8	7.487308E-3
2.915000E-8	7.158422E-3
2.920000E-8	6.680509E-3
2.925000E-8	6.108383E-3
2.930000E-8	5.478018E-3
2.935000E-8	4.792838E-3
2.940000E-8	4.076825E-3
2.945000E-8	3.393358E-3
2.950000E-8	2.785260E-3
2.955000E-8	2.255959E-3
2.960000E-8	1.829434E-3
2.965000E-8	1.546797E-3
2.970000E-8	1.416613E-3
2.975000E-8	1.425178E-3
2.980000E-8	1.586195E-3
2.985000E-8	1.909943E-3
2.990000E-8	2.372439E-3
2.995000E-8	2.934287E-3
3.000000E-8	3.571504E-3
3.005000E-8	4.251546E-3
3.010000E-8	4.923022E-3
3.015000E-8	5.548249E-3
3.020000E-8	6.096393E-3
3.025000E-8	6.538334E-3
3.030000E-8	6.838100E-3
3.035000E-8	6.976849E-3
3.040000E-8	6.952868E-3
3.045000E-8	6.779860E-3
3.050000E-8	6.474955E-3
3.055000E-8	6.060421E-3
3.060000E-8	5.551675E-3
3.065000E-8	4.967559E-3
3.070000E-8	4.330341E-3
3.075000E-8	3.684559E-3
3.080000E-8	3.088453E-3
3.085000E-8	2.567716E-3
3.090000E-8	2.124062E-3
3.095000E-8	1.790036E-3
3.100000E-8	1.605038E-3
3.105000E-8	1.565640E-3
3.110000E-8	1.646149E-3
3.115000E-8	1.855129E-3
3.120000E-8	2.209709E-3
3.125000E-8	2.680770E-3
3.130000E-8	3.235766E-3
3.135000E-8	3.845576E-3
3.140000E-8	4.475942E-3
3.145000E-8	5.097743E-3
3.150000E-8	5.686998E-3
3.155000E-8	6.207735E-3
3.160000E-8	6.605139E-3
3.165000E-8	6.860369E-3
3.170000E-8	6.980275E-3
3.175000E-8	6.969997E-3
3.180000E-8	6.822684E-3
3.185000E-8	6.538334E-3
3.190000E-8	6.122087E-3
3.195000E-8	5.589360E-3
3.200000E-8	4.976124E-3
3.205000E-8	4.323490E-3
3.210000E-8	3.648587E-3
3.215000E-8	3.004518E-3
3.220000E-8	2.446096E-3
3.225000E-8	1.990452E-3
3.230000E-8	1.642723E-3
3.235000E-8	1.421752E-3
3.240000E-8	1.354947E-3
3.245000E-8	1.452585E-3
3.250000E-8	1.719805E-3
3.255000E-8	2.118923E-3
3.260000E-8	2.610539E-3
3.265000E-8	3.168961E-3
3.270000E-8	3.787336E-3
3.275000E-8	4.412563E-3
3.280000E-8	5.000105E-3
3.285000E-8	5.539684E-3
3.290000E-8	6.003894E-3
3.295000E-8	6.327641E-3
3.300000E-8	6.492084E-3
3.305000E-8	6.529769E-3
3.310000E-8	6.445835E-3
3.315000E-8	6.216299E-3
3.320000E-8	5.848015E-3
3.325000E-8	5.383806E-3
3.330000E-8	4.857930E-3
3.335000E-8	4.287518E-3
3.340000E-8	3.694837E-3
3.345000E-8	3.120999E-3
3.350000E-8	2.601975E-3
3.355000E-8	2.156608E-3
3.360000E-8	1.798601E-3
3.365000E-8	1.553649E-3
3.370000E-8	1.438882E-3
3.375000E-8	1.464576E-3
3.380000E-8	1.630732E-3
3.385000E-8	1.920221E-3
3.390000E-8	2.297070E-3
3.395000E-8	2.744150E-3
3.400000E-8	3.239192E-3
3.405000E-8	3.758216E-3
3.410000E-8	4.282379E-3
3.415000E-8	4.787699E-3
3.420000E-8	5.226214E-3
3.425000E-8	5.584221E-3
3.430000E-8	5.868570E-3
3.435000E-8	6.062134E-3
3.440000E-8	6.116948E-3
3.445000E-8	6.033014E-3
3.450000E-8	5.832599E-3
3.455000E-8	5.507138E-3
3.460000E-8	5.068623E-3
3.465000E-8	4.547886E-3
3.470000E-8	3.965483E-3
3.475000E-8	3.341969E-3
3.480000E-8	2.728733E-3
3.485000E-8	2.172024E-3
3.490000E-8	1.702676E-3
3.495000E-8	1.348095E-3
3.500000E-8	1.128838E-3
3.505000E-8	1.050042E-3
3.510000E-8	1.127125E-3
3.515000E-8	1.349808E-3
3.520000E-8	1.692398E-3
3.525000E-8	2.142904E-3
3.530000E-8	2.679057E-3
3.535000E-8	3.249470E-3
3.540000E-8	3.814743E-3
3.545000E-8	4.362887E-3
3.550000E-8	4.861356E-3
3.555000E-8	5.274177E-3
3.560000E-8	5.597924E-3
3.565000E-8	5.832599E-3
3.570000E-8	5.949079E-3
3.575000E-8	5.923385E-3
3.580000E-8	5.767506E-3
3.585000E-8	5.483157E-3
3.590000E-8	5.089178E-3
3.595000E-8	4.628395E-3
3.600000E-8	4.129926E-3
3.605000E-8	3.590347E-3
3.610000E-8	3.028499E-3
3.615000E-8	2.495772E-3
3.620000E-8	2.021285E-3
3.625000E-8	1.641010E-3
3.630000E-8	1.392632E-3
3.635000E-8	1.281290E-3
3.640000E-8	1.281290E-3
3.645000E-8	1.394345E-3
3.650000E-8	1.632445E-3
3.655000E-8	1.966470E-3
3.660000E-8	2.369014E-3
3.665000E-8	2.838362E-3
3.670000E-8	3.350534E-3
3.675000E-8	3.860993E-3
3.680000E-8	4.344045E-3
3.685000E-8	4.787699E-3
3.690000E-8	5.166261E-3
3.695000E-8	5.455750E-3
3.700000E-8	5.640748E-3
3.705000E-8	5.733247E-3
3.710000E-8	5.740099E-3
3.715000E-8	5.640748E-3
3.720000E-8	5.411213E-3
3.725000E-8	5.070336E-3
3.730000E-8	4.650663E-3
3.735000E-8	4.164185E-3
3.740000E-8	3.636597E-3
3.745000E-8	3.107295E-3
3.750000E-8	2.593410E-3
3.755000E-8	2.112071E-3
3.760000E-8	1.707815E-3
3.765000E-8	1.399484E-3
3.770000E-8	1.199069E-3
3.775000E-8	1.116847E-3
3.780000E-8	1.171661E-3
3.785000E-8	1.370364E-3
3.790000E-8	1.706102E-3
3.795000E-8	2.148043E-3
3.800000E-8	2.651650E-3
3.805000E-8	3.203220E-3
3.810000E-8	3.780484E-3
3.815000E-8	4.335480E-3
3.820000E-8	4.823671E-3
3.825000E-8	5.222788E-3
3.830000E-8	5.508851E-3
3.835000E-8	5.657878E-3
3.840000E-8	5.683572E-3
3.845000E-8	5.585934E-3
3.850000E-8	5.354685E-3
3.855000E-8	4.988114E-3
3.860000E-8	4.522192E-3
3.865000E-8	3.999742E-3
3.870000E-8	3.460163E-3
3.875000E-8	2.932574E-3
3.880000E-8	2.442670E-3
3.885000E-8	2.016146E-3
3.890000E-8	1.680408E-3
3.895000E-8	1.449159E-3
3.900000E-8	1.325827E-3
3.905000E-8	1.320688E-3
3.910000E-8	1.420039E-3
3.915000E-8	1.591334E-3
3.920000E-8	1.837999E-3
3.925000E-8	2.165172E-3
3.930000E-8	2.550586E-3
3.935000E-8	2.947991E-3
3.940000E-8	3.347108E-3
3.945000E-8	3.746225E-3
3.950000E-8	4.119648E-3
3.955000E-8	4.443396E-3
3.960000E-8	4.714042E-3
3.965000E-8	4.923022E-3
3.970000E-8	5.048067E-3
3.975000E-8	5.085752E-3
3.980000E-8	5.036077E-3
3.985000E-8	4.909318E-3
3.990000E-8	4.729459E-3
3.995000E-8	4.505062E-3
4.000000E-8	4.210435E-3
4.005000E-8	3.847289E-3
4.010000E-8	3.446459E-3
4.015000E-8	3.026786E-3
4.020000E-8	2.607114E-3
4.025000E-8	2.231978E-3
4.030000E-8	1.940776E-3
4.035000E-8	1.738648E-3
4.040000E-8	1.630732E-3
4.045000E-8	1.632445E-3
4.050000E-8	1.735222E-3
4.055000E-8	1.939063E-3
4.060000E-8	2.250820E-3
4.065000E-8	2.651650E-3
4.070000E-8	3.091878E-3
4.075000E-8	3.547523E-3
4.080000E-8	4.004881E-3
4.085000E-8	4.446822E-3
4.090000E-8	4.839087E-3
4.095000E-8	5.145706E-3
4.100000E-8	5.342695E-3
4.105000E-8	5.428342E-3
4.110000E-8	5.412926E-3
4.115000E-8	5.294732E-3
4.120000E-8	5.061771E-3
4.125000E-8	4.726033E-3
4.130000E-8	4.316638E-3
4.135000E-8	3.864419E-3
4.140000E-8	3.398497E-3
4.145000E-8	2.947991E-3
4.150000E-8	2.531744E-3
4.155000E-8	2.166885E-3
4.160000E-8	1.872258E-3
4.165000E-8	1.666704E-3
4.170000E-8	1.553649E-3
4.175000E-8	1.541659E-3
4.180000E-8	1.637584E-3
4.185000E-8	1.827721E-3
4.190000E-8	2.093229E-3
4.195000E-8	2.422115E-3
4.200000E-8	2.797251E-3
4.205000E-8	3.194655E-3
4.210000E-8	3.600625E-3
4.215000E-8	3.974048E-3
4.220000E-8	4.287518E-3
4.225000E-8	4.537608E-3
4.230000E-8	4.738023E-3
4.235000E-8	4.856217E-3
4.240000E-8	4.875059E-3
4.245000E-8	4.816819E-3
4.250000E-8	4.688348E-3
4.255000E-8	4.479368E-3
4.260000E-8	4.213861E-3
4.265000E-8	3.932937E-3
4.270000E-8	3.634884E-3
4.275000E-8	3.309423E-3
4.280000E-8	2.990814E-3
4.285000E-8	2.723594E-3
4.290000E-8	2.504337E-3
4.295000E-8	2.315912E-3
4.300000E-8	2.182302E-3
4.305000E-8	2.129201E-3
4.310000E-8	2.151469E-3
4.315000E-8	2.230265E-3
4.320000E-8	2.372439E-3
4.325000E-8	2.571142E-3
4.330000E-8	2.805816E-3
4.335000E-8	3.059332E-3
4.340000E-8	3.319701E-3
4.345000E-8	3.592060E-3
4.350000E-8	3.867845E-3
4.355000E-8	4.126500E-3
4.360000E-8	4.328628E-3
4.365000E-8	4.458813E-3
4.370000E-8	4.525618E-3
4.375000E-8	4.525618E-3
4.380000E-8	4.460526E-3
4.385000E-8	4.338906E-3
4.390000E-8	4.150482E-3
4.395000E-8	3.893539E-3
4.400000E-8	3.590347E-3
4.405000E-8	3.256322E-3
4.410000E-8	2.903454E-3
4.415000E-8	2.557438E-3
4.420000E-8	2.242255E-3
4.425000E-8	1.964757E-3
4.430000E-8	1.752352E-3
4.435000E-8	1.632445E-3
4.440000E-8	1.610177E-3
4.445000E-8	1.673556E-3
4.450000E-8	1.814018E-3
4.455000E-8	2.031562E-3
4.460000E-8	2.315912E-3
4.465000E-8	2.653363E-3
4.470000E-8	3.028499E-3
4.475000E-8	3.420765E-3
4.480000E-8	3.804466E-3
4.485000E-8	4.141917E-3
4.490000E-8	4.409137E-3
4.495000E-8	4.590710E-3
4.500000E-8	4.678070E-3
4.505000E-8	4.681496E-3
4.510000E-8	4.600987E-3
4.515000E-8	4.429692E-3
4.520000E-8	4.188166E-3
4.525000E-8	3.910669E-3
4.530000E-8	3.622893E-3
4.535000E-8	3.321414E-3
4.540000E-8	3.023360E-3
4.545000E-8	2.757853E-3
4.550000E-8	2.535170E-3
4.555000E-8	2.357023E-3
4.560000E-8	2.228552E-3
4.565000E-8	2.170311E-3
4.570000E-8	2.182302E-3
4.575000E-8	2.249107E-3
4.580000E-8	2.362162E-3
4.585000E-8	2.526605E-3
4.590000E-8	2.745863E-3
4.595000E-8	2.994240E-3
4.600000E-8	3.258035E-3
4.605000E-8	3.540671E-3
4.610000E-8	3.838725E-3
4.615000E-8	4.124787E-3
4.620000E-8	4.361174E-3
4.625000E-8	4.539321E-3
4.630000E-8	4.660941E-3
4.635000E-8	4.724320E-3
4.640000E-8	4.720894E-3
4.645000E-8	4.635246E-3
4.650000E-8	4.469090E-3
4.655000E-8	4.248120E-3
4.660000E-8	3.972335E-3
4.665000E-8	3.650300E-3
4.670000E-8	3.319701E-3
4.675000E-8	2.999379E-3
4.680000E-8	2.682483E-3
4.685000E-8	2.389569E-3
4.690000E-8	2.161747E-3
4.695000E-8	1.990452E-3
4.700000E-8	1.870545E-3
4.705000E-8	1.832860E-3
4.710000E-8	1.880823E-3
4.715000E-8	1.987026E-3
4.720000E-8	2.144617E-3
4.725000E-8	2.363875E-3
4.730000E-8	2.627669E-3
4.735000E-8	2.910306E-3
4.740000E-8	3.210072E-3
4.745000E-8	3.521829E-3
4.750000E-8	3.811317E-3
4.755000E-8	4.052843E-3
4.760000E-8	4.239555E-3
4.765000E-8	4.383443E-3
4.770000E-8	4.477655E-3
4.775000E-8	4.498210E-3
4.780000E-8	4.450248E-3
4.785000E-8	4.352610E-3
4.790000E-8	4.220713E-3
4.795000E-8	4.051130E-3
4.800000E-8	3.854141E-3
4.805000E-8	3.641735E-3
4.810000E-8	3.405348E-3
4.815000E-8	3.160396E-3
4.820000E-8	2.942852E-3
4.825000E-8	2.754427E-3
4.830000E-8	2.581419E-3
4.835000E-8	2.456374E-3
4.840000E-8	2.411837E-3
4.845000E-8	2.430680E-3
4.850000E-8	2.497485E-3
4.855000E-8	2.610539E-3
4.860000E-8	2.773270E-3
4.865000E-8	2.994240E-3
4.870000E-8	3.261460E-3
4.875000E-8	3.537245E-3
4.880000E-8	3.799327E-3
4.885000E-8	4.040853E-3
4.890000E-8	4.244694E-3
4.895000E-8	4.369739E-3
4.900000E-8	4.412563E-3
4.905000E-8	4.395433E-3
4.910000E-8	4.328628E-3
4.915000E-8	4.219000E-3
4.920000E-8	4.083677E-3
4.925000E-8	3.926085E-3
4.930000E-8	3.754790E-3
4.935000E-8	3.586921E-3
4.940000E-8	3.422478E-3
4.945000E-8	3.259748E-3
4.950000E-8	3.114147E-3
4.955000E-8	2.990814E-3
4.960000E-8	2.869195E-3
4.965000E-8	2.757853E-3
4.970000E-8	2.680770E-3
4.975000E-8	2.636234E-3
4.980000E-8	2.631095E-3
4.985000E-8	2.675632E-3
4.990000E-8	2.766418E-3
4.995000E-8	2.896602E-3
5.000000E-8	3.066184E-3
5.005000E-8	3.261460E-3
5.010000E-8	3.461876E-3
5.015000E-8	3.677707E-3
5.020000E-8	3.902104E-3
5.025000E-8	4.099093E-3
5.030000E-8	4.253259E-3
5.035000E-8	4.359461E-3
5.040000E-8	4.409137E-3
5.045000E-8	4.393720E-3
5.050000E-8	4.320064E-3
5.055000E-8	4.195018E-3
5.060000E-8	4.025436E-3
5.065000E-8	3.819882E-3
5.070000E-8	3.586921E-3
5.075000E-8	3.333404E-3
5.080000E-8	3.079888E-3
5.085000E-8	2.838362E-3
5.090000E-8	2.613965E-3
5.095000E-8	2.418689E-3
5.100000E-8	2.285079E-3
5.105000E-8	2.230265E-3
5.110000E-8	2.245681E-3
5.115000E-8	2.315912E-3
5.120000E-8	2.437532E-3
5.125000E-8	2.617391E-3
5.130000E-8	2.840075E-3
5.135000E-8	3.081601E-3
5.140000E-8	3.321414E-3
5.145000E-8	3.556088E-3
5.150000E-8	3.783910E-3
5.155000E-8	3.986038E-3
5.160000E-8	4.143630E-3
5.165000E-8	4.249833E-3
5.170000E-8	4.287518E-3
5.175000E-8	4.236129E-3
5.180000E-8	4.114510E-3
5.185000E-8	3.960344E-3
5.190000E-8	3.775346E-3
5.195000E-8	3.556088E-3
5.200000E-8	3.321414E-3
5.205000E-8	3.100443E-3
5.210000E-8	2.896602E-3
5.215000E-8	2.723594E-3
5.220000E-8	2.588271E-3
5.225000E-8	2.497485E-3
5.230000E-8	2.454661E-3
5.235000E-8	2.452948E-3
5.240000E-8	2.483781E-3
5.245000E-8	2.538596E-3
5.250000E-8	2.612252E-3
5.255000E-8	2.696187E-3
5.260000E-8	2.788686E-3
5.265000E-8	2.888037E-3
5.270000E-8	2.990814E-3
5.275000E-8	3.095304E-3
5.280000E-8	3.199794E-3
5.285000E-8	3.294007E-3
5.290000E-8	3.374515E-3
5.295000E-8	3.437894E-3
5.300000E-8	3.477292E-3
5.305000E-8	3.484144E-3
5.310000E-8	3.458450E-3
5.315000E-8	3.400209E-3
5.320000E-8	3.311136E-3
5.325000E-8	3.203220E-3
5.330000E-8	3.079888E-3
5.335000E-8	2.936000E-3
5.340000E-8	2.788686E-3
5.345000E-8	2.658502E-3
5.350000E-8	2.552299E-3
5.355000E-8	2.487207E-3
5.360000E-8	2.466652E-3
5.365000E-8	2.466652E-3
5.370000E-8	2.492346E-3
5.375000E-8	2.564290E-3
5.380000E-8	2.668780E-3
5.385000E-8	2.780122E-3
5.390000E-8	2.894889E-3
5.395000E-8	3.019935E-3
5.400000E-8	3.143267E-3
5.405000E-8	3.261460E-3
5.410000E-8	3.377941E-3
5.415000E-8	3.480718E-3
5.420000E-8	3.562940E-3
5.425000E-8	3.634884E-3
5.430000E-8	3.689698E-3
5.435000E-8	3.708540E-3
5.440000E-8	3.689698E-3
5.445000E-8	3.645161E-3
5.450000E-8	3.588634E-3
5.455000E-8	3.514977E-3
5.460000E-8	3.424191E-3
5.465000E-8	3.323127E-3
5.470000E-8	3.211785E-3
5.475000E-8	3.078175E-3
5.480000E-8	2.929148E-3
5.485000E-8	2.790399E-3
5.490000E-8	2.677345E-3
5.495000E-8	2.583132E-3
5.500000E-8	2.512901E-3
5.505000E-8	2.492346E-3
5.510000E-8	2.524892E-3
5.515000E-8	2.589984E-3
5.520000E-8	2.685909E-3
5.525000E-8	2.807529E-3
5.530000E-8	2.937713E-3
5.535000E-8	3.081601E-3
5.540000E-8	3.235766E-3
5.545000E-8	3.376228E-3
5.550000E-8	3.487570E-3
5.555000E-8	3.583495E-3
5.560000E-8	3.669143E-3
5.565000E-8	3.725670E-3
5.570000E-8	3.754790E-3
5.575000E-8	3.771920E-3
5.580000E-8	3.766781E-3
5.585000E-8	3.730809E-3
5.590000E-8	3.675994E-3
5.595000E-8	3.590347E-3
5.600000E-8	3.467015E-3
5.605000E-8	3.335117E-3
5.610000E-8	3.208359E-3
5.615000E-8	3.085027E-3
5.620000E-8	2.983963E-3
5.625000E-8	2.910306E-3
5.630000E-8	2.850352E-3
5.635000E-8	2.804103E-3
5.640000E-8	2.780122E-3
5.645000E-8	2.785260E-3
5.650000E-8	2.826371E-3
5.655000E-8	2.905167E-3
5.660000E-8	3.006231E-3
5.665000E-8	3.122712E-3
5.670000E-8	3.264886E-3
5.675000E-8	3.425904E-3
5.680000E-8	3.569792E-3
5.685000E-8	3.703402E-3
5.690000E-8	3.828447E-3
5.695000E-8	3.922659E-3
5.700000E-8	3.965483E-3
5.705000E-8	3.967196E-3
5.710000E-8	3.926085E-3
5.715000E-8	3.830160E-3
5.720000E-8	3.696550E-3
5.725000E-8	3.540671E-3
5.730000E-8	3.359099E-3
5.735000E-8	3.151832E-3
5.740000E-8	2.944565E-3
5.745000E-8	2.757853E-3
5.750000E-8	2.607114E-3
5.755000E-8	2.507762E-3
5.760000E-8	2.452948E-3
5.765000E-8	2.440957E-3
5.770000E-8	2.473503E-3
5.775000E-8	2.542021E-3
5.780000E-8	2.644798E-3
5.785000E-8	2.785260E-3
5.790000E-8	2.939426E-3
5.795000E-8	3.076462E-3
5.800000E-8	3.210072E-3
5.805000E-8	3.347108E-3
5.810000E-8	3.465302E-3
5.815000E-8	3.556088E-3
5.820000E-8	3.636597E-3
5.825000E-8	3.691411E-3
5.830000E-8	3.710253E-3
5.835000E-8	3.706828E-3
5.840000E-8	3.684559E-3
5.845000E-8	3.633171E-3
5.850000E-8	3.568079E-3
5.855000E-8	3.497848E-3
5.860000E-8	3.396784E-3
5.865000E-8	3.270025E-3
5.870000E-8	3.131276E-3
5.875000E-8	2.973685E-3
5.880000E-8	2.809242E-3
5.885000E-8	2.668780E-3
5.890000E-8	2.550586E-3
5.895000E-8	2.440957E-3
5.900000E-8	2.367301E-3
5.905000E-8	2.348458E-3
5.910000E-8	2.360449E-3
5.915000E-8	2.403273E-3
5.920000E-8	2.490633E-3
5.925000E-8	2.603688E-3
5.930000E-8	2.735585E-3
5.935000E-8	2.889750E-3
5.940000E-8	3.059332E-3
5.945000E-8	3.225489E-3
5.950000E-8	3.396784E-3
5.955000E-8	3.562940E-3
5.960000E-8	3.687985E-3
5.965000E-8	3.759929E-3
5.970000E-8	3.797614E-3
5.975000E-8	3.790762E-3
5.980000E-8	3.737661E-3
5.985000E-8	3.655439E-3
5.990000E-8	3.554375E-3
5.995000E-8	3.449885E-3
6.000000E-8	3.362525E-3
6.005000E-8	3.295720E-3
6.010000E-8	3.222063E-3
6.015000E-8	3.146693E-3
6.020000E-8	3.091878E-3
6.025000E-8	3.054194E-3
6.030000E-8	3.040490E-3
6.035000E-8	3.066184E-3
6.040000E-8	3.115860E-3
6.045000E-8	3.163822E-3
6.050000E-8	3.213498E-3
6.055000E-8	3.259748E-3
6.060000E-8	3.294007E-3
6.065000E-8	3.319701E-3
6.070000E-8	3.343682E-3
6.075000E-8	3.371089E-3
6.080000E-8	3.396784E-3
6.085000E-8	3.407061E-3
6.090000E-8	3.391645E-3
6.095000E-8	3.367663E-3
6.100000E-8	3.357386E-3
6.105000E-8	3.345395E-3
6.110000E-8	3.316275E-3
6.115000E-8	3.282016E-3
6.120000E-8	3.244331E-3
6.125000E-8	3.192942E-3
6.130000E-8	3.126137E-3
6.135000E-8	3.042203E-3
6.140000E-8	2.939426E-3
6.145000E-8	2.853778E-3
6.150000E-8	2.795538E-3
6.155000E-8	2.751001E-3
6.160000E-8	2.718455E-3
6.165000E-8	2.723594E-3
6.170000E-8	2.771557E-3
6.175000E-8	2.840075E-3
6.180000E-8	2.918870E-3
6.185000E-8	3.011370E-3
6.190000E-8	3.100443E-3
6.195000E-8	3.184378E-3
6.200000E-8	3.263173E-3
6.205000E-8	3.331691E-3
6.210000E-8	3.374515E-3
6.215000E-8	3.400209E-3
6.220000E-8	3.408774E-3
6.225000E-8	3.401922E-3
6.230000E-8	3.386506E-3
6.235000E-8	3.365950E-3
6.240000E-8	3.317988E-3
6.245000E-8	3.258035E-3
6.250000E-8	3.203220E-3
6.255000E-8	3.151832E-3
6.260000E-8	3.090165E-3
6.265000E-8	3.028499E-3
6.270000E-8	2.970259E-3
6.275000E-8	2.898315E-3
6.280000E-8	2.817806E-3
6.285000E-8	2.744150E-3
6.290000E-8	2.677345E-3
6.295000E-8	2.622530E-3
6.300000E-8	2.581419E-3
6.305000E-8	2.543734E-3
6.310000E-8	2.519753E-3
6.315000E-8	2.521466E-3
6.320000E-8	2.540309E-3
6.325000E-8	2.572855E-3
6.330000E-8	2.641373E-3
6.335000E-8	2.735585E-3
6.340000E-8	2.819519E-3
6.345000E-8	2.894889E-3
6.350000E-8	2.995953E-3
6.355000E-8	3.122712E-3
6.360000E-8	3.246044E-3
6.365000E-8	3.343682E-3
6.370000E-8	3.405348E-3
6.375000E-8	3.437894E-3
6.380000E-8	3.449885E-3
6.385000E-8	3.429330E-3
6.390000E-8	3.372802E-3
6.395000E-8	3.288868E-3
6.400000E-8	3.182665E-3
6.405000E-8	3.050768E-3
6.410000E-8	2.906880E-3
6.415000E-8	2.776696E-3
6.420000E-8	2.668780E-3
6.425000E-8	2.591697E-3
6.430000E-8	2.554012E-3
6.435000E-8	2.543734E-3
6.440000E-8	2.548873E-3
6.445000E-8	2.586558E-3
6.450000E-8	2.663641E-3
6.455000E-8	2.759566E-3
6.460000E-8	2.858917E-3
6.465000E-8	2.968546E-3
6.470000E-8	3.076462E-3
6.475000E-8	3.158683E-3
6.480000E-8	3.218637E-3
6.485000E-8	3.268312E-3
6.490000E-8	3.299145E-3
6.495000E-8	3.305997E-3
6.500000E-8	3.295720E-3
6.505000E-8	3.263173E-3
6.510000E-8	3.196368E-3
6.515000E-8	3.107295E-3
6.520000E-8	3.013083E-3
6.525000E-8	2.910306E-3
6.530000E-8	2.804103E-3
6.535000E-8	2.713316E-3
6.540000E-8	2.649937E-3
6.545000E-8	2.613965E-3
6.550000E-8	2.603688E-3
6.555000E-8	2.624243E-3
6.560000E-8	2.670493E-3
6.565000E-8	2.727020E-3
6.570000E-8	2.776696E-3
6.575000E-8	2.828084E-3
6.580000E-8	2.884611E-3
6.585000E-8	2.939426E-3
6.590000E-8	2.980537E-3
6.595000E-8	3.001092E-3
6.600000E-8	3.006231E-3
6.605000E-8	3.011370E-3
6.610000E-8	3.033638E-3
6.615000E-8	3.059332E-3
6.620000E-8	3.085027E-3
6.625000E-8	3.112434E-3
6.630000E-8	3.129563E-3
6.635000E-8	3.129563E-3
6.640000E-8	3.129563E-3
6.645000E-8	3.124424E-3
6.650000E-8	3.090165E-3
6.655000E-8	3.028499E-3
6.660000E-8	2.965120E-3
6.665000E-8	2.888037E-3
6.670000E-8	2.783547E-3
6.675000E-8	2.667067E-3
6.680000E-8	2.554012E-3
6.685000E-8	2.447809E-3
6.690000E-8	2.374152E-3
6.695000E-8	2.338180E-3
6.700000E-8	2.315912E-3
6.705000E-8	2.315912E-3
6.710000E-8	2.377578E-3
6.715000E-8	2.492346E-3
6.720000E-8	2.617391E-3
6.725000E-8	2.749288E-3
6.730000E-8	2.882899E-3
6.735000E-8	2.999379E-3
6.740000E-8	3.090165E-3
6.745000E-8	3.168961E-3
6.750000E-8	3.227201E-3
6.755000E-8	3.244331E-3
6.760000E-8	3.235766E-3
6.765000E-8	3.220350E-3
6.770000E-8	3.184378E-3
6.775000E-8	3.120999E-3
6.780000E-8	3.055906E-3
6.785000E-8	3.007944E-3
6.790000E-8	2.958268E-3
6.795000E-8	2.905167E-3
6.800000E-8	2.869195E-3
6.805000E-8	2.869195E-3
6.810000E-8	2.886324E-3
6.815000E-8	2.894889E-3
6.820000E-8	2.894889E-3
6.825000E-8	2.893176E-3
6.830000E-8	2.886324E-3
6.835000E-8	2.865769E-3
6.840000E-8	2.829797E-3
6.845000E-8	2.788686E-3
6.850000E-8	2.745863E-3
6.855000E-8	2.699613E-3
6.860000E-8	2.651650E-3
6.865000E-8	2.612252E-3
6.870000E-8	2.589984E-3
6.875000E-8	2.579706E-3
6.880000E-8	2.562577E-3
6.885000E-8	2.548873E-3
6.890000E-8	2.564290E-3
6.895000E-8	2.607114E-3
6.900000E-8	2.653363E-3
6.905000E-8	2.706465E-3
6.910000E-8	2.778409E-3
6.915000E-8	2.862343E-3
6.920000E-8	2.934287E-3
6.925000E-8	2.975398E-3
6.930000E-8	2.985676E-3
6.935000E-8	2.973685E-3
6.940000E-8	2.937713E-3
6.945000E-8	2.882899E-3
6.950000E-8	2.831510E-3
6.955000E-8	2.786973E-3
6.960000E-8	2.735585E-3
6.965000E-8	2.685909E-3
6.970000E-8	2.665354E-3
6.975000E-8	2.665354E-3
6.980000E-8	2.685909E-3
6.985000E-8	2.744150E-3
6.990000E-8	2.822945E-3
6.995000E-8	2.893176E-3
7.000000E-8	2.958268E-3
7.005000E-8	3.035351E-3
7.010000E-8	3.112434E-3
7.015000E-8	3.172387E-3
7.020000E-8	3.216924E-3
7.025000E-8	3.232340E-3
7.030000E-8	3.204933E-3
7.035000E-8	3.139841E-3
7.040000E-8	3.066184E-3
7.045000E-8	2.989101E-3
7.050000E-8	2.906880E-3
7.055000E-8	2.824658E-3
7.060000E-8	2.752714E-3
7.065000E-8	2.706465E-3
7.070000E-8	2.680770E-3
7.075000E-8	2.658502E-3
7.080000E-8	2.644798E-3
7.085000E-8	2.655076E-3
7.090000E-8	2.691048E-3
7.095000E-8	2.737298E-3
7.100000E-8	2.786973E-3
7.105000E-8	2.852065E-3
7.110000E-8	2.918870E-3
7.115000E-8	2.966833E-3
7.120000E-8	2.999379E-3
7.125000E-8	3.031925E-3
7.130000E-8	3.062758E-3
7.135000E-8	3.086740E-3
7.140000E-8	3.110721E-3
7.145000E-8	3.131276E-3
7.150000E-8	3.138128E-3
7.155000E-8	3.120999E-3
7.160000E-8	3.085027E-3
7.165000E-8	3.019935E-3
7.170000E-8	2.920583E-3
7.175000E-8	2.798964E-3
7.180000E-8	2.680770E-3
7.185000E-8	2.579706E-3
7.190000E-8	2.492346E-3
7.195000E-8	2.430680E-3
7.200000E-8	2.401560E-3
7.205000E-8	2.396421E-3
7.210000E-8	2.415263E-3
7.215000E-8	2.463226E-3
7.220000E-8	2.528318E-3
7.225000E-8	2.608827E-3
7.230000E-8	2.715029E-3
7.235000E-8	2.833223E-3
7.240000E-8	2.934287E-3
7.245000E-8	3.030212E-3
7.250000E-8	3.114147E-3
7.255000E-8	3.158683E-3
7.260000E-8	3.170674E-3
7.265000E-8	3.174100E-3
7.270000E-8	3.163822E-3
7.275000E-8	3.139841E-3
7.280000E-8	3.112434E-3
7.285000E-8	3.074749E-3
7.290000E-8	3.028499E-3
7.295000E-8	2.995953E-3
7.300000E-8	2.973685E-3
7.305000E-8	2.934287E-3
7.310000E-8	2.882899E-3
7.315000E-8	2.838362E-3
7.320000E-8	2.795538E-3
7.325000E-8	2.761279E-3
7.330000E-8	2.744150E-3
7.335000E-8	2.732159E-3
7.340000E-8	2.713316E-3
7.345000E-8	2.697900E-3
7.350000E-8	2.703039E-3
7.355000E-8	2.723594E-3
7.360000E-8	2.757853E-3
7.365000E-8	2.800677E-3
7.370000E-8	2.843501E-3
7.375000E-8	2.881186E-3
7.380000E-8	2.917158E-3
7.385000E-8	2.947991E-3
7.390000E-8	2.973685E-3
7.395000E-8	2.982250E-3
7.400000E-8	2.980537E-3
7.405000E-8	2.975398E-3
7.410000E-8	2.965120E-3
7.415000E-8	2.942852E-3
7.420000E-8	2.915445E-3
7.425000E-8	2.896602E-3
7.430000E-8	2.881186E-3
7.435000E-8	2.874334E-3
7.440000E-8	2.884611E-3
7.445000E-8	2.910306E-3
7.450000E-8	2.942852E-3
7.455000E-8	2.977111E-3
7.460000E-8	3.004518E-3
7.465000E-8	3.007944E-3
7.470000E-8	2.989101E-3
7.475000E-8	2.958268E-3
7.480000E-8	2.922296E-3
7.485000E-8	2.877760E-3
7.490000E-8	2.824658E-3
7.495000E-8	2.773270E-3
7.500000E-8	2.721881E-3
7.505000E-8	2.679057E-3
7.510000E-8	2.653363E-3
7.515000E-8	2.653363E-3
7.520000E-8	2.679057E-3
7.525000E-8	2.737298E-3
7.530000E-8	2.812668E-3
7.535000E-8	2.888037E-3
7.540000E-8	2.946278E-3
7.545000E-8	2.989101E-3
7.550000E-8	3.018222E-3
7.555000E-8	3.045629E-3
7.560000E-8	3.078175E-3
7.565000E-8	3.110721E-3
7.570000E-8	3.126137E-3
7.575000E-8	3.115860E-3
7.580000E-8	3.090165E-3
7.585000E-8	3.061045E-3
7.590000E-8	3.030212E-3
7.595000E-8	2.987388E-3
7.600000E-8	2.939426E-3
7.605000E-8	2.905167E-3
7.610000E-8	2.888037E-3
7.615000E-8	2.862343E-3
7.620000E-8	2.817806E-3
7.625000E-8	2.776696E-3
7.630000E-8	2.751001E-3
7.635000E-8	2.737298E-3
7.640000E-8	2.725307E-3
7.645000E-8	2.704752E-3
7.650000E-8	2.682483E-3
7.655000E-8	2.677345E-3
7.660000E-8	2.699613E-3
7.665000E-8	2.744150E-3
7.670000E-8	2.797251E-3
7.675000E-8	2.857204E-3
7.680000E-8	2.927435E-3
7.685000E-8	3.004518E-3
7.690000E-8	3.059332E-3
7.695000E-8	3.073036E-3
7.700000E-8	3.064471E-3
7.705000E-8	3.045629E-3
7.710000E-8	3.009657E-3
7.715000E-8	2.956555E-3
7.720000E-8	2.893176E-3
7.725000E-8	2.829797E-3
7.730000E-8	2.771557E-3
7.735000E-8	2.723594E-3
7.740000E-8	2.687622E-3
7.745000E-8	2.665354E-3
7.750000E-8	2.661928E-3
7.755000E-8	2.667067E-3
7.760000E-8	2.663641E-3
7.765000E-8	2.661928E-3
7.770000E-8	2.680770E-3
7.775000E-8	2.696187E-3
7.780000E-8	2.703039E-3
7.785000E-8	2.733872E-3
7.790000E-8	2.797251E-3
7.795000E-8	2.870908E-3
7.800000E-8	2.944565E-3
7.805000E-8	3.030212E-3
7.810000E-8	3.119286E-3
7.815000E-8	3.191230E-3
7.820000E-8	3.234053E-3
7.825000E-8	3.249470E-3
7.830000E-8	3.222063E-3
7.835000E-8	3.136415E-3
7.840000E-8	3.016509E-3
7.845000E-8	2.884611E-3
7.850000E-8	2.730446E-3
7.855000E-8	2.562577E-3
7.860000E-8	2.425541E-3
7.865000E-8	2.333042E-3
7.870000E-8	2.286792E-3
7.875000E-8	2.305634E-3
7.880000E-8	2.401560E-3
7.885000E-8	2.538596E-3
7.890000E-8	2.694474E-3
7.895000E-8	2.867482E-3
7.900000E-8	3.025073E-3
7.905000E-8	3.139841E-3
7.910000E-8	3.213498E-3
7.915000E-8	3.254609E-3
7.920000E-8	3.244331E-3
7.925000E-8	3.192942E-3
7.930000E-8	3.114147E-3
7.935000E-8	3.014796E-3
7.940000E-8	2.917158E-3
7.945000E-8	2.840075E-3
7.950000E-8	2.771557E-3
7.955000E-8	2.709891E-3
7.960000E-8	2.691048E-3
7.965000E-8	2.715029E-3
7.970000E-8	2.757853E-3
7.975000E-8	2.814381E-3
7.980000E-8	2.886324E-3
7.985000E-8	2.956555E-3
7.990000E-8	3.007944E-3
7.995000E-8	3.023360E-3
8.000000E-8	3.001092E-3
8.005000E-8	2.954842E-3
8.010000E-8	2.896602E-3
8.015000E-8	2.816093E-3
8.020000E-8	2.711604E-3
8.025000E-8	2.600262E-3
8.030000E-8	2.494059E-3
8.035000E-8	2.391282E-3
8.040000E-8	2.300496E-3
8.045000E-8	2.247394E-3
8.050000E-8	2.237116E-3
8.055000E-8	2.264524E-3
8.060000E-8	2.334755E-3
8.065000E-8	2.447809E-3
8.070000E-8	2.581419E-3
8.075000E-8	2.713316E-3
8.080000E-8	2.829797E-3
8.085000E-8	2.924009E-3
8.090000E-8	2.992527E-3
8.095000E-8	3.019935E-3
8.100000E-8	2.997666E-3
8.105000E-8	2.927435E-3
8.110000E-8	2.838362E-3
8.115000E-8	2.739011E-3
8.120000E-8	2.637947E-3
8.125000E-8	2.545447E-3
8.130000E-8	2.482068E-3
8.135000E-8	2.454661E-3
8.140000E-8	2.470078E-3
8.145000E-8	2.519753E-3
8.150000E-8	2.576280E-3
8.155000E-8	2.627669E-3
8.160000E-8	2.672206E-3
8.165000E-8	2.709891E-3
8.170000E-8	2.730446E-3
8.175000E-8	2.727020E-3
8.180000E-8	2.703039E-3
8.185000E-8	2.661928E-3
8.190000E-8	2.619104E-3
8.195000E-8	2.579706E-3
8.200000E-8	2.547160E-3
8.205000E-8	2.531744E-3
8.210000E-8	2.538596E-3
8.215000E-8	2.564290E-3
8.220000E-8	2.603688E-3
8.225000E-8	2.661928E-3
8.230000E-8	2.728733E-3
8.235000E-8	2.786973E-3
8.240000E-8	2.834936E-3
8.245000E-8	2.872621E-3
8.250000E-8	2.889750E-3
8.255000E-8	2.889750E-3
8.260000E-8	2.886324E-3
8.265000E-8	2.874334E-3
8.270000E-8	2.843501E-3
8.275000E-8	2.817806E-3
8.280000E-8	2.805816E-3
8.285000E-8	2.802390E-3
8.290000E-8	2.795538E-3
8.295000E-8	2.790399E-3
8.300000E-8	2.781834E-3
8.305000E-8	2.773270E-3
8.310000E-8	2.766418E-3
8.315000E-8	2.751001E-3
8.320000E-8	2.709891E-3
8.325000E-8	2.653363E-3
8.330000E-8	2.603688E-3
8.335000E-8	2.554012E-3
8.340000E-8	2.499198E-3
8.345000E-8	2.452948E-3
8.350000E-8	2.434106E-3
8.355000E-8	2.434106E-3
8.360000E-8	2.428967E-3
8.365000E-8	2.410124E-3
8.370000E-8	2.394708E-3
8.375000E-8	2.386143E-3
8.380000E-8	2.363875E-3
8.385000E-8	2.312486E-3
8.390000E-8	2.259385E-3
8.395000E-8	2.219987E-3
8.400000E-8	2.175450E-3
8.405000E-8	2.125775E-3
8.410000E-8	2.108645E-3
8.415000E-8	2.127488E-3
8.420000E-8	2.151469E-3
8.425000E-8	2.177163E-3
8.430000E-8	2.226839E-3
8.435000E-8	2.276514E-3
8.440000E-8	2.309060E-3
8.445000E-8	2.339893E-3
8.450000E-8	2.369014E-3
8.455000E-8	2.369014E-3
8.460000E-8	2.355310E-3
8.465000E-8	2.351884E-3
8.470000E-8	2.357023E-3
8.475000E-8	2.358736E-3
8.480000E-8	2.355310E-3
8.485000E-8	2.353597E-3
8.490000E-8	2.372439E-3
8.495000E-8	2.411837E-3
8.500000E-8	2.458087E-3
8.505000E-8	2.507762E-3
8.510000E-8	2.564290E-3
8.515000E-8	2.613965E-3
8.520000E-8	2.651650E-3
8.525000E-8	2.697900E-3
8.530000E-8	2.749288E-3
8.535000E-8	2.795538E-3
8.540000E-8	2.841788E-3
8.545000E-8	2.900028E-3
8.550000E-8	2.963407E-3
8.555000E-8	3.023360E-3
8.560000E-8	3.074749E-3
8.565000E-8	3.107295E-3
8.570000E-8	3.117573E-3
8.575000E-8	3.110721E-3
8.580000E-8	3.083314E-3
8.585000E-8	3.035351E-3
8.590000E-8	2.975398E-3
8.595000E-8	2.906880E-3
8.600000E-8	2.828084E-3
8.605000E-8	2.749288E-3
8.610000E-8	2.684196E-3
8.615000E-8	2.639660E-3
8.620000E-8	2.619104E-3
8.625000E-8	2.607114E-3
8.630000E-8	2.589984E-3
8.635000E-8	2.586558E-3
8.640000E-8	2.608827E-3
8.645000E-8	2.632808E-3
8.650000E-8	2.643086E-3
8.655000E-8	2.655076E-3
8.660000E-8	2.675632E-3
8.665000E-8	2.691048E-3
8.670000E-8	2.704752E-3
8.675000E-8	2.740724E-3
8.680000E-8	2.786973E-3
8.685000E-8	2.822945E-3
8.690000E-8	2.860630E-3
8.695000E-8	2.894889E-3
8.700000E-8	2.903454E-3
8.705000E-8	2.882899E-3
8.710000E-8	2.862343E-3
8.715000E-8	2.860630E-3
8.720000E-8	2.862343E-3
8.725000E-8	2.841788E-3
8.730000E-8	2.805816E-3
8.735000E-8	2.780122E-3
8.740000E-8	2.762992E-3
8.745000E-8	2.737298E-3
8.750000E-8	2.701326E-3
8.755000E-8	2.673919E-3
8.760000E-8	2.651650E-3
8.765000E-8	2.620817E-3
8.770000E-8	2.588271E-3
8.775000E-8	2.542021E-3
8.780000E-8	2.478642E-3
8.785000E-8	2.430680E-3
8.790000E-8	2.404985E-3
8.795000E-8	2.382717E-3
8.800000E-8	2.367301E-3
8.805000E-8	2.379291E-3
8.810000E-8	2.401560E-3
8.815000E-8	2.422115E-3
8.820000E-8	2.459800E-3
8.825000E-8	2.523179E-3
8.830000E-8	2.586558E-3
8.835000E-8	2.622530E-3
8.840000E-8	2.651650E-3
8.845000E-8	2.680770E-3
8.850000E-8	2.692761E-3
8.855000E-8	2.673919E-3
8.860000E-8	2.643086E-3
8.865000E-8	2.600262E-3
8.870000E-8	2.531744E-3
8.875000E-8	2.461513E-3
8.880000E-8	2.415263E-3
8.885000E-8	2.387856E-3
8.890000E-8	2.369014E-3
8.895000E-8	2.365588E-3
8.900000E-8	2.372439E-3
8.905000E-8	2.379291E-3
8.910000E-8	2.396421E-3
8.915000E-8	2.437532E-3
8.920000E-8	2.487207E-3
8.925000E-8	2.530031E-3
8.930000E-8	2.576280E-3
8.935000E-8	2.624243E-3
8.940000E-8	2.668780E-3
8.945000E-8	2.715029E-3
8.950000E-8	2.761279E-3
8.955000E-8	2.802390E-3
8.960000E-8	2.846927E-3
8.965000E-8	2.905167E-3
8.970000E-8	2.970259E-3
8.975000E-8	3.014796E-3
8.980000E-8	3.042203E-3
8.985000E-8	3.057619E-3
8.990000E-8	3.047342E-3
8.995000E-8	2.995953E-3
9.000000E-8	2.924009E-3
9.005000E-8	2.850352E-3
9.010000E-8	2.773270E-3
9.015000E-8	2.687622E-3
9.020000E-8	2.610539E-3
9.025000E-8	2.557438E-3
9.030000E-8	2.519753E-3
9.035000E-8	2.480355E-3
9.040000E-8	2.435819E-3
9.045000E-8	2.406698E-3
9.050000E-8	2.406698E-3
9.055000E-8	2.432393E-3
9.060000E-8	2.466652E-3
9.065000E-8	2.500911E-3
9.070000E-8	2.536883E-3
9.075000E-8	2.566003E-3
9.080000E-8	2.574568E-3
9.085000E-8	2.571142E-3
9.090000E-8	2.571142E-3
9.095000E-8	2.571142E-3
9.100000E-8	2.560864E-3
9.105000E-8	2.547160E-3
9.110000E-8	2.538596E-3
9.115000E-8	2.528318E-3
9.120000E-8	2.519753E-3
9.125000E-8	2.533457E-3
9.130000E-8	2.576280E-3
9.135000E-8	2.636234E-3
9.140000E-8	2.706465E-3
9.145000E-8	2.776696E-3
9.150000E-8	2.826371E-3
9.155000E-8	2.843501E-3
9.160000E-8	2.826371E-3
9.165000E-8	2.778409E-3
9.170000E-8	2.701326E-3
9.175000E-8	2.613965E-3
9.180000E-8	2.524892E-3
9.185000E-8	2.446096E-3
9.190000E-8	2.387856E-3
9.195000E-8	2.345032E-3
9.200000E-8	2.309060E-3
9.205000E-8	2.288505E-3
9.210000E-8	2.290218E-3
9.215000E-8	2.291931E-3
9.220000E-8	2.288505E-3
9.225000E-8	2.302208E-3
9.230000E-8	2.343319E-3
9.235000E-8	2.377578E-3
9.240000E-8	2.382717E-3
9.245000E-8	2.384430E-3
9.250000E-8	2.399847E-3
9.255000E-8	2.410124E-3
9.260000E-8	2.411837E-3
9.265000E-8	2.411837E-3
9.270000E-8	2.415263E-3
9.275000E-8	2.418689E-3
9.280000E-8	2.416976E-3
9.285000E-8	2.410124E-3
9.290000E-8	2.408411E-3
9.295000E-8	2.401560E-3
9.300000E-8	2.389569E-3
9.305000E-8	2.370726E-3
9.310000E-8	2.343319E-3
9.315000E-8	2.314199E-3
9.320000E-8	2.305634E-3
9.325000E-8	2.310773E-3
9.330000E-8	2.312486E-3
9.335000E-8	2.322764E-3
9.340000E-8	2.360449E-3
9.345000E-8	2.389569E-3
9.350000E-8	2.389569E-3
9.355000E-8	2.387856E-3
9.360000E-8	2.394708E-3
9.365000E-8	2.381004E-3
9.370000E-8	2.343319E-3
9.375000E-8	2.305634E-3
9.380000E-8	2.279940E-3
9.385000E-8	2.250820E-3
9.390000E-8	2.213135E-3
9.395000E-8	2.170311E-3
9.400000E-8	2.132626E-3
9.405000E-8	2.122349E-3
9.410000E-8	2.144617E-3
9.415000E-8	2.184015E-3
9.420000E-8	2.238829E-3
9.425000E-8	2.329616E-3
9.430000E-8	2.451235E-3
9.435000E-8	2.574568E-3
9.440000E-8	2.685909E-3
9.445000E-8	2.769844E-3
9.450000E-8	2.817806E-3
9.455000E-8	2.841788E-3
9.460000E-8	2.853778E-3
9.465000E-8	2.846927E-3
9.470000E-8	2.810955E-3
9.475000E-8	2.754427E-3
9.480000E-8	2.701326E-3
9.485000E-8	2.660215E-3
9.490000E-8	2.632808E-3
9.495000E-8	2.617391E-3
9.500000E-8	2.598549E-3
9.505000E-8	2.583132E-3
9.510000E-8	2.588271E-3
9.515000E-8	2.613965E-3
9.520000E-8	2.646511E-3
9.525000E-8	2.684196E-3
9.530000E-8	2.733872E-3
9.535000E-8	2.790399E-3
9.540000E-8	2.841788E-3
9.545000E-8	2.879473E-3
9.550000E-8	2.910306E-3
9.555000E-8	2.934287E-3
9.560000E-8	2.946278E-3
9.565000E-8	2.949704E-3
9.570000E-8	2.944565E-3
9.575000E-8	2.924009E-3
9.580000E-8	2.882899E-3
9.585000E-8	2.833223E-3
9.590000E-8	2.785260E-3
9.595000E-8	2.744150E-3
9.600000E-8	2.721881E-3
9.605000E-8	2.720168E-3
9.610000E-8	2.725307E-3
9.615000E-8	2.721881E-3
9.620000E-8	2.716742E-3
9.625000E-8	2.716742E-3
9.630000E-8	2.715029E-3
9.635000E-8	2.701326E-3
9.640000E-8	2.685909E-3
9.645000E-8	2.670493E-3
9.650000E-8	2.641373E-3
9.655000E-8	2.584845E-3
9.660000E-8	2.518040E-3
9.665000E-8	2.463226E-3
9.670000E-8	2.413550E-3
9.675000E-8	2.365588E-3
9.680000E-8	2.333042E-3
9.685000E-8	2.317625E-3
9.690000E-8	2.295357E-3
9.695000E-8	2.257672E-3
9.700000E-8	2.214848E-3
9.705000E-8	2.173737E-3
9.710000E-8	2.139478E-3
9.715000E-8	2.120636E-3
9.720000E-8	2.117210E-3
9.725000E-8	2.115497E-3
9.730000E-8	2.125775E-3
9.735000E-8	2.163460E-3
9.740000E-8	2.223413E-3
9.745000E-8	2.288505E-3
9.750000E-8	2.362162E-3
9.755000E-8	2.440957E-3
9.760000E-8	2.514614E-3
9.765000E-8	2.577993E-3
9.770000E-8	2.631095E-3
9.775000E-8	2.663641E-3
9.780000E-8	2.679057E-3
9.785000E-8	2.684196E-3
9.790000E-8	2.680770E-3
9.795000E-8	2.660215E-3
9.800000E-8	2.629382E-3
9.805000E-8	2.596836E-3
9.810000E-8	2.557438E-3
9.815000E-8	2.521466E-3
9.820000E-8	2.497485E-3
9.825000E-8	2.485494E-3
9.830000E-8	2.475216E-3
9.835000E-8	2.473503E-3
9.840000E-8	2.495772E-3
9.845000E-8	2.543734E-3
9.850000E-8	2.600262E-3
9.855000E-8	2.663641E-3
9.860000E-8	2.735585E-3
9.865000E-8	2.807529E-3
9.870000E-8	2.865769E-3
9.875000E-8	2.901741E-3
9.880000E-8	2.920583E-3
9.885000E-8	2.918870E-3
9.890000E-8	2.905167E-3
9.895000E-8	2.881186E-3
9.900000E-8	2.838362E-3
9.905000E-8	2.786973E-3
9.910000E-8	2.761279E-3
9.915000E-8	2.761279E-3
9.920000E-8	2.762992E-3
9.925000E-8	2.766418E-3
9.930000E-8	2.788686E-3
9.935000E-8	2.819519E-3
9.940000E-8	2.843501E-3
9.945000E-8	2.870908E-3
9.950000E-8	2.912019E-3
9.955000E-8	2.953129E-3
9.960000E-8	2.975398E-3
9.965000E-8	2.982250E-3
9.970000E-8	2.980537E-3
9.975000E-8	2.965120E-3
9.980000E-8	2.918870E-3
9.985000E-8	2.843501E-3
9.990000E-8	2.762992E-3
9.995000E-8	2.682483E-3
1.000000E-7	2.595123E-3
1.000500E-7	2.512901E-3
1.001000E-7	2.458087E-3
1.001500E-7	2.423828E-3
1.002000E-7	2.415263E-3
1.002500E-7	2.439244E-3
1.003000E-7	2.485494E-3
1.003500E-7	2.535170E-3
1.004000E-7	2.588271E-3
1.004500E-7	2.634521E-3
1.005000E-7	2.660215E-3
1.005500E-7	2.663641E-3
1.006000E-7	2.641373E-3
1.006500E-7	2.591697E-3
1.007000E-7	2.535170E-3
1.007500E-7	2.480355E-3
1.008000E-7	2.423828E-3
1.008500E-7	2.377578E-3
1.009000E-7	2.360449E-3
1.009500E-7	2.370726E-3
1.010000E-7	2.406698E-3
1.010500E-7	2.471791E-3
1.011000E-7	2.538596E-3
1.011500E-7	2.588271E-3
1.012000E-7	2.627669E-3
1.012500E-7	2.651650E-3
1.013000E-7	2.643086E-3
1.013500E-7	2.598549E-3
1.014000E-7	2.523179E-3
1.014500E-7	2.418689E-3
1.015000E-7	2.309060E-3
1.015500E-7	2.213135E-3
1.016000E-7	2.122349E-3
1.016500E-7	2.048692E-3
1.017000E-7	2.017859E-3
1.017500E-7	2.019572E-3
1.018000E-7	2.040127E-3
1.018500E-7	2.101793E-3
1.019000E-7	2.192580E-3
1.019500E-7	2.278227E-3
1.020000E-7	2.360449E-3
1.020500E-7	2.470078E-3
1.021000E-7	2.583132E-3
1.021500E-7	2.668780E-3
1.022000E-7	2.749288E-3
1.022500E-7	2.829797E-3
1.023000E-7	2.870908E-3
1.023500E-7	2.867482E-3
1.024000E-7	2.857204E-3
1.024500E-7	2.846927E-3
1.025000E-7	2.828084E-3
1.025500E-7	2.805816E-3
1.026000E-7	2.780122E-3
1.026500E-7	2.749288E-3
1.027000E-7	2.720168E-3
1.027500E-7	2.696187E-3
1.028000E-7	2.684196E-3
1.028500E-7	2.684196E-3
1.029000E-7	2.697900E-3
1.029500E-7	2.706465E-3
1.030000E-7	2.713316E-3
1.030500E-7	2.718455E-3
1.031000E-7	2.701326E-3
1.031500E-7	2.661928E-3
1.032000E-7	2.615678E-3
1.032500E-7	2.566003E-3
1.033000E-7	2.511188E-3
1.033500E-7	2.468365E-3
1.034000E-7	2.447809E-3
1.034500E-7	2.451235E-3
1.035000E-7	2.476929E-3
1.035500E-7	2.511188E-3
1.036000E-7	2.547160E-3
1.036500E-7	2.589984E-3
1.037000E-7	2.637947E-3
1.037500E-7	2.661928E-3
1.038000E-7	2.673919E-3
1.038500E-7	2.704752E-3
1.039000E-7	2.720168E-3
1.039500E-7	2.680770E-3
1.040000E-7	2.613965E-3
1.040500E-7	2.542021E-3
1.041000E-7	2.447809E-3
1.041500E-7	2.350171E-3
1.042000E-7	2.290218E-3
1.042500E-7	2.255959E-3
1.043000E-7	2.235403E-3
1.043500E-7	2.243968E-3
1.044000E-7	2.285079E-3
1.044500E-7	2.327903E-3
1.045000E-7	2.365588E-3
1.045500E-7	2.396421E-3
1.046000E-7	2.425541E-3
1.046500E-7	2.452948E-3
1.047000E-7	2.464939E-3
1.047500E-7	2.449522E-3
1.048000E-7	2.420402E-3
1.048500E-7	2.389569E-3
1.049000E-7	2.345032E-3
1.049500E-7	2.276514E-3
1.050000E-7	2.207996E-3
1.050500E-7	2.161747E-3
1.051000E-7	2.141191E-3
1.051500E-7	2.149756E-3
1.052000E-7	2.196006E-3
1.052500E-7	2.269662E-3
1.053000E-7	2.350171E-3
1.053500E-7	2.422115E-3
1.054000E-7	2.487207E-3
1.054500E-7	2.555725E-3
1.055000E-7	2.620817E-3
1.055500E-7	2.655076E-3
1.056000E-7	2.661928E-3
1.056500E-7	2.661928E-3
1.057000E-7	2.631095E-3
1.057500E-7	2.542021E-3
1.058000E-7	2.427254E-3
1.058500E-7	2.322764E-3
1.059000E-7	2.228552E-3
1.059500E-7	2.151469E-3
1.060000E-7	2.122349E-3
1.060500E-7	2.139478E-3
1.061000E-7	2.166885E-3
1.061500E-7	2.206283E-3
1.062000E-7	2.254246E-3
1.062500E-7	2.290218E-3
1.063000E-7	2.307347E-3
1.063500E-7	2.317625E-3
1.064000E-7	2.321051E-3
1.064500E-7	2.326190E-3
1.065000E-7	2.350171E-3
1.065500E-7	2.379291E-3
1.066000E-7	2.392995E-3
1.066500E-7	2.416976E-3
1.067000E-7	2.473503E-3
1.067500E-7	2.547160E-3
1.068000E-7	2.608827E-3
1.068500E-7	2.653363E-3
1.069000E-7	2.668780E-3
1.069500E-7	2.660215E-3
1.070000E-7	2.643086E-3
1.070500E-7	2.593410E-3
1.071000E-7	2.502624E-3
1.071500E-7	2.399847E-3
1.072000E-7	2.322764E-3
1.072500E-7	2.264524E-3
1.073000E-7	2.225126E-3
1.073500E-7	2.206283E-3
1.074000E-7	2.214848E-3
1.074500E-7	2.247394E-3
1.075000E-7	2.298783E-3
1.075500E-7	2.348458E-3
1.076000E-7	2.391282E-3
1.076500E-7	2.428967E-3
1.077000E-7	2.442670E-3
1.077500E-7	2.406698E-3
1.078000E-7	2.346745E-3
1.078500E-7	2.288505E-3
1.079000E-7	2.237116E-3
1.079500E-7	2.187441E-3
1.080000E-7	2.153182E-3
1.080500E-7	2.154895E-3
1.081000E-7	2.199431E-3
1.081500E-7	2.264524E-3
1.082000E-7	2.336467E-3
1.082500E-7	2.416976E-3
1.083000E-7	2.511188E-3
1.083500E-7	2.596836E-3
1.084000E-7	2.656789E-3
1.084500E-7	2.685909E-3
1.085000E-7	2.679057E-3
1.085500E-7	2.622530E-3
1.086000E-7	2.540309E-3
1.086500E-7	2.466652E-3
1.087000E-7	2.398134E-3
1.087500E-7	2.326190E-3
1.088000E-7	2.261098E-3
1.088500E-7	2.230265E-3
1.089000E-7	2.245681E-3
1.089500E-7	2.297070E-3
1.090000E-7	2.363875E-3
1.090500E-7	2.434106E-3
1.091000E-7	2.523179E-3
1.091500E-7	2.622530E-3
1.092000E-7	2.697900E-3
1.092500E-7	2.742437E-3
1.093000E-7	2.766418E-3
1.093500E-7	2.761279E-3
1.094000E-7	2.725307E-3
1.094500E-7	2.682483E-3
1.095000E-7	2.639660E-3
1.095500E-7	2.588271E-3
1.096000E-7	2.543734E-3
1.096500E-7	2.516327E-3
1.097000E-7	2.490633E-3
1.097500E-7	2.471791E-3
1.098000E-7	2.487207E-3
1.098500E-7	2.530031E-3
1.099000E-7	2.566003E-3
1.099500E-7	2.610539E-3
1.100000E-7	2.675632E-3
1.100500E-7	2.737298E-3
1.101000E-7	2.780122E-3
1.101500E-7	2.812668E-3
1.102000E-7	2.843501E-3
1.102500E-7	2.857204E-3
1.103000E-7	2.838362E-3
1.103500E-7	2.773270E-3
1.104000E-7	2.679057E-3
1.104500E-7	2.591697E-3
1.105000E-7	2.512901E-3
1.105500E-7	2.434106E-3
1.106000E-7	2.370726E-3
1.106500E-7	2.334755E-3
1.107000E-7	2.297070E-3
1.107500E-7	2.249107E-3
1.108000E-7	2.225126E-3
1.108500E-7	2.243968E-3
1.109000E-7	2.266237E-3
1.109500E-7	2.267949E-3
1.110000E-7	2.261098E-3
1.110500E-7	2.264524E-3
1.111000E-7	2.276514E-3
1.111500E-7	2.293644E-3
1.112000E-7	2.302208E-3
1.112500E-7	2.315912E-3
1.113000E-7	2.355310E-3
1.113500E-7	2.403273E-3
1.114000E-7	2.442670E-3
1.114500E-7	2.478642E-3
1.115000E-7	2.521466E-3
1.115500E-7	2.554012E-3
1.116000E-7	2.579706E-3
1.116500E-7	2.615678E-3
1.117000E-7	2.656789E-3
1.117500E-7	2.685909E-3
1.118000E-7	2.708178E-3
1.118500E-7	2.715029E-3
1.119000E-7	2.703039E-3
1.119500E-7	2.689335E-3
1.120000E-7	2.672206E-3
1.120500E-7	2.625956E-3
1.121000E-7	2.571142E-3
1.121500E-7	2.540309E-3
1.122000E-7	2.514614E-3
1.122500E-7	2.475216E-3
1.123000E-7	2.446096E-3
1.123500E-7	2.434106E-3
1.124000E-7	2.423828E-3
1.124500E-7	2.428967E-3
1.125000E-7	2.459800E-3
1.125500E-7	2.500911E-3
1.126000E-7	2.533457E-3
1.126500E-7	2.559151E-3
1.127000E-7	2.567716E-3
1.127500E-7	2.564290E-3
1.128000E-7	2.552299E-3
1.128500E-7	2.524892E-3
1.129000E-7	2.478642E-3
1.129500E-7	2.428967E-3
1.130000E-7	2.379291E-3
1.130500E-7	2.333042E-3
1.131000E-7	2.307347E-3
1.131500E-7	2.293644E-3
1.132000E-7	2.285079E-3
1.132500E-7	2.295357E-3
1.133000E-7	2.338180E-3
1.133500E-7	2.386143E-3
1.134000E-7	2.418689E-3
1.134500E-7	2.447809E-3
1.135000E-7	2.468365E-3
1.135500E-7	2.470078E-3
1.136000E-7	2.464939E-3
1.136500E-7	2.452948E-3
1.137000E-7	2.416976E-3
1.137500E-7	2.351884E-3
1.138000E-7	2.283366E-3
1.138500E-7	2.225126E-3
1.139000E-7	2.192580E-3
1.139500E-7	2.189154E-3
1.140000E-7	2.207996E-3
1.140500E-7	2.245681E-3
1.141000E-7	2.319338E-3
1.141500E-7	2.422115E-3
1.142000E-7	2.526605E-3
1.142500E-7	2.643086E-3
1.143000E-7	2.766418E-3
1.143500E-7	2.864056E-3
1.144000E-7	2.915445E-3
1.144500E-7	2.929148E-3
1.145000E-7	2.901741E-3
1.145500E-7	2.836649E-3
1.146000E-7	2.749288E-3
1.146500E-7	2.644798E-3
1.147000E-7	2.519753E-3
1.147500E-7	2.396421E-3
1.148000E-7	2.288505E-3
1.148500E-7	2.190867E-3
1.149000E-7	2.117210E-3
1.149500E-7	2.069247E-3
1.150000E-7	2.034988E-3
1.150500E-7	2.011007E-3
1.151000E-7	2.019572E-3
1.151500E-7	2.060683E-3
1.152000E-7	2.124062E-3
1.152500E-7	2.202857E-3
1.153000E-7	2.288505E-3
1.153500E-7	2.379291E-3
1.154000E-7	2.478642E-3
1.154500E-7	2.584845E-3
1.155000E-7	2.685909E-3
1.155500E-7	2.781834E-3
1.156000E-7	2.877760E-3
1.156500E-7	2.966833E-3
1.157000E-7	3.038777E-3
1.157500E-7	3.079888E-3
1.158000E-7	3.078175E-3
1.158500E-7	3.052481E-3
1.159000E-7	3.025073E-3
1.159500E-7	2.980537E-3
1.160000E-7	2.900028E-3
1.160500E-7	2.807529E-3
1.161000E-7	2.715029E-3
1.161500E-7	2.610539E-3
1.162000E-7	2.495772E-3
1.162500E-7	2.391282E-3
1.163000E-7	2.307347E-3
1.163500E-7	2.242255E-3
1.164000E-7	2.204570E-3
1.164500E-7	2.190867E-3
1.165000E-7	2.201144E-3
1.165500E-7	2.243968E-3
1.166000E-7	2.297070E-3
1.166500E-7	2.331329E-3
1.167000E-7	2.348458E-3
1.167500E-7	2.365588E-3
1.168000E-7	2.374152E-3
1.168500E-7	2.365588E-3
1.169000E-7	2.346745E-3
1.169500E-7	2.319338E-3
1.170000E-7	2.286792E-3
1.170500E-7	2.283366E-3
1.171000E-7	2.303921E-3
1.171500E-7	2.317625E-3
1.172000E-7	2.326190E-3
1.172500E-7	2.358736E-3
1.173000E-7	2.406698E-3
1.173500E-7	2.463226E-3
1.174000E-7	2.528318E-3
1.174500E-7	2.583132E-3
1.175000E-7	2.613965E-3
1.175500E-7	2.632808E-3
1.176000E-7	2.636234E-3
1.176500E-7	2.624243E-3
1.177000E-7	2.601975E-3
1.177500E-7	2.571142E-3
1.178000E-7	2.538596E-3
1.178500E-7	2.531744E-3
1.179000E-7	2.554012E-3
1.179500E-7	2.569429E-3
1.180000E-7	2.593410E-3
1.180500E-7	2.651650E-3
1.181000E-7	2.711604E-3
1.181500E-7	2.725307E-3
1.182000E-7	2.706465E-3
1.182500E-7	2.679057E-3
1.183000E-7	2.624243E-3
1.183500E-7	2.535170E-3
1.184000E-7	2.440957E-3
1.184500E-7	2.351884E-3
1.185000E-7	2.269662E-3
1.185500E-7	2.202857E-3
1.186000E-7	2.151469E-3
1.186500E-7	2.120636E-3
1.187000E-7	2.113784E-3
1.187500E-7	2.118923E-3
1.188000E-7	2.130913E-3
1.188500E-7	2.154895E-3
1.189000E-7	2.182302E-3
1.189500E-7	2.206283E-3
1.190000E-7	2.245681E-3
1.190500E-7	2.298783E-3
1.191000E-7	2.343319E-3
1.191500E-7	2.372439E-3
1.192000E-7	2.396421E-3
1.192500E-7	2.410124E-3
1.193000E-7	2.415263E-3
1.193500E-7	2.420402E-3
1.194000E-7	2.427254E-3
1.194500E-7	2.432393E-3
1.195000E-7	2.439244E-3
1.195500E-7	2.439244E-3
1.196000E-7	2.420402E-3
1.196500E-7	2.399847E-3
1.197000E-7	2.394708E-3
1.197500E-7	2.392995E-3
1.198000E-7	2.374152E-3
1.198500E-7	2.357023E-3
1.199000E-7	2.358736E-3
1.199500E-7	2.360449E-3
1.200000E-7	2.355310E-3
1.200500E-7	2.362162E-3
1.201000E-7	2.382717E-3
1.201500E-7	2.406698E-3
1.202000E-7	2.434106E-3
1.202500E-7	2.449522E-3
1.203000E-7	2.456374E-3
1.203500E-7	2.464939E-3
1.204000E-7	2.487207E-3
1.204500E-7	2.512901E-3
1.205000E-7	2.531744E-3
1.205500E-7	2.538596E-3
1.206000E-7	2.528318E-3
1.206500E-7	2.506050E-3
1.207000E-7	2.475216E-3
1.207500E-7	2.427254E-3
1.208000E-7	2.370726E-3
1.208500E-7	2.315912E-3
1.209000E-7	2.261098E-3
1.209500E-7	2.209709E-3
1.210000E-7	2.163460E-3
1.210500E-7	2.117210E-3
1.211000E-7	2.065821E-3
1.211500E-7	2.019572E-3
1.212000E-7	1.988739E-3
1.212500E-7	1.976748E-3
1.213000E-7	1.980174E-3
1.213500E-7	1.983600E-3
1.214000E-7	1.985313E-3
1.214500E-7	2.000729E-3
1.215000E-7	2.050405E-3
1.215500E-7	2.115497E-3
1.216000E-7	2.182302E-3
1.216500E-7	2.259385E-3
1.217000E-7	2.336467E-3
1.217500E-7	2.392995E-3
1.218000E-7	2.427254E-3
1.218500E-7	2.451235E-3
1.219000E-7	2.451235E-3
1.219500E-7	2.425541E-3
1.220000E-7	2.386143E-3
1.220500E-7	2.345032E-3
1.221000E-7	2.314199E-3
1.221500E-7	2.290218E-3
1.222000E-7	2.266237E-3
1.222500E-7	2.249107E-3
1.223000E-7	2.237116E-3
1.223500E-7	2.226839E-3
1.224000E-7	2.238829E-3
1.224500E-7	2.288505E-3
1.225000E-7	2.348458E-3
1.225500E-7	2.387856E-3
1.226000E-7	2.420402E-3
1.226500E-7	2.444383E-3
1.227000E-7	2.435819E-3
1.227500E-7	2.411837E-3
1.228000E-7	2.399847E-3
1.228500E-7	2.396421E-3
1.229000E-7	2.375865E-3
1.229500E-7	2.350171E-3
1.230000E-7	2.327903E-3
1.230500E-7	2.314199E-3
1.231000E-7	2.309060E-3
1.231500E-7	2.310773E-3
1.232000E-7	2.307347E-3
1.232500E-7	2.297070E-3
1.233000E-7	2.298783E-3
1.233500E-7	2.314199E-3
1.234000E-7	2.334755E-3
1.234500E-7	2.362162E-3
1.235000E-7	2.389569E-3
1.235500E-7	2.418689E-3
1.236000E-7	2.454661E-3
1.236500E-7	2.490633E-3
1.237000E-7	2.518040E-3
1.237500E-7	2.536883E-3
1.238000E-7	2.559151E-3
1.238500E-7	2.567716E-3
1.239000E-7	2.552299E-3
1.239500E-7	2.521466E-3
1.240000E-7	2.478642E-3
1.240500E-7	2.422115E-3
1.241000E-7	2.370726E-3
1.241500E-7	2.341606E-3
1.242000E-7	2.331329E-3
1.242500E-7	2.336467E-3
1.243000E-7	2.367301E-3
1.243500E-7	2.408411E-3
1.244000E-7	2.437532E-3
1.244500E-7	2.470078E-3
1.245000E-7	2.512901E-3
1.245500E-7	2.540309E-3
1.246000E-7	2.550586E-3
1.246500E-7	2.554012E-3
1.247000E-7	2.550586E-3
1.247500E-7	2.524892E-3
1.248000E-7	2.485494E-3
1.248500E-7	2.423828E-3
1.249000E-7	2.339893E-3
1.249500E-7	2.252533E-3
1.250000E-7	2.180589E-3
1.250500E-7	2.120636E-3
1.251000E-7	2.086377E-3
1.251500E-7	2.086377E-3
1.252000E-7	2.106932E-3
1.252500E-7	2.137765E-3
1.253000E-7	2.185728E-3
1.253500E-7	2.245681E-3
1.254000E-7	2.307347E-3
1.254500E-7	2.370726E-3
1.255000E-7	2.434106E-3
1.255500E-7	2.488920E-3
1.256000E-7	2.530031E-3
1.256500E-7	2.557438E-3
1.257000E-7	2.557438E-3
1.257500E-7	2.535170E-3
1.258000E-7	2.512901E-3
1.258500E-7	2.495772E-3
1.259000E-7	2.468365E-3
1.259500E-7	2.432393E-3
1.260000E-7	2.396421E-3
1.260500E-7	2.362162E-3
1.261000E-7	2.326190E-3
1.261500E-7	2.286792E-3
1.262000E-7	2.242255E-3
1.262500E-7	2.194293E-3
1.263000E-7	2.156608E-3
1.263500E-7	2.127488E-3
1.264000E-7	2.093229E-3
1.264500E-7	2.058970E-3
1.265000E-7	2.040127E-3
1.265500E-7	2.033275E-3
1.266000E-7	2.024711E-3
1.266500E-7	2.016146E-3
1.267000E-7	2.022998E-3
1.267500E-7	2.038414E-3
1.268000E-7	2.053831E-3
1.268500E-7	2.067534E-3
1.269000E-7	2.096654E-3
1.269500E-7	2.151469E-3
1.270000E-7	2.214848E-3
1.270500E-7	2.267949E-3
1.271000E-7	2.317625E-3
1.271500E-7	2.363875E-3
1.272000E-7	2.396421E-3
1.272500E-7	2.420402E-3
1.273000E-7	2.449522E-3
1.273500E-7	2.464939E-3
1.274000E-7	2.452948E-3
1.274500E-7	2.440957E-3
1.275000E-7	2.434106E-3
1.275500E-7	2.420402E-3
1.276000E-7	2.404985E-3
1.276500E-7	2.398134E-3
1.277000E-7	2.384430E-3
1.277500E-7	2.372439E-3
1.278000E-7	2.382717E-3
1.278500E-7	2.403273E-3
1.279000E-7	2.415263E-3
1.279500E-7	2.427254E-3
1.280000E-7	2.434106E-3
1.280500E-7	2.418689E-3
1.281000E-7	2.392995E-3
1.281500E-7	2.372439E-3
1.282000E-7	2.350171E-3
1.282500E-7	2.341606E-3
1.283000E-7	2.348458E-3
1.283500E-7	2.341606E-3
1.284000E-7	2.321051E-3
1.284500E-7	2.317625E-3
1.285000E-7	2.326190E-3
1.285500E-7	2.329616E-3
1.286000E-7	2.338180E-3
1.286500E-7	2.357023E-3
1.287000E-7	2.362162E-3
1.287500E-7	2.370726E-3
1.288000E-7	2.399847E-3
1.288500E-7	2.428967E-3
1.289000E-7	2.446096E-3
1.289500E-7	2.468365E-3
1.290000E-7	2.488920E-3
1.290500E-7	2.490633E-3
1.291000E-7	2.482068E-3
1.291500E-7	2.473503E-3
1.292000E-7	2.456374E-3
1.292500E-7	2.439244E-3
1.293000E-7	2.430680E-3
1.293500E-7	2.425541E-3
1.294000E-7	2.416976E-3
1.294500E-7	2.411837E-3
1.295000E-7	2.422115E-3
1.295500E-7	2.439244E-3
1.296000E-7	2.463226E-3
1.296500E-7	2.497485E-3
1.297000E-7	2.540309E-3
1.297500E-7	2.567716E-3
1.298000E-7	2.584845E-3
1.298500E-7	2.603688E-3
1.299000E-7	2.615678E-3
1.299500E-7	2.612252E-3
1.300000E-7	2.600262E-3
1.300500E-7	2.601975E-3
1.301000E-7	2.617391E-3
1.301500E-7	2.632808E-3
1.302000E-7	2.636234E-3
1.302500E-7	2.624243E-3
1.303000E-7	2.612252E-3
1.303500E-7	2.607114E-3
1.304000E-7	2.612252E-3
1.304500E-7	2.627669E-3
1.305000E-7	2.643086E-3
1.305500E-7	2.651650E-3
1.306000E-7	2.655076E-3
1.306500E-7	2.668780E-3
1.307000E-7	2.689335E-3
1.307500E-7	2.701326E-3
1.308000E-7	2.704752E-3
1.308500E-7	2.716742E-3
1.309000E-7	2.732159E-3
1.309500E-7	2.739011E-3
1.310000E-7	2.733872E-3
1.310500E-7	2.720168E-3
1.311000E-7	2.694474E-3
1.311500E-7	2.641373E-3
1.312000E-7	2.567716E-3
1.312500E-7	2.494059E-3
1.313000E-7	2.434106E-3
1.313500E-7	2.377578E-3
1.314000E-7	2.326190E-3
1.314500E-7	2.297070E-3
1.315000E-7	2.285079E-3
1.315500E-7	2.286792E-3
1.316000E-7	2.300496E-3
1.316500E-7	2.327903E-3
1.317000E-7	2.365588E-3
1.317500E-7	2.416976E-3
1.318000E-7	2.488920E-3
1.318500E-7	2.567716E-3
1.319000E-7	2.634521E-3
1.319500E-7	2.673919E-3
1.320000E-7	2.682483E-3
1.320500E-7	2.670493E-3
1.321000E-7	2.648224E-3
1.321500E-7	2.624243E-3
1.322000E-7	2.603688E-3
1.322500E-7	2.589984E-3
1.323000E-7	2.581419E-3
1.323500E-7	2.571142E-3
1.324000E-7	2.569429E-3
1.324500E-7	2.589984E-3
1.325000E-7	2.631095E-3
1.325500E-7	2.680770E-3
1.326000E-7	2.727020E-3
1.326500E-7	2.769844E-3
1.327000E-7	2.798964E-3
1.327500E-7	2.798964E-3
1.328000E-7	2.778409E-3
1.328500E-7	2.730446E-3
1.329000E-7	2.653363E-3
1.329500E-7	2.567716E-3
1.330000E-7	2.494059E-3
1.330500E-7	2.416976E-3
1.331000E-7	2.348458E-3
1.331500E-7	2.312486E-3
1.332000E-7	2.307347E-3
1.332500E-7	2.315912E-3
1.333000E-7	2.346745E-3
1.333500E-7	2.410124E-3
1.334000E-7	2.492346E-3
1.334500E-7	2.577993E-3
1.335000E-7	2.649937E-3
1.335500E-7	2.704752E-3
1.336000E-7	2.752714E-3
1.336500E-7	2.783547E-3
1.337000E-7	2.780122E-3
1.337500E-7	2.764705E-3
1.338000E-7	2.762992E-3
1.338500E-7	2.762992E-3
1.339000E-7	2.761279E-3
1.339500E-7	2.773270E-3
1.340000E-7	2.790399E-3
1.340500E-7	2.800677E-3
1.341000E-7	2.822945E-3
1.341500E-7	2.858917E-3
1.342000E-7	2.888037E-3
1.342500E-7	2.908593E-3
1.343000E-7	2.927435E-3
1.343500E-7	2.936000E-3
1.344000E-7	2.936000E-3
1.344500E-7	2.942852E-3
1.345000E-7	2.941139E-3
1.345500E-7	2.906880E-3
1.346000E-7	2.845214E-3
1.346500E-7	2.764705E-3
1.347000E-7	2.672206E-3
1.347500E-7	2.579706E-3
1.348000E-7	2.492346E-3
1.348500E-7	2.408411E-3
1.349000E-7	2.336467E-3
1.349500E-7	2.278227E-3
1.350000E-7	2.231978E-3
1.350500E-7	2.207996E-3
1.351000E-7	2.214848E-3
1.351500E-7	2.245681E-3
1.352000E-7	2.288505E-3
1.352500E-7	2.336467E-3
1.353000E-7	2.382717E-3
1.353500E-7	2.430680E-3
1.354000E-7	2.475216E-3
1.354500E-7	2.511188E-3
1.355000E-7	2.535170E-3
1.355500E-7	2.560864E-3
1.356000E-7	2.586558E-3
1.356500E-7	2.591697E-3
1.357000E-7	2.581419E-3
1.357500E-7	2.572855E-3
1.358000E-7	2.566003E-3
1.358500E-7	2.548873E-3
1.359000E-7	2.530031E-3
1.359500E-7	2.521466E-3
1.360000E-7	2.519753E-3
1.360500E-7	2.531744E-3
1.361000E-7	2.560864E-3
1.361500E-7	2.586558E-3
1.362000E-7	2.612252E-3
1.362500E-7	2.663641E-3
1.363000E-7	2.735585E-3
1.363500E-7	2.778409E-3
1.364000E-7	2.802390E-3
1.364500E-7	2.836649E-3
1.365000E-7	2.848640E-3
1.365500E-7	2.810955E-3
1.366000E-7	2.742437E-3
1.366500E-7	2.665354E-3
1.367000E-7	2.567716E-3
1.367500E-7	2.471791E-3
1.368000E-7	2.392995E-3
1.368500E-7	2.319338E-3
1.369000E-7	2.254246E-3
1.369500E-7	2.219987E-3
1.370000E-7	2.218274E-3
1.370500E-7	2.228552E-3
1.371000E-7	2.254246E-3
1.371500E-7	2.302208E-3
1.372000E-7	2.367301E-3
1.372500E-7	2.440957E-3
1.373000E-7	2.512901E-3
1.373500E-7	2.572855E-3
1.374000E-7	2.613965E-3
1.374500E-7	2.629382E-3
1.375000E-7	2.620817E-3
1.375500E-7	2.596836E-3
1.376000E-7	2.550586E-3
1.376500E-7	2.497485E-3
1.377000E-7	2.461513E-3
1.377500E-7	2.439244E-3
1.378000E-7	2.420402E-3
1.378500E-7	2.408411E-3
1.379000E-7	2.408411E-3
1.379500E-7	2.406698E-3
1.380000E-7	2.401560E-3
1.380500E-7	2.398134E-3
1.381000E-7	2.394708E-3
1.381500E-7	2.381004E-3
1.382000E-7	2.362162E-3
1.382500E-7	2.348458E-3
1.383000E-7	2.341606E-3
1.383500E-7	2.338180E-3
1.384000E-7	2.336467E-3
1.384500E-7	2.345032E-3
1.385000E-7	2.372439E-3
1.385500E-7	2.422115E-3
1.386000E-7	2.480355E-3
1.386500E-7	2.550586E-3
1.387000E-7	2.624243E-3
1.387500E-7	2.692761E-3
1.388000E-7	2.737298E-3
1.388500E-7	2.747575E-3
1.389000E-7	2.744150E-3
1.389500E-7	2.745863E-3
1.390000E-7	2.749288E-3
1.390500E-7	2.728733E-3
1.391000E-7	2.689335E-3
1.391500E-7	2.646511E-3
1.392000E-7	2.603688E-3
1.392500E-7	2.562577E-3
1.393000E-7	2.531744E-3
1.393500E-7	2.512901E-3
1.394000E-7	2.488920E-3
1.394500E-7	2.449522E-3
1.395000E-7	2.403273E-3
1.395500E-7	2.362162E-3
1.396000E-7	2.322764E-3
1.396500E-7	2.279940E-3
1.397000E-7	2.238829E-3
1.397500E-7	2.197719E-3
1.398000E-7	2.139478E-3
1.398500E-7	2.076099E-3
1.399000E-7	2.031562E-3
1.399500E-7	2.016146E-3
1.400000E-7	2.024711E-3
1.400500E-7	2.041840E-3
1.401000E-7	2.070960E-3
1.401500E-7	2.113784E-3
1.402000E-7	2.172024E-3
1.402500E-7	2.240542E-3
1.403000E-7	2.324477E-3
1.403500E-7	2.422115E-3
1.404000E-7	2.512901E-3
1.404500E-7	2.571142E-3
1.405000E-7	2.610539E-3
1.405500E-7	2.649937E-3
1.406000E-7	2.685909E-3
1.406500E-7	2.706465E-3
1.407000E-7	2.737298E-3
1.407500E-7	2.786973E-3
1.408000E-7	2.822945E-3
1.408500E-7	2.829797E-3
1.409000E-7	2.831510E-3
1.409500E-7	2.829797E-3
1.410000E-7	2.800677E-3
1.410500E-7	2.759566E-3
1.411000E-7	2.733872E-3
1.411500E-7	2.713316E-3
1.412000E-7	2.680770E-3
1.412500E-7	2.644798E-3
1.413000E-7	2.613965E-3
1.413500E-7	2.579706E-3
1.414000E-7	2.542021E-3
1.414500E-7	2.506050E-3
1.415000E-7	2.466652E-3
1.415500E-7	2.437532E-3
1.416000E-7	2.435819E-3
1.416500E-7	2.447809E-3
1.417000E-7	2.449522E-3
1.417500E-7	2.446096E-3
1.418000E-7	2.454661E-3
1.418500E-7	2.463226E-3
1.419000E-7	2.471791E-3
1.419500E-7	2.490633E-3
1.420000E-7	2.507762E-3
1.420500E-7	2.500911E-3
1.421000E-7	2.480355E-3
1.421500E-7	2.473503E-3
1.422000E-7	2.468365E-3
1.422500E-7	2.447809E-3
1.423000E-7	2.418689E-3
1.423500E-7	2.399847E-3
1.424000E-7	2.394708E-3
1.424500E-7	2.386143E-3
1.425000E-7	2.381004E-3
1.425500E-7	2.398134E-3
1.426000E-7	2.435819E-3
1.426500E-7	2.473503E-3
1.427000E-7	2.511188E-3
1.427500E-7	2.566003E-3
1.428000E-7	2.629382E-3
1.428500E-7	2.685909E-3
1.429000E-7	2.730446E-3
1.429500E-7	2.769844E-3
1.430000E-7	2.798964E-3
1.430500E-7	2.804103E-3
1.431000E-7	2.778409E-3
1.431500E-7	2.730446E-3
1.432000E-7	2.677345E-3
1.432500E-7	2.622530E-3
1.433000E-7	2.557438E-3
1.433500E-7	2.476929E-3
1.434000E-7	2.401560E-3
1.434500E-7	2.351884E-3
1.435000E-7	2.324477E-3
1.435500E-7	2.297070E-3
1.436000E-7	2.274801E-3
1.436500E-7	2.274801E-3
1.437000E-7	2.295357E-3
1.437500E-7	2.319338E-3
1.438000E-7	2.338180E-3
1.438500E-7	2.363875E-3
1.439000E-7	2.391282E-3
1.439500E-7	2.423828E-3
1.440000E-7	2.463226E-3
1.440500E-7	2.502624E-3
1.441000E-7	2.552299E-3
1.441500E-7	2.612252E-3
1.442000E-7	2.660215E-3
1.442500E-7	2.697900E-3
1.443000E-7	2.745863E-3
1.443500E-7	2.781834E-3
1.444000E-7	2.769844E-3
1.444500E-7	2.716742E-3
1.445000E-7	2.636234E-3
1.445500E-7	2.526605E-3
1.446000E-7	2.408411E-3
1.446500E-7	2.315912E-3
1.447000E-7	2.235403E-3
1.447500E-7	2.160034E-3
1.448000E-7	2.127488E-3
1.448500E-7	2.142904E-3
1.449000E-7	2.166885E-3
1.449500E-7	2.202857E-3
1.450000E-7	2.271375E-3
1.450500E-7	2.351884E-3
1.451000E-7	2.440957E-3
1.451500E-7	2.550586E-3
1.452000E-7	2.663641E-3
1.452500E-7	2.756140E-3
1.453000E-7	2.836649E-3
1.453500E-7	2.898315E-3
1.454000E-7	2.924009E-3
1.454500E-7	2.942852E-3
1.455000E-7	2.971972E-3
1.455500E-7	2.978824E-3
1.456000E-7	2.958268E-3
1.456500E-7	2.930861E-3
1.457000E-7	2.893176E-3
1.457500E-7	2.836649E-3
1.458000E-7	2.781834E-3
1.458500E-7	2.725307E-3
1.459000E-7	2.648224E-3
1.459500E-7	2.574568E-3
1.460000E-7	2.519753E-3
1.460500E-7	2.466652E-3
1.461000E-7	2.411837E-3
1.461500E-7	2.375865E-3
1.462000E-7	2.370726E-3
1.462500E-7	2.392995E-3
1.463000E-7	2.446096E-3
1.463500E-7	2.526605E-3
1.464000E-7	2.624243E-3
1.464500E-7	2.739011E-3
1.465000E-7	2.850352E-3
1.465500E-7	2.944565E-3
1.466000E-7	3.023360E-3
1.466500E-7	3.081601E-3
1.467000E-7	3.088453E-3
1.467500E-7	3.043916E-3
1.468000E-7	2.975398E-3
1.468500E-7	2.876047E-3
1.469000E-7	2.730446E-3
1.469500E-7	2.567716E-3
1.470000E-7	2.425541E-3
1.470500E-7	2.298783E-3
1.471000E-7	2.182302E-3
1.471500E-7	2.101793E-3
1.472000E-7	2.067534E-3
1.472500E-7	2.079525E-3
1.473000E-7	2.134339E-3
1.473500E-7	2.213135E-3
1.474000E-7	2.307347E-3
1.474500E-7	2.428967E-3
1.475000E-7	2.566003E-3
1.475500E-7	2.675632E-3
1.476000E-7	2.761279E-3
1.476500E-7	2.846927E-3
1.477000E-7	2.912019E-3
1.477500E-7	2.930861E-3
1.478000E-7	2.925722E-3
1.478500E-7	2.934287E-3
1.479000E-7	2.939426E-3
1.479500E-7	2.924009E-3
1.480000E-7	2.901741E-3
1.480500E-7	2.882899E-3
1.481000E-7	2.853778E-3
1.481500E-7	2.810955E-3
1.482000E-7	2.774983E-3
1.482500E-7	2.756140E-3
1.483000E-7	2.745863E-3
1.483500E-7	2.737298E-3
1.484000E-7	2.740724E-3
1.484500E-7	2.742437E-3
1.485000E-7	2.727020E-3
1.485500E-7	2.709891E-3
1.486000E-7	2.704752E-3
1.486500E-7	2.704752E-3
1.487000E-7	2.696187E-3
1.487500E-7	2.687622E-3
1.488000E-7	2.694474E-3
1.488500E-7	2.715029E-3
1.489000E-7	2.732159E-3
1.489500E-7	2.737298E-3
1.490000E-7	2.742437E-3
1.490500E-7	2.745863E-3
1.491000E-7	2.728733E-3
1.491500E-7	2.687622E-3
1.492000E-7	2.643086E-3
1.492500E-7	2.603688E-3
1.493000E-7	2.560864E-3
1.493500E-7	2.519753E-3
1.494000E-7	2.488920E-3
1.494500E-7	2.471791E-3
1.495000E-7	2.464939E-3
1.495500E-7	2.470078E-3
1.496000E-7	2.499198E-3
1.496500E-7	2.543734E-3
1.497000E-7	2.584845E-3
1.497500E-7	2.607114E-3
1.498000E-7	2.605401E-3
1.498500E-7	2.577993E-3
1.499000E-7	2.528318E-3
1.499500E-7	2.463226E-3
1.500000E-7	2.394708E-3
1.500500E-7	2.343319E-3
1.501000E-7	2.315912E-3
1.501500E-7	2.290218E-3
1.502000E-7	2.271375E-3
1.502500E-7	2.271375E-3
1.503000E-7	2.303921E-3
1.503500E-7	2.382717E-3
1.504000E-7	2.504337E-3
1.504500E-7	2.634521E-3
1.505000E-7	2.751001E-3
1.505500E-7	2.860630E-3
1.506000E-7	2.958268E-3
1.506500E-7	3.004518E-3
1.507000E-7	3.007944E-3
1.507500E-7	2.985676E-3
1.508000E-7	2.929148E-3
1.508500E-7	2.840075E-3
1.509000E-7	2.749288E-3
1.509500E-7	2.673919E-3
1.510000E-7	2.605401E-3
1.510500E-7	2.560864E-3
1.511000E-7	2.545447E-3
1.511500E-7	2.555725E-3
1.512000E-7	2.572855E-3
1.512500E-7	2.595123E-3
1.513000E-7	2.620817E-3
1.513500E-7	2.651650E-3
1.514000E-7	2.673919E-3
1.514500E-7	2.668780E-3
1.515000E-7	2.643086E-3
1.515500E-7	2.601975E-3
1.516000E-7	2.548873E-3
1.516500E-7	2.490633E-3
1.517000E-7	2.427254E-3
1.517500E-7	2.358736E-3
1.518000E-7	2.298783E-3
1.518500E-7	2.255959E-3
1.519000E-7	2.225126E-3
1.519500E-7	2.214848E-3
1.520000E-7	2.231978E-3
1.520500E-7	2.271375E-3
1.521000E-7	2.336467E-3
1.521500E-7	2.416976E-3
1.522000E-7	2.482068E-3
1.522500E-7	2.528318E-3
1.523000E-7	2.576280E-3
1.523500E-7	2.620817E-3
1.524000E-7	2.632808E-3
1.524500E-7	2.617391E-3
1.525000E-7	2.584845E-3
1.525500E-7	2.536883E-3
1.526000E-7	2.478642E-3
1.526500E-7	2.422115E-3
1.527000E-7	2.365588E-3
1.527500E-7	2.319338E-3
1.528000E-7	2.290218E-3
1.528500E-7	2.273088E-3
1.529000E-7	2.259385E-3
1.529500E-7	2.259385E-3
1.530000E-7	2.274801E-3
1.530500E-7	2.297070E-3
1.531000E-7	2.321051E-3
1.531500E-7	2.334755E-3
1.532000E-7	2.346745E-3
1.532500E-7	2.365588E-3
1.533000E-7	2.379291E-3
1.533500E-7	2.386143E-3
1.534000E-7	2.399847E-3
1.534500E-7	2.411837E-3
1.535000E-7	2.392995E-3
1.535500E-7	2.363875E-3
1.536000E-7	2.353597E-3
1.536500E-7	2.343319E-3
1.537000E-7	2.314199E-3
1.537500E-7	2.295357E-3
1.538000E-7	2.302208E-3
1.538500E-7	2.319338E-3
1.539000E-7	2.338180E-3
1.539500E-7	2.362162E-3
1.540000E-7	2.392995E-3
1.540500E-7	2.432393E-3
1.541000E-7	2.478642E-3
1.541500E-7	2.512901E-3
1.542000E-7	2.533457E-3
1.542500E-7	2.547160E-3
1.543000E-7	2.538596E-3
1.543500E-7	2.507762E-3
1.544000E-7	2.480355E-3
1.544500E-7	2.461513E-3
1.545000E-7	2.423828E-3
1.545500E-7	2.362162E-3
1.546000E-7	2.310773E-3
1.546500E-7	2.276514E-3
1.547000E-7	2.240542E-3
1.547500E-7	2.214848E-3
1.548000E-7	2.206283E-3
1.548500E-7	2.204570E-3
1.549000E-7	2.202857E-3
1.549500E-7	2.219987E-3
1.550000E-7	2.262811E-3
1.550500E-7	2.319338E-3
1.551000E-7	2.386143E-3
1.551500E-7	2.446096E-3
1.552000E-7	2.495772E-3
1.552500E-7	2.536883E-3
1.553000E-7	2.574568E-3
1.553500E-7	2.608827E-3
1.554000E-7	2.634521E-3
1.554500E-7	2.648224E-3
1.555000E-7	2.656789E-3
1.555500E-7	2.675632E-3
1.556000E-7	2.689335E-3
1.556500E-7	2.689335E-3
1.557000E-7	2.696187E-3
1.557500E-7	2.715029E-3
1.558000E-7	2.720168E-3
1.558500E-7	2.725307E-3
1.559000E-7	2.739011E-3
1.559500E-7	2.730446E-3
1.560000E-7	2.679057E-3
1.560500E-7	2.632808E-3
1.561000E-7	2.600262E-3
1.561500E-7	2.555725E-3
1.562000E-7	2.512901E-3
1.562500E-7	2.497485E-3
1.563000E-7	2.487207E-3
1.563500E-7	2.480355E-3
1.564000E-7	2.494059E-3
1.564500E-7	2.524892E-3
1.565000E-7	2.545447E-3
1.565500E-7	2.552299E-3
1.566000E-7	2.554012E-3
1.566500E-7	2.545447E-3
1.567000E-7	2.516327E-3
1.567500E-7	2.456374E-3
1.568000E-7	2.370726E-3
1.568500E-7	2.271375E-3
1.569000E-7	2.163460E-3
1.569500E-7	2.064108E-3
1.570000E-7	1.995590E-3
1.570500E-7	1.956193E-3
1.571000E-7	1.937350E-3
1.571500E-7	1.939063E-3
1.572000E-7	1.963044E-3
1.572500E-7	1.993877E-3
1.573000E-7	2.031562E-3
1.573500E-7	2.091516E-3
1.574000E-7	2.151469E-3
1.574500E-7	2.187441E-3
1.575000E-7	2.209709E-3
1.575500E-7	2.238829E-3
1.576000E-7	2.271375E-3
1.576500E-7	2.300496E-3
1.577000E-7	2.312486E-3
1.577500E-7	2.307347E-3
1.578000E-7	2.305634E-3
1.578500E-7	2.322764E-3
1.579000E-7	2.346745E-3
1.579500E-7	2.363875E-3
1.580000E-7	2.391282E-3
1.580500E-7	2.432393E-3
1.581000E-7	2.485494E-3
1.581500E-7	2.554012E-3
1.582000E-7	2.634521E-3
1.582500E-7	2.718455E-3
1.583000E-7	2.804103E-3
1.583500E-7	2.896602E-3
1.584000E-7	2.978824E-3
1.584500E-7	3.028499E-3
1.585000E-7	3.030212E-3
1.585500E-7	2.982250E-3
1.586000E-7	2.893176E-3
1.586500E-7	2.778409E-3
1.587000E-7	2.644798E-3
1.587500E-7	2.500911E-3
1.588000E-7	2.362162E-3
1.588500E-7	2.242255E-3
1.589000E-7	2.153182E-3
1.589500E-7	2.101793E-3
1.590000E-7	2.094942E-3
1.590500E-7	2.137765E-3
1.591000E-7	2.225126E-3
1.591500E-7	2.338180E-3
1.592000E-7	2.471791E-3
1.592500E-7	2.627669E-3
1.593000E-7	2.790399E-3
1.593500E-7	2.927435E-3
1.594000E-7	3.031925E-3
1.594500E-7	3.107295E-3
1.595000E-7	3.131276E-3
1.595500E-7	3.107295E-3
1.596000E-7	3.059332E-3
1.596500E-7	3.006231E-3
1.597000E-7	2.941139E-3
1.597500E-7	2.867482E-3
1.598000E-7	2.792112E-3
1.598500E-7	2.718455E-3
1.599000E-7	2.663641E-3
1.599500E-7	2.646511E-3
1.600000E-7	2.653363E-3
1.600500E-7	2.667067E-3
1.601000E-7	2.684196E-3
1.601500E-7	2.703039E-3
1.602000E-7	2.709891E-3
1.602500E-7	2.704752E-3
1.603000E-7	2.691048E-3
1.603500E-7	2.658502E-3
1.604000E-7	2.610539E-3
1.604500E-7	2.554012E-3
1.605000E-7	2.475216E-3
1.605500E-7	2.377578E-3
1.606000E-7	2.273088E-3
1.606500E-7	2.165172E-3
1.607000E-7	2.050405E-3
1.607500E-7	1.954480E-3
1.608000E-7	1.906517E-3
1.608500E-7	1.899665E-3
1.609000E-7	1.911656E-3
1.609500E-7	1.949341E-3
1.610000E-7	2.012720E-3
1.610500E-7	2.089803E-3
1.611000E-7	2.175450E-3
1.611500E-7	2.267949E-3
1.612000E-7	2.355310E-3
1.612500E-7	2.430680E-3
1.613000E-7	2.487207E-3
1.613500E-7	2.514614E-3
1.614000E-7	2.521466E-3
1.614500E-7	2.512901E-3
1.615000E-7	2.482068E-3
1.615500E-7	2.428967E-3
1.616000E-7	2.355310E-3
1.616500E-7	2.276514E-3
1.617000E-7	2.216561E-3
1.617500E-7	2.189154E-3
1.618000E-7	2.178876E-3
1.618500E-7	2.175450E-3
1.619000E-7	2.189154E-3
1.619500E-7	2.223413E-3
1.620000E-7	2.271375E-3
1.620500E-7	2.326190E-3
1.621000E-7	2.370726E-3
1.621500E-7	2.399847E-3
1.622000E-7	2.425541E-3
1.622500E-7	2.437532E-3
1.623000E-7	2.413550E-3
1.623500E-7	2.357023E-3
1.624000E-7	2.295357E-3
1.624500E-7	2.240542E-3
1.625000E-7	2.189154E-3
1.625500E-7	2.134339E-3
1.626000E-7	2.091516E-3
1.626500E-7	2.076099E-3
1.627000E-7	2.069247E-3
1.627500E-7	2.053831E-3
1.628000E-7	2.048692E-3
1.628500E-7	2.058970E-3
1.629000E-7	2.067534E-3
1.629500E-7	2.070960E-3
1.630000E-7	2.082951E-3
1.630500E-7	2.093229E-3
1.631000E-7	2.089803E-3
1.631500E-7	2.088090E-3
1.632000E-7	2.093229E-3
1.632500E-7	2.101793E-3
1.633000E-7	2.127488E-3
1.633500E-7	2.160034E-3
1.634000E-7	2.184015E-3
1.634500E-7	2.207996E-3
1.635000E-7	2.240542E-3
1.635500E-7	2.262811E-3
1.636000E-7	2.267949E-3
1.636500E-7	2.278227E-3
1.637000E-7	2.293644E-3
1.637500E-7	2.305634E-3
1.638000E-7	2.319338E-3
1.638500E-7	2.338180E-3
1.639000E-7	2.341606E-3
1.639500E-7	2.336467E-3
1.640000E-7	2.353597E-3
1.640500E-7	2.387856E-3
1.641000E-7	2.418689E-3
1.641500E-7	2.444383E-3
1.642000E-7	2.482068E-3
1.642500E-7	2.514614E-3
1.643000E-7	2.523179E-3
1.643500E-7	2.514614E-3
1.644000E-7	2.502624E-3
1.644500E-7	2.492346E-3
1.645000E-7	2.483781E-3
1.645500E-7	2.476929E-3
1.646000E-7	2.466652E-3
1.646500E-7	2.456374E-3
1.647000E-7	2.442670E-3
1.647500E-7	2.413550E-3
1.648000E-7	2.369014E-3
1.648500E-7	2.333042E-3
1.649000E-7	2.305634E-3
1.649500E-7	2.267949E-3
1.650000E-7	2.225126E-3
1.650500E-7	2.189154E-3
1.651000E-7	2.156608E-3
1.651500E-7	2.148043E-3
1.652000E-7	2.180589E-3
1.652500E-7	2.226839E-3
1.653000E-7	2.257672E-3
1.653500E-7	2.290218E-3
1.654000E-7	2.331329E-3
1.654500E-7	2.351884E-3
1.655000E-7	2.362162E-3
1.655500E-7	2.379291E-3
1.656000E-7	2.401560E-3
1.656500E-7	2.406698E-3
1.657000E-7	2.384430E-3
1.657500E-7	2.345032E-3
1.658000E-7	2.307347E-3
1.658500E-7	2.288505E-3
1.659000E-7	2.279940E-3
1.659500E-7	2.274801E-3
1.660000E-7	2.279940E-3
1.660500E-7	2.300496E-3
1.661000E-7	2.324477E-3
1.661500E-7	2.358736E-3
1.662000E-7	2.411837E-3
1.662500E-7	2.473503E-3
1.663000E-7	2.518040E-3
1.663500E-7	2.535170E-3
1.664000E-7	2.531744E-3
1.664500E-7	2.502624E-3
1.665000E-7	2.447809E-3
1.665500E-7	2.384430E-3
1.666000E-7	2.309060E-3
1.666500E-7	2.221700E-3
1.667000E-7	2.137765E-3
1.667500E-7	2.060683E-3
1.668000E-7	1.981887E-3
1.668500E-7	1.925359E-3
1.669000E-7	1.916795E-3
1.669500E-7	1.925359E-3
1.670000E-7	1.920221E-3
1.670500E-7	1.920221E-3
1.671000E-7	1.947628E-3
1.671500E-7	1.981887E-3
1.672000E-7	2.011007E-3
1.672500E-7	2.050405E-3
1.673000E-7	2.100080E-3
1.673500E-7	2.144617E-3
1.674000E-7	2.182302E-3
1.674500E-7	2.230265E-3
1.675000E-7	2.295357E-3
1.675500E-7	2.365588E-3
1.676000E-7	2.422115E-3
1.676500E-7	2.461513E-3
1.677000E-7	2.488920E-3
1.677500E-7	2.504337E-3
1.678000E-7	2.499198E-3
1.678500E-7	2.487207E-3
1.679000E-7	2.463226E-3
1.679500E-7	2.432393E-3
1.680000E-7	2.404985E-3
1.680500E-7	2.377578E-3
1.681000E-7	2.334755E-3
1.681500E-7	2.274801E-3
1.682000E-7	2.218274E-3
1.682500E-7	2.182302E-3
1.683000E-7	2.165172E-3
1.683500E-7	2.161747E-3
1.684000E-7	2.165172E-3
1.684500E-7	2.178876E-3
1.685000E-7	2.190867E-3
1.685500E-7	2.192580E-3
1.686000E-7	2.197719E-3
1.686500E-7	2.211422E-3
1.687000E-7	2.228552E-3
1.687500E-7	2.254246E-3
1.688000E-7	2.305634E-3
1.688500E-7	2.372439E-3
1.689000E-7	2.434106E-3
1.689500E-7	2.485494E-3
1.690000E-7	2.526605E-3
1.690500E-7	2.564290E-3
1.691000E-7	2.600262E-3
1.691500E-7	2.617391E-3
1.692000E-7	2.612252E-3
1.692500E-7	2.600262E-3
1.693000E-7	2.583132E-3
1.693500E-7	2.545447E-3
1.694000E-7	2.509475E-3
1.694500E-7	2.490633E-3
1.695000E-7	2.478642E-3
1.695500E-7	2.466652E-3
1.696000E-7	2.459800E-3
1.696500E-7	2.454661E-3
1.697000E-7	2.452948E-3
1.697500E-7	2.463226E-3
1.698000E-7	2.463226E-3
1.698500E-7	2.447809E-3
1.699000E-7	2.435819E-3
1.699500E-7	2.420402E-3
1.700000E-7	2.386143E-3
1.700500E-7	2.350171E-3
1.701000E-7	2.334755E-3
1.701500E-7	2.334755E-3
1.702000E-7	2.343319E-3
1.702500E-7	2.360449E-3
1.703000E-7	2.389569E-3
1.703500E-7	2.425541E-3
1.704000E-7	2.461513E-3
1.704500E-7	2.485494E-3
1.705000E-7	2.521466E-3
1.705500E-7	2.576280E-3
1.706000E-7	2.620817E-3
1.706500E-7	2.643086E-3
1.707000E-7	2.660215E-3
1.707500E-7	2.672206E-3
1.708000E-7	2.660215E-3
1.708500E-7	2.634521E-3
1.709000E-7	2.607114E-3
1.709500E-7	2.569429E-3
1.710000E-7	2.530031E-3
1.710500E-7	2.506050E-3
1.711000E-7	2.476929E-3
1.711500E-7	2.423828E-3
1.712000E-7	2.374152E-3
1.712500E-7	2.339893E-3
1.713000E-7	2.315912E-3
1.713500E-7	2.317625E-3
1.714000E-7	2.351884E-3
1.714500E-7	2.391282E-3
1.715000E-7	2.428967E-3
1.715500E-7	2.471791E-3
1.716000E-7	2.512901E-3
1.716500E-7	2.548873E-3
1.717000E-7	2.595123E-3
1.717500E-7	2.649937E-3
1.718000E-7	2.692761E-3
1.718500E-7	2.720168E-3
1.719000E-7	2.739011E-3
1.719500E-7	2.740724E-3
1.720000E-7	2.718455E-3
1.720500E-7	2.675632E-3
1.721000E-7	2.617391E-3
1.721500E-7	2.555725E-3
1.722000E-7	2.512901E-3
1.722500E-7	2.499198E-3
1.723000E-7	2.504337E-3
1.723500E-7	2.519753E-3
1.724000E-7	2.526605E-3
1.724500E-7	2.519753E-3
1.725000E-7	2.495772E-3
1.725500E-7	2.459800E-3
1.726000E-7	2.403273E-3
1.726500E-7	2.326190E-3
1.727000E-7	2.231978E-3
1.727500E-7	2.124062E-3
1.728000E-7	2.011007E-3
1.728500E-7	1.904804E-3
1.729000E-7	1.815731E-3
1.729500E-7	1.764342E-3
1.730000E-7	1.742074E-3
1.730500E-7	1.733509E-3
1.731000E-7	1.743787E-3
1.731500E-7	1.790036E-3
1.732000E-7	1.863693E-3
1.732500E-7	1.947628E-3
1.733000E-7	2.045266E-3
1.733500E-7	2.146330E-3
1.734000E-7	2.233690E-3
1.734500E-7	2.307347E-3
1.735000E-7	2.369014E-3
1.735500E-7	2.413550E-3
1.736000E-7	2.446096E-3
1.736500E-7	2.487207E-3
1.737000E-7	2.524892E-3
1.737500E-7	2.540309E-3
1.738000E-7	2.542021E-3
1.738500E-7	2.542021E-3
1.739000E-7	2.526605E-3
1.739500E-7	2.502624E-3
1.740000E-7	2.482068E-3
1.740500E-7	2.471791E-3
1.741000E-7	2.464939E-3
1.741500E-7	2.459800E-3
1.742000E-7	2.447809E-3
1.742500E-7	2.422115E-3
1.743000E-7	2.398134E-3
1.743500E-7	2.391282E-3
1.744000E-7	2.387856E-3
1.744500E-7	2.369014E-3
1.745000E-7	2.345032E-3
1.745500E-7	2.331329E-3
1.746000E-7	2.343319E-3
1.746500E-7	2.377578E-3
1.747000E-7	2.425541E-3
1.747500E-7	2.480355E-3
1.748000E-7	2.548873E-3
1.748500E-7	2.625956E-3
1.749000E-7	2.708178E-3
1.749500E-7	2.778409E-3
1.750000E-7	2.807529E-3
1.750500E-7	2.798964E-3
1.751000E-7	2.773270E-3
1.751500E-7	2.728733E-3
1.752000E-7	2.660215E-3
1.752500E-7	2.595123E-3
1.753000E-7	2.538596E-3
1.753500E-7	2.478642E-3
1.754000E-7	2.435819E-3
1.754500E-7	2.418689E-3
1.755000E-7	2.404985E-3
1.755500E-7	2.389569E-3
1.756000E-7	2.394708E-3
1.756500E-7	2.403273E-3
1.757000E-7	2.392995E-3
1.757500E-7	2.377578E-3
1.758000E-7	2.370726E-3
1.758500E-7	2.353597E-3
1.759000E-7	2.334755E-3
1.759500E-7	2.312486E-3
1.760000E-7	2.271375E-3
1.760500E-7	2.221700E-3
1.761000E-7	2.184015E-3
1.761500E-7	2.163460E-3
1.762000E-7	2.160034E-3
1.762500E-7	2.182302E-3
1.763000E-7	2.219987E-3
1.763500E-7	2.255959E-3
1.764000E-7	2.302208E-3
1.764500E-7	2.363875E-3
1.765000E-7	2.413550E-3
1.765500E-7	2.435819E-3
1.766000E-7	2.446096E-3
1.766500E-7	2.452948E-3
1.767000E-7	2.447809E-3
1.767500E-7	2.425541E-3
1.768000E-7	2.391282E-3
1.768500E-7	2.350171E-3
1.769000E-7	2.307347E-3
1.769500E-7	2.267949E-3
1.770000E-7	2.242255E-3
1.770500E-7	2.231978E-3
1.771000E-7	2.238829E-3
1.771500E-7	2.267949E-3
1.772000E-7	2.302208E-3
1.772500E-7	2.327903E-3
1.773000E-7	2.353597E-3
1.773500E-7	2.392995E-3
1.774000E-7	2.427254E-3
1.774500E-7	2.451235E-3
1.775000E-7	2.471791E-3
1.775500E-7	2.485494E-3
1.776000E-7	2.494059E-3
1.776500E-7	2.502624E-3
1.777000E-7	2.518040E-3
1.777500E-7	2.542021E-3
1.778000E-7	2.572855E-3
1.778500E-7	2.598549E-3
1.779000E-7	2.612252E-3
1.779500E-7	2.619104E-3
1.780000E-7	2.619104E-3
1.780500E-7	2.603688E-3
1.781000E-7	2.564290E-3
1.781500E-7	2.499198E-3
1.782000E-7	2.425541E-3
1.782500E-7	2.369014E-3
1.783000E-7	2.333042E-3
1.783500E-7	2.297070E-3
1.784000E-7	2.257672E-3
1.784500E-7	2.237116E-3
1.785000E-7	2.237116E-3
1.785500E-7	2.250820E-3
1.786000E-7	2.262811E-3
1.786500E-7	2.264524E-3
1.787000E-7	2.264524E-3
1.787500E-7	2.264524E-3
1.788000E-7	2.247394E-3
1.788500E-7	2.214848E-3
1.789000E-7	2.178876E-3
1.789500E-7	2.139478E-3
1.790000E-7	2.103506E-3
1.790500E-7	2.079525E-3
1.791000E-7	2.070960E-3
1.791500E-7	2.081238E-3
1.792000E-7	2.118923E-3
1.792500E-7	2.175450E-3
1.793000E-7	2.235403E-3
1.793500E-7	2.298783E-3
1.794000E-7	2.358736E-3
1.794500E-7	2.404985E-3
1.795000E-7	2.430680E-3
1.795500E-7	2.447809E-3
1.796000E-7	2.459800E-3
1.796500E-7	2.471791E-3
1.797000E-7	2.488920E-3
1.797500E-7	2.506050E-3
1.798000E-7	2.511188E-3
1.798500E-7	2.514614E-3
1.799000E-7	2.521466E-3
1.799500E-7	2.512901E-3
1.800000E-7	2.495772E-3
1.800500E-7	2.500911E-3
1.801000E-7	2.531744E-3
1.801500E-7	2.557438E-3
1.802000E-7	2.574568E-3
1.802500E-7	2.601975E-3
1.803000E-7	2.634521E-3
1.803500E-7	2.663641E-3
1.804000E-7	2.697900E-3
1.804500E-7	2.730446E-3
1.805000E-7	2.737298E-3
1.805500E-7	2.720168E-3
1.806000E-7	2.697900E-3
1.806500E-7	2.680770E-3
1.807000E-7	2.649937E-3
1.807500E-7	2.588271E-3
1.808000E-7	2.504337E-3
1.808500E-7	2.432393E-3
1.809000E-7	2.382717E-3
1.809500E-7	2.312486E-3
1.810000E-7	2.225126E-3
1.810500E-7	2.161747E-3
1.811000E-7	2.130913E-3
1.811500E-7	2.105219E-3
1.812000E-7	2.088090E-3
1.812500E-7	2.094942E-3
1.813000E-7	2.115497E-3
1.813500E-7	2.144617E-3
1.814000E-7	2.182302E-3
1.814500E-7	2.221700E-3
1.815000E-7	2.254246E-3
1.815500E-7	2.271375E-3
1.816000E-7	2.276514E-3
1.816500E-7	2.279940E-3
1.817000E-7	2.279940E-3
1.817500E-7	2.257672E-3
1.818000E-7	2.225126E-3
1.818500E-7	2.207996E-3
1.819000E-7	2.189154E-3
1.819500E-7	2.163460E-3
1.820000E-7	2.160034E-3
1.820500E-7	2.185728E-3
1.821000E-7	2.199431E-3
1.821500E-7	2.214848E-3
1.822000E-7	2.254246E-3
1.822500E-7	2.298783E-3
1.823000E-7	2.334755E-3
1.823500E-7	2.375865E-3
1.824000E-7	2.406698E-3
1.824500E-7	2.406698E-3
1.825000E-7	2.401560E-3
1.825500E-7	2.404985E-3
1.826000E-7	2.392995E-3
1.826500E-7	2.369014E-3
1.827000E-7	2.351884E-3
1.827500E-7	2.336467E-3
1.828000E-7	2.329616E-3
1.828500E-7	2.355310E-3
1.829000E-7	2.381004E-3
1.829500E-7	2.382717E-3
1.830000E-7	2.398134E-3
1.830500E-7	2.425541E-3
1.831000E-7	2.423828E-3
1.831500E-7	2.396421E-3
1.832000E-7	2.384430E-3
1.832500E-7	2.382717E-3
1.833000E-7	2.355310E-3
1.833500E-7	2.319338E-3
1.834000E-7	2.293644E-3
1.834500E-7	2.286792E-3
1.835000E-7	2.300496E-3
1.835500E-7	2.327903E-3
1.836000E-7	2.357023E-3
1.836500E-7	2.410124E-3
1.837000E-7	2.483781E-3
1.837500E-7	2.545447E-3
1.838000E-7	2.579706E-3
1.838500E-7	2.598549E-3
1.839000E-7	2.596836E-3
1.839500E-7	2.569429E-3
1.840000E-7	2.536883E-3
1.840500E-7	2.497485E-3
1.841000E-7	2.451235E-3
1.841500E-7	2.416976E-3
1.842000E-7	2.396421E-3
1.842500E-7	2.374152E-3
1.843000E-7	2.367301E-3
1.843500E-7	2.386143E-3
1.844000E-7	2.404985E-3
1.844500E-7	2.434106E-3
1.845000E-7	2.497485E-3
1.845500E-7	2.581419E-3
1.846000E-7	2.658502E-3
1.846500E-7	2.716742E-3
1.847000E-7	2.749288E-3
1.847500E-7	2.754427E-3
1.848000E-7	2.752714E-3
1.848500E-7	2.745863E-3
1.849000E-7	2.716742E-3
1.849500E-7	2.667067E-3
1.850000E-7	2.610539E-3
1.850500E-7	2.531744E-3
1.851000E-7	2.439244E-3
1.851500E-7	2.357023E-3
1.852000E-7	2.290218E-3
1.852500E-7	2.231978E-3
1.853000E-7	2.201144E-3
1.853500E-7	2.199431E-3
1.854000E-7	2.213135E-3
1.854500E-7	2.243968E-3
1.855000E-7	2.290218E-3
1.855500E-7	2.345032E-3
1.856000E-7	2.403273E-3
1.856500E-7	2.459800E-3
1.857000E-7	2.514614E-3
1.857500E-7	2.567716E-3
1.858000E-7	2.612252E-3
1.858500E-7	2.622530E-3
1.859000E-7	2.605401E-3
1.859500E-7	2.584845E-3
1.860000E-7	2.555725E-3
1.860500E-7	2.523179E-3
1.861000E-7	2.497485E-3
1.861500E-7	2.480355E-3
1.862000E-7	2.459800E-3
1.862500E-7	2.442670E-3
1.863000E-7	2.444383E-3
1.863500E-7	2.451235E-3
1.864000E-7	2.461513E-3
1.864500E-7	2.473503E-3
1.865000E-7	2.480355E-3
1.865500E-7	2.494059E-3
1.866000E-7	2.531744E-3
1.866500E-7	2.572855E-3
1.867000E-7	2.591697E-3
1.867500E-7	2.598549E-3
1.868000E-7	2.601975E-3
1.868500E-7	2.591697E-3
1.869000E-7	2.581419E-3
1.869500E-7	2.586558E-3
1.870000E-7	2.586558E-3
1.870500E-7	2.577993E-3
1.871000E-7	2.593410E-3
1.871500E-7	2.641373E-3
1.872000E-7	2.687622E-3
1.872500E-7	2.713316E-3
1.873000E-7	2.742437E-3
1.873500E-7	2.780122E-3
1.874000E-7	2.809242E-3
1.874500E-7	2.822945E-3
1.875000E-7	2.829797E-3
1.875500E-7	2.819519E-3
1.876000E-7	2.790399E-3
1.876500E-7	2.756140E-3
1.877000E-7	2.723594E-3
1.877500E-7	2.687622E-3
1.878000E-7	2.639660E-3
1.878500E-7	2.583132E-3
1.879000E-7	2.533457E-3
1.879500E-7	2.497485E-3
1.880000E-7	2.471791E-3
1.880500E-7	2.463226E-3
1.881000E-7	2.470078E-3
1.881500E-7	2.483781E-3
1.882000E-7	2.490633E-3
1.882500E-7	2.487207E-3
1.883000E-7	2.466652E-3
1.883500E-7	2.435819E-3
1.884000E-7	2.406698E-3
1.884500E-7	2.375865E-3
1.885000E-7	2.351884E-3
1.885500E-7	2.351884E-3
1.886000E-7	2.369014E-3
1.886500E-7	2.381004E-3
1.887000E-7	2.399847E-3
1.887500E-7	2.434106E-3
1.888000E-7	2.470078E-3
1.888500E-7	2.502624E-3
1.889000E-7	2.543734E-3
1.889500E-7	2.576280E-3
1.890000E-7	2.588271E-3
1.890500E-7	2.600262E-3
1.891000E-7	2.605401E-3
1.891500E-7	2.564290E-3
1.892000E-7	2.487207E-3
1.892500E-7	2.413550E-3
1.893000E-7	2.336467E-3
1.893500E-7	2.250820E-3
1.894000E-7	2.192580E-3
1.894500E-7	2.175450E-3
1.895000E-7	2.168598E-3
1.895500E-7	2.160034E-3
1.896000E-7	2.158321E-3
1.896500E-7	2.149756E-3
1.897000E-7	2.141191E-3
1.897500E-7	2.148043E-3
1.898000E-7	2.161747E-3
1.898500E-7	2.168598E-3
1.899000E-7	2.165172E-3
1.899500E-7	2.158321E-3
1.900000E-7	2.148043E-3
1.900500E-7	2.141191E-3
1.901000E-7	2.146330E-3
1.901500E-7	2.154895E-3
1.902000E-7	2.158321E-3
1.902500E-7	2.168598E-3
1.903000E-7	2.192580E-3
1.903500E-7	2.211422E-3
1.904000E-7	2.214848E-3
1.904500E-7	2.213135E-3
1.905000E-7	2.214848E-3
1.905500E-7	2.211422E-3
1.906000E-7	2.204570E-3
1.906500E-7	2.211422E-3
1.907000E-7	2.245681E-3
1.907500E-7	2.288505E-3
1.908000E-7	2.321051E-3
1.908500E-7	2.348458E-3
1.909000E-7	2.381004E-3
1.909500E-7	2.404985E-3
1.910000E-7	2.403273E-3
1.910500E-7	2.386143E-3
1.911000E-7	2.365588E-3
1.911500E-7	2.336467E-3
1.912000E-7	2.305634E-3
1.912500E-7	2.279940E-3
1.913000E-7	2.262811E-3
1.913500E-7	2.266237E-3
1.914000E-7	2.295357E-3
1.914500E-7	2.326190E-3
1.915000E-7	2.358736E-3
1.915500E-7	2.418689E-3
1.916000E-7	2.499198E-3
1.916500E-7	2.564290E-3
1.917000E-7	2.612252E-3
1.917500E-7	2.646511E-3
1.918000E-7	2.660215E-3
1.918500E-7	2.667067E-3
1.919000E-7	2.684196E-3
1.919500E-7	2.696187E-3
1.920000E-7	2.697900E-3
1.920500E-7	2.713316E-3
1.921000E-7	2.723594E-3
1.921500E-7	2.703039E-3
1.922000E-7	2.675632E-3
1.922500E-7	2.655076E-3
1.923000E-7	2.615678E-3
1.923500E-7	2.559151E-3
1.924000E-7	2.511188E-3
1.924500E-7	2.468365E-3
1.925000E-7	2.404985E-3
1.925500E-7	2.331329E-3
1.926000E-7	2.259385E-3
1.926500E-7	2.194293E-3
1.927000E-7	2.149756E-3
1.927500E-7	2.134339E-3
1.928000E-7	2.149756E-3
1.928500E-7	2.189154E-3
1.929000E-7	2.240542E-3
1.929500E-7	2.291931E-3
1.930000E-7	2.338180E-3
1.930500E-7	2.382717E-3
1.931000E-7	2.415263E-3
1.931500E-7	2.420402E-3
1.932000E-7	2.403273E-3
1.932500E-7	2.381004E-3
1.933000E-7	2.353597E-3
1.933500E-7	2.315912E-3
1.934000E-7	2.279940E-3
1.934500E-7	2.245681E-3
1.935000E-7	2.201144E-3
1.935500E-7	2.161747E-3
1.936000E-7	2.146330E-3
1.936500E-7	2.144617E-3
1.937000E-7	2.134339E-3
1.937500E-7	2.115497E-3
1.938000E-7	2.110358E-3
1.938500E-7	2.113784E-3
1.939000E-7	2.106932E-3
1.939500E-7	2.086377E-3
1.940000E-7	2.067534E-3
1.940500E-7	2.045266E-3
1.941000E-7	2.024711E-3
1.941500E-7	2.028136E-3
1.942000E-7	2.060683E-3
1.942500E-7	2.093229E-3
1.943000E-7	2.115497E-3
1.943500E-7	2.127488E-3
1.944000E-7	2.112071E-3
1.944500E-7	2.070960E-3
1.945000E-7	2.038414E-3
1.945500E-7	2.022998E-3
1.946000E-7	2.007581E-3
1.946500E-7	2.009294E-3
1.947000E-7	2.040127E-3
1.947500E-7	2.081238E-3
1.948000E-7	2.136052E-3
1.948500E-7	2.225126E-3
1.949000E-7	2.314199E-3
1.949500E-7	2.369014E-3
1.950000E-7	2.401560E-3
1.950500E-7	2.427254E-3
1.951000E-7	2.416976E-3
1.951500E-7	2.372439E-3
1.952000E-7	2.312486E-3
1.952500E-7	2.228552E-3
1.953000E-7	2.132626E-3
1.953500E-7	2.058970E-3
1.954000E-7	2.021285E-3
1.954500E-7	2.002442E-3
1.955000E-7	2.012720E-3
1.955500E-7	2.064108E-3
1.956000E-7	2.144617E-3
1.956500E-7	2.233690E-3
1.957000E-7	2.321051E-3
1.957500E-7	2.396421E-3
1.958000E-7	2.459800E-3
1.958500E-7	2.506050E-3
1.959000E-7	2.533457E-3
1.959500E-7	2.533457E-3
1.960000E-7	2.514614E-3
1.960500E-7	2.478642E-3
1.961000E-7	2.428967E-3
1.961500E-7	2.365588E-3
1.962000E-7	2.303921E-3
1.962500E-7	2.252533E-3
1.963000E-7	2.218274E-3
1.963500E-7	2.197719E-3
1.964000E-7	2.197719E-3
1.964500E-7	2.221700E-3
1.965000E-7	2.259385E-3
1.965500E-7	2.290218E-3
1.966000E-7	2.317625E-3
1.966500E-7	2.348458E-3
1.967000E-7	2.369014E-3
1.967500E-7	2.363875E-3
1.968000E-7	2.353597E-3
1.968500E-7	2.346745E-3
1.969000E-7	2.324477E-3
1.969500E-7	2.288505E-3
1.970000E-7	2.254246E-3
1.970500E-7	2.216561E-3
1.971000E-7	2.173737E-3
1.971500E-7	2.142904E-3
1.972000E-7	2.132626E-3
1.972500E-7	2.148043E-3
1.973000E-7	2.201144E-3
1.973500E-7	2.267949E-3
1.974000E-7	2.324477E-3
1.974500E-7	2.381004E-3
1.975000E-7	2.439244E-3
1.975500E-7	2.483781E-3
1.976000E-7	2.509475E-3
1.976500E-7	2.533457E-3
1.977000E-7	2.548873E-3
1.977500E-7	2.542021E-3
1.978000E-7	2.514614E-3
1.978500E-7	2.470078E-3
1.979000E-7	2.416976E-3
1.979500E-7	2.375865E-3
1.980000E-7	2.346745E-3
1.980500E-7	2.326190E-3
1.981000E-7	2.312486E-3
1.981500E-7	2.302208E-3
1.982000E-7	2.288505E-3
1.982500E-7	2.279940E-3
1.983000E-7	2.271375E-3
1.983500E-7	2.252533E-3
1.984000E-7	2.235403E-3
1.984500E-7	2.235403E-3
1.985000E-7	2.247394E-3
1.985500E-7	2.257672E-3
1.986000E-7	2.264524E-3
1.986500E-7	2.281653E-3
1.987000E-7	2.317625E-3
1.987500E-7	2.372439E-3
1.988000E-7	2.423828E-3
1.988500E-7	2.459800E-3
1.989000E-7	2.487207E-3
1.989500E-7	2.516327E-3
1.990000E-7	2.531744E-3
1.990500E-7	2.514614E-3
1.991000E-7	2.473503E-3
1.991500E-7	2.427254E-3
1.992000E-7	2.375865E-3
1.992500E-7	2.327903E-3
1.993000E-7	2.285079E-3
1.993500E-7	2.249107E-3
1.994000E-7	2.235403E-3
1.994500E-7	2.257672E-3
1.995000E-7	2.307347E-3
1.995500E-7	2.369014E-3
1.996000E-7	2.451235E-3
1.996500E-7	2.543734E-3
1.997000E-7	2.620817E-3
1.997500E-7	2.685909E-3
1.998000E-7	2.751001E-3
1.998500E-7	2.802390E-3
1.999000E-7	2.822945E-3
1.999500E-7	2.817806E-3
2.000000E-7	2.797251E-3
