Study Name	Tungsten_Kyocera
Sample Name	2024-02-05
Run Name	spot03
Operator	Angus+Samantha
Date	2/5/2024
Time	16:26
Sign	FIX
Grating Spacing	03.40um
Channel	3
Number Traces	10000
Files in Batch	1
Batch Number	242
dt	50.000001E-12
time stamp (ms)	8:37:32 PM
	
Time	Amplitude
0.000000E+0	8.393487E-4
5.000000E-11	8.033768E-4
1.000000E-10	7.742567E-4
1.500000E-10	7.177296E-4
2.000000E-10	6.509248E-4
2.500000E-10	6.132401E-4
3.000000E-10	5.755554E-4
3.500000E-10	5.053247E-4
4.000000E-10	4.213904E-4
4.500000E-10	3.494467E-4
5.000000E-10	2.792160E-4
5.500000E-10	2.381053E-4
6.000000E-10	2.483831E-4
6.500000E-10	2.757903E-4
7.000000E-10	3.014845E-4
7.500000E-10	3.425953E-4
8.000000E-10	4.008356E-4
8.500000E-10	4.625018E-4
9.000000E-10	5.138904E-4
9.500000E-10	5.567142E-4
1.000000E-9	5.892604E-4
1.050000E-9	6.355100E-4
1.100000E-9	6.834726E-4
1.150000E-9	7.006022E-4
1.200000E-9	7.057410E-4
1.250000E-9	7.194446E-4
1.300000E-9	7.023150E-4
1.350000E-9	6.629170E-4
1.400000E-9	6.492133E-4
1.450000E-9	6.406484E-4
1.500000E-9	5.858339E-4
1.550000E-9	5.104641E-4
1.600000E-9	4.487979E-4
1.650000E-9	3.939835E-4
1.700000E-9	3.357432E-4
1.750000E-9	3.014842E-4
1.800000E-9	2.963453E-4
1.850000E-9	3.169006E-4
1.900000E-9	3.665760E-4
1.950000E-9	4.213903E-4
2.000000E-9	4.676397E-4
2.050000E-9	5.378704E-4
2.100000E-9	6.235177E-4
2.150000E-9	6.834708E-4
2.200000E-9	6.988874E-4
2.250000E-9	7.006004E-4
2.300000E-9	6.663416E-4
2.350000E-9	6.200923E-4
2.400000E-9	6.252313E-4
2.450000E-9	6.560646E-4
2.500000E-9	6.543518E-4
2.550000E-9	6.286577E-4
2.600000E-9	6.389354E-4
2.650000E-9	6.714814E-4
2.700000E-9	7.040273E-4
2.750000E-9	7.622674E-4
2.800000E-9	8.753218E-4
2.850000E-9	9.918021E-4
2.900000E-9	1.067172E-3
2.950000E-9	1.108282E-3
3.000000E-9	1.145967E-3
3.050000E-9	1.171661E-3
3.100000E-9	1.132264E-3
3.150000E-9	1.036339E-3
3.200000E-9	9.352750E-4
3.250000E-9	8.547664E-4
3.300000E-9	7.639802E-4
3.350000E-9	6.560644E-4
3.400000E-9	5.875464E-4
3.450000E-9	5.772686E-4
3.500000E-9	6.149532E-4
3.550000E-9	6.731932E-4
3.600000E-9	7.759699E-4
3.650000E-9	9.318480E-4
3.700000E-9	1.091152E-3
3.750000E-9	1.205920E-3
3.800000E-9	1.293280E-3
3.850000E-9	1.382353E-3
3.900000E-9	1.433742E-3
3.950000E-9	1.435455E-3
4.000000E-9	1.406335E-3
4.050000E-9	1.349808E-3
4.100000E-9	1.257309E-3
4.150000E-9	1.151106E-3
4.200000E-9	1.053468E-3
4.250000E-9	9.592558E-4
4.300000E-9	8.736083E-4
4.350000E-9	8.342105E-4
4.400000E-9	8.393492E-4
4.450000E-9	8.633305E-4
4.500000E-9	8.804599E-4
4.550000E-9	8.993024E-4
4.600000E-9	9.095802E-4
4.650000E-9	8.873119E-4
4.700000E-9	8.187941E-4
4.750000E-9	7.228692E-4
4.800000E-9	6.252312E-4
4.850000E-9	5.464357E-4
4.900000E-9	4.796309E-4
4.950000E-9	4.145389E-4
5.000000E-9	3.751411E-4
5.050000E-9	3.819928E-4
5.100000E-9	4.162517E-4
5.150000E-9	4.522236E-4
5.200000E-9	5.258802E-4
5.250000E-9	6.337959E-4
5.300000E-9	7.297210E-4
5.350000E-9	8.136556E-4
5.400000E-9	8.924513E-4
5.450000E-9	9.421269E-4
5.500000E-9	9.506917E-4
5.550000E-9	9.592565E-4
5.600000E-9	9.986544E-4
5.650000E-9	1.019210E-3
5.700000E-9	1.017497E-3
5.750000E-9	1.034626E-3
5.800000E-9	1.072311E-3
5.850000E-9	1.086015E-3
5.900000E-9	1.058607E-3
5.950000E-9	1.024348E-3
6.000000E-9	9.883763E-4
6.050000E-9	9.301360E-4
6.100000E-9	8.290722E-4
6.150000E-9	7.006012E-4
6.200000E-9	5.669913E-4
6.250000E-9	4.248168E-4
6.300000E-9	2.775033E-4
6.350000E-9	1.507452E-4
6.400000E-9	6.852361E-5
6.450000E-9	2.741271E-5
6.500000E-9	1.199599E-5
6.550000E-9	2.227346E-5
6.600000E-9	9.935588E-5
6.650000E-9	2.244009E-4
6.700000E-9	3.288906E-4
6.750000E-9	4.059732E-4
6.800000E-9	4.967595E-4
6.850000E-9	5.961106E-4
6.900000E-9	6.560639E-4
6.950000E-9	6.560641E-4
7.000000E-9	6.269443E-4
7.050000E-9	5.789820E-4
7.100000E-9	5.087513E-4
7.150000E-9	4.179652E-4
7.200000E-9	3.528732E-4
7.250000E-9	3.151882E-4
7.300000E-9	2.929198E-4
7.350000E-9	3.083362E-4
7.400000E-9	3.768539E-4
7.450000E-9	4.556494E-4
7.500000E-9	5.275932E-4
7.550000E-9	6.406478E-4
7.600000E-9	7.811096E-4
7.650000E-9	8.958772E-4
7.700000E-9	9.712471E-4
7.750000E-9	1.022636E-3
7.800000E-9	1.080876E-3
7.850000E-9	1.139116E-3
7.900000E-9	1.163098E-3
7.950000E-9	1.166523E-3
8.000000E-9	1.202495E-3
8.050000E-9	1.247032E-3
8.100000E-9	1.255596E-3
8.150000E-9	1.259022E-3
8.200000E-9	1.277864E-3
8.250000E-9	1.272725E-3
8.300000E-9	1.247031E-3
8.350000E-9	1.221336E-3
8.400000E-9	1.171661E-3
8.450000E-9	1.094578E-3
8.500000E-9	1.031199E-3
8.550000E-9	9.866620E-4
8.600000E-9	9.318477E-4
8.650000E-9	8.718945E-4
8.700000E-9	7.982378E-4
8.750000E-9	7.023128E-4
8.800000E-9	5.995360E-4
8.850000E-9	5.104629E-4
8.900000E-9	4.265286E-4
8.950000E-9	3.545851E-4
9.000000E-9	3.186135E-4
9.050000E-9	3.014842E-4
9.100000E-9	2.775032E-4
9.150000E-9	2.894940E-4
9.200000E-9	3.562991E-4
9.250000E-9	4.539372E-4
9.300000E-9	5.704176E-4
9.350000E-9	7.108793E-4
9.400000E-9	8.444891E-4
9.450000E-9	9.318493E-4
9.500000E-9	9.986541E-4
9.550000E-9	1.082588E-3
9.600000E-9	1.140828E-3
9.650000E-9	1.135689E-3
9.700000E-9	1.101431E-3
9.750000E-9	1.060320E-3
9.800000E-9	9.935148E-4
9.850000E-9	9.267099E-4
9.900000E-9	8.650438E-4
9.950000E-9	7.811095E-4
1.000000E-8	6.817585E-4
1.005000E-8	6.029629E-4
1.010000E-8	5.293061E-4
1.015000E-8	4.402328E-4
1.020000E-8	3.682889E-4
1.025000E-8	3.049097E-4
1.030000E-8	1.969939E-4
1.035000E-8	8.051341E-5
1.040000E-8	3.083785E-5
1.045000E-8	-3.421142E-6
1.050000E-8	-6.166130E-5
1.055000E-8	-8.221662E-5
1.060000E-8	-3.768000E-5
1.065000E-8	8.569588E-6
1.070000E-8	4.454152E-5
1.075000E-8	1.301889E-4
1.080000E-8	2.603729E-4
1.085000E-8	3.974086E-4
1.090000E-8	5.669904E-4
1.095000E-8	7.725441E-4
1.100000E-8	9.712460E-4
1.105000E-8	1.149392E-3
1.110000E-8	1.312122E-3
1.115000E-8	1.428603E-3
1.120000E-8	1.524528E-3
1.125000E-8	1.629018E-3
1.130000E-8	1.688971E-3
1.135000E-8	1.687258E-3
1.140000E-8	1.690684E-3
1.145000E-8	1.706101E-3
1.150000E-8	1.718091E-3
1.155000E-8	1.771192E-3
1.160000E-8	1.932209E-3
1.165000E-8	2.243965E-3
1.170000E-8	2.773265E-3
1.175000E-8	3.566358E-3
1.180000E-8	4.640375E-3
1.185000E-8	6.096378E-3
1.190000E-8	8.042285E-3
1.195000E-8	1.044726E-2
1.200000E-8	1.330788E-2
1.205000E-8	1.674576E-2
1.210000E-8	2.075234E-2
1.215000E-8	2.520601E-2
1.220000E-8	3.012045E-2
1.225000E-8	3.549225E-2
1.230000E-8	4.108674E-2
1.235000E-8	4.668979E-2
1.240000E-8	5.224830E-2
1.245000E-8	5.760297E-2
1.250000E-8	6.247288E-2
1.255000E-8	6.670215E-2
1.260000E-8	7.025823E-2
1.265000E-8	7.300409E-2
1.270000E-8	7.480954E-2
1.275000E-8	7.570370E-2
1.280000E-8	7.576708E-2
1.285000E-8	7.503565E-2
1.290000E-8	7.352655E-2
1.295000E-8	7.135796E-2
1.300000E-8	6.871831E-2
1.305000E-8	6.570867E-2
1.310000E-8	6.240611E-2
1.315000E-8	5.897850E-2
1.320000E-8	5.567765E-2
1.325000E-8	5.260976E-2
1.330000E-8	4.980738E-2
1.335000E-8	4.741439E-2
1.340000E-8	4.554214E-2
1.345000E-8	4.414951E-2
1.350000E-8	4.327077E-2
1.355000E-8	4.299156E-2
1.360000E-8	4.326905E-2
1.365000E-8	4.393538E-2
1.370000E-8	4.497343E-2
1.375000E-8	4.635749E-2
1.380000E-8	4.791455E-2
1.385000E-8	4.954014E-2
1.390000E-8	5.120512E-2
1.395000E-8	5.276219E-2
1.400000E-8	5.406917E-2
1.405000E-8	5.509180E-2
1.410000E-8	5.576671E-2
1.415000E-8	5.594828E-2
1.420000E-8	5.564509E-2
1.425000E-8	5.488112E-2
1.430000E-8	5.363923E-2
1.435000E-8	5.197425E-2
1.440000E-8	4.998895E-2
1.445000E-8	4.771073E-2
1.450000E-8	4.523038E-2
1.455000E-8	4.272777E-2
1.460000E-8	4.030224E-2
1.465000E-8	3.799147E-2
1.470000E-8	3.596677E-2
1.475000E-8	3.440970E-2
1.480000E-8	3.332026E-2
1.485000E-8	3.266249E-2
1.490000E-8	3.252373E-2
1.495000E-8	3.295711E-2
1.500000E-8	3.383756E-2
1.505000E-8	3.507430E-2
1.510000E-8	3.660054E-2
1.515000E-8	3.832376E-2
1.520000E-8	4.011379E-2
1.525000E-8	4.185586E-2
1.530000E-8	4.342834E-2
1.535000E-8	4.471648E-2
1.540000E-8	4.565004E-2
1.545000E-8	4.618277E-2
1.550000E-8	4.627013E-2
1.555000E-8	4.587958E-2
1.560000E-8	4.503510E-2
1.565000E-8	4.379321E-2
1.570000E-8	4.218819E-2
1.575000E-8	4.026455E-2
1.580000E-8	3.812851E-2
1.585000E-8	3.586399E-2
1.590000E-8	3.356008E-2
1.595000E-8	3.133839E-2
1.600000E-8	2.932396E-2
1.605000E-8	2.758018E-2
1.610000E-8	2.614301E-2
1.615000E-8	2.512895E-2
1.620000E-8	2.461335E-2
1.625000E-8	2.457223E-2
1.630000E-8	2.497135E-2
1.635000E-8	2.581754E-2
1.640000E-8	2.704401E-2
1.645000E-8	2.854797E-2
1.650000E-8	3.024893E-2
1.655000E-8	3.206979E-2
1.660000E-8	3.390436E-2
1.665000E-8	3.562758E-2
1.670000E-8	3.711271E-2
1.675000E-8	3.827238E-2
1.680000E-8	3.906205E-2
1.685000E-8	3.942348E-2
1.690000E-8	3.928816E-2
1.695000E-8	3.865608E-2
1.700000E-8	3.757864E-2
1.705000E-8	3.606954E-2
1.710000E-8	3.416303E-2
1.715000E-8	3.199102E-2
1.720000E-8	2.968539E-2
1.725000E-8	2.735236E-2
1.730000E-8	2.507414E-2
1.735000E-8	2.301004E-2
1.740000E-8	2.129195E-2
1.745000E-8	1.998668E-2
1.750000E-8	1.916618E-2
1.755000E-8	1.889553E-2
1.760000E-8	1.916960E-2
1.765000E-8	1.994385E-2
1.770000E-8	2.116860E-2
1.775000E-8	2.278562E-2
1.780000E-8	2.467843E-2
1.785000E-8	2.671512E-2
1.790000E-8	2.874154E-2
1.795000E-8	3.063092E-2
1.800000E-8	3.230104E-2
1.805000E-8	3.364399E-2
1.810000E-8	3.453986E-2
1.815000E-8	3.493213E-2
1.820000E-8	3.484820E-2
1.825000E-8	3.428978E-2
1.830000E-8	3.325345E-2
1.835000E-8	3.180087E-2
1.840000E-8	3.003825E-2
1.845000E-8	2.804096E-2
1.850000E-8	2.590149E-2
1.855000E-8	2.371577E-2
1.860000E-8	2.158658E-2
1.865000E-8	1.960641E-2
1.870000E-8	1.788661E-2
1.875000E-8	1.649056E-2
1.880000E-8	1.549705E-2
1.885000E-8	1.497460E-2
1.890000E-8	1.496260E-2
1.895000E-8	1.545764E-2
1.900000E-8	1.643916E-2
1.905000E-8	1.782150E-2
1.910000E-8	1.950019E-2
1.915000E-8	2.140156E-2
1.920000E-8	2.343654E-2
1.925000E-8	2.542184E-2
1.930000E-8	2.723757E-2
1.935000E-8	2.883061E-2
1.940000E-8	3.010333E-2
1.945000E-8	3.095124E-2
1.950000E-8	3.131781E-2
1.955000E-8	3.117222E-2
1.960000E-8	3.051445E-2
1.965000E-8	2.938390E-2
1.970000E-8	2.783198E-2
1.975000E-8	2.594260E-2
1.980000E-8	2.381341E-2
1.985000E-8	2.152320E-2
1.990000E-8	1.916961E-2
1.995000E-8	1.690852E-2
2.000000E-8	1.487696E-2
2.005000E-8	1.311948E-2
2.010000E-8	1.171144E-2
2.015000E-8	1.079843E-2
2.020000E-8	1.043871E-2
2.025000E-8	1.059116E-2
2.030000E-8	1.126263E-2
2.035000E-8	1.244970E-2
2.040000E-8	1.404959E-2
2.045000E-8	1.596295E-2
2.050000E-8	1.808529E-2
2.055000E-8	2.025388E-2
2.060000E-8	2.231456E-2
2.065000E-8	2.419195E-2
2.070000E-8	2.577129E-2
2.075000E-8	2.691211E-2
2.080000E-8	2.756132E-2
2.085000E-8	2.769664E-2
2.090000E-8	2.729582E-2
2.095000E-8	2.639310E-2
2.100000E-8	2.505871E-2
2.105000E-8	2.335091E-2
2.110000E-8	2.132278E-2
2.115000E-8	1.911479E-2
2.120000E-8	1.687768E-2
2.125000E-8	1.471081E-2
2.130000E-8	1.270152E-2
2.135000E-8	1.095260E-2
2.140000E-8	9.559975E-3
2.145000E-8	8.595584E-3
2.150000E-8	8.102253E-3
2.155000E-8	8.107390E-3
2.160000E-8	8.616133E-3
2.165000E-8	9.611352E-3
2.170000E-8	1.101425E-2
2.175000E-8	1.274604E-2
2.180000E-8	1.472621E-2
2.185000E-8	1.683142E-2
2.190000E-8	1.891779E-2
2.195000E-8	2.089795E-2
2.200000E-8	2.266743E-2
2.205000E-8	2.406691E-2
2.210000E-8	2.501417E-2
2.215000E-8	2.548352E-2
2.220000E-8	2.543042E-2
2.225000E-8	2.482746E-2
2.230000E-8	2.375687E-2
2.235000E-8	2.228888E-2
2.240000E-8	2.045260E-2
2.245000E-8	1.834739E-2
2.250000E-8	1.612741E-2
2.255000E-8	1.390744E-2
2.260000E-8	1.181764E-2
2.265000E-8	9.962519E-3
2.270000E-8	8.400311E-3
2.275000E-8	7.202960E-3
2.280000E-8	6.476668E-3
2.285000E-8	6.216298E-3
2.290000E-8	6.403007E-3
2.295000E-8	7.065915E-3
2.300000E-8	8.136505E-3
2.305000E-8	9.518851E-3
2.310000E-8	1.118041E-2
2.315000E-8	1.306979E-2
2.320000E-8	1.501227E-2
2.325000E-8	1.687938E-2
2.330000E-8	1.860774E-2
2.335000E-8	2.007574E-2
2.340000E-8	2.118059E-2
2.345000E-8	2.189489E-2
2.350000E-8	2.216725E-2
2.355000E-8	2.194115E-2
2.360000E-8	2.125940E-2
2.365000E-8	2.019737E-2
2.370000E-8	1.876706E-2
2.375000E-8	1.703014E-2
2.380000E-8	1.512877E-2
2.385000E-8	1.317087E-2
2.390000E-8	1.122325E-2
2.395000E-8	9.383543E-3
2.400000E-8	7.749391E-3
2.405000E-8	6.413291E-3
2.410000E-8	5.436910E-3
2.415000E-8	4.863070E-3
2.420000E-8	4.714042E-3
2.425000E-8	5.008666E-3
2.430000E-8	5.724676E-3
2.435000E-8	6.784988E-3
2.440000E-8	8.136501E-3
2.445000E-8	9.732966E-3
2.450000E-8	1.146475E-2
2.455000E-8	1.322395E-2
2.460000E-8	1.494375E-2
2.465000E-8	1.652309E-2
2.470000E-8	1.780951E-2
2.475000E-8	1.874307E-2
2.480000E-8	1.934089E-2
2.485000E-8	1.953103E-2
2.490000E-8	1.924497E-2
2.495000E-8	1.854780E-2
2.500000E-8	1.751832E-2
2.505000E-8	1.615139E-2
2.510000E-8	1.451210E-2
2.515000E-8	1.273578E-2
2.520000E-8	1.089607E-2
2.525000E-8	9.047805E-3
2.530000E-8	7.345136E-3
2.535000E-8	5.889130E-3
2.540000E-8	4.693492E-3
2.545000E-8	3.838730E-3
2.550000E-8	3.398500E-3
2.555000E-8	3.364239E-3
2.560000E-8	3.730808E-3
2.565000E-8	4.518761E-3
2.570000E-8	5.656156E-3
2.575000E-8	7.038502E-3
2.580000E-8	8.670940E-3
2.585000E-8	1.047125E-2
2.590000E-8	1.226299E-2
2.595000E-8	1.393825E-2
2.600000E-8	1.544564E-2
2.605000E-8	1.666698E-2
2.610000E-8	1.750290E-2
2.615000E-8	1.796025E-2
2.620000E-8	1.804248E-2
2.625000E-8	1.768276E-2
2.630000E-8	1.689823E-2
2.635000E-8	1.575913E-2
2.640000E-8	1.431511E-2
2.645000E-8	1.265356E-2
2.650000E-8	1.087381E-2
2.655000E-8	9.059796E-3
2.660000E-8	7.290322E-3
2.665000E-8	5.668161E-3
2.670000E-8	4.292664E-3
2.675000E-8	3.232348E-3
2.680000E-8	2.552307E-3
2.685000E-8	2.281660E-3
2.690000E-8	2.406703E-3
2.695000E-8	2.903455E-3
2.700000E-8	3.775343E-3
2.705000E-8	4.969265E-3
2.710000E-8	6.385870E-3
2.715000E-8	7.966919E-3
2.720000E-8	9.640467E-3
2.725000E-8	1.130203E-2
2.730000E-8	1.284710E-2
2.735000E-8	1.420376E-2
2.740000E-8	1.525380E-2
2.745000E-8	1.592870E-2
2.750000E-8	1.622161E-2
2.755000E-8	1.612569E-2
2.760000E-8	1.561695E-2
2.765000E-8	1.473478E-2
2.770000E-8	1.354429E-2
2.775000E-8	1.210541E-2
2.780000E-8	1.047983E-2
2.785000E-8	8.773733E-3
2.790000E-8	7.067638E-3
2.795000E-8	5.469458E-3
2.800000E-8	4.095674E-3
2.805000E-8	3.013091E-3
2.810000E-8	2.255967E-3
2.815000E-8	1.844858E-3
2.820000E-8	1.796894E-3
2.825000E-8	2.139481E-3
2.830000E-8	2.858917E-3
2.835000E-8	3.866128E-3
2.840000E-8	5.078893E-3
2.845000E-8	6.462953E-3
2.850000E-8	7.968632E-3
2.855000E-8	9.491442E-3
2.860000E-8	1.094402E-2
2.865000E-8	1.226813E-2
2.870000E-8	1.338497E-2
2.875000E-8	1.421404E-2
2.880000E-8	1.472621E-2
2.885000E-8	1.490265E-2
2.890000E-8	1.468853E-2
2.895000E-8	1.408557E-2
2.900000E-8	1.313489E-2
2.905000E-8	1.193412E-2
2.910000E-8	1.052608E-2
2.915000E-8	8.946740E-3
2.920000E-8	7.259488E-3
2.925000E-8	5.577374E-3
2.930000E-8	3.982620E-3
2.935000E-8	2.547170E-3
2.940000E-8	1.404634E-3
2.945000E-8	6.492227E-4
2.950000E-8	2.757989E-4
2.955000E-8	2.895008E-4
2.960000E-8	7.211617E-4
2.965000E-8	1.565643E-3
2.970000E-8	2.730445E-3
2.975000E-8	4.150476E-3
2.980000E-8	5.767497E-3
2.985000E-8	7.475304E-3
2.990000E-8	9.136862E-3
2.995000E-8	1.065625E-2
3.000000E-8	1.197864E-2
3.005000E-8	1.303896E-2
3.010000E-8	1.374126E-2
3.015000E-8	1.404274E-2
3.020000E-8	1.394511E-2
3.025000E-8	1.347748E-2
3.030000E-8	1.265698E-2
3.035000E-8	1.152301E-2
3.040000E-8	1.011668E-2
3.045000E-8	8.511650E-3
3.050000E-8	6.808981E-3
3.055000E-8	5.128581E-3
3.060000E-8	3.561235E-3
3.065000E-8	2.161757E-3
3.070000E-8	1.002091E-3
3.075000E-8	1.644587E-4
3.080000E-8	-2.774831E-4
3.085000E-8	-3.185955E-4
3.090000E-8	-3.415089E-6
3.095000E-8	6.663454E-4
3.100000E-8	1.685547E-3
3.105000E-8	2.970256E-3
3.110000E-8	4.400565E-3
3.115000E-8	5.907957E-3
3.120000E-8	7.439331E-3
3.125000E-8	8.891910E-3
3.130000E-8	1.016806E-2
3.135000E-8	1.121809E-2
3.140000E-8	1.198721E-2
3.145000E-8	1.244457E-2
3.150000E-8	1.258332E-2
3.155000E-8	1.239832E-2
3.160000E-8	1.190328E-2
3.165000E-8	1.113245E-2
3.170000E-8	1.013895E-2
3.175000E-8	8.946738E-3
3.180000E-8	7.617492E-3
3.185000E-8	6.241997E-3
3.190000E-8	4.899047E-3
3.195000E-8	3.621188E-3
3.200000E-8	2.432403E-3
3.205000E-8	1.420050E-3
3.210000E-8	6.749173E-4
3.215000E-8	2.398274E-4
3.220000E-8	1.164937E-4
3.225000E-8	3.134810E-4
3.230000E-8	8.427800E-4
3.235000E-8	1.682122E-3
3.240000E-8	2.795537E-3
3.245000E-8	4.109366E-3
3.250000E-8	5.531111E-3
3.255000E-8	6.971698E-3
3.260000E-8	8.371176E-3
3.265000E-8	9.631905E-3
3.270000E-8	1.065625E-2
3.275000E-8	1.139453E-2
3.280000E-8	1.182277E-2
3.285000E-8	1.189471E-2
3.290000E-8	1.158124E-2
3.295000E-8	1.091662E-2
3.300000E-8	9.974503E-3
3.305000E-8	8.804562E-3
3.310000E-8	7.465039E-3
3.315000E-8	6.031303E-3
3.320000E-8	4.582151E-3
3.325000E-8	3.201516E-3
3.330000E-8	1.954491E-3
3.335000E-8	8.821855E-4
3.340000E-8	5.140543E-5
3.345000E-8	-4.830352E-4
3.350000E-8	-7.022938E-4
3.355000E-8	-6.012316E-4
3.360000E-8	-1.627189E-4
3.365000E-8	5.789855E-4
3.370000E-8	1.562216E-3
3.375000E-8	2.771555E-3
3.380000E-8	4.152189E-3
3.385000E-8	5.567082E-3
3.390000E-8	6.911745E-3
3.395000E-8	8.158771E-3
3.400000E-8	9.272187E-3
3.405000E-8	1.018005E-2
3.410000E-8	1.079671E-2
3.415000E-8	1.107078E-2
3.420000E-8	1.101940E-2
3.425000E-8	1.067510E-2
3.430000E-8	1.002589E-2
3.435000E-8	9.097475E-3
3.440000E-8	7.977209E-3
3.445000E-8	6.743888E-3
3.450000E-8	5.423207E-3
3.455000E-8	4.093960E-3
3.460000E-8	2.865777E-3
3.465000E-8	1.783195E-3
3.470000E-8	8.736194E-4
3.475000E-8	1.952916E-4
3.480000E-8	-2.038262E-4
3.485000E-8	-3.100303E-4
3.490000E-8	-1.250335E-4
3.495000E-8	3.323219E-4
3.500000E-8	1.031203E-3
3.505000E-8	1.971609E-3
3.510000E-8	3.103866E-3
3.515000E-8	4.352603E-3
3.520000E-8	5.654442E-3
3.525000E-8	6.937439E-3
3.530000E-8	8.114234E-3
3.535000E-8	9.131725E-3
3.540000E-8	9.959079E-3
3.545000E-8	1.054319E-2
3.550000E-8	1.081727E-2
3.555000E-8	1.077273E-2
3.560000E-8	1.040788E-2
3.565000E-8	9.722700E-3
3.570000E-8	8.772016E-3
3.575000E-8	7.617491E-3
3.580000E-8	6.301949E-3
3.585000E-8	4.911036E-3
3.590000E-8	3.520124E-3
3.595000E-8	2.185738E-3
3.600000E-8	1.014082E-3
3.605000E-8	1.113580E-4
3.610000E-8	-5.121559E-4
3.615000E-8	-8.821538E-4
3.620000E-8	-9.181273E-4
3.625000E-8	-5.823914E-4
3.630000E-8	4.625857E-5
3.635000E-8	9.112954E-4
3.640000E-8	2.019571E-3
3.645000E-8	3.288864E-3
3.650000E-8	4.595842E-3
3.655000E-8	5.889116E-3
3.660000E-8	7.113874E-3
3.665000E-8	8.160485E-3
3.670000E-8	8.972422E-3
3.675000E-8	9.546260E-3
3.680000E-8	9.851166E-3
3.685000E-8	9.861445E-3
3.690000E-8	9.589088E-3
3.695000E-8	9.056363E-3
3.700000E-8	8.314658E-3
3.705000E-8	7.413649E-3
3.710000E-8	6.384169E-3
3.715000E-8	5.269041E-3
3.720000E-8	4.150487E-3
3.725000E-8	3.062766E-3
3.730000E-8	2.034998E-3
3.735000E-8	1.147690E-3
3.740000E-8	4.676497E-4
3.745000E-8	-1.540238E-5
3.750000E-8	-2.689197E-4
3.755000E-8	-2.312362E-4
3.760000E-8	9.593531E-5
3.765000E-8	6.577806E-4
3.770000E-8	1.433744E-3
3.775000E-8	2.396419E-3
3.780000E-8	3.475575E-3
3.785000E-8	4.633527E-3
3.790000E-8	5.793191E-3
3.795000E-8	6.850079E-3
3.800000E-8	7.766506E-3
3.805000E-8	8.511639E-3
3.810000E-8	8.991265E-3
3.815000E-8	9.153996E-3
3.820000E-8	9.042655E-3
3.825000E-8	8.662383E-3
3.830000E-8	7.984057E-3
3.835000E-8	7.059067E-3
3.840000E-8	5.979912E-3
3.845000E-8	4.791128E-3
3.850000E-8	3.557806E-3
3.855000E-8	2.394716E-3
3.860000E-8	1.366948E-3
3.865000E-8	5.036225E-4
3.870000E-8	-1.541496E-4
3.875000E-8	-5.601188E-4
3.880000E-8	-7.142850E-4
3.885000E-8	-6.252129E-4
3.890000E-8	-3.066061E-4
3.895000E-8	2.158415E-4
3.900000E-8	9.027319E-4
3.905000E-8	1.721519E-3
3.910000E-8	2.634519E-3
3.915000E-8	3.624602E-3
3.920000E-8	4.643805E-3
3.925000E-8	5.621897E-3
3.930000E-8	6.516055E-3
3.935000E-8	7.319428E-3
3.940000E-8	7.954932E-3
3.945000E-8	8.362614E-3
3.950000E-8	8.557891E-3
3.955000E-8	8.532198E-3
3.960000E-8	8.263267E-3
3.965000E-8	7.751097E-3
3.970000E-8	7.031660E-3
3.975000E-8	6.125513E-3
3.980000E-8	5.102884E-3
3.985000E-8	4.039145E-3
3.990000E-8	2.980544E-3
3.995000E-8	1.964767E-3
4.000000E-8	1.074034E-3
4.005000E-8	3.631608E-4
4.010000E-8	-1.592889E-4
4.015000E-8	-4.813240E-4
4.020000E-8	-5.652597E-4
4.025000E-8	-4.076700E-4
4.030000E-8	-1.883250E-5
4.035000E-8	5.858364E-4
4.040000E-8	1.366939E-3
4.045000E-8	2.288503E-3
4.050000E-8	3.288864E-3
4.055000E-8	4.297789E-3
4.060000E-8	5.267317E-3
4.065000E-8	6.173466E-3
4.070000E-8	6.915173E-3
4.075000E-8	7.411929E-3
4.080000E-8	7.696279E-3
4.085000E-8	7.766511E-3
4.090000E-8	7.547255E-3
4.095000E-8	7.065918E-3
4.100000E-8	6.425277E-3
4.105000E-8	5.633897E-3
4.110000E-8	4.679786E-3
4.115000E-8	3.669148E-3
4.120000E-8	2.699620E-3
4.125000E-8	1.771203E-3
4.130000E-8	9.250068E-4
4.135000E-8	2.620959E-4
4.140000E-8	-2.021133E-4
4.145000E-8	-4.761855E-4
4.150000E-8	-5.224358E-4
4.155000E-8	-3.528549E-4
4.160000E-8	1.724181E-6
4.165000E-8	5.567181E-4
4.170000E-8	1.300136E-3
4.175000E-8	2.117211E-3
4.180000E-8	2.973684E-3
4.185000E-8	3.886684E-3
4.190000E-8	4.787694E-3
4.195000E-8	5.592778E-3
4.200000E-8	6.313929E-3
4.205000E-8	6.934016E-3
4.210000E-8	7.358827E-3
4.215000E-8	7.552391E-3
4.220000E-8	7.535263E-3
4.225000E-8	7.312581E-3
4.230000E-8	6.862077E-3
4.235000E-8	6.195741E-3
4.240000E-8	5.352973E-3
4.245000E-8	4.392010E-3
4.250000E-8	3.383085E-3
4.255000E-8	2.363882E-3
4.260000E-8	1.384077E-3
4.265000E-8	5.293163E-4
4.270000E-8	-1.233167E-4
4.275000E-8	-5.618315E-4
4.280000E-8	-7.622470E-4
4.285000E-8	-7.228500E-4
4.290000E-8	-4.727607E-4
4.295000E-8	-2.054368E-5
4.300000E-8	6.457917E-4
4.305000E-8	1.459441E-3
4.310000E-8	2.350172E-3
4.315000E-8	3.270024E-3
4.320000E-8	4.186450E-3
4.325000E-8	5.044636E-3
4.330000E-8	5.803472E-3
4.335000E-8	6.426985E-3
4.340000E-8	6.896333E-3
4.345000E-8	7.201238E-3
4.350000E-8	7.314293E-3
4.355000E-8	7.189249E-3
4.360000E-8	6.862077E-3
4.365000E-8	6.384166E-3
4.370000E-8	5.750376E-3
4.375000E-8	4.962422E-3
4.380000E-8	4.097384E-3
4.385000E-8	3.192949E-3
4.390000E-8	2.252541E-3
4.395000E-8	1.356670E-3
4.400000E-8	6.063990E-4
4.405000E-8	3.084837E-5
4.410000E-8	-3.785465E-4
4.415000E-8	-5.686844E-4
4.420000E-8	-4.898898E-4
4.425000E-8	-1.901251E-4
4.430000E-8	2.929250E-4
4.435000E-8	9.575475E-4
4.440000E-8	1.759206E-3
4.445000E-8	2.598549E-3
4.450000E-8	3.434466E-3
4.455000E-8	4.266958E-3
4.460000E-8	5.037784E-3
4.465000E-8	5.661297E-3
4.470000E-8	6.135784E-3
4.475000E-8	6.449253E-3
4.480000E-8	6.577725E-3
4.485000E-8	6.519486E-3
4.490000E-8	6.296803E-3
4.495000E-8	5.914817E-3
4.500000E-8	5.397508E-3
4.505000E-8	4.780848E-3
4.510000E-8	4.066550E-3
4.515000E-8	3.256326E-3
4.520000E-8	2.432399E-3
4.525000E-8	1.663286E-3
4.530000E-8	9.301447E-4
4.535000E-8	2.518175E-4
4.540000E-8	-2.791965E-4
4.545000E-8	-6.115089E-4
4.550000E-8	-7.656749E-4
4.555000E-8	-7.211391E-4
4.560000E-8	-4.385036E-4
4.565000E-8	4.454668E-5
4.570000E-8	6.577810E-4
4.575000E-8	1.368653E-3
4.580000E-8	2.160034E-3
4.585000E-8	2.968545E-3
4.590000E-8	3.720529E-3
4.595000E-8	4.386865E-3
4.600000E-8	4.958990E-3
4.605000E-8	5.380375E-3
4.610000E-8	5.616762E-3
4.615000E-8	5.680142E-3
4.620000E-8	5.615051E-3
4.625000E-8	5.426628E-3
4.630000E-8	5.087465E-3
4.635000E-8	4.619832E-3
4.640000E-8	4.090532E-3
4.645000E-8	3.542389E-3
4.650000E-8	2.975404E-3
4.655000E-8	2.416984E-3
4.660000E-8	1.904813E-3
4.665000E-8	1.462872E-3
4.670000E-8	1.089450E-3
4.675000E-8	7.982481E-4
4.680000E-8	6.115361E-4
4.685000E-8	5.515820E-4
4.690000E-8	6.440801E-4
4.695000E-8	8.770399E-4
4.700000E-8	1.255600E-3
4.705000E-8	1.767770E-3
4.710000E-8	2.379292E-3
4.715000E-8	3.055905E-3
4.720000E-8	3.768491E-3
4.725000E-8	4.486215E-3
4.730000E-8	5.193663E-3
4.735000E-8	5.858286E-3
4.740000E-8	6.401291E-3
4.745000E-8	6.761011E-3
4.750000E-8	6.940871E-3
4.755000E-8	6.942585E-3
4.760000E-8	6.721616E-3
4.765000E-8	6.312222E-3
4.770000E-8	5.758941E-3
4.775000E-8	5.037791E-3
4.780000E-8	4.179605E-3
4.785000E-8	3.287160E-3
4.790000E-8	2.403280E-3
4.795000E-8	1.548519E-3
4.800000E-8	8.256550E-4
4.805000E-8	2.843634E-4
4.810000E-8	-8.563368E-5
4.815000E-8	-2.586419E-4
4.820000E-8	-1.918376E-4
4.825000E-8	5.996486E-5
4.830000E-8	4.710715E-4
4.835000E-8	1.062038E-3
4.840000E-8	1.771197E-3
4.845000E-8	2.523180E-3
4.850000E-8	3.307709E-3
4.855000E-8	4.078535E-3
4.860000E-8	4.739733E-3
4.865000E-8	5.284450E-3
4.870000E-8	5.729816E-3
4.875000E-8	6.010740E-3
4.880000E-8	6.106665E-3
4.885000E-8	6.056990E-3
4.890000E-8	5.854863E-3
4.895000E-8	5.484868E-3
4.900000E-8	5.006956E-3
4.905000E-8	4.457101E-3
4.910000E-8	3.816459E-3
4.915000E-8	3.136420E-3
4.920000E-8	2.499204E-3
4.925000E-8	1.899673E-3
4.930000E-8	1.341252E-3
4.935000E-8	8.821816E-4
4.940000E-8	5.327400E-4
4.945000E-8	2.689455E-4
4.950000E-8	1.267702E-4
4.955000E-8	1.387601E-4
4.960000E-8	2.826469E-4
4.965000E-8	5.310234E-4
4.970000E-8	8.890287E-4
4.975000E-8	1.341246E-3
4.980000E-8	1.861982E-3
4.985000E-8	2.451235E-3
4.990000E-8	3.049053E-3
4.995000E-8	3.631456E-3
5.000000E-8	4.191589E-3
5.005000E-8	4.705474E-3
5.010000E-8	5.101165E-3
5.015000E-8	5.363247E-3
5.020000E-8	5.488293E-3
5.025000E-8	5.455748E-3
5.030000E-8	5.251908E-3
5.035000E-8	4.890477E-3
5.040000E-8	4.404000E-3
5.045000E-8	3.843867E-3
5.050000E-8	3.239197E-3
5.055000E-8	2.584852E-3
5.060000E-8	1.923654E-3
5.065000E-8	1.351529E-3
5.070000E-8	9.113016E-4
5.075000E-8	5.772764E-4
5.080000E-8	3.700091E-4
5.085000E-8	3.271848E-4
5.090000E-8	4.505163E-4
5.095000E-8	7.280131E-4
5.100000E-8	1.133981E-3
5.105000E-8	1.611893E-3
5.110000E-8	2.146332E-3
5.115000E-8	2.723595E-3
5.120000E-8	3.276876E-3
5.125000E-8	3.777057E-3
5.130000E-8	4.213858E-3
5.135000E-8	4.580429E-3
5.140000E-8	4.837371E-3
5.145000E-8	4.969269E-3
5.150000E-8	4.960705E-3
5.155000E-8	4.797975E-3
5.160000E-8	4.510201E-3
5.165000E-8	4.138492E-3
5.170000E-8	3.686275E-3
5.175000E-8	3.170678E-3
5.180000E-8	2.641378E-3
5.185000E-8	2.103513E-3
5.190000E-8	1.565648E-3
5.195000E-8	1.101439E-3
5.200000E-8	7.485721E-4
5.205000E-8	4.899168E-4
5.210000E-8	3.237606E-4
5.215000E-8	3.049177E-4
5.220000E-8	4.213975E-4
5.225000E-8	6.286634E-4
5.230000E-8	9.301414E-4
5.235000E-8	1.332683E-3
5.240000E-8	1.795179E-3
5.245000E-8	2.278229E-3
5.250000E-8	2.756141E-3
5.255000E-8	3.198081E-3
5.260000E-8	3.600623E-3
5.265000E-8	3.963768E-3
5.270000E-8	4.258395E-3
5.275000E-8	4.460523E-3
5.280000E-8	4.580430E-3
5.285000E-8	4.587282E-3
5.290000E-8	4.457099E-3
5.295000E-8	4.213861E-3
5.300000E-8	3.905531E-3
5.305000E-8	3.528683E-3
5.310000E-8	3.090169E-3
5.315000E-8	2.636239E-3
5.320000E-8	2.208003E-3
5.325000E-8	1.802034E-3
5.330000E-8	1.433751E-3
5.335000E-8	1.159679E-3
5.340000E-8	1.022643E-3
5.345000E-8	1.002088E-3
5.350000E-8	1.060328E-3
5.355000E-8	1.178520E-3
5.360000E-8	1.378935E-3
5.365000E-8	1.659857E-3
5.370000E-8	1.997307E-3
5.375000E-8	2.363877E-3
5.380000E-8	2.754429E-3
5.385000E-8	3.179239E-3
5.390000E-8	3.586920E-3
5.395000E-8	3.931222E-3
5.400000E-8	4.203581E-3
5.405000E-8	4.417699E-3
5.410000E-8	4.556448E-3
5.415000E-8	4.607837E-3
5.420000E-8	4.558162E-3
5.425000E-8	4.414275E-3
5.430000E-8	4.171037E-3
5.435000E-8	3.821596E-3
5.440000E-8	3.379656E-3
5.445000E-8	2.896606E-3
5.450000E-8	2.398139E-3
5.455000E-8	1.894533E-3
5.460000E-8	1.433750E-3
5.465000E-8	1.055189E-3
5.470000E-8	7.400062E-4
5.475000E-8	5.121840E-4
5.480000E-8	4.385269E-4
5.485000E-8	5.327386E-4
5.490000E-8	7.382919E-4
5.495000E-8	1.053474E-3
5.500000E-8	1.473145E-3
5.505000E-8	1.963048E-3
5.510000E-8	2.492348E-3
5.515000E-8	3.040491E-3
5.520000E-8	3.559513E-3
5.525000E-8	3.999740E-3
5.530000E-8	4.344043E-3
5.535000E-8	4.566726E-3
5.540000E-8	4.667790E-3
5.545000E-8	4.681494E-3
5.550000E-8	4.606124E-3
5.555000E-8	4.417701E-3
5.560000E-8	4.123074E-3
5.565000E-8	3.754791E-3
5.570000E-8	3.352250E-3
5.575000E-8	2.934291E-3
5.580000E-8	2.504342E-3
5.585000E-8	2.072680E-3
5.590000E-8	1.673563E-3
5.595000E-8	1.346391E-3
5.600000E-8	1.108291E-3
5.605000E-8	9.541256E-4
5.610000E-8	8.753296E-4
5.615000E-8	8.787550E-4
5.620000E-8	9.729663E-4
5.625000E-8	1.161390E-3
5.630000E-8	1.397776E-3
5.635000E-8	1.656430E-3
5.640000E-8	1.942492E-3
5.645000E-8	2.261099E-3
5.650000E-8	2.572855E-3
5.655000E-8	2.855492E-3
5.660000E-8	3.120999E-3
5.665000E-8	3.376228E-3
5.670000E-8	3.597198E-3
5.675000E-8	3.759929E-3
5.680000E-8	3.845577E-3
5.685000E-8	3.840439E-3
5.690000E-8	3.777060E-3
5.695000E-8	3.653728E-3
5.700000E-8	3.439610E-3
5.705000E-8	3.131280E-3
5.710000E-8	2.781839E-3
5.715000E-8	2.391287E-3
5.720000E-8	1.959624E-3
5.725000E-8	1.545091E-3
5.730000E-8	1.178520E-3
5.735000E-8	8.462081E-4
5.740000E-8	5.944045E-4
5.745000E-8	4.984790E-4
5.750000E-8	5.207469E-4
5.755000E-8	6.252363E-4
5.760000E-8	8.719003E-4
5.765000E-8	1.260739E-3
5.770000E-8	1.714670E-3
5.775000E-8	2.204572E-3
5.780000E-8	2.728734E-3
5.785000E-8	3.246044E-3
5.790000E-8	3.715391E-3
5.795000E-8	4.133350E-3
5.800000E-8	4.457097E-3
5.805000E-8	4.633531E-3
5.810000E-8	4.667791E-3
5.815000E-8	4.570153E-3
5.820000E-8	4.328628E-3
5.825000E-8	3.974048E-3
5.830000E-8	3.559515E-3
5.835000E-8	3.093594E-3
5.840000E-8	2.596840E-3
5.845000E-8	2.106937E-3
5.850000E-8	1.654720E-3
5.855000E-8	1.274445E-3
5.860000E-8	9.815314E-4
5.865000E-8	7.794036E-4
5.870000E-8	6.697748E-4
5.875000E-8	6.612098E-4
5.880000E-8	7.417181E-4
5.885000E-8	9.061607E-4
5.890000E-8	1.128844E-3
5.895000E-8	1.387498E-3
5.900000E-8	1.661569E-3
5.905000E-8	1.947631E-3
5.910000E-8	2.233693E-3
5.915000E-8	2.518042E-3
5.920000E-8	2.816095E-3
5.925000E-8	3.115861E-3
5.930000E-8	3.383080E-3
5.935000E-8	3.612615E-3
5.940000E-8	3.819882E-3
5.945000E-8	3.979186E-3
5.950000E-8	4.051130E-3
5.955000E-8	4.030575E-3
5.960000E-8	3.950067E-3
5.965000E-8	3.804467E-3
5.970000E-8	3.552664E-3
5.975000E-8	3.216927E-3
5.980000E-8	2.819523E-3
5.985000E-8	2.396426E-3
5.990000E-8	1.980180E-3
5.995000E-8	1.632451E-3
6.000000E-8	1.387500E-3
6.005000E-8	1.250464E-3
6.010000E-8	1.202501E-3
6.015000E-8	1.236760E-3
6.020000E-8	1.378934E-3
6.025000E-8	1.618746E-3
6.030000E-8	1.921938E-3
6.035000E-8	2.269666E-3
6.040000E-8	2.649940E-3
6.045000E-8	3.026788E-3
6.050000E-8	3.333405E-3
6.055000E-8	3.583495E-3
6.060000E-8	3.790761E-3
6.065000E-8	3.939788E-3
6.070000E-8	3.998028E-3
6.075000E-8	3.991176E-3
6.080000E-8	3.941501E-3
6.085000E-8	3.837012E-3
6.090000E-8	3.681134E-3
6.095000E-8	3.490997E-3
6.100000E-8	3.283731E-3
6.105000E-8	3.069613E-3
6.110000E-8	2.867486E-3
6.115000E-8	2.673924E-3
6.120000E-8	2.475222E-3
6.125000E-8	2.276520E-3
6.130000E-8	2.074393E-3
6.135000E-8	1.882543E-3
6.140000E-8	1.740368E-3
6.145000E-8	1.668424E-3
6.150000E-8	1.644442E-3
6.155000E-8	1.637590E-3
6.160000E-8	1.668423E-3
6.165000E-8	1.764347E-3
6.170000E-8	1.909947E-3
6.175000E-8	2.055547E-3
6.180000E-8	2.218277E-3
6.185000E-8	2.427257E-3
6.190000E-8	2.643088E-3
6.195000E-8	2.810957E-3
6.200000E-8	2.956557E-3
6.205000E-8	3.091880E-3
6.210000E-8	3.180954E-3
6.215000E-8	3.203222E-3
6.220000E-8	3.167250E-3
6.225000E-8	3.069612E-3
6.230000E-8	2.915447E-3
6.235000E-8	2.735588E-3
6.240000E-8	2.523183E-3
6.245000E-8	2.286796E-3
6.250000E-8	2.043558E-3
6.255000E-8	1.790041E-3
6.260000E-8	1.538238E-3
6.265000E-8	1.342962E-3
6.270000E-8	1.211065E-3
6.275000E-8	1.104862E-3
6.280000E-8	1.050047E-3
6.285000E-8	1.089445E-3
6.290000E-8	1.183656E-3
6.295000E-8	1.318979E-3
6.300000E-8	1.550226E-3
6.305000E-8	1.838001E-3
6.310000E-8	2.115498E-3
6.315000E-8	2.403273E-3
6.320000E-8	2.715030E-3
6.325000E-8	2.985675E-3
6.330000E-8	3.174100E-3
6.335000E-8	3.331691E-3
6.340000E-8	3.443033E-3
6.345000E-8	3.456737E-3
6.350000E-8	3.379655E-3
6.355000E-8	3.254610E-3
6.360000E-8	3.093593E-3
6.365000E-8	2.881188E-3
6.370000E-8	2.637950E-3
6.375000E-8	2.394711E-3
6.380000E-8	2.196010E-3
6.385000E-8	2.041845E-3
6.390000E-8	1.901383E-3
6.395000E-8	1.790042E-3
6.400000E-8	1.750644E-3
6.405000E-8	1.783190E-3
6.410000E-8	1.829440E-3
6.415000E-8	1.904809E-3
6.420000E-8	2.043558E-3
6.425000E-8	2.223417E-3
6.430000E-8	2.404989E-3
6.435000E-8	2.581423E-3
6.440000E-8	2.745865E-3
6.445000E-8	2.903456E-3
6.450000E-8	3.067899E-3
6.455000E-8	3.196369E-3
6.460000E-8	3.264887E-3
6.465000E-8	3.317988E-3
6.470000E-8	3.348821E-3
6.475000E-8	3.314563E-3
6.480000E-8	3.256323E-3
6.485000E-8	3.191231E-3
6.490000E-8	3.067899E-3
6.495000E-8	2.893179E-3
6.500000E-8	2.721884E-3
6.505000E-8	2.516331E-3
6.510000E-8	2.255963E-3
6.515000E-8	1.988744E-3
6.520000E-8	1.721524E-3
6.525000E-8	1.399490E-3
6.530000E-8	1.080881E-3
6.535000E-8	8.479205E-4
6.540000E-8	6.800513E-4
6.545000E-8	5.687095E-4
6.550000E-8	5.258855E-4
6.555000E-8	5.550054E-4
6.560000E-8	6.594951E-4
6.565000E-8	8.581968E-4
6.570000E-8	1.125417E-3
6.575000E-8	1.420043E-3
6.580000E-8	1.721522E-3
6.585000E-8	1.980177E-3
6.590000E-8	2.146333E-3
6.595000E-8	2.271379E-3
6.600000E-8	2.360452E-3
6.605000E-8	2.360452E-3
6.610000E-8	2.297073E-3
6.615000E-8	2.243972E-3
6.620000E-8	2.209713E-3
6.625000E-8	2.136056E-3
6.630000E-8	2.069251E-3
6.635000E-8	2.057260E-3
6.640000E-8	2.076103E-3
6.645000E-8	2.079529E-3
6.650000E-8	2.086381E-3
6.655000E-8	2.106936E-3
6.660000E-8	2.129205E-3
6.665000E-8	2.124066E-3
6.670000E-8	2.093233E-3
6.675000E-8	2.026428E-3
6.680000E-8	1.942494E-3
6.685000E-8	1.867124E-3
6.690000E-8	1.838004E-3
6.695000E-8	1.877401E-3
6.700000E-8	1.966474E-3
6.705000E-8	2.093232E-3
6.710000E-8	2.281656E-3
6.715000E-8	2.512903E-3
6.720000E-8	2.754428E-3
6.725000E-8	2.985676E-3
6.730000E-8	3.198082E-3
6.735000E-8	3.367663E-3
6.740000E-8	3.489283E-3
6.745000E-8	3.578356E-3
6.750000E-8	3.607476E-3
6.755000E-8	3.552662E-3
6.760000E-8	3.437895E-3
6.765000E-8	3.254610E-3
6.770000E-8	3.004520E-3
6.775000E-8	2.752717E-3
6.780000E-8	2.555728E-3
6.785000E-8	2.369017E-3
6.790000E-8	2.156612E-3
6.795000E-8	1.968188E-3
6.800000E-8	1.829439E-3
6.805000E-8	1.714672E-3
6.810000E-8	1.632450E-3
6.815000E-8	1.617034E-3
6.820000E-8	1.675274E-3
6.825000E-8	1.796893E-3
6.830000E-8	1.976752E-3
6.835000E-8	2.196009E-3
6.840000E-8	2.456377E-3
6.845000E-8	2.740726E-3
6.850000E-8	3.001094E-3
6.855000E-8	3.215212E-3
6.860000E-8	3.386507E-3
6.865000E-8	3.504700E-3
6.870000E-8	3.554376E-3
6.875000E-8	3.525256E-3
6.880000E-8	3.424192E-3
6.885000E-8	3.242619E-3
6.890000E-8	3.016510E-3
6.895000E-8	2.773272E-3
6.900000E-8	2.523182E-3
6.905000E-8	2.290221E-3
6.910000E-8	2.106936E-3
6.915000E-8	1.952770E-3
6.920000E-8	1.814022E-3
6.925000E-8	1.731801E-3
6.930000E-8	1.711245E-3
6.935000E-8	1.709532E-3
6.940000E-8	1.719810E-3
6.945000E-8	1.790041E-3
6.950000E-8	1.899669E-3
6.955000E-8	1.993881E-3
6.960000E-8	2.086380E-3
6.965000E-8	2.214851E-3
6.970000E-8	2.334757E-3
6.975000E-8	2.403275E-3
6.980000E-8	2.478645E-3
6.985000E-8	2.569431E-3
6.990000E-8	2.612254E-3
6.995000E-8	2.607116E-3
7.000000E-8	2.608829E-3
7.005000E-8	2.591699E-3
7.010000E-8	2.531746E-3
7.015000E-8	2.470080E-3
7.020000E-8	2.413553E-3
7.025000E-8	2.353600E-3
7.030000E-8	2.314203E-3
7.035000E-8	2.281657E-3
7.040000E-8	2.225130E-3
7.045000E-8	2.172028E-3
7.050000E-8	2.142908E-3
7.055000E-8	2.106937E-3
7.060000E-8	2.076104E-3
7.065000E-8	2.081242E-3
7.070000E-8	2.082955E-3
7.075000E-8	2.041844E-3
7.080000E-8	2.012724E-3
7.085000E-8	2.005872E-3
7.090000E-8	1.980178E-3
7.095000E-8	1.959622E-3
7.100000E-8	1.993881E-3
7.105000E-8	2.074389E-3
7.110000E-8	2.166888E-3
7.115000E-8	2.264526E-3
7.120000E-8	2.379294E-3
7.125000E-8	2.516330E-3
7.130000E-8	2.653365E-3
7.135000E-8	2.780124E-3
7.140000E-8	2.877762E-3
7.145000E-8	2.932576E-3
7.150000E-8	2.927438E-3
7.155000E-8	2.864059E-3
7.160000E-8	2.798967E-3
7.165000E-8	2.718459E-3
7.170000E-8	2.581423E-3
7.175000E-8	2.415268E-3
7.180000E-8	2.259389E-3
7.185000E-8	2.103511E-3
7.190000E-8	1.951059E-3
7.195000E-8	1.817449E-3
7.200000E-8	1.707820E-3
7.205000E-8	1.625598E-3
7.210000E-8	1.582774E-3
7.215000E-8	1.570784E-3
7.220000E-8	1.555367E-3
7.225000E-8	1.539950E-3
7.230000E-8	1.548515E-3
7.235000E-8	1.558792E-3
7.240000E-8	1.586200E-3
7.245000E-8	1.661569E-3
7.250000E-8	1.750643E-3
7.255000E-8	1.822587E-3
7.260000E-8	1.897956E-3
7.265000E-8	2.000733E-3
7.270000E-8	2.106936E-3
7.275000E-8	2.230268E-3
7.280000E-8	2.377582E-3
7.285000E-8	2.502627E-3
7.290000E-8	2.588274E-3
7.295000E-8	2.663644E-3
7.300000E-8	2.727023E-3
7.305000E-8	2.768134E-3
7.310000E-8	2.785263E-3
7.315000E-8	2.798967E-3
7.320000E-8	2.822948E-3
7.325000E-8	2.845216E-3
7.330000E-8	2.833226E-3
7.335000E-8	2.769847E-3
7.340000E-8	2.692764E-3
7.345000E-8	2.600265E-3
7.350000E-8	2.461516E-3
7.355000E-8	2.281656E-3
7.360000E-8	2.084667E-3
7.365000E-8	1.880826E-3
7.370000E-8	1.692402E-3
7.375000E-8	1.539949E-3
7.380000E-8	1.433747E-3
7.385000E-8	1.394349E-3
7.390000E-8	1.438885E-3
7.395000E-8	1.563930E-3
7.400000E-8	1.752355E-3
7.405000E-8	1.990454E-3
7.410000E-8	2.238832E-3
7.415000E-8	2.442673E-3
7.420000E-8	2.608829E-3
7.425000E-8	2.761282E-3
7.430000E-8	2.841790E-3
7.435000E-8	2.817809E-3
7.440000E-8	2.756143E-3
7.445000E-8	2.692764E-3
7.450000E-8	2.567719E-3
7.455000E-8	2.394711E-3
7.460000E-8	2.267953E-3
7.465000E-8	2.211426E-3
7.470000E-8	2.180593E-3
7.475000E-8	2.173741E-3
7.480000E-8	2.216565E-3
7.485000E-8	2.293647E-3
7.490000E-8	2.375868E-3
7.495000E-8	2.459803E-3
7.500000E-8	2.571144E-3
7.505000E-8	2.701328E-3
7.510000E-8	2.809243E-3
7.515000E-8	2.874335E-3
7.520000E-8	2.937714E-3
7.525000E-8	3.002806E-3
7.530000E-8	2.995954E-3
7.535000E-8	2.913733E-3
7.540000E-8	2.841789E-3
7.545000E-8	2.776697E-3
7.550000E-8	2.656792E-3
7.555000E-8	2.504340E-3
7.560000E-8	2.367304E-3
7.565000E-8	2.243972E-3
7.570000E-8	2.110363E-3
7.575000E-8	1.975040E-3
7.580000E-8	1.844856E-3
7.585000E-8	1.738653E-3
7.590000E-8	1.675274E-3
7.595000E-8	1.632450E-3
7.600000E-8	1.605042E-3
7.605000E-8	1.594764E-3
7.610000E-8	1.606755E-3
7.615000E-8	1.649578E-3
7.620000E-8	1.730087E-3
7.625000E-8	1.838002E-3
7.630000E-8	1.949344E-3
7.635000E-8	2.077815E-3
7.640000E-8	2.214851E-3
7.645000E-8	2.321054E-3
7.650000E-8	2.387859E-3
7.655000E-8	2.439247E-3
7.660000E-8	2.470081E-3
7.665000E-8	2.461516E-3
7.670000E-8	2.425544E-3
7.675000E-8	2.370730E-3
7.680000E-8	2.283370E-3
7.685000E-8	2.166889E-3
7.690000E-8	2.064112E-3
7.695000E-8	1.976752E-3
7.700000E-8	1.903095E-3
7.705000E-8	1.856846E-3
7.710000E-8	1.853420E-3
7.715000E-8	1.897957E-3
7.720000E-8	1.988743E-3
7.725000E-8	2.112075E-3
7.730000E-8	2.261101E-3
7.735000E-8	2.439248E-3
7.740000E-8	2.627672E-3
7.745000E-8	2.781837E-3
7.750000E-8	2.879475E-3
7.755000E-8	2.944567E-3
7.760000E-8	2.990816E-3
7.765000E-8	2.983964E-3
7.770000E-8	2.920585E-3
7.775000E-8	2.831512E-3
7.780000E-8	2.718458E-3
7.785000E-8	2.581422E-3
7.790000E-8	2.432396E-3
7.795000E-8	2.310777E-3
7.800000E-8	2.223417E-3
7.805000E-8	2.190871E-3
7.810000E-8	2.201148E-3
7.815000E-8	2.243972E-3
7.820000E-8	2.324481E-3
7.825000E-8	2.418693E-3
7.830000E-8	2.482072E-3
7.835000E-8	2.495775E-3
7.840000E-8	2.490636E-3
7.845000E-8	2.476932E-3
7.850000E-8	2.437535E-3
7.855000E-8	2.389572E-3
7.860000E-8	2.348461E-3
7.865000E-8	2.314202E-3
7.870000E-8	2.309063E-3
7.875000E-8	2.355313E-3
7.880000E-8	2.428970E-3
7.885000E-8	2.514617E-3
7.890000E-8	2.615681E-3
7.895000E-8	2.745864E-3
7.900000E-8	2.855493E-3
7.905000E-8	2.901742E-3
7.910000E-8	2.917159E-3
7.915000E-8	2.946279E-3
7.920000E-8	3.002806E-3
7.925000E-8	3.047343E-3
7.930000E-8	3.057621E-3
7.935000E-8	3.033640E-3
7.940000E-8	3.007946E-3
7.945000E-8	3.001094E-3
7.950000E-8	2.989104E-3
7.955000E-8	2.927438E-3
7.960000E-8	2.846930E-3
7.965000E-8	2.766421E-3
7.970000E-8	2.636237E-3
7.975000E-8	2.444387E-3
7.980000E-8	2.257676E-3
7.985000E-8	2.086381E-3
7.990000E-8	1.904808E-3
7.995000E-8	1.772911E-3
8.000000E-8	1.745504E-3
8.005000E-8	1.750642E-3
8.010000E-8	1.767772E-3
8.015000E-8	1.855132E-3
8.020000E-8	1.995594E-3
8.025000E-8	2.115500E-3
8.030000E-8	2.206287E-3
8.035000E-8	2.295360E-3
8.040000E-8	2.351887E-3
8.045000E-8	2.343322E-3
8.050000E-8	2.293647E-3
8.055000E-8	2.240546E-3
8.060000E-8	2.206286E-3
8.065000E-8	2.194296E-3
8.070000E-8	2.207999E-3
8.075000E-8	2.235406E-3
8.080000E-8	2.315915E-3
8.085000E-8	2.471793E-3
8.090000E-8	2.667069E-3
8.095000E-8	2.852067E-3
8.100000E-8	3.016510E-3
8.105000E-8	3.151833E-3
8.110000E-8	3.220350E-3
8.115000E-8	3.203221E-3
8.120000E-8	3.121000E-3
8.125000E-8	2.994242E-3
8.130000E-8	2.838363E-3
8.135000E-8	2.672207E-3
8.140000E-8	2.502626E-3
8.145000E-8	2.367303E-3
8.150000E-8	2.285081E-3
8.155000E-8	2.261100E-3
8.160000E-8	2.266239E-3
8.165000E-8	2.322766E-3
8.170000E-8	2.420404E-3
8.175000E-8	2.497487E-3
8.180000E-8	2.540310E-3
8.185000E-8	2.591699E-3
8.190000E-8	2.622532E-3
8.195000E-8	2.566005E-3
8.200000E-8	2.471793E-3
8.205000E-8	2.403275E-3
8.210000E-8	2.345035E-3
8.215000E-8	2.266239E-3
8.220000E-8	2.219990E-3
8.225000E-8	2.213138E-3
8.230000E-8	2.209712E-3
8.235000E-8	2.211425E-3
8.240000E-8	2.249110E-3
8.245000E-8	2.314201E-3
8.250000E-8	2.358738E-3
8.255000E-8	2.377580E-3
8.260000E-8	2.399848E-3
8.265000E-8	2.404987E-3
8.270000E-8	2.345034E-3
8.275000E-8	2.237118E-3
8.280000E-8	2.154897E-3
8.285000E-8	2.089805E-3
8.290000E-8	1.993880E-3
8.295000E-8	1.904807E-3
8.300000E-8	1.896242E-3
8.305000E-8	1.942492E-3
8.310000E-8	1.961335E-3
8.315000E-8	1.966473E-3
8.320000E-8	1.997307E-3
8.325000E-8	2.019575E-3
8.330000E-8	2.011010E-3
8.335000E-8	2.009297E-3
8.340000E-8	2.021287E-3
8.345000E-8	2.019574E-3
8.350000E-8	2.005871E-3
8.355000E-8	1.990454E-3
8.360000E-8	1.973325E-3
8.365000E-8	1.959621E-3
8.370000E-8	1.942492E-3
8.375000E-8	1.930501E-3
8.380000E-8	1.947631E-3
8.385000E-8	2.016149E-3
8.390000E-8	2.105222E-3
8.395000E-8	2.202860E-3
8.400000E-8	2.329619E-3
8.405000E-8	2.466654E-3
8.410000E-8	2.579709E-3
8.415000E-8	2.631098E-3
8.420000E-8	2.643088E-3
8.425000E-8	2.629385E-3
8.430000E-8	2.566005E-3
8.435000E-8	2.447812E-3
8.440000E-8	2.305638E-3
8.445000E-8	2.177166E-3
8.450000E-8	2.045270E-3
8.455000E-8	1.915086E-3
8.460000E-8	1.846568E-3
8.465000E-8	1.856845E-3
8.470000E-8	1.904808E-3
8.475000E-8	1.968187E-3
8.480000E-8	2.081241E-3
8.485000E-8	2.243971E-3
8.490000E-8	2.398136E-3
8.495000E-8	2.523181E-3
8.500000E-8	2.637949E-3
8.505000E-8	2.720170E-3
8.510000E-8	2.749290E-3
8.515000E-8	2.745864E-3
8.520000E-8	2.749290E-3
8.525000E-8	2.749290E-3
8.530000E-8	2.732161E-3
8.535000E-8	2.713318E-3
8.540000E-8	2.725309E-3
8.545000E-8	2.744152E-3
8.550000E-8	2.745865E-3
8.555000E-8	2.745865E-3
8.560000E-8	2.751004E-3
8.565000E-8	2.751004E-3
8.570000E-8	2.716745E-3
8.575000E-8	2.658504E-3
8.580000E-8	2.610542E-3
8.585000E-8	2.547162E-3
8.590000E-8	2.456376E-3
8.595000E-8	2.377581E-3
8.600000E-8	2.322766E-3
8.605000E-8	2.238832E-3
8.610000E-8	2.137768E-3
8.615000E-8	2.091519E-3
8.620000E-8	2.094945E-3
8.625000E-8	2.093232E-3
8.630000E-8	2.094945E-3
8.635000E-8	2.134343E-3
8.640000E-8	2.202860E-3
8.645000E-8	2.281656E-3
8.650000E-8	2.351887E-3
8.655000E-8	2.406701E-3
8.660000E-8	2.447812E-3
8.665000E-8	2.485497E-3
8.670000E-8	2.502626E-3
8.675000E-8	2.470080E-3
8.680000E-8	2.394711E-3
8.685000E-8	2.300498E-3
8.690000E-8	2.221703E-3
8.695000E-8	2.180592E-3
8.700000E-8	2.197721E-3
8.705000E-8	2.266239E-3
8.710000E-8	2.381006E-3
8.715000E-8	2.507765E-3
8.720000E-8	2.634523E-3
8.725000E-8	2.751003E-3
8.730000E-8	2.804105E-3
8.735000E-8	2.790401E-3
8.740000E-8	2.727022E-3
8.745000E-8	2.601977E-3
8.750000E-8	2.398136E-3
8.755000E-8	2.153185E-3
8.760000E-8	1.930501E-3
8.765000E-8	1.721522E-3
8.770000E-8	1.531385E-3
8.775000E-8	1.396062E-3
8.780000E-8	1.346387E-3
8.785000E-8	1.368655E-3
8.790000E-8	1.447451E-3
8.795000E-8	1.582773E-3
8.800000E-8	1.757494E-3
8.805000E-8	1.939066E-3
8.810000E-8	2.074389E-3
8.815000E-8	2.163462E-3
8.820000E-8	2.214851E-3
8.825000E-8	2.243971E-3
8.830000E-8	2.245684E-3
8.835000E-8	2.221703E-3
8.840000E-8	2.206286E-3
8.845000E-8	2.221703E-3
8.850000E-8	2.242259E-3
8.855000E-8	2.269666E-3
8.860000E-8	2.341610E-3
8.865000E-8	2.471794E-3
8.870000E-8	2.589987E-3
8.875000E-8	2.655079E-3
8.880000E-8	2.692764E-3
8.885000E-8	2.685911E-3
8.890000E-8	2.589986E-3
8.895000E-8	2.422117E-3
8.900000E-8	2.231980E-3
8.905000E-8	2.021287E-3
8.910000E-8	1.796891E-3
8.915000E-8	1.594764E-3
8.920000E-8	1.418330E-3
8.925000E-8	1.271017E-3
8.930000E-8	1.204212E-3
8.935000E-8	1.221342E-3
8.940000E-8	1.279583E-3
8.945000E-8	1.387498E-3
8.950000E-8	1.551941E-3
8.955000E-8	1.740366E-3
8.960000E-8	1.918512E-3
8.965000E-8	2.084668E-3
8.970000E-8	2.190871E-3
8.975000E-8	2.255962E-3
8.980000E-8	2.329619E-3
8.985000E-8	2.374155E-3
8.990000E-8	2.346748E-3
8.995000E-8	2.310776E-3
9.000000E-8	2.297072E-3
9.005000E-8	2.266239E-3
9.010000E-8	2.240545E-3
9.015000E-8	2.261100E-3
9.020000E-8	2.295359E-3
9.025000E-8	2.336470E-3
9.030000E-8	2.416979E-3
9.035000E-8	2.509478E-3
9.040000E-8	2.577997E-3
9.045000E-8	2.685912E-3
9.050000E-8	2.809245E-3
9.055000E-8	2.886328E-3
9.060000E-8	2.934290E-3
9.065000E-8	2.992530E-3
9.070000E-8	3.013086E-3
9.075000E-8	2.956558E-3
9.080000E-8	2.869198E-3
9.085000E-8	2.769847E-3
9.090000E-8	2.643088E-3
9.095000E-8	2.495775E-3
9.100000E-8	2.336470E-3
9.105000E-8	2.165176E-3
9.110000E-8	2.017862E-3
9.115000E-8	1.904807E-3
9.120000E-8	1.817447E-3
9.125000E-8	1.784901E-3
9.130000E-8	1.812309E-3
9.135000E-8	1.853420E-3
9.140000E-8	1.935641E-3
9.145000E-8	2.098371E-3
9.150000E-8	2.262815E-3
9.155000E-8	2.372443E-3
9.160000E-8	2.490637E-3
9.165000E-8	2.607117E-3
9.170000E-8	2.644802E-3
9.175000E-8	2.632811E-3
9.180000E-8	2.636237E-3
9.185000E-8	2.605404E-3
9.190000E-8	2.492349E-3
9.195000E-8	2.369016E-3
9.200000E-8	2.257674E-3
9.205000E-8	2.141194E-3
9.210000E-8	2.057259E-3
9.215000E-8	2.053833E-3
9.220000E-8	2.100083E-3
9.225000E-8	2.168601E-3
9.230000E-8	2.262813E-3
9.235000E-8	2.365590E-3
9.240000E-8	2.459803E-3
9.245000E-8	2.524895E-3
9.250000E-8	2.533460E-3
9.255000E-8	2.499201E-3
9.260000E-8	2.466655E-3
9.265000E-8	2.399850E-3
9.270000E-8	2.243971E-3
9.275000E-8	2.046982E-3
9.280000E-8	1.887678E-3
9.285000E-8	1.766059E-3
9.290000E-8	1.700967E-3
9.295000E-8	1.724948E-3
9.300000E-8	1.832864E-3
9.305000E-8	1.995594E-3
9.310000E-8	2.197721E-3
9.315000E-8	2.408414E-3
9.320000E-8	2.589986E-3
9.325000E-8	2.747578E-3
9.330000E-8	2.857206E-3
9.335000E-8	2.858919E-3
9.340000E-8	2.778411E-3
9.345000E-8	2.646514E-3
9.350000E-8	2.454664E-3
9.355000E-8	2.206286E-3
9.360000E-8	1.973326E-3
9.365000E-8	1.795179E-3
9.370000E-8	1.649578E-3
9.375000E-8	1.555366E-3
9.380000E-8	1.543376E-3
9.385000E-8	1.589625E-3
9.390000E-8	1.673560E-3
9.395000E-8	1.786614E-3
9.400000E-8	1.903094E-3
9.405000E-8	2.002445E-3
9.410000E-8	2.088093E-3
9.415000E-8	2.144620E-3
9.420000E-8	2.153184E-3
9.425000E-8	2.142907E-3
9.430000E-8	2.100083E-3
9.435000E-8	2.019575E-3
9.440000E-8	1.947631E-3
9.445000E-8	1.913372E-3
9.450000E-8	1.882539E-3
9.455000E-8	1.863697E-3
9.460000E-8	1.901381E-3
9.465000E-8	1.966473E-3
9.470000E-8	2.012723E-3
9.475000E-8	2.050408E-3
9.480000E-8	2.077815E-3
9.485000E-8	2.062398E-3
9.490000E-8	2.007584E-3
9.495000E-8	1.959621E-3
9.500000E-8	1.896242E-3
9.505000E-8	1.802030E-3
9.510000E-8	1.699253E-3
9.515000E-8	1.629023E-3
9.520000E-8	1.608467E-3
9.525000E-8	1.666708E-3
9.530000E-8	1.784901E-3
9.535000E-8	1.918511E-3
9.540000E-8	2.057260E-3
9.545000E-8	2.213138E-3
9.550000E-8	2.351887E-3
9.555000E-8	2.440960E-3
9.560000E-8	2.487210E-3
9.565000E-8	2.485497E-3
9.570000E-8	2.403275E-3
9.575000E-8	2.293647E-3
9.580000E-8	2.185731E-3
9.585000E-8	2.062399E-3
9.590000E-8	1.954483E-3
9.595000E-8	1.909946E-3
9.600000E-8	1.891104E-3
9.605000E-8	1.904808E-3
9.610000E-8	2.016149E-3
9.615000E-8	2.163463E-3
9.620000E-8	2.286795E-3
9.625000E-8	2.425543E-3
9.630000E-8	2.579709E-3
9.635000E-8	2.661930E-3
9.640000E-8	2.685911E-3
9.645000E-8	2.704754E-3
9.650000E-8	2.641375E-3
9.655000E-8	2.476932E-3
9.660000E-8	2.317628E-3
9.665000E-8	2.180592E-3
9.670000E-8	1.992168E-3
9.675000E-8	1.815735E-3
9.680000E-8	1.754069E-3
9.685000E-8	1.762633E-3
9.690000E-8	1.798605E-3
9.695000E-8	1.894530E-3
9.700000E-8	2.040131E-3
9.705000E-8	2.206286E-3
9.710000E-8	2.387859E-3
9.715000E-8	2.547163E-3
9.720000E-8	2.656791E-3
9.725000E-8	2.752716E-3
9.730000E-8	2.809243E-3
9.735000E-8	2.754429E-3
9.740000E-8	2.631097E-3
9.745000E-8	2.507765E-3
9.750000E-8	2.329619E-3
9.755000E-8	2.100084E-3
9.760000E-8	1.925364E-3
9.765000E-8	1.781476E-3
9.770000E-8	1.610182E-3
9.775000E-8	1.500553E-3
9.780000E-8	1.500553E-3
9.785000E-8	1.526247E-3
9.790000E-8	1.555367E-3
9.795000E-8	1.649579E-3
9.800000E-8	1.769485E-3
9.805000E-8	1.865410E-3
9.810000E-8	1.951057E-3
9.815000E-8	2.012723E-3
9.820000E-8	2.040130E-3
9.825000E-8	2.055546E-3
9.830000E-8	2.041842E-3
9.835000E-8	1.966473E-3
9.840000E-8	1.897955E-3
9.845000E-8	1.884252E-3
9.850000E-8	1.838002E-3
9.855000E-8	1.757494E-3
9.860000E-8	1.740365E-3
9.865000E-8	1.793466E-3
9.870000E-8	1.827725E-3
9.875000E-8	1.843142E-3
9.880000E-8	1.915085E-3
9.885000E-8	2.011010E-3
9.890000E-8	2.074389E-3
9.895000E-8	2.110361E-3
9.900000E-8	2.149759E-3
9.905000E-8	2.177166E-3
9.910000E-8	2.189156E-3
9.915000E-8	2.190869E-3
9.920000E-8	2.192582E-3
9.925000E-8	2.202860E-3
9.930000E-8	2.219990E-3
9.935000E-8	2.247397E-3
9.940000E-8	2.300499E-3
9.945000E-8	2.370730E-3
9.950000E-8	2.420405E-3
9.955000E-8	2.422118E-3
9.960000E-8	2.408414E-3
9.965000E-8	2.370729E-3
9.970000E-8	2.285082E-3
9.975000E-8	2.189156E-3
9.980000E-8	2.112073E-3
9.985000E-8	2.012722E-3
9.990000E-8	1.885964E-3
9.995000E-8	1.774622E-3
1.000000E-7	1.716382E-3
1.000500E-7	1.690688E-3
1.001000E-7	1.695826E-3
1.001500E-7	1.752354E-3
1.002000E-7	1.861982E-3
1.002500E-7	2.000731E-3
1.003000E-7	2.124064E-3
1.003500E-7	2.207998E-3
1.004000E-7	2.264525E-3
1.004500E-7	2.317627E-3
1.005000E-7	2.348460E-3
1.005500E-7	2.351886E-3
1.006000E-7	2.363876E-3
1.006500E-7	2.375867E-3
1.007000E-7	2.339895E-3
1.007500E-7	2.278229E-3
1.008000E-7	2.228554E-3
1.008500E-7	2.197721E-3
1.009000E-7	2.160036E-3
1.009500E-7	2.118925E-3
1.010000E-7	2.098370E-3
1.010500E-7	2.103509E-3
1.011000E-7	2.117213E-3
1.011500E-7	2.127490E-3
1.012000E-7	2.141194E-3
1.012500E-7	2.166888E-3
1.013000E-7	2.199434E-3
1.013500E-7	2.235406E-3
1.014000E-7	2.312489E-3
1.014500E-7	2.415266E-3
1.015000E-7	2.499200E-3
1.015500E-7	2.552301E-3
1.016000E-7	2.589986E-3
1.016500E-7	2.600264E-3
1.017000E-7	2.572856E-3
1.017500E-7	2.540310E-3
1.018000E-7	2.518042E-3
1.018500E-7	2.512903E-3
1.019000E-7	2.506051E-3
1.019500E-7	2.502625E-3
1.020000E-7	2.516329E-3
1.020500E-7	2.557440E-3
1.021000E-7	2.607115E-3
1.021500E-7	2.658504E-3
1.022000E-7	2.711605E-3
1.022500E-7	2.747577E-3
1.023000E-7	2.735587E-3
1.023500E-7	2.684198E-3
1.024000E-7	2.608829E-3
1.024500E-7	2.495774E-3
1.025000E-7	2.363878E-3
1.025500E-7	2.240545E-3
1.026000E-7	2.151472E-3
1.026500E-7	2.088093E-3
1.027000E-7	2.034992E-3
1.027500E-7	2.004159E-3
1.028000E-7	2.023001E-3
1.028500E-7	2.096658E-3
1.029000E-7	2.187444E-3
1.029500E-7	2.274804E-3
1.030000E-7	2.363877E-3
1.030500E-7	2.466654E-3
1.031000E-7	2.579708E-3
1.031500E-7	2.668781E-3
1.032000E-7	2.728734E-3
1.032500E-7	2.768132E-3
1.033000E-7	2.778410E-3
1.033500E-7	2.761280E-3
1.034000E-7	2.728734E-3
1.034500E-7	2.665355E-3
1.035000E-7	2.550587E-3
1.035500E-7	2.411839E-3
1.036000E-7	2.303923E-3
1.036500E-7	2.194294E-3
1.037000E-7	2.064110E-3
1.037500E-7	1.957907E-3
1.038000E-7	1.899667E-3
1.038500E-7	1.892815E-3
1.039000E-7	1.932213E-3
1.039500E-7	1.992167E-3
1.040000E-7	2.060685E-3
1.040500E-7	2.144620E-3
1.041000E-7	2.226841E-3
1.041500E-7	2.276517E-3
1.042000E-7	2.283369E-3
1.042500E-7	2.247397E-3
1.043000E-7	2.156611E-3
1.043500E-7	2.040131E-3
1.044000E-7	1.939067E-3
1.044500E-7	1.849993E-3
1.045000E-7	1.779762E-3
1.045500E-7	1.769484E-3
1.046000E-7	1.815734E-3
1.046500E-7	1.887678E-3
1.047000E-7	1.987028E-3
1.047500E-7	2.124064E-3
1.048000E-7	2.295359E-3
1.048500E-7	2.475218E-3
1.049000E-7	2.617393E-3
1.049500E-7	2.704753E-3
1.050000E-7	2.745864E-3
1.050500E-7	2.728734E-3
1.051000E-7	2.634522E-3
1.051500E-7	2.471792E-3
1.052000E-7	2.267951E-3
1.052500E-7	2.043555E-3
1.053000E-7	1.853418E-3
1.053500E-7	1.714670E-3
1.054000E-7	1.622171E-3
1.054500E-7	1.601616E-3
1.055000E-7	1.668421E-3
1.055500E-7	1.766059E-3
1.056000E-7	1.884253E-3
1.056500E-7	2.026427E-3
1.057000E-7	2.160037E-3
1.057500E-7	2.255962E-3
1.058000E-7	2.351887E-3
1.058500E-7	2.434108E-3
1.059000E-7	2.456376E-3
1.059500E-7	2.446098E-3
1.060000E-7	2.444385E-3
1.060500E-7	2.410126E-3
1.061000E-7	2.307348E-3
1.061500E-7	2.190868E-3
1.062000E-7	2.118924E-3
1.062500E-7	2.082952E-3
1.063000E-7	2.064110E-3
1.063500E-7	2.053833E-3
1.064000E-7	2.058972E-3
1.064500E-7	2.074389E-3
1.065000E-7	2.065824E-3
1.065500E-7	2.033279E-3
1.066000E-7	2.011010E-3
1.066500E-7	2.005872E-3
1.067000E-7	1.988743E-3
1.067500E-7	1.975039E-3
1.068000E-7	1.990456E-3
1.068500E-7	2.024715E-3
1.069000E-7	2.031566E-3
1.069500E-7	2.026427E-3
1.070000E-7	2.058973E-3
1.070500E-7	2.112074E-3
1.071000E-7	2.146333E-3
1.071500E-7	2.202860E-3
1.072000E-7	2.279943E-3
1.072500E-7	2.327905E-3
1.073000E-7	2.357025E-3
1.073500E-7	2.413552E-3
1.074000E-7	2.463228E-3
1.074500E-7	2.483783E-3
1.075000E-7	2.495774E-3
1.075500E-7	2.502626E-3
1.076000E-7	2.482070E-3
1.076500E-7	2.449525E-3
1.077000E-7	2.422118E-3
1.077500E-7	2.381007E-3
1.078000E-7	2.341609E-3
1.078500E-7	2.305637E-3
1.079000E-7	2.233693E-3
1.079500E-7	2.136055E-3
1.080000E-7	2.065824E-3
1.080500E-7	1.990454E-3
1.081000E-7	1.880825E-3
1.081500E-7	1.795178E-3
1.082000E-7	1.759206E-3
1.082500E-7	1.740364E-3
1.083000E-7	1.726660E-3
1.083500E-7	1.742077E-3
1.084000E-7	1.800317E-3
1.084500E-7	1.885964E-3
1.085000E-7	1.987028E-3
1.085500E-7	2.088093E-3
1.086000E-7	2.204573E-3
1.086500E-7	2.336470E-3
1.087000E-7	2.440960E-3
1.087500E-7	2.511190E-3
1.088000E-7	2.581421E-3
1.088500E-7	2.646513E-3
1.089000E-7	2.665355E-3
1.089500E-7	2.644800E-3
1.090000E-7	2.629383E-3
1.090500E-7	2.608828E-3
1.091000E-7	2.552301E-3
1.091500E-7	2.463228E-3
1.092000E-7	2.362164E-3
1.092500E-7	2.266239E-3
1.093000E-7	2.175453E-3
1.093500E-7	2.089805E-3
1.094000E-7	2.017862E-3
1.094500E-7	1.968186E-3
1.095000E-7	1.927076E-3
1.095500E-7	1.867123E-3
1.096000E-7	1.798605E-3
1.096500E-7	1.754068E-3
1.097000E-7	1.738651E-3
1.097500E-7	1.711244E-3
1.098000E-7	1.664995E-3
1.098500E-7	1.651291E-3
1.099000E-7	1.663282E-3
1.099500E-7	1.649578E-3
1.100000E-7	1.608467E-3
1.100500E-7	1.606755E-3
1.101000E-7	1.639301E-3
1.101500E-7	1.637588E-3
1.102000E-7	1.617033E-3
1.102500E-7	1.656430E-3
1.103000E-7	1.731800E-3
1.103500E-7	1.786614E-3
1.104000E-7	1.846568E-3
1.104500E-7	1.935641E-3
1.105000E-7	2.019575E-3
1.105500E-7	2.086380E-3
1.106000E-7	2.168601E-3
1.106500E-7	2.235406E-3
1.107000E-7	2.240545E-3
1.107500E-7	2.199434E-3
1.108000E-7	2.158323E-3
1.108500E-7	2.089805E-3
1.109000E-7	2.002445E-3
1.109500E-7	1.952770E-3
1.110000E-7	1.957908E-3
1.110500E-7	1.987029E-3
1.111000E-7	2.017862E-3
1.111500E-7	2.086380E-3
1.112000E-7	2.211425E-3
1.112500E-7	2.350174E-3
1.113000E-7	2.446099E-3
1.113500E-7	2.509478E-3
1.114000E-7	2.576283E-3
1.114500E-7	2.605403E-3
1.115000E-7	2.554014E-3
1.115500E-7	2.451237E-3
1.116000E-7	2.338183E-3
1.116500E-7	2.184017E-3
1.117000E-7	1.973325E-3
1.117500E-7	1.784901E-3
1.118000E-7	1.676985E-3
1.118500E-7	1.615319E-3
1.119000E-7	1.584486E-3
1.119500E-7	1.615319E-3
1.120000E-7	1.694114E-3
1.120500E-7	1.786613E-3
1.121000E-7	1.904807E-3
1.121500E-7	2.065824E-3
1.122000E-7	2.221702E-3
1.122500E-7	2.339895E-3
1.123000E-7	2.434107E-3
1.123500E-7	2.487209E-3
1.124000E-7	2.487209E-3
1.124500E-7	2.449524E-3
1.125000E-7	2.375867E-3
1.125500E-7	2.250822E-3
1.126000E-7	2.113786E-3
1.126500E-7	2.017861E-3
1.127000E-7	1.949344E-3
1.127500E-7	1.889391E-3
1.128000E-7	1.844854E-3
1.128500E-7	1.822586E-3
1.129000E-7	1.803743E-3
1.129500E-7	1.781475E-3
1.130000E-7	1.784901E-3
1.130500E-7	1.798604E-3
1.131000E-7	1.802030E-3
1.131500E-7	1.814021E-3
1.132000E-7	1.867122E-3
1.132500E-7	1.933927E-3
1.133000E-7	1.980176E-3
1.133500E-7	2.017861E-3
1.134000E-7	2.081240E-3
1.134500E-7	2.146332E-3
1.135000E-7	2.199434E-3
1.135500E-7	2.255961E-3
1.136000E-7	2.319340E-3
1.136500E-7	2.374154E-3
1.137000E-7	2.404987E-3
1.137500E-7	2.427255E-3
1.138000E-7	2.428968E-3
1.138500E-7	2.410126E-3
1.139000E-7	2.367302E-3
1.139500E-7	2.307349E-3
1.140000E-7	2.255960E-3
1.140500E-7	2.233692E-3
1.141000E-7	2.201146E-3
1.141500E-7	2.129202E-3
1.142000E-7	2.058971E-3
1.142500E-7	2.005870E-3
1.143000E-7	1.951056E-3
1.143500E-7	1.899668E-3
1.144000E-7	1.865409E-3
1.144500E-7	1.827724E-3
1.145000E-7	1.802030E-3
1.145500E-7	1.824298E-3
1.146000E-7	1.896242E-3
1.146500E-7	1.973325E-3
1.147000E-7	2.053833E-3
1.147500E-7	2.165175E-3
1.148000E-7	2.298784E-3
1.148500E-7	2.427255E-3
1.149000E-7	2.536884E-3
1.149500E-7	2.632809E-3
1.150000E-7	2.701327E-3
1.150500E-7	2.723595E-3
1.151000E-7	2.699614E-3
1.151500E-7	2.620818E-3
1.152000E-7	2.502625E-3
1.152500E-7	2.381006E-3
1.153000E-7	2.264525E-3
1.153500E-7	2.136054E-3
1.154000E-7	2.043555E-3
1.154500E-7	2.016148E-3
1.155000E-7	2.009296E-3
1.155500E-7	2.007584E-3
1.156000E-7	2.048694E-3
1.156500E-7	2.134342E-3
1.157000E-7	2.221702E-3
1.157500E-7	2.305636E-3
1.158000E-7	2.377580E-3
1.158500E-7	2.410126E-3
1.159000E-7	2.375867E-3
1.159500E-7	2.310775E-3
1.160000E-7	2.250822E-3
1.160500E-7	2.172027E-3
1.161000E-7	2.065824E-3
1.161500E-7	1.983603E-3
1.162000E-7	1.971612E-3
1.162500E-7	1.993881E-3
1.163000E-7	1.997307E-3
1.163500E-7	2.021288E-3
1.164000E-7	2.110361E-3
1.164500E-7	2.233694E-3
1.165000E-7	2.343322E-3
1.165500E-7	2.452951E-3
1.166000E-7	2.567718E-3
1.166500E-7	2.658504E-3
1.167000E-7	2.725309E-3
1.167500E-7	2.764706E-3
1.168000E-7	2.795539E-3
1.168500E-7	2.843502E-3
1.169000E-7	2.886325E-3
1.169500E-7	2.901742E-3
1.170000E-7	2.922297E-3
1.170500E-7	2.956556E-3
1.171000E-7	2.941140E-3
1.171500E-7	2.852066E-3
1.172000E-7	2.756141E-3
1.172500E-7	2.668781E-3
1.173000E-7	2.555727E-3
1.173500E-7	2.408413E-3
1.174000E-7	2.249109E-3
1.174500E-7	2.112074E-3
1.175000E-7	2.009297E-3
1.175500E-7	1.928789E-3
1.176000E-7	1.872261E-3
1.176500E-7	1.863697E-3
1.177000E-7	1.877401E-3
1.177500E-7	1.885966E-3
1.178000E-7	1.904808E-3
1.178500E-7	1.942493E-3
1.179000E-7	1.969900E-3
1.179500E-7	1.990455E-3
1.180000E-7	2.023001E-3
1.180500E-7	2.050408E-3
1.181000E-7	2.045269E-3
1.181500E-7	2.057259E-3
1.182000E-7	2.101796E-3
1.182500E-7	2.156610E-3
1.183000E-7	2.216563E-3
1.183500E-7	2.286794E-3
1.184000E-7	2.363877E-3
1.184500E-7	2.428969E-3
1.185000E-7	2.470080E-3
1.185500E-7	2.476931E-3
1.186000E-7	2.490635E-3
1.186500E-7	2.512904E-3
1.187000E-7	2.463228E-3
1.187500E-7	2.346748E-3
1.188000E-7	2.264526E-3
1.188500E-7	2.211425E-3
1.189000E-7	2.094944E-3
1.189500E-7	1.957908E-3
1.190000E-7	1.899668E-3
1.190500E-7	1.896242E-3
1.191000E-7	1.875687E-3
1.191500E-7	1.877400E-3
1.192000E-7	1.923649E-3
1.192500E-7	1.978464E-3
1.193000E-7	2.019574E-3
1.193500E-7	2.046982E-3
1.194000E-7	2.067537E-3
1.194500E-7	2.112074E-3
1.195000E-7	2.168601E-3
1.195500E-7	2.175453E-3
1.196000E-7	2.136055E-3
1.196500E-7	2.129203E-3
1.197000E-7	2.136055E-3
1.197500E-7	2.089805E-3
1.198000E-7	2.021287E-3
1.198500E-7	1.987028E-3
1.199000E-7	1.959621E-3
1.199500E-7	1.940779E-3
1.200000E-7	1.971612E-3
1.200500E-7	2.005871E-3
1.201000E-7	1.976751E-3
1.201500E-7	1.920224E-3
1.202000E-7	1.889391E-3
1.202500E-7	1.860271E-3
1.203000E-7	1.793466E-3
1.203500E-7	1.702680E-3
1.204000E-7	1.603329E-3
1.204500E-7	1.510830E-3
1.205000E-7	1.445738E-3
1.205500E-7	1.408053E-3
1.206000E-7	1.384072E-3
1.206500E-7	1.399489E-3
1.207000E-7	1.445738E-3
1.207500E-7	1.498839E-3
1.208000E-7	1.587913E-3
1.208500E-7	1.711245E-3
1.209000E-7	1.788327E-3
1.209500E-7	1.803744E-3
1.210000E-7	1.829438E-3
1.210500E-7	1.844854E-3
1.211000E-7	1.788327E-3
1.211500E-7	1.687263E-3
1.212000E-7	1.606755E-3
1.212500E-7	1.533098E-3
1.213000E-7	1.471432E-3
1.213500E-7	1.459441E-3
1.214000E-7	1.461154E-3
1.214500E-7	1.456015E-3
1.215000E-7	1.473145E-3
1.215500E-7	1.526246E-3
1.216000E-7	1.577634E-3
1.216500E-7	1.618745E-3
1.217000E-7	1.668420E-3
1.217500E-7	1.712956E-3
1.218000E-7	1.743789E-3
1.218500E-7	1.760919E-3
1.219000E-7	1.733512E-3
1.219500E-7	1.694114E-3
1.220000E-7	1.690688E-3
1.220500E-7	1.688975E-3
1.221000E-7	1.670133E-3
1.221500E-7	1.694114E-3
1.222000E-7	1.764345E-3
1.222500E-7	1.841427E-3
1.223000E-7	1.935640E-3
1.223500E-7	2.057259E-3
1.224000E-7	2.175452E-3
1.224500E-7	2.288507E-3
1.225000E-7	2.386145E-3
1.225500E-7	2.410126E-3
1.226000E-7	2.377580E-3
1.226500E-7	2.377580E-3
1.227000E-7	2.355312E-3
1.227500E-7	2.242257E-3
1.228000E-7	2.105222E-3
1.228500E-7	1.992167E-3
1.229000E-7	1.858557E-3
1.229500E-7	1.709531E-3
1.230000E-7	1.632448E-3
1.230500E-7	1.618744E-3
1.231000E-7	1.644438E-3
1.231500E-7	1.730086E-3
1.232000E-7	1.863696E-3
1.232500E-7	2.004158E-3
1.233000E-7	2.160036E-3
1.233500E-7	2.322766E-3
1.234000E-7	2.447811E-3
1.234500E-7	2.533459E-3
1.235000E-7	2.572857E-3
1.235500E-7	2.540311E-3
1.236000E-7	2.475219E-3
1.236500E-7	2.404988E-3
1.237000E-7	2.295359E-3
1.237500E-7	2.141194E-3
1.238000E-7	2.038417E-3
1.238500E-7	1.999019E-3
1.239000E-7	1.969899E-3
1.239500E-7	1.969899E-3
1.240000E-7	2.043556E-3
1.240500E-7	2.137768E-3
1.241000E-7	2.206286E-3
1.241500E-7	2.266239E-3
1.242000E-7	2.314202E-3
1.242500E-7	2.324479E-3
1.243000E-7	2.302211E-3
1.243500E-7	2.247397E-3
1.244000E-7	2.160036E-3
1.244500E-7	2.065824E-3
1.245000E-7	1.978464E-3
1.245500E-7	1.873974E-3
1.246000E-7	1.783188E-3
1.246500E-7	1.735225E-3
1.247000E-7	1.711244E-3
1.247500E-7	1.721522E-3
1.248000E-7	1.812308E-3
1.248500E-7	1.954483E-3
1.249000E-7	2.077815E-3
1.249500E-7	2.187444E-3
1.250000E-7	2.309063E-3
1.250500E-7	2.398136E-3
1.251000E-7	2.423830E-3
1.251500E-7	2.403275E-3
1.252000E-7	2.357025E-3
1.252500E-7	2.290220E-3
1.253000E-7	2.223415E-3
1.253500E-7	2.146332E-3
1.254000E-7	2.064111E-3
1.254500E-7	2.023000E-3
1.255000E-7	2.000732E-3
1.255500E-7	1.952769E-3
1.256000E-7	1.923649E-3
1.256500E-7	1.954482E-3
1.257000E-7	1.973324E-3
1.257500E-7	1.954482E-3
1.258000E-7	1.947630E-3
1.258500E-7	1.939065E-3
1.259000E-7	1.870548E-3
1.259500E-7	1.784900E-3
1.260000E-7	1.731799E-3
1.260500E-7	1.676985E-3
1.261000E-7	1.591337E-3
1.261500E-7	1.522819E-3
1.262000E-7	1.524532E-3
1.262500E-7	1.586199E-3
1.263000E-7	1.666707E-3
1.263500E-7	1.759206E-3
1.264000E-7	1.885964E-3
1.264500E-7	2.038417E-3
1.265000E-7	2.178878E-3
1.265500E-7	2.314201E-3
1.266000E-7	2.435820E-3
1.266500E-7	2.528320E-3
1.267000E-7	2.566005E-3
1.267500E-7	2.536885E-3
1.268000E-7	2.446099E-3
1.268500E-7	2.305637E-3
1.269000E-7	2.129204E-3
1.269500E-7	1.920225E-3
1.270000E-7	1.719810E-3
1.270500E-7	1.579349E-3
1.271000E-7	1.469720E-3
1.271500E-7	1.366944E-3
1.272000E-7	1.330972E-3
1.272500E-7	1.370370E-3
1.273000E-7	1.423471E-3
1.273500E-7	1.485137E-3
1.274000E-7	1.584487E-3
1.274500E-7	1.671847E-3
1.275000E-7	1.738652E-3
1.275500E-7	1.820873E-3
1.276000E-7	1.897956E-3
1.276500E-7	1.925363E-3
1.277000E-7	1.928788E-3
1.277500E-7	1.935640E-3
1.278000E-7	1.925362E-3
1.278500E-7	1.908233E-3
1.279000E-7	1.918510E-3
1.279500E-7	1.952769E-3
1.280000E-7	2.036704E-3
1.280500E-7	2.170314E-3
1.281000E-7	2.279942E-3
1.281500E-7	2.334757E-3
1.282000E-7	2.392997E-3
1.282500E-7	2.449524E-3
1.283000E-7	2.428969E-3
1.283500E-7	2.357025E-3
1.284000E-7	2.286794E-3
1.284500E-7	2.182304E-3
1.285000E-7	2.036704E-3
1.285500E-7	1.909945E-3
1.286000E-7	1.798604E-3
1.286500E-7	1.687262E-3
1.287000E-7	1.617031E-3
1.287500E-7	1.603328E-3
1.288000E-7	1.635874E-3
1.288500E-7	1.719809E-3
1.289000E-7	1.839715E-3
1.289500E-7	1.956195E-3
1.290000E-7	2.058972E-3
1.290500E-7	2.153184E-3
1.291000E-7	2.202860E-3
1.291500E-7	2.211424E-3
1.292000E-7	2.213137E-3
1.292500E-7	2.190869E-3
1.293000E-7	2.132629E-3
1.293500E-7	2.057259E-3
1.294000E-7	1.992167E-3
1.294500E-7	1.937353E-3
1.295000E-7	1.920223E-3
1.295500E-7	1.915084E-3
1.296000E-7	1.887677E-3
1.296500E-7	1.872261E-3
1.297000E-7	1.920223E-3
1.297500E-7	1.973325E-3
1.298000E-7	2.004158E-3
1.298500E-7	2.045268E-3
1.299000E-7	2.072675E-3
1.299500E-7	2.060685E-3
1.300000E-7	2.053833E-3
1.300500E-7	2.065823E-3
1.301000E-7	2.045268E-3
1.301500E-7	2.017861E-3
1.302000E-7	2.040129E-3
1.302500E-7	2.058972E-3
1.303000E-7	2.028139E-3
1.303500E-7	1.997306E-3
1.304000E-7	1.983602E-3
1.304500E-7	1.963047E-3
1.305000E-7	1.930501E-3
1.305500E-7	1.897955E-3
1.306000E-7	1.875687E-3
1.306500E-7	1.887677E-3
1.307000E-7	1.904807E-3
1.307500E-7	1.909945E-3
1.308000E-7	1.916797E-3
1.308500E-7	1.961334E-3
1.309000E-7	2.014435E-3
1.309500E-7	2.069250E-3
1.310000E-7	2.161749E-3
1.310500E-7	2.274803E-3
1.311000E-7	2.338183E-3
1.311500E-7	2.363877E-3
1.312000E-7	2.413552E-3
1.312500E-7	2.473505E-3
1.313000E-7	2.495773E-3
1.313500E-7	2.504338E-3
1.314000E-7	2.495773E-3
1.314500E-7	2.466653E-3
1.315000E-7	2.432394E-3
1.315500E-7	2.398135E-3
1.316000E-7	2.346747E-3
1.316500E-7	2.254248E-3
1.317000E-7	2.108647E-3
1.317500E-7	1.928788E-3
1.318000E-7	1.759206E-3
1.318500E-7	1.615319E-3
1.319000E-7	1.456015E-3
1.319500E-7	1.293285E-3
1.320000E-7	1.168240E-3
1.320500E-7	1.068889E-3
1.321000E-7	9.798159E-4
1.321500E-7	9.506958E-4
1.322000E-7	9.918065E-4
1.322500E-7	1.092870E-3
1.323000E-7	1.259026E-3
1.323500E-7	1.456015E-3
1.324000E-7	1.659855E-3
1.324500E-7	1.899668E-3
1.325000E-7	2.160036E-3
1.325500E-7	2.351886E-3
1.326000E-7	2.499199E-3
1.326500E-7	2.644800E-3
1.327000E-7	2.723596E-3
1.327500E-7	2.709892E-3
1.328000E-7	2.649939E-3
1.328500E-7	2.562579E-3
1.329000E-7	2.427256E-3
1.329500E-7	2.285082E-3
1.330000E-7	2.173740E-3
1.330500E-7	2.091519E-3
1.331000E-7	2.072676E-3
1.331500E-7	2.141194E-3
1.332000E-7	2.235406E-3
1.332500E-7	2.322767E-3
1.333000E-7	2.416979E-3
1.333500E-7	2.504339E-3
1.334000E-7	2.562579E-3
1.334500E-7	2.583135E-3
1.335000E-7	2.560866E-3
1.335500E-7	2.509478E-3
1.336000E-7	2.456376E-3
1.336500E-7	2.406701E-3
1.337000E-7	2.338183E-3
1.337500E-7	2.276516E-3
1.338000E-7	2.254248E-3
1.338500E-7	2.254248E-3
1.339000E-7	2.245683E-3
1.339500E-7	2.250822E-3
1.340000E-7	2.276516E-3
1.340500E-7	2.283368E-3
1.341000E-7	2.249110E-3
1.341500E-7	2.184018E-3
1.342000E-7	2.108648E-3
1.342500E-7	1.988742E-3
1.343000E-7	1.815734E-3
1.343500E-7	1.642727E-3
1.344000E-7	1.519394E-3
1.344500E-7	1.421756E-3
1.345000E-7	1.324118E-3
1.345500E-7	1.255600E-3
1.346000E-7	1.245322E-3
1.346500E-7	1.288146E-3
1.347000E-7	1.358376E-3
1.347500E-7	1.421755E-3
1.348000E-7	1.479995E-3
1.348500E-7	1.533097E-3
1.349000E-7	1.570782E-3
1.349500E-7	1.594763E-3
1.350000E-7	1.641013E-3
1.350500E-7	1.688975E-3
1.351000E-7	1.726660E-3
1.351500E-7	1.771197E-3
1.352000E-7	1.843141E-3
1.352500E-7	1.925362E-3
1.353000E-7	2.009297E-3
1.353500E-7	2.086379E-3
1.354000E-7	2.165175E-3
1.354500E-7	2.233693E-3
1.355000E-7	2.266239E-3
1.355500E-7	2.252536E-3
1.356000E-7	2.228554E-3
1.356500E-7	2.201147E-3
1.357000E-7	2.137768E-3
1.357500E-7	2.023001E-3
1.358000E-7	1.906520E-3
1.358500E-7	1.807169E-3
1.359000E-7	1.706105E-3
1.359500E-7	1.605041E-3
1.360000E-7	1.543375E-3
1.360500E-7	1.536523E-3
1.361000E-7	1.569069E-3
1.361500E-7	1.615318E-3
1.362000E-7	1.663281E-3
1.362500E-7	1.707817E-3
1.363000E-7	1.747215E-3
1.363500E-7	1.774622E-3
1.364000E-7	1.807168E-3
1.364500E-7	1.853418E-3
1.365000E-7	1.896242E-3
1.365500E-7	1.920224E-3
1.366000E-7	1.949344E-3
1.366500E-7	2.000732E-3
1.367000E-7	2.046982E-3
1.367500E-7	2.086380E-3
1.368000E-7	2.173740E-3
1.368500E-7	2.288508E-3
1.369000E-7	2.381007E-3
1.369500E-7	2.461515E-3
1.370000E-7	2.566005E-3
1.370500E-7	2.670494E-3
1.371000E-7	2.730447E-3
1.371500E-7	2.749289E-3
1.372000E-7	2.742437E-3
1.372500E-7	2.715030E-3
1.373000E-7	2.658503E-3
1.373500E-7	2.586559E-3
1.374000E-7	2.531745E-3
1.374500E-7	2.502625E-3
1.375000E-7	2.483782E-3
1.375500E-7	2.476931E-3
1.376000E-7	2.494060E-3
1.376500E-7	2.526607E-3
1.377000E-7	2.577995E-3
1.377500E-7	2.658504E-3
1.378000E-7	2.751003E-3
1.378500E-7	2.790400E-3
1.379000E-7	2.785261E-3
1.379500E-7	2.778409E-3
1.380000E-7	2.759567E-3
1.380500E-7	2.694475E-3
1.381000E-7	2.615679E-3
1.381500E-7	2.542022E-3
1.382000E-7	2.461514E-3
1.382500E-7	2.379292E-3
1.383000E-7	2.303922E-3
1.383500E-7	2.207998E-3
1.384000E-7	2.098369E-3
1.384500E-7	2.007583E-3
1.385000E-7	1.932214E-3
1.385500E-7	1.849992E-3
1.386000E-7	1.776336E-3
1.386500E-7	1.728373E-3
1.387000E-7	1.680411E-3
1.387500E-7	1.646152E-3
1.388000E-7	1.625597E-3
1.388500E-7	1.617032E-3
1.389000E-7	1.629022E-3
1.389500E-7	1.678698E-3
1.390000E-7	1.742077E-3
1.390500E-7	1.817447E-3
1.391000E-7	1.944205E-3
1.391500E-7	2.081241E-3
1.392000E-7	2.158323E-3
1.392500E-7	2.214850E-3
1.393000E-7	2.266239E-3
1.393500E-7	2.261100E-3
1.394000E-7	2.243971E-3
1.394500E-7	2.274803E-3
1.395000E-7	2.290220E-3
1.395500E-7	2.247396E-3
1.396000E-7	2.247396E-3
1.396500E-7	2.302211E-3
1.397000E-7	2.331331E-3
1.397500E-7	2.346747E-3
1.398000E-7	2.408413E-3
1.398500E-7	2.466654E-3
1.399000E-7	2.485496E-3
1.399500E-7	2.521468E-3
1.400000E-7	2.566004E-3
1.400500E-7	2.591698E-3
1.401000E-7	2.601975E-3
1.401500E-7	2.601975E-3
1.402000E-7	2.579707E-3
1.402500E-7	2.543735E-3
1.403000E-7	2.507763E-3
1.403500E-7	2.459801E-3
1.404000E-7	2.418690E-3
1.404500E-7	2.365589E-3
1.405000E-7	2.285081E-3
1.405500E-7	2.190869E-3
1.406000E-7	2.115499E-3
1.406500E-7	2.034991E-3
1.407000E-7	1.949344E-3
1.407500E-7	1.904807E-3
1.408000E-7	1.913372E-3
1.408500E-7	1.952770E-3
1.409000E-7	2.012723E-3
1.409500E-7	2.074389E-3
1.410000E-7	2.124065E-3
1.410500E-7	2.182305E-3
1.411000E-7	2.252535E-3
1.411500E-7	2.305637E-3
1.412000E-7	2.339896E-3
1.412500E-7	2.396423E-3
1.413000E-7	2.470080E-3
1.413500E-7	2.512903E-3
1.414000E-7	2.523181E-3
1.414500E-7	2.509477E-3
1.415000E-7	2.470080E-3
1.415500E-7	2.404988E-3
1.416000E-7	2.360451E-3
1.416500E-7	2.346748E-3
1.417000E-7	2.333044E-3
1.417500E-7	2.297072E-3
1.418000E-7	2.285081E-3
1.418500E-7	2.315914E-3
1.419000E-7	2.345034E-3
1.419500E-7	2.357025E-3
1.420000E-7	2.365590E-3
1.420500E-7	2.367302E-3
1.421000E-7	2.348460E-3
1.421500E-7	2.321053E-3
1.422000E-7	2.315914E-3
1.422500E-7	2.297072E-3
1.423000E-7	2.221702E-3
1.423500E-7	2.118925E-3
1.424000E-7	2.040130E-3
1.424500E-7	1.952770E-3
1.425000E-7	1.822586E-3
1.425500E-7	1.723235E-3
1.426000E-7	1.712957E-3
1.426500E-7	1.726661E-3
1.427000E-7	1.700967E-3
1.427500E-7	1.683837E-3
1.428000E-7	1.707818E-3
1.428500E-7	1.719808E-3
1.429000E-7	1.690688E-3
1.429500E-7	1.639299E-3
1.430000E-7	1.582772E-3
1.430500E-7	1.512541E-3
1.431000E-7	1.437171E-3
1.431500E-7	1.372080E-3
1.432000E-7	1.325830E-3
1.432500E-7	1.291572E-3
1.433000E-7	1.271016E-3
1.433500E-7	1.284720E-3
1.434000E-7	1.329257E-3
1.434500E-7	1.387498E-3
1.435000E-7	1.468006E-3
1.435500E-7	1.577635E-3
1.436000E-7	1.692403E-3
1.436500E-7	1.805457E-3
1.437000E-7	1.904808E-3
1.437500E-7	1.995594E-3
1.438000E-7	2.089806E-3
1.438500E-7	2.182306E-3
1.439000E-7	2.233694E-3
1.439500E-7	2.243972E-3
1.440000E-7	2.243972E-3
1.440500E-7	2.231981E-3
1.441000E-7	2.172028E-3
1.441500E-7	2.089806E-3
1.442000E-7	2.028140E-3
1.442500E-7	2.012724E-3
1.443000E-7	2.024714E-3
1.443500E-7	2.041843E-3
1.444000E-7	2.072676E-3
1.444500E-7	2.120639E-3
1.445000E-7	2.168601E-3
1.445500E-7	2.189156E-3
1.446000E-7	2.206285E-3
1.446500E-7	2.228554E-3
1.447000E-7	2.216563E-3
1.447500E-7	2.172026E-3
1.448000E-7	2.129203E-3
1.448500E-7	2.072676E-3
1.449000E-7	2.011010E-3
1.449500E-7	1.978464E-3
1.450000E-7	1.980177E-3
1.450500E-7	1.992167E-3
1.451000E-7	2.021287E-3
1.451500E-7	2.069250E-3
1.452000E-7	2.130916E-3
1.452500E-7	2.223415E-3
1.453000E-7	2.336470E-3
1.453500E-7	2.422117E-3
1.454000E-7	2.464941E-3
1.454500E-7	2.468367E-3
1.455000E-7	2.413553E-3
1.455500E-7	2.310776E-3
1.456000E-7	2.216564E-3
1.456500E-7	2.132629E-3
1.457000E-7	2.009297E-3
1.457500E-7	1.873974E-3
1.458000E-7	1.832863E-3
1.458500E-7	1.853418E-3
1.459000E-7	1.865409E-3
1.459500E-7	1.897955E-3
1.460000E-7	2.009297E-3
1.460500E-7	2.139481E-3
1.461000E-7	2.218276E-3
1.461500E-7	2.288507E-3
1.462000E-7	2.360451E-3
1.462500E-7	2.381007E-3
1.463000E-7	2.331332E-3
1.463500E-7	2.255962E-3
1.464000E-7	2.172028E-3
1.464500E-7	2.072677E-3
1.465000E-7	1.968187E-3
1.465500E-7	1.861985E-3
1.466000E-7	1.767773E-3
1.466500E-7	1.711245E-3
1.467000E-7	1.690690E-3
1.467500E-7	1.676986E-3
1.468000E-7	1.685551E-3
1.468500E-7	1.736939E-3
1.469000E-7	1.784901E-3
1.469500E-7	1.831150E-3
1.470000E-7	1.937353E-3
1.470500E-7	2.098370E-3
1.471000E-7	2.230266E-3
1.471500E-7	2.345034E-3
1.472000E-7	2.475218E-3
1.472500E-7	2.576281E-3
1.473000E-7	2.631096E-3
1.473500E-7	2.677345E-3
1.474000E-7	2.727021E-3
1.474500E-7	2.757854E-3
1.475000E-7	2.778410E-3
1.475500E-7	2.786975E-3
1.476000E-7	2.773271E-3
1.476500E-7	2.752716E-3
1.477000E-7	2.723596E-3
1.477500E-7	2.667069E-3
1.478000E-7	2.601977E-3
1.478500E-7	2.564292E-3
1.479000E-7	2.550589E-3
1.479500E-7	2.548876E-3
1.480000E-7	2.574570E-3
1.480500E-7	2.637949E-3
1.481000E-7	2.713318E-3
1.481500E-7	2.785262E-3
1.482000E-7	2.853780E-3
1.482500E-7	2.929149E-3
1.483000E-7	3.001093E-3
1.483500E-7	3.018222E-3
1.484000E-7	2.995954E-3
1.484500E-7	2.982250E-3
1.485000E-7	2.954843E-3
1.485500E-7	2.870909E-3
1.486000E-7	2.751003E-3
1.486500E-7	2.639661E-3
1.487000E-7	2.511191E-3
1.487500E-7	2.362165E-3
1.488000E-7	2.228555E-3
1.488500E-7	2.112075E-3
1.489000E-7	2.002446E-3
1.489500E-7	1.918512E-3
1.490000E-7	1.868836E-3
1.490500E-7	1.822587E-3
1.491000E-7	1.793466E-3
1.491500E-7	1.817447E-3
1.492000E-7	1.887678E-3
1.492500E-7	1.952770E-3
1.493000E-7	1.992167E-3
1.493500E-7	2.053833E-3
1.494000E-7	2.156610E-3
1.494500E-7	2.269664E-3
1.495000E-7	2.372441E-3
1.495500E-7	2.482069E-3
1.496000E-7	2.593411E-3
1.496500E-7	2.663642E-3
1.497000E-7	2.677346E-3
1.497500E-7	2.653365E-3
1.498000E-7	2.600264E-3
1.498500E-7	2.497487E-3
1.499000E-7	2.362164E-3
1.499500E-7	2.226842E-3
1.500000E-7	2.105223E-3
1.500500E-7	1.975039E-3
1.501000E-7	1.877401E-3
1.501500E-7	1.838003E-3
1.502000E-7	1.817447E-3
1.502500E-7	1.824299E-3
1.503000E-7	1.915085E-3
1.503500E-7	2.070963E-3
1.504000E-7	2.213138E-3
1.504500E-7	2.327905E-3
1.505000E-7	2.434108E-3
1.505500E-7	2.512904E-3
1.506000E-7	2.540311E-3
1.506500E-7	2.526607E-3
1.507000E-7	2.449524E-3
1.507500E-7	2.321053E-3
1.508000E-7	2.192582E-3
1.508500E-7	2.077815E-3
1.509000E-7	1.939066E-3
1.509500E-7	1.798604E-3
1.510000E-7	1.687262E-3
1.510500E-7	1.613606E-3
1.511000E-7	1.586198E-3
1.511500E-7	1.610180E-3
1.512000E-7	1.682123E-3
1.512500E-7	1.803743E-3
1.513000E-7	1.976750E-3
1.513500E-7	2.154897E-3
1.514000E-7	2.307349E-3
1.514500E-7	2.440959E-3
1.515000E-7	2.540310E-3
1.515500E-7	2.588273E-3
1.516000E-7	2.577995E-3
1.516500E-7	2.518042E-3
1.517000E-7	2.422117E-3
1.517500E-7	2.300498E-3
1.518000E-7	2.154897E-3
1.518500E-7	1.973325E-3
1.519000E-7	1.771197E-3
1.519500E-7	1.606754E-3
1.520000E-7	1.509116E-3
1.520500E-7	1.456015E-3
1.521000E-7	1.449163E-3
1.521500E-7	1.526246E-3
1.522000E-7	1.697540E-3
1.522500E-7	1.887677E-3
1.523000E-7	2.060685E-3
1.523500E-7	2.243970E-3
1.524000E-7	2.442671E-3
1.524500E-7	2.605401E-3
1.525000E-7	2.684197E-3
1.525500E-7	2.723595E-3
1.526000E-7	2.730446E-3
1.526500E-7	2.679058E-3
1.527000E-7	2.569430E-3
1.527500E-7	2.423830E-3
1.528000E-7	2.245683E-3
1.528500E-7	2.028139E-3
1.529000E-7	1.829437E-3
1.529500E-7	1.694115E-3
1.530000E-7	1.623884E-3
1.530500E-7	1.615319E-3
1.531000E-7	1.664995E-3
1.531500E-7	1.745503E-3
1.532000E-7	1.855131E-3
1.532500E-7	2.000732E-3
1.533000E-7	2.146332E-3
1.533500E-7	2.271377E-3
1.534000E-7	2.398135E-3
1.534500E-7	2.523180E-3
1.535000E-7	2.600262E-3
1.535500E-7	2.637947E-3
1.536000E-7	2.680771E-3
1.536500E-7	2.732160E-3
1.537000E-7	2.754428E-3
1.537500E-7	2.747577E-3
1.538000E-7	2.739012E-3
1.538500E-7	2.749290E-3
1.539000E-7	2.744151E-3
1.539500E-7	2.716744E-3
1.540000E-7	2.673921E-3
1.540500E-7	2.624245E-3
1.541000E-7	2.521469E-3
1.541500E-7	2.348461E-3
1.542000E-7	2.148046E-3
1.542500E-7	1.980177E-3
1.543000E-7	1.839715E-3
1.543500E-7	1.712957E-3
1.544000E-7	1.622171E-3
1.544500E-7	1.569069E-3
1.545000E-7	1.546801E-3
1.545500E-7	1.565643E-3
1.546000E-7	1.620457E-3
1.546500E-7	1.668419E-3
1.547000E-7	1.704391E-3
1.547500E-7	1.769483E-3
1.548000E-7	1.848279E-3
1.548500E-7	1.887676E-3
1.549000E-7	1.889389E-3
1.549500E-7	1.894528E-3
1.550000E-7	1.911658E-3
1.550500E-7	1.945917E-3
1.551000E-7	2.011009E-3
1.551500E-7	2.076101E-3
1.552000E-7	2.139480E-3
1.552500E-7	2.218276E-3
1.553000E-7	2.297072E-3
1.553500E-7	2.346747E-3
1.554000E-7	2.392997E-3
1.554500E-7	2.452950E-3
1.555000E-7	2.476931E-3
1.555500E-7	2.440959E-3
1.556000E-7	2.401562E-3
1.556500E-7	2.394710E-3
1.557000E-7	2.391284E-3
1.557500E-7	2.384432E-3
1.558000E-7	2.398136E-3
1.558500E-7	2.442672E-3
1.559000E-7	2.468367E-3
1.559500E-7	2.461515E-3
1.560000E-7	2.434108E-3
1.560500E-7	2.413553E-3
1.561000E-7	2.384433E-3
1.561500E-7	2.327906E-3
1.562000E-7	2.255962E-3
1.562500E-7	2.187444E-3
1.563000E-7	2.103510E-3
1.563500E-7	2.000733E-3
1.564000E-7	1.921937E-3
1.564500E-7	1.873974E-3
1.565000E-7	1.827725E-3
1.565500E-7	1.790040E-3
1.566000E-7	1.783188E-3
1.566500E-7	1.784901E-3
1.567000E-7	1.766058E-3
1.567500E-7	1.750642E-3
1.568000E-7	1.762633E-3
1.568500E-7	1.767771E-3
1.569000E-7	1.779762E-3
1.569500E-7	1.829437E-3
1.570000E-7	1.908233E-3
1.570500E-7	1.992167E-3
1.571000E-7	2.058972E-3
1.571500E-7	2.103508E-3
1.572000E-7	2.149758E-3
1.572500E-7	2.214849E-3
1.573000E-7	2.283367E-3
1.573500E-7	2.312487E-3
1.574000E-7	2.314200E-3
1.574500E-7	2.290219E-3
1.575000E-7	2.225127E-3
1.575500E-7	2.110360E-3
1.576000E-7	1.983602E-3
1.576500E-7	1.855131E-3
1.577000E-7	1.728373E-3
1.577500E-7	1.627309E-3
1.578000E-7	1.565643E-3
1.578500E-7	1.541662E-3
1.579000E-7	1.541662E-3
1.579500E-7	1.577634E-3
1.580000E-7	1.658142E-3
1.580500E-7	1.793465E-3
1.581000E-7	1.969898E-3
1.581500E-7	2.148045E-3
1.582000E-7	2.327904E-3
1.582500E-7	2.521467E-3
1.583000E-7	2.704752E-3
1.583500E-7	2.840075E-3
1.584000E-7	2.932574E-3
1.584500E-7	2.990815E-3
1.585000E-7	2.997667E-3
1.585500E-7	2.954843E-3
1.586000E-7	2.893177E-3
1.586500E-7	2.816094E-3
1.587000E-7	2.725308E-3
1.587500E-7	2.641374E-3
1.588000E-7	2.547162E-3
1.588500E-7	2.422117E-3
1.589000E-7	2.307349E-3
1.589500E-7	2.249109E-3
1.590000E-7	2.214850E-3
1.590500E-7	2.201147E-3
1.591000E-7	2.228554E-3
1.591500E-7	2.286794E-3
1.592000E-7	2.331331E-3
1.592500E-7	2.346748E-3
1.593000E-7	2.350174E-3
1.593500E-7	2.353600E-3
1.594000E-7	2.351887E-3
1.594500E-7	2.309063E-3
1.595000E-7	2.252536E-3
1.595500E-7	2.214851E-3
1.596000E-7	2.163463E-3
1.596500E-7	2.052121E-3
1.597000E-7	1.949344E-3
1.597500E-7	1.885965E-3
1.598000E-7	1.838003E-3
1.598500E-7	1.802031E-3
1.599000E-7	1.796892E-3
1.599500E-7	1.796892E-3
1.600000E-7	1.796892E-3
1.600500E-7	1.819160E-3
1.601000E-7	1.863697E-3
1.601500E-7	1.913372E-3
1.602000E-7	1.968186E-3
1.602500E-7	2.031565E-3
1.603000E-7	2.093231E-3
1.603500E-7	2.160036E-3
1.604000E-7	2.233692E-3
1.604500E-7	2.309062E-3
1.605000E-7	2.369015E-3
1.605500E-7	2.415265E-3
1.606000E-7	2.439246E-3
1.606500E-7	2.442672E-3
1.607000E-7	2.427256E-3
1.607500E-7	2.411839E-3
1.608000E-7	2.396423E-3
1.608500E-7	2.358738E-3
1.609000E-7	2.295359E-3
1.609500E-7	2.252535E-3
1.610000E-7	2.225128E-3
1.610500E-7	2.209711E-3
1.611000E-7	2.209711E-3
1.611500E-7	2.211424E-3
1.612000E-7	2.187443E-3
1.612500E-7	2.156610E-3
1.613000E-7	2.105221E-3
1.613500E-7	2.007583E-3
1.614000E-7	1.911658E-3
1.614500E-7	1.851705E-3
1.615000E-7	1.798604E-3
1.615500E-7	1.733512E-3
1.616000E-7	1.709531E-3
1.616500E-7	1.719808E-3
1.617000E-7	1.719809E-3
1.617500E-7	1.742077E-3
1.618000E-7	1.817447E-3
1.618500E-7	1.927076E-3
1.619000E-7	2.045270E-3
1.619500E-7	2.166889E-3
1.620000E-7	2.291934E-3
1.620500E-7	2.404988E-3
1.621000E-7	2.497487E-3
1.621500E-7	2.569431E-3
1.622000E-7	2.603689E-3
1.622500E-7	2.593411E-3
1.623000E-7	2.562578E-3
1.623500E-7	2.519754E-3
1.624000E-7	2.454662E-3
1.624500E-7	2.379292E-3
1.625000E-7	2.319339E-3
1.625500E-7	2.295358E-3
1.626000E-7	2.298784E-3
1.626500E-7	2.315914E-3
1.627000E-7	2.341608E-3
1.627500E-7	2.362163E-3
1.628000E-7	2.372441E-3
1.628500E-7	2.372441E-3
1.629000E-7	2.357025E-3
1.629500E-7	2.326192E-3
1.630000E-7	2.276516E-3
1.630500E-7	2.213137E-3
1.631000E-7	2.146332E-3
1.631500E-7	2.091517E-3
1.632000E-7	2.064110E-3
1.632500E-7	2.060684E-3
1.633000E-7	2.058971E-3
1.633500E-7	2.065822E-3
1.634000E-7	2.110359E-3
1.634500E-7	2.182303E-3
1.635000E-7	2.233692E-3
1.635500E-7	2.238831E-3
1.636000E-7	2.235405E-3
1.636500E-7	2.230266E-3
1.637000E-7	2.178878E-3
1.637500E-7	2.105222E-3
1.638000E-7	2.050407E-3
1.638500E-7	2.017862E-3
1.639000E-7	1.983603E-3
1.639500E-7	1.951057E-3
1.640000E-7	1.933927E-3
1.640500E-7	1.942492E-3
1.641000E-7	1.988741E-3
1.641500E-7	2.057259E-3
1.642000E-7	2.130915E-3
1.642500E-7	2.207998E-3
1.643000E-7	2.273090E-3
1.643500E-7	2.334756E-3
1.644000E-7	2.420403E-3
1.644500E-7	2.507764E-3
1.645000E-7	2.547161E-3
1.645500E-7	2.550587E-3
1.646000E-7	2.559152E-3
1.646500E-7	2.554013E-3
1.647000E-7	2.506051E-3
1.647500E-7	2.427255E-3
1.648000E-7	2.326191E-3
1.648500E-7	2.185729E-3
1.649000E-7	2.031564E-3
1.649500E-7	1.870547E-3
1.650000E-7	1.709529E-3
1.650500E-7	1.601614E-3
1.651000E-7	1.563929E-3
1.651500E-7	1.560503E-3
1.652000E-7	1.596475E-3
1.652500E-7	1.688975E-3
1.653000E-7	1.814020E-3
1.653500E-7	1.940778E-3
1.654000E-7	2.091518E-3
1.654500E-7	2.233693E-3
1.655000E-7	2.333044E-3
1.655500E-7	2.423830E-3
1.656000E-7	2.514616E-3
1.656500E-7	2.562578E-3
1.657000E-7	2.564291E-3
1.657500E-7	2.557439E-3
1.658000E-7	2.543736E-3
1.658500E-7	2.500912E-3
1.659000E-7	2.461514E-3
1.659500E-7	2.428968E-3
1.660000E-7	2.413551E-3
1.660500E-7	2.425542E-3
1.661000E-7	2.442671E-3
1.661500E-7	2.478643E-3
1.662000E-7	2.566004E-3
1.662500E-7	2.667068E-3
1.663000E-7	2.708178E-3
1.663500E-7	2.733873E-3
1.664000E-7	2.795539E-3
1.664500E-7	2.810956E-3
1.665000E-7	2.716744E-3
1.665500E-7	2.564292E-3
1.666000E-7	2.399849E-3
1.666500E-7	2.184018E-3
1.667000E-7	1.933927E-3
1.667500E-7	1.723235E-3
1.668000E-7	1.587912E-3
1.668500E-7	1.500551E-3
1.669000E-7	1.469718E-3
1.669500E-7	1.507402E-3
1.670000E-7	1.605040E-3
1.670500E-7	1.742076E-3
1.671000E-7	1.901380E-3
1.671500E-7	2.088091E-3
1.672000E-7	2.276515E-3
1.672500E-7	2.413551E-3
1.673000E-7	2.475218E-3
1.673500E-7	2.502625E-3
1.674000E-7	2.500912E-3
1.674500E-7	2.427256E-3
1.675000E-7	2.303924E-3
1.675500E-7	2.211425E-3
1.676000E-7	2.154898E-3
1.676500E-7	2.118926E-3
1.677000E-7	2.118926E-3
1.677500E-7	2.182305E-3
1.678000E-7	2.276517E-3
1.678500E-7	2.389571E-3
1.679000E-7	2.509477E-3
1.679500E-7	2.579707E-3
1.680000E-7	2.600263E-3
1.680500E-7	2.603688E-3
1.681000E-7	2.560865E-3
1.681500E-7	2.447810E-3
1.682000E-7	2.327904E-3
1.682500E-7	2.221701E-3
1.683000E-7	2.070962E-3
1.683500E-7	1.927075E-3
1.684000E-7	1.863696E-3
1.684500E-7	1.831150E-3
1.685000E-7	1.802030E-3
1.685500E-7	1.834576E-3
1.686000E-7	1.937352E-3
1.686500E-7	2.019574E-3
1.687000E-7	2.079527E-3
1.687500E-7	2.146332E-3
1.688000E-7	2.177165E-3
1.688500E-7	2.127490E-3
1.689000E-7	2.029852E-3
1.689500E-7	1.913371E-3
1.690000E-7	1.781474E-3
1.690500E-7	1.646152E-3
1.691000E-7	1.522820E-3
1.691500E-7	1.444024E-3
1.692000E-7	1.440598E-3
1.692500E-7	1.495413E-3
1.693000E-7	1.562218E-3
1.693500E-7	1.641013E-3
1.694000E-7	1.767771E-3
1.694500E-7	1.908233E-3
1.695000E-7	2.029852E-3
1.695500E-7	2.136055E-3
1.696000E-7	2.216563E-3
1.696500E-7	2.231980E-3
1.697000E-7	2.184017E-3
1.697500E-7	2.106934E-3
1.698000E-7	2.016148E-3
1.698500E-7	1.909945E-3
1.699000E-7	1.814020E-3
1.699500E-7	1.750641E-3
1.700000E-7	1.736938E-3
1.700500E-7	1.784900E-3
1.701000E-7	1.897955E-3
1.701500E-7	2.055546E-3
1.702000E-7	2.231980E-3
1.702500E-7	2.416978E-3
1.703000E-7	2.593411E-3
1.703500E-7	2.751003E-3
1.704000E-7	2.858918E-3
1.704500E-7	2.929149E-3
1.705000E-7	2.958269E-3
1.705500E-7	2.927436E-3
1.706000E-7	2.833224E-3
1.706500E-7	2.703040E-3
1.707000E-7	2.557440E-3
1.707500E-7	2.408413E-3
1.708000E-7	2.276516E-3
1.708500E-7	2.173739E-3
1.709000E-7	2.093231E-3
1.709500E-7	2.050407E-3
1.710000E-7	2.079527E-3
1.710500E-7	2.161748E-3
1.711000E-7	2.247396E-3
1.711500E-7	2.326191E-3
1.712000E-7	2.425542E-3
1.712500E-7	2.526606E-3
1.713000E-7	2.560865E-3
1.713500E-7	2.545448E-3
1.714000E-7	2.519754E-3
1.714500E-7	2.458088E-3
1.715000E-7	2.338182E-3
1.715500E-7	2.206285E-3
1.716000E-7	2.106934E-3
1.716500E-7	2.014435E-3
1.717000E-7	1.925362E-3
1.717500E-7	1.873973E-3
1.718000E-7	1.873973E-3
1.718500E-7	1.877399E-3
1.719000E-7	1.868834E-3
1.719500E-7	1.892815E-3
1.720000E-7	1.956194E-3
1.720500E-7	2.033277E-3
1.721000E-7	2.098369E-3
1.721500E-7	2.148045E-3
1.722000E-7	2.207998E-3
1.722500E-7	2.262812E-3
1.723000E-7	2.281655E-3
1.723500E-7	2.281655E-3
1.724000E-7	2.295359E-3
1.724500E-7	2.307350E-3
1.725000E-7	2.274804E-3
1.725500E-7	2.221703E-3
1.726000E-7	2.189157E-3
1.726500E-7	2.139481E-3
1.727000E-7	2.041843E-3
1.727500E-7	1.942492E-3
1.728000E-7	1.851706E-3
1.728500E-7	1.743790E-3
1.729000E-7	1.658143E-3
1.729500E-7	1.637587E-3
1.730000E-7	1.632448E-3
1.730500E-7	1.594763E-3
1.731000E-7	1.572495E-3
1.731500E-7	1.603328E-3
1.732000E-7	1.661568E-3
1.732500E-7	1.731799E-3
1.733000E-7	1.778049E-3
1.733500E-7	1.798604E-3
1.734000E-7	1.829437E-3
1.734500E-7	1.889390E-3
1.735000E-7	1.939066E-3
1.735500E-7	1.971612E-3
1.736000E-7	2.017862E-3
1.736500E-7	2.082954E-3
1.737000E-7	2.124065E-3
1.737500E-7	2.151472E-3
1.738000E-7	2.202860E-3
1.738500E-7	2.261100E-3
1.739000E-7	2.295359E-3
1.739500E-7	2.341609E-3
1.740000E-7	2.398136E-3
1.740500E-7	2.416978E-3
1.741000E-7	2.379293E-3
1.741500E-7	2.338182E-3
1.742000E-7	2.322766E-3
1.742500E-7	2.303923E-3
1.743000E-7	2.267951E-3
1.743500E-7	2.238831E-3
1.744000E-7	2.219989E-3
1.744500E-7	2.207998E-3
1.745000E-7	2.187443E-3
1.745500E-7	2.180591E-3
1.746000E-7	2.204572E-3
1.746500E-7	2.216563E-3
1.747000E-7	2.189156E-3
1.747500E-7	2.136055E-3
1.748000E-7	2.096657E-3
1.748500E-7	2.069250E-3
1.749000E-7	2.041842E-3
1.749500E-7	2.014435E-3
1.750000E-7	1.988741E-3
1.750500E-7	2.009296E-3
1.751000E-7	2.088092E-3
1.751500E-7	2.204572E-3
1.752000E-7	2.351886E-3
1.752500E-7	2.533458E-3
1.753000E-7	2.709892E-3
1.753500E-7	2.855492E-3
1.754000E-7	2.954843E-3
1.754500E-7	2.997667E-3
1.755000E-7	2.958269E-3
1.755500E-7	2.867483E-3
1.756000E-7	2.754428E-3
1.756500E-7	2.605402E-3
1.757000E-7	2.422116E-3
1.757500E-7	2.230266E-3
1.758000E-7	2.067536E-3
1.758500E-7	1.951056E-3
1.759000E-7	1.880825E-3
1.759500E-7	1.838002E-3
1.760000E-7	1.846567E-3
1.760500E-7	1.899668E-3
1.761000E-7	1.961334E-3
1.761500E-7	2.019574E-3
1.762000E-7	2.100083E-3
1.762500E-7	2.194295E-3
1.763000E-7	2.238831E-3
1.763500E-7	2.230267E-3
1.764000E-7	2.214850E-3
1.764500E-7	2.194294E-3
1.765000E-7	2.134341E-3
1.765500E-7	2.041842E-3
1.766000E-7	1.945917E-3
1.766500E-7	1.858556E-3
1.767000E-7	1.772909E-3
1.767500E-7	1.704391E-3
1.768000E-7	1.692401E-3
1.768500E-7	1.719808E-3
1.769000E-7	1.747215E-3
1.769500E-7	1.762632E-3
1.770000E-7	1.760919E-3
1.770500E-7	1.757494E-3
1.771000E-7	1.747216E-3
1.771500E-7	1.728374E-3
1.772000E-7	1.706105E-3
1.772500E-7	1.697541E-3
1.773000E-7	1.685550E-3
1.773500E-7	1.647865E-3
1.774000E-7	1.608467E-3
1.774500E-7	1.608467E-3
1.775000E-7	1.620457E-3
1.775500E-7	1.632448E-3
1.776000E-7	1.675271E-3
1.776500E-7	1.730085E-3
1.777000E-7	1.752354E-3
1.777500E-7	1.755780E-3
1.778000E-7	1.783187E-3
1.778500E-7	1.812307E-3
1.779000E-7	1.808881E-3
1.779500E-7	1.790039E-3
1.780000E-7	1.796891E-3
1.780500E-7	1.819160E-3
1.781000E-7	1.795178E-3
1.781500E-7	1.747216E-3
1.782000E-7	1.735226E-3
1.782500E-7	1.766059E-3
1.783000E-7	1.766059E-3
1.783500E-7	1.755781E-3
1.784000E-7	1.783188E-3
1.784500E-7	1.846567E-3
1.785000E-7	1.915085E-3
1.785500E-7	2.000732E-3
1.786000E-7	2.124064E-3
1.786500E-7	2.216563E-3
1.787000E-7	2.245683E-3
1.787500E-7	2.261099E-3
1.788000E-7	2.290219E-3
1.788500E-7	2.290219E-3
1.789000E-7	2.231978E-3
1.789500E-7	2.170312E-3
1.790000E-7	2.132627E-3
1.790500E-7	2.070961E-3
1.791000E-7	2.014434E-3
1.791500E-7	2.009296E-3
1.792000E-7	2.026425E-3
1.792500E-7	2.050407E-3
1.793000E-7	2.122351E-3
1.793500E-7	2.257674E-3
1.794000E-7	2.387858E-3
1.794500E-7	2.495774E-3
1.795000E-7	2.601977E-3
1.795500E-7	2.684198E-3
1.796000E-7	2.723596E-3
1.796500E-7	2.716744E-3
1.797000E-7	2.682485E-3
1.797500E-7	2.622532E-3
1.798000E-7	2.538598E-3
1.798500E-7	2.439247E-3
1.799000E-7	2.331331E-3
1.799500E-7	2.245684E-3
1.800000E-7	2.199434E-3
1.800500E-7	2.192582E-3
1.801000E-7	2.189156E-3
1.801500E-7	2.192582E-3
1.802000E-7	2.235406E-3
1.802500E-7	2.312488E-3
1.803000E-7	2.365589E-3
1.803500E-7	2.386145E-3
1.804000E-7	2.413552E-3
1.804500E-7	2.439246E-3
1.805000E-7	2.411839E-3
1.805500E-7	2.346747E-3
1.806000E-7	2.302210E-3
1.806500E-7	2.276516E-3
1.807000E-7	2.240544E-3
1.807500E-7	2.192582E-3
1.808000E-7	2.142907E-3
1.808500E-7	2.110361E-3
1.809000E-7	2.113787E-3
1.809500E-7	2.115500E-3
1.810000E-7	2.084667E-3
1.810500E-7	2.069250E-3
1.811000E-7	2.100083E-3
1.811500E-7	2.141194E-3
1.812000E-7	2.180592E-3
1.812500E-7	2.225129E-3
1.813000E-7	2.242258E-3
1.813500E-7	2.218277E-3
1.814000E-7	2.189157E-3
1.814500E-7	2.170314E-3
1.815000E-7	2.127490E-3
1.815500E-7	2.076102E-3
1.816000E-7	2.046981E-3
1.816500E-7	2.029852E-3
1.817000E-7	1.992167E-3
1.817500E-7	1.954482E-3
1.818000E-7	1.947630E-3
1.818500E-7	1.963046E-3
1.819000E-7	1.987027E-3
1.819500E-7	2.022999E-3
1.820000E-7	2.058971E-3
1.820500E-7	2.084666E-3
1.821000E-7	2.103508E-3
1.821500E-7	2.124064E-3
1.822000E-7	2.136054E-3
1.822500E-7	2.120638E-3
1.823000E-7	2.070963E-3
1.823500E-7	2.004158E-3
1.824000E-7	1.932214E-3
1.824500E-7	1.872261E-3
1.825000E-7	1.812307E-3
1.825500E-7	1.730086E-3
1.826000E-7	1.659855E-3
1.826500E-7	1.641012E-3
1.827000E-7	1.641012E-3
1.827500E-7	1.637586E-3
1.828000E-7	1.676983E-3
1.828500E-7	1.755779E-3
1.829000E-7	1.814019E-3
1.829500E-7	1.846565E-3
1.830000E-7	1.904805E-3
1.830500E-7	2.002444E-3
1.831000E-7	2.093230E-3
1.831500E-7	2.166887E-3
1.832000E-7	2.214850E-3
1.832500E-7	2.213137E-3
1.833000E-7	2.175453E-3
1.833500E-7	2.146333E-3
1.834000E-7	2.129203E-3
1.834500E-7	2.098370E-3
1.835000E-7	2.062398E-3
1.835500E-7	2.065824E-3
1.836000E-7	2.113786E-3
1.836500E-7	2.170313E-3
1.837000E-7	2.225127E-3
1.837500E-7	2.274803E-3
1.838000E-7	2.321053E-3
1.838500E-7	2.374154E-3
1.839000E-7	2.408413E-3
1.839500E-7	2.413552E-3
1.840000E-7	2.420404E-3
1.840500E-7	2.451237E-3
1.841000E-7	2.440960E-3
1.841500E-7	2.410126E-3
1.842000E-7	2.423830E-3
1.842500E-7	2.461515E-3
1.843000E-7	2.471792E-3
1.843500E-7	2.480357E-3
1.844000E-7	2.519754E-3
1.844500E-7	2.552300E-3
1.845000E-7	2.581420E-3
1.845500E-7	2.598550E-3
1.846000E-7	2.600263E-3
1.846500E-7	2.591698E-3
1.847000E-7	2.586559E-3
1.847500E-7	2.555726E-3
1.848000E-7	2.495774E-3
1.848500E-7	2.434108E-3
1.849000E-7	2.362164E-3
1.849500E-7	2.252536E-3
1.850000E-7	2.139481E-3
1.850500E-7	2.045269E-3
1.851000E-7	1.961335E-3
1.851500E-7	1.882539E-3
1.852000E-7	1.831151E-3
1.852500E-7	1.802031E-3
1.853000E-7	1.784901E-3
1.853500E-7	1.790040E-3
1.854000E-7	1.836289E-3
1.854500E-7	1.918511E-3
1.855000E-7	2.023000E-3
1.855500E-7	2.113786E-3
1.856000E-7	2.184017E-3
1.856500E-7	2.226841E-3
1.857000E-7	2.247396E-3
1.857500E-7	2.259387E-3
1.858000E-7	2.266239E-3
1.858500E-7	2.249109E-3
1.859000E-7	2.209712E-3
1.859500E-7	2.163462E-3
1.860000E-7	2.130916E-3
1.860500E-7	2.124065E-3
1.861000E-7	2.134343E-3
1.861500E-7	2.166888E-3
1.862000E-7	2.230267E-3
1.862500E-7	2.327905E-3
1.863000E-7	2.418691E-3
1.863500E-7	2.476931E-3
1.864000E-7	2.514616E-3
1.864500E-7	2.528319E-3
1.865000E-7	2.504338E-3
1.865500E-7	2.437533E-3
1.866000E-7	2.326191E-3
1.866500E-7	2.196008E-3
1.867000E-7	2.072675E-3
1.867500E-7	1.944205E-3
1.868000E-7	1.822585E-3
1.868500E-7	1.759207E-3
1.869000E-7	1.784901E-3
1.869500E-7	1.855132E-3
1.870000E-7	1.928789E-3
1.870500E-7	2.009297E-3
1.871000E-7	2.103509E-3
1.871500E-7	2.199434E-3
1.872000E-7	2.305637E-3
1.872500E-7	2.381006E-3
1.873000E-7	2.396423E-3
1.873500E-7	2.365590E-3
1.874000E-7	2.353599E-3
1.874500E-7	2.367303E-3
1.875000E-7	2.367303E-3
1.875500E-7	2.358738E-3
1.876000E-7	2.375868E-3
1.876500E-7	2.392997E-3
1.877000E-7	2.389571E-3
1.877500E-7	2.408414E-3
1.878000E-7	2.463228E-3
1.878500E-7	2.495774E-3
1.879000E-7	2.476931E-3
1.879500E-7	2.442672E-3
1.880000E-7	2.423830E-3
1.880500E-7	2.401561E-3
1.881000E-7	2.372441E-3
1.881500E-7	2.353599E-3
1.882000E-7	2.351886E-3
1.882500E-7	2.362163E-3
1.883000E-7	2.372441E-3
1.883500E-7	2.377580E-3
1.884000E-7	2.379293E-3
1.884500E-7	2.386145E-3
1.885000E-7	2.387858E-3
1.885500E-7	2.367303E-3
1.886000E-7	2.317627E-3
1.886500E-7	2.259387E-3
1.887000E-7	2.204573E-3
1.887500E-7	2.163462E-3
1.888000E-7	2.142907E-3
1.888500E-7	2.137768E-3
1.889000E-7	2.175453E-3
1.889500E-7	2.266239E-3
1.890000E-7	2.381006E-3
1.890500E-7	2.492348E-3
1.891000E-7	2.577995E-3
1.891500E-7	2.653365E-3
1.892000E-7	2.713318E-3
1.892500E-7	2.713318E-3
1.893000E-7	2.624244E-3
1.893500E-7	2.476931E-3
1.894000E-7	2.307349E-3
1.894500E-7	2.112073E-3
1.895000E-7	1.894528E-3
1.895500E-7	1.697539E-3
1.896000E-7	1.555365E-3
1.896500E-7	1.464579E-3
1.897000E-7	1.423468E-3
1.897500E-7	1.444023E-3
1.898000E-7	1.529671E-3
1.898500E-7	1.661568E-3
1.899000E-7	1.812307E-3
1.899500E-7	1.928788E-3
1.900000E-7	2.005871E-3
1.900500E-7	2.050407E-3
1.901000E-7	2.033278E-3
1.901500E-7	1.944205E-3
1.902000E-7	1.831150E-3
1.902500E-7	1.712957E-3
1.903000E-7	1.569070E-3
1.903500E-7	1.433747E-3
1.904000E-7	1.366942E-3
1.904500E-7	1.353238E-3
1.905000E-7	1.377219E-3
1.905500E-7	1.474857E-3
1.906000E-7	1.632448E-3
1.906500E-7	1.817447E-3
1.907000E-7	2.000732E-3
1.907500E-7	2.182304E-3
1.908000E-7	2.334757E-3
1.908500E-7	2.449524E-3
1.909000E-7	2.535172E-3
1.909500E-7	2.586560E-3
1.910000E-7	2.612254E-3
1.910500E-7	2.617393E-3
1.911000E-7	2.615680E-3
1.911500E-7	2.608828E-3
1.912000E-7	2.601977E-3
1.912500E-7	2.589986E-3
1.913000E-7	2.564292E-3
1.913500E-7	2.540311E-3
1.914000E-7	2.545450E-3
1.914500E-7	2.557440E-3
1.915000E-7	2.511191E-3
1.915500E-7	2.404988E-3
1.916000E-7	2.288508E-3
1.916500E-7	2.161749E-3
1.917000E-7	2.002445E-3
1.917500E-7	1.834576E-3
1.918000E-7	1.690689E-3
1.918500E-7	1.572495E-3
1.919000E-7	1.498839E-3
1.919500E-7	1.502264E-3
1.920000E-7	1.562218E-3
1.920500E-7	1.649578E-3
1.921000E-7	1.786613E-3
1.921500E-7	1.964760E-3
1.922000E-7	2.137768E-3
1.922500E-7	2.298785E-3
1.923000E-7	2.488922E-3
1.923500E-7	2.670494E-3
1.924000E-7	2.792113E-3
1.924500E-7	2.843501E-3
1.925000E-7	2.836650E-3
1.925500E-7	2.774984E-3
1.926000E-7	2.679058E-3
1.926500E-7	2.548874E-3
1.927000E-7	2.369015E-3
1.927500E-7	2.161749E-3
1.928000E-7	1.966473E-3
1.928500E-7	1.772910E-3
1.929000E-7	1.591337E-3
1.929500E-7	1.464579E-3
1.930000E-7	1.406339E-3
1.930500E-7	1.384071E-3
1.931000E-7	1.428608E-3
1.931500E-7	1.579347E-3
1.932000E-7	1.803743E-3
1.932500E-7	2.046982E-3
1.933000E-7	2.305637E-3
1.933500E-7	2.560866E-3
1.934000E-7	2.768132E-3
1.934500E-7	2.929149E-3
1.935000E-7	3.023361E-3
1.935500E-7	2.995954E-3
1.936000E-7	2.898315E-3
1.936500E-7	2.774983E-3
1.937000E-7	2.596837E-3
1.937500E-7	2.362163E-3
1.938000E-7	2.113785E-3
1.938500E-7	1.865408E-3
1.939000E-7	1.632447E-3
1.939500E-7	1.481708E-3
1.940000E-7	1.445736E-3
1.940500E-7	1.485134E-3
1.941000E-7	1.594763E-3
1.941500E-7	1.783188E-3
1.942000E-7	1.992167E-3
1.942500E-7	2.211424E-3
1.943000E-7	2.456376E-3
1.943500E-7	2.684198E-3
1.944000E-7	2.850353E-3
1.944500E-7	2.982250E-3
1.945000E-7	3.064471E-3
1.945500E-7	3.059333E-3
1.946000E-7	3.011370E-3
1.946500E-7	2.958269E-3
1.947000E-7	2.848640E-3
1.947500E-7	2.685911E-3
1.948000E-7	2.538597E-3
1.948500E-7	2.411839E-3
1.949000E-7	2.291933E-3
1.949500E-7	2.221703E-3
1.950000E-7	2.218277E-3
1.950500E-7	2.243971E-3
1.951000E-7	2.291934E-3
1.951500E-7	2.343322E-3
1.952000E-7	2.363877E-3
1.952500E-7	2.348461E-3
1.953000E-7	2.336470E-3
1.953500E-7	2.298785E-3
1.954000E-7	2.223415E-3
1.954500E-7	2.146332E-3
1.955000E-7	2.058972E-3
1.955500E-7	1.930501E-3
1.956000E-7	1.824298E-3
1.956500E-7	1.776336E-3
1.957000E-7	1.740364E-3
1.957500E-7	1.721522E-3
1.958000E-7	1.776336E-3
1.958500E-7	1.882539E-3
1.959000E-7	1.975038E-3
1.959500E-7	2.070963E-3
1.960000E-7	2.178878E-3
1.960500E-7	2.261100E-3
1.961000E-7	2.303924E-3
1.961500E-7	2.319340E-3
1.962000E-7	2.309062E-3
1.962500E-7	2.249109E-3
1.963000E-7	2.136055E-3
1.963500E-7	1.981889E-3
1.964000E-7	1.843141E-3
1.964500E-7	1.738651E-3
1.965000E-7	1.635874E-3
1.965500E-7	1.548514E-3
1.966000E-7	1.522820E-3
1.966500E-7	1.521107E-3
1.967000E-7	1.529671E-3
1.967500E-7	1.596476E-3
1.968000E-7	1.719808E-3
1.968500E-7	1.826011E-3
1.969000E-7	1.920223E-3
1.969500E-7	2.038417E-3
1.970000E-7	2.158323E-3
1.970500E-7	2.228554E-3
1.971000E-7	2.252535E-3
1.971500E-7	2.254248E-3
1.972000E-7	2.245684E-3
1.972500E-7	2.233693E-3
1.973000E-7	2.209712E-3
1.973500E-7	2.173740E-3
1.974000E-7	2.151472E-3
1.974500E-7	2.160036E-3
1.975000E-7	2.189156E-3
1.975500E-7	2.230267E-3
1.976000E-7	2.286794E-3
1.976500E-7	2.367302E-3
1.977000E-7	2.463227E-3
1.977500E-7	2.564291E-3
1.978000E-7	2.648225E-3
1.978500E-7	2.704753E-3
1.979000E-7	2.725308E-3
1.979500E-7	2.694475E-3
1.980000E-7	2.632809E-3
1.980500E-7	2.566005E-3
1.981000E-7	2.476931E-3
1.981500E-7	2.334757E-3
1.982000E-7	2.170314E-3
1.982500E-7	2.026426E-3
1.983000E-7	1.918510E-3
1.983500E-7	1.820872E-3
1.984000E-7	1.754067E-3
1.984500E-7	1.742077E-3
1.985000E-7	1.788326E-3
1.985500E-7	1.868834E-3
1.986000E-7	1.963046E-3
1.986500E-7	2.065823E-3
1.987000E-7	2.170313E-3
1.987500E-7	2.286794E-3
1.988000E-7	2.413552E-3
1.988500E-7	2.518042E-3
1.989000E-7	2.591699E-3
1.989500E-7	2.660217E-3
1.990000E-7	2.754429E-3
1.990500E-7	2.831512E-3
1.991000E-7	2.853780E-3
1.991500E-7	2.843503E-3
1.992000E-7	2.846928E-3
1.992500E-7	2.848641E-3
1.993000E-7	2.792114E-3
1.993500E-7	2.696189E-3
1.994000E-7	2.591699E-3
1.994500E-7	2.488922E-3
1.995000E-7	2.369016E-3
1.995500E-7	2.242258E-3
1.996000E-7	2.125777E-3
1.996500E-7	2.040130E-3
1.997000E-7	1.971612E-3
1.997500E-7	1.932214E-3
1.998000E-7	1.968186E-3
1.998500E-7	2.058972E-3
1.999000E-7	2.137768E-3
1.999500E-7	2.177165E-3
2.000000E-7	2.242257E-3
