Study Name	Tungsten_Kyocera
Sample Name	2024-02-05
Run Name	spot03
Operator	Angus+Samantha
Date	2/5/2024
Time	16:26
Sign	FIX
Grating Spacing	03.40um
Channel	3
Number Traces	10000
Files in Batch	1
Batch Number	55
dt	50.000001E-12
time stamp (ms)	5:23:09 PM
	
Time	Amplitude
0.000000E+0	2.775041E-4
5.000000E-11	3.049114E-4
1.000000E-10	3.391705E-4
1.500000E-10	3.563000E-4
2.000000E-10	3.888461E-4
2.500000E-10	4.385215E-4
3.000000E-10	4.659287E-4
3.500000E-10	4.505122E-4
4.000000E-10	4.248179E-4
4.500000E-10	4.008366E-4
5.000000E-10	3.665776E-4
5.500000E-10	3.117633E-4
6.000000E-10	2.535230E-4
6.500000E-10	2.106991E-4
7.000000E-10	2.158378E-4
7.500000E-10	2.535225E-4
8.000000E-10	3.100496E-4
8.500000E-10	3.785673E-4
9.000000E-10	4.710663E-4
9.500000E-10	5.635654E-4
1.000000E-9	6.457868E-4
1.050000E-9	7.074529E-4
1.100000E-9	7.382860E-4
1.150000E-9	7.502767E-4
1.200000E-9	7.982394E-4
1.250000E-9	8.342114E-4
1.300000E-9	8.085174E-4
1.350000E-9	7.759717E-4
1.400000E-9	7.931013E-4
1.450000E-9	8.016662E-4
1.500000E-9	7.793979E-4
1.550000E-9	7.793980E-4
1.600000E-9	8.102311E-4
1.650000E-9	8.256475E-4
1.700000E-9	8.307863E-4
1.750000E-9	8.496286E-4
1.800000E-9	8.599062E-4
1.850000E-9	8.359249E-4
1.900000E-9	8.068047E-4
1.950000E-9	7.896752E-4
2.000000E-9	7.742587E-4
2.050000E-9	7.571292E-4
2.100000E-9	7.502773E-4
2.150000E-9	7.262961E-4
2.200000E-9	6.971760E-4
2.250000E-9	6.988889E-4
2.300000E-9	7.331478E-4
2.350000E-9	7.708326E-4
2.400000E-9	8.016656E-4
2.450000E-9	8.393504E-4
2.500000E-9	8.873129E-4
2.550000E-9	9.404143E-4
2.600000E-9	9.986544E-4
2.650000E-9	1.034626E-3
2.700000E-9	1.039765E-3
2.750000E-9	1.024349E-3
2.800000E-9	1.017497E-3
2.850000E-9	9.798124E-4
2.900000E-9	8.958781E-4
2.950000E-9	7.828237E-4
3.000000E-9	6.749080E-4
3.050000E-9	5.687053E-4
3.100000E-9	4.744932E-4
3.150000E-9	3.974105E-4
3.200000E-9	3.717162E-4
3.250000E-9	3.939844E-4
3.300000E-9	4.487986E-4
3.350000E-9	5.361587E-4
3.400000E-9	6.714813E-4
3.450000E-9	8.050910E-4
3.500000E-9	8.873123E-4
3.550000E-9	9.438394E-4
3.600000E-9	1.005505E-3
3.650000E-9	1.050042E-3
3.700000E-9	1.065459E-3
3.750000E-9	1.056894E-3
3.800000E-9	1.017496E-3
3.850000E-9	9.558305E-4
3.900000E-9	9.130070E-4
3.950000E-9	8.753224E-4
4.000000E-9	8.462025E-4
4.050000E-9	8.496285E-4
4.100000E-9	8.804616E-4
4.150000E-9	9.215724E-4
4.200000E-9	9.815255E-4
4.250000E-9	1.048331E-3
4.300000E-9	1.094580E-3
4.350000E-9	1.130552E-3
4.400000E-9	1.163098E-3
4.450000E-9	1.133978E-3
4.500000E-9	1.055183E-3
4.550000E-9	9.952295E-4
4.600000E-9	9.352764E-4
4.650000E-9	8.205090E-4
4.700000E-9	6.920379E-4
4.750000E-9	5.961127E-4
4.800000E-9	5.156040E-4
4.850000E-9	4.265305E-4
4.900000E-9	3.631512E-4
4.950000E-9	3.151884E-4
5.000000E-9	2.586609E-4
5.050000E-9	2.021334E-4
5.100000E-9	1.593096E-4
5.150000E-9	1.044953E-4
5.200000E-9	4.111631E-5
5.250000E-9	1.199627E-5
5.300000E-9	-5.133052E-6
5.350000E-9	-5.138242E-5
5.400000E-9	-6.508584E-5
5.450000E-9	-2.397496E-5
5.500000E-9	2.398775E-5
5.550000E-9	8.907994E-5
5.600000E-9	2.261159E-4
5.650000E-9	3.751424E-4
5.700000E-9	4.779193E-4
5.750000E-9	5.892609E-4
5.800000E-9	7.331484E-4
5.850000E-9	8.479158E-4
5.900000E-9	9.164336E-4
5.950000E-9	9.849513E-4
6.000000E-9	1.031201E-3
6.050000E-9	1.039765E-3
6.100000E-9	1.024349E-3
6.150000E-9	9.780989E-4
6.200000E-9	8.873125E-4
6.250000E-9	7.793967E-4
6.300000E-9	6.731939E-4
6.350000E-9	5.755558E-4
6.400000E-9	4.813437E-4
6.450000E-9	3.974093E-4
6.500000E-9	3.203267E-4
6.550000E-9	2.569478E-4
6.600000E-9	2.158371E-4
6.650000E-9	1.987078E-4
6.700000E-9	1.987079E-4
6.750000E-9	2.192634E-4
6.800000E-9	2.569484E-4
6.850000E-9	2.980593E-4
6.900000E-9	3.494478E-4
6.950000E-9	4.299564E-4
7.000000E-9	5.207427E-4
7.050000E-9	6.132419E-4
7.100000E-9	7.108799E-4
7.150000E-9	8.273603E-4
7.200000E-9	9.352759E-4
7.250000E-9	1.020923E-3
7.300000E-9	1.098006E-3
7.350000E-9	1.149394E-3
7.400000E-9	1.171662E-3
7.450000E-9	1.192217E-3
7.500000E-9	1.211059E-3
7.550000E-9	1.166522E-3
7.600000E-9	1.055181E-3
7.650000E-9	9.404133E-4
7.700000E-9	8.564788E-4
7.750000E-9	7.622668E-4
7.800000E-9	6.269440E-4
7.850000E-9	5.087507E-4
7.900000E-9	4.419459E-4
7.950000E-9	3.871318E-4
8.000000E-9	3.443083E-4
8.050000E-9	3.528732E-4
8.100000E-9	3.956970E-4
8.150000E-9	4.265303E-4
8.200000E-9	4.642153E-4
8.250000E-9	5.412980E-4
8.300000E-9	6.149547E-4
8.350000E-9	6.492137E-4
8.400000E-9	6.783338E-4
8.450000E-9	6.988892E-4
8.500000E-9	6.868984E-4
8.550000E-9	6.594912E-4
8.600000E-9	6.269452E-4
8.650000E-9	5.909733E-4
8.700000E-9	5.584273E-4
8.750000E-9	5.498626E-4
8.800000E-9	5.635662E-4
8.850000E-9	5.721309E-4
8.900000E-9	5.738438E-4
8.950000E-9	5.772697E-4
9.000000E-9	5.961120E-4
9.050000E-9	5.892601E-4
9.100000E-9	5.361586E-4
9.150000E-9	4.744924E-4
9.200000E-9	4.282428E-4
9.250000E-9	3.597248E-4
9.300000E-9	2.723645E-4
9.350000E-9	2.021336E-4
9.400000E-9	1.404675E-4
9.450000E-9	1.027828E-4
9.500000E-9	1.370418E-4
9.550000E-9	2.261152E-4
9.600000E-9	3.357441E-4
9.650000E-9	5.053260E-4
9.700000E-9	7.297222E-4
9.750000E-9	9.369889E-4
9.800000E-9	1.106571E-3
9.850000E-9	1.281291E-3
9.900000E-9	1.416614E-3
9.950000E-9	1.483419E-3
1.000000E-8	1.521104E-3
1.005000E-8	1.524530E-3
1.010000E-8	1.449160E-3
1.015000E-8	1.344670E-3
1.020000E-8	1.288143E-3
1.025000E-8	1.223051E-3
1.030000E-8	1.103144E-3
1.035000E-8	9.866638E-4
1.040000E-8	9.044423E-4
1.045000E-8	8.479150E-4
1.050000E-8	8.239337E-4
1.055000E-8	8.256466E-4
1.060000E-8	8.496278E-4
1.065000E-8	8.838867E-4
1.070000E-8	9.095808E-4
1.075000E-8	8.958772E-4
1.080000E-8	8.958771E-4
1.085000E-8	9.421266E-4
1.090000E-8	9.438395E-4
1.095000E-8	9.061547E-4
1.100000E-8	9.095805E-4
1.105000E-8	9.387005E-4
1.110000E-8	9.027286E-4
1.115000E-8	8.410625E-4
1.120000E-8	8.290718E-4
1.125000E-8	8.290717E-4
1.130000E-8	8.170810E-4
1.135000E-8	8.205068E-4
1.140000E-8	8.427750E-4
1.145000E-8	9.061540E-4
1.150000E-8	1.053467E-3
1.155000E-8	1.286428E-3
1.160000E-8	1.622165E-3
1.165000E-8	2.166882E-3
1.170000E-8	2.978818E-3
1.175000E-8	4.076817E-3
1.180000E-8	5.551663E-3
1.185000E-8	7.507846E-3
1.190000E-8	9.955645E-3
1.195000E-8	1.291390E-2
1.200000E-8	1.646141E-2
1.205000E-8	2.058961E-2
1.210000E-8	2.523683E-2
1.215000E-8	3.034998E-2
1.220000E-8	3.587080E-2
1.225000E-8	4.165885E-2
1.230000E-8	4.754968E-2
1.235000E-8	5.337027E-2
1.240000E-8	5.895790E-2
1.245000E-8	6.417897E-2
1.250000E-8	6.888443E-2
1.255000E-8	7.290472E-2
1.260000E-8	7.616789E-2
1.265000E-8	7.862940E-2
1.270000E-8	8.021730E-2
1.275000E-8	8.091276E-2
1.280000E-8	8.079971E-2
1.285000E-8	7.990555E-2
1.290000E-8	7.824057E-2
1.295000E-8	7.592467E-2
1.300000E-8	7.311373E-2
1.305000E-8	6.988825E-2
1.310000E-8	6.636986E-2
1.315000E-8	6.278980E-2
1.320000E-8	5.931252E-2
1.325000E-8	5.605621E-2
1.330000E-8	5.315276E-2
1.335000E-8	5.072723E-2
1.340000E-8	4.882757E-2
1.345000E-8	4.747434E-2
1.350000E-8	4.672749E-2
1.355000E-8	4.657846E-2
1.360000E-8	4.694332E-2
1.365000E-8	4.780835E-2
1.370000E-8	4.908449E-2
1.375000E-8	5.065526E-2
1.380000E-8	5.240075E-2
1.385000E-8	5.422333E-2
1.390000E-8	5.595341E-2
1.395000E-8	5.747964E-2
1.400000E-8	5.873866E-2
1.405000E-8	5.962425E-2
1.410000E-8	6.002508E-2
1.415000E-8	5.993773E-2
1.420000E-8	5.938445E-2
1.425000E-8	5.833955E-2
1.430000E-8	5.680133E-2
1.435000E-8	5.486570E-2
1.440000E-8	5.261489E-2
1.445000E-8	5.014825E-2
1.450000E-8	4.757198E-2
1.455000E-8	4.501797E-2
1.460000E-8	4.259929E-2
1.465000E-8	4.039987E-2
1.470000E-8	3.852248E-2
1.475000E-8	3.704249E-2
1.480000E-8	3.603014E-2
1.485000E-8	3.553167E-2
1.490000E-8	3.558648E-2
1.495000E-8	3.615175E-2
1.500000E-8	3.714183E-2
1.505000E-8	3.849677E-2
1.510000E-8	4.015147E-2
1.515000E-8	4.194835E-2
1.520000E-8	4.375037E-2
1.525000E-8	4.550101E-2
1.530000E-8	4.710261E-2
1.535000E-8	4.837876E-2
1.540000E-8	4.923181E-2
1.545000E-8	4.966347E-2
1.550000E-8	4.960694E-2
1.555000E-8	4.899371E-2
1.560000E-8	4.789058E-2
1.565000E-8	4.640031E-2
1.570000E-8	4.453663E-2
1.575000E-8	4.235434E-2
1.580000E-8	3.998191E-2
1.585000E-8	3.752897E-2
1.590000E-8	3.508459E-2
1.595000E-8	3.277383E-2
1.600000E-8	3.073714E-2
1.605000E-8	2.905502E-2
1.610000E-8	2.778230E-2
1.615000E-8	2.699092E-2
1.620000E-8	2.673055E-2
1.625000E-8	2.698920E-2
1.630000E-8	2.772748E-2
1.635000E-8	2.890256E-2
1.640000E-8	3.045620E-2
1.645000E-8	3.228562E-2
1.650000E-8	3.423495E-2
1.655000E-8	3.615859E-2
1.660000E-8	3.799144E-2
1.665000E-8	3.964444E-2
1.670000E-8	4.095142E-2
1.675000E-8	4.179248E-2
1.680000E-8	4.217104E-2
1.685000E-8	4.206998E-2
1.690000E-8	4.144304E-2
1.695000E-8	4.029537E-2
1.700000E-8	3.871775E-2
1.705000E-8	3.678041E-2
1.710000E-8	3.455872E-2
1.715000E-8	3.215203E-2
1.720000E-8	2.966826E-2
1.725000E-8	2.723759E-2
1.730000E-8	2.499534E-2
1.735000E-8	2.304943E-2
1.740000E-8	2.149750E-2
1.745000E-8	2.045603E-2
1.750000E-8	1.997297E-2
1.755000E-8	2.003121E-2
1.760000E-8	2.062046E-2
1.765000E-8	2.170133E-2
1.770000E-8	2.319159E-2
1.775000E-8	2.500046E-2
1.780000E-8	2.703030E-2
1.785000E-8	2.913551E-2
1.790000E-8	3.116535E-2
1.795000E-8	3.299649E-2
1.800000E-8	3.453472E-2
1.805000E-8	3.566869E-2
1.810000E-8	3.633674E-2
1.815000E-8	3.651489E-2
1.820000E-8	3.618429E-2
1.825000E-8	3.536208E-2
1.830000E-8	3.411163E-2
1.835000E-8	3.251174E-2
1.840000E-8	3.062579E-2
1.845000E-8	2.854970E-2
1.850000E-8	2.637255E-2
1.855000E-8	2.420567E-2
1.860000E-8	2.217069E-2
1.865000E-8	2.034983E-2
1.870000E-8	1.878591E-2
1.875000E-8	1.755087E-2
1.880000E-8	1.672523E-2
1.885000E-8	1.636037E-2
1.890000E-8	1.645115E-2
1.895000E-8	1.697702E-2
1.900000E-8	1.791400E-2
1.905000E-8	1.920899E-2
1.910000E-8	2.080888E-2
1.915000E-8	2.263831E-2
1.920000E-8	2.459278E-2
1.925000E-8	2.655410E-2
1.930000E-8	2.840580E-2
1.935000E-8	3.003138E-2
1.940000E-8	3.131781E-2
1.945000E-8	3.218627E-2
1.950000E-8	3.258025E-2
1.955000E-8	3.245864E-2
1.960000E-8	3.181800E-2
1.965000E-8	3.068574E-2
1.970000E-8	2.909270E-2
1.975000E-8	2.711083E-2
1.980000E-8	2.487543E-2
1.985000E-8	2.249958E-2
1.990000E-8	2.007062E-2
1.995000E-8	1.774786E-2
2.000000E-8	1.570260E-2
2.005000E-8	1.400336E-2
2.010000E-8	1.270152E-2
2.015000E-8	1.190500E-2
2.020000E-8	1.167717E-2
2.025000E-8	1.198379E-2
2.030000E-8	1.282141E-2
2.035000E-8	1.416094E-2
2.040000E-8	1.587045E-2
2.045000E-8	1.782835E-2
2.050000E-8	1.995412E-2
2.055000E-8	2.212099E-2
2.060000E-8	2.415597E-2
2.065000E-8	2.596656E-2
2.070000E-8	2.746539E-2
2.075000E-8	2.852228E-2
2.080000E-8	2.906700E-2
2.085000E-8	2.911325E-2
2.090000E-8	2.865247E-2
2.095000E-8	2.767438E-2
2.100000E-8	2.622009E-2
2.105000E-8	2.439238E-2
2.110000E-8	2.229573E-2
2.115000E-8	2.002779E-2
2.120000E-8	1.770504E-2
2.125000E-8	1.543881E-2
2.130000E-8	1.335929E-2
2.135000E-8	1.157954E-2
2.140000E-8	1.017663E-2
2.145000E-8	9.203679E-3
2.150000E-8	8.727478E-3
2.155000E-8	8.799419E-3
2.160000E-8	9.410939E-3
2.165000E-8	1.050380E-2
2.170000E-8	1.200262E-2
2.175000E-8	1.381834E-2
2.180000E-8	1.584647E-2
2.185000E-8	1.794997E-2
2.190000E-8	1.999865E-2
2.195000E-8	2.188461E-2
2.200000E-8	2.351191E-2
2.205000E-8	2.477264E-2
2.210000E-8	2.559485E-2
2.215000E-8	2.592888E-2
2.220000E-8	2.575930E-2
2.225000E-8	2.508440E-2
2.230000E-8	2.395215E-2
2.235000E-8	2.240536E-2
2.240000E-8	2.051598E-2
2.245000E-8	1.840734E-2
2.250000E-8	1.622163E-2
2.255000E-8	1.405475E-2
2.260000E-8	1.200264E-2
2.265000E-8	1.017321E-2
2.270000E-8	8.676095E-3
2.275000E-8	7.555826E-3
2.280000E-8	6.865507E-3
2.285000E-8	6.654812E-3
2.290000E-8	6.923742E-3
2.295000E-8	7.651742E-3
2.300000E-8	8.790850E-3
2.305000E-8	1.028968E-2
2.310000E-8	1.206257E-2
2.315000E-8	1.398964E-2
2.320000E-8	1.597152E-2
2.325000E-8	1.791571E-2
2.330000E-8	1.969718E-2
2.335000E-8	2.117887E-2
2.340000E-8	2.228887E-2
2.345000E-8	2.296548E-2
2.350000E-8	2.315391E-2
2.355000E-8	2.284215E-2
2.360000E-8	2.207133E-2
2.365000E-8	2.086713E-2
2.370000E-8	1.927409E-2
2.375000E-8	1.740184E-2
2.380000E-8	1.534802E-2
2.385000E-8	1.319827E-2
2.390000E-8	1.106566E-2
2.395000E-8	9.085490E-3
2.400000E-8	7.365691E-3
2.405000E-8	5.993620E-3
2.410000E-8	5.068627E-3
2.415000E-8	4.621546E-3
2.420000E-8	4.671219E-3
2.425000E-8	5.190239E-3
2.430000E-8	6.146061E-3
2.435000E-8	7.473593E-3
2.440000E-8	9.109455E-3
2.445000E-8	1.095430E-2
2.450000E-8	1.288136E-2
2.455000E-8	1.477931E-2
2.460000E-8	1.654535E-2
2.465000E-8	1.807330E-2
2.470000E-8	1.928436E-2
2.475000E-8	2.012370E-2
2.480000E-8	2.055023E-2
2.485000E-8	2.055366E-2
2.490000E-8	2.013056E-2
2.495000E-8	1.930492E-2
2.500000E-8	1.812128E-2
2.505000E-8	1.663616E-2
2.510000E-8	1.492150E-2
2.515000E-8	1.306809E-2
2.520000E-8	1.116672E-2
2.525000E-8	9.292756E-3
2.530000E-8	7.543838E-3
2.535000E-8	6.046721E-3
2.540000E-8	4.880203E-3
2.545000E-8	4.069978E-3
2.550000E-8	3.669146E-3
2.555000E-8	3.729097E-3
2.560000E-8	4.232701E-3
2.565000E-8	5.123431E-3
2.570000E-8	6.365316E-3
2.575000E-8	7.896688E-3
2.580000E-8	9.609633E-3
2.585000E-8	1.136883E-2
2.590000E-8	1.308006E-2
2.595000E-8	1.465769E-2
2.600000E-8	1.600749E-2
2.605000E-8	1.705924E-2
2.610000E-8	1.777868E-2
2.615000E-8	1.809215E-2
2.620000E-8	1.797225E-2
2.625000E-8	1.746693E-2
2.630000E-8	1.659847E-2
2.635000E-8	1.536857E-2
2.640000E-8	1.384919E-2
2.645000E-8	1.216879E-2
2.650000E-8	1.040960E-2
2.655000E-8	8.605864E-3
2.660000E-8	6.880927E-3
2.665000E-8	5.359829E-3
2.670000E-8	4.107664E-3
2.675000E-8	3.174107E-3
2.680000E-8	2.641379E-3
2.685000E-8	2.542026E-3
2.690000E-8	2.855493E-3
2.695000E-8	3.556086E-3
2.700000E-8	4.636954E-3
2.705000E-8	6.022726E-3
2.710000E-8	7.617478E-3
2.715000E-8	9.342414E-3
2.720000E-8	1.107934E-2
2.725000E-8	1.270150E-2
2.730000E-8	1.416607E-2
2.735000E-8	1.540453E-2
2.740000E-8	1.630041E-2
2.745000E-8	1.681943E-2
2.750000E-8	1.697017E-2
2.755000E-8	1.669781E-2
2.760000E-8	1.598181E-2
2.765000E-8	1.493520E-2
2.770000E-8	1.361280E-2
2.775000E-8	1.200435E-2
2.780000E-8	1.020918E-2
2.785000E-8	8.390033E-3
2.790000E-8	6.596578E-3
2.795000E-8	4.897335E-3
2.800000E-8	3.422487E-3
2.805000E-8	2.267959E-3
2.810000E-8	1.449169E-3
2.815000E-8	1.014079E-3
2.820000E-8	1.012364E-3
2.825000E-8	1.457728E-3
2.830000E-8	2.317626E-3
2.835000E-8	3.545807E-3
2.840000E-8	5.054911E-3
2.845000E-8	6.738736E-3
2.850000E-8	8.520200E-3
2.855000E-8	1.030509E-2
2.860000E-8	1.198378E-2
2.865000E-8	1.344835E-2
2.870000E-8	1.463200E-2
2.875000E-8	1.548504E-2
2.880000E-8	1.597152E-2
2.885000E-8	1.605032E-2
2.890000E-8	1.569232E-2
2.895000E-8	1.493006E-2
2.900000E-8	1.382007E-2
2.905000E-8	1.242059E-2
2.910000E-8	1.080529E-2
2.915000E-8	9.058080E-3
2.920000E-8	7.268052E-3
2.925000E-8	5.532837E-3
2.930000E-8	3.941509E-3
2.935000E-8	2.571150E-3
2.940000E-8	1.481715E-3
2.945000E-8	7.588501E-4
2.950000E-8	4.539440E-4
2.955000E-8	5.772744E-4
2.960000E-8	1.132267E-3
2.965000E-8	2.077812E-3
2.970000E-8	3.336827E-3
2.975000E-8	4.823663E-3
2.980000E-8	6.468091E-3
2.985000E-8	8.201592E-3
2.990000E-8	9.895697E-3
2.995000E-8	1.142536E-2
3.000000E-8	1.269294E-2
3.005000E-8	1.365733E-2
3.010000E-8	1.426029E-2
3.015000E-8	1.444700E-2
3.020000E-8	1.418663E-2
3.025000E-8	1.351859E-2
3.030000E-8	1.248739E-2
3.035000E-8	1.114273E-2
3.040000E-8	9.575389E-3
3.045000E-8	7.906980E-3
3.050000E-8	6.199172E-3
3.055000E-8	4.523911E-3
3.060000E-8	3.004527E-3
3.065000E-8	1.733520E-3
3.070000E-8	7.143161E-4
3.075000E-8	-5.122707E-6
3.080000E-8	-3.408617E-4
3.085000E-8	-2.843360E-4
3.090000E-8	1.182049E-4
3.095000E-8	8.736128E-4
3.100000E-8	1.971610E-3
3.105000E-8	3.312846E-3
3.110000E-8	4.823664E-3
3.115000E-8	6.457815E-3
3.120000E-8	8.121086E-3
3.125000E-8	9.700422E-3
3.130000E-8	1.111874E-2
3.135000E-8	1.228183E-2
3.140000E-8	1.310576E-2
3.145000E-8	1.358710E-2
3.150000E-8	1.370872E-2
3.155000E-8	1.340724E-2
3.160000E-8	1.272035E-2
3.165000E-8	1.173541E-2
3.170000E-8	1.046269E-2
3.175000E-8	8.958728E-3
3.180000E-8	7.358836E-3
3.185000E-8	5.748667E-3
3.190000E-8	4.159053E-3
3.195000E-8	2.713326E-3
3.200000E-8	1.534818E-3
3.205000E-8	6.577891E-4
3.210000E-8	1.079321E-4
3.215000E-8	-5.993791E-5
3.220000E-8	1.404754E-4
3.225000E-8	6.697743E-4
3.230000E-8	1.512542E-3
3.235000E-8	2.591697E-3
3.240000E-8	3.819878E-3
3.245000E-8	5.176531E-3
3.250000E-8	6.617118E-3
3.255000E-8	8.016595E-3
3.260000E-8	9.313296E-3
3.265000E-8	1.046953E-2
3.270000E-8	1.139110E-2
3.275000E-8	1.202661E-2
3.280000E-8	1.238290E-2
3.285000E-8	1.240517E-2
3.290000E-8	1.207115E-2
3.295000E-8	1.144592E-2
3.300000E-8	1.055690E-2
3.305000E-8	9.392102E-3
3.310000E-8	8.037163E-3
3.315000E-8	6.588011E-3
3.320000E-8	5.068627E-3
3.325000E-8	3.552670E-3
3.330000E-8	2.199441E-3
3.335000E-8	1.089451E-3
3.340000E-8	2.483935E-4
3.345000E-8	-2.517883E-4
3.350000E-8	-3.716960E-4
3.355000E-8	-1.301721E-4
3.360000E-8	4.744965E-4
3.365000E-8	1.406338E-3
3.370000E-8	2.547159E-3
3.375000E-8	3.818164E-3
3.380000E-8	5.217641E-3
3.385000E-8	6.658228E-3
3.390000E-8	8.002891E-3
3.395000E-8	9.200241E-3
3.400000E-8	1.019204E-2
3.405000E-8	1.088064E-2
3.410000E-8	1.124893E-2
3.415000E-8	1.133115E-2
3.420000E-8	1.112217E-2
3.425000E-8	1.063056E-2
3.430000E-8	9.912836E-3
3.435000E-8	8.994698E-3
3.440000E-8	7.888135E-3
3.445000E-8	6.675370E-3
3.450000E-8	5.431772E-3
3.455000E-8	4.186460E-3
3.460000E-8	3.006239E-3
3.465000E-8	1.980184E-3
3.470000E-8	1.118571E-3
3.475000E-8	4.573722E-4
3.480000E-8	6.339305E-5
3.485000E-8	-4.794996E-5
3.490000E-8	1.130655E-4
3.495000E-8	5.669949E-4
3.500000E-8	1.317264E-3
3.505000E-8	2.295355E-3
3.510000E-8	3.446455E-3
3.515000E-8	4.726025E-3
3.520000E-8	6.055272E-3
3.525000E-8	7.358824E-3
3.530000E-8	8.557888E-3
3.535000E-8	9.577092E-3
3.540000E-8	1.034963E-2
3.545000E-8	1.082241E-2
3.550000E-8	1.096629E-2
3.555000E-8	1.079671E-2
3.560000E-8	1.034107E-2
3.565000E-8	9.589090E-3
3.570000E-8	8.533916E-3
3.575000E-8	7.276614E-3
3.580000E-8	5.931952E-3
3.585000E-8	4.559882E-3
3.590000E-8	3.220358E-3
3.595000E-8	1.999027E-3
3.600000E-8	9.524157E-4
3.605000E-8	1.284876E-4
3.610000E-8	-4.128046E-4
3.615000E-8	-6.423407E-4
3.620000E-8	-5.738242E-4
3.625000E-8	-2.260975E-4
3.630000E-8	4.076913E-4
3.635000E-8	1.294996E-3
3.640000E-8	2.379290E-3
3.645000E-8	3.610898E-3
3.650000E-8	4.917876E-3
3.655000E-8	6.206011E-3
3.660000E-8	7.406787E-3
3.665000E-8	8.461963E-3
3.670000E-8	9.249919E-3
3.675000E-8	9.746674E-3
3.680000E-8	9.979636E-3
3.685000E-8	9.900842E-3
3.690000E-8	9.462329E-3
3.695000E-8	8.746319E-3
3.700000E-8	7.845310E-3
3.705000E-8	6.750738E-3
3.710000E-8	5.512279E-3
3.715000E-8	4.263541E-3
3.720000E-8	3.069618E-3
3.725000E-8	1.961341E-3
3.730000E-8	1.003804E-3
3.735000E-8	2.483940E-4
3.740000E-8	-2.911851E-4
3.745000E-8	-5.841000E-4
3.750000E-8	-6.097955E-4
3.755000E-8	-3.802620E-4
3.760000E-8	1.079265E-4
3.765000E-8	8.273629E-4
3.770000E-8	1.699252E-3
3.775000E-8	2.697898E-3
3.780000E-8	3.801035E-3
3.785000E-8	4.917876E-3
3.790000E-8	5.988467E-3
3.795000E-8	6.975125E-3
3.800000E-8	7.843589E-3
3.805000E-8	8.573305E-3
3.810000E-8	9.121448E-3
3.815000E-8	9.397234E-3
3.820000E-8	9.369828E-3
3.825000E-8	9.142007E-3
3.830000E-8	8.724050E-3
3.835000E-8	8.013178E-3
3.840000E-8	7.069345E-3
3.845000E-8	6.014171E-3
3.850000E-8	4.851081E-3
3.855000E-8	3.593779E-3
3.860000E-8	2.386152E-3
3.865000E-8	1.301856E-3
3.870000E-8	3.426059E-4
3.875000E-8	-3.905358E-4
3.880000E-8	-7.845143E-4
3.885000E-8	-8.838662E-4
3.890000E-8	-7.331280E-4
3.895000E-8	-2.620689E-4
3.900000E-8	5.019040E-4
3.905000E-8	1.473144E-3
3.910000E-8	2.639659E-3
3.915000E-8	3.929507E-3
3.920000E-8	5.193661E-3
3.925000E-8	6.361890E-3
3.930000E-8	7.429056E-3
3.935000E-8	8.300946E-3
3.940000E-8	8.902191E-3
3.945000E-8	9.231078E-3
3.950000E-8	9.261912E-3
3.955000E-8	9.004972E-3
3.960000E-8	8.528774E-3
3.965000E-8	7.829893E-3
3.970000E-8	6.892912E-3
3.975000E-8	5.829173E-3
3.980000E-8	4.738027E-3
3.985000E-8	3.586927E-3
3.990000E-8	2.425549E-3
3.995000E-8	1.397781E-3
4.000000E-8	5.481589E-4
4.005000E-8	-1.353075E-4
4.010000E-8	-5.755357E-4
4.015000E-8	-7.279890E-4
4.020000E-8	-6.269262E-4
4.025000E-8	-2.706344E-4
4.030000E-8	3.494513E-4
4.035000E-8	1.193933E-3
4.040000E-8	2.218274E-3
4.045000E-8	3.376226E-3
4.050000E-8	4.583853E-3
4.055000E-8	5.758934E-3
4.060000E-8	6.851794E-3
4.065000E-8	7.776786E-3
4.070000E-8	8.496224E-3
4.075000E-8	9.006683E-3
4.080000E-8	9.258487E-3
4.085000E-8	9.201961E-3
4.090000E-8	8.885067E-3
4.095000E-8	8.335212E-3
4.100000E-8	7.552397E-3
4.105000E-8	6.593147E-3
4.110000E-8	5.534547E-3
4.115000E-8	4.397151E-3
4.120000E-8	3.252903E-3
4.125000E-8	2.182311E-3
4.130000E-8	1.223060E-3
4.135000E-8	4.128356E-4
4.140000E-8	-1.849837E-4
4.145000E-8	-5.395647E-4
4.150000E-8	-6.766016E-4
4.155000E-8	-5.549836E-4
4.160000E-8	-1.404516E-4
4.165000E-8	5.019024E-4
4.170000E-8	1.294996E-3
4.175000E-8	2.206283E-3
4.180000E-8	3.194653E-3
4.185000E-8	4.186449E-3
4.190000E-8	5.120005E-3
4.195000E-8	5.952497E-3
4.200000E-8	6.656519E-3
4.205000E-8	7.208088E-3
4.210000E-8	7.550678E-3
4.215000E-8	7.656882E-3
4.220000E-8	7.559245E-3
4.225000E-8	7.280036E-3
4.230000E-8	6.793560E-3
4.235000E-8	6.128938E-3
4.240000E-8	5.352974E-3
4.245000E-8	4.498214E-3
4.250000E-8	3.586927E-3
4.255000E-8	2.689343E-3
4.260000E-8	1.868842E-3
4.265000E-8	1.123710E-3
4.270000E-8	4.950581E-4
4.275000E-8	3.770057E-5
4.280000E-8	-2.226683E-4
4.285000E-8	-2.791967E-4
4.290000E-8	-1.233197E-4
4.295000E-8	2.501014E-4
4.300000E-8	8.222244E-4
4.305000E-8	1.593049E-3
4.310000E-8	2.500910E-3
4.315000E-8	3.463586E-3
4.320000E-8	4.424548E-3
4.325000E-8	5.370095E-3
4.330000E-8	6.236846E-3
4.335000E-8	6.949432E-3
4.340000E-8	7.478734E-3
4.345000E-8	7.783639E-3
4.350000E-8	7.840167E-3
4.355000E-8	7.650031E-3
4.360000E-8	7.228647E-3
4.365000E-8	6.594858E-3
4.370000E-8	5.791487E-3
4.375000E-8	4.881913E-3
4.380000E-8	3.888405E-3
4.385000E-8	2.874340E-3
4.390000E-8	1.923655E-3
4.395000E-8	1.075746E-3
4.400000E-8	3.871415E-4
4.405000E-8	-7.878067E-5
4.410000E-8	-3.254458E-4
4.415000E-8	-3.802609E-4
4.420000E-8	-1.918378E-4
4.425000E-8	2.501014E-4
4.430000E-8	8.444929E-4
4.435000E-8	1.548513E-3
4.440000E-8	2.355310E-3
4.445000E-8	3.215209E-3
4.450000E-8	4.066543E-3
4.455000E-8	4.888757E-3
4.460000E-8	5.637315E-3
4.465000E-8	6.262541E-3
4.470000E-8	6.738741E-3
4.475000E-8	7.053924E-3
4.480000E-8	7.177257E-3
4.485000E-8	7.096749E-3
4.490000E-8	6.820966E-3
4.495000E-8	6.370462E-3
4.500000E-8	5.764079E-3
4.505000E-8	5.036078E-3
4.510000E-8	4.222429E-3
4.515000E-8	3.388224E-3
4.520000E-8	2.571149E-3
4.525000E-8	1.781480E-3
4.530000E-8	1.087737E-3
4.535000E-8	5.567230E-4
4.540000E-8	2.158462E-4
4.545000E-8	5.311567E-5
4.550000E-8	9.936463E-5
4.555000E-8	3.614448E-4
4.560000E-8	8.307915E-4
4.565000E-8	1.456016E-3
4.570000E-8	2.166888E-3
4.575000E-8	2.936001E-3
4.580000E-8	3.735946E-3
4.585000E-8	4.498207E-3
4.590000E-8	5.178247E-3
4.595000E-8	5.769213E-3
4.600000E-8	6.241987E-3
4.605000E-8	6.533188E-3
4.610000E-8	6.646243E-3
4.615000E-8	6.617123E-3
4.620000E-8	6.449255E-3
4.625000E-8	6.146065E-3
4.630000E-8	5.752088E-3
4.635000E-8	5.272464E-3
4.640000E-8	4.693488E-3
4.645000E-8	4.047708E-3
4.650000E-8	3.400214E-3
4.655000E-8	2.781841E-3
4.660000E-8	2.190874E-3
4.665000E-8	1.653009E-3
4.670000E-8	1.188799E-3
4.675000E-8	8.325060E-4
4.680000E-8	6.029706E-4
4.685000E-8	5.327391E-4
4.690000E-8	6.355153E-4
4.695000E-8	9.387063E-4
4.700000E-8	1.428608E-3
4.705000E-8	2.072676E-3
4.710000E-8	2.833224E-3
4.715000E-8	3.681132E-3
4.720000E-8	4.566726E-3
4.725000E-8	5.414634E-3
4.730000E-8	6.175183E-3
4.735000E-8	6.786705E-3
4.740000E-8	7.190960E-3
4.745000E-8	7.333135E-3
4.750000E-8	7.220081E-3
4.755000E-8	6.880918E-3
4.760000E-8	6.346479E-3
4.765000E-8	5.639033E-3
4.770000E-8	4.797977E-3
4.775000E-8	3.883264E-3
4.780000E-8	2.990819E-3
4.785000E-8	2.168605E-3
4.790000E-8	1.454307E-3
4.795000E-8	8.753307E-4
4.800000E-8	4.556587E-4
4.805000E-8	2.072810E-4
4.810000E-8	1.421885E-4
4.815000E-8	2.449646E-4
4.820000E-8	4.813505E-4
4.825000E-8	8.222261E-4
4.830000E-8	1.271017E-3
4.835000E-8	1.803743E-3
4.840000E-8	2.392996E-3
4.845000E-8	3.007943E-3
4.850000E-8	3.610900E-3
4.855000E-8	4.171033E-3
4.860000E-8	4.683204E-3
4.865000E-8	5.120006E-3
4.870000E-8	5.440328E-3
4.875000E-8	5.642456E-3
4.880000E-8	5.722965E-3
4.885000E-8	5.656161E-3
4.890000E-8	5.440331E-3
4.895000E-8	5.101169E-3
4.900000E-8	4.659229E-3
4.905000E-8	4.136781E-3
4.910000E-8	3.561232E-3
4.915000E-8	2.954849E-3
4.920000E-8	2.338188E-3
4.925000E-8	1.767777E-3
4.930000E-8	1.300142E-3
4.935000E-8	9.318583E-4
4.940000E-8	6.612120E-4
4.945000E-8	5.344532E-4
4.950000E-8	5.498688E-4
4.955000E-8	6.869036E-4
4.960000E-8	9.524095E-4
4.965000E-8	1.358377E-3
4.970000E-8	1.877399E-3
4.975000E-8	2.459801E-3
4.980000E-8	3.069609E-3
4.985000E-8	3.670853E-3
4.990000E-8	4.263533E-3
4.995000E-8	4.816815E-3
5.000000E-8	5.282737E-3
5.005000E-8	5.625327E-3
5.010000E-8	5.825742E-3
5.015000E-8	5.860001E-3
5.020000E-8	5.760651E-3
5.025000E-8	5.577367E-3
5.030000E-8	5.289593E-3
5.035000E-8	4.869921E-3
5.040000E-8	4.362890E-3
5.045000E-8	3.838728E-3
5.050000E-8	3.295725E-3
5.055000E-8	2.727027E-3
5.060000E-8	2.185735E-3
5.065000E-8	1.730091E-3
5.070000E-8	1.365233E-3
5.075000E-8	1.094587E-3
5.080000E-8	9.781062E-4
5.085000E-8	1.026068E-3
5.090000E-8	1.195649E-3
5.095000E-8	1.461155E-3
5.100000E-8	1.841429E-3
5.105000E-8	2.317627E-3
5.110000E-8	2.845214E-3
5.115000E-8	3.391644E-3
5.120000E-8	3.915806E-3
5.125000E-8	4.392005E-3
5.130000E-8	4.816816E-3
5.135000E-8	5.162831E-3
5.140000E-8	5.416348E-3
5.145000E-8	5.575652E-3
5.150000E-8	5.616764E-3
5.155000E-8	5.517414E-3
5.160000E-8	5.303296E-3
5.165000E-8	5.013809E-3
5.170000E-8	4.618119E-3
5.175000E-8	4.114513E-3
5.180000E-8	3.562945E-3
5.185000E-8	2.992534E-3
5.190000E-8	2.410132E-3
5.195000E-8	1.829443E-3
5.200000E-8	1.308706E-3
5.205000E-8	8.907469E-4
5.210000E-8	5.909806E-4
5.215000E-8	4.162592E-4
5.220000E-8	3.802866E-4
5.225000E-8	5.413028E-4
5.230000E-8	8.873174E-4
5.235000E-8	1.334396E-3
5.240000E-8	1.873974E-3
5.245000E-8	2.516329E-3
5.250000E-8	3.177526E-3
5.255000E-8	3.785622E-3
5.260000E-8	4.381728E-3
5.265000E-8	4.941861E-3
5.270000E-8	5.349543E-3
5.275000E-8	5.594494E-3
5.280000E-8	5.717827E-3
5.285000E-8	5.678429E-3
5.290000E-8	5.452321E-3
5.295000E-8	5.096028E-3
5.300000E-8	4.619829E-3
5.305000E-8	4.042567E-3
5.310000E-8	3.425906E-3
5.315000E-8	2.817811E-3
5.320000E-8	2.223418E-3
5.325000E-8	1.712961E-3
5.330000E-8	1.332687E-3
5.335000E-8	1.041486E-3
5.340000E-8	8.599135E-4
5.345000E-8	8.547744E-4
5.350000E-8	1.000375E-3
5.355000E-8	1.236761E-3
5.360000E-8	1.594766E-3
5.365000E-8	2.074391E-3
5.370000E-8	2.583135E-3
5.375000E-8	3.078176E-3
5.380000E-8	3.585208E-3
5.385000E-8	4.099092E-3
5.390000E-8	4.563300E-3
5.395000E-8	4.941861E-3
5.400000E-8	5.229636E-3
5.405000E-8	5.411209E-3
5.410000E-8	5.483153E-3
5.415000E-8	5.418062E-3
5.420000E-8	5.224499E-3
5.425000E-8	4.948715E-3
5.430000E-8	4.604413E-3
5.435000E-8	4.174464E-3
5.440000E-8	3.701691E-3
5.445000E-8	3.237483E-3
5.450000E-8	2.754432E-3
5.455000E-8	2.242261E-3
5.460000E-8	1.766062E-3
5.465000E-8	1.392640E-3
5.470000E-8	1.106577E-3
5.475000E-8	9.078752E-4
5.480000E-8	8.393569E-4
5.485000E-8	9.010225E-4
5.490000E-8	1.060326E-3
5.495000E-8	1.315555E-3
5.500000E-8	1.649579E-3
5.505000E-8	2.057260E-3
5.510000E-8	2.542023E-3
5.515000E-8	3.073037E-3
5.520000E-8	3.576643E-3
5.525000E-8	4.037426E-3
5.530000E-8	4.453672E-3
5.535000E-8	4.791122E-3
5.540000E-8	5.008667E-3
5.545000E-8	5.090889E-3
5.550000E-8	5.049779E-3
5.555000E-8	4.900753E-3
5.560000E-8	4.660941E-3
5.565000E-8	4.352611E-3
5.570000E-8	3.982615E-3
5.575000E-8	3.564656E-3
5.580000E-8	3.110725E-3
5.585000E-8	2.636239E-3
5.590000E-8	2.168604E-3
5.595000E-8	1.754071E-3
5.600000E-8	1.423472E-3
5.605000E-8	1.171669E-3
5.610000E-8	1.003799E-3
5.615000E-8	9.352812E-4
5.620000E-8	9.729656E-4
5.625000E-8	1.125417E-3
5.630000E-8	1.360091E-3
5.635000E-8	1.635875E-3
5.640000E-8	1.963047E-3
5.645000E-8	2.345034E-3
5.650000E-8	2.737299E-3
5.655000E-8	3.105583E-3
5.660000E-8	3.465301E-3
5.665000E-8	3.806178E-3
5.670000E-8	4.052842E-3
5.675000E-8	4.183027E-3
5.680000E-8	4.229277E-3
5.685000E-8	4.210434E-3
5.690000E-8	4.099093E-3
5.695000E-8	3.891827E-3
5.700000E-8	3.602340E-3
5.705000E-8	3.252899E-3
5.710000E-8	2.879477E-3
5.715000E-8	2.512907E-3
5.720000E-8	2.151475E-3
5.725000E-8	1.802034E-3
5.730000E-8	1.524537E-3
5.735000E-8	1.356668E-3
5.740000E-8	1.276159E-3
5.745000E-8	1.265881E-3
5.750000E-8	1.361806E-3
5.755000E-8	1.594766E-3
5.760000E-8	1.923651E-3
5.765000E-8	2.283370E-3
5.770000E-8	2.634523E-3
5.775000E-8	2.992529E-3
5.780000E-8	3.359099E-3
5.785000E-8	3.684559E-3
5.790000E-8	3.955204E-3
5.795000E-8	4.181313E-3
5.800000E-8	4.345756E-3
5.805000E-8	4.434829E-3
5.810000E-8	4.475940E-3
5.815000E-8	4.474228E-3
5.820000E-8	4.417701E-3
5.825000E-8	4.321777E-3
5.830000E-8	4.196732E-3
5.835000E-8	3.999744E-3
5.840000E-8	3.735950E-3
5.845000E-8	3.449889E-3
5.850000E-8	3.148410E-3
5.855000E-8	2.822951E-3
5.860000E-8	2.518046E-3
5.865000E-8	2.254252E-3
5.870000E-8	2.038421E-3
5.875000E-8	1.887681E-3
5.880000E-8	1.826015E-3
5.885000E-8	1.846570E-3
5.890000E-8	1.956198E-3
5.895000E-8	2.153186E-3
5.900000E-8	2.440961E-3
5.905000E-8	2.783550E-3
5.910000E-8	3.144981E-3
5.915000E-8	3.492709E-3
5.920000E-8	3.801039E-3
5.925000E-8	4.073398E-3
5.930000E-8	4.272099E-3
5.935000E-8	4.350895E-3
5.940000E-8	4.318349E-3
5.945000E-8	4.215572E-3
5.950000E-8	4.027149E-3
5.955000E-8	3.749651E-3
5.960000E-8	3.439608E-3
5.965000E-8	3.131278E-3
5.970000E-8	2.786976E-3
5.975000E-8	2.432397E-3
5.980000E-8	2.127492E-3
5.985000E-8	1.861986E-3
5.990000E-8	1.632451E-3
5.995000E-8	1.495415E-3
6.000000E-8	1.462869E-3
6.005000E-8	1.476573E-3
6.010000E-8	1.538239E-3
6.015000E-8	1.683839E-3
6.020000E-8	1.875689E-3
6.025000E-8	2.093232E-3
6.030000E-8	2.362165E-3
6.035000E-8	2.627671E-3
6.040000E-8	2.852067E-3
6.045000E-8	3.064472E-3
6.050000E-8	3.275164E-3
6.055000E-8	3.424191E-3
6.060000E-8	3.508125E-3
6.065000E-8	3.573217E-3
6.070000E-8	3.602337E-3
6.075000E-8	3.578356E-3
6.080000E-8	3.521830E-3
6.085000E-8	3.461877E-3
6.090000E-8	3.410489E-3
6.095000E-8	3.383082E-3
6.100000E-8	3.357388E-3
6.105000E-8	3.294009E-3
6.110000E-8	3.199797E-3
6.115000E-8	3.076465E-3
6.120000E-8	2.934290E-3
6.125000E-8	2.768134E-3
6.130000E-8	2.581423E-3
6.135000E-8	2.381008E-3
6.140000E-8	2.189158E-3
6.145000E-8	2.040131E-3
6.150000E-8	1.937354E-3
6.155000E-8	1.882540E-3
6.160000E-8	1.887679E-3
6.165000E-8	1.981891E-3
6.170000E-8	2.175453E-3
6.175000E-8	2.432395E-3
6.180000E-8	2.728735E-3
6.185000E-8	3.059334E-3
6.190000E-8	3.381367E-3
6.195000E-8	3.645161E-3
6.200000E-8	3.847289E-3
6.205000E-8	3.999741E-3
6.210000E-8	4.052843E-3
6.215000E-8	3.994603E-3
6.220000E-8	3.883262E-3
6.225000E-8	3.756504E-3
6.230000E-8	3.557802E-3
6.235000E-8	3.273454E-3
6.240000E-8	2.989105E-3
6.245000E-8	2.774987E-3
6.250000E-8	2.589989E-3
6.255000E-8	2.404990E-3
6.260000E-8	2.242260E-3
6.265000E-8	2.129206E-3
6.270000E-8	2.050410E-3
6.275000E-8	1.978466E-3
6.280000E-8	1.920226E-3
6.285000E-8	1.911660E-3
6.290000E-8	1.940780E-3
6.295000E-8	1.981890E-3
6.300000E-8	2.077815E-3
6.305000E-8	2.245683E-3
6.310000E-8	2.440959E-3
6.315000E-8	2.632809E-3
6.320000E-8	2.869195E-3
6.325000E-8	3.153544E-3
6.330000E-8	3.400209E-3
6.335000E-8	3.590346E-3
6.340000E-8	3.754789E-3
6.345000E-8	3.866131E-3
6.350000E-8	3.878122E-3
6.355000E-8	3.811318E-3
6.360000E-8	3.693125E-3
6.365000E-8	3.490997E-3
6.370000E-8	3.199796E-3
6.375000E-8	2.879476E-3
6.380000E-8	2.569432E-3
6.385000E-8	2.273093E-3
6.390000E-8	2.004160E-3
6.395000E-8	1.796894E-3
6.400000E-8	1.688978E-3
6.405000E-8	1.664997E-3
6.410000E-8	1.695830E-3
6.415000E-8	1.774625E-3
6.420000E-8	1.925364E-3
6.425000E-8	2.132631E-3
6.430000E-8	2.351888E-3
6.435000E-8	2.567719E-3
6.440000E-8	2.783550E-3
6.445000E-8	2.989103E-3
6.450000E-8	3.163824E-3
6.455000E-8	3.285443E-3
6.460000E-8	3.352247E-3
6.465000E-8	3.388219E-3
6.470000E-8	3.420765E-3
6.475000E-8	3.415626E-3
6.480000E-8	3.362525E-3
6.485000E-8	3.266600E-3
6.490000E-8	3.131278E-3
6.495000E-8	2.977113E-3
6.500000E-8	2.840077E-3
6.505000E-8	2.691051E-3
6.510000E-8	2.488924E-3
6.515000E-8	2.276518E-3
6.520000E-8	2.122353E-3
6.525000E-8	1.976753E-3
6.530000E-8	1.824301E-3
6.535000E-8	1.726663E-3
6.540000E-8	1.709533E-3
6.545000E-8	1.745505E-3
6.550000E-8	1.838004E-3
6.555000E-8	2.000734E-3
6.560000E-8	2.208000E-3
6.565000E-8	2.447813E-3
6.570000E-8	2.725310E-3
6.575000E-8	2.999381E-3
6.580000E-8	3.232341E-3
6.585000E-8	3.437895E-3
6.590000E-8	3.600624E-3
6.595000E-8	3.681132E-3
6.600000E-8	3.703401E-3
6.605000E-8	3.696549E-3
6.610000E-8	3.616040E-3
6.615000E-8	3.461875E-3
6.620000E-8	3.295720E-3
6.625000E-8	3.139842E-3
6.630000E-8	2.978826E-3
6.635000E-8	2.810957E-3
6.640000E-8	2.655080E-3
6.645000E-8	2.523183E-3
6.650000E-8	2.418693E-3
6.655000E-8	2.321056E-3
6.660000E-8	2.225131E-3
6.665000E-8	2.170316E-3
6.670000E-8	2.154899E-3
6.675000E-8	2.136057E-3
6.680000E-8	2.141195E-3
6.685000E-8	2.216565E-3
6.690000E-8	2.326193E-3
6.695000E-8	2.427257E-3
6.700000E-8	2.548876E-3
6.705000E-8	2.703041E-3
6.710000E-8	2.865771E-3
6.715000E-8	3.054195E-3
6.720000E-8	3.266601E-3
6.725000E-8	3.448173E-3
6.730000E-8	3.568080E-3
6.735000E-8	3.677709E-3
6.740000E-8	3.771921E-3
6.745000E-8	3.811319E-3
6.750000E-8	3.801041E-3
6.755000E-8	3.753079E-3
6.760000E-8	3.684561E-3
6.765000E-8	3.619469E-3
6.770000E-8	3.537247E-3
6.775000E-8	3.415628E-3
6.780000E-8	3.287157E-3
6.785000E-8	3.168964E-3
6.790000E-8	3.016511E-3
6.795000E-8	2.850356E-3
6.800000E-8	2.740727E-3
6.805000E-8	2.672209E-3
6.810000E-8	2.589988E-3
6.815000E-8	2.523183E-3
6.820000E-8	2.516331E-3
6.825000E-8	2.524895E-3
6.830000E-8	2.526608E-3
6.835000E-8	2.566006E-3
6.840000E-8	2.636236E-3
6.845000E-8	2.728735E-3
6.850000E-8	2.855493E-3
6.855000E-8	2.995955E-3
6.860000E-8	3.107296E-3
6.865000E-8	3.196370E-3
6.870000E-8	3.285443E-3
6.875000E-8	3.343684E-3
6.880000E-8	3.336832E-3
6.885000E-8	3.280305E-3
6.890000E-8	3.208362E-3
6.895000E-8	3.132992E-3
6.900000E-8	3.045632E-3
6.905000E-8	2.978827E-3
6.910000E-8	2.924013E-3
6.915000E-8	2.858921E-3
6.920000E-8	2.768134E-3
6.925000E-8	2.684200E-3
6.930000E-8	2.619108E-3
6.935000E-8	2.560867E-3
6.940000E-8	2.490636E-3
6.945000E-8	2.416979E-3
6.950000E-8	2.346748E-3
6.955000E-8	2.271378E-3
6.960000E-8	2.216564E-3
6.965000E-8	2.199434E-3
6.970000E-8	2.216564E-3
6.975000E-8	2.264526E-3
6.980000E-8	2.339896E-3
6.985000E-8	2.440960E-3
6.990000E-8	2.550588E-3
6.995000E-8	2.670495E-3
7.000000E-8	2.793827E-3
7.005000E-8	2.915446E-3
7.010000E-8	3.014797E-3
7.015000E-8	3.074751E-3
7.020000E-8	3.109010E-3
7.025000E-8	3.132992E-3
7.030000E-8	3.146695E-3
7.035000E-8	3.139844E-3
7.040000E-8	3.110724E-3
7.045000E-8	3.071327E-3
7.050000E-8	3.028503E-3
7.055000E-8	2.980541E-3
7.060000E-8	2.946282E-3
7.065000E-8	2.934291E-3
7.070000E-8	2.913736E-3
7.075000E-8	2.857208E-3
7.080000E-8	2.769847E-3
7.085000E-8	2.696190E-3
7.090000E-8	2.629385E-3
7.095000E-8	2.545450E-3
7.100000E-8	2.478645E-3
7.105000E-8	2.423830E-3
7.110000E-8	2.360451E-3
7.115000E-8	2.310775E-3
7.120000E-8	2.321053E-3
7.125000E-8	2.370728E-3
7.130000E-8	2.435820E-3
7.135000E-8	2.531746E-3
7.140000E-8	2.644801E-3
7.145000E-8	2.752717E-3
7.150000E-8	2.891466E-3
7.155000E-8	3.031927E-3
7.160000E-8	3.097020E-3
7.165000E-8	3.098733E-3
7.170000E-8	3.098733E-3
7.175000E-8	3.052483E-3
7.180000E-8	2.927438E-3
7.185000E-8	2.768134E-3
7.190000E-8	2.601978E-3
7.195000E-8	2.413554E-3
7.200000E-8	2.230269E-3
7.205000E-8	2.094946E-3
7.210000E-8	2.009299E-3
7.215000E-8	1.968188E-3
7.220000E-8	1.981892E-3
7.225000E-8	2.023002E-3
7.230000E-8	2.076104E-3
7.235000E-8	2.142909E-3
7.240000E-8	2.231982E-3
7.245000E-8	2.363879E-3
7.250000E-8	2.528322E-3
7.255000E-8	2.684200E-3
7.260000E-8	2.802393E-3
7.265000E-8	2.912022E-3
7.270000E-8	3.023363E-3
7.275000E-8	3.105584E-3
7.280000E-8	3.174102E-3
7.285000E-8	3.247759E-3
7.290000E-8	3.292296E-3
7.295000E-8	3.270027E-3
7.300000E-8	3.206648E-3
7.305000E-8	3.126140E-3
7.310000E-8	3.019937E-3
7.315000E-8	2.898318E-3
7.320000E-8	2.778412E-3
7.325000E-8	2.629385E-3
7.330000E-8	2.444387E-3
7.335000E-8	2.307351E-3
7.340000E-8	2.219991E-3
7.345000E-8	2.125779E-3
7.350000E-8	2.038418E-3
7.355000E-8	2.012724E-3
7.360000E-8	2.040131E-3
7.365000E-8	2.082954E-3
7.370000E-8	2.142907E-3
7.375000E-8	2.237119E-3
7.380000E-8	2.384433E-3
7.385000E-8	2.579709E-3
7.390000E-8	2.766420E-3
7.395000E-8	2.913733E-3
7.400000E-8	3.049056E-3
7.405000E-8	3.160397E-3
7.410000E-8	3.187804E-3
7.415000E-8	3.165536E-3
7.420000E-8	3.120999E-3
7.425000E-8	3.031926E-3
7.430000E-8	2.893178E-3
7.435000E-8	2.756142E-3
7.440000E-8	2.625958E-3
7.445000E-8	2.464942E-3
7.450000E-8	2.309064E-3
7.455000E-8	2.211426E-3
7.460000E-8	2.153186E-3
7.465000E-8	2.125779E-3
7.470000E-8	2.166890E-3
7.475000E-8	2.261102E-3
7.480000E-8	2.357028E-3
7.485000E-8	2.442675E-3
7.490000E-8	2.523183E-3
7.495000E-8	2.567719E-3
7.500000E-8	2.572858E-3
7.505000E-8	2.566006E-3
7.510000E-8	2.554015E-3
7.515000E-8	2.509478E-3
7.520000E-8	2.459802E-3
7.525000E-8	2.439247E-3
7.530000E-8	2.437534E-3
7.535000E-8	2.432395E-3
7.540000E-8	2.456376E-3
7.545000E-8	2.512904E-3
7.550000E-8	2.576283E-3
7.555000E-8	2.648227E-3
7.560000E-8	2.721884E-3
7.565000E-8	2.776698E-3
7.570000E-8	2.817809E-3
7.575000E-8	2.850355E-3
7.580000E-8	2.850355E-3
7.585000E-8	2.817809E-3
7.590000E-8	2.764708E-3
7.595000E-8	2.697903E-3
7.600000E-8	2.634524E-3
7.605000E-8	2.591700E-3
7.610000E-8	2.557441E-3
7.615000E-8	2.540311E-3
7.620000E-8	2.559154E-3
7.625000E-8	2.619107E-3
7.630000E-8	2.697903E-3
7.635000E-8	2.814383E-3
7.640000E-8	2.947993E-3
7.645000E-8	3.050770E-3
7.650000E-8	3.102158E-3
7.655000E-8	3.167250E-3
7.660000E-8	3.264888E-3
7.665000E-8	3.345396E-3
7.670000E-8	3.381368E-3
7.675000E-8	3.425905E-3
7.680000E-8	3.480719E-3
7.685000E-8	3.502988E-3
7.690000E-8	3.468729E-3
7.695000E-8	3.422479E-3
7.700000E-8	3.377943E-3
7.705000E-8	3.319703E-3
7.710000E-8	3.235768E-3
7.715000E-8	3.132991E-3
7.720000E-8	3.025076E-3
7.725000E-8	2.920586E-3
7.730000E-8	2.817809E-3
7.735000E-8	2.735587E-3
7.740000E-8	2.692763E-3
7.745000E-8	2.679060E-3
7.750000E-8	2.665356E-3
7.755000E-8	2.667069E-3
7.760000E-8	2.691050E-3
7.765000E-8	2.711605E-3
7.770000E-8	2.739012E-3
7.775000E-8	2.773271E-3
7.780000E-8	2.769846E-3
7.785000E-8	2.721883E-3
7.790000E-8	2.661930E-3
7.795000E-8	2.579709E-3
7.800000E-8	2.473507E-3
7.805000E-8	2.392998E-3
7.810000E-8	2.341610E-3
7.815000E-8	2.300499E-3
7.820000E-8	2.288509E-3
7.825000E-8	2.315916E-3
7.830000E-8	2.339897E-3
7.835000E-8	2.367304E-3
7.840000E-8	2.434109E-3
7.845000E-8	2.530034E-3
7.850000E-8	2.622533E-3
7.855000E-8	2.706468E-3
7.860000E-8	2.756143E-3
7.865000E-8	2.773272E-3
7.870000E-8	2.769847E-3
7.875000E-8	2.749291E-3
7.880000E-8	2.708180E-3
7.885000E-8	2.711606E-3
7.890000E-8	2.751004E-3
7.895000E-8	2.790402E-3
7.900000E-8	2.843503E-3
7.905000E-8	2.932576E-3
7.910000E-8	3.018224E-3
7.915000E-8	3.081603E-3
7.920000E-8	3.175814E-3
7.925000E-8	3.273452E-3
7.930000E-8	3.316276E-3
7.935000E-8	3.324840E-3
7.940000E-8	3.324840E-3
7.945000E-8	3.266600E-3
7.950000E-8	3.153545E-3
7.955000E-8	3.045630E-3
7.960000E-8	2.942853E-3
7.965000E-8	2.824660E-3
7.970000E-8	2.745865E-3
7.975000E-8	2.718458E-3
7.980000E-8	2.692764E-3
7.985000E-8	2.673922E-3
7.990000E-8	2.704755E-3
7.995000E-8	2.745866E-3
8.000000E-8	2.766421E-3
8.005000E-8	2.793828E-3
8.010000E-8	2.824661E-3
8.015000E-8	2.816096E-3
8.020000E-8	2.776698E-3
8.025000E-8	2.732161E-3
8.030000E-8	2.653366E-3
8.035000E-8	2.555728E-3
8.040000E-8	2.492349E-3
8.045000E-8	2.427257E-3
8.050000E-8	2.341610E-3
8.055000E-8	2.315916E-3
8.060000E-8	2.381008E-3
8.065000E-8	2.470081E-3
8.070000E-8	2.552303E-3
8.075000E-8	2.639663E-3
8.080000E-8	2.725310E-3
8.085000E-8	2.795541E-3
8.090000E-8	2.858920E-3
8.095000E-8	2.889753E-3
8.100000E-8	2.881188E-3
8.105000E-8	2.852068E-3
8.110000E-8	2.788689E-3
8.115000E-8	2.679060E-3
8.120000E-8	2.571144E-3
8.125000E-8	2.483784E-3
8.130000E-8	2.386146E-3
8.135000E-8	2.305638E-3
8.140000E-8	2.297073E-3
8.145000E-8	2.339897E-3
8.150000E-8	2.401563E-3
8.155000E-8	2.497488E-3
8.160000E-8	2.625959E-3
8.165000E-8	2.745865E-3
8.170000E-8	2.858920E-3
8.175000E-8	2.992530E-3
8.180000E-8	3.141556E-3
8.185000E-8	3.285444E-3
8.190000E-8	3.407063E-3
8.195000E-8	3.485858E-3
8.200000E-8	3.514978E-3
8.205000E-8	3.518404E-3
8.210000E-8	3.496136E-3
8.215000E-8	3.407063E-3
8.220000E-8	3.268314E-3
8.225000E-8	3.112436E-3
8.230000E-8	2.937715E-3
8.235000E-8	2.730449E-3
8.240000E-8	2.523182E-3
8.245000E-8	2.329619E-3
8.250000E-8	2.142908E-3
8.255000E-8	1.969901E-3
8.260000E-8	1.829439E-3
8.265000E-8	1.757495E-3
8.270000E-8	1.742078E-3
8.275000E-8	1.752356E-3
8.280000E-8	1.803744E-3
8.285000E-8	1.928789E-3
8.290000E-8	2.086380E-3
8.295000E-8	2.235407E-3
8.300000E-8	2.382720E-3
8.305000E-8	2.545450E-3
8.310000E-8	2.677347E-3
8.315000E-8	2.785263E-3
8.320000E-8	2.896604E-3
8.325000E-8	2.975400E-3
8.330000E-8	2.975400E-3
8.335000E-8	2.944567E-3
8.340000E-8	2.906882E-3
8.345000E-8	2.816096E-3
8.350000E-8	2.670495E-3
8.355000E-8	2.521469E-3
8.360000E-8	2.401562E-3
8.365000E-8	2.285082E-3
8.370000E-8	2.163463E-3
8.375000E-8	2.076102E-3
8.380000E-8	2.024714E-3
8.385000E-8	1.981890E-3
8.390000E-8	1.939066E-3
8.395000E-8	1.935640E-3
8.400000E-8	1.973325E-3
8.405000E-8	2.023001E-3
8.410000E-8	2.079528E-3
8.415000E-8	2.136056E-3
8.420000E-8	2.213139E-3
8.425000E-8	2.317628E-3
8.430000E-8	2.434109E-3
8.435000E-8	2.540312E-3
8.440000E-8	2.661931E-3
8.445000E-8	2.788689E-3
8.450000E-8	2.876049E-3
8.455000E-8	2.937715E-3
8.460000E-8	2.999381E-3
8.465000E-8	3.038779E-3
8.470000E-8	3.052483E-3
8.475000E-8	3.040492E-3
8.480000E-8	2.990816E-3
8.485000E-8	2.917160E-3
8.490000E-8	2.852068E-3
8.495000E-8	2.781837E-3
8.500000E-8	2.697903E-3
8.505000E-8	2.632811E-3
8.510000E-8	2.581423E-3
8.515000E-8	2.499201E-3
8.520000E-8	2.404989E-3
8.525000E-8	2.338184E-3
8.530000E-8	2.285083E-3
8.535000E-8	2.225130E-3
8.540000E-8	2.168602E-3
8.545000E-8	2.153186E-3
8.550000E-8	2.180593E-3
8.555000E-8	2.235407E-3
8.560000E-8	2.290221E-3
8.565000E-8	2.367303E-3
8.570000E-8	2.482071E-3
8.575000E-8	2.591699E-3
8.580000E-8	2.660217E-3
8.585000E-8	2.727022E-3
8.590000E-8	2.805818E-3
8.595000E-8	2.862345E-3
8.600000E-8	2.896604E-3
8.605000E-8	2.891466E-3
8.610000E-8	2.829800E-3
8.615000E-8	2.745865E-3
8.620000E-8	2.668783E-3
8.625000E-8	2.591700E-3
8.630000E-8	2.531747E-3
8.635000E-8	2.509479E-3
8.640000E-8	2.512905E-3
8.645000E-8	2.523182E-3
8.650000E-8	2.560867E-3
8.655000E-8	2.612255E-3
8.660000E-8	2.668782E-3
8.665000E-8	2.728735E-3
8.670000E-8	2.757855E-3
8.675000E-8	2.751003E-3
8.680000E-8	2.749290E-3
8.685000E-8	2.778410E-3
8.690000E-8	2.793827E-3
8.695000E-8	2.780124E-3
8.700000E-8	2.764707E-3
8.705000E-8	2.754430E-3
8.710000E-8	2.728735E-3
8.715000E-8	2.696190E-3
8.720000E-8	2.672208E-3
8.725000E-8	2.665356E-3
8.730000E-8	2.663643E-3
8.735000E-8	2.667069E-3
8.740000E-8	2.673921E-3
8.745000E-8	2.703040E-3
8.750000E-8	2.747577E-3
8.755000E-8	2.768132E-3
8.760000E-8	2.790400E-3
8.765000E-8	2.843502E-3
8.770000E-8	2.900029E-3
8.775000E-8	2.930862E-3
8.780000E-8	2.946279E-3
8.785000E-8	2.944566E-3
8.790000E-8	2.896604E-3
8.795000E-8	2.828086E-3
8.800000E-8	2.781837E-3
8.805000E-8	2.735587E-3
8.810000E-8	2.667069E-3
8.815000E-8	2.617394E-3
8.820000E-8	2.595125E-3
8.825000E-8	2.547163E-3
8.830000E-8	2.490635E-3
8.835000E-8	2.468367E-3
8.840000E-8	2.464941E-3
8.845000E-8	2.440960E-3
8.850000E-8	2.427256E-3
8.855000E-8	2.428969E-3
8.860000E-8	2.413553E-3
8.865000E-8	2.396424E-3
8.870000E-8	2.387859E-3
8.875000E-8	2.367304E-3
8.880000E-8	2.362165E-3
8.885000E-8	2.391285E-3
8.890000E-8	2.411840E-3
8.895000E-8	2.389572E-3
8.900000E-8	2.365590E-3
8.905000E-8	2.369016E-3
8.910000E-8	2.387858E-3
8.915000E-8	2.403275E-3
8.920000E-8	2.408414E-3
8.925000E-8	2.437534E-3
8.930000E-8	2.509478E-3
8.935000E-8	2.569431E-3
8.940000E-8	2.601977E-3
8.945000E-8	2.670495E-3
8.950000E-8	2.757856E-3
8.955000E-8	2.790402E-3
8.960000E-8	2.786976E-3
8.965000E-8	2.804106E-3
8.970000E-8	2.783551E-3
8.975000E-8	2.658505E-3
8.980000E-8	2.499201E-3
8.985000E-8	2.362165E-3
8.990000E-8	2.228555E-3
8.995000E-8	2.098371E-3
9.000000E-8	1.999019E-3
9.005000E-8	1.944205E-3
9.010000E-8	1.963047E-3
9.015000E-8	2.050407E-3
9.020000E-8	2.168601E-3
9.025000E-8	2.315914E-3
9.030000E-8	2.521468E-3
9.035000E-8	2.744151E-3
9.040000E-8	2.941140E-3
9.045000E-8	3.102157E-3
9.050000E-8	3.213499E-3
9.055000E-8	3.268313E-3
9.060000E-8	3.271739E-3
9.065000E-8	3.222064E-3
9.070000E-8	3.098732E-3
9.075000E-8	2.936002E-3
9.080000E-8	2.792114E-3
9.085000E-8	2.665356E-3
9.090000E-8	2.535173E-3
9.095000E-8	2.432396E-3
9.100000E-8	2.398137E-3
9.105000E-8	2.427258E-3
9.110000E-8	2.502627E-3
9.115000E-8	2.605404E-3
9.120000E-8	2.730450E-3
9.125000E-8	2.874337E-3
9.130000E-8	3.018225E-3
9.135000E-8	3.121001E-3
9.140000E-8	3.192945E-3
9.145000E-8	3.242620E-3
9.150000E-8	3.247759E-3
9.155000E-8	3.182667E-3
9.160000E-8	3.090168E-3
9.165000E-8	2.968548E-3
9.170000E-8	2.793828E-3
9.175000E-8	2.598552E-3
9.180000E-8	2.456377E-3
9.185000E-8	2.370729E-3
9.190000E-8	2.285082E-3
9.195000E-8	2.204574E-3
9.200000E-8	2.189157E-3
9.205000E-8	2.233694E-3
9.210000E-8	2.290221E-3
9.215000E-8	2.348461E-3
9.220000E-8	2.435822E-3
9.225000E-8	2.547163E-3
9.230000E-8	2.629385E-3
9.235000E-8	2.694477E-3
9.240000E-8	2.766421E-3
9.245000E-8	2.848642E-3
9.250000E-8	2.947993E-3
9.255000E-8	3.049057E-3
9.260000E-8	3.121001E-3
9.265000E-8	3.163824E-3
9.270000E-8	3.222064E-3
9.275000E-8	3.273452E-3
9.280000E-8	3.280304E-3
9.285000E-8	3.254610E-3
9.290000E-8	3.215212E-3
9.295000E-8	3.153546E-3
9.300000E-8	3.055908E-3
9.305000E-8	2.925724E-3
9.310000E-8	2.761281E-3
9.315000E-8	2.607115E-3
9.320000E-8	2.506052E-3
9.325000E-8	2.437534E-3
9.330000E-8	2.369016E-3
9.335000E-8	2.336470E-3
9.340000E-8	2.365590E-3
9.345000E-8	2.444386E-3
9.350000E-8	2.542024E-3
9.355000E-8	2.627671E-3
9.360000E-8	2.692763E-3
9.365000E-8	2.745865E-3
9.370000E-8	2.773272E-3
9.375000E-8	2.769846E-3
9.380000E-8	2.756143E-3
9.385000E-8	2.721884E-3
9.390000E-8	2.636237E-3
9.395000E-8	2.507766E-3
9.400000E-8	2.420405E-3
9.405000E-8	2.374155E-3
9.410000E-8	2.315915E-3
9.415000E-8	2.259387E-3
9.420000E-8	2.264526E-3
9.425000E-8	2.305637E-3
9.430000E-8	2.353599E-3
9.435000E-8	2.447812E-3
9.440000E-8	2.596838E-3
9.445000E-8	2.723596E-3
9.450000E-8	2.817809E-3
9.455000E-8	2.953132E-3
9.460000E-8	3.122714E-3
9.465000E-8	3.252898E-3
9.470000E-8	3.343684E-3
9.475000E-8	3.439609E-3
9.480000E-8	3.518404E-3
9.485000E-8	3.547524E-3
9.490000E-8	3.544098E-3
9.495000E-8	3.516690E-3
9.500000E-8	3.434469E-3
9.505000E-8	3.297433E-3
9.510000E-8	3.139842E-3
9.515000E-8	2.985677E-3
9.520000E-8	2.824660E-3
9.525000E-8	2.641375E-3
9.530000E-8	2.461515E-3
9.535000E-8	2.314202E-3
9.540000E-8	2.180593E-3
9.545000E-8	2.053835E-3
9.550000E-8	1.966474E-3
9.555000E-8	1.923651E-3
9.560000E-8	1.913373E-3
9.565000E-8	1.933928E-3
9.570000E-8	1.961335E-3
9.575000E-8	1.997307E-3
9.580000E-8	2.070963E-3
9.585000E-8	2.173740E-3
9.590000E-8	2.264526E-3
9.595000E-8	2.360451E-3
9.600000E-8	2.500913E-3
9.605000E-8	2.648226E-3
9.610000E-8	2.761281E-3
9.615000E-8	2.865771E-3
9.620000E-8	2.973687E-3
9.625000E-8	3.043918E-3
9.630000E-8	3.067899E-3
9.635000E-8	3.059335E-3
9.640000E-8	3.007946E-3
9.645000E-8	2.920586E-3
9.650000E-8	2.841790E-3
9.655000E-8	2.792115E-3
9.660000E-8	2.747578E-3
9.665000E-8	2.684199E-3
9.670000E-8	2.631098E-3
9.675000E-8	2.612255E-3
9.680000E-8	2.605403E-3
9.685000E-8	2.576283E-3
9.690000E-8	2.543737E-3
9.695000E-8	2.518043E-3
9.700000E-8	2.502627E-3
9.705000E-8	2.485497E-3
9.710000E-8	2.461516E-3
9.715000E-8	2.427257E-3
9.720000E-8	2.404989E-3
9.725000E-8	2.401563E-3
9.730000E-8	2.411840E-3
9.735000E-8	2.439247E-3
9.740000E-8	2.463228E-3
9.745000E-8	2.463228E-3
9.750000E-8	2.452951E-3
9.755000E-8	2.468367E-3
9.760000E-8	2.499200E-3
9.765000E-8	2.499200E-3
9.770000E-8	2.458090E-3
9.775000E-8	2.389572E-3
9.780000E-8	2.326193E-3
9.785000E-8	2.271379E-3
9.790000E-8	2.192583E-3
9.795000E-8	2.115501E-3
9.800000E-8	2.112075E-3
9.805000E-8	2.158324E-3
9.810000E-8	2.166889E-3
9.815000E-8	2.129204E-3
9.820000E-8	2.124065E-3
9.825000E-8	2.170315E-3
9.830000E-8	2.231981E-3
9.835000E-8	2.283369E-3
9.840000E-8	2.346748E-3
9.845000E-8	2.427257E-3
9.850000E-8	2.506052E-3
9.855000E-8	2.560867E-3
9.860000E-8	2.622533E-3
9.865000E-8	2.685912E-3
9.870000E-8	2.704754E-3
9.875000E-8	2.697902E-3
9.880000E-8	2.708180E-3
9.885000E-8	2.723596E-3
9.890000E-8	2.708180E-3
9.895000E-8	2.704754E-3
9.900000E-8	2.737300E-3
9.905000E-8	2.783549E-3
9.910000E-8	2.855493E-3
9.915000E-8	2.966835E-3
9.920000E-8	3.078176E-3
9.925000E-8	3.153546E-3
9.930000E-8	3.184379E-3
9.935000E-8	3.163824E-3
9.940000E-8	3.090168E-3
9.945000E-8	2.970261E-3
9.950000E-8	2.816096E-3
9.955000E-8	2.639663E-3
9.960000E-8	2.444387E-3
9.965000E-8	2.242259E-3
9.970000E-8	2.069251E-3
9.975000E-8	1.969900E-3
9.980000E-8	1.942493E-3
9.985000E-8	1.973326E-3
9.990000E-8	2.069251E-3
9.995000E-8	2.230268E-3
1.000000E-7	2.425544E-3
1.000500E-7	2.637949E-3
1.001000E-7	2.838364E-3
1.001500E-7	2.995956E-3
1.002000E-7	3.126140E-3
1.002500E-7	3.239194E-3
1.003000E-7	3.300860E-3
1.003500E-7	3.297434E-3
1.004000E-7	3.285444E-3
1.004500E-7	3.290582E-3
1.005000E-7	3.259749E-3
1.005500E-7	3.179241E-3
1.006000E-7	3.097019E-3
1.006500E-7	3.019937E-3
1.007000E-7	2.922299E-3
1.007500E-7	2.795540E-3
1.008000E-7	2.655079E-3
1.008500E-7	2.511191E-3
1.009000E-7	2.370730E-3
1.009500E-7	2.223416E-3
1.010000E-7	2.067538E-3
1.010500E-7	1.928789E-3
1.011000E-7	1.812309E-3
1.011500E-7	1.714670E-3
1.012000E-7	1.653004E-3
1.012500E-7	1.663281E-3
1.013000E-7	1.704392E-3
1.013500E-7	1.747216E-3
1.014000E-7	1.829437E-3
1.014500E-7	1.976750E-3
1.015000E-7	2.125777E-3
1.015500E-7	2.249109E-3
1.016000E-7	2.415265E-3
1.016500E-7	2.595125E-3
1.017000E-7	2.716744E-3
1.017500E-7	2.795540E-3
1.018000E-7	2.891465E-3
1.018500E-7	2.947992E-3
1.019000E-7	2.918872E-3
1.019500E-7	2.857206E-3
1.020000E-7	2.774985E-3
1.020500E-7	2.670495E-3
1.021000E-7	2.566005E-3
1.021500E-7	2.461515E-3
1.022000E-7	2.326193E-3
1.022500E-7	2.178879E-3
1.023000E-7	2.065825E-3
1.023500E-7	1.966474E-3
1.024000E-7	1.884253E-3
1.024500E-7	1.843142E-3
1.025000E-7	1.834577E-3
1.025500E-7	1.851707E-3
1.026000E-7	1.911660E-3
1.026500E-7	2.002446E-3
1.027000E-7	2.086380E-3
1.027500E-7	2.204574E-3
1.028000E-7	2.389572E-3
1.028500E-7	2.567718E-3
1.029000E-7	2.682485E-3
1.029500E-7	2.766420E-3
1.030000E-7	2.838363E-3
1.030500E-7	2.858919E-3
1.031000E-7	2.804104E-3
1.031500E-7	2.715031E-3
1.032000E-7	2.589986E-3
1.032500E-7	2.423831E-3
1.033000E-7	2.254249E-3
1.033500E-7	2.127491E-3
1.034000E-7	2.046983E-3
1.034500E-7	1.999020E-3
1.035000E-7	2.009298E-3
1.035500E-7	2.070964E-3
1.036000E-7	2.132630E-3
1.036500E-7	2.180592E-3
1.037000E-7	2.226842E-3
1.037500E-7	2.261101E-3
1.038000E-7	2.261101E-3
1.038500E-7	2.250823E-3
1.039000E-7	2.233693E-3
1.039500E-7	2.194295E-3
1.040000E-7	2.127490E-3
1.040500E-7	2.055547E-3
1.041000E-7	2.002445E-3
1.041500E-7	1.959621E-3
1.042000E-7	1.939066E-3
1.042500E-7	1.968186E-3
1.043000E-7	2.034991E-3
1.043500E-7	2.110361E-3
1.044000E-7	2.196008E-3
1.044500E-7	2.309063E-3
1.045000E-7	2.435821E-3
1.045500E-7	2.554014E-3
1.046000E-7	2.653365E-3
1.046500E-7	2.721883E-3
1.047000E-7	2.764707E-3
1.047500E-7	2.792114E-3
1.048000E-7	2.804105E-3
1.048500E-7	2.798966E-3
1.049000E-7	2.805818E-3
1.049500E-7	2.807531E-3
1.050000E-7	2.783549E-3
1.050500E-7	2.752716E-3
1.051000E-7	2.742439E-3
1.051500E-7	2.709893E-3
1.052000E-7	2.644801E-3
1.052500E-7	2.612255E-3
1.053000E-7	2.603690E-3
1.053500E-7	2.552302E-3
1.054000E-7	2.478645E-3
1.054500E-7	2.447812E-3
1.055000E-7	2.439247E-3
1.055500E-7	2.416979E-3
1.056000E-7	2.398136E-3
1.056500E-7	2.391284E-3
1.057000E-7	2.381007E-3
1.057500E-7	2.365590E-3
1.058000E-7	2.377581E-3
1.058500E-7	2.408414E-3
1.059000E-7	2.416978E-3
1.059500E-7	2.403275E-3
1.060000E-7	2.381007E-3
1.060500E-7	2.353600E-3
1.061000E-7	2.310776E-3
1.061500E-7	2.264527E-3
1.062000E-7	2.221704E-3
1.062500E-7	2.165176E-3
1.063000E-7	2.103511E-3
1.063500E-7	2.077816E-3
1.064000E-7	2.081242E-3
1.064500E-7	2.089807E-3
1.065000E-7	2.120640E-3
1.065500E-7	2.160037E-3
1.066000E-7	2.196009E-3
1.066500E-7	2.228555E-3
1.067000E-7	2.247397E-3
1.067500E-7	2.226842E-3
1.068000E-7	2.190870E-3
1.068500E-7	2.184018E-3
1.069000E-7	2.163462E-3
1.069500E-7	2.117213E-3
1.070000E-7	2.067537E-3
1.070500E-7	2.034991E-3
1.071000E-7	2.016149E-3
1.071500E-7	2.046982E-3
1.072000E-7	2.127490E-3
1.072500E-7	2.231980E-3
1.073000E-7	2.355312E-3
1.073500E-7	2.511190E-3
1.074000E-7	2.663643E-3
1.074500E-7	2.792114E-3
1.075000E-7	2.889752E-3
1.075500E-7	2.937714E-3
1.076000E-7	2.925724E-3
1.076500E-7	2.865771E-3
1.077000E-7	2.757855E-3
1.077500E-7	2.591699E-3
1.078000E-7	2.398136E-3
1.078500E-7	2.214851E-3
1.079000E-7	2.029853E-3
1.079500E-7	1.865410E-3
1.080000E-7	1.740365E-3
1.080500E-7	1.646152E-3
1.081000E-7	1.569070E-3
1.081500E-7	1.534811E-3
1.082000E-7	1.538237E-3
1.082500E-7	1.557079E-3
1.083000E-7	1.581060E-3
1.083500E-7	1.603328E-3
1.084000E-7	1.622171E-3
1.084500E-7	1.641013E-3
1.085000E-7	1.658143E-3
1.085500E-7	1.670133E-3
1.086000E-7	1.678698E-3
1.086500E-7	1.692402E-3
1.087000E-7	1.690689E-3
1.087500E-7	1.676985E-3
1.088000E-7	1.695828E-3
1.088500E-7	1.711244E-3
1.089000E-7	1.702680E-3
1.089500E-7	1.718096E-3
1.090000E-7	1.772910E-3
1.090500E-7	1.808882E-3
1.091000E-7	1.863697E-3
1.091500E-7	1.980177E-3
1.092000E-7	2.118926E-3
1.092500E-7	2.254248E-3
1.093000E-7	2.422117E-3
1.093500E-7	2.596838E-3
1.094000E-7	2.720170E-3
1.094500E-7	2.816095E-3
1.095000E-7	2.910307E-3
1.095500E-7	2.958270E-3
1.096000E-7	2.949705E-3
1.096500E-7	2.924011E-3
1.097000E-7	2.869197E-3
1.097500E-7	2.800679E-3
1.098000E-7	2.744152E-3
1.098500E-7	2.691051E-3
1.099000E-7	2.631097E-3
1.099500E-7	2.608829E-3
1.100000E-7	2.631097E-3
1.100500E-7	2.631097E-3
1.101000E-7	2.610542E-3
1.101500E-7	2.596838E-3
1.102000E-7	2.555727E-3
1.102500E-7	2.466654E-3
1.103000E-7	2.365590E-3
1.103500E-7	2.238832E-3
1.104000E-7	2.070963E-3
1.104500E-7	1.911659E-3
1.105000E-7	1.790040E-3
1.105500E-7	1.680411E-3
1.106000E-7	1.575922E-3
1.106500E-7	1.533098E-3
1.107000E-7	1.551940E-3
1.107500E-7	1.611894E-3
1.108000E-7	1.718096E-3
1.108500E-7	1.861984E-3
1.109000E-7	2.014436E-3
1.109500E-7	2.187444E-3
1.110000E-7	2.370729E-3
1.110500E-7	2.511191E-3
1.111000E-7	2.595125E-3
1.111500E-7	2.660217E-3
1.112000E-7	2.679059E-3
1.112500E-7	2.641374E-3
1.113000E-7	2.566005E-3
1.113500E-7	2.461515E-3
1.114000E-7	2.310776E-3
1.114500E-7	2.170314E-3
1.115000E-7	2.053833E-3
1.115500E-7	1.930501E-3
1.116000E-7	1.815734E-3
1.116500E-7	1.745503E-3
1.117000E-7	1.707818E-3
1.117500E-7	1.682124E-3
1.118000E-7	1.695828E-3
1.118500E-7	1.754068E-3
1.119000E-7	1.812308E-3
1.119500E-7	1.870548E-3
1.120000E-7	1.975038E-3
1.120500E-7	2.106935E-3
1.121000E-7	2.225128E-3
1.121500E-7	2.331331E-3
1.122000E-7	2.432395E-3
1.122500E-7	2.519755E-3
1.123000E-7	2.601976E-3
1.123500E-7	2.675633E-3
1.124000E-7	2.721882E-3
1.124500E-7	2.715031E-3
1.125000E-7	2.670494E-3
1.125500E-7	2.596837E-3
1.126000E-7	2.490635E-3
1.126500E-7	2.357025E-3
1.127000E-7	2.214850E-3
1.127500E-7	2.072676E-3
1.128000E-7	1.940779E-3
1.128500E-7	1.824299E-3
1.129000E-7	1.726661E-3
1.129500E-7	1.663282E-3
1.130000E-7	1.647865E-3
1.130500E-7	1.668421E-3
1.131000E-7	1.695828E-3
1.131500E-7	1.723235E-3
1.132000E-7	1.747216E-3
1.132500E-7	1.779762E-3
1.133000E-7	1.834577E-3
1.133500E-7	1.901381E-3
1.134000E-7	1.966473E-3
1.134500E-7	2.038417E-3
1.135000E-7	2.127490E-3
1.135500E-7	2.213137E-3
1.136000E-7	2.302211E-3
1.136500E-7	2.410126E-3
1.137000E-7	2.528319E-3
1.137500E-7	2.639661E-3
1.138000E-7	2.769845E-3
1.138500E-7	2.908594E-3
1.139000E-7	3.025075E-3
1.139500E-7	3.107296E-3
1.140000E-7	3.165537E-3
1.140500E-7	3.199796E-3
1.141000E-7	3.211787E-3
1.141500E-7	3.189518E-3
1.142000E-7	3.126140E-3
1.142500E-7	3.071325E-3
1.143000E-7	3.035354E-3
1.143500E-7	2.965123E-3
1.144000E-7	2.881188E-3
1.144500E-7	2.853781E-3
1.145000E-7	2.853781E-3
1.145500E-7	2.831512E-3
1.146000E-7	2.824660E-3
1.146500E-7	2.855493E-3
1.147000E-7	2.869197E-3
1.147500E-7	2.876048E-3
1.148000E-7	2.929150E-3
1.148500E-7	2.997667E-3
1.149000E-7	3.014797E-3
1.149500E-7	3.016510E-3
1.150000E-7	3.028500E-3
1.150500E-7	3.018223E-3
1.151000E-7	2.975399E-3
1.151500E-7	2.910307E-3
1.152000E-7	2.850354E-3
1.152500E-7	2.783549E-3
1.153000E-7	2.699614E-3
1.153500E-7	2.636235E-3
1.154000E-7	2.617393E-3
1.154500E-7	2.624244E-3
1.155000E-7	2.641374E-3
1.155500E-7	2.684198E-3
1.156000E-7	2.747577E-3
1.156500E-7	2.798965E-3
1.157000E-7	2.852067E-3
1.157500E-7	2.929150E-3
1.158000E-7	3.006232E-3
1.158500E-7	3.054195E-3
1.159000E-7	3.114148E-3
1.159500E-7	3.192944E-3
1.160000E-7	3.254610E-3
1.160500E-7	3.283730E-3
1.161000E-7	3.292294E-3
1.161500E-7	3.271739E-3
1.162000E-7	3.230628E-3
1.162500E-7	3.191230E-3
1.163000E-7	3.134703E-3
1.163500E-7	3.067898E-3
1.164000E-7	3.002806E-3
1.164500E-7	2.915445E-3
1.165000E-7	2.805817E-3
1.165500E-7	2.711605E-3
1.166000E-7	2.627671E-3
1.166500E-7	2.507764E-3
1.167000E-7	2.391284E-3
1.167500E-7	2.322766E-3
1.168000E-7	2.281656E-3
1.168500E-7	2.242258E-3
1.169000E-7	2.226841E-3
1.169500E-7	2.231980E-3
1.170000E-7	2.250823E-3
1.170500E-7	2.290220E-3
1.171000E-7	2.362164E-3
1.171500E-7	2.428969E-3
1.172000E-7	2.470080E-3
1.172500E-7	2.497487E-3
1.173000E-7	2.521468E-3
1.173500E-7	2.509477E-3
1.174000E-7	2.452950E-3
1.174500E-7	2.403275E-3
1.175000E-7	2.363877E-3
1.175500E-7	2.302211E-3
1.176000E-7	2.204573E-3
1.176500E-7	2.136055E-3
1.177000E-7	2.096657E-3
1.177500E-7	2.070963E-3
1.178000E-7	2.062398E-3
1.178500E-7	2.069250E-3
1.179000E-7	2.082954E-3
1.179500E-7	2.125777E-3
1.180000E-7	2.223415E-3
1.180500E-7	2.348461E-3
1.181000E-7	2.446099E-3
1.181500E-7	2.523181E-3
1.182000E-7	2.596838E-3
1.182500E-7	2.649940E-3
1.183000E-7	2.668782E-3
1.183500E-7	2.646514E-3
1.184000E-7	2.581422E-3
1.184500E-7	2.466654E-3
1.185000E-7	2.350174E-3
1.185500E-7	2.262814E-3
1.186000E-7	2.168601E-3
1.186500E-7	2.052121E-3
1.187000E-7	1.963048E-3
1.187500E-7	1.908233E-3
1.188000E-7	1.865410E-3
1.188500E-7	1.846567E-3
1.189000E-7	1.879113E-3
1.189500E-7	1.935640E-3
1.190000E-7	1.983603E-3
1.190500E-7	2.034991E-3
1.191000E-7	2.079528E-3
1.191500E-7	2.110361E-3
1.192000E-7	2.148046E-3
1.192500E-7	2.192583E-3
1.193000E-7	2.225129E-3
1.193500E-7	2.274804E-3
1.194000E-7	2.351887E-3
1.194500E-7	2.432395E-3
1.195000E-7	2.521469E-3
1.195500E-7	2.637949E-3
1.196000E-7	2.754430E-3
1.196500E-7	2.845216E-3
1.197000E-7	2.924011E-3
1.197500E-7	2.992529E-3
1.198000E-7	3.025075E-3
1.198500E-7	3.019936E-3
1.199000E-7	2.994242E-3
1.199500E-7	2.924011E-3
1.200000E-7	2.800678E-3
1.200500E-7	2.670494E-3
1.201000E-7	2.550588E-3
1.201500E-7	2.392997E-3
1.202000E-7	2.216563E-3
1.202500E-7	2.098370E-3
1.203000E-7	2.023000E-3
1.203500E-7	1.932214E-3
1.204000E-7	1.894529E-3
1.204500E-7	1.961334E-3
1.205000E-7	2.058972E-3
1.205500E-7	2.168601E-3
1.206000E-7	2.346747E-3
1.206500E-7	2.555727E-3
1.207000E-7	2.727022E-3
1.207500E-7	2.855493E-3
1.208000E-7	2.947992E-3
1.208500E-7	2.978825E-3
1.209000E-7	2.925724E-3
1.209500E-7	2.792114E-3
1.210000E-7	2.629384E-3
1.210500E-7	2.456377E-3
1.211000E-7	2.267952E-3
1.211500E-7	2.057260E-3
1.212000E-7	1.899669E-3
1.212500E-7	1.846567E-3
1.213000E-7	1.853419E-3
1.213500E-7	1.884252E-3
1.214000E-7	1.985316E-3
1.214500E-7	2.154897E-3
1.215000E-7	2.321053E-3
1.215500E-7	2.483783E-3
1.216000E-7	2.649939E-3
1.216500E-7	2.773271E-3
1.217000E-7	2.840076E-3
1.217500E-7	2.888039E-3
1.218000E-7	2.915446E-3
1.218500E-7	2.896604E-3
1.219000E-7	2.855494E-3
1.219500E-7	2.821235E-3
1.220000E-7	2.786976E-3
1.220500E-7	2.749291E-3
1.221000E-7	2.715032E-3
1.221500E-7	2.684199E-3
1.222000E-7	2.651653E-3
1.222500E-7	2.631098E-3
1.223000E-7	2.620820E-3
1.223500E-7	2.600265E-3
1.224000E-7	2.572858E-3
1.224500E-7	2.560867E-3
1.225000E-7	2.574571E-3
1.225500E-7	2.595126E-3
1.226000E-7	2.579710E-3
1.226500E-7	2.540312E-3
1.227000E-7	2.509479E-3
1.227500E-7	2.490636E-3
1.228000E-7	2.475220E-3
1.228500E-7	2.482071E-3
1.229000E-7	2.502627E-3
1.229500E-7	2.499201E-3
1.230000E-7	2.509478E-3
1.230500E-7	2.557440E-3
1.231000E-7	2.603690E-3
1.231500E-7	2.615680E-3
1.232000E-7	2.625958E-3
1.232500E-7	2.646513E-3
1.233000E-7	2.617393E-3
1.233500E-7	2.540310E-3
1.234000E-7	2.476931E-3
1.234500E-7	2.422117E-3
1.235000E-7	2.322766E-3
1.235500E-7	2.206286E-3
1.236000E-7	2.113787E-3
1.236500E-7	2.046982E-3
1.237000E-7	1.990455E-3
1.237500E-7	1.978464E-3
1.238000E-7	2.023001E-3
1.238500E-7	2.077815E-3
1.239000E-7	2.144620E-3
1.239500E-7	2.254248E-3
1.240000E-7	2.379294E-3
1.240500E-7	2.502626E-3
1.241000E-7	2.629384E-3
1.241500E-7	2.740725E-3
1.242000E-7	2.795539E-3
1.242500E-7	2.800678E-3
1.243000E-7	2.788688E-3
1.243500E-7	2.761280E-3
1.244000E-7	2.720169E-3
1.244500E-7	2.699614E-3
1.245000E-7	2.713318E-3
1.245500E-7	2.754428E-3
1.246000E-7	2.798965E-3
1.246500E-7	2.838363E-3
1.247000E-7	2.882899E-3
1.247500E-7	2.934288E-3
1.248000E-7	2.963408E-3
1.248500E-7	2.951417E-3
1.249000E-7	2.901742E-3
1.249500E-7	2.816094E-3
1.250000E-7	2.694475E-3
1.250500E-7	2.555726E-3
1.251000E-7	2.440959E-3
1.251500E-7	2.341608E-3
1.252000E-7	2.252534E-3
1.252500E-7	2.192581E-3
1.253000E-7	2.187442E-3
1.253500E-7	2.197720E-3
1.254000E-7	2.204572E-3
1.254500E-7	2.219988E-3
1.255000E-7	2.245683E-3
1.255500E-7	2.273090E-3
1.256000E-7	2.307349E-3
1.256500E-7	2.333043E-3
1.257000E-7	2.329618E-3
1.257500E-7	2.319340E-3
1.258000E-7	2.327905E-3
1.258500E-7	2.310776E-3
1.259000E-7	2.273091E-3
1.259500E-7	2.264526E-3
1.260000E-7	2.293646E-3
1.260500E-7	2.319341E-3
1.261000E-7	2.336470E-3
1.261500E-7	2.377581E-3
1.262000E-7	2.461515E-3
1.262500E-7	2.574570E-3
1.263000E-7	2.667069E-3
1.263500E-7	2.704754E-3
1.264000E-7	2.728735E-3
1.264500E-7	2.769846E-3
1.265000E-7	2.798966E-3
1.265500E-7	2.804105E-3
1.266000E-7	2.809244E-3
1.266500E-7	2.805818E-3
1.267000E-7	2.778411E-3
1.267500E-7	2.747578E-3
1.268000E-7	2.720170E-3
1.268500E-7	2.680772E-3
1.269000E-7	2.651652E-3
1.269500E-7	2.634522E-3
1.270000E-7	2.603689E-3
1.270500E-7	2.571143E-3
1.271000E-7	2.560865E-3
1.271500E-7	2.531745E-3
1.272000E-7	2.478643E-3
1.272500E-7	2.427255E-3
1.273000E-7	2.370728E-3
1.273500E-7	2.303923E-3
1.274000E-7	2.249109E-3
1.274500E-7	2.213137E-3
1.275000E-7	2.180592E-3
1.275500E-7	2.175453E-3
1.276000E-7	2.228555E-3
1.276500E-7	2.321054E-3
1.277000E-7	2.420405E-3
1.277500E-7	2.519756E-3
1.278000E-7	2.601977E-3
1.278500E-7	2.667069E-3
1.279000E-7	2.703041E-3
1.279500E-7	2.694476E-3
1.280000E-7	2.651652E-3
1.280500E-7	2.596838E-3
1.281000E-7	2.514616E-3
1.281500E-7	2.404988E-3
1.282000E-7	2.300498E-3
1.282500E-7	2.230267E-3
1.283000E-7	2.194295E-3
1.283500E-7	2.202860E-3
1.284000E-7	2.255962E-3
1.284500E-7	2.341609E-3
1.285000E-7	2.463228E-3
1.285500E-7	2.617393E-3
1.286000E-7	2.756142E-3
1.286500E-7	2.848641E-3
1.287000E-7	2.925723E-3
1.287500E-7	2.977112E-3
1.288000E-7	2.963408E-3
1.288500E-7	2.891464E-3
1.289000E-7	2.810956E-3
1.289500E-7	2.742438E-3
1.290000E-7	2.675634E-3
1.290500E-7	2.600264E-3
1.291000E-7	2.499200E-3
1.291500E-7	2.420405E-3
1.292000E-7	2.391285E-3
1.292500E-7	2.382720E-3
1.293000E-7	2.379294E-3
1.293500E-7	2.403275E-3
1.294000E-7	2.452951E-3
1.294500E-7	2.490636E-3
1.295000E-7	2.528320E-3
1.295500E-7	2.579709E-3
1.296000E-7	2.613967E-3
1.296500E-7	2.622532E-3
1.297000E-7	2.631097E-3
1.297500E-7	2.643087E-3
1.298000E-7	2.643087E-3
1.298500E-7	2.679059E-3
1.299000E-7	2.745864E-3
1.299500E-7	2.776697E-3
1.300000E-7	2.769846E-3
1.300500E-7	2.776697E-3
1.301000E-7	2.810956E-3
1.301500E-7	2.828086E-3
1.302000E-7	2.810956E-3
1.302500E-7	2.764706E-3
1.303000E-7	2.701327E-3
1.303500E-7	2.637948E-3
1.304000E-7	2.569430E-3
1.304500E-7	2.502626E-3
1.305000E-7	2.442673E-3
1.305500E-7	2.391284E-3
1.306000E-7	2.353600E-3
1.306500E-7	2.365590E-3
1.307000E-7	2.422118E-3
1.307500E-7	2.480358E-3
1.308000E-7	2.545450E-3
1.308500E-7	2.644801E-3
1.309000E-7	2.730448E-3
1.309500E-7	2.764707E-3
1.310000E-7	2.776698E-3
1.310500E-7	2.786975E-3
1.311000E-7	2.745864E-3
1.311500E-7	2.639662E-3
1.312000E-7	2.500913E-3
1.312500E-7	2.346748E-3
1.313000E-7	2.196008E-3
1.313500E-7	2.069250E-3
1.314000E-7	1.952770E-3
1.314500E-7	1.875687E-3
1.315000E-7	1.899668E-3
1.315500E-7	1.983603E-3
1.316000E-7	2.067537E-3
1.316500E-7	2.189157E-3
1.317000E-7	2.363877E-3
1.317500E-7	2.519756E-3
1.318000E-7	2.625958E-3
1.318500E-7	2.733874E-3
1.319000E-7	2.802392E-3
1.319500E-7	2.797253E-3
1.320000E-7	2.780124E-3
1.320500E-7	2.756142E-3
1.321000E-7	2.667069E-3
1.321500E-7	2.547163E-3
1.322000E-7	2.456377E-3
1.322500E-7	2.362164E-3
1.323000E-7	2.252536E-3
1.323500E-7	2.189156E-3
1.324000E-7	2.168601E-3
1.324500E-7	2.160036E-3
1.325000E-7	2.182304E-3
1.325500E-7	2.255961E-3
1.326000E-7	2.345034E-3
1.326500E-7	2.459801E-3
1.327000E-7	2.625957E-3
1.327500E-7	2.797252E-3
1.328000E-7	2.941139E-3
1.328500E-7	3.093592E-3
1.329000E-7	3.230627E-3
1.329500E-7	3.300858E-3
1.330000E-7	3.336830E-3
1.330500E-7	3.367664E-3
1.331000E-7	3.329979E-3
1.331500E-7	3.213499E-3
1.332000E-7	3.079889E-3
1.332500E-7	2.946280E-3
1.333000E-7	2.776698E-3
1.333500E-7	2.601978E-3
1.334000E-7	2.476933E-3
1.334500E-7	2.396425E-3
1.335000E-7	2.341611E-3
1.335500E-7	2.338185E-3
1.336000E-7	2.365592E-3
1.336500E-7	2.411842E-3
1.337000E-7	2.490637E-3
1.337500E-7	2.596840E-3
1.338000E-7	2.704755E-3
1.338500E-7	2.795541E-3
1.339000E-7	2.846929E-3
1.339500E-7	2.869198E-3
1.340000E-7	2.886327E-3
1.340500E-7	2.877762E-3
1.341000E-7	2.810957E-3
1.341500E-7	2.725310E-3
1.342000E-7	2.673921E-3
1.342500E-7	2.605403E-3
1.343000E-7	2.482071E-3
1.343500E-7	2.355313E-3
1.344000E-7	2.273091E-3
1.344500E-7	2.197722E-3
1.345000E-7	2.117213E-3
1.345500E-7	2.053834E-3
1.346000E-7	2.021288E-3
1.346500E-7	2.012723E-3
1.347000E-7	2.016149E-3
1.347500E-7	2.038418E-3
1.348000E-7	2.096658E-3
1.348500E-7	2.160037E-3
1.349000E-7	2.190870E-3
1.349500E-7	2.206286E-3
1.350000E-7	2.233693E-3
1.350500E-7	2.247397E-3
1.351000E-7	2.211425E-3
1.351500E-7	2.168601E-3
1.352000E-7	2.148046E-3
1.352500E-7	2.124064E-3
1.353000E-7	2.077815E-3
1.353500E-7	2.036704E-3
1.354000E-7	2.023000E-3
1.354500E-7	2.029852E-3
1.355000E-7	2.072676E-3
1.355500E-7	2.148045E-3
1.356000E-7	2.250822E-3
1.356500E-7	2.370729E-3
1.357000E-7	2.494061E-3
1.357500E-7	2.601977E-3
1.358000E-7	2.704754E-3
1.358500E-7	2.778411E-3
1.359000E-7	2.786976E-3
1.359500E-7	2.737300E-3
1.360000E-7	2.680773E-3
1.360500E-7	2.601977E-3
1.361000E-7	2.500913E-3
1.361500E-7	2.410127E-3
1.362000E-7	2.321054E-3
1.362500E-7	2.231980E-3
1.363000E-7	2.187444E-3
1.363500E-7	2.197721E-3
1.364000E-7	2.204573E-3
1.364500E-7	2.211425E-3
1.365000E-7	2.271378E-3
1.365500E-7	2.348460E-3
1.366000E-7	2.392997E-3
1.366500E-7	2.454663E-3
1.367000E-7	2.536885E-3
1.367500E-7	2.583134E-3
1.368000E-7	2.589986E-3
1.368500E-7	2.619106E-3
1.369000E-7	2.646514E-3
1.369500E-7	2.643088E-3
1.370000E-7	2.646513E-3
1.370500E-7	2.648226E-3
1.371000E-7	2.612255E-3
1.371500E-7	2.571144E-3
1.372000E-7	2.579709E-3
1.372500E-7	2.598551E-3
1.373000E-7	2.586561E-3
1.373500E-7	2.584848E-3
1.374000E-7	2.615681E-3
1.374500E-7	2.651652E-3
1.375000E-7	2.675633E-3
1.375500E-7	2.715031E-3
1.376000E-7	2.788688E-3
1.376500E-7	2.886326E-3
1.377000E-7	2.966834E-3
1.377500E-7	3.001093E-3
1.378000E-7	2.990816E-3
1.378500E-7	2.961695E-3
1.379000E-7	2.924011E-3
1.379500E-7	2.876049E-3
1.380000E-7	2.800679E-3
1.380500E-7	2.711606E-3
1.381000E-7	2.655079E-3
1.381500E-7	2.639663E-3
1.382000E-7	2.629385E-3
1.382500E-7	2.636237E-3
1.383000E-7	2.696190E-3
1.383500E-7	2.774985E-3
1.384000E-7	2.822948E-3
1.384500E-7	2.882901E-3
1.385000E-7	2.970261E-3
1.385500E-7	3.031927E-3
1.386000E-7	3.052482E-3
1.386500E-7	3.069612E-3
1.387000E-7	3.064473E-3
1.387500E-7	3.033640E-3
1.388000E-7	2.989104E-3
1.388500E-7	2.917160E-3
1.389000E-7	2.809244E-3
1.389500E-7	2.725310E-3
1.390000E-7	2.682486E-3
1.390500E-7	2.648227E-3
1.391000E-7	2.613968E-3
1.391500E-7	2.603690E-3
1.392000E-7	2.615681E-3
1.392500E-7	2.643088E-3
1.393000E-7	2.689337E-3
1.393500E-7	2.747577E-3
1.394000E-7	2.819521E-3
1.394500E-7	2.894891E-3
1.395000E-7	2.954844E-3
1.395500E-7	2.970260E-3
1.396000E-7	2.947992E-3
1.396500E-7	2.891464E-3
1.397000E-7	2.810956E-3
1.397500E-7	2.718457E-3
1.398000E-7	2.605402E-3
1.398500E-7	2.504338E-3
1.399000E-7	2.427256E-3
1.399500E-7	2.369016E-3
1.400000E-7	2.329618E-3
1.400500E-7	2.331331E-3
1.401000E-7	2.367303E-3
1.401500E-7	2.427257E-3
1.402000E-7	2.547163E-3
1.402500E-7	2.713319E-3
1.403000E-7	2.852068E-3
1.403500E-7	2.937715E-3
1.404000E-7	3.009659E-3
1.404500E-7	3.061047E-3
1.405000E-7	3.076464E-3
1.405500E-7	3.069612E-3
1.406000E-7	3.028501E-3
1.406500E-7	2.929150E-3
1.407000E-7	2.822947E-3
1.407500E-7	2.725309E-3
1.408000E-7	2.593412E-3
1.408500E-7	2.437534E-3
1.409000E-7	2.333044E-3
1.409500E-7	2.278230E-3
1.410000E-7	2.235406E-3
1.410500E-7	2.226841E-3
1.411000E-7	2.261100E-3
1.411500E-7	2.291933E-3
1.412000E-7	2.314201E-3
1.412500E-7	2.372441E-3
1.413000E-7	2.444385E-3
1.413500E-7	2.511190E-3
1.414000E-7	2.586560E-3
1.414500E-7	2.661930E-3
1.415000E-7	2.716744E-3
1.415500E-7	2.761281E-3
1.416000E-7	2.805818E-3
1.416500E-7	2.822947E-3
1.417000E-7	2.804105E-3
1.417500E-7	2.759568E-3
1.418000E-7	2.670495E-3
1.418500E-7	2.555727E-3
1.419000E-7	2.463228E-3
1.419500E-7	2.386145E-3
1.420000E-7	2.317627E-3
1.420500E-7	2.288507E-3
1.421000E-7	2.291933E-3
1.421500E-7	2.297072E-3
1.422000E-7	2.333044E-3
1.422500E-7	2.411840E-3
1.423000E-7	2.485496E-3
1.423500E-7	2.560866E-3
1.424000E-7	2.667069E-3
1.424500E-7	2.756142E-3
1.425000E-7	2.783549E-3
1.425500E-7	2.795540E-3
1.426000E-7	2.824660E-3
1.426500E-7	2.833225E-3
1.427000E-7	2.817808E-3
1.427500E-7	2.797253E-3
1.428000E-7	2.780123E-3
1.428500E-7	2.761281E-3
1.429000E-7	2.756142E-3
1.429500E-7	2.754429E-3
1.430000E-7	2.749291E-3
1.430500E-7	2.749291E-3
1.431000E-7	2.718458E-3
1.431500E-7	2.658504E-3
1.432000E-7	2.601977E-3
1.432500E-7	2.550588E-3
1.433000E-7	2.495774E-3
1.433500E-7	2.456376E-3
1.434000E-7	2.451237E-3
1.434500E-7	2.449524E-3
1.435000E-7	2.459802E-3
1.435500E-7	2.475219E-3
1.436000E-7	2.466654E-3
1.436500E-7	2.435821E-3
1.437000E-7	2.406701E-3
1.437500E-7	2.382720E-3
1.438000E-7	2.365590E-3
1.438500E-7	2.367303E-3
1.439000E-7	2.372442E-3
1.439500E-7	2.370729E-3
1.440000E-7	2.415266E-3
1.440500E-7	2.516330E-3
1.441000E-7	2.596838E-3
1.441500E-7	2.655078E-3
1.442000E-7	2.773271E-3
1.442500E-7	2.925723E-3
1.443000E-7	3.035352E-3
1.443500E-7	3.095305E-3
1.444000E-7	3.132990E-3
1.444500E-7	3.112435E-3
1.445000E-7	3.030213E-3
1.445500E-7	2.917159E-3
1.446000E-7	2.776697E-3
1.446500E-7	2.608829E-3
1.447000E-7	2.458090E-3
1.447500E-7	2.336471E-3
1.448000E-7	2.202861E-3
1.448500E-7	2.100084E-3
1.449000E-7	2.076103E-3
1.449500E-7	2.112075E-3
1.450000E-7	2.180593E-3
1.450500E-7	2.297073E-3
1.451000E-7	2.440961E-3
1.451500E-7	2.589987E-3
1.452000E-7	2.735587E-3
1.452500E-7	2.867484E-3
1.453000E-7	2.954845E-3
1.453500E-7	3.006233E-3
1.454000E-7	3.025075E-3
1.454500E-7	2.992529E-3
1.455000E-7	2.922298E-3
1.455500E-7	2.836651E-3
1.456000E-7	2.720170E-3
1.456500E-7	2.581422E-3
1.457000E-7	2.476932E-3
1.457500E-7	2.411839E-3
1.458000E-7	2.358738E-3
1.458500E-7	2.345034E-3
1.459000E-7	2.379293E-3
1.459500E-7	2.423830E-3
1.460000E-7	2.478644E-3
1.460500E-7	2.554014E-3
1.461000E-7	2.636235E-3
1.461500E-7	2.725309E-3
1.462000E-7	2.853780E-3
1.462500E-7	2.968547E-3
1.463000E-7	3.030213E-3
1.463500E-7	3.066185E-3
1.464000E-7	3.086741E-3
1.464500E-7	3.073037E-3
1.465000E-7	3.040491E-3
1.465500E-7	2.992529E-3
1.466000E-7	2.906881E-3
1.466500E-7	2.817808E-3
1.467000E-7	2.730448E-3
1.467500E-7	2.615680E-3
1.468000E-7	2.482070E-3
1.468500E-7	2.381006E-3
1.469000E-7	2.314201E-3
1.469500E-7	2.262813E-3
1.470000E-7	2.247396E-3
1.470500E-7	2.242257E-3
1.471000E-7	2.216563E-3
1.471500E-7	2.221702E-3
1.472000E-7	2.285081E-3
1.472500E-7	2.322766E-3
1.473000E-7	2.322766E-3
1.473500E-7	2.334756E-3
1.474000E-7	2.372441E-3
1.474500E-7	2.382719E-3
1.475000E-7	2.379293E-3
1.475500E-7	2.384432E-3
1.476000E-7	2.394710E-3
1.476500E-7	2.416978E-3
1.477000E-7	2.464941E-3
1.477500E-7	2.530033E-3
1.478000E-7	2.596838E-3
1.478500E-7	2.684198E-3
1.479000E-7	2.769845E-3
1.479500E-7	2.822947E-3
1.480000E-7	2.855493E-3
1.480500E-7	2.889752E-3
1.481000E-7	2.889752E-3
1.481500E-7	2.845216E-3
1.482000E-7	2.807531E-3
1.482500E-7	2.781837E-3
1.483000E-7	2.718458E-3
1.483500E-7	2.644802E-3
1.484000E-7	2.610543E-3
1.484500E-7	2.586561E-3
1.485000E-7	2.552302E-3
1.485500E-7	2.523182E-3
1.486000E-7	2.485497E-3
1.486500E-7	2.428969E-3
1.487000E-7	2.381007E-3
1.487500E-7	2.336470E-3
1.488000E-7	2.279942E-3
1.488500E-7	2.238832E-3
1.489000E-7	2.235406E-3
1.489500E-7	2.254248E-3
1.490000E-7	2.271378E-3
1.490500E-7	2.286795E-3
1.491000E-7	2.315915E-3
1.491500E-7	2.377581E-3
1.492000E-7	2.470080E-3
1.492500E-7	2.559154E-3
1.493000E-7	2.649940E-3
1.493500E-7	2.742439E-3
1.494000E-7	2.812670E-3
1.494500E-7	2.862345E-3
1.495000E-7	2.920585E-3
1.495500E-7	2.954844E-3
1.496000E-7	2.949705E-3
1.496500E-7	2.932575E-3
1.497000E-7	2.913733E-3
1.497500E-7	2.870909E-3
1.498000E-7	2.855493E-3
1.498500E-7	2.870909E-3
1.499000E-7	2.860632E-3
1.499500E-7	2.826373E-3
1.500000E-7	2.824660E-3
1.500500E-7	2.822947E-3
1.501000E-7	2.766420E-3
1.501500E-7	2.680773E-3
1.502000E-7	2.607116E-3
1.502500E-7	2.519756E-3
1.503000E-7	2.389572E-3
1.503500E-7	2.231981E-3
1.504000E-7	2.069251E-3
1.504500E-7	1.920224E-3
1.505000E-7	1.791753E-3
1.505500E-7	1.699254E-3
1.506000E-7	1.664995E-3
1.506500E-7	1.695828E-3
1.507000E-7	1.772910E-3
1.507500E-7	1.887678E-3
1.508000E-7	2.052120E-3
1.508500E-7	2.266239E-3
1.509000E-7	2.504338E-3
1.509500E-7	2.723595E-3
1.510000E-7	2.930862E-3
1.510500E-7	3.120999E-3
1.511000E-7	3.261461E-3
1.511500E-7	3.335117E-3
1.512000E-7	3.353960E-3
1.512500E-7	3.326553E-3
1.513000E-7	3.254609E-3
1.513500E-7	3.139842E-3
1.514000E-7	3.002806E-3
1.514500E-7	2.845215E-3
1.515000E-7	2.661930E-3
1.515500E-7	2.451238E-3
1.516000E-7	2.240545E-3
1.516500E-7	2.062398E-3
1.517000E-7	1.918511E-3
1.517500E-7	1.807169E-3
1.518000E-7	1.726660E-3
1.518500E-7	1.666707E-3
1.519000E-7	1.632448E-3
1.519500E-7	1.629022E-3
1.520000E-7	1.646152E-3
1.520500E-7	1.671846E-3
1.521000E-7	1.712957E-3
1.521500E-7	1.755781E-3
1.522000E-7	1.810595E-3
1.522500E-7	1.899669E-3
1.523000E-7	2.024714E-3
1.523500E-7	2.154898E-3
1.524000E-7	2.279943E-3
1.524500E-7	2.406701E-3
1.525000E-7	2.518042E-3
1.525500E-7	2.603689E-3
1.526000E-7	2.663643E-3
1.526500E-7	2.682485E-3
1.527000E-7	2.634523E-3
1.527500E-7	2.528320E-3
1.528000E-7	2.408414E-3
1.528500E-7	2.290220E-3
1.529000E-7	2.151472E-3
1.529500E-7	2.007584E-3
1.530000E-7	1.911659E-3
1.530500E-7	1.889391E-3
1.531000E-7	1.909946E-3
1.531500E-7	1.971612E-3
1.532000E-7	2.103509E-3
1.532500E-7	2.281655E-3
1.533000E-7	2.440959E-3
1.533500E-7	2.579708E-3
1.534000E-7	2.728734E-3
1.534500E-7	2.869196E-3
1.535000E-7	2.956556E-3
1.535500E-7	2.995954E-3
1.536000E-7	3.014796E-3
1.536500E-7	3.013083E-3
1.537000E-7	2.995954E-3
1.537500E-7	2.947992E-3
1.538000E-7	2.879474E-3
1.538500E-7	2.822947E-3
1.539000E-7	2.778410E-3
1.539500E-7	2.711606E-3
1.540000E-7	2.655079E-3
1.540500E-7	2.651653E-3
1.541000E-7	2.665357E-3
1.541500E-7	2.646514E-3
1.542000E-7	2.639663E-3
1.542500E-7	2.680774E-3
1.543000E-7	2.740727E-3
1.543500E-7	2.788689E-3
1.544000E-7	2.864059E-3
1.544500E-7	2.944567E-3
1.545000E-7	2.983965E-3
1.545500E-7	3.001094E-3
1.546000E-7	3.035353E-3
1.546500E-7	3.054195E-3
1.547000E-7	3.019936E-3
1.547500E-7	2.958269E-3
1.548000E-7	2.910307E-3
1.548500E-7	2.858918E-3
1.549000E-7	2.795539E-3
1.549500E-7	2.739012E-3
1.550000E-7	2.684198E-3
1.550500E-7	2.622532E-3
1.551000E-7	2.559153E-3
1.551500E-7	2.507764E-3
1.552000E-7	2.461515E-3
1.552500E-7	2.423830E-3
1.553000E-7	2.413552E-3
1.553500E-7	2.449524E-3
1.554000E-7	2.511190E-3
1.554500E-7	2.564292E-3
1.555000E-7	2.600264E-3
1.555500E-7	2.644800E-3
1.556000E-7	2.697902E-3
1.556500E-7	2.739012E-3
1.557000E-7	2.756142E-3
1.557500E-7	2.759568E-3
1.558000E-7	2.759568E-3
1.558500E-7	2.744151E-3
1.559000E-7	2.709892E-3
1.559500E-7	2.655078E-3
1.560000E-7	2.612254E-3
1.560500E-7	2.588273E-3
1.561000E-7	2.555727E-3
1.561500E-7	2.512903E-3
1.562000E-7	2.492348E-3
1.562500E-7	2.485496E-3
1.563000E-7	2.476932E-3
1.563500E-7	2.458090E-3
1.564000E-7	2.446099E-3
1.564500E-7	2.446099E-3
1.565000E-7	2.461516E-3
1.565500E-7	2.452951E-3
1.566000E-7	2.439248E-3
1.566500E-7	2.478645E-3
1.567000E-7	2.550589E-3
1.567500E-7	2.591700E-3
1.568000E-7	2.653366E-3
1.568500E-7	2.761281E-3
1.569000E-7	2.840077E-3
1.569500E-7	2.855493E-3
1.570000E-7	2.881187E-3
1.570500E-7	2.905168E-3
1.571000E-7	2.865770E-3
1.571500E-7	2.792113E-3
1.572000E-7	2.715030E-3
1.572500E-7	2.627670E-3
1.573000E-7	2.516329E-3
1.573500E-7	2.394710E-3
1.574000E-7	2.285081E-3
1.574500E-7	2.185730E-3
1.575000E-7	2.091518E-3
1.575500E-7	2.012723E-3
1.576000E-7	1.980177E-3
1.576500E-7	1.975038E-3
1.577000E-7	1.973326E-3
1.577500E-7	1.997307E-3
1.578000E-7	2.062399E-3
1.578500E-7	2.148046E-3
1.579000E-7	2.252536E-3
1.579500E-7	2.370729E-3
1.580000E-7	2.466654E-3
1.580500E-7	2.540311E-3
1.581000E-7	2.595125E-3
1.581500E-7	2.595125E-3
1.582000E-7	2.524894E-3
1.582500E-7	2.456376E-3
1.583000E-7	2.389571E-3
1.583500E-7	2.288508E-3
1.584000E-7	2.192582E-3
1.584500E-7	2.137768E-3
1.585000E-7	2.096657E-3
1.585500E-7	2.065824E-3
1.586000E-7	2.084666E-3
1.586500E-7	2.132629E-3
1.587000E-7	2.172026E-3
1.587500E-7	2.230267E-3
1.588000E-7	2.322766E-3
1.588500E-7	2.447811E-3
1.589000E-7	2.564291E-3
1.589500E-7	2.660216E-3
1.590000E-7	2.742438E-3
1.590500E-7	2.812669E-3
1.591000E-7	2.865770E-3
1.591500E-7	2.896603E-3
1.592000E-7	2.922297E-3
1.592500E-7	2.932575E-3
1.593000E-7	2.905168E-3
1.593500E-7	2.858918E-3
1.594000E-7	2.822946E-3
1.594500E-7	2.807530E-3
1.595000E-7	2.766419E-3
1.595500E-7	2.715031E-3
1.596000E-7	2.713318E-3
1.596500E-7	2.766420E-3
1.597000E-7	2.795540E-3
1.597500E-7	2.798966E-3
1.598000E-7	2.812669E-3
1.598500E-7	2.816095E-3
1.599000E-7	2.785262E-3
1.599500E-7	2.754429E-3
1.600000E-7	2.720170E-3
1.600500E-7	2.637949E-3
1.601000E-7	2.516330E-3
1.601500E-7	2.372442E-3
1.602000E-7	2.189157E-3
1.602500E-7	1.990455E-3
1.603000E-7	1.812309E-3
1.603500E-7	1.661569E-3
1.604000E-7	1.543376E-3
1.604500E-7	1.485136E-3
1.605000E-7	1.488562E-3
1.605500E-7	1.541663E-3
1.606000E-7	1.644439E-3
1.606500E-7	1.788327E-3
1.607000E-7	1.969899E-3
1.607500E-7	2.201147E-3
1.608000E-7	2.440959E-3
1.608500E-7	2.629384E-3
1.609000E-7	2.783549E-3
1.609500E-7	2.906881E-3
1.610000E-7	2.954844E-3
1.610500E-7	2.942854E-3
1.611000E-7	2.925724E-3
1.611500E-7	2.852068E-3
1.612000E-7	2.703042E-3
1.612500E-7	2.564293E-3
1.613000E-7	2.478645E-3
1.613500E-7	2.389572E-3
1.614000E-7	2.317628E-3
1.614500E-7	2.322766E-3
1.615000E-7	2.382719E-3
1.615500E-7	2.461515E-3
1.616000E-7	2.583134E-3
1.616500E-7	2.730447E-3
1.617000E-7	2.857205E-3
1.617500E-7	2.951417E-3
1.618000E-7	3.016509E-3
1.618500E-7	3.011371E-3
1.619000E-7	2.918872E-3
1.619500E-7	2.776697E-3
1.620000E-7	2.601977E-3
1.620500E-7	2.410127E-3
1.621000E-7	2.214851E-3
1.621500E-7	2.029853E-3
1.622000E-7	1.882539E-3
1.622500E-7	1.784901E-3
1.623000E-7	1.754068E-3
1.623500E-7	1.793466E-3
1.624000E-7	1.921937E-3
1.624500E-7	2.117213E-3
1.625000E-7	2.333044E-3
1.625500E-7	2.538598E-3
1.626000E-7	2.749290E-3
1.626500E-7	2.951418E-3
1.627000E-7	3.109009E-3
1.627500E-7	3.211786E-3
1.628000E-7	3.275165E-3
1.628500E-7	3.311136E-3
1.629000E-7	3.323127E-3
1.629500E-7	3.326553E-3
1.630000E-7	3.329978E-3
1.630500E-7	3.333404E-3
1.631000E-7	3.336830E-3
1.631500E-7	3.338543E-3
1.632000E-7	3.343682E-3
1.632500E-7	3.362525E-3
1.633000E-7	3.384793E-3
1.633500E-7	3.379654E-3
1.634000E-7	3.360812E-3
1.634500E-7	3.333405E-3
1.635000E-7	3.252897E-3
1.635500E-7	3.121000E-3
1.636000E-7	2.990816E-3
1.636500E-7	2.886326E-3
1.637000E-7	2.754429E-3
1.637500E-7	2.610542E-3
1.638000E-7	2.524894E-3
1.638500E-7	2.464941E-3
1.639000E-7	2.392998E-3
1.639500E-7	2.345035E-3
1.640000E-7	2.348461E-3
1.640500E-7	2.363877E-3
1.641000E-7	2.386145E-3
1.641500E-7	2.425543E-3
1.642000E-7	2.485496E-3
1.642500E-7	2.560865E-3
1.643000E-7	2.641374E-3
1.643500E-7	2.709892E-3
1.644000E-7	2.795539E-3
1.644500E-7	2.896603E-3
1.645000E-7	2.963408E-3
1.645500E-7	2.989102E-3
1.646000E-7	2.997667E-3
1.646500E-7	3.004519E-3
1.647000E-7	3.011371E-3
1.647500E-7	3.021649E-3
1.648000E-7	3.031927E-3
1.648500E-7	3.038779E-3
1.649000E-7	3.059334E-3
1.649500E-7	3.067899E-3
1.650000E-7	3.062760E-3
1.650500E-7	3.076463E-3
1.651000E-7	3.107296E-3
1.651500E-7	3.121000E-3
1.652000E-7	3.129564E-3
1.652500E-7	3.144981E-3
1.653000E-7	3.127851E-3
1.653500E-7	3.059333E-3
1.654000E-7	2.980537E-3
1.654500E-7	2.898316E-3
1.655000E-7	2.783549E-3
1.655500E-7	2.653365E-3
1.656000E-7	2.531746E-3
1.656500E-7	2.425543E-3
1.657000E-7	2.336470E-3
1.657500E-7	2.278230E-3
1.658000E-7	2.245685E-3
1.658500E-7	2.240546E-3
1.659000E-7	2.255963E-3
1.659500E-7	2.262814E-3
1.660000E-7	2.283369E-3
1.660500E-7	2.365591E-3
1.661000E-7	2.500913E-3
1.661500E-7	2.636236E-3
1.662000E-7	2.780123E-3
1.662500E-7	2.951418E-3
1.663000E-7	3.107296E-3
1.663500E-7	3.211785E-3
1.664000E-7	3.299146E-3
1.664500E-7	3.371089E-3
1.665000E-7	3.391645E-3
1.665500E-7	3.369377E-3
1.666000E-7	3.329979E-3
1.666500E-7	3.263174E-3
1.667000E-7	3.141555E-3
1.667500E-7	2.970260E-3
1.668000E-7	2.766419E-3
1.668500E-7	2.564291E-3
1.669000E-7	2.379293E-3
1.669500E-7	2.221702E-3
1.670000E-7	2.096656E-3
1.670500E-7	2.031565E-3
1.671000E-7	2.011009E-3
1.671500E-7	2.019574E-3
1.672000E-7	2.091518E-3
1.672500E-7	2.213137E-3
1.673000E-7	2.345035E-3
1.673500E-7	2.461515E-3
1.674000E-7	2.579709E-3
1.674500E-7	2.692763E-3
1.675000E-7	2.774985E-3
1.675500E-7	2.819521E-3
1.676000E-7	2.834937E-3
1.676500E-7	2.833224E-3
1.677000E-7	2.841789E-3
1.677500E-7	2.840076E-3
1.678000E-7	2.809243E-3
1.678500E-7	2.774984E-3
1.679000E-7	2.785262E-3
1.679500E-7	2.822947E-3
1.680000E-7	2.864057E-3
1.680500E-7	2.910307E-3
1.681000E-7	2.961696E-3
1.681500E-7	3.038778E-3
1.682000E-7	3.136416E-3
1.682500E-7	3.198082E-3
1.683000E-7	3.203221E-3
1.683500E-7	3.186091E-3
1.684000E-7	3.155258E-3
1.684500E-7	3.090166E-3
1.685000E-7	2.997667E-3
1.685500E-7	2.901742E-3
1.686000E-7	2.795540E-3
1.686500E-7	2.697902E-3
1.687000E-7	2.634523E-3
1.687500E-7	2.608829E-3
1.688000E-7	2.607116E-3
1.688500E-7	2.653366E-3
1.689000E-7	2.730449E-3
1.689500E-7	2.807531E-3
1.690000E-7	2.886327E-3
1.690500E-7	2.963409E-3
1.691000E-7	2.995955E-3
1.691500E-7	2.973687E-3
1.692000E-7	2.906881E-3
1.692500E-7	2.805817E-3
1.693000E-7	2.673920E-3
1.693500E-7	2.535172E-3
1.694000E-7	2.392997E-3
1.694500E-7	2.276516E-3
1.695000E-7	2.216563E-3
1.695500E-7	2.190869E-3
1.696000E-7	2.170314E-3
1.696500E-7	2.202860E-3
1.697000E-7	2.309062E-3
1.697500E-7	2.434107E-3
1.698000E-7	2.550588E-3
1.698500E-7	2.672207E-3
1.699000E-7	2.783548E-3
1.699500E-7	2.834937E-3
1.700000E-7	2.824659E-3
1.700500E-7	2.783548E-3
1.701000E-7	2.709892E-3
1.701500E-7	2.595124E-3
1.702000E-7	2.466653E-3
1.702500E-7	2.348460E-3
1.703000E-7	2.243970E-3
1.703500E-7	2.151471E-3
1.704000E-7	2.094944E-3
1.704500E-7	2.070963E-3
1.705000E-7	2.070963E-3
1.705500E-7	2.103509E-3
1.706000E-7	2.177166E-3
1.706500E-7	2.257674E-3
1.707000E-7	2.348460E-3
1.707500E-7	2.449524E-3
1.708000E-7	2.560866E-3
1.708500E-7	2.679059E-3
1.709000E-7	2.800678E-3
1.709500E-7	2.876048E-3
1.710000E-7	2.922298E-3
1.710500E-7	2.999381E-3
1.711000E-7	3.064473E-3
1.711500E-7	3.067899E-3
1.712000E-7	3.066186E-3
1.712500E-7	3.090167E-3
1.713000E-7	3.066186E-3
1.713500E-7	2.994242E-3
1.714000E-7	2.946279E-3
1.714500E-7	2.882900E-3
1.715000E-7	2.759568E-3
1.715500E-7	2.643088E-3
1.716000E-7	2.576283E-3
1.716500E-7	2.540311E-3
1.717000E-7	2.514616E-3
1.717500E-7	2.516329E-3
1.718000E-7	2.536885E-3
1.718500E-7	2.591699E-3
1.719000E-7	2.670494E-3
1.719500E-7	2.745864E-3
1.720000E-7	2.824660E-3
1.720500E-7	2.918872E-3
1.721000E-7	2.987390E-3
1.721500E-7	3.018223E-3
1.722000E-7	3.045630E-3
1.722500E-7	3.059333E-3
1.723000E-7	3.025075E-3
1.723500E-7	2.982251E-3
1.724000E-7	2.966834E-3
1.724500E-7	2.937714E-3
1.725000E-7	2.886326E-3
1.725500E-7	2.855493E-3
1.726000E-7	2.850354E-3
1.726500E-7	2.821234E-3
1.727000E-7	2.774984E-3
1.727500E-7	2.756141E-3
1.728000E-7	2.757854E-3
1.728500E-7	2.730447E-3
1.729000E-7	2.656790E-3
1.729500E-7	2.579707E-3
1.730000E-7	2.523180E-3
1.730500E-7	2.449523E-3
1.731000E-7	2.350173E-3
1.731500E-7	2.238831E-3
1.732000E-7	2.160036E-3
1.732500E-7	2.100083E-3
1.733000E-7	2.041843E-3
1.733500E-7	2.002446E-3
1.734000E-7	2.017862E-3
1.734500E-7	2.062399E-3
1.735000E-7	2.112075E-3
1.735500E-7	2.178880E-3
1.736000E-7	2.250824E-3
1.736500E-7	2.285083E-3
1.737000E-7	2.297073E-3
1.737500E-7	2.285082E-3
1.738000E-7	2.235406E-3
1.738500E-7	2.177166E-3
1.739000E-7	2.172027E-3
1.739500E-7	2.187443E-3
1.740000E-7	2.196008E-3
1.740500E-7	2.242257E-3
1.741000E-7	2.346747E-3
1.741500E-7	2.468366E-3
1.742000E-7	2.610541E-3
1.742500E-7	2.778410E-3
1.743000E-7	2.949705E-3
1.743500E-7	3.127851E-3
1.744000E-7	3.305998E-3
1.744500E-7	3.419052E-3
1.745000E-7	3.458450E-3
1.745500E-7	3.446460E-3
1.746000E-7	3.371090E-3
1.746500E-7	3.235767E-3
1.747000E-7	3.083315E-3
1.747500E-7	2.922298E-3
1.748000E-7	2.747577E-3
1.748500E-7	2.589986E-3
1.749000E-7	2.459802E-3
1.749500E-7	2.343322E-3
1.750000E-7	2.259387E-3
1.750500E-7	2.233693E-3
1.751000E-7	2.231980E-3
1.751500E-7	2.262814E-3
1.752000E-7	2.324480E-3
1.752500E-7	2.389572E-3
1.753000E-7	2.463228E-3
1.753500E-7	2.577996E-3
1.754000E-7	2.716745E-3
1.754500E-7	2.834938E-3
1.755000E-7	2.956557E-3
1.755500E-7	3.073037E-3
1.756000E-7	3.131277E-3
1.756500E-7	3.155258E-3
1.757000E-7	3.186091E-3
1.757500E-7	3.184378E-3
1.758000E-7	3.119286E-3
1.758500E-7	3.038778E-3
1.759000E-7	2.954843E-3
1.759500E-7	2.850354E-3
1.760000E-7	2.740725E-3
1.760500E-7	2.643087E-3
1.761000E-7	2.560866E-3
1.761500E-7	2.511190E-3
1.762000E-7	2.502626E-3
1.762500E-7	2.494061E-3
1.763000E-7	2.482070E-3
1.763500E-7	2.471793E-3
1.764000E-7	2.452950E-3
1.764500E-7	2.437534E-3
1.765000E-7	2.437534E-3
1.765500E-7	2.420405E-3
1.766000E-7	2.350174E-3
1.766500E-7	2.267952E-3
1.767000E-7	2.219990E-3
1.767500E-7	2.172027E-3
1.768000E-7	2.120639E-3
1.768500E-7	2.134342E-3
1.769000E-7	2.218277E-3
1.769500E-7	2.300498E-3
1.770000E-7	2.386146E-3
1.770500E-7	2.533459E-3
1.771000E-7	2.720170E-3
1.771500E-7	2.893177E-3
1.772000E-7	3.055907E-3
1.772500E-7	3.223776E-3
1.773000E-7	3.352247E-3
1.773500E-7	3.412200E-3
1.774000E-7	3.432755E-3
1.774500E-7	3.431042E-3
1.775000E-7	3.401922E-3
1.775500E-7	3.321414E-3
1.776000E-7	3.213498E-3
1.776500E-7	3.109009E-3
1.777000E-7	3.007945E-3
1.777500E-7	2.893178E-3
1.778000E-7	2.790401E-3
1.778500E-7	2.716745E-3
1.779000E-7	2.670495E-3
1.779500E-7	2.636237E-3
1.780000E-7	2.634524E-3
1.780500E-7	2.651653E-3
1.781000E-7	2.639662E-3
1.781500E-7	2.600264E-3
1.782000E-7	2.562579E-3
1.782500E-7	2.519755E-3
1.783000E-7	2.456376E-3
1.783500E-7	2.391284E-3
1.784000E-7	2.346747E-3
1.784500E-7	2.317627E-3
1.785000E-7	2.298785E-3
1.785500E-7	2.286794E-3
1.786000E-7	2.302211E-3
1.786500E-7	2.343321E-3
1.787000E-7	2.398136E-3
1.787500E-7	2.446099E-3
1.788000E-7	2.495774E-3
1.788500E-7	2.547163E-3
1.789000E-7	2.600264E-3
1.789500E-7	2.639662E-3
1.790000E-7	2.643088E-3
1.790500E-7	2.620819E-3
1.791000E-7	2.584847E-3
1.791500E-7	2.509477E-3
1.792000E-7	2.406700E-3
1.792500E-7	2.324478E-3
1.793000E-7	2.267951E-3
1.793500E-7	2.182303E-3
1.794000E-7	2.103508E-3
1.794500E-7	2.077813E-3
1.795000E-7	2.098369E-3
1.795500E-7	2.122350E-3
1.796000E-7	2.173739E-3
1.796500E-7	2.257673E-3
1.797000E-7	2.338182E-3
1.797500E-7	2.399848E-3
1.798000E-7	2.444385E-3
1.798500E-7	2.454663E-3
1.799000E-7	2.430682E-3
1.799500E-7	2.408414E-3
1.800000E-7	2.404988E-3
1.800500E-7	2.372442E-3
1.801000E-7	2.319340E-3
1.801500E-7	2.300497E-3
1.802000E-7	2.327904E-3
1.802500E-7	2.389570E-3
1.803000E-7	2.461514E-3
1.803500E-7	2.554013E-3
1.804000E-7	2.646512E-3
1.804500E-7	2.733873E-3
1.805000E-7	2.809242E-3
1.805500E-7	2.843502E-3
1.806000E-7	2.828085E-3
1.806500E-7	2.795540E-3
1.807000E-7	2.751003E-3
1.807500E-7	2.656791E-3
1.808000E-7	2.506052E-3
1.808500E-7	2.327905E-3
1.809000E-7	2.154898E-3
1.809500E-7	1.993881E-3
1.810000E-7	1.872261E-3
1.810500E-7	1.805456E-3
1.811000E-7	1.788327E-3
1.811500E-7	1.814021E-3
1.812000E-7	1.887677E-3
1.812500E-7	2.004158E-3
1.813000E-7	2.120638E-3
1.813500E-7	2.202860E-3
1.814000E-7	2.290220E-3
1.814500E-7	2.398136E-3
1.815000E-7	2.475219E-3
1.815500E-7	2.464941E-3
1.816000E-7	2.401562E-3
1.816500E-7	2.345035E-3
1.817000E-7	2.286795E-3
1.817500E-7	2.216564E-3
1.818000E-7	2.170314E-3
1.818500E-7	2.165176E-3
1.819000E-7	2.192583E-3
1.819500E-7	2.273091E-3
1.820000E-7	2.384433E-3
1.820500E-7	2.490636E-3
1.821000E-7	2.583135E-3
1.821500E-7	2.651653E-3
1.822000E-7	2.675634E-3
1.822500E-7	2.672208E-3
1.823000E-7	2.673921E-3
1.823500E-7	2.646514E-3
1.824000E-7	2.589986E-3
1.824500E-7	2.564292E-3
1.825000E-7	2.555727E-3
1.825500E-7	2.519755E-3
1.826000E-7	2.502626E-3
1.826500E-7	2.560866E-3
1.827000E-7	2.648226E-3
1.827500E-7	2.716744E-3
1.828000E-7	2.798966E-3
1.828500E-7	2.874335E-3
1.829000E-7	2.884613E-3
1.829500E-7	2.828086E-3
1.830000E-7	2.740726E-3
1.830500E-7	2.617394E-3
1.831000E-7	2.470080E-3
1.831500E-7	2.310776E-3
1.832000E-7	2.139481E-3
1.832500E-7	1.978464E-3
1.833000E-7	1.873975E-3
1.833500E-7	1.838003E-3
1.834000E-7	1.860271E-3
1.834500E-7	1.944205E-3
1.835000E-7	2.065825E-3
1.835500E-7	2.194296E-3
1.836000E-7	2.319341E-3
1.836500E-7	2.425543E-3
1.837000E-7	2.478645E-3
1.837500E-7	2.504339E-3
1.838000E-7	2.500913E-3
1.838500E-7	2.427256E-3
1.839000E-7	2.300498E-3
1.839500E-7	2.197721E-3
1.840000E-7	2.105222E-3
1.840500E-7	1.963047E-3
1.841000E-7	1.841428E-3
1.841500E-7	1.803743E-3
1.842000E-7	1.817447E-3
1.842500E-7	1.817447E-3
1.843000E-7	1.853419E-3
1.843500E-7	1.966474E-3
1.844000E-7	2.108648E-3
1.844500E-7	2.237119E-3
1.845000E-7	2.369016E-3
1.845500E-7	2.490635E-3
1.846000E-7	2.591699E-3
1.846500E-7	2.687624E-3
1.847000E-7	2.744151E-3
1.847500E-7	2.756142E-3
1.848000E-7	2.742438E-3
1.848500E-7	2.709892E-3
1.849000E-7	2.648226E-3
1.849500E-7	2.584847E-3
1.850000E-7	2.533458E-3
1.850500E-7	2.482069E-3
1.851000E-7	2.427255E-3
1.851500E-7	2.391283E-3
1.852000E-7	2.365589E-3
1.852500E-7	2.384431E-3
1.853000E-7	2.447810E-3
1.853500E-7	2.492347E-3
1.854000E-7	2.506051E-3
1.854500E-7	2.543735E-3
1.855000E-7	2.610540E-3
1.855500E-7	2.643086E-3
1.856000E-7	2.675632E-3
1.856500E-7	2.740724E-3
1.857000E-7	2.781835E-3
1.857500E-7	2.790400E-3
1.858000E-7	2.831510E-3
1.858500E-7	2.891464E-3
1.859000E-7	2.913732E-3
1.859500E-7	2.908593E-3
1.860000E-7	2.901741E-3
1.860500E-7	2.872621E-3
1.861000E-7	2.833223E-3
1.861500E-7	2.788687E-3
1.862000E-7	2.703039E-3
1.862500E-7	2.612253E-3
1.863000E-7	2.542022E-3
1.863500E-7	2.478643E-3
1.864000E-7	2.430681E-3
1.864500E-7	2.427255E-3
1.865000E-7	2.449524E-3
1.865500E-7	2.458089E-3
1.866000E-7	2.495774E-3
1.866500E-7	2.559153E-3
1.867000E-7	2.610541E-3
1.867500E-7	2.648226E-3
1.868000E-7	2.692763E-3
1.868500E-7	2.745864E-3
1.869000E-7	2.793826E-3
1.869500E-7	2.828085E-3
1.870000E-7	2.841789E-3
1.870500E-7	2.836650E-3
1.871000E-7	2.829798E-3
1.871500E-7	2.819521E-3
1.872000E-7	2.793827E-3
1.872500E-7	2.764707E-3
1.873000E-7	2.739013E-3
1.873500E-7	2.716744E-3
1.874000E-7	2.679060E-3
1.874500E-7	2.644801E-3
1.875000E-7	2.622532E-3
1.875500E-7	2.613967E-3
1.876000E-7	2.612254E-3
1.876500E-7	2.625958E-3
1.877000E-7	2.639661E-3
1.877500E-7	2.649938E-3
1.878000E-7	2.667068E-3
1.878500E-7	2.689336E-3
1.879000E-7	2.706465E-3
1.879500E-7	2.735585E-3
1.880000E-7	2.783548E-3
1.880500E-7	2.838362E-3
1.881000E-7	2.891464E-3
1.881500E-7	2.925723E-3
1.882000E-7	2.932575E-3
1.882500E-7	2.951418E-3
1.883000E-7	3.006232E-3
1.883500E-7	3.037066E-3
1.884000E-7	3.018223E-3
1.884500E-7	2.992529E-3
1.885000E-7	2.968548E-3
1.885500E-7	2.912020E-3
1.886000E-7	2.838364E-3
1.886500E-7	2.774985E-3
1.887000E-7	2.706467E-3
1.887500E-7	2.613968E-3
1.888000E-7	2.524894E-3
1.888500E-7	2.451238E-3
1.889000E-7	2.418692E-3
1.889500E-7	2.413553E-3
1.890000E-7	2.404988E-3
1.890500E-7	2.389572E-3
1.891000E-7	2.410127E-3
1.891500E-7	2.454663E-3
1.892000E-7	2.478645E-3
1.892500E-7	2.494061E-3
1.893000E-7	2.516329E-3
1.893500E-7	2.504338E-3
1.894000E-7	2.458089E-3
1.894500E-7	2.411839E-3
1.895000E-7	2.381006E-3
1.895500E-7	2.327905E-3
1.896000E-7	2.257674E-3
1.896500E-7	2.209712E-3
1.897000E-7	2.211425E-3
1.897500E-7	2.213138E-3
1.898000E-7	2.196008E-3
1.898500E-7	2.206286E-3
1.899000E-7	2.261101E-3
1.899500E-7	2.322767E-3
1.900000E-7	2.381007E-3
1.900500E-7	2.464942E-3
1.901000E-7	2.566006E-3
1.901500E-7	2.658505E-3
1.902000E-7	2.732162E-3
1.902500E-7	2.783550E-3
1.903000E-7	2.800679E-3
1.903500E-7	2.802392E-3
1.904000E-7	2.797253E-3
1.904500E-7	2.773271E-3
1.905000E-7	2.728735E-3
1.905500E-7	2.672207E-3
1.906000E-7	2.610541E-3
1.906500E-7	2.567717E-3
1.907000E-7	2.555726E-3
1.907500E-7	2.557439E-3
1.908000E-7	2.564291E-3
1.908500E-7	2.577995E-3
1.909000E-7	2.603689E-3
1.909500E-7	2.644800E-3
1.910000E-7	2.680772E-3
1.910500E-7	2.704753E-3
1.911000E-7	2.727022E-3
1.911500E-7	2.728735E-3
1.912000E-7	2.697902E-3
1.912500E-7	2.682485E-3
1.913000E-7	2.728735E-3
1.913500E-7	2.774984E-3
1.914000E-7	2.802392E-3
1.914500E-7	2.855493E-3
1.915000E-7	2.927437E-3
1.915500E-7	2.987390E-3
1.916000E-7	3.071324E-3
1.916500E-7	3.180953E-3
1.917000E-7	3.258036E-3
1.917500E-7	3.287156E-3
1.918000E-7	3.304285E-3
1.918500E-7	3.287156E-3
1.919000E-7	3.216925E-3
1.919500E-7	3.114149E-3
1.920000E-7	2.973687E-3
1.920500E-7	2.788689E-3
1.921000E-7	2.610542E-3
1.921500E-7	2.463229E-3
1.922000E-7	2.327906E-3
1.922500E-7	2.199435E-3
1.923000E-7	2.118926E-3
1.923500E-7	2.062399E-3
1.924000E-7	1.990455E-3
1.924500E-7	1.956196E-3
1.925000E-7	1.985316E-3
1.925500E-7	2.023001E-3
1.926000E-7	2.065825E-3
1.926500E-7	2.144620E-3
1.927000E-7	2.245684E-3
1.927500E-7	2.327906E-3
1.928000E-7	2.396424E-3
1.928500E-7	2.458090E-3
1.929000E-7	2.492349E-3
1.929500E-7	2.500914E-3
1.930000E-7	2.495775E-3
1.930500E-7	2.468368E-3
1.931000E-7	2.425544E-3
1.931500E-7	2.389572E-3
1.932000E-7	2.369016E-3
1.932500E-7	2.375868E-3
1.933000E-7	2.428969E-3
1.933500E-7	2.488922E-3
1.934000E-7	2.552301E-3
1.934500E-7	2.663642E-3
1.935000E-7	2.807530E-3
1.935500E-7	2.925723E-3
1.936000E-7	3.033639E-3
1.936500E-7	3.139842E-3
1.937000E-7	3.182665E-3
1.937500E-7	3.148407E-3
1.938000E-7	3.095305E-3
1.938500E-7	3.019935E-3
1.939000E-7	2.888039E-3
1.939500E-7	2.725309E-3
1.940000E-7	2.564292E-3
1.940500E-7	2.408414E-3
1.941000E-7	2.269665E-3
1.941500E-7	2.161749E-3
1.942000E-7	2.079528E-3
1.942500E-7	2.048695E-3
1.943000E-7	2.067538E-3
1.943500E-7	2.086380E-3
1.944000E-7	2.098371E-3
1.944500E-7	2.122352E-3
1.945000E-7	2.156611E-3
1.945500E-7	2.177167E-3
1.946000E-7	2.202861E-3
1.946500E-7	2.231981E-3
1.947000E-7	2.250823E-3
1.947500E-7	2.271379E-3
1.948000E-7	2.286795E-3
1.948500E-7	2.276518E-3
1.949000E-7	2.245684E-3
1.949500E-7	2.233694E-3
1.950000E-7	2.238833E-3
1.950500E-7	2.223416E-3
1.951000E-7	2.197722E-3
1.951500E-7	2.182305E-3
1.952000E-7	2.189157E-3
1.952500E-7	2.194296E-3
1.953000E-7	2.180592E-3
1.953500E-7	2.185731E-3
1.954000E-7	2.255962E-3
1.954500E-7	2.372442E-3
1.955000E-7	2.459802E-3
1.955500E-7	2.550589E-3
1.956000E-7	2.689337E-3
1.956500E-7	2.855493E-3
1.957000E-7	2.980539E-3
1.957500E-7	3.067899E-3
1.958000E-7	3.136417E-3
1.958500E-7	3.179241E-3
1.959000E-7	3.172389E-3
1.959500E-7	3.103871E-3
1.960000E-7	2.954844E-3
1.960500E-7	2.773272E-3
1.961000E-7	2.600264E-3
1.961500E-7	2.440960E-3
1.962000E-7	2.285081E-3
1.962500E-7	2.165175E-3
1.963000E-7	2.115499E-3
1.963500E-7	2.130916E-3
1.964000E-7	2.175453E-3
1.964500E-7	2.235406E-3
1.965000E-7	2.327905E-3
1.965500E-7	2.456376E-3
1.966000E-7	2.591699E-3
1.966500E-7	2.699615E-3
1.967000E-7	2.776697E-3
1.967500E-7	2.838363E-3
1.968000E-7	2.888039E-3
1.968500E-7	2.901742E-3
1.969000E-7	2.852067E-3
1.969500E-7	2.747577E-3
1.970000E-7	2.620819E-3
1.970500E-7	2.468366E-3
1.971000E-7	2.286794E-3
1.971500E-7	2.110360E-3
1.972000E-7	1.990454E-3
1.972500E-7	1.904806E-3
1.973000E-7	1.826011E-3
1.973500E-7	1.764345E-3
1.974000E-7	1.745502E-3
1.974500E-7	1.781474E-3
1.975000E-7	1.856844E-3
1.975500E-7	1.973325E-3
1.976000E-7	2.125777E-3
1.976500E-7	2.297072E-3
1.977000E-7	2.439247E-3
1.977500E-7	2.562579E-3
1.978000E-7	2.687624E-3
1.978500E-7	2.797253E-3
1.979000E-7	2.860632E-3
1.979500E-7	2.886326E-3
1.980000E-7	2.906881E-3
1.980500E-7	2.930862E-3
1.981000E-7	2.925723E-3
1.981500E-7	2.893177E-3
1.982000E-7	2.838363E-3
1.982500E-7	2.795540E-3
1.983000E-7	2.769845E-3
1.983500E-7	2.742438E-3
1.984000E-7	2.696189E-3
1.984500E-7	2.641375E-3
1.985000E-7	2.601977E-3
1.985500E-7	2.548876E-3
1.986000E-7	2.456376E-3
1.986500E-7	2.355312E-3
1.987000E-7	2.281655E-3
1.987500E-7	2.192582E-3
1.988000E-7	2.069250E-3
1.988500E-7	1.957908E-3
1.989000E-7	1.884251E-3
1.989500E-7	1.844853E-3
1.990000E-7	1.822585E-3
1.990500E-7	1.836289E-3
1.991000E-7	1.891103E-3
1.991500E-7	1.952769E-3
1.992000E-7	1.975038E-3
1.992500E-7	1.990455E-3
1.993000E-7	2.034991E-3
1.993500E-7	2.060686E-3
1.994000E-7	2.046982E-3
1.994500E-7	2.052121E-3
1.995000E-7	2.081242E-3
1.995500E-7	2.077816E-3
1.996000E-7	2.064112E-3
1.996500E-7	2.112075E-3
1.997000E-7	2.166889E-3
1.997500E-7	2.184018E-3
1.998000E-7	2.235406E-3
1.998500E-7	2.334757E-3
1.999000E-7	2.398136E-3
1.999500E-7	2.428969E-3
2.000000E-7	2.478644E-3
