Study Name	Tungsten_Kyocera
Sample Name	2024-02-05
Run Name	spot03
Operator	Angus+Samantha
Date	2/5/2024
Time	16:26
Sign	FIX
Grating Spacing	03.40um
Channel	3
Number Traces	10000
Files in Batch	1
Batch Number	49
dt	50.000001E-12
time stamp (ms)	5:16:54 PM
	
Time	Amplitude
0.000000E+0	4.111129E-4
5.000000E-11	2.877807E-4
1.000000E-10	1.695874E-4
1.500000E-10	6.852348E-5
2.000000E-10	1.884799E-5
2.500000E-10	1.199618E-5
3.000000E-10	5.139394E-5
3.500000E-10	1.284765E-4
4.000000E-10	2.192627E-4
4.500000E-10	2.929194E-4
5.000000E-10	3.648633E-4
5.500000E-10	4.145388E-4
6.000000E-10	4.042611E-4
6.500000E-10	3.460210E-4
7.000000E-10	2.946327E-4
7.500000E-10	2.672256E-4
8.000000E-10	2.346796E-4
8.500000E-10	1.987077E-4
9.000000E-10	1.695876E-4
9.500000E-10	1.730135E-4
1.000000E-9	2.089853E-4
1.050000E-9	2.689384E-4
1.100000E-9	3.494469E-4
1.150000E-9	4.487978E-4
1.200000E-9	5.447227E-4
1.250000E-9	6.252312E-4
1.300000E-9	7.143043E-4
1.350000E-9	8.119422E-4
1.400000E-9	8.633305E-4
1.450000E-9	8.581916E-4
1.500000E-9	8.581916E-4
1.550000E-9	8.599045E-4
1.600000E-9	8.307843E-4
1.650000E-9	7.999512E-4
1.700000E-9	8.136547E-4
1.750000E-9	8.479135E-4
1.800000E-9	8.633299E-4
1.850000E-9	8.890241E-4
1.900000E-9	9.489771E-4
1.950000E-9	9.969395E-4
2.000000E-9	1.003791E-3
2.050000E-9	1.003791E-3
2.100000E-9	1.029486E-3
2.150000E-9	1.031198E-3
2.200000E-9	9.883749E-4
2.250000E-9	9.215700E-4
2.300000E-9	8.581910E-4
2.350000E-9	8.102286E-4
2.400000E-9	7.639791E-4
2.450000E-9	7.057390E-4
2.500000E-9	6.474989E-4
2.550000E-9	6.218047E-4
2.600000E-9	6.286565E-4
2.650000E-9	6.337954E-4
2.700000E-9	6.646286E-4
2.750000E-9	7.297207E-4
2.800000E-9	8.033776E-4
2.850000E-9	8.701826E-4
2.900000E-9	9.421265E-4
2.950000E-9	1.008932E-3
3.000000E-9	1.032913E-3
3.050000E-9	1.015783E-3
3.100000E-9	1.007218E-3
3.150000E-9	9.815240E-4
3.200000E-9	9.232836E-4
3.250000E-9	8.496266E-4
3.300000E-9	7.965251E-4
3.350000E-9	7.571271E-4
3.400000E-9	7.485621E-4
3.450000E-9	7.776821E-4
3.500000E-9	8.307833E-4
3.550000E-9	8.941623E-4
3.600000E-9	9.661061E-4
3.650000E-9	1.019208E-3
3.700000E-9	1.051754E-3
3.750000E-9	1.060319E-3
3.800000E-9	1.010643E-3
3.850000E-9	8.975888E-4
3.900000E-9	7.639791E-4
3.950000E-9	6.406470E-4
4.000000E-9	5.070372E-4
4.050000E-9	3.734273E-4
4.100000E-9	2.775023E-4
4.150000E-9	2.244010E-4
4.200000E-9	2.124104E-4
4.250000E-9	2.398176E-4
4.300000E-9	3.083355E-4
4.350000E-9	4.111124E-4
4.400000E-9	5.481482E-4
4.450000E-9	6.868970E-4
4.500000E-9	7.896740E-4
4.550000E-9	8.667567E-4
4.600000E-9	9.095804E-4
4.650000E-9	8.907380E-4
4.700000E-9	8.256460E-4
4.750000E-9	7.365728E-4
4.800000E-9	6.063888E-4
4.850000E-9	4.350941E-4
4.900000E-9	2.740770E-4
4.950000E-9	1.267636E-4
5.000000E-9	-1.369810E-5
5.050000E-9	-1.164750E-4
5.100000E-9	-1.610116E-4
5.150000E-9	-1.558728E-4
5.200000E-9	-1.147622E-4
5.250000E-9	-2.911494E-5
5.300000E-9	9.079121E-5
5.350000E-9	2.312527E-4
5.400000E-9	3.700014E-4
5.450000E-9	4.744910E-4
5.500000E-9	5.789807E-4
5.550000E-9	6.954609E-4
5.600000E-9	7.811081E-4
5.650000E-9	7.948116E-4
5.700000E-9	7.519879E-4
5.750000E-9	7.074513E-4
5.800000E-9	6.663407E-4
5.850000E-9	5.926841E-4
5.900000E-9	4.984722E-4
5.950000E-9	4.265286E-4
6.000000E-9	3.751404E-4
6.050000E-9	3.117616E-4
6.100000E-9	2.723640E-4
6.150000E-9	2.860678E-4
6.200000E-9	3.031974E-4
6.250000E-9	2.860680E-4
6.300000E-9	2.603738E-4
6.350000E-9	2.466702E-4
6.400000E-9	2.381055E-4
6.450000E-9	2.329666E-4
6.500000E-9	2.295406E-4
6.550000E-9	2.381052E-4
6.600000E-9	2.569476E-4
6.650000E-9	2.894936E-4
6.700000E-9	3.374561E-4
6.750000E-9	4.042611E-4
6.800000E-9	4.864826E-4
6.850000E-9	5.926854E-4
6.900000E-9	7.314343E-4
6.950000E-9	8.736090E-4
7.000000E-9	9.678211E-4
7.050000E-9	1.034626E-3
7.100000E-9	1.092866E-3
7.150000E-9	1.099718E-3
7.200000E-9	1.029487E-3
7.250000E-9	9.352749E-4
7.300000E-9	8.513403E-4
7.350000E-9	7.502763E-4
7.400000E-9	6.372216E-4
7.450000E-9	5.430094E-4
7.500000E-9	4.744914E-4
7.550000E-9	4.385194E-4
7.600000E-9	4.316676E-4
7.650000E-9	4.539360E-4
7.700000E-9	5.018985E-4
7.750000E-9	5.892589E-4
7.800000E-9	6.971746E-4
7.850000E-9	8.033774E-4
7.900000E-9	9.249967E-4
7.950000E-9	1.056894E-3
8.000000E-9	1.151106E-3
8.050000E-9	1.199068E-3
8.100000E-9	1.231614E-3
8.150000E-9	1.235040E-3
8.200000E-9	1.183652E-3
8.250000E-9	1.116847E-3
8.300000E-9	1.046616E-3
8.350000E-9	9.369871E-4
8.400000E-9	8.085161E-4
8.450000E-9	7.074523E-4
8.500000E-9	6.303698E-4
8.550000E-9	5.550002E-4
8.600000E-9	5.156025E-4
8.650000E-9	5.156027E-4
8.700000E-9	5.173158E-4
8.750000E-9	5.327325E-4
8.800000E-9	5.943986E-4
8.850000E-9	6.337964E-4
8.900000E-9	6.115280E-4
8.950000E-9	5.875467E-4
9.000000E-9	5.892595E-4
9.050000E-9	5.789818E-4
9.100000E-9	5.412969E-4
9.150000E-9	5.036120E-4
9.200000E-9	4.659271E-4
9.250000E-9	4.453716E-4
9.300000E-9	4.556492E-4
9.350000E-9	5.070375E-4
9.400000E-9	6.098143E-4
9.450000E-9	7.502759E-4
9.500000E-9	8.821729E-4
9.550000E-9	9.883756E-4
9.600000E-9	1.089439E-3
9.650000E-9	1.161383E-3
9.700000E-9	1.183651E-3
9.750000E-9	1.176800E-3
9.800000E-9	1.142541E-3
9.850000E-9	1.053467E-3
9.900000E-9	9.301352E-4
9.950000E-9	8.205066E-4
1.000000E-8	7.177298E-4
1.005000E-8	5.824069E-4
1.010000E-8	4.676395E-4
1.015000E-8	4.025475E-4
1.020000E-8	3.511591E-4
1.025000E-8	2.826412E-4
1.030000E-8	2.175492E-4
1.035000E-8	1.850032E-4
1.040000E-8	1.610219E-4
1.045000E-8	1.267629E-4
1.050000E-8	9.421689E-5
1.055000E-8	7.880036E-5
1.060000E-8	7.708743E-5
1.065000E-8	9.250401E-5
1.070000E-8	1.233371E-4
1.075000E-8	1.593091E-4
1.080000E-8	1.952811E-4
1.085000E-8	2.363919E-4
1.090000E-8	2.723638E-4
1.095000E-8	2.997708E-4
1.100000E-8	3.340296E-4
1.105000E-8	3.905567E-4
1.110000E-8	4.522226E-4
1.115000E-8	5.190273E-4
1.120000E-8	5.995356E-4
1.125000E-8	6.937475E-4
1.130000E-8	7.965242E-4
1.135000E-8	8.958750E-4
1.140000E-8	9.986519E-4
1.145000E-8	1.132262E-3
1.150000E-8	1.315547E-3
1.155000E-8	1.536517E-3
1.160000E-8	1.800311E-3
1.165000E-8	2.192576E-3
1.170000E-8	2.798958E-3
1.175000E-8	3.682838E-3
1.180000E-8	4.919585E-3
1.185000E-8	6.611975E-3
1.190000E-8	8.847368E-3
1.195000E-8	1.166516E-2
1.200000E-8	1.509105E-2
1.205000E-8	1.914731E-2
1.210000E-8	2.379282E-2
1.215000E-8	2.893337E-2
1.220000E-8	3.446961E-2
1.225000E-8	4.028507E-2
1.230000E-8	4.619816E-2
1.235000E-8	5.200505E-2
1.240000E-8	5.757042E-2
1.245000E-8	6.274694E-2
1.250000E-8	6.733593E-2
1.255000E-8	7.122090E-2
1.260000E-8	7.437786E-2
1.265000E-8	7.676400E-2
1.270000E-8	7.830394E-2
1.275000E-8	7.899769E-2
1.280000E-8	7.893602E-2
1.285000E-8	7.815150E-2
1.290000E-8	7.664924E-2
1.295000E-8	7.453033E-2
1.300000E-8	7.194207E-2
1.305000E-8	6.896668E-2
1.310000E-8	6.570866E-2
1.315000E-8	6.232730E-2
1.320000E-8	5.899562E-2
1.325000E-8	5.583181E-2
1.330000E-8	5.296776E-2
1.335000E-8	5.054566E-2
1.340000E-8	4.865113E-2
1.345000E-8	4.727906E-2
1.350000E-8	4.646884E-2
1.355000E-8	4.625129E-2
1.360000E-8	4.657846E-2
1.365000E-8	4.734585E-2
1.370000E-8	4.850038E-2
1.375000E-8	4.997865E-2
1.380000E-8	5.163164E-2
1.385000E-8	5.331033E-2
1.390000E-8	5.490679E-2
1.395000E-8	5.631655E-2
1.400000E-8	5.743682E-2
1.405000E-8	5.818538E-2
1.410000E-8	5.851426E-2
1.415000E-8	5.840121E-2
1.420000E-8	5.783423E-2
1.425000E-8	5.681674E-2
1.430000E-8	5.538129E-2
1.435000E-8	5.358099E-2
1.440000E-8	5.148434E-2
1.445000E-8	4.917016E-2
1.450000E-8	4.673949E-2
1.455000E-8	4.431395E-2
1.460000E-8	4.203060E-2
1.465000E-8	3.995793E-2
1.470000E-8	3.818160E-2
1.475000E-8	3.680097E-2
1.480000E-8	3.585542E-2
1.485000E-8	3.535352E-2
1.490000E-8	3.533296E-2
1.495000E-8	3.581430E-2
1.500000E-8	3.673757E-2
1.505000E-8	3.802400E-2
1.510000E-8	3.957592E-2
1.515000E-8	4.128030E-2
1.520000E-8	4.303093E-2
1.525000E-8	4.473874E-2
1.530000E-8	4.627012E-2
1.535000E-8	4.752742E-2
1.540000E-8	4.846440E-2
1.545000E-8	4.898343E-2
1.550000E-8	4.901598E-2
1.555000E-8	4.857233E-2
1.560000E-8	4.766275E-2
1.565000E-8	4.627527E-2
1.570000E-8	4.445098E-2
1.575000E-8	4.232522E-2
1.580000E-8	3.999733E-2
1.585000E-8	3.755124E-2
1.590000E-8	3.511885E-2
1.595000E-8	3.282693E-2
1.600000E-8	3.077311E-2
1.605000E-8	2.905331E-2
1.610000E-8	2.774119E-2
1.615000E-8	2.689157E-2
1.620000E-8	2.654041E-2
1.625000E-8	2.670999E-2
1.630000E-8	2.735919E-2
1.635000E-8	2.839895E-2
1.640000E-8	2.978130E-2
1.645000E-8	3.144628E-2
1.650000E-8	3.328427E-2
1.655000E-8	3.515309E-2
1.660000E-8	3.693627E-2
1.665000E-8	3.857042E-2
1.670000E-8	3.995962E-2
1.675000E-8	4.098568E-2
1.680000E-8	4.157493E-2
1.685000E-8	4.170512E-2
1.690000E-8	4.133341E-2
1.695000E-8	4.042213E-2
1.700000E-8	3.903978E-2
1.705000E-8	3.726003E-2
1.710000E-8	3.513256E-2
1.715000E-8	3.276184E-2
1.720000E-8	3.030547E-2
1.725000E-8	2.787309E-2
1.730000E-8	2.557089E-2
1.735000E-8	2.353933E-2
1.740000E-8	2.188120E-2
1.745000E-8	2.064959E-2
1.750000E-8	1.991816E-2
1.755000E-8	1.974172E-2
1.760000E-8	2.009973E-2
1.765000E-8	2.095106E-2
1.770000E-8	2.227345E-2
1.775000E-8	2.400352E-2
1.780000E-8	2.597341E-2
1.785000E-8	2.804779E-2
1.790000E-8	3.014272E-2
1.795000E-8	3.214516E-2
1.800000E-8	3.388894E-2
1.805000E-8	3.525587E-2
1.810000E-8	3.618772E-2
1.815000E-8	3.663308E-2
1.820000E-8	3.652003E-2
1.825000E-8	3.586226E-2
1.830000E-8	3.474714E-2
1.835000E-8	3.323289E-2
1.840000E-8	3.137435E-2
1.845000E-8	2.928627E-2
1.850000E-8	2.709884E-2
1.855000E-8	2.487886E-2
1.860000E-8	2.271541E-2
1.865000E-8	2.074723E-2
1.870000E-8	1.908053E-2
1.875000E-8	1.775985E-2
1.880000E-8	1.683657E-2
1.885000E-8	1.637236E-2
1.890000E-8	1.637235E-2
1.895000E-8	1.683314E-2
1.900000E-8	1.774613E-2
1.905000E-8	1.906167E-2
1.910000E-8	2.067184E-2
1.915000E-8	2.249270E-2
1.920000E-8	2.445231E-2
1.925000E-8	2.641193E-2
1.930000E-8	2.823279E-2
1.935000E-8	2.981041E-2
1.940000E-8	3.104545E-2
1.945000E-8	3.183512E-2
1.950000E-8	3.211262E-2
1.955000E-8	3.187281E-2
1.960000E-8	3.112425E-2
1.965000E-8	2.990292E-2
1.970000E-8	2.827563E-2
1.975000E-8	2.634171E-2
1.980000E-8	2.418854E-2
1.985000E-8	2.193944E-2
1.990000E-8	1.973659E-2
1.995000E-8	1.766393E-2
2.000000E-8	1.578996E-2
2.005000E-8	1.425687E-2
2.010000E-8	1.318285E-2
2.015000E-8	1.257647E-2
2.020000E-8	1.240346E-2
2.025000E-8	1.271864E-2
2.030000E-8	1.352886E-2
2.035000E-8	1.474162E-2
2.040000E-8	1.626443E-2
2.045000E-8	1.804761E-2
2.050000E-8	1.997296E-2
2.055000E-8	2.190002E-2
2.060000E-8	2.373630E-2
2.065000E-8	2.538244E-2
2.070000E-8	2.671512E-2
2.075000E-8	2.765553E-2
2.080000E-8	2.817284E-2
2.085000E-8	2.821224E-2
2.090000E-8	2.775317E-2
2.095000E-8	2.681619E-2
2.100000E-8	2.546297E-2
2.105000E-8	2.376886E-2
2.110000E-8	2.180925E-2
2.115000E-8	1.965266E-2
2.120000E-8	1.742583E-2
2.125000E-8	1.527608E-2
2.130000E-8	1.331133E-2
2.135000E-8	1.162750E-2
2.140000E-8	1.030853E-2
2.145000E-8	9.395528E-3
2.150000E-8	8.907336E-3
2.155000E-8	8.879927E-3
2.160000E-8	9.330429E-3
2.165000E-8	1.023144E-2
2.170000E-8	1.153327E-2
2.175000E-8	1.315715E-2
2.180000E-8	1.499171E-2
2.185000E-8	1.694961E-2
2.190000E-8	1.894690E-2
2.195000E-8	2.085684E-2
2.200000E-8	2.255780E-2
2.205000E-8	2.393843E-2
2.210000E-8	2.490282E-2
2.215000E-8	2.539101E-2
2.220000E-8	2.541671E-2
2.225000E-8	2.495764E-2
2.230000E-8	2.398127E-2
2.235000E-8	2.255438E-2
2.240000E-8	2.079176E-2
2.245000E-8	1.874479E-2
2.250000E-8	1.650769E-2
2.255000E-8	1.425345E-2
2.260000E-8	1.213111E-2
2.265000E-8	1.021432E-2
2.270000E-8	8.592159E-3
2.275000E-8	7.372539E-3
2.280000E-8	6.627406E-3
2.285000E-8	6.373888E-3
2.290000E-8	6.623976E-3
2.295000E-8	7.372531E-3
2.300000E-8	8.520203E-3
2.305000E-8	9.969354E-3
2.310000E-8	1.166174E-2
2.315000E-8	1.352200E-2
2.320000E-8	1.539425E-2
2.325000E-8	1.715002E-2
2.330000E-8	1.873964E-2
2.335000E-8	2.008259E-2
2.340000E-8	2.109152E-2
2.345000E-8	2.169105E-2
2.350000E-8	2.186406E-2
2.355000E-8	2.160369E-2
2.360000E-8	2.089796E-2
2.365000E-8	1.978455E-2
2.370000E-8	1.832854E-2
2.375000E-8	1.660361E-2
2.380000E-8	1.468511E-2
2.385000E-8	1.268096E-2
2.390000E-8	1.067853E-2
2.395000E-8	8.760029E-3
2.400000E-8	7.067637E-3
2.405000E-8	5.716121E-3
2.410000E-8	4.744878E-3
2.415000E-8	4.191594E-3
2.420000E-8	4.135065E-3
2.425000E-8	4.577003E-3
2.430000E-8	5.447178E-3
2.435000E-8	6.711330E-3
2.440000E-8	8.314647E-3
2.445000E-8	1.013037E-2
2.450000E-8	1.205401E-2
2.455000E-8	1.399478E-2
2.460000E-8	1.582078E-2
2.465000E-8	1.737442E-2
2.470000E-8	1.860432E-2
2.475000E-8	1.947621E-2
2.480000E-8	1.994556E-2
2.485000E-8	1.995412E-2
2.490000E-8	1.950020E-2
2.495000E-8	1.863516E-2
2.500000E-8	1.742925E-2
2.505000E-8	1.593042E-2
2.510000E-8	1.421062E-2
2.515000E-8	1.235893E-2
2.520000E-8	1.045242E-2
2.525000E-8	8.590447E-3
2.530000E-8	6.884352E-3
2.535000E-8	5.457466E-3
2.540000E-8	4.381734E-3
2.545000E-8	3.665721E-3
2.550000E-8	3.357389E-3
2.555000E-8	3.511552E-3
2.560000E-8	4.111082E-3
2.565000E-8	5.097737E-3
2.570000E-8	6.414991E-3
2.575000E-8	8.004604E-3
2.580000E-8	9.777503E-3
2.585000E-8	1.161207E-2
2.590000E-8	1.339353E-2
2.595000E-8	1.500713E-2
2.600000E-8	1.636892E-2
2.605000E-8	1.740183E-2
2.610000E-8	1.804761E-2
2.615000E-8	1.825659E-2
2.620000E-8	1.799965E-2
2.625000E-8	1.730420E-2
2.630000E-8	1.621990E-2
2.635000E-8	1.482385E-2
2.640000E-8	1.320512E-2
2.645000E-8	1.144079E-2
2.650000E-8	9.633630E-3
2.655000E-8	7.876147E-3
2.660000E-8	6.235145E-3
2.665000E-8	4.801408E-3
2.670000E-8	3.681140E-3
2.675000E-8	2.922303E-3
2.680000E-8	2.516333E-3
2.685000E-8	2.473508E-3
2.690000E-8	2.822947E-3
2.695000E-8	3.528679E-3
2.700000E-8	4.544454E-3
2.705000E-8	5.815459E-3
2.710000E-8	7.292017E-3
2.715000E-8	8.922741E-3
2.720000E-8	1.062198E-2
2.725000E-8	1.227155E-2
2.730000E-8	1.378408E-2
2.735000E-8	1.508935E-2
2.740000E-8	1.610513E-2
2.745000E-8	1.675434E-2
2.750000E-8	1.699415E-2
2.755000E-8	1.679888E-2
2.760000E-8	1.616851E-2
2.765000E-8	1.516987E-2
2.770000E-8	1.387317E-2
2.775000E-8	1.229726E-2
2.780000E-8	1.053121E-2
2.785000E-8	8.710352E-3
2.790000E-8	6.946017E-3
2.795000E-8	5.317004E-3
2.800000E-8	3.914100E-3
2.805000E-8	2.786980E-3
2.810000E-8	1.999024E-3
2.815000E-8	1.625600E-3
2.820000E-8	1.651292E-3
2.825000E-8	2.036703E-3
2.830000E-8	2.802389E-3
2.835000E-8	3.917516E-3
2.840000E-8	5.248474E-3
2.845000E-8	6.714755E-3
2.850000E-8	8.295804E-3
2.855000E-8	9.904260E-3
2.860000E-8	1.141851E-2
2.865000E-8	1.279571E-2
2.870000E-8	1.395538E-2
2.875000E-8	1.477074E-2
2.880000E-8	1.521954E-2
2.885000E-8	1.531204E-2
2.890000E-8	1.500714E-2
2.895000E-8	1.432025E-2
2.900000E-8	1.331989E-2
2.905000E-8	1.205231E-2
2.910000E-8	1.056205E-2
2.915000E-8	8.967293E-3
2.920000E-8	7.321152E-3
2.925000E-8	5.666446E-3
2.930000E-8	4.131646E-3
2.935000E-8	2.812676E-3
2.940000E-8	1.714676E-3
2.945000E-8	8.941736E-4
2.950000E-8	4.573707E-4
2.955000E-8	4.162583E-4
2.960000E-8	7.451423E-4
2.965000E-8	1.433745E-3
2.970000E-8	2.447808E-3
2.975000E-8	3.718813E-3
2.980000E-8	5.193659E-3
2.985000E-8	6.800402E-3
2.990000E-8	8.412285E-3
2.995000E-8	9.938520E-3
3.000000E-8	1.133115E-2
3.005000E-8	1.249081E-2
3.010000E-8	1.330275E-2
3.015000E-8	1.374983E-2
3.020000E-8	1.381321E-2
3.025000E-8	1.346035E-2
3.030000E-8	1.272035E-2
3.035000E-8	1.166689E-2
3.040000E-8	1.033936E-2
3.045000E-8	8.797711E-3
3.050000E-8	7.163560E-3
3.055000E-8	5.531122E-3
3.060000E-8	3.958637E-3
3.065000E-8	2.545455E-3
3.070000E-8	1.414910E-3
3.075000E-8	6.012585E-4
3.080000E-8	1.164931E-4
3.085000E-8	-6.840809E-6
3.090000E-8	2.603771E-4
3.095000E-8	9.010175E-4
3.100000E-8	1.873970E-3
3.105000E-8	3.112429E-3
3.110000E-8	4.529035E-3
3.115000E-8	6.051843E-3
3.120000E-8	7.617476E-3
3.125000E-8	9.111166E-3
3.130000E-8	1.045240E-2
3.135000E-8	1.159665E-2
3.140000E-8	1.245655E-2
3.145000E-8	1.295502E-2
3.150000E-8	1.308521E-2
3.155000E-8	1.286253E-2
3.160000E-8	1.228698E-2
3.165000E-8	1.137398E-2
3.170000E-8	1.016978E-2
3.175000E-8	8.741183E-3
3.180000E-8	7.189254E-3
3.185000E-8	5.572233E-3
3.190000E-8	3.958637E-3
3.195000E-8	2.476938E-3
3.200000E-8	1.228199E-3
3.205000E-8	2.398283E-4
3.210000E-8	-4.539163E-4
3.215000E-8	-7.451186E-4
3.220000E-8	-6.252139E-4
3.225000E-8	-1.524422E-4
3.230000E-8	6.475023E-4
3.235000E-8	1.743787E-3
3.240000E-8	3.026782E-3
3.245000E-8	4.436536E-3
3.250000E-8	5.928512E-3
3.255000E-8	7.386229E-3
3.260000E-8	8.689782E-3
3.265000E-8	9.798058E-3
3.270000E-8	1.068365E-2
3.275000E-8	1.126092E-2
3.280000E-8	1.150929E-2
3.285000E-8	1.145620E-2
3.290000E-8	1.111875E-2
3.295000E-8	1.049181E-2
3.300000E-8	9.616496E-3
3.305000E-8	8.576738E-3
3.310000E-8	7.396519E-3
3.315000E-8	6.118662E-3
3.320000E-8	4.828814E-3
3.325000E-8	3.595492E-3
3.330000E-8	2.442679E-3
3.335000E-8	1.452595E-3
3.340000E-8	6.800547E-4
3.345000E-8	1.507528E-4
3.350000E-8	-9.077425E-5
3.355000E-8	-1.702670E-6
3.360000E-8	3.751440E-4
3.365000E-8	1.000368E-3
3.370000E-8	1.897951E-3
3.375000E-8	3.031920E-3
3.380000E-8	4.289223E-3
3.385000E-8	5.596201E-3
3.390000E-8	6.922021E-3
3.395000E-8	8.175898E-3
3.400000E-8	9.265333E-3
3.405000E-8	1.012695E-2
3.410000E-8	1.070592E-2
3.415000E-8	1.098342E-2
3.420000E-8	1.095430E-2
3.425000E-8	1.059801E-2
3.430000E-8	9.921400E-3
3.435000E-8	8.967290E-3
3.440000E-8	7.787071E-3
3.445000E-8	6.457826E-3
3.450000E-8	5.090895E-3
3.455000E-8	3.739380E-3
3.460000E-8	2.463235E-3
3.465000E-8	1.351532E-3
3.470000E-8	4.813547E-4
3.475000E-8	-1.370202E-4
3.480000E-8	-4.796110E-4
3.485000E-8	-5.190103E-4
3.490000E-8	-2.535052E-4
3.495000E-8	3.134784E-4
3.500000E-8	1.157960E-3
3.505000E-8	2.213133E-3
3.510000E-8	3.419047E-3
3.515000E-8	4.722599E-3
3.520000E-8	6.036428E-3
3.525000E-8	7.286880E-3
3.530000E-8	8.434554E-3
3.535000E-8	9.407509E-3
3.540000E-8	1.010811E-2
3.545000E-8	1.052435E-2
3.550000E-8	1.066310E-2
3.555000E-8	1.046269E-2
3.560000E-8	9.926538E-3
3.565000E-8	9.133445E-3
3.570000E-8	8.136511E-3
3.575000E-8	6.944301E-3
3.580000E-8	5.625333E-3
3.585000E-8	4.248124E-3
3.590000E-8	2.886332E-3
3.595000E-8	1.615325E-3
3.600000E-8	5.121868E-4
3.605000E-8	-3.699816E-4
3.610000E-8	-9.832176E-4
3.615000E-8	-1.270994E-3
3.620000E-8	-1.211042E-3
3.625000E-8	-8.393342E-4
3.630000E-8	-1.884157E-4
3.635000E-8	7.400001E-4
3.640000E-8	1.892812E-3
3.645000E-8	3.167244E-3
3.650000E-8	4.493064E-3
3.655000E-8	5.822310E-3
3.660000E-8	7.071048E-3
3.665000E-8	8.138215E-3
3.670000E-8	8.967281E-3
3.675000E-8	9.525703E-3
3.680000E-8	9.782646E-3
3.685000E-8	9.748388E-3
3.690000E-8	9.424643E-3
3.695000E-8	8.806270E-3
3.700000E-8	7.970354E-3
3.705000E-8	6.976846E-3
3.710000E-8	5.856580E-3
3.715000E-8	4.655805E-3
3.720000E-8	3.477298E-3
3.725000E-8	2.394716E-3
3.730000E-8	1.450883E-3
3.735000E-8	6.988986E-4
3.740000E-8	1.644585E-4
3.745000E-8	-1.507248E-4
3.750000E-8	-1.952627E-4
3.755000E-8	4.454829E-5
3.760000E-8	5.361624E-4
3.765000E-8	1.265876E-3
3.770000E-8	2.206282E-3
3.775000E-8	3.282012E-3
3.780000E-8	4.419407E-3
3.785000E-8	5.585924E-3
3.790000E-8	6.701052E-3
3.795000E-8	7.662015E-3
3.800000E-8	8.439694E-3
3.805000E-8	9.003254E-3
3.810000E-8	9.284178E-3
3.815000E-8	9.296170E-3
3.820000E-8	9.075201E-3
3.825000E-8	8.590439E-3
3.830000E-8	7.828179E-3
3.835000E-8	6.896337E-3
3.840000E-8	5.882273E-3
3.845000E-8	4.794552E-3
3.850000E-8	3.684563E-3
3.855000E-8	2.637953E-3
3.860000E-8	1.700971E-3
3.865000E-8	8.804689E-4
3.870000E-8	2.209839E-4
3.875000E-8	-2.243830E-4
3.880000E-8	-4.453540E-4
3.885000E-8	-4.419290E-4
3.890000E-8	-2.055433E-4
3.895000E-8	2.603772E-4
3.900000E-8	9.232866E-4
3.905000E-8	1.738648E-3
3.910000E-8	2.656787E-3
3.915000E-8	3.645157E-3
3.920000E-8	4.647230E-3
3.925000E-8	5.620184E-3
3.930000E-8	6.531472E-3
3.935000E-8	7.333131E-3
3.940000E-8	7.929238E-3
3.945000E-8	8.287244E-3
3.950000E-8	8.415716E-3
3.955000E-8	8.292385E-3
3.960000E-8	7.876140E-3
3.965000E-8	7.218370E-3
3.970000E-8	6.382453E-3
3.975000E-8	5.371815E-3
3.980000E-8	4.242983E-3
3.985000E-8	3.126142E-3
3.990000E-8	2.074393E-3
3.995000E-8	1.087735E-3
4.000000E-8	2.329745E-4
4.005000E-8	-4.008164E-4
4.010000E-8	-7.999338E-4
4.015000E-8	-9.523869E-4
4.020000E-8	-8.581758E-4
4.025000E-8	-5.190133E-4
4.030000E-8	6.510053E-5
4.035000E-8	8.581940E-4
4.040000E-8	1.786610E-3
4.045000E-8	2.821230E-3
4.050000E-8	3.944922E-3
4.055000E-8	5.063476E-3
4.060000E-8	6.104948E-3
4.065000E-8	7.053921E-3
4.070000E-8	7.840164E-3
4.075000E-8	8.390020E-3
4.080000E-8	8.720620E-3
4.085000E-8	8.833675E-3
4.090000E-8	8.652104E-3
4.095000E-8	8.169054E-3
4.100000E-8	7.470172E-3
4.105000E-8	6.577728E-3
4.110000E-8	5.503711E-3
4.115000E-8	4.350899E-3
4.120000E-8	3.182669E-3
4.125000E-8	2.016153E-3
4.130000E-8	9.524126E-4
4.135000E-8	9.765178E-5
4.140000E-8	-5.344262E-4
4.145000E-8	-9.438212E-4
4.150000E-8	-1.072293E-3
4.155000E-8	-8.924346E-4
4.160000E-8	-4.350788E-4
4.165000E-8	2.689414E-4
4.170000E-8	1.188793E-3
4.175000E-8	2.245680E-3
4.180000E-8	3.376225E-3
4.185000E-8	4.532464E-3
4.190000E-8	5.654443E-3
4.195000E-8	6.654804E-3
4.200000E-8	7.468454E-3
4.205000E-8	8.074838E-3
4.210000E-8	8.449974E-3
4.215000E-8	8.564742E-3
4.220000E-8	8.414004E-3
4.225000E-8	8.026879E-3
4.230000E-8	7.435913E-3
4.235000E-8	6.668514E-3
4.240000E-8	5.765792E-3
4.245000E-8	4.758580E-3
4.250000E-8	3.684563E-3
4.255000E-8	2.612259E-3
4.260000E-8	1.627315E-3
4.265000E-8	7.674154E-4
4.270000E-8	5.654225E-5
4.275000E-8	-4.659070E-4
4.280000E-8	-7.588217E-4
4.285000E-8	-8.067850E-4
4.290000E-8	-6.252136E-4
4.295000E-8	-2.295239E-4
4.300000E-8	3.425993E-4
4.305000E-8	1.067175E-3
4.310000E-8	1.939064E-3
4.315000E-8	2.915443E-3
4.320000E-8	3.929507E-3
4.325000E-8	4.914451E-3
4.330000E-8	5.815461E-3
4.335000E-8	6.589713E-3
4.340000E-8	7.161838E-3
4.345000E-8	7.492437E-3
4.350000E-8	7.610631E-3
4.355000E-8	7.533550E-3
4.360000E-8	7.244063E-3
4.365000E-8	6.735319E-3
4.370000E-8	6.070696E-3
4.375000E-8	5.281029E-3
4.380000E-8	4.409139E-3
4.385000E-8	3.523546E-3
4.390000E-8	2.675638E-3
4.395000E-8	1.875691E-3
4.400000E-8	1.190512E-3
4.405000E-8	6.920441E-4
4.410000E-8	3.631576E-4
4.415000E-8	1.952879E-4
4.420000E-8	2.398237E-4
4.425000E-8	4.984777E-4
4.430000E-8	9.215747E-4
4.435000E-8	1.500550E-3
4.440000E-8	2.218274E-3
4.445000E-8	3.001090E-3
4.450000E-8	3.794185E-3
4.455000E-8	4.592418E-3
4.460000E-8	5.337550E-3
4.465000E-8	5.952498E-3
4.470000E-8	6.435549E-3
4.475000E-8	6.795269E-3
4.480000E-8	6.976842E-3
4.485000E-8	6.934019E-3
4.490000E-8	6.677078E-3
4.495000E-8	6.229999E-3
4.500000E-8	5.601349E-3
4.505000E-8	4.820246E-3
4.510000E-8	3.926088E-3
4.515000E-8	2.997671E-3
4.520000E-8	2.084671E-3
4.525000E-8	1.216207E-3
4.530000E-8	4.436674E-4
4.535000E-8	-1.421608E-4
4.540000E-8	-4.916024E-4
4.545000E-8	-6.286389E-4
4.550000E-8	-5.532700E-4
4.555000E-8	-2.260980E-4
4.560000E-8	3.271830E-4
4.565000E-8	1.032916E-3
4.570000E-8	1.860269E-3
4.575000E-8	2.788685E-3
4.580000E-8	3.735944E-3
4.585000E-8	4.619825E-3
4.590000E-8	5.423197E-3
4.595000E-8	6.104950E-3
4.600000E-8	6.617121E-3
4.605000E-8	6.935730E-3
4.610000E-8	7.074479E-3
4.615000E-8	7.038508E-3
4.620000E-8	6.814113E-3
4.625000E-8	6.394442E-3
4.630000E-8	5.810328E-3
4.635000E-8	5.121724E-3
4.640000E-8	4.316639E-3
4.645000E-8	3.432759E-3
4.650000E-8	2.572860E-3
4.655000E-8	1.815738E-3
4.660000E-8	1.140837E-3
4.665000E-8	5.601480E-4
4.670000E-8	1.644569E-4
4.675000E-8	-2.568071E-5
4.680000E-8	-5.137551E-5
4.685000E-8	9.079837E-5
4.690000E-8	4.350999E-4
4.695000E-8	9.335667E-4
4.700000E-8	1.517681E-3
4.705000E-8	2.160035E-3
4.710000E-8	2.864056E-3
4.715000E-8	3.561225E-3
4.720000E-8	4.188163E-3
4.725000E-8	4.762000E-3
4.730000E-8	5.277597E-3
4.735000E-8	5.664723E-3
4.740000E-8	5.899397E-3
4.745000E-8	6.024443E-3
4.750000E-8	6.029582E-3
4.755000E-8	5.878844E-3
4.760000E-8	5.606486E-3
4.765000E-8	5.263898E-3
4.770000E-8	4.811680E-3
4.775000E-8	4.239557E-3
4.780000E-8	3.616045E-3
4.785000E-8	2.968551E-3
4.790000E-8	2.305641E-3
4.795000E-8	1.675276E-3
4.800000E-8	1.128846E-3
4.805000E-8	6.577852E-4
4.810000E-8	3.083435E-4
4.815000E-8	1.473258E-4
4.820000E-8	1.661675E-4
4.825000E-8	3.271838E-4
4.830000E-8	6.749113E-4
4.835000E-8	1.226480E-3
4.840000E-8	1.897954E-3
4.845000E-8	2.617391E-3
4.850000E-8	3.379652E-3
4.855000E-8	4.159043E-3
4.860000E-8	4.864777E-3
4.865000E-8	5.435188E-3
4.870000E-8	5.854861E-3
4.875000E-8	6.120368E-3
4.880000E-8	6.216293E-3
4.885000E-8	6.108378E-3
4.890000E-8	5.794910E-3
4.895000E-8	5.344405E-3
4.900000E-8	4.816818E-3
4.905000E-8	4.208723E-3
4.910000E-8	3.549239E-3
4.915000E-8	2.906884E-3
4.920000E-8	2.302214E-3
4.925000E-8	1.755784E-3
4.930000E-8	1.318982E-3
4.935000E-8	1.012364E-3
4.940000E-8	8.273657E-4
4.945000E-8	7.742639E-4
4.950000E-8	8.496330E-4
4.955000E-8	1.039770E-3
4.960000E-8	1.349812E-3
4.965000E-8	1.774622E-3
4.970000E-8	2.276515E-3
4.975000E-8	2.834935E-3
4.980000E-8	3.463587E-3
4.985000E-8	4.135061E-3
4.990000E-8	4.787694E-3
4.995000E-8	5.358105E-3
5.000000E-8	5.815462E-3
5.005000E-8	6.156339E-3
5.010000E-8	6.361893E-3
5.015000E-8	6.363606E-3
5.020000E-8	6.156340E-3
5.025000E-8	5.813752E-3
5.030000E-8	5.366673E-3
5.035000E-8	4.789411E-3
5.040000E-8	4.135066E-3
5.045000E-8	3.468730E-3
5.050000E-8	2.776700E-3
5.055000E-8	2.089808E-3
5.060000E-8	1.493703E-3
5.065000E-8	1.005513E-3
5.070000E-8	6.149606E-4
5.075000E-8	3.477405E-4
5.080000E-8	2.244077E-4
5.085000E-8	2.312589E-4
5.090000E-8	3.871363E-4
5.095000E-8	7.040308E-4
5.100000E-8	1.145971E-3
5.105000E-8	1.695826E-3
5.110000E-8	2.345032E-3
5.115000E-8	3.038776E-3
5.120000E-8	3.713677E-3
5.125000E-8	4.333763E-3
5.130000E-8	4.878481E-3
5.135000E-8	5.320421E-3
5.140000E-8	5.645882E-3
5.145000E-8	5.784631E-3
5.150000E-8	5.697271E-3
5.155000E-8	5.469450E-3
5.160000E-8	5.150843E-3
5.165000E-8	4.683209E-3
5.170000E-8	4.090529E-3
5.175000E-8	3.472156E-3
5.180000E-8	2.865773E-3
5.185000E-8	2.261103E-3
5.190000E-8	1.745506E-3
5.195000E-8	1.361806E-3
5.200000E-8	1.055188E-3
5.205000E-8	8.462086E-4
5.210000E-8	7.794035E-4
5.215000E-8	8.393563E-4
5.220000E-8	9.866694E-4
5.225000E-8	1.253889E-3
5.230000E-8	1.634162E-3
5.235000E-8	2.093232E-3
5.240000E-8	2.610541E-3
5.245000E-8	3.132990E-3
5.250000E-8	3.592059E-3
5.255000E-8	4.004879E-3
5.260000E-8	4.403995E-3
5.265000E-8	4.719177E-3
5.270000E-8	4.909314E-3
5.275000E-8	5.006952E-3
5.280000E-8	5.003527E-3
5.285000E-8	4.883621E-3
5.290000E-8	4.678068E-3
5.295000E-8	4.392007E-3
5.300000E-8	3.996317E-3
5.305000E-8	3.511553E-3
5.310000E-8	3.013086E-3
5.315000E-8	2.530036E-3
5.320000E-8	2.058976E-3
5.325000E-8	1.598193E-3
5.330000E-8	1.192225E-3
5.335000E-8	8.958847E-4
5.340000E-8	7.143119E-4
5.345000E-8	6.338029E-4
5.350000E-8	6.869036E-4
5.355000E-8	8.941695E-4
5.360000E-8	1.209351E-3
5.365000E-8	1.611893E-3
5.370000E-8	2.110360E-3
5.375000E-8	2.660215E-3
5.380000E-8	3.210071E-3
5.385000E-8	3.761639E-3
5.390000E-8	4.278949E-3
5.395000E-8	4.714038E-3
5.400000E-8	5.051489E-3
5.405000E-8	5.298153E-3
5.410000E-8	5.406069E-3
5.415000E-8	5.340978E-3
5.420000E-8	5.143990E-3
5.425000E-8	4.849363E-3
5.430000E-8	4.450247E-3
5.435000E-8	3.972336E-3
5.440000E-8	3.485859E-3
5.445000E-8	3.006235E-3
5.450000E-8	2.504342E-3
5.455000E-8	2.023004E-3
5.460000E-8	1.642729E-3
5.465000E-8	1.360093E-3
5.470000E-8	1.142548E-3
5.475000E-8	1.026068E-3
5.480000E-8	1.056900E-3
5.485000E-8	1.199074E-3
5.490000E-8	1.404627E-3
5.495000E-8	1.692402E-3
5.500000E-8	2.072676E-3
5.505000E-8	2.506051E-3
5.510000E-8	2.939426E-3
5.515000E-8	3.372802E-3
5.520000E-8	3.790761E-3
5.525000E-8	4.153905E-3
5.530000E-8	4.438255E-3
5.535000E-8	4.648947E-3
5.540000E-8	4.787696E-3
5.545000E-8	4.809965E-3
5.550000E-8	4.717466E-3
5.555000E-8	4.558162E-3
5.560000E-8	4.325202E-3
5.565000E-8	3.996316E-3
5.570000E-8	3.614329E-3
5.575000E-8	3.232343E-3
5.580000E-8	2.840078E-3
5.585000E-8	2.440962E-3
5.590000E-8	2.098372E-3
5.595000E-8	1.832866E-3
5.600000E-8	1.630738E-3
5.605000E-8	1.514257E-3
5.610000E-8	1.488563E-3
5.615000E-8	1.555368E-3
5.620000E-8	1.694116E-3
5.625000E-8	1.884252E-3
5.630000E-8	2.127490E-3
5.635000E-8	2.425542E-3
5.640000E-8	2.778409E-3
5.645000E-8	3.160396E-3
5.650000E-8	3.537244E-3
5.655000E-8	3.879833E-3
5.660000E-8	4.188163E-3
5.665000E-8	4.453670E-3
5.670000E-8	4.640382E-3
5.675000E-8	4.729455E-3
5.680000E-8	4.743160E-3
5.685000E-8	4.684920E-3
5.690000E-8	4.537607E-3
5.695000E-8	4.311499E-3
5.700000E-8	4.015159E-3
5.705000E-8	3.658867E-3
5.710000E-8	3.273454E-3
5.715000E-8	2.886328E-3
5.720000E-8	2.514619E-3
5.725000E-8	2.153187E-3
5.730000E-8	1.831153E-3
5.735000E-8	1.577636E-3
5.740000E-8	1.408054E-3
5.745000E-8	1.325833E-3
5.750000E-8	1.329258E-3
5.755000E-8	1.444025E-3
5.760000E-8	1.637587E-3
5.765000E-8	1.872261E-3
5.770000E-8	2.177165E-3
5.775000E-8	2.564290E-3
5.780000E-8	2.949703E-3
5.785000E-8	3.317987E-3
5.790000E-8	3.679419E-3
5.795000E-8	3.950064E-3
5.800000E-8	4.088813E-3
5.805000E-8	4.155618E-3
5.810000E-8	4.143628E-3
5.815000E-8	3.996315E-3
5.820000E-8	3.754790E-3
5.825000E-8	3.489284E-3
5.830000E-8	3.162112E-3
5.835000E-8	2.785264E-3
5.840000E-8	2.449527E-3
5.845000E-8	2.170316E-3
5.850000E-8	1.928791E-3
5.855000E-8	1.728376E-3
5.860000E-8	1.589627E-3
5.865000E-8	1.503980E-3
5.870000E-8	1.466295E-3
5.875000E-8	1.474859E-3
5.880000E-8	1.517682E-3
5.885000E-8	1.596477E-3
5.890000E-8	1.707818E-3
5.895000E-8	1.844854E-3
5.900000E-8	2.004157E-3
5.905000E-8	2.180590E-3
5.910000E-8	2.394709E-3
5.915000E-8	2.660215E-3
5.920000E-8	2.949703E-3
5.925000E-8	3.246043E-3
5.930000E-8	3.547522E-3
5.935000E-8	3.847288E-3
5.940000E-8	4.090527E-3
5.945000E-8	4.260109E-3
5.950000E-8	4.347469E-3
5.955000E-8	4.313211E-3
5.960000E-8	4.136778E-3
5.965000E-8	3.866132E-3
5.970000E-8	3.528682E-3
5.975000E-8	3.122714E-3
5.980000E-8	2.677348E-3
5.985000E-8	2.267954E-3
5.990000E-8	1.915087E-3
5.995000E-8	1.630737E-3
6.000000E-8	1.428610E-3
6.005000E-8	1.329258E-3
6.010000E-8	1.360091E-3
6.015000E-8	1.522821E-3
6.020000E-8	1.793466E-3
6.025000E-8	2.124065E-3
6.030000E-8	2.480358E-3
6.035000E-8	2.864057E-3
6.040000E-8	3.256322E-3
6.045000E-8	3.561226E-3
6.050000E-8	3.753076E-3
6.055000E-8	3.867843E-3
6.060000E-8	3.907241E-3
6.065000E-8	3.854140E-3
6.070000E-8	3.761641E-3
6.075000E-8	3.617753E-3
6.080000E-8	3.393357E-3
6.085000E-8	3.134703E-3
6.090000E-8	2.906881E-3
6.095000E-8	2.694476E-3
6.100000E-8	2.461516E-3
6.105000E-8	2.245685E-3
6.110000E-8	2.062401E-3
6.115000E-8	1.894532E-3
6.120000E-8	1.759210E-3
6.125000E-8	1.661572E-3
6.130000E-8	1.593054E-3
6.135000E-8	1.536526E-3
6.140000E-8	1.502267E-3
6.145000E-8	1.500553E-3
6.150000E-8	1.524534E-3
6.155000E-8	1.557079E-3
6.160000E-8	1.596477E-3
6.165000E-8	1.685549E-3
6.170000E-8	1.820872E-3
6.175000E-8	1.987027E-3
6.180000E-8	2.192581E-3
6.185000E-8	2.439246E-3
6.190000E-8	2.679058E-3
6.195000E-8	2.893177E-3
6.200000E-8	3.091879E-3
6.205000E-8	3.264887E-3
6.210000E-8	3.386507E-3
6.215000E-8	3.439609E-3
6.220000E-8	3.422480E-3
6.225000E-8	3.348823E-3
6.230000E-8	3.203223E-3
6.235000E-8	2.987392E-3
6.240000E-8	2.742440E-3
6.245000E-8	2.500914E-3
6.250000E-8	2.257676E-3
6.255000E-8	2.048696E-3
6.260000E-8	1.920224E-3
6.265000E-8	1.841429E-3
6.270000E-8	1.796892E-3
6.275000E-8	1.820873E-3
6.280000E-8	1.923649E-3
6.285000E-8	2.038417E-3
6.290000E-8	2.148045E-3
6.295000E-8	2.285081E-3
6.300000E-8	2.447811E-3
6.305000E-8	2.610541E-3
6.310000E-8	2.762993E-3
6.315000E-8	2.915445E-3
6.320000E-8	3.074750E-3
6.325000E-8	3.222063E-3
6.330000E-8	3.353960E-3
6.335000E-8	3.497848E-3
6.340000E-8	3.636596E-3
6.345000E-8	3.725670E-3
6.350000E-8	3.746225E-3
6.355000E-8	3.701689E-3
6.360000E-8	3.580070E-3
6.365000E-8	3.389933E-3
6.370000E-8	3.158685E-3
6.375000E-8	2.877762E-3
6.380000E-8	2.559154E-3
6.385000E-8	2.240546E-3
6.390000E-8	1.932215E-3
6.395000E-8	1.653005E-3
6.400000E-8	1.440600E-3
6.405000E-8	1.301851E-3
6.410000E-8	1.214491E-3
6.415000E-8	1.204213E-3
6.420000E-8	1.322406E-3
6.425000E-8	1.550228E-3
6.430000E-8	1.848281E-3
6.435000E-8	2.209712E-3
6.440000E-8	2.615681E-3
6.445000E-8	3.023362E-3
6.450000E-8	3.408775E-3
6.455000E-8	3.744512E-3
6.460000E-8	3.989464E-3
6.465000E-8	4.131638E-3
6.470000E-8	4.165897E-3
6.475000E-8	4.083676E-3
6.480000E-8	3.890113E-3
6.485000E-8	3.598912E-3
6.490000E-8	3.235768E-3
6.495000E-8	2.834938E-3
6.500000E-8	2.415267E-3
6.505000E-8	2.002447E-3
6.510000E-8	1.634163E-3
6.515000E-8	1.342962E-3
6.520000E-8	1.130557E-3
6.525000E-8	1.003799E-3
6.530000E-8	9.575489E-4
6.535000E-8	9.935206E-4
6.540000E-8	1.087733E-3
6.545000E-8	1.241897E-3
6.550000E-8	1.445738E-3
6.555000E-8	1.671847E-3
6.560000E-8	1.897955E-3
6.565000E-8	2.139480E-3
6.570000E-8	2.391283E-3
6.575000E-8	2.631096E-3
6.580000E-8	2.831511E-3
6.585000E-8	3.001092E-3
6.590000E-8	3.165535E-3
6.595000E-8	3.297432E-3
6.600000E-8	3.359099E-3
6.605000E-8	3.369377E-3
6.610000E-8	3.362525E-3
6.615000E-8	3.328267E-3
6.620000E-8	3.240906E-3
6.625000E-8	3.119287E-3
6.630000E-8	2.994242E-3
6.635000E-8	2.869197E-3
6.640000E-8	2.759569E-3
6.645000E-8	2.670495E-3
6.650000E-8	2.581422E-3
6.655000E-8	2.495775E-3
6.660000E-8	2.416979E-3
6.665000E-8	2.341609E-3
6.670000E-8	2.267952E-3
6.675000E-8	2.201147E-3
6.680000E-8	2.153185E-3
6.685000E-8	2.125778E-3
6.690000E-8	2.130917E-3
6.695000E-8	2.175453E-3
6.700000E-8	2.240545E-3
6.705000E-8	2.321054E-3
6.710000E-8	2.425543E-3
6.715000E-8	2.552301E-3
6.720000E-8	2.668782E-3
6.725000E-8	2.766420E-3
6.730000E-8	2.874335E-3
6.735000E-8	2.971973E-3
6.740000E-8	3.004519E-3
6.745000E-8	2.971973E-3
6.750000E-8	2.929149E-3
6.755000E-8	2.877761E-3
6.760000E-8	2.809243E-3
6.765000E-8	2.733873E-3
6.770000E-8	2.663643E-3
6.775000E-8	2.613968E-3
6.780000E-8	2.607116E-3
6.785000E-8	2.598552E-3
6.790000E-8	2.555728E-3
6.795000E-8	2.526608E-3
6.800000E-8	2.538599E-3
6.805000E-8	2.530034E-3
6.810000E-8	2.480359E-3
6.815000E-8	2.446099E-3
6.820000E-8	2.444386E-3
6.825000E-8	2.449525E-3
6.830000E-8	2.488922E-3
6.835000E-8	2.579708E-3
6.840000E-8	2.687623E-3
6.845000E-8	2.809242E-3
6.850000E-8	2.983963E-3
6.855000E-8	3.182664E-3
6.860000E-8	3.353959E-3
6.865000E-8	3.490995E-3
6.870000E-8	3.604050E-3
6.875000E-8	3.686272E-3
6.880000E-8	3.717105E-3
6.885000E-8	3.687986E-3
6.890000E-8	3.593774E-3
6.895000E-8	3.431044E-3
6.900000E-8	3.211787E-3
6.905000E-8	2.961697E-3
6.910000E-8	2.691051E-3
6.915000E-8	2.416979E-3
6.920000E-8	2.156611E-3
6.925000E-8	1.939067E-3
6.930000E-8	1.767772E-3
6.935000E-8	1.658143E-3
6.940000E-8	1.617032E-3
6.945000E-8	1.617032E-3
6.950000E-8	1.641013E-3
6.955000E-8	1.714670E-3
6.960000E-8	1.856844E-3
6.965000E-8	2.055546E-3
6.970000E-8	2.264525E-3
6.975000E-8	2.446097E-3
6.980000E-8	2.639660E-3
6.985000E-8	2.853779E-3
6.990000E-8	3.013083E-3
6.995000E-8	3.103869E-3
7.000000E-8	3.201507E-3
7.005000E-8	3.311136E-3
7.010000E-8	3.376228E-3
7.015000E-8	3.398497E-3
7.020000E-8	3.393358E-3
7.025000E-8	3.336831E-3
7.030000E-8	3.242619E-3
7.035000E-8	3.162111E-3
7.040000E-8	3.069612E-3
7.045000E-8	2.920585E-3
7.050000E-8	2.756142E-3
7.055000E-8	2.619107E-3
7.060000E-8	2.497487E-3
7.065000E-8	2.363877E-3
7.070000E-8	2.231980E-3
7.075000E-8	2.113787E-3
7.080000E-8	2.019574E-3
7.085000E-8	1.933927E-3
7.090000E-8	1.872261E-3
7.095000E-8	1.839715E-3
7.100000E-8	1.853419E-3
7.105000E-8	1.897955E-3
7.110000E-8	1.945918E-3
7.115000E-8	1.992167E-3
7.120000E-8	2.064111E-3
7.125000E-8	2.189156E-3
7.130000E-8	2.324479E-3
7.135000E-8	2.406700E-3
7.140000E-8	2.451237E-3
7.145000E-8	2.483783E-3
7.150000E-8	2.502625E-3
7.155000E-8	2.488922E-3
7.160000E-8	2.439246E-3
7.165000E-8	2.350173E-3
7.170000E-8	2.262813E-3
7.175000E-8	2.206286E-3
7.180000E-8	2.148046E-3
7.185000E-8	2.079528E-3
7.190000E-8	2.033279E-3
7.195000E-8	2.033279E-3
7.200000E-8	2.050408E-3
7.205000E-8	2.108648E-3
7.210000E-8	2.201148E-3
7.215000E-8	2.291934E-3
7.220000E-8	2.374155E-3
7.225000E-8	2.466654E-3
7.230000E-8	2.560866E-3
7.235000E-8	2.653366E-3
7.240000E-8	2.754429E-3
7.245000E-8	2.848642E-3
7.250000E-8	2.939428E-3
7.255000E-8	3.045631E-3
7.260000E-8	3.162111E-3
7.265000E-8	3.256323E-3
7.270000E-8	3.341970E-3
7.275000E-8	3.441321E-3
7.280000E-8	3.518404E-3
7.285000E-8	3.556089E-3
7.290000E-8	3.549237E-3
7.295000E-8	3.494422E-3
7.300000E-8	3.384794E-3
7.305000E-8	3.234054E-3
7.310000E-8	3.033639E-3
7.315000E-8	2.793827E-3
7.320000E-8	2.535172E-3
7.325000E-8	2.264526E-3
7.330000E-8	2.023001E-3
7.335000E-8	1.860271E-3
7.340000E-8	1.766059E-3
7.345000E-8	1.730087E-3
7.350000E-8	1.767771E-3
7.355000E-8	1.877400E-3
7.360000E-8	2.031565E-3
7.365000E-8	2.219989E-3
7.370000E-8	2.439246E-3
7.375000E-8	2.660216E-3
7.380000E-8	2.858918E-3
7.385000E-8	3.021648E-3
7.390000E-8	3.124425E-3
7.395000E-8	3.175813E-3
7.400000E-8	3.177527E-3
7.405000E-8	3.120999E-3
7.410000E-8	3.009658E-3
7.415000E-8	2.865770E-3
7.420000E-8	2.673920E-3
7.425000E-8	2.439247E-3
7.430000E-8	2.225128E-3
7.435000E-8	2.034991E-3
7.440000E-8	1.829438E-3
7.445000E-8	1.654717E-3
7.450000E-8	1.560505E-3
7.455000E-8	1.502265E-3
7.460000E-8	1.445738E-3
7.465000E-8	1.433747E-3
7.470000E-8	1.468006E-3
7.475000E-8	1.517681E-3
7.480000E-8	1.587912E-3
7.485000E-8	1.695827E-3
7.490000E-8	1.814021E-3
7.495000E-8	1.916797E-3
7.500000E-8	2.021287E-3
7.505000E-8	2.130915E-3
7.510000E-8	2.219989E-3
7.515000E-8	2.324478E-3
7.520000E-8	2.454663E-3
7.525000E-8	2.579708E-3
7.530000E-8	2.713318E-3
7.535000E-8	2.884613E-3
7.540000E-8	3.064472E-3
7.545000E-8	3.234054E-3
7.550000E-8	3.415627E-3
7.555000E-8	3.600625E-3
7.560000E-8	3.730809E-3
7.565000E-8	3.797614E-3
7.570000E-8	3.809604E-3
7.575000E-8	3.747938E-3
7.580000E-8	3.602337E-3
7.585000E-8	3.396784E-3
7.590000E-8	3.160397E-3
7.595000E-8	2.906881E-3
7.600000E-8	2.646513E-3
7.605000E-8	2.401561E-3
7.610000E-8	2.197721E-3
7.615000E-8	2.065824E-3
7.620000E-8	2.016149E-3
7.625000E-8	2.034991E-3
7.630000E-8	2.122352E-3
7.635000E-8	2.264526E-3
7.640000E-8	2.451238E-3
7.645000E-8	2.680773E-3
7.650000E-8	2.917159E-3
7.655000E-8	3.112435E-3
7.660000E-8	3.263175E-3
7.665000E-8	3.386507E-3
7.670000E-8	3.448173E-3
7.675000E-8	3.436182E-3
7.680000E-8	3.377942E-3
7.685000E-8	3.273452E-3
7.690000E-8	3.107297E-3
7.695000E-8	2.906882E-3
7.700000E-8	2.684199E-3
7.705000E-8	2.458089E-3
7.710000E-8	2.276517E-3
7.715000E-8	2.144620E-3
7.720000E-8	2.012723E-3
7.725000E-8	1.909946E-3
7.730000E-8	1.916797E-3
7.735000E-8	2.007583E-3
7.740000E-8	2.101795E-3
7.745000E-8	2.214849E-3
7.750000E-8	2.389570E-3
7.755000E-8	2.576281E-3
7.760000E-8	2.720169E-3
7.765000E-8	2.829797E-3
7.770000E-8	2.898315E-3
7.775000E-8	2.922297E-3
7.780000E-8	2.932574E-3
7.785000E-8	2.930862E-3
7.790000E-8	2.872621E-3
7.795000E-8	2.781835E-3
7.800000E-8	2.701327E-3
7.805000E-8	2.617393E-3
7.810000E-8	2.538597E-3
7.815000E-8	2.485496E-3
7.820000E-8	2.449524E-3
7.825000E-8	2.437533E-3
7.830000E-8	2.466653E-3
7.835000E-8	2.504338E-3
7.840000E-8	2.514616E-3
7.845000E-8	2.521468E-3
7.850000E-8	2.519755E-3
7.855000E-8	2.485496E-3
7.860000E-8	2.461514E-3
7.865000E-8	2.473505E-3
7.870000E-8	2.456376E-3
7.875000E-8	2.403274E-3
7.880000E-8	2.377580E-3
7.885000E-8	2.370729E-3
7.890000E-8	2.355312E-3
7.895000E-8	2.362164E-3
7.900000E-8	2.413552E-3
7.905000E-8	2.480357E-3
7.910000E-8	2.552301E-3
7.915000E-8	2.651652E-3
7.920000E-8	2.756141E-3
7.925000E-8	2.864057E-3
7.930000E-8	2.978824E-3
7.935000E-8	3.079888E-3
7.940000E-8	3.136415E-3
7.945000E-8	3.153545E-3
7.950000E-8	3.151832E-3
7.955000E-8	3.132990E-3
7.960000E-8	3.085028E-3
7.965000E-8	3.006232E-3
7.970000E-8	2.910308E-3
7.975000E-8	2.810957E-3
7.980000E-8	2.708180E-3
7.985000E-8	2.593413E-3
7.990000E-8	2.476933E-3
7.995000E-8	2.384433E-3
8.000000E-8	2.327906E-3
8.005000E-8	2.264527E-3
8.010000E-8	2.204573E-3
8.015000E-8	2.177166E-3
8.020000E-8	2.161749E-3
8.025000E-8	2.148045E-3
8.030000E-8	2.175452E-3
8.035000E-8	2.252535E-3
8.040000E-8	2.341608E-3
8.045000E-8	2.434107E-3
8.050000E-8	2.548875E-3
8.055000E-8	2.673920E-3
8.060000E-8	2.785262E-3
8.065000E-8	2.877762E-3
8.070000E-8	2.920585E-3
8.075000E-8	2.920585E-3
8.080000E-8	2.934289E-3
8.085000E-8	2.946279E-3
8.090000E-8	2.912020E-3
8.095000E-8	2.821234E-3
8.100000E-8	2.706466E-3
8.105000E-8	2.572856E-3
8.110000E-8	2.427255E-3
8.115000E-8	2.286793E-3
8.120000E-8	2.151471E-3
8.125000E-8	2.021287E-3
8.130000E-8	1.913371E-3
8.135000E-8	1.838002E-3
8.140000E-8	1.807169E-3
8.145000E-8	1.832863E-3
8.150000E-8	1.896242E-3
8.155000E-8	1.983603E-3
8.160000E-8	2.105222E-3
8.165000E-8	2.255961E-3
8.170000E-8	2.394710E-3
8.175000E-8	2.516329E-3
8.180000E-8	2.637948E-3
8.185000E-8	2.720169E-3
8.190000E-8	2.723595E-3
8.195000E-8	2.684197E-3
8.200000E-8	2.608827E-3
8.205000E-8	2.485495E-3
8.210000E-8	2.343320E-3
8.215000E-8	2.214849E-3
8.220000E-8	2.118924E-3
8.225000E-8	2.043555E-3
8.230000E-8	2.017861E-3
8.235000E-8	2.057259E-3
8.240000E-8	2.134341E-3
8.245000E-8	2.218276E-3
8.250000E-8	2.326192E-3
8.255000E-8	2.470079E-3
8.260000E-8	2.605402E-3
8.265000E-8	2.697901E-3
8.270000E-8	2.761281E-3
8.275000E-8	2.821234E-3
8.280000E-8	2.843502E-3
8.285000E-8	2.798965E-3
8.290000E-8	2.725308E-3
8.295000E-8	2.663642E-3
8.300000E-8	2.596837E-3
8.305000E-8	2.509477E-3
8.310000E-8	2.440959E-3
8.315000E-8	2.413552E-3
8.320000E-8	2.398136E-3
8.325000E-8	2.392997E-3
8.330000E-8	2.413552E-3
8.335000E-8	2.446098E-3
8.340000E-8	2.468367E-3
8.345000E-8	2.495774E-3
8.350000E-8	2.550588E-3
8.355000E-8	2.637949E-3
8.360000E-8	2.739012E-3
8.365000E-8	2.804105E-3
8.370000E-8	2.826373E-3
8.375000E-8	2.860632E-3
8.380000E-8	2.912020E-3
8.385000E-8	2.920585E-3
8.390000E-8	2.881187E-3
8.395000E-8	2.848642E-3
8.400000E-8	2.812670E-3
8.405000E-8	2.740726E-3
8.410000E-8	2.679060E-3
8.415000E-8	2.636236E-3
8.420000E-8	2.576283E-3
8.425000E-8	2.499200E-3
8.430000E-8	2.454663E-3
8.435000E-8	2.446099E-3
8.440000E-8	2.432395E-3
8.445000E-8	2.416978E-3
8.450000E-8	2.401562E-3
8.455000E-8	2.399849E-3
8.460000E-8	2.434107E-3
8.465000E-8	2.483783E-3
8.470000E-8	2.500912E-3
8.475000E-8	2.504338E-3
8.480000E-8	2.511190E-3
8.485000E-8	2.507764E-3
8.490000E-8	2.506051E-3
8.495000E-8	2.526606E-3
8.500000E-8	2.554013E-3
8.505000E-8	2.586560E-3
8.510000E-8	2.660216E-3
8.515000E-8	2.759567E-3
8.520000E-8	2.834937E-3
8.525000E-8	2.889752E-3
8.530000E-8	2.941140E-3
8.535000E-8	2.975399E-3
8.540000E-8	2.982251E-3
8.545000E-8	2.953131E-3
8.550000E-8	2.886326E-3
8.555000E-8	2.792113E-3
8.560000E-8	2.692762E-3
8.565000E-8	2.586560E-3
8.570000E-8	2.492347E-3
8.575000E-8	2.428968E-3
8.580000E-8	2.377580E-3
8.585000E-8	2.339895E-3
8.590000E-8	2.362164E-3
8.595000E-8	2.425543E-3
8.600000E-8	2.475218E-3
8.605000E-8	2.528320E-3
8.610000E-8	2.620819E-3
8.615000E-8	2.697902E-3
8.620000E-8	2.713318E-3
8.625000E-8	2.701328E-3
8.630000E-8	2.689337E-3
8.635000E-8	2.661930E-3
8.640000E-8	2.619106E-3
8.645000E-8	2.536885E-3
8.650000E-8	2.410127E-3
8.655000E-8	2.303924E-3
8.660000E-8	2.257674E-3
8.665000E-8	2.216563E-3
8.670000E-8	2.161749E-3
8.675000E-8	2.130916E-3
8.680000E-8	2.149758E-3
8.685000E-8	2.192582E-3
8.690000E-8	2.259386E-3
8.695000E-8	2.351886E-3
8.700000E-8	2.451236E-3
8.705000E-8	2.538597E-3
8.710000E-8	2.608828E-3
8.715000E-8	2.644799E-3
8.720000E-8	2.648225E-3
8.725000E-8	2.629383E-3
8.730000E-8	2.588272E-3
8.735000E-8	2.530032E-3
8.740000E-8	2.476931E-3
8.745000E-8	2.410126E-3
8.750000E-8	2.298785E-3
8.755000E-8	2.185730E-3
8.760000E-8	2.127490E-3
8.765000E-8	2.088093E-3
8.770000E-8	2.058972E-3
8.775000E-8	2.077815E-3
8.780000E-8	2.136055E-3
8.785000E-8	2.189156E-3
8.790000E-8	2.259387E-3
8.795000E-8	2.362163E-3
8.800000E-8	2.454662E-3
8.805000E-8	2.524893E-3
8.810000E-8	2.605401E-3
8.815000E-8	2.682484E-3
8.820000E-8	2.715030E-3
8.825000E-8	2.720169E-3
8.830000E-8	2.727020E-3
8.835000E-8	2.757854E-3
8.840000E-8	2.793826E-3
8.845000E-8	2.798965E-3
8.850000E-8	2.798965E-3
8.855000E-8	2.838363E-3
8.860000E-8	2.908594E-3
8.865000E-8	2.947992E-3
8.870000E-8	2.966835E-3
8.875000E-8	3.006232E-3
8.880000E-8	3.052482E-3
8.885000E-8	3.062759E-3
8.890000E-8	3.037065E-3
8.895000E-8	2.973686E-3
8.900000E-8	2.867483E-3
8.905000E-8	2.744151E-3
8.910000E-8	2.607115E-3
8.915000E-8	2.466653E-3
8.920000E-8	2.346747E-3
8.925000E-8	2.283368E-3
8.930000E-8	2.247396E-3
8.935000E-8	2.216563E-3
8.940000E-8	2.213137E-3
8.945000E-8	2.257674E-3
8.950000E-8	2.319340E-3
8.955000E-8	2.375868E-3
8.960000E-8	2.439247E-3
8.965000E-8	2.506052E-3
8.970000E-8	2.550588E-3
8.975000E-8	2.566005E-3
8.980000E-8	2.557440E-3
8.985000E-8	2.526607E-3
8.990000E-8	2.483783E-3
8.995000E-8	2.440959E-3
9.000000E-8	2.398136E-3
9.005000E-8	2.367303E-3
9.010000E-8	2.370729E-3
9.015000E-8	2.422117E-3
9.020000E-8	2.502626E-3
9.025000E-8	2.589986E-3
9.030000E-8	2.660217E-3
9.035000E-8	2.706466E-3
9.040000E-8	2.739012E-3
9.045000E-8	2.735586E-3
9.050000E-8	2.679059E-3
9.055000E-8	2.586560E-3
9.060000E-8	2.487209E-3
9.065000E-8	2.384432E-3
9.070000E-8	2.276517E-3
9.075000E-8	2.161749E-3
9.080000E-8	2.050408E-3
9.085000E-8	1.973325E-3
9.090000E-8	1.945918E-3
9.095000E-8	1.952770E-3
9.100000E-8	1.978464E-3
9.105000E-8	2.050408E-3
9.110000E-8	2.142907E-3
9.115000E-8	2.219989E-3
9.120000E-8	2.309062E-3
9.125000E-8	2.427255E-3
9.130000E-8	2.516329E-3
9.135000E-8	2.584846E-3
9.140000E-8	2.697901E-3
9.145000E-8	2.819520E-3
9.150000E-8	2.894890E-3
9.155000E-8	2.956556E-3
9.160000E-8	3.016510E-3
9.165000E-8	3.030213E-3
9.170000E-8	2.992529E-3
9.175000E-8	2.917159E-3
9.180000E-8	2.788688E-3
9.185000E-8	2.615681E-3
9.190000E-8	2.420405E-3
9.195000E-8	2.196009E-3
9.200000E-8	1.937353E-3
9.205000E-8	1.700967E-3
9.210000E-8	1.517681E-3
9.215000E-8	1.375507E-3
9.220000E-8	1.289859E-3
9.225000E-8	1.274443E-3
9.230000E-8	1.320692E-3
9.235000E-8	1.414904E-3
9.240000E-8	1.557079E-3
9.245000E-8	1.716383E-3
9.250000E-8	1.868835E-3
9.255000E-8	2.038416E-3
9.260000E-8	2.196007E-3
9.265000E-8	2.312488E-3
9.270000E-8	2.403274E-3
9.275000E-8	2.451236E-3
9.280000E-8	2.418691E-3
9.285000E-8	2.360450E-3
9.290000E-8	2.317627E-3
9.295000E-8	2.259387E-3
9.300000E-8	2.177165E-3
9.305000E-8	2.129203E-3
9.310000E-8	2.105222E-3
9.315000E-8	2.055546E-3
9.320000E-8	2.011009E-3
9.325000E-8	1.992167E-3
9.330000E-8	1.976750E-3
9.335000E-8	1.975037E-3
9.340000E-8	2.034991E-3
9.345000E-8	2.110360E-3
9.350000E-8	2.165175E-3
9.355000E-8	2.243970E-3
9.360000E-8	2.353599E-3
9.365000E-8	2.459802E-3
9.370000E-8	2.583134E-3
9.375000E-8	2.701327E-3
9.380000E-8	2.762993E-3
9.385000E-8	2.778410E-3
9.390000E-8	2.780123E-3
9.395000E-8	2.740725E-3
9.400000E-8	2.649939E-3
9.405000E-8	2.564291E-3
9.410000E-8	2.466653E-3
9.415000E-8	2.324479E-3
9.420000E-8	2.190869E-3
9.425000E-8	2.106935E-3
9.430000E-8	2.053833E-3
9.435000E-8	2.053833E-3
9.440000E-8	2.117213E-3
9.445000E-8	2.197721E-3
9.450000E-8	2.302211E-3
9.455000E-8	2.458089E-3
9.460000E-8	2.610541E-3
9.465000E-8	2.721883E-3
9.470000E-8	2.829798E-3
9.475000E-8	2.932575E-3
9.480000E-8	2.975399E-3
9.485000E-8	2.990815E-3
9.490000E-8	3.011371E-3
9.495000E-8	3.004519E-3
9.500000E-8	2.968547E-3
9.505000E-8	2.951417E-3
9.510000E-8	2.924010E-3
9.515000E-8	2.848640E-3
9.520000E-8	2.761280E-3
9.525000E-8	2.668781E-3
9.530000E-8	2.531745E-3
9.535000E-8	2.372441E-3
9.540000E-8	2.219989E-3
9.545000E-8	2.070962E-3
9.550000E-8	1.927075E-3
9.555000E-8	1.812307E-3
9.560000E-8	1.730086E-3
9.565000E-8	1.683836E-3
9.570000E-8	1.692401E-3
9.575000E-8	1.736938E-3
9.580000E-8	1.798604E-3
9.585000E-8	1.908232E-3
9.590000E-8	2.062398E-3
9.595000E-8	2.209711E-3
9.600000E-8	2.353599E-3
9.605000E-8	2.504338E-3
9.610000E-8	2.646513E-3
9.615000E-8	2.766419E-3
9.620000E-8	2.874334E-3
9.625000E-8	2.944565E-3
9.630000E-8	2.983963E-3
9.635000E-8	3.030212E-3
9.640000E-8	3.057620E-3
9.645000E-8	3.019935E-3
9.650000E-8	2.959982E-3
9.655000E-8	2.903455E-3
9.660000E-8	2.809243E-3
9.665000E-8	2.699614E-3
9.670000E-8	2.624245E-3
9.675000E-8	2.547162E-3
9.680000E-8	2.437534E-3
9.685000E-8	2.317627E-3
9.690000E-8	2.202860E-3
9.695000E-8	2.089805E-3
9.700000E-8	1.983602E-3
9.705000E-8	1.894529E-3
9.710000E-8	1.802030E-3
9.715000E-8	1.719808E-3
9.720000E-8	1.692401E-3
9.725000E-8	1.699252E-3
9.730000E-8	1.706104E-3
9.735000E-8	1.740363E-3
9.740000E-8	1.820872E-3
9.745000E-8	1.909945E-3
9.750000E-8	2.014435E-3
9.755000E-8	2.148046E-3
9.760000E-8	2.254248E-3
9.765000E-8	2.310776E-3
9.770000E-8	2.403275E-3
9.775000E-8	2.514617E-3
9.780000E-8	2.576283E-3
9.785000E-8	2.605403E-3
9.790000E-8	2.651653E-3
9.795000E-8	2.680773E-3
9.800000E-8	2.684198E-3
9.805000E-8	2.689337E-3
9.810000E-8	2.675633E-3
9.815000E-8	2.637948E-3
9.820000E-8	2.624244E-3
9.825000E-8	2.624244E-3
9.830000E-8	2.595123E-3
9.835000E-8	2.574568E-3
9.840000E-8	2.596836E-3
9.845000E-8	2.622531E-3
9.850000E-8	2.625957E-3
9.855000E-8	2.637948E-3
9.860000E-8	2.660216E-3
9.865000E-8	2.691049E-3
9.870000E-8	2.739012E-3
9.875000E-8	2.778410E-3
9.880000E-8	2.785262E-3
9.885000E-8	2.768133E-3
9.890000E-8	2.756142E-3
9.895000E-8	2.745864E-3
9.900000E-8	2.745864E-3
9.905000E-8	2.752716E-3
9.910000E-8	2.752716E-3
9.915000E-8	2.744151E-3
9.920000E-8	2.728734E-3
9.925000E-8	2.706465E-3
9.930000E-8	2.660216E-3
9.935000E-8	2.598550E-3
9.940000E-8	2.523180E-3
9.945000E-8	2.446097E-3
9.950000E-8	2.360450E-3
9.955000E-8	2.262812E-3
9.960000E-8	2.156609E-3
9.965000E-8	2.052120E-3
9.970000E-8	1.940778E-3
9.975000E-8	1.832862E-3
9.980000E-8	1.760919E-3
9.985000E-8	1.707817E-3
9.990000E-8	1.664994E-3
9.995000E-8	1.646151E-3
1.000000E-7	1.666707E-3
1.000500E-7	1.740364E-3
1.001000E-7	1.844853E-3
1.001500E-7	1.954482E-3
1.002000E-7	2.077814E-3
1.002500E-7	2.237118E-3
1.003000E-7	2.418691E-3
1.003500E-7	2.572856E-3
1.004000E-7	2.685910E-3
1.004500E-7	2.766419E-3
1.005000E-7	2.805816E-3
1.005500E-7	2.797252E-3
1.006000E-7	2.740725E-3
1.006500E-7	2.634522E-3
1.007000E-7	2.499199E-3
1.007500E-7	2.372441E-3
1.008000E-7	2.247396E-3
1.008500E-7	2.124064E-3
1.009000E-7	2.046981E-3
1.009500E-7	2.024713E-3
1.010000E-7	2.009296E-3
1.010500E-7	2.014435E-3
1.011000E-7	2.058971E-3
1.011500E-7	2.101795E-3
1.012000E-7	2.112073E-3
1.012500E-7	2.134341E-3
1.013000E-7	2.175451E-3
1.013500E-7	2.196007E-3
1.014000E-7	2.184016E-3
1.014500E-7	2.165174E-3
1.015000E-7	2.144618E-3
1.015500E-7	2.120637E-3
1.016000E-7	2.091517E-3
1.016500E-7	2.048693E-3
1.017000E-7	2.038416E-3
1.017500E-7	2.065823E-3
1.018000E-7	2.101795E-3
1.018500E-7	2.122350E-3
1.019000E-7	2.165174E-3
1.019500E-7	2.235405E-3
1.020000E-7	2.302210E-3
1.020500E-7	2.353599E-3
1.021000E-7	2.416978E-3
1.021500E-7	2.504338E-3
1.022000E-7	2.584847E-3
1.022500E-7	2.624245E-3
1.023000E-7	2.637948E-3
1.023500E-7	2.655078E-3
1.024000E-7	2.673920E-3
1.024500E-7	2.661929E-3
1.025000E-7	2.625957E-3
1.025500E-7	2.577994E-3
1.026000E-7	2.495773E-3
1.026500E-7	2.372441E-3
1.027000E-7	2.267951E-3
1.027500E-7	2.201146E-3
1.028000E-7	2.120637E-3
1.028500E-7	2.022999E-3
1.029000E-7	1.959621E-3
1.029500E-7	1.932213E-3
1.030000E-7	1.909945E-3
1.030500E-7	1.891103E-3
1.031000E-7	1.896242E-3
1.031500E-7	1.925362E-3
1.032000E-7	1.980176E-3
1.032500E-7	2.064110E-3
1.033000E-7	2.142906E-3
1.033500E-7	2.199433E-3
1.034000E-7	2.247395E-3
1.034500E-7	2.283367E-3
1.035000E-7	2.317626E-3
1.035500E-7	2.365589E-3
1.036000E-7	2.430681E-3
1.036500E-7	2.487208E-3
1.037000E-7	2.535171E-3
1.037500E-7	2.588272E-3
1.038000E-7	2.629383E-3
1.038500E-7	2.660217E-3
1.039000E-7	2.691050E-3
1.039500E-7	2.699615E-3
1.040000E-7	2.668782E-3
1.040500E-7	2.622532E-3
1.041000E-7	2.569431E-3
1.041500E-7	2.466654E-3
1.042000E-7	2.309063E-3
1.042500E-7	2.125777E-3
1.043000E-7	1.952770E-3
1.043500E-7	1.815734E-3
1.044000E-7	1.709531E-3
1.044500E-7	1.610180E-3
1.045000E-7	1.575921E-3
1.045500E-7	1.646152E-3
1.046000E-7	1.750641E-3
1.046500E-7	1.858557E-3
1.047000E-7	1.987028E-3
1.047500E-7	2.118925E-3
1.048000E-7	2.218276E-3
1.048500E-7	2.303923E-3
1.049000E-7	2.375867E-3
1.049500E-7	2.387858E-3
1.050000E-7	2.351886E-3
1.050500E-7	2.300497E-3
1.051000E-7	2.231979E-3
1.051500E-7	2.154896E-3
1.052000E-7	2.089804E-3
1.052500E-7	2.034990E-3
1.053000E-7	2.002444E-3
1.053500E-7	2.022999E-3
1.054000E-7	2.094943E-3
1.054500E-7	2.190868E-3
1.055000E-7	2.310774E-3
1.055500E-7	2.420403E-3
1.056000E-7	2.504337E-3
1.056500E-7	2.589984E-3
1.057000E-7	2.667067E-3
1.057500E-7	2.673919E-3
1.058000E-7	2.624243E-3
1.058500E-7	2.560864E-3
1.059000E-7	2.488921E-3
1.059500E-7	2.404987E-3
1.060000E-7	2.331330E-3
1.060500E-7	2.252535E-3
1.061000E-7	2.158323E-3
1.061500E-7	2.096657E-3
1.062000E-7	2.088092E-3
1.062500E-7	2.100083E-3
1.063000E-7	2.134342E-3
1.063500E-7	2.207999E-3
1.064000E-7	2.285082E-3
1.064500E-7	2.329618E-3
1.065000E-7	2.351886E-3
1.065500E-7	2.370729E-3
1.066000E-7	2.363877E-3
1.066500E-7	2.302211E-3
1.067000E-7	2.197721E-3
1.067500E-7	2.072675E-3
1.068000E-7	1.932214E-3
1.068500E-7	1.790039E-3
1.069000E-7	1.685549E-3
1.069500E-7	1.639299E-3
1.070000E-7	1.627309E-3
1.070500E-7	1.637586E-3
1.071000E-7	1.682123E-3
1.071500E-7	1.796890E-3
1.072000E-7	1.945917E-3
1.072500E-7	2.072675E-3
1.073000E-7	2.184016E-3
1.073500E-7	2.305636E-3
1.074000E-7	2.398135E-3
1.074500E-7	2.432394E-3
1.075000E-7	2.451237E-3
1.075500E-7	2.461514E-3
1.076000E-7	2.434107E-3
1.076500E-7	2.401561E-3
1.077000E-7	2.398136E-3
1.077500E-7	2.404987E-3
1.078000E-7	2.432394E-3
1.078500E-7	2.514616E-3
1.079000E-7	2.603689E-3
1.079500E-7	2.672207E-3
1.080000E-7	2.768131E-3
1.080500E-7	2.870908E-3
1.081000E-7	2.936000E-3
1.081500E-7	2.980536E-3
1.082000E-7	3.018221E-3
1.082500E-7	3.002804E-3
1.083000E-7	2.958268E-3
1.083500E-7	2.898315E-3
1.084000E-7	2.793825E-3
1.084500E-7	2.685910E-3
1.085000E-7	2.643086E-3
1.085500E-7	2.617392E-3
1.086000E-7	2.564291E-3
1.086500E-7	2.531745E-3
1.087000E-7	2.559152E-3
1.087500E-7	2.600263E-3
1.088000E-7	2.625957E-3
1.088500E-7	2.643087E-3
1.089000E-7	2.670494E-3
1.089500E-7	2.711605E-3
1.090000E-7	2.744151E-3
1.090500E-7	2.723595E-3
1.091000E-7	2.665355E-3
1.091500E-7	2.615680E-3
1.092000E-7	2.550588E-3
1.092500E-7	2.468366E-3
1.093000E-7	2.394710E-3
1.093500E-7	2.322766E-3
1.094000E-7	2.262813E-3
1.094500E-7	2.221702E-3
1.095000E-7	2.199433E-3
1.095500E-7	2.187443E-3
1.096000E-7	2.190869E-3
1.096500E-7	2.204572E-3
1.097000E-7	2.243970E-3
1.097500E-7	2.310775E-3
1.098000E-7	2.375867E-3
1.098500E-7	2.427256E-3
1.099000E-7	2.497487E-3
1.099500E-7	2.571143E-3
1.100000E-7	2.601977E-3
1.100500E-7	2.589986E-3
1.101000E-7	2.566005E-3
1.101500E-7	2.530033E-3
1.102000E-7	2.478644E-3
1.102500E-7	2.404988E-3
1.103000E-7	2.314201E-3
1.103500E-7	2.235405E-3
1.104000E-7	2.196007E-3
1.104500E-7	2.180590E-3
1.105000E-7	2.177164E-3
1.105500E-7	2.202858E-3
1.106000E-7	2.264524E-3
1.106500E-7	2.322765E-3
1.107000E-7	2.363875E-3
1.107500E-7	2.391283E-3
1.108000E-7	2.410125E-3
1.108500E-7	2.404987E-3
1.109000E-7	2.372441E-3
1.109500E-7	2.314201E-3
1.110000E-7	2.238831E-3
1.110500E-7	2.130916E-3
1.111000E-7	1.997306E-3
1.111500E-7	1.891103E-3
1.112000E-7	1.829437E-3
1.112500E-7	1.774623E-3
1.113000E-7	1.724947E-3
1.113500E-7	1.716382E-3
1.114000E-7	1.724947E-3
1.114500E-7	1.726660E-3
1.115000E-7	1.740364E-3
1.115500E-7	1.767771E-3
1.116000E-7	1.757493E-3
1.116500E-7	1.711243E-3
1.117000E-7	1.683836E-3
1.117500E-7	1.661568E-3
1.118000E-7	1.627309E-3
1.118500E-7	1.606754E-3
1.119000E-7	1.610179E-3
1.119500E-7	1.637586E-3
1.120000E-7	1.699253E-3
1.120500E-7	1.776335E-3
1.121000E-7	1.858557E-3
1.121500E-7	1.976750E-3
1.122000E-7	2.134341E-3
1.122500E-7	2.255960E-3
1.123000E-7	2.321052E-3
1.123500E-7	2.379292E-3
1.124000E-7	2.422116E-3
1.124500E-7	2.398135E-3
1.125000E-7	2.327904E-3
1.125500E-7	2.228553E-3
1.126000E-7	2.091517E-3
1.126500E-7	1.951055E-3
1.127000E-7	1.851704E-3
1.127500E-7	1.779761E-3
1.128000E-7	1.735224E-3
1.128500E-7	1.742076E-3
1.129000E-7	1.810594E-3
1.129500E-7	1.925361E-3
1.130000E-7	2.081239E-3
1.130500E-7	2.250821E-3
1.131000E-7	2.408413E-3
1.131500E-7	2.550587E-3
1.132000E-7	2.655077E-3
1.132500E-7	2.696188E-3
1.133000E-7	2.689336E-3
1.133500E-7	2.670494E-3
1.134000E-7	2.608828E-3
1.134500E-7	2.494060E-3
1.135000E-7	2.379293E-3
1.135500E-7	2.281655E-3
1.136000E-7	2.185729E-3
1.136500E-7	2.108646E-3
1.137000E-7	2.038415E-3
1.137500E-7	1.966471E-3
1.138000E-7	1.923648E-3
1.138500E-7	1.932212E-3
1.139000E-7	1.957906E-3
1.139500E-7	1.973323E-3
1.140000E-7	2.004156E-3
1.140500E-7	2.036702E-3
1.141000E-7	2.058971E-3
1.141500E-7	2.101794E-3
1.142000E-7	2.151470E-3
1.142500E-7	2.168600E-3
1.143000E-7	2.178878E-3
1.143500E-7	2.216563E-3
1.144000E-7	2.245683E-3
1.144500E-7	2.249109E-3
1.145000E-7	2.266238E-3
1.145500E-7	2.267951E-3
1.146000E-7	2.216563E-3
1.146500E-7	2.139480E-3
1.147000E-7	2.070962E-3
1.147500E-7	1.999019E-3
1.148000E-7	1.963047E-3
1.148500E-7	1.980176E-3
1.149000E-7	2.005870E-3
1.149500E-7	2.033278E-3
1.150000E-7	2.088092E-3
1.150500E-7	2.156610E-3
1.151000E-7	2.206285E-3
1.151500E-7	2.250822E-3
1.152000E-7	2.305636E-3
1.152500E-7	2.386145E-3
1.153000E-7	2.485495E-3
1.153500E-7	2.581420E-3
1.154000E-7	2.643086E-3
1.154500E-7	2.694475E-3
1.155000E-7	2.756141E-3
1.155500E-7	2.814381E-3
1.156000E-7	2.858918E-3
1.156500E-7	2.903454E-3
1.157000E-7	2.965120E-3
1.157500E-7	3.043916E-3
1.158000E-7	3.085027E-3
1.158500E-7	3.057620E-3
1.159000E-7	3.006232E-3
1.159500E-7	2.949704E-3
1.160000E-7	2.867483E-3
1.160500E-7	2.766419E-3
1.161000E-7	2.668781E-3
1.161500E-7	2.574569E-3
1.162000E-7	2.483782E-3
1.162500E-7	2.401561E-3
1.163000E-7	2.327904E-3
1.163500E-7	2.281654E-3
1.164000E-7	2.274803E-3
1.164500E-7	2.281654E-3
1.165000E-7	2.281654E-3
1.165500E-7	2.300497E-3
1.166000E-7	2.341608E-3
1.166500E-7	2.384432E-3
1.167000E-7	2.439246E-3
1.167500E-7	2.495774E-3
1.168000E-7	2.523181E-3
1.168500E-7	2.538597E-3
1.169000E-7	2.581421E-3
1.169500E-7	2.615680E-3
1.170000E-7	2.596837E-3
1.170500E-7	2.560865E-3
1.171000E-7	2.514616E-3
1.171500E-7	2.439246E-3
1.172000E-7	2.355312E-3
1.172500E-7	2.264526E-3
1.173000E-7	2.142906E-3
1.173500E-7	2.005871E-3
1.174000E-7	1.875687E-3
1.174500E-7	1.740364E-3
1.175000E-7	1.594764E-3
1.175500E-7	1.505690E-3
1.176000E-7	1.474857E-3
1.176500E-7	1.474857E-3
1.177000E-7	1.517681E-3
1.177500E-7	1.617031E-3
1.178000E-7	1.764345E-3
1.178500E-7	1.945917E-3
1.179000E-7	2.144619E-3
1.179500E-7	2.338181E-3
1.180000E-7	2.516328E-3
1.180500E-7	2.663641E-3
1.181000E-7	2.749289E-3
1.181500E-7	2.769844E-3
1.182000E-7	2.771557E-3
1.182500E-7	2.730447E-3
1.183000E-7	2.600263E-3
1.183500E-7	2.434107E-3
1.184000E-7	2.291933E-3
1.184500E-7	2.132629E-3
1.185000E-7	1.945917E-3
1.185500E-7	1.822585E-3
1.186000E-7	1.778049E-3
1.186500E-7	1.745503E-3
1.187000E-7	1.736938E-3
1.187500E-7	1.805456E-3
1.188000E-7	1.906520E-3
1.188500E-7	1.981889E-3
1.189000E-7	2.081240E-3
1.189500E-7	2.225128E-3
1.190000E-7	2.381006E-3
1.190500E-7	2.521467E-3
1.191000E-7	2.636235E-3
1.191500E-7	2.706466E-3
1.192000E-7	2.739012E-3
1.192500E-7	2.730447E-3
1.193000E-7	2.672207E-3
1.193500E-7	2.581420E-3
1.194000E-7	2.478643E-3
1.194500E-7	2.360450E-3
1.195000E-7	2.266238E-3
1.195500E-7	2.231979E-3
1.196000E-7	2.223414E-3
1.196500E-7	2.223414E-3
1.197000E-7	2.278229E-3
1.197500E-7	2.386144E-3
1.198000E-7	2.492347E-3
1.198500E-7	2.619105E-3
1.199000E-7	2.762993E-3
1.199500E-7	2.865770E-3
1.200000E-7	2.924010E-3
1.200500E-7	2.949705E-3
1.201000E-7	2.893177E-3
1.201500E-7	2.745864E-3
1.202000E-7	2.567717E-3
1.202500E-7	2.353599E-3
1.203000E-7	2.084666E-3
1.203500E-7	1.822585E-3
1.204000E-7	1.627309E-3
1.204500E-7	1.468005E-3
1.205000E-7	1.366941E-3
1.205500E-7	1.375505E-3
1.206000E-7	1.471430E-3
1.206500E-7	1.608466E-3
1.207000E-7	1.807168E-3
1.207500E-7	2.046980E-3
1.208000E-7	2.230266E-3
1.208500E-7	2.339894E-3
1.209000E-7	2.411838E-3
1.209500E-7	2.434106E-3
1.210000E-7	2.360450E-3
1.210500E-7	2.235404E-3
1.211000E-7	2.091517E-3
1.211500E-7	1.927074E-3
1.212000E-7	1.778047E-3
1.212500E-7	1.700965E-3
1.213000E-7	1.695826E-3
1.213500E-7	1.762631E-3
1.214000E-7	1.937352E-3
1.214500E-7	2.177165E-3
1.215000E-7	2.430681E-3
1.215500E-7	2.673920E-3
1.216000E-7	2.889751E-3
1.216500E-7	3.042203E-3
1.217000E-7	3.120999E-3
1.217500E-7	3.117573E-3
1.218000E-7	3.031925E-3
1.218500E-7	2.886325E-3
1.219000E-7	2.721882E-3
1.219500E-7	2.533457E-3
1.220000E-7	2.336468E-3
1.220500E-7	2.163460E-3
1.221000E-7	2.024712E-3
1.221500E-7	1.918509E-3
1.222000E-7	1.870546E-3
1.222500E-7	1.851704E-3
1.223000E-7	1.846565E-3
1.223500E-7	1.887676E-3
1.224000E-7	1.947629E-3
1.224500E-7	1.973323E-3
1.225000E-7	1.980175E-3
1.225500E-7	2.016147E-3
1.226000E-7	2.055545E-3
1.226500E-7	2.067536E-3
1.227000E-7	2.091517E-3
1.227500E-7	2.148044E-3
1.228000E-7	2.202859E-3
1.228500E-7	2.285080E-3
1.229000E-7	2.404987E-3
1.229500E-7	2.519754E-3
1.230000E-7	2.615679E-3
1.230500E-7	2.721882E-3
1.231000E-7	2.831510E-3
1.231500E-7	2.900028E-3
1.232000E-7	2.942852E-3
1.232500E-7	2.983962E-3
1.233000E-7	3.007944E-3
1.233500E-7	3.021647E-3
1.234000E-7	3.040490E-3
1.234500E-7	3.025073E-3
1.235000E-7	2.965120E-3
1.235500E-7	2.901741E-3
1.236000E-7	2.843501E-3
1.236500E-7	2.751002E-3
1.237000E-7	2.636234E-3
1.237500E-7	2.547161E-3
1.238000E-7	2.454662E-3
1.238500E-7	2.355311E-3
1.239000E-7	2.249109E-3
1.239500E-7	2.142906E-3
1.240000E-7	2.036703E-3
1.240500E-7	1.975037E-3
1.241000E-7	1.951056E-3
1.241500E-7	1.937353E-3
1.242000E-7	1.959621E-3
1.242500E-7	2.017861E-3
1.243000E-7	2.065824E-3
1.243500E-7	2.110360E-3
1.244000E-7	2.172026E-3
1.244500E-7	2.213137E-3
1.245000E-7	2.218276E-3
1.245500E-7	2.243970E-3
1.246000E-7	2.297071E-3
1.246500E-7	2.317627E-3
1.247000E-7	2.314201E-3
1.247500E-7	2.310775E-3
1.248000E-7	2.297071E-3
1.248500E-7	2.267951E-3
1.249000E-7	2.261100E-3
1.249500E-7	2.261100E-3
1.250000E-7	2.245683E-3
1.250500E-7	2.230267E-3
1.251000E-7	2.242258E-3
1.251500E-7	2.267952E-3
1.252000E-7	2.298785E-3
1.252500E-7	2.355312E-3
1.253000E-7	2.440960E-3
1.253500E-7	2.528320E-3
1.254000E-7	2.588273E-3
1.254500E-7	2.607115E-3
1.255000E-7	2.625957E-3
1.255500E-7	2.643086E-3
1.256000E-7	2.601976E-3
1.256500E-7	2.500912E-3
1.257000E-7	2.410126E-3
1.257500E-7	2.309062E-3
1.258000E-7	2.163461E-3
1.258500E-7	2.012722E-3
1.259000E-7	1.913372E-3
1.259500E-7	1.824298E-3
1.260000E-7	1.718096E-3
1.260500E-7	1.653004E-3
1.261000E-7	1.658143E-3
1.261500E-7	1.711244E-3
1.262000E-7	1.791752E-3
1.262500E-7	1.901381E-3
1.263000E-7	2.046981E-3
1.263500E-7	2.206285E-3
1.264000E-7	2.327904E-3
1.264500E-7	2.398135E-3
1.265000E-7	2.449523E-3
1.265500E-7	2.478644E-3
1.266000E-7	2.473505E-3
1.266500E-7	2.413552E-3
1.267000E-7	2.302210E-3
1.267500E-7	2.168601E-3
1.268000E-7	2.050407E-3
1.268500E-7	1.957908E-3
1.269000E-7	1.868835E-3
1.269500E-7	1.786613E-3
1.270000E-7	1.764345E-3
1.270500E-7	1.815733E-3
1.271000E-7	1.885963E-3
1.271500E-7	1.940778E-3
1.272000E-7	1.999018E-3
1.272500E-7	2.076100E-3
1.273000E-7	2.136053E-3
1.273500E-7	2.168599E-3
1.274000E-7	2.192581E-3
1.274500E-7	2.202859E-3
1.275000E-7	2.180591E-3
1.275500E-7	2.163461E-3
1.276000E-7	2.166887E-3
1.276500E-7	2.153184E-3
1.277000E-7	2.129203E-3
1.277500E-7	2.146332E-3
1.278000E-7	2.197721E-3
1.278500E-7	2.219989E-3
1.279000E-7	2.237118E-3
1.279500E-7	2.281655E-3
1.280000E-7	2.317627E-3
1.280500E-7	2.315914E-3
1.281000E-7	2.285080E-3
1.281500E-7	2.228553E-3
1.282000E-7	2.137767E-3
1.282500E-7	2.021287E-3
1.283000E-7	1.916797E-3
1.283500E-7	1.820872E-3
1.284000E-7	1.723234E-3
1.284500E-7	1.627309E-3
1.285000E-7	1.548514E-3
1.285500E-7	1.483422E-3
1.286000E-7	1.447450E-3
1.286500E-7	1.452589E-3
1.287000E-7	1.486848E-3
1.287500E-7	1.526246E-3
1.288000E-7	1.594763E-3
1.288500E-7	1.707818E-3
1.289000E-7	1.827724E-3
1.289500E-7	1.915084E-3
1.290000E-7	1.978463E-3
1.290500E-7	2.034990E-3
1.291000E-7	2.094943E-3
1.291500E-7	2.148045E-3
1.292000E-7	2.192581E-3
1.292500E-7	2.206285E-3
1.293000E-7	2.202859E-3
1.293500E-7	2.214850E-3
1.294000E-7	2.230266E-3
1.294500E-7	2.219989E-3
1.295000E-7	2.189156E-3
1.295500E-7	2.189156E-3
1.296000E-7	2.235405E-3
1.296500E-7	2.309062E-3
1.297000E-7	2.377580E-3
1.297500E-7	2.451236E-3
1.298000E-7	2.550587E-3
1.298500E-7	2.653364E-3
1.299000E-7	2.730446E-3
1.299500E-7	2.762992E-3
1.300000E-7	2.762992E-3
1.300500E-7	2.742437E-3
1.301000E-7	2.696187E-3
1.301500E-7	2.627670E-3
1.302000E-7	2.538597E-3
1.302500E-7	2.404987E-3
1.303000E-7	2.221702E-3
1.303500E-7	2.036704E-3
1.304000E-7	1.879113E-3
1.304500E-7	1.735225E-3
1.305000E-7	1.615319E-3
1.305500E-7	1.546801E-3
1.306000E-7	1.514255E-3
1.306500E-7	1.505690E-3
1.307000E-7	1.550226E-3
1.307500E-7	1.647864E-3
1.308000E-7	1.736937E-3
1.308500E-7	1.805455E-3
1.309000E-7	1.897954E-3
1.309500E-7	1.978463E-3
1.310000E-7	2.024713E-3
1.310500E-7	2.060685E-3
1.311000E-7	2.103509E-3
1.311500E-7	2.139481E-3
1.312000E-7	2.172027E-3
1.312500E-7	2.209712E-3
1.313000E-7	2.216563E-3
1.313500E-7	2.207999E-3
1.314000E-7	2.216563E-3
1.314500E-7	2.228554E-3
1.315000E-7	2.206285E-3
1.315500E-7	2.148045E-3
1.316000E-7	2.074388E-3
1.316500E-7	1.993879E-3
1.317000E-7	1.927074E-3
1.317500E-7	1.896241E-3
1.318000E-7	1.879112E-3
1.318500E-7	1.872260E-3
1.319000E-7	1.908232E-3
1.319500E-7	1.988740E-3
1.320000E-7	2.089804E-3
1.320500E-7	2.209711E-3
1.321000E-7	2.333043E-3
1.321500E-7	2.456376E-3
1.322000E-7	2.564291E-3
1.322500E-7	2.622532E-3
1.323000E-7	2.622532E-3
1.323500E-7	2.607115E-3
1.324000E-7	2.577995E-3
1.324500E-7	2.511191E-3
1.325000E-7	2.422117E-3
1.325500E-7	2.341609E-3
1.326000E-7	2.267952E-3
1.326500E-7	2.175453E-3
1.327000E-7	2.098370E-3
1.327500E-7	2.064111E-3
1.328000E-7	2.053833E-3
1.328500E-7	2.055546E-3
1.329000E-7	2.072675E-3
1.329500E-7	2.089805E-3
1.330000E-7	2.077814E-3
1.330500E-7	2.058972E-3
1.331000E-7	2.076102E-3
1.331500E-7	2.112074E-3
1.332000E-7	2.149759E-3
1.332500E-7	2.199434E-3
1.333000E-7	2.254248E-3
1.333500E-7	2.290220E-3
1.334000E-7	2.329618E-3
1.334500E-7	2.374154E-3
1.335000E-7	2.392997E-3
1.335500E-7	2.404987E-3
1.336000E-7	2.439246E-3
1.336500E-7	2.492347E-3
1.337000E-7	2.545448E-3
1.337500E-7	2.601976E-3
1.338000E-7	2.673919E-3
1.338500E-7	2.737299E-3
1.339000E-7	2.788687E-3
1.339500E-7	2.826372E-3
1.340000E-7	2.828085E-3
1.340500E-7	2.751003E-3
1.341000E-7	2.608828E-3
1.341500E-7	2.434108E-3
1.342000E-7	2.262813E-3
1.342500E-7	2.093231E-3
1.343000E-7	1.918510E-3
1.343500E-7	1.769484E-3
1.344000E-7	1.666707E-3
1.344500E-7	1.605041E-3
1.345000E-7	1.582772E-3
1.345500E-7	1.632448E-3
1.346000E-7	1.723234E-3
1.346500E-7	1.812307E-3
1.347000E-7	1.891102E-3
1.347500E-7	1.966472E-3
1.348000E-7	1.993879E-3
1.348500E-7	1.966472E-3
1.349000E-7	1.923648E-3
1.349500E-7	1.860269E-3
1.350000E-7	1.757493E-3
1.350500E-7	1.663281E-3
1.351000E-7	1.618744E-3
1.351500E-7	1.579347E-3
1.352000E-7	1.548514E-3
1.352500E-7	1.572495E-3
1.353000E-7	1.659856E-3
1.353500E-7	1.766058E-3
1.354000E-7	1.880826E-3
1.354500E-7	1.973325E-3
1.355000E-7	2.031565E-3
1.355500E-7	2.084667E-3
1.356000E-7	2.129203E-3
1.356500E-7	2.117213E-3
1.357000E-7	2.053834E-3
1.357500E-7	2.004158E-3
1.358000E-7	1.951057E-3
1.358500E-7	1.882539E-3
1.359000E-7	1.855132E-3
1.359500E-7	1.870548E-3
1.360000E-7	1.891103E-3
1.360500E-7	1.927075E-3
1.361000E-7	1.993880E-3
1.361500E-7	2.064111E-3
1.362000E-7	2.125777E-3
1.362500E-7	2.207998E-3
1.363000E-7	2.302210E-3
1.363500E-7	2.382718E-3
1.364000E-7	2.442672E-3
1.364500E-7	2.495773E-3
1.365000E-7	2.548874E-3
1.365500E-7	2.613966E-3
1.366000E-7	2.697900E-3
1.366500E-7	2.778409E-3
1.367000E-7	2.833223E-3
1.367500E-7	2.862343E-3
1.368000E-7	2.865769E-3
1.368500E-7	2.860630E-3
1.369000E-7	2.828085E-3
1.369500E-7	2.786974E-3
1.370000E-7	2.732160E-3
1.370500E-7	2.644800E-3
1.371000E-7	2.526606E-3
1.371500E-7	2.415265E-3
1.372000E-7	2.314201E-3
1.372500E-7	2.187443E-3
1.373000E-7	2.046981E-3
1.373500E-7	1.942491E-3
1.374000E-7	1.867122E-3
1.374500E-7	1.803743E-3
1.375000E-7	1.767771E-3
1.375500E-7	1.778049E-3
1.376000E-7	1.827724E-3
1.376500E-7	1.913372E-3
1.377000E-7	2.021287E-3
1.377500E-7	2.149759E-3
1.378000E-7	2.286794E-3
1.378500E-7	2.411840E-3
1.379000E-7	2.533459E-3
1.379500E-7	2.649939E-3
1.380000E-7	2.701327E-3
1.380500E-7	2.675633E-3
1.381000E-7	2.637948E-3
1.381500E-7	2.612254E-3
1.382000E-7	2.557439E-3
1.382500E-7	2.476930E-3
1.383000E-7	2.432394E-3
1.383500E-7	2.427255E-3
1.384000E-7	2.434107E-3
1.384500E-7	2.458088E-3
1.385000E-7	2.487208E-3
1.385500E-7	2.492347E-3
1.386000E-7	2.506051E-3
1.386500E-7	2.528319E-3
1.387000E-7	2.524893E-3
1.387500E-7	2.482069E-3
1.388000E-7	2.427255E-3
1.388500E-7	2.367302E-3
1.389000E-7	2.293645E-3
1.389500E-7	2.225127E-3
1.390000E-7	2.202859E-3
1.390500E-7	2.228553E-3
1.391000E-7	2.273090E-3
1.391500E-7	2.348459E-3
1.392000E-7	2.458088E-3
1.392500E-7	2.572856E-3
1.393000E-7	2.668781E-3
1.393500E-7	2.742438E-3
1.394000E-7	2.774984E-3
1.394500E-7	2.756141E-3
1.395000E-7	2.696188E-3
1.395500E-7	2.617392E-3
1.396000E-7	2.523180E-3
1.396500E-7	2.416977E-3
1.397000E-7	2.314200E-3
1.397500E-7	2.235405E-3
1.398000E-7	2.180590E-3
1.398500E-7	2.120637E-3
1.399000E-7	2.062397E-3
1.399500E-7	2.026425E-3
1.400000E-7	2.000731E-3
1.400500E-7	1.952768E-3
1.401000E-7	1.906519E-3
1.401500E-7	1.903093E-3
1.402000E-7	1.921935E-3
1.402500E-7	1.915083E-3
1.403000E-7	1.897953E-3
1.403500E-7	1.909944E-3
1.404000E-7	1.932212E-3
1.404500E-7	1.932213E-3
1.405000E-7	1.942490E-3
1.405500E-7	1.983601E-3
1.406000E-7	2.021286E-3
1.406500E-7	2.014435E-3
1.407000E-7	1.969898E-3
1.407500E-7	1.906519E-3
1.408000E-7	1.817446E-3
1.408500E-7	1.716382E-3
1.409000E-7	1.651290E-3
1.409500E-7	1.632448E-3
1.410000E-7	1.637587E-3
1.410500E-7	1.663281E-3
1.411000E-7	1.743789E-3
1.411500E-7	1.868834E-3
1.412000E-7	2.023000E-3
1.412500E-7	2.178878E-3
1.413000E-7	2.343321E-3
1.413500E-7	2.533458E-3
1.414000E-7	2.740725E-3
1.414500E-7	2.917158E-3
1.415000E-7	3.050768E-3
1.415500E-7	3.184378E-3
1.416000E-7	3.309424E-3
1.416500E-7	3.405349E-3
1.417000E-7	3.472154E-3
1.417500E-7	3.532107E-3
1.418000E-7	3.561227E-3
1.418500E-7	3.537245E-3
1.419000E-7	3.449885E-3
1.419500E-7	3.294006E-3
1.420000E-7	3.097017E-3
1.420500E-7	2.865769E-3
1.421000E-7	2.603688E-3
1.421500E-7	2.321052E-3
1.422000E-7	2.053832E-3
1.422500E-7	1.848278E-3
1.423000E-7	1.733511E-3
1.423500E-7	1.714669E-3
1.424000E-7	1.772909E-3
1.424500E-7	1.904806E-3
1.425000E-7	2.113786E-3
1.425500E-7	2.358737E-3
1.426000E-7	2.591698E-3
1.426500E-7	2.816094E-3
1.427000E-7	3.028500E-3
1.427500E-7	3.162109E-3
1.428000E-7	3.187804E-3
1.428500E-7	3.139841E-3
1.429000E-7	3.040490E-3
1.429500E-7	2.882899E-3
1.430000E-7	2.708178E-3
1.430500E-7	2.545448E-3
1.431000E-7	2.410126E-3
1.431500E-7	2.331330E-3
1.432000E-7	2.346747E-3
1.432500E-7	2.435820E-3
1.433000E-7	2.562578E-3
1.433500E-7	2.704753E-3
1.434000E-7	2.843502E-3
1.434500E-7	2.963408E-3
1.435000E-7	3.061046E-3
1.435500E-7	3.085027E-3
1.436000E-7	3.014796E-3
1.436500E-7	2.888038E-3
1.437000E-7	2.723595E-3
1.437500E-7	2.506051E-3
1.438000E-7	2.297071E-3
1.438500E-7	2.182303E-3
1.439000E-7	2.132628E-3
1.439500E-7	2.093230E-3
1.440000E-7	2.115498E-3
1.440500E-7	2.221700E-3
1.441000E-7	2.346746E-3
1.441500E-7	2.454661E-3
1.442000E-7	2.554012E-3
1.442500E-7	2.605401E-3
1.443000E-7	2.581420E-3
1.443500E-7	2.516329E-3
1.444000E-7	2.422117E-3
1.444500E-7	2.250823E-3
1.445000E-7	2.057260E-3
1.445500E-7	1.915086E-3
1.446000E-7	1.808883E-3
1.446500E-7	1.742078E-3
1.447000E-7	1.755781E-3
1.447500E-7	1.841428E-3
1.448000E-7	1.969899E-3
1.448500E-7	2.141193E-3
1.449000E-7	2.350173E-3
1.449500E-7	2.533458E-3
1.450000E-7	2.658503E-3
1.450500E-7	2.730446E-3
1.451000E-7	2.737298E-3
1.451500E-7	2.694475E-3
1.452000E-7	2.624244E-3
1.452500E-7	2.536884E-3
1.453000E-7	2.458088E-3
1.453500E-7	2.415265E-3
1.454000E-7	2.382719E-3
1.454500E-7	2.370728E-3
1.455000E-7	2.423829E-3
1.455500E-7	2.540310E-3
1.456000E-7	2.658503E-3
1.456500E-7	2.774984E-3
1.457000E-7	2.881186E-3
1.457500E-7	2.930862E-3
1.458000E-7	2.886325E-3
1.458500E-7	2.802391E-3
1.459000E-7	2.697901E-3
1.459500E-7	2.538597E-3
1.460000E-7	2.343321E-3
1.460500E-7	2.166887E-3
1.461000E-7	2.029851E-3
1.461500E-7	1.932213E-3
1.462000E-7	1.896241E-3
1.462500E-7	1.911658E-3
1.463000E-7	1.963046E-3
1.463500E-7	2.062397E-3
1.464000E-7	2.172026E-3
1.464500E-7	2.252535E-3
1.465000E-7	2.302210E-3
1.465500E-7	2.343321E-3
1.466000E-7	2.350173E-3
1.466500E-7	2.293645E-3
1.467000E-7	2.192582E-3
1.467500E-7	2.065823E-3
1.468000E-7	1.930500E-3
1.468500E-7	1.827723E-3
1.469000E-7	1.772909E-3
1.469500E-7	1.718095E-3
1.470000E-7	1.673558E-3
1.470500E-7	1.695827E-3
1.471000E-7	1.747215E-3
1.471500E-7	1.783187E-3
1.472000E-7	1.826011E-3
1.472500E-7	1.908233E-3
1.473000E-7	1.993880E-3
1.473500E-7	2.072676E-3
1.474000E-7	2.163462E-3
1.474500E-7	2.240544E-3
1.475000E-7	2.281655E-3
1.475500E-7	2.322766E-3
1.476000E-7	2.377580E-3
1.476500E-7	2.427255E-3
1.477000E-7	2.461514E-3
1.477500E-7	2.506051E-3
1.478000E-7	2.566004E-3
1.478500E-7	2.641373E-3
1.479000E-7	2.706465E-3
1.479500E-7	2.749289E-3
1.480000E-7	2.798965E-3
1.480500E-7	2.865770E-3
1.481000E-7	2.910306E-3
1.481500E-7	2.936001E-3
1.482000E-7	2.977111E-3
1.482500E-7	2.999380E-3
1.483000E-7	2.973685E-3
1.483500E-7	2.944565E-3
1.484000E-7	2.920584E-3
1.484500E-7	2.853779E-3
1.485000E-7	2.752715E-3
1.485500E-7	2.637948E-3
1.486000E-7	2.507764E-3
1.486500E-7	2.384432E-3
1.487000E-7	2.285081E-3
1.487500E-7	2.166888E-3
1.488000E-7	2.031565E-3
1.488500E-7	1.949343E-3
1.489000E-7	1.916797E-3
1.489500E-7	1.892816E-3
1.490000E-7	1.911659E-3
1.490500E-7	1.990454E-3
1.491000E-7	2.057259E-3
1.491500E-7	2.112074E-3
1.492000E-7	2.194295E-3
1.492500E-7	2.288507E-3
1.493000E-7	2.357025E-3
1.493500E-7	2.423830E-3
1.494000E-7	2.478644E-3
1.494500E-7	2.519755E-3
1.495000E-7	2.543736E-3
1.495500E-7	2.545449E-3
1.496000E-7	2.524893E-3
1.496500E-7	2.476931E-3
1.497000E-7	2.399848E-3
1.497500E-7	2.298784E-3
1.498000E-7	2.202859E-3
1.498500E-7	2.125776E-3
1.499000E-7	2.036703E-3
1.499500E-7	1.942491E-3
1.500000E-7	1.865408E-3
1.500500E-7	1.815733E-3
1.501000E-7	1.807168E-3
1.501500E-7	1.855131E-3
1.502000E-7	1.954482E-3
1.502500E-7	2.082953E-3
1.503000E-7	2.211424E-3
1.503500E-7	2.322766E-3
1.504000E-7	2.416978E-3
1.504500E-7	2.488922E-3
1.505000E-7	2.540310E-3
1.505500E-7	2.559153E-3
1.506000E-7	2.531746E-3
1.506500E-7	2.458089E-3
1.507000E-7	2.357025E-3
1.507500E-7	2.240545E-3
1.508000E-7	2.124065E-3
1.508500E-7	2.033278E-3
1.509000E-7	1.980177E-3
1.509500E-7	1.956195E-3
1.510000E-7	1.956195E-3
1.510500E-7	2.004158E-3
1.511000E-7	2.079527E-3
1.511500E-7	2.153184E-3
1.512000E-7	2.231979E-3
1.512500E-7	2.305635E-3
1.513000E-7	2.345033E-3
1.513500E-7	2.353598E-3
1.514000E-7	2.345033E-3
1.514500E-7	2.302210E-3
1.515000E-7	2.211424E-3
1.515500E-7	2.124064E-3
1.516000E-7	2.074388E-3
1.516500E-7	2.045268E-3
1.517000E-7	2.028139E-3
1.517500E-7	2.046981E-3
1.518000E-7	2.096657E-3
1.518500E-7	2.146332E-3
1.519000E-7	2.223415E-3
1.519500E-7	2.341608E-3
1.520000E-7	2.442671E-3
1.520500E-7	2.497485E-3
1.521000E-7	2.547161E-3
1.521500E-7	2.572855E-3
1.522000E-7	2.528318E-3
1.522500E-7	2.459800E-3
1.523000E-7	2.403273E-3
1.523500E-7	2.331329E-3
1.524000E-7	2.233691E-3
1.524500E-7	2.165173E-3
1.525000E-7	2.127489E-3
1.525500E-7	2.093230E-3
1.526000E-7	2.084666E-3
1.526500E-7	2.113786E-3
1.527000E-7	2.177165E-3
1.527500E-7	2.249109E-3
1.528000E-7	2.314201E-3
1.528500E-7	2.363876E-3
1.529000E-7	2.415265E-3
1.529500E-7	2.478644E-3
1.530000E-7	2.507764E-3
1.530500E-7	2.509477E-3
1.531000E-7	2.507764E-3
1.531500E-7	2.487208E-3
1.532000E-7	2.432394E-3
1.532500E-7	2.391283E-3
1.533000E-7	2.389570E-3
1.533500E-7	2.387857E-3
1.534000E-7	2.357024E-3
1.534500E-7	2.329617E-3
1.535000E-7	2.305636E-3
1.535500E-7	2.259386E-3
1.536000E-7	2.185729E-3
1.536500E-7	2.118924E-3
1.537000E-7	2.081239E-3
1.537500E-7	2.053832E-3
1.538000E-7	2.026425E-3
1.538500E-7	2.014434E-3
1.539000E-7	2.024712E-3
1.539500E-7	2.036703E-3
1.540000E-7	2.052120E-3
1.540500E-7	2.088091E-3
1.541000E-7	2.139480E-3
1.541500E-7	2.199433E-3
1.542000E-7	2.286793E-3
1.542500E-7	2.384431E-3
1.543000E-7	2.459801E-3
1.543500E-7	2.531744E-3
1.544000E-7	2.613966E-3
1.544500E-7	2.660215E-3
1.545000E-7	2.670493E-3
1.545500E-7	2.675631E-3
1.546000E-7	2.667067E-3
1.546500E-7	2.617391E-3
1.547000E-7	2.574568E-3
1.547500E-7	2.542022E-3
1.548000E-7	2.480356E-3
1.548500E-7	2.391283E-3
1.549000E-7	2.331329E-3
1.549500E-7	2.324478E-3
1.550000E-7	2.317626E-3
1.550500E-7	2.279942E-3
1.551000E-7	2.237118E-3
1.551500E-7	2.233692E-3
1.552000E-7	2.274803E-3
1.552500E-7	2.303923E-3
1.553000E-7	2.303924E-3
1.553500E-7	2.314201E-3
1.554000E-7	2.334757E-3
1.554500E-7	2.353599E-3
1.555000E-7	2.350173E-3
1.555500E-7	2.333044E-3
1.556000E-7	2.317627E-3
1.556500E-7	2.317627E-3
1.557000E-7	2.327905E-3
1.557500E-7	2.343321E-3
1.558000E-7	2.367302E-3
1.558500E-7	2.381006E-3
1.559000E-7	2.386145E-3
1.559500E-7	2.411839E-3
1.560000E-7	2.482069E-3
1.560500E-7	2.548874E-3
1.561000E-7	2.595123E-3
1.561500E-7	2.643086E-3
1.562000E-7	2.689335E-3
1.562500E-7	2.706465E-3
1.563000E-7	2.701326E-3
1.563500E-7	2.685910E-3
1.564000E-7	2.639660E-3
1.564500E-7	2.535170E-3
1.565000E-7	2.396422E-3
1.565500E-7	2.285080E-3
1.566000E-7	2.213137E-3
1.566500E-7	2.151471E-3
1.567000E-7	2.125776E-3
1.567500E-7	2.178878E-3
1.568000E-7	2.269664E-3
1.568500E-7	2.362163E-3
1.569000E-7	2.495773E-3
1.569500E-7	2.677345E-3
1.570000E-7	2.821233E-3
1.570500E-7	2.886325E-3
1.571000E-7	2.924009E-3
1.571500E-7	2.918871E-3
1.572000E-7	2.819520E-3
1.572500E-7	2.655077E-3
1.573000E-7	2.494060E-3
1.573500E-7	2.348460E-3
1.574000E-7	2.214850E-3
1.574500E-7	2.106935E-3
1.575000E-7	2.050408E-3
1.575500E-7	2.052121E-3
1.576000E-7	2.100083E-3
1.576500E-7	2.173740E-3
1.577000E-7	2.274804E-3
1.577500E-7	2.382720E-3
1.578000E-7	2.452950E-3
1.578500E-7	2.475218E-3
1.579000E-7	2.488922E-3
1.579500E-7	2.487208E-3
1.580000E-7	2.461514E-3
1.580500E-7	2.425542E-3
1.581000E-7	2.381005E-3
1.581500E-7	2.317626E-3
1.582000E-7	2.247395E-3
1.582500E-7	2.209710E-3
1.583000E-7	2.182303E-3
1.583500E-7	2.130914E-3
1.584000E-7	2.064109E-3
1.584500E-7	2.005869E-3
1.585000E-7	1.954481E-3
1.585500E-7	1.892816E-3
1.586000E-7	1.829437E-3
1.586500E-7	1.767771E-3
1.587000E-7	1.704392E-3
1.587500E-7	1.653003E-3
1.588000E-7	1.641013E-3
1.588500E-7	1.675271E-3
1.589000E-7	1.760919E-3
1.589500E-7	1.892816E-3
1.590000E-7	2.041842E-3
1.590500E-7	2.163461E-3
1.591000E-7	2.269664E-3
1.591500E-7	2.379292E-3
1.592000E-7	2.449523E-3
1.592500E-7	2.452949E-3
1.593000E-7	2.410125E-3
1.593500E-7	2.350172E-3
1.594000E-7	2.288506E-3
1.594500E-7	2.242257E-3
1.595000E-7	2.197720E-3
1.595500E-7	2.146332E-3
1.596000E-7	2.106934E-3
1.596500E-7	2.105221E-3
1.597000E-7	2.134341E-3
1.597500E-7	2.148045E-3
1.598000E-7	2.130915E-3
1.598500E-7	2.120638E-3
1.599000E-7	2.106934E-3
1.599500E-7	2.033277E-3
1.600000E-7	1.891103E-3
1.600500E-7	1.750641E-3
1.601000E-7	1.642725E-3
1.601500E-7	1.529671E-3
1.602000E-7	1.421755E-3
1.602500E-7	1.351525E-3
1.603000E-7	1.351525E-3
1.603500E-7	1.442311E-3
1.604000E-7	1.601615E-3
1.604500E-7	1.767771E-3
1.605000E-7	1.928788E-3
1.605500E-7	2.124064E-3
1.606000E-7	2.309062E-3
1.606500E-7	2.401561E-3
1.607000E-7	2.442672E-3
1.607500E-7	2.475217E-3
1.608000E-7	2.459801E-3
1.608500E-7	2.377579E-3
1.609000E-7	2.269663E-3
1.609500E-7	2.139479E-3
1.610000E-7	1.997305E-3
1.610500E-7	1.872260E-3
1.611000E-7	1.800317E-3
1.611500E-7	1.791752E-3
1.612000E-7	1.843141E-3
1.612500E-7	1.939066E-3
1.613000E-7	2.060685E-3
1.613500E-7	2.184017E-3
1.614000E-7	2.300498E-3
1.614500E-7	2.399848E-3
1.615000E-7	2.500912E-3
1.615500E-7	2.589985E-3
1.616000E-7	2.636234E-3
1.616500E-7	2.639660E-3
1.617000E-7	2.627669E-3
1.617500E-7	2.601975E-3
1.618000E-7	2.559152E-3
1.618500E-7	2.494060E-3
1.619000E-7	2.416977E-3
1.619500E-7	2.355311E-3
1.620000E-7	2.333043E-3
1.620500E-7	2.315914E-3
1.621000E-7	2.291932E-3
1.621500E-7	2.274803E-3
1.622000E-7	2.257673E-3
1.622500E-7	2.214850E-3
1.623000E-7	2.192581E-3
1.623500E-7	2.196007E-3
1.624000E-7	2.178878E-3
1.624500E-7	2.124063E-3
1.625000E-7	2.077814E-3
1.625500E-7	2.053833E-3
1.626000E-7	2.043555E-3
1.626500E-7	2.028139E-3
1.627000E-7	2.009296E-3
1.627500E-7	1.987028E-3
1.628000E-7	1.964760E-3
1.628500E-7	1.923649E-3
1.629000E-7	1.861983E-3
1.629500E-7	1.796891E-3
1.630000E-7	1.733512E-3
1.630500E-7	1.685549E-3
1.631000E-7	1.656429E-3
1.631500E-7	1.615318E-3
1.632000E-7	1.560504E-3
1.632500E-7	1.521106E-3
1.633000E-7	1.519393E-3
1.633500E-7	1.522820E-3
1.634000E-7	1.519394E-3
1.634500E-7	1.534810E-3
1.635000E-7	1.599902E-3
1.635500E-7	1.719809E-3
1.636000E-7	1.880826E-3
1.636500E-7	2.064111E-3
1.637000E-7	2.257674E-3
1.637500E-7	2.468367E-3
1.638000E-7	2.699614E-3
1.638500E-7	2.915446E-3
1.639000E-7	3.097018E-3
1.639500E-7	3.261461E-3
1.640000E-7	3.405349E-3
1.640500E-7	3.461876E-3
1.641000E-7	3.434469E-3
1.641500E-7	3.383080E-3
1.642000E-7	3.309423E-3
1.642500E-7	3.162110E-3
1.643000E-7	2.992528E-3
1.643500E-7	2.845214E-3
1.644000E-7	2.694475E-3
1.644500E-7	2.552300E-3
1.645000E-7	2.463226E-3
1.645500E-7	2.403273E-3
1.646000E-7	2.350172E-3
1.646500E-7	2.339894E-3
1.647000E-7	2.370727E-3
1.647500E-7	2.387857E-3
1.648000E-7	2.396421E-3
1.648500E-7	2.396422E-3
1.649000E-7	2.367302E-3
1.649500E-7	2.327904E-3
1.650000E-7	2.322765E-3
1.650500E-7	2.319340E-3
1.651000E-7	2.302210E-3
1.651500E-7	2.307349E-3
1.652000E-7	2.336469E-3
1.652500E-7	2.338182E-3
1.653000E-7	2.321053E-3
1.653500E-7	2.310775E-3
1.654000E-7	2.302210E-3
1.654500E-7	2.279942E-3
1.655000E-7	2.262812E-3
1.655500E-7	2.269664E-3
1.656000E-7	2.309062E-3
1.656500E-7	2.355311E-3
1.657000E-7	2.425542E-3
1.657500E-7	2.535171E-3
1.658000E-7	2.649938E-3
1.658500E-7	2.727020E-3
1.659000E-7	2.802390E-3
1.659500E-7	2.906880E-3
1.660000E-7	2.994240E-3
1.660500E-7	3.033638E-3
1.661000E-7	3.054193E-3
1.661500E-7	3.066184E-3
1.662000E-7	3.052480E-3
1.662500E-7	3.030212E-3
1.663000E-7	3.023360E-3
1.663500E-7	3.033638E-3
1.664000E-7	3.059332E-3
1.664500E-7	3.091878E-3
1.665000E-7	3.148406E-3
1.665500E-7	3.232340E-3
1.666000E-7	3.341968E-3
1.666500E-7	3.441319E-3
1.667000E-7	3.501272E-3
1.667500E-7	3.501272E-3
1.668000E-7	3.448171E-3
1.668500E-7	3.369376E-3
1.669000E-7	3.275164E-3
1.669500E-7	3.144980E-3
1.670000E-7	2.975398E-3
1.670500E-7	2.802391E-3
1.671000E-7	2.646513E-3
1.671500E-7	2.524893E-3
1.672000E-7	2.439246E-3
1.672500E-7	2.396422E-3
1.673000E-7	2.391284E-3
1.673500E-7	2.430681E-3
1.674000E-7	2.471792E-3
1.674500E-7	2.488921E-3
1.675000E-7	2.497486E-3
1.675500E-7	2.502625E-3
1.676000E-7	2.470079E-3
1.676500E-7	2.377580E-3
1.677000E-7	2.266238E-3
1.677500E-7	2.153184E-3
1.678000E-7	2.033277E-3
1.678500E-7	1.942491E-3
1.679000E-7	1.913371E-3
1.679500E-7	1.923648E-3
1.680000E-7	1.966472E-3
1.680500E-7	2.072674E-3
1.681000E-7	2.213136E-3
1.681500E-7	2.345033E-3
1.682000E-7	2.470078E-3
1.682500E-7	2.591697E-3
1.683000E-7	2.673919E-3
1.683500E-7	2.725307E-3
1.684000E-7	2.756141E-3
1.684500E-7	2.728734E-3
1.685000E-7	2.660216E-3
1.685500E-7	2.600263E-3
1.686000E-7	2.547162E-3
1.686500E-7	2.478644E-3
1.687000E-7	2.432394E-3
1.687500E-7	2.435820E-3
1.688000E-7	2.444385E-3
1.688500E-7	2.454662E-3
1.689000E-7	2.475218E-3
1.689500E-7	2.487208E-3
1.690000E-7	2.476930E-3
1.690500E-7	2.447810E-3
1.691000E-7	2.387857E-3
1.691500E-7	2.298784E-3
1.692000E-7	2.228553E-3
1.692500E-7	2.185730E-3
1.693000E-7	2.129202E-3
1.693500E-7	2.076101E-3
1.694000E-7	2.052120E-3
1.694500E-7	2.041842E-3
1.695000E-7	2.028138E-3
1.695500E-7	2.050407E-3
1.696000E-7	2.106934E-3
1.696500E-7	2.160035E-3
1.697000E-7	2.187442E-3
1.697500E-7	2.216562E-3
1.698000E-7	2.257673E-3
1.698500E-7	2.276515E-3
1.699000E-7	2.259386E-3
1.699500E-7	2.206284E-3
1.700000E-7	2.146331E-3
1.700500E-7	2.100081E-3
1.701000E-7	2.050406E-3
1.701500E-7	1.992166E-3
1.702000E-7	1.949342E-3
1.702500E-7	1.925361E-3
1.703000E-7	1.903093E-3
1.703500E-7	1.897954E-3
1.704000E-7	1.918509E-3
1.704500E-7	1.949343E-3
1.705000E-7	2.014435E-3
1.705500E-7	2.139480E-3
1.706000E-7	2.283367E-3
1.706500E-7	2.428968E-3
1.707000E-7	2.612253E-3
1.707500E-7	2.812668E-3
1.708000E-7	2.987389E-3
1.708500E-7	3.138128E-3
1.709000E-7	3.275164E-3
1.709500E-7	3.376227E-3
1.710000E-7	3.422477E-3
1.710500E-7	3.434468E-3
1.711000E-7	3.393357E-3
1.711500E-7	3.268312E-3
1.712000E-7	3.088452E-3
1.712500E-7	2.913732E-3
1.713000E-7	2.740724E-3
1.713500E-7	2.557439E-3
1.714000E-7	2.408412E-3
1.714500E-7	2.314200E-3
1.715000E-7	2.250821E-3
1.715500E-7	2.245682E-3
1.716000E-7	2.329616E-3
1.716500E-7	2.475217E-3
1.717000E-7	2.637946E-3
1.717500E-7	2.807528E-3
1.718000E-7	2.958267E-3
1.718500E-7	3.054192E-3
1.719000E-7	3.095303E-3
1.719500E-7	3.095303E-3
1.720000E-7	3.035350E-3
1.720500E-7	2.908592E-3
1.721000E-7	2.759566E-3
1.721500E-7	2.612253E-3
1.722000E-7	2.471792E-3
1.722500E-7	2.339895E-3
1.723000E-7	2.231979E-3
1.723500E-7	2.170313E-3
1.724000E-7	2.156610E-3
1.724500E-7	2.175452E-3
1.725000E-7	2.223414E-3
1.725500E-7	2.295358E-3
1.726000E-7	2.369014E-3
1.726500E-7	2.430680E-3
1.727000E-7	2.476930E-3
1.727500E-7	2.494059E-3
1.728000E-7	2.466652E-3
1.728500E-7	2.398135E-3
1.729000E-7	2.314200E-3
1.729500E-7	2.231979E-3
1.730000E-7	2.134341E-3
1.730500E-7	2.033278E-3
1.731000E-7	1.971612E-3
1.731500E-7	1.956195E-3
1.732000E-7	1.973325E-3
1.732500E-7	2.028139E-3
1.733000E-7	2.134342E-3
1.733500E-7	2.255961E-3
1.734000E-7	2.384432E-3
1.734500E-7	2.511190E-3
1.735000E-7	2.617392E-3
1.735500E-7	2.684197E-3
1.736000E-7	2.742437E-3
1.736500E-7	2.793826E-3
1.737000E-7	2.798964E-3
1.737500E-7	2.769844E-3
1.738000E-7	2.761279E-3
1.738500E-7	2.771557E-3
1.739000E-7	2.754427E-3
1.739500E-7	2.709891E-3
1.740000E-7	2.682484E-3
1.740500E-7	2.687623E-3
1.741000E-7	2.739011E-3
1.741500E-7	2.810955E-3
1.742000E-7	2.852066E-3
1.742500E-7	2.886325E-3
1.743000E-7	2.961694E-3
1.743500E-7	3.040490E-3
1.744000E-7	3.050768E-3
1.744500E-7	3.023361E-3
1.745000E-7	3.009657E-3
1.745500E-7	2.982250E-3
1.746000E-7	2.886325E-3
1.746500E-7	2.768131E-3
1.747000E-7	2.655077E-3
1.747500E-7	2.518041E-3
1.748000E-7	2.377579E-3
1.748500E-7	2.255960E-3
1.749000E-7	2.146331E-3
1.749500E-7	2.052119E-3
1.750000E-7	1.999018E-3
1.750500E-7	1.968185E-3
1.751000E-7	1.935639E-3
1.751500E-7	1.923648E-3
1.752000E-7	1.956195E-3
1.752500E-7	2.033277E-3
1.753000E-7	2.108647E-3
1.753500E-7	2.166887E-3
1.754000E-7	2.228553E-3
1.754500E-7	2.297071E-3
1.755000E-7	2.336469E-3
1.755500E-7	2.345033E-3
1.756000E-7	2.369015E-3
1.756500E-7	2.398135E-3
1.757000E-7	2.415264E-3
1.757500E-7	2.446097E-3
1.758000E-7	2.494060E-3
1.758500E-7	2.518041E-3
1.759000E-7	2.514615E-3
1.759500E-7	2.516328E-3
1.760000E-7	2.502625E-3
1.760500E-7	2.458088E-3
1.761000E-7	2.422116E-3
1.761500E-7	2.408413E-3
1.762000E-7	2.379293E-3
1.762500E-7	2.339895E-3
1.763000E-7	2.314200E-3
1.763500E-7	2.298784E-3
1.764000E-7	2.297070E-3
1.764500E-7	2.334755E-3
1.765000E-7	2.418690E-3
1.765500E-7	2.506050E-3
1.766000E-7	2.566003E-3
1.766500E-7	2.613966E-3
1.767000E-7	2.670493E-3
1.767500E-7	2.694474E-3
1.768000E-7	2.656790E-3
1.768500E-7	2.577994E-3
1.769000E-7	2.483782E-3
1.769500E-7	2.382718E-3
1.770000E-7	2.267951E-3
1.770500E-7	2.158322E-3
1.771000E-7	2.057258E-3
1.771500E-7	1.983601E-3
1.772000E-7	1.939065E-3
1.772500E-7	1.928787E-3
1.773000E-7	1.945916E-3
1.773500E-7	1.980175E-3
1.774000E-7	2.028138E-3
1.774500E-7	2.086378E-3
1.775000E-7	2.144618E-3
1.775500E-7	2.201146E-3
1.776000E-7	2.276515E-3
1.776500E-7	2.370728E-3
1.777000E-7	2.458088E-3
1.777500E-7	2.531745E-3
1.778000E-7	2.619105E-3
1.778500E-7	2.723595E-3
1.779000E-7	2.805816E-3
1.779500E-7	2.845214E-3
1.780000E-7	2.884612E-3
1.780500E-7	2.939426E-3
1.781000E-7	2.946278E-3
1.781500E-7	2.884611E-3
1.782000E-7	2.824658E-3
1.782500E-7	2.768131E-3
1.783000E-7	2.668780E-3
1.783500E-7	2.535170E-3
1.784000E-7	2.415263E-3
1.784500E-7	2.283367E-3
1.785000E-7	2.144618E-3
1.785500E-7	2.060684E-3
1.786000E-7	2.017860E-3
1.786500E-7	1.981889E-3
1.787000E-7	1.975037E-3
1.787500E-7	2.038416E-3
1.788000E-7	2.139480E-3
1.788500E-7	2.254248E-3
1.789000E-7	2.386145E-3
1.789500E-7	2.542023E-3
1.790000E-7	2.711605E-3
1.790500E-7	2.877760E-3
1.791000E-7	3.016509E-3
1.791500E-7	3.117573E-3
1.792000E-7	3.187803E-3
1.792500E-7	3.218636E-3
1.793000E-7	3.206646E-3
1.793500E-7	3.165535E-3
1.794000E-7	3.097017E-3
1.794500E-7	3.004518E-3
1.795000E-7	2.891464E-3
1.795500E-7	2.769844E-3
1.796000E-7	2.646512E-3
1.796500E-7	2.547161E-3
1.797000E-7	2.490634E-3
1.797500E-7	2.452949E-3
1.798000E-7	2.425542E-3
1.798500E-7	2.416977E-3
1.799000E-7	2.428968E-3
1.799500E-7	2.447810E-3
1.800000E-7	2.461513E-3
1.800500E-7	2.476930E-3
1.801000E-7	2.488921E-3
1.801500E-7	2.494060E-3
1.802000E-7	2.475217E-3
1.802500E-7	2.430681E-3
1.803000E-7	2.381006E-3
1.803500E-7	2.327905E-3
1.804000E-7	2.247396E-3
1.804500E-7	2.136055E-3
1.805000E-7	2.043556E-3
1.805500E-7	1.995593E-3
1.806000E-7	1.963047E-3
1.806500E-7	1.951056E-3
1.807000E-7	1.963047E-3
1.807500E-7	2.016148E-3
1.808000E-7	2.094943E-3
1.808500E-7	2.166887E-3
1.809000E-7	2.226839E-3
1.809500E-7	2.300496E-3
1.810000E-7	2.396421E-3
1.810500E-7	2.454661E-3
1.811000E-7	2.464939E-3
1.811500E-7	2.456374E-3
1.812000E-7	2.416976E-3
1.812500E-7	2.321052E-3
1.813000E-7	2.213136E-3
1.813500E-7	2.117211E-3
1.814000E-7	2.005870E-3
1.814500E-7	1.896241E-3
1.815000E-7	1.848279E-3
1.815500E-7	1.846566E-3
1.816000E-7	1.849992E-3
1.816500E-7	1.885964E-3
1.817000E-7	1.968185E-3
1.817500E-7	2.089804E-3
1.818000E-7	2.249108E-3
1.818500E-7	2.435819E-3
1.819000E-7	2.596836E-3
1.819500E-7	2.721881E-3
1.820000E-7	2.826371E-3
1.820500E-7	2.882898E-3
1.821000E-7	2.889750E-3
1.821500E-7	2.864055E-3
1.822000E-7	2.798963E-3
1.822500E-7	2.684196E-3
1.823000E-7	2.560864E-3
1.823500E-7	2.437531E-3
1.824000E-7	2.295357E-3
1.824500E-7	2.165173E-3
1.825000E-7	2.093229E-3
1.825500E-7	2.034989E-3
1.826000E-7	1.981888E-3
1.826500E-7	1.985314E-3
1.827000E-7	2.043554E-3
1.827500E-7	2.103507E-3
1.828000E-7	2.182303E-3
1.828500E-7	2.303922E-3
1.829000E-7	2.422116E-3
1.829500E-7	2.535170E-3
1.830000E-7	2.655077E-3
1.830500E-7	2.737298E-3
1.831000E-7	2.757854E-3
1.831500E-7	2.752715E-3
1.832000E-7	2.711604E-3
1.832500E-7	2.577994E-3
1.833000E-7	2.389570E-3
1.833500E-7	2.190868E-3
1.834000E-7	1.968185E-3
1.834500E-7	1.719808E-3
1.835000E-7	1.495412E-3
1.835500E-7	1.324117E-3
1.836000E-7	1.217915E-3
1.836500E-7	1.192220E-3
1.837000E-7	1.247035E-3
1.837500E-7	1.375506E-3
1.838000E-7	1.565643E-3
1.838500E-7	1.795178E-3
1.839000E-7	2.052120E-3
1.839500E-7	2.312487E-3
1.840000E-7	2.531745E-3
1.840500E-7	2.691049E-3
1.841000E-7	2.822946E-3
1.841500E-7	2.888038E-3
1.842000E-7	2.828085E-3
1.842500E-7	2.703040E-3
1.843000E-7	2.554014E-3
1.843500E-7	2.360451E-3
1.844000E-7	2.130916E-3
1.844500E-7	1.935640E-3
1.845000E-7	1.774623E-3
1.845500E-7	1.642726E-3
1.846000E-7	1.601615E-3
1.846500E-7	1.653003E-3
1.847000E-7	1.738651E-3
1.847500E-7	1.865409E-3
1.848000E-7	2.048694E-3
1.848500E-7	2.240544E-3
1.849000E-7	2.418690E-3
1.849500E-7	2.584846E-3
1.850000E-7	2.706465E-3
1.850500E-7	2.762992E-3
1.851000E-7	2.786974E-3
1.851500E-7	2.786974E-3
1.852000E-7	2.739011E-3
1.852500E-7	2.649938E-3
1.853000E-7	2.564291E-3
1.853500E-7	2.473504E-3
1.854000E-7	2.365589E-3
1.854500E-7	2.276515E-3
1.855000E-7	2.233691E-3
1.855500E-7	2.219988E-3
1.856000E-7	2.201145E-3
1.856500E-7	2.180590E-3
1.857000E-7	2.194293E-3
1.857500E-7	2.237117E-3
1.858000E-7	2.276515E-3
1.858500E-7	2.317625E-3
1.859000E-7	2.387856E-3
1.859500E-7	2.490633E-3
1.860000E-7	2.610540E-3
1.860500E-7	2.727020E-3
1.861000E-7	2.814380E-3
1.861500E-7	2.876046E-3
1.862000E-7	2.912018E-3
1.862500E-7	2.893176E-3
1.863000E-7	2.805816E-3
1.863500E-7	2.689335E-3
1.864000E-7	2.572855E-3
1.864500E-7	2.432394E-3
1.865000E-7	2.261099E-3
1.865500E-7	2.110360E-3
1.866000E-7	2.019574E-3
1.866500E-7	1.973324E-3
1.867000E-7	1.952769E-3
1.867500E-7	1.985315E-3
1.868000E-7	2.069250E-3
1.868500E-7	2.160036E-3
1.869000E-7	2.262813E-3
1.869500E-7	2.394710E-3
1.870000E-7	2.506051E-3
1.870500E-7	2.577995E-3
1.871000E-7	2.631096E-3
1.871500E-7	2.651651E-3
1.872000E-7	2.620818E-3
1.872500E-7	2.584846E-3
1.873000E-7	2.571143E-3
1.873500E-7	2.566004E-3
1.874000E-7	2.566003E-3
1.874500E-7	2.552300E-3
1.875000E-7	2.488921E-3
1.875500E-7	2.403273E-3
1.876000E-7	2.343320E-3
1.876500E-7	2.295357E-3
1.877000E-7	2.225126E-3
1.877500E-7	2.163460E-3
1.878000E-7	2.141192E-3
1.878500E-7	2.158322E-3
1.879000E-7	2.206284E-3
1.879500E-7	2.288506E-3
1.880000E-7	2.406699E-3
1.880500E-7	2.526606E-3
1.881000E-7	2.634521E-3
1.881500E-7	2.723595E-3
1.882000E-7	2.776696E-3
1.882500E-7	2.771557E-3
1.883000E-7	2.723595E-3
1.883500E-7	2.663642E-3
1.884000E-7	2.564291E-3
1.884500E-7	2.425542E-3
1.885000E-7	2.305636E-3
1.885500E-7	2.202859E-3
1.886000E-7	2.115499E-3
1.886500E-7	2.074388E-3
1.887000E-7	2.088092E-3
1.887500E-7	2.117212E-3
1.888000E-7	2.184017E-3
1.888500E-7	2.276516E-3
1.889000E-7	2.345034E-3
1.889500E-7	2.392997E-3
1.890000E-7	2.444385E-3
1.890500E-7	2.458089E-3
1.891000E-7	2.423830E-3
1.891500E-7	2.375867E-3
1.892000E-7	2.300498E-3
1.892500E-7	2.201147E-3
1.893000E-7	2.110360E-3
1.893500E-7	2.043555E-3
1.894000E-7	1.985315E-3
1.894500E-7	1.944204E-3
1.895000E-7	1.932213E-3
1.895500E-7	1.940778E-3
1.896000E-7	1.993880E-3
1.896500E-7	2.089805E-3
1.897000E-7	2.182304E-3
1.897500E-7	2.267951E-3
1.898000E-7	2.386145E-3
1.898500E-7	2.516329E-3
1.899000E-7	2.634522E-3
1.899500E-7	2.709892E-3
1.900000E-7	2.742438E-3
1.900500E-7	2.768132E-3
1.901000E-7	2.798965E-3
1.901500E-7	2.754429E-3
1.902000E-7	2.622532E-3
1.902500E-7	2.492348E-3
1.903000E-7	2.372441E-3
1.903500E-7	2.213137E-3
1.904000E-7	2.026426E-3
1.904500E-7	1.867122E-3
1.905000E-7	1.733512E-3
1.905500E-7	1.630735E-3
1.906000E-7	1.594764E-3
1.906500E-7	1.594764E-3
1.907000E-7	1.618745E-3
1.907500E-7	1.685550E-3
1.908000E-7	1.803743E-3
1.908500E-7	1.921937E-3
1.909000E-7	2.014436E-3
1.909500E-7	2.108648E-3
1.910000E-7	2.199434E-3
1.910500E-7	2.266239E-3
1.911000E-7	2.310775E-3
1.911500E-7	2.353598E-3
1.912000E-7	2.387857E-3
1.912500E-7	2.416977E-3
1.913000E-7	2.435819E-3
1.913500E-7	2.440958E-3
1.914000E-7	2.446096E-3
1.914500E-7	2.463226E-3
1.915000E-7	2.492346E-3
1.915500E-7	2.509476E-3
1.916000E-7	2.519753E-3
1.916500E-7	2.511189E-3
1.917000E-7	2.482069E-3
1.917500E-7	2.428968E-3
1.918000E-7	2.357024E-3
1.918500E-7	2.266238E-3
1.919000E-7	2.180590E-3
1.919500E-7	2.117211E-3
1.920000E-7	2.060684E-3
1.920500E-7	2.016147E-3
1.921000E-7	2.014434E-3
1.921500E-7	2.024712E-3
1.922000E-7	2.005870E-3
1.922500E-7	1.980176E-3
1.923000E-7	1.971611E-3
1.923500E-7	1.975037E-3
1.924000E-7	1.980176E-3
1.924500E-7	2.005871E-3
1.925000E-7	2.034991E-3
1.925500E-7	2.053833E-3
1.926000E-7	2.096657E-3
1.926500E-7	2.153184E-3
1.927000E-7	2.178878E-3
1.927500E-7	2.202859E-3
1.928000E-7	2.255960E-3
1.928500E-7	2.293644E-3
1.929000E-7	2.333042E-3
1.929500E-7	2.396421E-3
1.930000E-7	2.439245E-3
1.930500E-7	2.432393E-3
1.931000E-7	2.437532E-3
1.931500E-7	2.468366E-3
1.932000E-7	2.471792E-3
1.932500E-7	2.480356E-3
1.933000E-7	2.542023E-3
1.933500E-7	2.595124E-3
1.934000E-7	2.600263E-3
1.934500E-7	2.605401E-3
1.935000E-7	2.615679E-3
1.935500E-7	2.601975E-3
1.936000E-7	2.560864E-3
1.936500E-7	2.499198E-3
1.937000E-7	2.413551E-3
1.937500E-7	2.312487E-3
1.938000E-7	2.219989E-3
1.938500E-7	2.139480E-3
1.939000E-7	2.070963E-3
1.939500E-7	2.014436E-3
1.940000E-7	1.957909E-3
1.940500E-7	1.909946E-3
1.941000E-7	1.887678E-3
1.941500E-7	1.899669E-3
1.942000E-7	1.925363E-3
1.942500E-7	1.964760E-3
1.943000E-7	2.026426E-3
1.943500E-7	2.108647E-3
1.944000E-7	2.213137E-3
1.944500E-7	2.317627E-3
1.945000E-7	2.418691E-3
1.945500E-7	2.531745E-3
1.946000E-7	2.668781E-3
1.946500E-7	2.774984E-3
1.947000E-7	2.826372E-3
1.947500E-7	2.869196E-3
1.948000E-7	2.918871E-3
1.948500E-7	2.918872E-3
1.949000E-7	2.879474E-3
1.949500E-7	2.833224E-3
1.950000E-7	2.773271E-3
1.950500E-7	2.663642E-3
1.951000E-7	2.543736E-3
1.951500E-7	2.456376E-3
1.952000E-7	2.381006E-3
1.952500E-7	2.297071E-3
1.953000E-7	2.233692E-3
1.953500E-7	2.194294E-3
1.954000E-7	2.141192E-3
1.954500E-7	2.077813E-3
1.955000E-7	2.034989E-3
1.955500E-7	2.017860E-3
1.956000E-7	2.002443E-3
1.956500E-7	1.973323E-3
1.957000E-7	1.945916E-3
1.957500E-7	1.963045E-3
1.958000E-7	2.009295E-3
1.958500E-7	2.055544E-3
1.959000E-7	2.106933E-3
1.959500E-7	2.189154E-3
1.960000E-7	2.271376E-3
1.960500E-7	2.321052E-3
1.961000E-7	2.339894E-3
1.961500E-7	2.346746E-3
1.962000E-7	2.348459E-3
1.962500E-7	2.322765E-3
1.963000E-7	2.259386E-3
1.963500E-7	2.189156E-3
1.964000E-7	2.146332E-3
1.964500E-7	2.113786E-3
1.965000E-7	2.081240E-3
1.965500E-7	2.084666E-3
1.966000E-7	2.122351E-3
1.966500E-7	2.156610E-3
1.967000E-7	2.213137E-3
1.967500E-7	2.278229E-3
1.968000E-7	2.310775E-3
1.968500E-7	2.315914E-3
1.969000E-7	2.302210E-3
1.969500E-7	2.243970E-3
1.970000E-7	2.139481E-3
1.970500E-7	2.040130E-3
1.971000E-7	1.963047E-3
1.971500E-7	1.908233E-3
1.972000E-7	1.879112E-3
1.972500E-7	1.865409E-3
1.973000E-7	1.880825E-3
1.973500E-7	1.963046E-3
1.974000E-7	2.088091E-3
1.974500E-7	2.196007E-3
1.975000E-7	2.295357E-3
1.975500E-7	2.411838E-3
1.976000E-7	2.483782E-3
1.976500E-7	2.478643E-3
1.977000E-7	2.461513E-3
1.977500E-7	2.478643E-3
1.978000E-7	2.497486E-3
1.978500E-7	2.500912E-3
1.979000E-7	2.514616E-3
1.979500E-7	2.554014E-3
1.980000E-7	2.601976E-3
1.980500E-7	2.637948E-3
1.981000E-7	2.687623E-3
1.981500E-7	2.757854E-3
1.982000E-7	2.826372E-3
1.982500E-7	2.879473E-3
1.983000E-7	2.932574E-3
1.983500E-7	2.958268E-3
1.984000E-7	2.912018E-3
1.984500E-7	2.816093E-3
1.985000E-7	2.711604E-3
1.985500E-7	2.579707E-3
1.986000E-7	2.418690E-3
1.986500E-7	2.278228E-3
1.987000E-7	2.154896E-3
1.987500E-7	2.011008E-3
1.988000E-7	1.884250E-3
1.988500E-7	1.810594E-3
1.989000E-7	1.767770E-3
1.989500E-7	1.745502E-3
1.990000E-7	1.774622E-3
1.990500E-7	1.865408E-3
1.991000E-7	1.978463E-3
1.991500E-7	2.098369E-3
1.992000E-7	2.238831E-3
1.992500E-7	2.381006E-3
1.993000E-7	2.495773E-3
1.993500E-7	2.583134E-3
1.994000E-7	2.660216E-3
1.994500E-7	2.689336E-3
1.995000E-7	2.665355E-3
1.995500E-7	2.605401E-3
1.996000E-7	2.521467E-3
1.996500E-7	2.418690E-3
1.997000E-7	2.315913E-3
1.997500E-7	2.225126E-3
1.998000E-7	2.144618E-3
1.998500E-7	2.096655E-3
1.999000E-7	2.093229E-3
1.999500E-7	2.129201E-3
2.000000E-7	2.197720E-3
