Study Name	Tungsten_Kyocera
Sample Name	2024-02-05
Run Name	spot03
Operator	Angus+Samantha
Date	2/5/2024
Time	16:26
Sign	FIX
Grating Spacing	03.40um
Channel	3
Number Traces	10000
Files in Batch	1
Batch Number	189
dt	50.000001E-12
time stamp (ms)	7:42:28 PM
	
Time	Amplitude
0.000000E+0	1.152821E-3
5.000000E-11	1.104858E-3
1.000000E-10	1.050044E-3
1.500000E-10	9.712487E-4
2.000000E-10	9.232863E-4
2.500000E-10	9.130087E-4
3.000000E-10	9.044442E-4
3.500000E-10	8.941667E-4
4.000000E-10	9.267128E-4
4.500000E-10	9.952306E-4
5.000000E-10	1.044906E-3
5.500000E-10	1.094582E-3
6.000000E-10	1.183655E-3
6.500000E-10	1.301848E-3
7.000000E-10	1.402911E-3
7.500000E-10	1.469716E-3
8.000000E-10	1.521104E-3
8.500000E-10	1.555363E-3
9.000000E-10	1.560502E-3
9.500000E-10	1.522817E-3
1.000000E-9	1.420040E-3
1.050000E-9	1.277865E-3
1.100000E-9	1.133978E-3
1.150000E-9	9.952290E-4
1.200000E-9	8.616192E-4
1.250000E-9	7.502777E-4
1.300000E-9	6.423621E-4
1.350000E-9	5.464371E-4
1.400000E-9	5.173169E-4
1.450000E-9	5.635665E-4
1.500000E-9	6.406491E-4
1.550000E-9	7.554165E-4
1.600000E-9	9.558313E-4
1.650000E-9	1.181940E-3
1.700000E-9	1.368651E-3
1.750000E-9	1.529669E-3
1.800000E-9	1.664991E-3
1.850000E-9	1.754065E-3
1.900000E-9	1.790037E-3
1.950000E-9	1.766056E-3
2.000000E-9	1.670131E-3
2.050000E-9	1.539947E-3
2.100000E-9	1.390921E-3
2.150000E-9	1.190506E-3
2.200000E-9	9.746750E-4
2.250000E-9	8.307874E-4
2.300000E-9	7.280105E-4
2.350000E-9	6.303724E-4
2.400000E-9	5.944004E-4
2.450000E-9	6.372238E-4
2.500000E-9	6.886120E-4
2.550000E-9	7.502779E-4
2.600000E-9	8.513416E-4
2.650000E-9	9.609701E-4
2.700000E-9	1.063747E-3
2.750000E-9	1.163098E-3
2.800000E-9	1.229903E-3
2.850000E-9	1.264162E-3
2.900000E-9	1.300134E-3
2.950000E-9	1.320689E-3
3.000000E-9	1.325828E-3
3.050000E-9	1.360087E-3
3.100000E-9	1.426892E-3
3.150000E-9	1.438883E-3
3.200000E-9	1.414902E-3
3.250000E-9	1.428605E-3
3.300000E-9	1.433744E-3
3.350000E-9	1.384069E-3
3.400000E-9	1.339532E-3
3.450000E-9	1.327541E-3
3.500000E-9	1.269301E-3
3.550000E-9	1.142543E-3
3.600000E-9	1.014071E-3
3.650000E-9	8.958779E-4
3.700000E-9	7.691198E-4
3.750000E-9	6.663429E-4
3.800000E-9	6.132416E-4
3.850000E-9	5.961121E-4
3.900000E-9	6.115288E-4
3.950000E-9	6.714821E-4
4.000000E-9	7.468520E-4
4.050000E-9	8.359255E-4
4.100000E-9	9.438414E-4
4.150000E-9	1.026063E-3
4.200000E-9	1.043193E-3
4.250000E-9	1.056896E-3
4.300000E-9	1.070600E-3
4.350000E-9	1.046619E-3
4.400000E-9	1.003795E-3
4.450000E-9	9.832398E-4
4.500000E-9	9.746750E-4
4.550000E-9	9.609713E-4
4.600000E-9	9.798137E-4
4.650000E-9	1.027776E-3
4.700000E-9	1.074026E-3
4.750000E-9	1.142544E-3
4.800000E-9	1.265876E-3
4.850000E-9	1.401199E-3
4.900000E-9	1.509114E-3
4.950000E-9	1.587910E-3
5.000000E-9	1.647863E-3
5.050000E-9	1.687261E-3
5.100000E-9	1.673557E-3
5.150000E-9	1.620456E-3
5.200000E-9	1.562215E-3
5.250000E-9	1.517678E-3
5.300000E-9	1.468003E-3
5.350000E-9	1.414901E-3
5.400000E-9	1.373790E-3
5.450000E-9	1.317263E-3
5.500000E-9	1.243606E-3
5.550000E-9	1.169950E-3
5.600000E-9	1.077450E-3
5.650000E-9	9.678217E-4
5.700000E-9	8.581932E-4
5.750000E-9	7.399999E-4
5.800000E-9	6.098160E-4
5.850000E-9	5.087523E-4
5.900000E-9	4.368086E-4
5.950000E-9	3.819944E-4
6.000000E-9	3.665780E-4
6.050000E-9	4.076889E-4
6.100000E-9	4.813456E-4
6.150000E-9	5.841225E-4
6.200000E-9	7.228712E-4
6.250000E-9	8.804622E-4
6.300000E-9	1.017498E-3
6.350000E-9	1.133978E-3
6.400000E-9	1.248746E-3
6.450000E-9	1.361800E-3
6.500000E-9	1.433744E-3
6.550000E-9	1.420040E-3
6.600000E-9	1.339531E-3
6.650000E-9	1.252171E-3
6.700000E-9	1.152820E-3
6.750000E-9	1.005507E-3
6.800000E-9	8.410638E-4
6.850000E-9	7.160187E-4
6.900000E-9	6.440749E-4
6.950000E-9	6.115290E-4
7.000000E-9	6.440751E-4
7.050000E-9	7.331485E-4
7.100000E-9	8.599067E-4
7.150000E-9	1.012359E-3
7.200000E-9	1.187080E-3
7.250000E-9	1.363513E-3
7.300000E-9	1.502262E-3
7.350000E-9	1.584484E-3
7.400000E-9	1.617030E-3
7.450000E-9	1.622169E-3
7.500000E-9	1.584484E-3
7.550000E-9	1.505688E-3
7.600000E-9	1.401199E-3
7.650000E-9	1.272728E-3
7.700000E-9	1.156247E-3
7.750000E-9	1.080878E-3
7.800000E-9	1.053470E-3
7.850000E-9	1.063748E-3
7.900000E-9	1.140831E-3
7.950000E-9	1.262450E-3
8.000000E-9	1.392634E-3
8.050000E-9	1.526244E-3
8.100000E-9	1.651289E-3
8.150000E-9	1.747214E-3
8.200000E-9	1.788325E-3
8.250000E-9	1.786612E-3
8.300000E-9	1.726659E-3
8.350000E-9	1.610178E-3
8.400000E-9	1.461152E-3
8.450000E-9	1.296709E-3
8.500000E-9	1.116849E-3
8.550000E-9	9.609711E-4
8.600000E-9	8.513423E-4
8.650000E-9	7.759725E-4
8.700000E-9	7.297228E-4
8.750000E-9	7.468522E-4
8.800000E-9	8.102311E-4
8.850000E-9	8.821748E-4
8.900000E-9	9.609704E-4
8.950000E-9	1.036340E-3
9.000000E-9	1.089441E-3
9.050000E-9	1.111710E-3
9.100000E-9	1.127127E-3
9.150000E-9	1.130553E-3
9.200000E-9	1.106572E-3
9.250000E-9	1.043193E-3
9.300000E-9	9.489809E-4
9.350000E-9	8.410654E-4
9.400000E-9	7.348626E-4
9.450000E-9	6.423634E-4
9.500000E-9	5.841232E-4
9.550000E-9	5.464383E-4
9.600000E-9	5.156052E-4
9.650000E-9	5.019014E-4
9.700000E-9	5.053272E-4
9.750000E-9	5.138919E-4
9.800000E-9	5.550025E-4
9.850000E-9	6.183815E-4
9.900000E-9	6.783346E-4
9.950000E-9	7.348619E-4
1.000000E-8	7.896761E-4
1.005000E-8	8.342128E-4
1.010000E-8	8.736106E-4
1.015000E-8	9.352768E-4
1.020000E-8	9.969430E-4
1.025000E-8	1.046618E-3
1.030000E-8	1.092868E-3
1.035000E-8	1.132266E-3
1.040000E-8	1.157960E-3
1.045000E-8	1.200784E-3
1.050000E-8	1.248746E-3
1.055000E-8	1.272727E-3
1.060000E-8	1.288144E-3
1.065000E-8	1.298421E-3
1.070000E-8	1.279579E-3
1.075000E-8	1.247033E-3
1.080000E-8	1.260737E-3
1.085000E-8	1.284718E-3
1.090000E-8	1.259024E-3
1.095000E-8	1.216200E-3
1.100000E-8	1.195645E-3
1.105000E-8	1.181941E-3
1.110000E-8	1.171664E-3
1.115000E-8	1.145969E-3
1.120000E-8	1.115136E-3
1.125000E-8	1.084303E-3
1.130000E-8	1.050044E-3
1.135000E-8	1.000368E-3
1.140000E-8	9.883772E-4
1.145000E-8	1.046617E-3
1.150000E-8	1.133978E-3
1.155000E-8	1.264161E-3
1.160000E-8	1.551936E-3
1.165000E-8	2.048691E-3
1.170000E-8	2.761276E-3
1.175000E-8	3.744507E-3
1.180000E-8	5.084031E-3
1.185000E-8	6.834661E-3
1.190000E-8	9.020379E-3
1.195000E-8	1.170114E-2
1.200000E-8	1.494032E-2
1.205000E-8	1.872422E-2
1.210000E-8	2.305626E-2
1.215000E-8	2.791589E-2
1.220000E-8	3.321232E-2
1.225000E-8	3.881879E-2
1.230000E-8	4.462397E-2
1.235000E-8	5.049766E-2
1.240000E-8	5.624974E-2
1.245000E-8	6.169863E-2
1.250000E-8	6.666275E-2
1.255000E-8	7.096053E-2
1.260000E-8	7.448578E-2
1.265000E-8	7.719053E-2
1.270000E-8	7.900625E-2
1.275000E-8	7.990555E-2
1.280000E-8	7.996037E-2
1.285000E-8	7.922038E-2
1.290000E-8	7.769072E-2
1.295000E-8	7.544676E-2
1.300000E-8	7.265980E-2
1.305000E-8	6.946687E-2
1.310000E-8	6.597246E-2
1.315000E-8	6.235643E-2
1.320000E-8	5.885003E-2
1.325000E-8	5.561598E-2
1.330000E-8	5.273995E-2
1.335000E-8	5.031270E-2
1.340000E-8	4.844901E-2
1.345000E-8	4.720884E-2
1.350000E-8	4.651680E-2
1.355000E-8	4.635064E-2
1.360000E-8	4.674462E-2
1.365000E-8	4.761993E-2
1.370000E-8	4.881728E-2
1.375000E-8	5.028185E-2
1.380000E-8	5.194340E-2
1.385000E-8	5.363408E-2
1.390000E-8	5.521684E-2
1.395000E-8	5.664030E-2
1.400000E-8	5.781710E-2
1.405000E-8	5.864274E-2
1.410000E-8	5.907440E-2
1.415000E-8	5.904871E-2
1.420000E-8	5.854511E-2
1.425000E-8	5.760984E-2
1.430000E-8	5.626175E-2
1.435000E-8	5.447515E-2
1.440000E-8	5.235795E-2
1.445000E-8	5.006089E-2
1.450000E-8	4.760795E-2
1.455000E-8	4.509164E-2
1.460000E-8	4.265925E-2
1.465000E-8	4.039987E-2
1.470000E-8	3.840943E-2
1.475000E-8	3.684551E-2
1.480000E-8	3.576292E-2
1.485000E-8	3.514969E-2
1.490000E-8	3.506404E-2
1.495000E-8	3.550597E-2
1.500000E-8	3.639328E-2
1.505000E-8	3.764715E-2
1.510000E-8	3.920251E-2
1.515000E-8	4.092402E-2
1.520000E-8	4.272090E-2
1.525000E-8	4.448866E-2
1.530000E-8	4.606628E-2
1.535000E-8	4.735784E-2
1.540000E-8	4.835307E-2
1.545000E-8	4.896630E-2
1.550000E-8	4.907593E-2
1.555000E-8	4.868025E-2
1.560000E-8	4.785289E-2
1.565000E-8	4.662300E-2
1.570000E-8	4.500256E-2
1.575000E-8	4.306179E-2
1.580000E-8	4.091204E-2
1.585000E-8	3.863382E-2
1.590000E-8	3.628366E-2
1.595000E-8	3.397290E-2
1.600000E-8	3.187282E-2
1.605000E-8	3.008279E-2
1.610000E-8	2.861651E-2
1.615000E-8	2.755105E-2
1.620000E-8	2.700291E-2
1.625000E-8	2.698920E-2
1.630000E-8	2.742258E-2
1.635000E-8	2.829446E-2
1.640000E-8	2.960315E-2
1.645000E-8	3.126642E-2
1.650000E-8	3.311812E-2
1.655000E-8	3.502805E-2
1.660000E-8	3.693113E-2
1.665000E-8	3.869718E-2
1.670000E-8	4.016689E-2
1.675000E-8	4.124434E-2
1.680000E-8	4.190040E-2
1.685000E-8	4.209396E-2
1.690000E-8	4.176165E-2
1.695000E-8	4.089148E-2
1.700000E-8	3.955196E-2
1.705000E-8	3.779619E-2
1.710000E-8	3.566186E-2
1.715000E-8	3.326202E-2
1.720000E-8	3.076455E-2
1.725000E-8	2.828078E-2
1.730000E-8	2.588436E-2
1.735000E-8	2.372605E-2
1.740000E-8	2.195486E-2
1.745000E-8	2.064617E-2
1.750000E-8	1.986506E-2
1.755000E-8	1.968691E-2
1.760000E-8	2.009288E-2
1.765000E-8	2.101958E-2
1.770000E-8	2.244132E-2
1.775000E-8	2.425362E-2
1.780000E-8	2.629202E-2
1.785000E-8	2.845033E-2
1.790000E-8	3.063263E-2
1.795000E-8	3.265904E-2
1.800000E-8	3.442167E-2
1.805000E-8	3.584684E-2
1.810000E-8	3.680952E-2
1.815000E-8	3.723947E-2
1.820000E-8	3.717609E-2
1.825000E-8	3.658513E-2
1.830000E-8	3.542889E-2
1.835000E-8	3.384099E-2
1.840000E-8	3.196703E-2
1.845000E-8	2.980872E-2
1.850000E-8	2.743800E-2
1.855000E-8	2.504673E-2
1.860000E-8	2.274453E-2
1.865000E-8	2.061191E-2
1.870000E-8	1.874651E-2
1.875000E-8	1.726138E-2
1.880000E-8	1.623533E-2
1.885000E-8	1.574885E-2
1.890000E-8	1.579852E-2
1.895000E-8	1.634837E-2
1.900000E-8	1.740355E-2
1.905000E-8	1.890751E-2
1.910000E-8	2.071124E-2
1.915000E-8	2.271882E-2
1.920000E-8	2.486856E-2
1.925000E-8	2.702002E-2
1.930000E-8	2.899505E-2
1.935000E-8	3.065490E-2
1.940000E-8	3.193618E-2
1.945000E-8	3.278238E-2
1.950000E-8	3.313354E-2
1.955000E-8	3.291428E-2
1.960000E-8	3.210577E-2
1.965000E-8	3.082107E-2
1.970000E-8	2.917493E-2
1.975000E-8	2.719305E-2
1.980000E-8	2.494567E-2
1.985000E-8	2.260921E-2
1.990000E-8	2.030529E-2
1.995000E-8	1.807504E-2
2.000000E-8	1.603834E-2
2.005000E-8	1.435965E-2
2.010000E-8	1.311091E-2
2.015000E-8	1.231610E-2
2.020000E-8	1.205745E-2
2.025000E-8	1.235550E-2
2.030000E-8	1.312118E-2
2.035000E-8	1.430654E-2
2.040000E-8	1.588416E-2
2.045000E-8	1.775641E-2
2.050000E-8	1.977426E-2
2.055000E-8	2.180924E-2
2.060000E-8	2.376542E-2
2.065000E-8	2.552633E-2
2.070000E-8	2.697720E-2
2.075000E-8	2.803238E-2
2.080000E-8	2.865418E-2
2.085000E-8	2.879978E-2
2.090000E-8	2.841095E-2
2.095000E-8	2.748424E-2
2.100000E-8	2.613102E-2
2.105000E-8	2.442493E-2
2.110000E-8	2.239166E-2
2.115000E-8	2.015284E-2
2.120000E-8	1.788490E-2
2.125000E-8	1.569404E-2
2.130000E-8	1.362480E-2
2.135000E-8	1.181422E-2
2.140000E-8	1.037020E-2
2.145000E-8	9.356133E-3
2.150000E-8	8.830256E-3
2.155000E-8	8.840532E-3
2.160000E-8	9.366404E-3
2.165000E-8	1.038903E-2
2.170000E-8	1.185189E-2
2.175000E-8	1.363164E-2
2.180000E-8	1.563064E-2
2.185000E-8	1.778382E-2
2.190000E-8	1.995069E-2
2.195000E-8	2.198910E-2
2.200000E-8	2.380996E-2
2.205000E-8	2.529852E-2
2.210000E-8	2.630230E-2
2.215000E-8	2.681448E-2
2.220000E-8	2.685730E-2
2.225000E-8	2.637768E-2
2.230000E-8	2.535677E-2
2.235000E-8	2.386479E-2
2.240000E-8	2.200282E-2
2.245000E-8	1.987020E-2
2.250000E-8	1.756800E-2
2.255000E-8	1.519729E-2
2.260000E-8	1.291393E-2
2.265000E-8	1.088237E-2
2.270000E-8	9.188267E-3
2.275000E-8	7.893278E-3
2.280000E-8	7.084765E-3
2.285000E-8	6.805553E-3
2.290000E-8	7.038511E-3
2.295000E-8	7.778502E-3
2.300000E-8	9.006682E-3
2.305000E-8	1.063227E-2
2.310000E-8	1.252678E-2
2.315000E-8	1.458403E-2
2.320000E-8	1.669096E-2
2.325000E-8	1.871737E-2
2.330000E-8	2.051083E-2
2.335000E-8	2.196512E-2
2.340000E-8	2.299803E-2
2.345000E-8	2.355988E-2
2.350000E-8	2.361469E-2
2.355000E-8	2.317275E-2
2.360000E-8	2.225804E-2
2.365000E-8	2.091167E-2
2.370000E-8	1.921414E-2
2.375000E-8	1.724768E-2
2.380000E-8	1.513390E-2
2.385000E-8	1.302184E-2
2.390000E-8	1.100399E-2
2.395000E-8	9.154010E-3
2.400000E-8	7.572959E-3
2.405000E-8	6.367044E-3
2.410000E-8	5.508856E-3
2.415000E-8	5.032655E-3
2.420000E-8	5.042931E-3
2.425000E-8	5.536257E-3
2.430000E-8	6.418423E-3
2.435000E-8	7.643177E-3
2.440000E-8	9.183114E-3
2.445000E-8	1.092518E-2
2.450000E-8	1.277002E-2
2.455000E-8	1.462514E-2
2.460000E-8	1.639290E-2
2.465000E-8	1.799793E-2
2.470000E-8	1.933917E-2
2.475000E-8	2.030870E-2
2.480000E-8	2.086884E-2
2.485000E-8	2.101615E-2
2.490000E-8	2.070611E-2
2.495000E-8	1.993357E-2
2.500000E-8	1.876706E-2
2.505000E-8	1.726652E-2
2.510000E-8	1.545936E-2
2.515000E-8	1.346892E-2
2.520000E-8	1.143908E-2
2.525000E-8	9.446923E-3
2.530000E-8	7.566107E-3
2.535000E-8	5.914826E-3
2.540000E-8	4.631828E-3
2.545000E-8	3.790770E-3
2.550000E-8	3.381374E-3
2.555000E-8	3.413918E-3
2.560000E-8	3.910670E-3
2.565000E-8	4.857928E-3
2.570000E-8	6.190598E-3
2.575000E-8	7.838451E-3
2.580000E-8	9.698710E-3
2.585000E-8	1.162749E-2
2.590000E-8	1.353400E-2
2.595000E-8	1.534287E-2
2.600000E-8	1.693934E-2
2.605000E-8	1.821377E-2
2.610000E-8	1.909422E-2
2.615000E-8	1.954131E-2
2.620000E-8	1.955158E-2
2.625000E-8	1.911479E-2
2.630000E-8	1.821720E-2
2.635000E-8	1.690337E-2
2.640000E-8	1.529149E-2
2.645000E-8	1.347577E-2
2.650000E-8	1.153329E-2
2.655000E-8	9.571967E-3
2.660000E-8	7.709994E-3
2.665000E-8	6.022742E-3
2.670000E-8	4.599282E-3
2.675000E-8	3.523550E-3
2.680000E-8	2.831518E-3
2.685000E-8	2.533464E-3
2.690000E-8	2.653368E-3
2.695000E-8	3.192944E-3
2.700000E-8	4.155618E-3
2.705000E-8	5.466020E-3
2.710000E-8	6.983690E-3
2.715000E-8	8.641821E-3
2.720000E-8	1.042500E-2
2.725000E-8	1.219618E-2
2.730000E-8	1.380978E-2
2.735000E-8	1.521611E-2
2.740000E-8	1.636379E-2
2.745000E-8	1.713804E-2
2.750000E-8	1.750119E-2
2.755000E-8	1.743267E-2
2.760000E-8	1.690166E-2
2.765000E-8	1.594241E-2
2.770000E-8	1.462516E-2
2.775000E-8	1.299101E-2
2.780000E-8	1.114445E-2
2.785000E-8	9.249933E-3
2.790000E-8	7.369118E-3
2.795000E-8	5.567098E-3
2.800000E-8	4.004890E-3
2.805000E-8	2.788697E-3
2.810000E-8	1.932222E-3
2.815000E-8	1.478290E-3
2.820000E-8	1.488566E-3
2.825000E-8	1.942495E-3
2.830000E-8	2.788689E-3
2.835000E-8	3.977472E-3
2.840000E-8	5.412920E-3
2.845000E-8	7.036792E-3
2.850000E-8	8.758303E-3
2.855000E-8	1.044555E-2
2.860000E-8	1.200605E-2
2.865000E-8	1.342608E-2
2.870000E-8	1.462343E-2
2.875000E-8	1.550218E-2
2.880000E-8	1.601606E-2
2.885000E-8	1.613083E-2
2.890000E-8	1.580195E-2
2.895000E-8	1.505853E-2
2.900000E-8	1.396738E-2
2.905000E-8	1.255763E-2
2.910000E-8	1.088751E-2
2.915000E-8	9.078638E-3
2.920000E-8	7.252637E-3
2.925000E-8	5.490015E-3
2.930000E-8	3.886697E-3
2.935000E-8	2.545459E-3
2.940000E-8	1.555374E-3
2.945000E-8	9.695451E-4
2.950000E-8	7.965359E-4
2.955000E-8	1.038060E-3
2.960000E-8	1.673561E-3
2.965000E-8	2.668781E-3
2.970000E-8	3.941499E-3
2.975000E-8	5.378660E-3
2.980000E-8	6.915172E-3
2.985000E-8	8.499647E-3
2.990000E-8	1.001903E-2
2.995000E-8	1.135855E-2
3.000000E-8	1.249253E-2
3.005000E-8	1.341409E-2
3.010000E-8	1.404960E-2
3.015000E-8	1.434765E-2
3.020000E-8	1.433052E-2
3.025000E-8	1.398280E-2
3.030000E-8	1.330619E-2
3.035000E-8	1.236921E-2
3.040000E-8	1.121639E-2
3.045000E-8	9.871732E-3
3.050000E-8	8.383182E-3
3.055000E-8	6.841530E-3
3.060000E-8	5.325572E-3
3.065000E-8	3.924382E-3
3.070000E-8	2.713327E-3
3.075000E-8	1.738659E-3
3.080000E-8	1.046627E-3
3.085000E-8	6.971844E-4
3.090000E-8	7.057472E-4
3.095000E-8	1.060325E-3
3.100000E-8	1.752354E-3
3.105000E-8	2.768129E-3
3.110000E-8	4.045986E-3
3.115000E-8	5.500277E-3
3.120000E-8	7.055632E-3
3.125000E-8	8.622978E-3
3.130000E-8	1.007042E-2
3.135000E-8	1.127462E-2
3.140000E-8	1.220646E-2
3.145000E-8	1.285396E-2
3.150000E-8	1.312289E-2
3.155000E-8	1.298243E-2
3.160000E-8	1.248739E-2
3.165000E-8	1.166518E-2
3.170000E-8	1.052607E-2
3.175000E-8	9.171135E-3
3.180000E-8	7.711705E-3
3.185000E-8	6.175193E-3
3.190000E-8	4.650671E-3
3.195000E-8	3.271749E-3
3.200000E-8	2.101806E-3
3.205000E-8	1.169962E-3
3.210000E-8	5.430224E-4
3.215000E-8	2.860790E-4
3.220000E-8	3.974190E-4
3.225000E-8	8.547742E-4
3.230000E-8	1.610182E-3
3.235000E-8	2.643087E-3
3.240000E-8	3.936361E-3
3.245000E-8	5.380373E-3
3.250000E-8	6.874062E-3
3.255000E-8	8.395158E-3
3.260000E-8	9.852875E-3
3.265000E-8	1.111360E-2
3.270000E-8	1.213623E-2
3.275000E-8	1.291391E-2
3.280000E-8	1.335243E-2
3.285000E-8	1.337127E-2
3.290000E-8	1.301327E-2
3.295000E-8	1.232980E-2
3.300000E-8	1.133972E-2
3.305000E-8	1.011154E-2
3.310000E-8	8.696649E-3
3.315000E-8	7.163563E-3
3.320000E-8	5.632189E-3
3.325000E-8	4.167620E-3
3.330000E-8	2.797262E-3
3.335000E-8	1.610189E-3
3.340000E-8	7.245947E-4
3.345000E-8	1.439045E-4
3.350000E-8	-1.353073E-4
3.355000E-8	-6.336505E-5
3.360000E-8	3.580184E-4
3.365000E-8	1.063751E-3
3.370000E-8	2.012722E-3
3.375000E-8	3.189516E-3
3.380000E-8	4.515336E-3
3.385000E-8	5.916525E-3
3.390000E-8	7.309151E-3
3.395000E-8	8.610991E-3
3.400000E-8	9.763804E-3
3.405000E-8	1.072648E-2
3.410000E-8	1.141166E-2
3.415000E-8	1.174226E-2
3.420000E-8	1.172685E-2
3.425000E-8	1.139453E-2
3.430000E-8	1.073334E-2
3.435000E-8	9.765526E-3
3.440000E-8	8.583594E-3
3.445000E-8	7.268052E-3
3.450000E-8	5.844594E-3
3.455000E-8	4.381738E-3
3.460000E-8	3.014806E-3
3.465000E-8	1.838012E-3
3.470000E-8	8.445021E-4
3.475000E-8	8.223995E-5
3.480000E-8	-3.477108E-4
3.485000E-8	-4.316466E-4
3.490000E-8	-2.089650E-4
3.495000E-8	3.306118E-4
3.500000E-8	1.166528E-3
3.505000E-8	2.223415E-3
3.510000E-8	3.436180E-3
3.515000E-8	4.768852E-3
3.520000E-8	6.146060E-3
3.525000E-8	7.489010E-3
3.530000E-8	8.715480E-3
3.535000E-8	9.751813E-3
3.540000E-8	1.056546E-2
3.545000E-8	1.111189E-2
3.550000E-8	1.134143E-2
3.555000E-8	1.125065E-2
3.560000E-8	1.084811E-2
3.565000E-8	1.012182E-2
3.570000E-8	9.107754E-3
3.575000E-8	7.893276E-3
3.580000E-8	6.545188E-3
3.585000E-8	5.120017E-3
3.590000E-8	3.734243E-3
3.595000E-8	2.464949E-3
3.600000E-8	1.342969E-3
3.605000E-8	4.385323E-4
3.610000E-8	-1.575742E-4
3.615000E-8	-4.265080E-4
3.620000E-8	-3.494268E-4
3.625000E-8	8.566028E-5
3.630000E-8	8.136613E-4
3.635000E-8	1.754068E-3
3.640000E-8	2.884612E-3
3.645000E-8	4.169321E-3
3.650000E-8	5.486576E-3
3.655000E-8	6.742166E-3
3.660000E-8	7.913822E-3
3.665000E-8	8.962146E-3
3.670000E-8	9.794639E-3
3.675000E-8	1.034278E-2
3.680000E-8	1.062199E-2
3.685000E-8	1.064426E-2
3.690000E-8	1.038218E-2
3.695000E-8	9.822051E-3
3.700000E-8	9.030671E-3
3.705000E-8	8.066283E-3
3.710000E-8	6.949442E-3
3.715000E-8	5.710983E-3
3.720000E-8	4.433124E-3
3.725000E-8	3.216932E-3
3.730000E-8	2.105229E-3
3.735000E-8	1.115146E-3
3.740000E-8	3.083471E-4
3.745000E-8	-2.055378E-4
3.750000E-8	-4.179441E-4
3.755000E-8	-3.631307E-4
3.760000E-8	-2.054239E-5
3.765000E-8	6.235246E-4
3.770000E-8	1.505691E-3
3.775000E-8	2.571143E-3
3.780000E-8	3.807890E-3
3.785000E-8	5.111442E-3
3.790000E-8	6.379023E-3
3.795000E-8	7.578085E-3
3.800000E-8	8.665807E-3
3.805000E-8	9.547975E-3
3.810000E-8	1.017320E-2
3.815000E-8	1.051237E-2
3.820000E-8	1.055176E-2
3.825000E-8	1.028797E-2
3.830000E-8	9.751820E-3
3.835000E-8	8.955301E-3
3.840000E-8	7.948089E-3
3.845000E-8	6.812406E-3
3.850000E-8	5.591076E-3
3.855000E-8	4.301227E-3
3.860000E-8	3.043924E-3
3.865000E-8	1.932222E-3
3.870000E-8	9.969521E-4
3.875000E-8	2.466807E-4
3.880000E-8	-2.620654E-4
3.885000E-8	-4.796107E-4
3.890000E-8	-4.299363E-4
3.895000E-8	-1.079034E-4
3.900000E-8	5.327376E-4
3.905000E-8	1.445737E-3
3.910000E-8	2.490634E-3
3.915000E-8	3.619465E-3
3.920000E-8	4.840796E-3
3.925000E-8	6.056988E-3
3.930000E-8	7.142996E-3
3.935000E-8	8.055997E-3
3.940000E-8	8.763445E-3
3.945000E-8	9.198534E-3
3.950000E-8	9.335571E-3
3.955000E-8	9.167703E-3
3.960000E-8	8.696644E-3
3.965000E-8	7.975494E-3
3.970000E-8	7.077911E-3
3.975000E-8	6.029589E-3
3.980000E-8	4.885341E-3
3.985000E-8	3.737668E-3
3.990000E-8	2.637956E-3
3.995000E-8	1.629031E-3
4.000000E-8	7.913995E-4
4.005000E-8	1.713122E-4
4.010000E-8	-2.483606E-4
4.015000E-8	-4.316469E-4
4.020000E-8	-3.391490E-4
4.025000E-8	1.726132E-6
4.030000E-8	5.430161E-4
4.035000E-8	1.272730E-3
4.040000E-8	2.173739E-3
4.045000E-8	3.175812E-3
4.050000E-8	4.224135E-3
4.055000E-8	5.279310E-3
4.060000E-8	6.271106E-3
4.065000E-8	7.154987E-3
4.070000E-8	7.898407E-3
4.075000E-8	8.437986E-3
4.080000E-8	8.724049E-3
4.085000E-8	8.758309E-3
4.090000E-8	8.571599E-3
4.095000E-8	8.165631E-3
4.100000E-8	7.540407E-3
4.105000E-8	6.750739E-3
4.110000E-8	5.853156E-3
4.115000E-8	4.866499E-3
4.120000E-8	3.842158E-3
4.125000E-8	2.850362E-3
4.130000E-8	1.940787E-3
4.135000E-8	1.163109E-3
4.140000E-8	5.789932E-4
4.145000E-8	2.312642E-4
4.150000E-8	1.164957E-4
4.155000E-8	2.209844E-4
4.160000E-8	5.635726E-4
4.165000E-8	1.121992E-3
4.170000E-8	1.848280E-3
4.175000E-8	2.706466E-3
4.180000E-8	3.669141E-3
4.185000E-8	4.686631E-3
4.190000E-8	5.666436E-3
4.195000E-8	6.541752E-3
4.200000E-8	7.300588E-3
4.205000E-8	7.903546E-3
4.210000E-8	8.288960E-3
4.215000E-8	8.441413E-3
4.220000E-8	8.381461E-3
4.225000E-8	8.103965E-3
4.230000E-8	7.619202E-3
4.235000E-8	6.956293E-3
4.240000E-8	6.130653E-3
4.245000E-8	5.157700E-3
4.250000E-8	4.112803E-3
4.255000E-8	3.062766E-3
4.260000E-8	2.021295E-3
4.265000E-8	1.074035E-3
4.270000E-8	3.186249E-4
4.275000E-8	-2.397962E-4
4.280000E-8	-5.960898E-4
4.285000E-8	-6.954415E-4
4.290000E-8	-5.447031E-4
4.295000E-8	-1.558650E-4
4.300000E-8	4.796375E-4
4.305000E-8	1.329258E-3
4.310000E-8	2.314202E-3
4.315000E-8	3.410488E-3
4.320000E-8	4.529042E-3
4.325000E-8	5.558523E-3
4.330000E-8	6.478375E-3
4.335000E-8	7.271470E-3
4.340000E-8	7.829891E-3
4.345000E-8	8.139935E-3
4.350000E-8	8.235861E-3
4.355000E-8	8.073132E-3
4.360000E-8	7.638044E-3
4.365000E-8	7.023097E-3
4.370000E-8	6.245420E-3
4.375000E-8	5.279318E-3
4.380000E-8	4.256690E-3
4.385000E-8	3.266607E-3
4.390000E-8	2.283376E-3
4.395000E-8	1.339542E-3
4.400000E-8	5.687155E-4
4.405000E-8	2.057219E-5
4.410000E-8	-3.271564E-4
4.415000E-8	-4.230820E-4
4.420000E-8	-2.620657E-4
4.425000E-8	1.130688E-4
4.430000E-8	6.851922E-4
4.435000E-8	1.449166E-3
4.440000E-8	2.369017E-3
4.445000E-8	3.386507E-3
4.450000E-8	4.445108E-3
4.455000E-8	5.478014E-3
4.460000E-8	6.444116E-3
4.465000E-8	7.293737E-3
4.470000E-8	7.965213E-3
4.475000E-8	8.419144E-3
4.480000E-8	8.677800E-3
4.485000E-8	8.722337E-3
4.490000E-8	8.489378E-3
4.495000E-8	7.966930E-3
4.500000E-8	7.252632E-3
4.505000E-8	6.403011E-3
4.510000E-8	5.428346E-3
4.515000E-8	4.359467E-3
4.520000E-8	3.275172E-3
4.525000E-8	2.267960E-3
4.530000E-8	1.380653E-3
4.535000E-8	6.680668E-4
4.540000E-8	1.730246E-4
4.545000E-8	-6.678880E-5
4.550000E-8	-4.280842E-5
4.555000E-8	2.175586E-4
4.560000E-8	7.023215E-4
4.565000E-8	1.392638E-3
4.570000E-8	2.219991E-3
4.575000E-8	3.105584E-3
4.580000E-8	4.023723E-3
4.585000E-8	4.912742E-3
4.590000E-8	5.669864E-3
4.595000E-8	6.259118E-3
4.600000E-8	6.704484E-3
4.605000E-8	6.976843E-3
4.610000E-8	7.033371E-3
4.615000E-8	6.915178E-3
4.620000E-8	6.649672E-3
4.625000E-8	6.223149E-3
4.630000E-8	5.668155E-3
4.635000E-8	5.032653E-3
4.640000E-8	4.369743E-3
4.645000E-8	3.701694E-3
4.650000E-8	3.028507E-3
4.655000E-8	2.389578E-3
4.660000E-8	1.856852E-3
4.665000E-8	1.459448E-3
4.670000E-8	1.144265E-3
4.675000E-8	9.301465E-4
4.680000E-8	8.821833E-4
4.685000E-8	1.010654E-3
4.690000E-8	1.272734E-3
4.695000E-8	1.664998E-3
4.700000E-8	2.187446E-3
4.705000E-8	2.790402E-3
4.710000E-8	3.443035E-3
4.715000E-8	4.129926E-3
4.720000E-8	4.803114E-3
4.725000E-8	5.416349E-3
4.730000E-8	5.952501E-3
4.735000E-8	6.391015E-3
4.740000E-8	6.699346E-3
4.745000E-8	6.832957E-3
4.750000E-8	6.791846E-3
4.755000E-8	6.603423E-3
4.760000E-8	6.271112E-3
4.765000E-8	5.765793E-3
4.770000E-8	5.109735E-3
4.775000E-8	4.400576E-3
4.780000E-8	3.677713E-3
4.785000E-8	2.929156E-3
4.790000E-8	2.206293E-3
4.795000E-8	1.577641E-3
4.800000E-8	1.055192E-3
4.805000E-8	6.492236E-4
4.810000E-8	4.059847E-4
4.815000E-8	3.494567E-4
4.820000E-8	4.796399E-4
4.825000E-8	8.085247E-4
4.830000E-8	1.313843E-3
4.835000E-8	1.951058E-3
4.840000E-8	2.663644E-3
4.845000E-8	3.420765E-3
4.850000E-8	4.203582E-3
4.855000E-8	4.940149E-3
4.860000E-8	5.560235E-3
4.865000E-8	6.050138E-3
4.870000E-8	6.423561E-3
4.875000E-8	6.629115E-3
4.880000E-8	6.647958E-3
4.885000E-8	6.540043E-3
4.890000E-8	6.298519E-3
4.895000E-8	5.880560E-3
4.900000E-8	5.340983E-3
4.905000E-8	4.762008E-3
4.910000E-8	4.129931E-3
4.915000E-8	3.460169E-3
4.920000E-8	2.846934E-3
4.925000E-8	2.319347E-3
4.930000E-8	1.863703E-3
4.935000E-8	1.486854E-3
4.940000E-8	1.248754E-3
4.945000E-8	1.144264E-3
4.950000E-8	1.173383E-3
4.955000E-8	1.348103E-3
4.960000E-8	1.649581E-3
4.965000E-8	2.045271E-3
4.970000E-8	2.512905E-3
4.975000E-8	3.042205E-3
4.980000E-8	3.619468E-3
4.985000E-8	4.227564E-3
4.990000E-8	4.809966E-3
4.995000E-8	5.310146E-3
5.000000E-8	5.740096E-3
5.005000E-8	6.087825E-3
5.010000E-8	6.276249E-3
5.015000E-8	6.296805E-3
5.020000E-8	6.219723E-3
5.025000E-8	6.027873E-3
5.030000E-8	5.669868E-3
5.035000E-8	5.167975E-3
5.040000E-8	4.577009E-3
5.045000E-8	3.917525E-3
5.050000E-8	3.196375E-3
5.055000E-8	2.459808E-3
5.060000E-8	1.779768E-3
5.065000E-8	1.204218E-3
5.070000E-8	7.657033E-4
5.075000E-8	4.830667E-4
5.080000E-8	3.854282E-4
5.085000E-8	4.642231E-4
5.090000E-8	6.954703E-4
5.095000E-8	1.067179E-3
5.100000E-8	1.613608E-3
5.105000E-8	2.297074E-3
5.110000E-8	3.006233E-3
5.115000E-8	3.706828E-3
5.120000E-8	4.412562E-3
5.125000E-8	5.044639E-3
5.130000E-8	5.515700E-3
5.135000E-8	5.839447E-3
5.140000E-8	6.036436E-3
5.145000E-8	6.062131E-3
5.150000E-8	5.921670E-3
5.155000E-8	5.673293E-3
5.160000E-8	5.325566E-3
5.165000E-8	4.876774E-3
5.170000E-8	4.342335E-3
5.175000E-8	3.770212E-3
5.180000E-8	3.228921E-3
5.185000E-8	2.733880E-3
5.190000E-8	2.276523E-3
5.195000E-8	1.880832E-3
5.200000E-8	1.610187E-3
5.205000E-8	1.452596E-3
5.210000E-8	1.387503E-3
5.215000E-8	1.438891E-3
5.220000E-8	1.627315E-3
5.225000E-8	1.899673E-3
5.230000E-8	2.238835E-3
5.235000E-8	2.637951E-3
5.240000E-8	3.091882E-3
5.245000E-8	3.569793E-3
5.250000E-8	4.037427E-3
5.255000E-8	4.460525E-3
5.260000E-8	4.840799E-3
5.265000E-8	5.183388E-3
5.270000E-8	5.440331E-3
5.275000E-8	5.563663E-3
5.280000E-8	5.584219E-3
5.285000E-8	5.510563E-3
5.290000E-8	5.293020E-3
5.295000E-8	4.982977E-3
5.300000E-8	4.657518E-3
5.305000E-8	4.282383E-3
5.310000E-8	3.830166E-3
5.315000E-8	3.391652E-3
5.320000E-8	2.992536E-3
5.325000E-8	2.589993E-3
5.330000E-8	2.209719E-3
5.335000E-8	1.915092E-3
5.340000E-8	1.730093E-3
5.345000E-8	1.663287E-3
5.350000E-8	1.712962E-3
5.355000E-8	1.855136E-3
5.360000E-8	2.106938E-3
5.365000E-8	2.459805E-3
5.370000E-8	2.834939E-3
5.375000E-8	3.201509E-3
5.380000E-8	3.598913E-3
5.385000E-8	3.991177E-3
5.390000E-8	4.316637E-3
5.395000E-8	4.582144E-3
5.400000E-8	4.815105E-3
5.405000E-8	4.991539E-3
5.410000E-8	5.085751E-3
5.415000E-8	5.075474E-3
5.420000E-8	4.967559E-3
5.425000E-8	4.789413E-3
5.430000E-8	4.537611E-3
5.435000E-8	4.172754E-3
5.440000E-8	3.742804E-3
5.445000E-8	3.304290E-3
5.450000E-8	2.829804E-3
5.455000E-8	2.312494E-3
5.460000E-8	1.861989E-3
5.465000E-8	1.531390E-3
5.470000E-8	1.277874E-3
5.475000E-8	1.098014E-3
5.480000E-8	1.050051E-3
5.485000E-8	1.128846E-3
5.490000E-8	1.276159E-3
5.495000E-8	1.512546E-3
5.500000E-8	1.843144E-3
5.505000E-8	2.221705E-3
5.510000E-8	2.605405E-3
5.515000E-8	3.023364E-3
5.520000E-8	3.456739E-3
5.525000E-8	3.862708E-3
5.530000E-8	4.220714E-3
5.535000E-8	4.554739E-3
5.540000E-8	4.847653E-3
5.545000E-8	5.041216E-3
5.550000E-8	5.135428E-3
5.555000E-8	5.142280E-3
5.560000E-8	5.058346E-3
5.565000E-8	4.847654E-3
5.570000E-8	4.489648E-3
5.575000E-8	4.018588E-3
5.580000E-8	3.504704E-3
5.585000E-8	2.973690E-3
5.590000E-8	2.434112E-3
5.595000E-8	1.925367E-3
5.600000E-8	1.498843E-3
5.605000E-8	1.181948E-3
5.610000E-8	9.883843E-4
5.615000E-8	9.472734E-4
5.620000E-8	1.062041E-3
5.625000E-8	1.312131E-3
5.630000E-8	1.656433E-3
5.635000E-8	2.086382E-3
5.640000E-8	2.600266E-3
5.645000E-8	3.163825E-3
5.650000E-8	3.679422E-3
5.655000E-8	4.141917E-3
5.660000E-8	4.565015E-3
5.665000E-8	4.909317E-3
5.670000E-8	5.109732E-3
5.675000E-8	5.178250E-3
5.680000E-8	5.145704E-3
5.685000E-8	4.982975E-3
5.690000E-8	4.676358E-3
5.695000E-8	4.263538E-3
5.700000E-8	3.785626E-3
5.705000E-8	3.266604E-3
5.710000E-8	2.735591E-3
5.715000E-8	2.240550E-3
5.720000E-8	1.826017E-3
5.725000E-8	1.510835E-3
5.730000E-8	1.279587E-3
5.735000E-8	1.137412E-3
5.740000E-8	1.120282E-3
5.745000E-8	1.235049E-3
5.750000E-8	1.430325E-3
5.755000E-8	1.678702E-3
5.760000E-8	1.992171E-3
5.765000E-8	2.343324E-3
5.770000E-8	2.680775E-3
5.775000E-8	2.992531E-3
5.780000E-8	3.312852E-3
5.785000E-8	3.617756E-3
5.790000E-8	3.854143E-3
5.795000E-8	4.034002E-3
5.800000E-8	4.191593E-3
5.805000E-8	4.316639E-3
5.810000E-8	4.378305E-3
5.815000E-8	4.361176E-3
5.820000E-8	4.285807E-3
5.825000E-8	4.143632E-3
5.830000E-8	3.927801E-3
5.835000E-8	3.645165E-3
5.840000E-8	3.321418E-3
5.845000E-8	2.989107E-3
5.850000E-8	2.665360E-3
5.855000E-8	2.381011E-3
5.860000E-8	2.177171E-3
5.865000E-8	2.069255E-3
5.870000E-8	2.026432E-3
5.875000E-8	2.024719E-3
5.880000E-8	2.086385E-3
5.885000E-8	2.214856E-3
5.890000E-8	2.374159E-3
5.895000E-8	2.554018E-3
5.900000E-8	2.744155E-3
5.905000E-8	2.937718E-3
5.910000E-8	3.132993E-3
5.915000E-8	3.333407E-3
5.920000E-8	3.526970E-3
5.925000E-8	3.711968E-3
5.930000E-8	3.907243E-3
5.935000E-8	4.085390E-3
5.940000E-8	4.227565E-3
5.945000E-8	4.349184E-3
5.950000E-8	4.448535E-3
5.955000E-8	4.463953E-3
5.960000E-8	4.393722E-3
5.965000E-8	4.256687E-3
5.970000E-8	4.047708E-3
5.975000E-8	3.751369E-3
5.980000E-8	3.410493E-3
5.985000E-8	3.055913E-3
5.990000E-8	2.703046E-3
5.995000E-8	2.384437E-3
6.000000E-8	2.113792E-3
6.005000E-8	1.916802E-3
6.010000E-8	1.829442E-3
6.015000E-8	1.844858E-3
6.020000E-8	1.915088E-3
6.025000E-8	2.040133E-3
6.030000E-8	2.237122E-3
6.035000E-8	2.487212E-3
6.040000E-8	2.761283E-3
6.045000E-8	3.049058E-3
6.050000E-8	3.333407E-3
6.055000E-8	3.598914E-3
6.060000E-8	3.843866E-3
6.065000E-8	4.032290E-3
6.070000E-8	4.116224E-3
6.075000E-8	4.112798E-3
6.080000E-8	4.064836E-3
6.085000E-8	3.960346E-3
6.090000E-8	3.778774E-3
6.095000E-8	3.533823E-3
6.100000E-8	3.271742E-3
6.105000E-8	3.006236E-3
6.110000E-8	2.711609E-3
6.115000E-8	2.399853E-3
6.120000E-8	2.108652E-3
6.125000E-8	1.872265E-3
6.130000E-8	1.694119E-3
6.135000E-8	1.577638E-3
6.140000E-8	1.495417E-3
6.145000E-8	1.449167E-3
6.150000E-8	1.474861E-3
6.155000E-8	1.586202E-3
6.160000E-8	1.730089E-3
6.165000E-8	1.915087E-3
6.170000E-8	2.161751E-3
6.175000E-8	2.451239E-3
6.180000E-8	2.730449E-3
6.185000E-8	3.011373E-3
6.190000E-8	3.319703E-3
6.195000E-8	3.604052E-3
6.200000E-8	3.835300E-3
6.205000E-8	4.008308E-3
6.210000E-8	4.093955E-3
6.215000E-8	4.100807E-3
6.220000E-8	4.052845E-3
6.225000E-8	3.934652E-3
6.230000E-8	3.718821E-3
6.235000E-8	3.439611E-3
6.240000E-8	3.138132E-3
6.245000E-8	2.810960E-3
6.250000E-8	2.449528E-3
6.255000E-8	2.103513E-3
6.260000E-8	1.814025E-3
6.265000E-8	1.596481E-3
6.270000E-8	1.471436E-3
6.275000E-8	1.449167E-3
6.280000E-8	1.526250E-3
6.285000E-8	1.683841E-3
6.290000E-8	1.904811E-3
6.295000E-8	2.178883E-3
6.300000E-8	2.497490E-3
6.305000E-8	2.831515E-3
6.310000E-8	3.141558E-3
6.315000E-8	3.437898E-3
6.320000E-8	3.729098E-3
6.325000E-8	3.956920E-3
6.330000E-8	4.095668E-3
6.335000E-8	4.176177E-3
6.340000E-8	4.208723E-3
6.345000E-8	4.167612E-3
6.350000E-8	4.059696E-3
6.355000E-8	3.914096E-3
6.360000E-8	3.735950E-3
6.365000E-8	3.538961E-3
6.370000E-8	3.317991E-3
6.375000E-8	3.078179E-3
6.380000E-8	2.829802E-3
6.385000E-8	2.583138E-3
6.390000E-8	2.317631E-3
6.395000E-8	2.081245E-3
6.400000E-8	1.916802E-3
6.405000E-8	1.779766E-3
6.410000E-8	1.671850E-3
6.415000E-8	1.646156E-3
6.420000E-8	1.711248E-3
6.425000E-8	1.846571E-3
6.430000E-8	2.048698E-3
6.435000E-8	2.300501E-3
6.440000E-8	2.567720E-3
6.445000E-8	2.877764E-3
6.450000E-8	3.201510E-3
6.455000E-8	3.461878E-3
6.460000E-8	3.664005E-3
6.465000E-8	3.871272E-3
6.470000E-8	4.051131E-3
6.475000E-8	4.121362E-3
6.480000E-8	4.099094E-3
6.485000E-8	4.027150E-3
6.490000E-8	3.884976E-3
6.495000E-8	3.674284E-3
6.500000E-8	3.441324E-3
6.505000E-8	3.211789E-3
6.510000E-8	2.970264E-3
6.515000E-8	2.737303E-3
6.520000E-8	2.552305E-3
6.525000E-8	2.442676E-3
6.530000E-8	2.370732E-3
6.535000E-8	2.327909E-3
6.540000E-8	2.350177E-3
6.545000E-8	2.461518E-3
6.550000E-8	2.591702E-3
6.555000E-8	2.697904E-3
6.560000E-8	2.831514E-3
6.565000E-8	3.011373E-3
6.570000E-8	3.156973E-3
6.575000E-8	3.225491E-3
6.580000E-8	3.285444E-3
6.585000E-8	3.357388E-3
6.590000E-8	3.377943E-3
6.595000E-8	3.341972E-3
6.600000E-8	3.306000E-3
6.605000E-8	3.263176E-3
6.610000E-8	3.177529E-3
6.615000E-8	3.064475E-3
6.620000E-8	2.937717E-3
6.625000E-8	2.792116E-3
6.630000E-8	2.629387E-3
6.635000E-8	2.459805E-3
6.640000E-8	2.283372E-3
6.645000E-8	2.117216E-3
6.650000E-8	1.969903E-3
6.655000E-8	1.827728E-3
6.660000E-8	1.690692E-3
6.665000E-8	1.591342E-3
6.670000E-8	1.536527E-3
6.675000E-8	1.505694E-3
6.680000E-8	1.534814E-3
6.685000E-8	1.656433E-3
6.690000E-8	1.807172E-3
6.695000E-8	1.954486E-3
6.700000E-8	2.148048E-3
6.705000E-8	2.398139E-3
6.710000E-8	2.658506E-3
6.715000E-8	2.915448E-3
6.720000E-8	3.155261E-3
6.725000E-8	3.374518E-3
6.730000E-8	3.573220E-3
6.735000E-8	3.732524E-3
6.740000E-8	3.818171E-3
6.745000E-8	3.855856E-3
6.750000E-8	3.849004E-3
6.755000E-8	3.761644E-3
6.760000E-8	3.598915E-3
6.765000E-8	3.408778E-3
6.770000E-8	3.182669E-3
6.775000E-8	2.903459E-3
6.780000E-8	2.622536E-3
6.785000E-8	2.379297E-3
6.790000E-8	2.146337E-3
6.795000E-8	1.908237E-3
6.800000E-8	1.716387E-3
6.805000E-8	1.596480E-3
6.810000E-8	1.543379E-3
6.815000E-8	1.569073E-3
6.820000E-8	1.702683E-3
6.825000E-8	1.939069E-3
6.830000E-8	2.228557E-3
6.835000E-8	2.559155E-3
6.840000E-8	2.936004E-3
6.845000E-8	3.306000E-3
6.850000E-8	3.645164E-3
6.855000E-8	3.953494E-3
6.860000E-8	4.212149E-3
6.865000E-8	4.373166E-3
6.870000E-8	4.445110E-3
6.875000E-8	4.438258E-3
6.880000E-8	4.338908E-3
6.885000E-8	4.160761E-3
6.890000E-8	3.929513E-3
6.895000E-8	3.655442E-3
6.900000E-8	3.369380E-3
6.905000E-8	3.122716E-3
6.910000E-8	2.901746E-3
6.915000E-8	2.653369E-3
6.920000E-8	2.428973E-3
6.925000E-8	2.286798E-3
6.930000E-8	2.187448E-3
6.935000E-8	2.106939E-3
6.940000E-8	2.082958E-3
6.945000E-8	2.127495E-3
6.950000E-8	2.197725E-3
6.955000E-8	2.279947E-3
6.960000E-8	2.401566E-3
6.965000E-8	2.567721E-3
6.970000E-8	2.759571E-3
6.975000E-8	2.942856E-3
6.980000E-8	3.131279E-3
6.985000E-8	3.319703E-3
6.990000E-8	3.485859E-3
6.995000E-8	3.612617E-3
7.000000E-8	3.722245E-3
7.005000E-8	3.816458E-3
7.010000E-8	3.867846E-3
7.015000E-8	3.866134E-3
7.020000E-8	3.833588E-3
7.025000E-8	3.756505E-3
7.030000E-8	3.629747E-3
7.035000E-8	3.477295E-3
7.040000E-8	3.321417E-3
7.045000E-8	3.158687E-3
7.050000E-8	2.990818E-3
7.055000E-8	2.821236E-3
7.060000E-8	2.624247E-3
7.065000E-8	2.411842E-3
7.070000E-8	2.223417E-3
7.075000E-8	2.076104E-3
7.080000E-8	1.968188E-3
7.085000E-8	1.923652E-3
7.090000E-8	1.947633E-3
7.095000E-8	2.017864E-3
7.100000E-8	2.137771E-3
7.105000E-8	2.327908E-3
7.110000E-8	2.530036E-3
7.115000E-8	2.718460E-3
7.120000E-8	2.910310E-3
7.125000E-8	3.095309E-3
7.130000E-8	3.215215E-3
7.135000E-8	3.285446E-3
7.140000E-8	3.331695E-3
7.145000E-8	3.338547E-3
7.150000E-8	3.295723E-3
7.155000E-8	3.218640E-3
7.160000E-8	3.115863E-3
7.165000E-8	2.987392E-3
7.170000E-8	2.852070E-3
7.175000E-8	2.696192E-3
7.180000E-8	2.530036E-3
7.185000E-8	2.372445E-3
7.190000E-8	2.226845E-3
7.195000E-8	2.091522E-3
7.200000E-8	2.000736E-3
7.205000E-8	2.000736E-3
7.210000E-8	2.036708E-3
7.215000E-8	2.105226E-3
7.220000E-8	2.242261E-3
7.225000E-8	2.423833E-3
7.230000E-8	2.601979E-3
7.235000E-8	2.793829E-3
7.240000E-8	3.001096E-3
7.245000E-8	3.165538E-3
7.250000E-8	3.275167E-3
7.255000E-8	3.364240E-3
7.260000E-8	3.400212E-3
7.265000E-8	3.379656E-3
7.270000E-8	3.350536E-3
7.275000E-8	3.319703E-3
7.280000E-8	3.282019E-3
7.285000E-8	3.254612E-3
7.290000E-8	3.247760E-3
7.295000E-8	3.227205E-3
7.300000E-8	3.196372E-3
7.305000E-8	3.170678E-3
7.310000E-8	3.124429E-3
7.315000E-8	3.067902E-3
7.320000E-8	3.011375E-3
7.325000E-8	2.913737E-3
7.330000E-8	2.785266E-3
7.335000E-8	2.682489E-3
7.340000E-8	2.603693E-3
7.345000E-8	2.502629E-3
7.350000E-8	2.444388E-3
7.355000E-8	2.452953E-3
7.360000E-8	2.470082E-3
7.365000E-8	2.499202E-3
7.370000E-8	2.569433E-3
7.375000E-8	2.634524E-3
7.380000E-8	2.658506E-3
7.385000E-8	2.682487E-3
7.390000E-8	2.703042E-3
7.395000E-8	2.672209E-3
7.400000E-8	2.615682E-3
7.405000E-8	2.589988E-3
7.410000E-8	2.555729E-3
7.415000E-8	2.497490E-3
7.420000E-8	2.468370E-3
7.425000E-8	2.480360E-3
7.430000E-8	2.483786E-3
7.435000E-8	2.470083E-3
7.440000E-8	2.494064E-3
7.445000E-8	2.560869E-3
7.450000E-8	2.613971E-3
7.455000E-8	2.643091E-3
7.460000E-8	2.660220E-3
7.465000E-8	2.665359E-3
7.470000E-8	2.646516E-3
7.475000E-8	2.608831E-3
7.480000E-8	2.559156E-3
7.485000E-8	2.530036E-3
7.490000E-8	2.530036E-3
7.495000E-8	2.569433E-3
7.500000E-8	2.632812E-3
7.505000E-8	2.711608E-3
7.510000E-8	2.769848E-3
7.515000E-8	2.821236E-3
7.520000E-8	2.896606E-3
7.525000E-8	2.970262E-3
7.530000E-8	2.990818E-3
7.535000E-8	2.966836E-3
7.540000E-8	2.941142E-3
7.545000E-8	2.910309E-3
7.550000E-8	2.836652E-3
7.555000E-8	2.725311E-3
7.560000E-8	2.612256E-3
7.565000E-8	2.545451E-3
7.570000E-8	2.516331E-3
7.575000E-8	2.482072E-3
7.580000E-8	2.470082E-3
7.585000E-8	2.516331E-3
7.590000E-8	2.598553E-3
7.595000E-8	2.680775E-3
7.600000E-8	2.769848E-3
7.605000E-8	2.850356E-3
7.610000E-8	2.908596E-3
7.615000E-8	2.946281E-3
7.620000E-8	2.939429E-3
7.625000E-8	2.870911E-3
7.630000E-8	2.800680E-3
7.635000E-8	2.776699E-3
7.640000E-8	2.754430E-3
7.645000E-8	2.715033E-3
7.650000E-8	2.697903E-3
7.655000E-8	2.701329E-3
7.660000E-8	2.713320E-3
7.665000E-8	2.732163E-3
7.670000E-8	2.757857E-3
7.675000E-8	2.788690E-3
7.680000E-8	2.845218E-3
7.685000E-8	2.891467E-3
7.690000E-8	2.877764E-3
7.695000E-8	2.824663E-3
7.700000E-8	2.752719E-3
7.705000E-8	2.641378E-3
7.710000E-8	2.497490E-3
7.715000E-8	2.363880E-3
7.720000E-8	2.247400E-3
7.725000E-8	2.139484E-3
7.730000E-8	2.070966E-3
7.735000E-8	2.065827E-3
7.740000E-8	2.124067E-3
7.745000E-8	2.235409E-3
7.750000E-8	2.391287E-3
7.755000E-8	2.579711E-3
7.760000E-8	2.790403E-3
7.765000E-8	2.995957E-3
7.770000E-8	3.168965E-3
7.775000E-8	3.302574E-3
7.780000E-8	3.427620E-3
7.785000E-8	3.523545E-3
7.790000E-8	3.547526E-3
7.795000E-8	3.514980E-3
7.800000E-8	3.460166E-3
7.805000E-8	3.384796E-3
7.810000E-8	3.299149E-3
7.815000E-8	3.213501E-3
7.820000E-8	3.146696E-3
7.825000E-8	3.098734E-3
7.830000E-8	3.069614E-3
7.835000E-8	3.037068E-3
7.840000E-8	3.004522E-3
7.845000E-8	2.977115E-3
7.850000E-8	2.930865E-3
7.855000E-8	2.843505E-3
7.860000E-8	2.754432E-3
7.865000E-8	2.675636E-3
7.870000E-8	2.583137E-3
7.875000E-8	2.483786E-3
7.880000E-8	2.410130E-3
7.885000E-8	2.345038E-3
7.890000E-8	2.273094E-3
7.895000E-8	2.228557E-3
7.900000E-8	2.233696E-3
7.905000E-8	2.271381E-3
7.910000E-8	2.343324E-3
7.915000E-8	2.449527E-3
7.920000E-8	2.574572E-3
7.925000E-8	2.687626E-3
7.930000E-8	2.773273E-3
7.935000E-8	2.840078E-3
7.940000E-8	2.910309E-3
7.945000E-8	2.985678E-3
7.950000E-8	3.028502E-3
7.955000E-8	3.037067E-3
7.960000E-8	3.045631E-3
7.965000E-8	3.025076E-3
7.970000E-8	2.977114E-3
7.975000E-8	2.953133E-3
7.980000E-8	2.963411E-3
7.985000E-8	2.947994E-3
7.990000E-8	2.939430E-3
7.995000E-8	2.968550E-3
8.000000E-8	3.009661E-3
8.005000E-8	3.071327E-3
8.010000E-8	3.160401E-3
8.015000E-8	3.235770E-3
8.020000E-8	3.263177E-3
8.025000E-8	3.285446E-3
8.030000E-8	3.292297E-3
8.035000E-8	3.242622E-3
8.040000E-8	3.170678E-3
8.045000E-8	3.091882E-3
8.050000E-8	2.961698E-3
8.055000E-8	2.798968E-3
8.060000E-8	2.668784E-3
8.065000E-8	2.554017E-3
8.070000E-8	2.428972E-3
8.075000E-8	2.357028E-3
8.080000E-8	2.367305E-3
8.085000E-8	2.413555E-3
8.090000E-8	2.485499E-3
8.095000E-8	2.634525E-3
8.100000E-8	2.838366E-3
8.105000E-8	3.031929E-3
8.110000E-8	3.179242E-3
8.115000E-8	3.290584E-3
8.120000E-8	3.379657E-3
8.125000E-8	3.427620E-3
8.130000E-8	3.401926E-3
8.135000E-8	3.300862E-3
8.140000E-8	3.175817E-3
8.145000E-8	3.038781E-3
8.150000E-8	2.853783E-3
8.155000E-8	2.649942E-3
8.160000E-8	2.495777E-3
8.165000E-8	2.403277E-3
8.170000E-8	2.334759E-3
8.175000E-8	2.300500E-3
8.180000E-8	2.334759E-3
8.185000E-8	2.398138E-3
8.190000E-8	2.466656E-3
8.195000E-8	2.540313E-3
8.200000E-8	2.613969E-3
8.205000E-8	2.646515E-3
8.210000E-8	2.636238E-3
8.215000E-8	2.603691E-3
8.220000E-8	2.535174E-3
8.225000E-8	2.446100E-3
8.230000E-8	2.367305E-3
8.235000E-8	2.298787E-3
8.240000E-8	2.235408E-3
8.245000E-8	2.213140E-3
8.250000E-8	2.243973E-3
8.255000E-8	2.281658E-3
8.260000E-8	2.334759E-3
8.265000E-8	2.430685E-3
8.270000E-8	2.554017E-3
8.275000E-8	2.643090E-3
8.280000E-8	2.675636E-3
8.285000E-8	2.653368E-3
8.290000E-8	2.601979E-3
8.295000E-8	2.524896E-3
8.300000E-8	2.422119E-3
8.305000E-8	2.290222E-3
8.310000E-8	2.154899E-3
8.315000E-8	2.052122E-3
8.320000E-8	1.993882E-3
8.325000E-8	1.971614E-3
8.330000E-8	1.983605E-3
8.335000E-8	2.045271E-3
8.340000E-8	2.163464E-3
8.345000E-8	2.333046E-3
8.350000E-8	2.499202E-3
8.355000E-8	2.619109E-3
8.360000E-8	2.694478E-3
8.365000E-8	2.751006E-3
8.370000E-8	2.771561E-3
8.375000E-8	2.730451E-3
8.380000E-8	2.634526E-3
8.385000E-8	2.521471E-3
8.390000E-8	2.413555E-3
8.395000E-8	2.317630E-3
8.400000E-8	2.240548E-3
8.405000E-8	2.189159E-3
8.410000E-8	2.142909E-3
8.415000E-8	2.115502E-3
8.420000E-8	2.127493E-3
8.425000E-8	2.178881E-3
8.430000E-8	2.247399E-3
8.435000E-8	2.302213E-3
8.440000E-8	2.357027E-3
8.445000E-8	2.418693E-3
8.450000E-8	2.476934E-3
8.455000E-8	2.533461E-3
8.460000E-8	2.605405E-3
8.465000E-8	2.691052E-3
8.470000E-8	2.756144E-3
8.475000E-8	2.807533E-3
8.480000E-8	2.860634E-3
8.485000E-8	2.886328E-3
8.490000E-8	2.889754E-3
8.495000E-8	2.927439E-3
8.500000E-8	2.985679E-3
8.505000E-8	3.009660E-3
8.510000E-8	3.006234E-3
8.515000E-8	2.990818E-3
8.520000E-8	2.953133E-3
8.525000E-8	2.924013E-3
8.530000E-8	2.901745E-3
8.535000E-8	2.852069E-3
8.540000E-8	2.817810E-3
8.545000E-8	2.843505E-3
8.550000E-8	2.894893E-3
8.555000E-8	2.942856E-3
8.560000E-8	3.035355E-3
8.565000E-8	3.168965E-3
8.570000E-8	3.290584E-3
8.575000E-8	3.417342E-3
8.580000E-8	3.571507E-3
8.585000E-8	3.698265E-3
8.590000E-8	3.777061E-3
8.595000E-8	3.843866E-3
8.600000E-8	3.869560E-3
8.605000E-8	3.837014E-3
8.610000E-8	3.758219E-3
8.615000E-8	3.655442E-3
8.620000E-8	3.525258E-3
8.625000E-8	3.362528E-3
8.630000E-8	3.170677E-3
8.635000E-8	2.973688E-3
8.640000E-8	2.802394E-3
8.645000E-8	2.651654E-3
8.650000E-8	2.512905E-3
8.655000E-8	2.423832E-3
8.660000E-8	2.418693E-3
8.665000E-8	2.478646E-3
8.670000E-8	2.554016E-3
8.675000E-8	2.646515E-3
8.680000E-8	2.761283E-3
8.685000E-8	2.893180E-3
8.690000E-8	3.004522E-3
8.695000E-8	3.078179E-3
8.700000E-8	3.132993E-3
8.705000E-8	3.172391E-3
8.710000E-8	3.162113E-3
8.715000E-8	3.079892E-3
8.720000E-8	2.975402E-3
8.725000E-8	2.884616E-3
8.730000E-8	2.788690E-3
8.735000E-8	2.677349E-3
8.740000E-8	2.588275E-3
8.745000E-8	2.557442E-3
8.750000E-8	2.545451E-3
8.755000E-8	2.540313E-3
8.760000E-8	2.566007E-3
8.765000E-8	2.627673E-3
8.770000E-8	2.701330E-3
8.775000E-8	2.754432E-3
8.780000E-8	2.776701E-3
8.785000E-8	2.768136E-3
8.790000E-8	2.732164E-3
8.795000E-8	2.663646E-3
8.800000E-8	2.555731E-3
8.805000E-8	2.399852E-3
8.810000E-8	2.233696E-3
8.815000E-8	2.105225E-3
8.820000E-8	2.023003E-3
8.825000E-8	1.969901E-3
8.830000E-8	1.935642E-3
8.835000E-8	1.940781E-3
8.840000E-8	1.997308E-3
8.845000E-8	2.103511E-3
8.850000E-8	2.238834E-3
8.855000E-8	2.369018E-3
8.860000E-8	2.511193E-3
8.865000E-8	2.696191E-3
8.870000E-8	2.881189E-3
8.875000E-8	2.987392E-3
8.880000E-8	3.047345E-3
8.885000E-8	3.126141E-3
8.890000E-8	3.165539E-3
8.895000E-8	3.098734E-3
8.900000E-8	2.992531E-3
8.905000E-8	2.924013E-3
8.910000E-8	2.838366E-3
8.915000E-8	2.730450E-3
8.920000E-8	2.670497E-3
8.925000E-8	2.649942E-3
8.930000E-8	2.617396E-3
8.935000E-8	2.617396E-3
8.940000E-8	2.699617E-3
8.945000E-8	2.783552E-3
8.950000E-8	2.846931E-3
8.955000E-8	2.937717E-3
8.960000E-8	3.057623E-3
8.965000E-8	3.179242E-3
8.970000E-8	3.300861E-3
8.975000E-8	3.419054E-3
8.980000E-8	3.496137E-3
8.985000E-8	3.528683E-3
8.990000E-8	3.535534E-3
8.995000E-8	3.513266E-3
9.000000E-8	3.475581E-3
9.005000E-8	3.443035E-3
9.010000E-8	3.389934E-3
9.015000E-8	3.294009E-3
9.020000E-8	3.196371E-3
9.025000E-8	3.110724E-3
9.030000E-8	2.992531E-3
9.035000E-8	2.843505E-3
9.040000E-8	2.732163E-3
9.045000E-8	2.665358E-3
9.050000E-8	2.595127E-3
9.055000E-8	2.540313E-3
9.060000E-8	2.524896E-3
9.065000E-8	2.519757E-3
9.070000E-8	2.516331E-3
9.075000E-8	2.542025E-3
9.080000E-8	2.584849E-3
9.085000E-8	2.632811E-3
9.090000E-8	2.696190E-3
9.095000E-8	2.762995E-3
9.100000E-8	2.822948E-3
9.105000E-8	2.867485E-3
9.110000E-8	2.903457E-3
9.115000E-8	2.932577E-3
9.120000E-8	2.946281E-3
9.125000E-8	2.936004E-3
9.130000E-8	2.901745E-3
9.135000E-8	2.865774E-3
9.140000E-8	2.857209E-3
9.145000E-8	2.876052E-3
9.150000E-8	2.874339E-3
9.155000E-8	2.836654E-3
9.160000E-8	2.812673E-3
9.165000E-8	2.816099E-3
9.170000E-8	2.780127E-3
9.175000E-8	2.682488E-3
9.180000E-8	2.600267E-3
9.185000E-8	2.554017E-3
9.190000E-8	2.495777E-3
9.195000E-8	2.435823E-3
9.200000E-8	2.408416E-3
9.205000E-8	2.394712E-3
9.210000E-8	2.355315E-3
9.215000E-8	2.339898E-3
9.220000E-8	2.387860E-3
9.225000E-8	2.478646E-3
9.230000E-8	2.571146E-3
9.235000E-8	2.663645E-3
9.240000E-8	2.771560E-3
9.245000E-8	2.917161E-3
9.250000E-8	3.059336E-3
9.255000E-8	3.180955E-3
9.260000E-8	3.290584E-3
9.265000E-8	3.377944E-3
9.270000E-8	3.420768E-3
9.275000E-8	3.437898E-3
9.280000E-8	3.458453E-3
9.285000E-8	3.484147E-3
9.290000E-8	3.484147E-3
9.295000E-8	3.473870E-3
9.300000E-8	3.465305E-3
9.305000E-8	3.458453E-3
9.310000E-8	3.460166E-3
9.315000E-8	3.458453E-3
9.320000E-8	3.431046E-3
9.325000E-8	3.379657E-3
9.330000E-8	3.302575E-3
9.335000E-8	3.186094E-3
9.340000E-8	3.042207E-3
9.345000E-8	2.930865E-3
9.350000E-8	2.838366E-3
9.355000E-8	2.713321E-3
9.360000E-8	2.577998E-3
9.365000E-8	2.488925E-3
9.370000E-8	2.432397E-3
9.375000E-8	2.374157E-3
9.380000E-8	2.345037E-3
9.385000E-8	2.379296E-3
9.390000E-8	2.452953E-3
9.395000E-8	2.542026E-3
9.400000E-8	2.639664E-3
9.405000E-8	2.718460E-3
9.410000E-8	2.742441E-3
9.415000E-8	2.725312E-3
9.420000E-8	2.689340E-3
9.425000E-8	2.610545E-3
9.430000E-8	2.499203E-3
9.435000E-8	2.393001E-3
9.440000E-8	2.315918E-3
9.445000E-8	2.235409E-3
9.450000E-8	2.165179E-3
9.455000E-8	2.117216E-3
9.460000E-8	2.091521E-3
9.465000E-8	2.112077E-3
9.470000E-8	2.194298E-3
9.475000E-8	2.329621E-3
9.480000E-8	2.473508E-3
9.485000E-8	2.610544E-3
9.490000E-8	2.730450E-3
9.495000E-8	2.805820E-3
9.500000E-8	2.805820E-3
9.505000E-8	2.754431E-3
9.510000E-8	2.677349E-3
9.515000E-8	2.576285E-3
9.520000E-8	2.439249E-3
9.525000E-8	2.321056E-3
9.530000E-8	2.242260E-3
9.535000E-8	2.180594E-3
9.540000E-8	2.137770E-3
9.545000E-8	2.154900E-3
9.550000E-8	2.219992E-3
9.555000E-8	2.279945E-3
9.560000E-8	2.341611E-3
9.565000E-8	2.408415E-3
9.570000E-8	2.432397E-3
9.575000E-8	2.423832E-3
9.580000E-8	2.432396E-3
9.585000E-8	2.420406E-3
9.590000E-8	2.358740E-3
9.595000E-8	2.297074E-3
9.600000E-8	2.271379E-3
9.605000E-8	2.271379E-3
9.610000E-8	2.317629E-3
9.615000E-8	2.413554E-3
9.620000E-8	2.559155E-3
9.625000E-8	2.764708E-3
9.630000E-8	3.006234E-3
9.635000E-8	3.218639E-3
9.640000E-8	3.403638E-3
9.645000E-8	3.583497E-3
9.650000E-8	3.682848E-3
9.655000E-8	3.660580E-3
9.660000E-8	3.609192E-3
9.665000E-8	3.542387E-3
9.670000E-8	3.372805E-3
9.675000E-8	3.121002E-3
9.680000E-8	2.865772E-3
9.685000E-8	2.605404E-3
9.690000E-8	2.322768E-3
9.695000E-8	2.089807E-3
9.700000E-8	1.939068E-3
9.705000E-8	1.855133E-3
9.710000E-8	1.855133E-3
9.715000E-8	1.940781E-3
9.720000E-8	2.050409E-3
9.725000E-8	2.175455E-3
9.730000E-8	2.321055E-3
9.735000E-8	2.458091E-3
9.740000E-8	2.576285E-3
9.745000E-8	2.694478E-3
9.750000E-8	2.783551E-3
9.755000E-8	2.800681E-3
9.760000E-8	2.769848E-3
9.765000E-8	2.737302E-3
9.770000E-8	2.692765E-3
9.775000E-8	2.636238E-3
9.780000E-8	2.595127E-3
9.785000E-8	2.588275E-3
9.790000E-8	2.577997E-3
9.795000E-8	2.583136E-3
9.800000E-8	2.643090E-3
9.805000E-8	2.740728E-3
9.810000E-8	2.819523E-3
9.815000E-8	2.879477E-3
9.820000E-8	2.941143E-3
9.825000E-8	2.968550E-3
9.830000E-8	2.936004E-3
9.835000E-8	2.896606E-3
9.840000E-8	2.901745E-3
9.845000E-8	2.908597E-3
9.850000E-8	2.884615E-3
9.855000E-8	2.879476E-3
9.860000E-8	2.910309E-3
9.865000E-8	2.939429E-3
9.870000E-8	2.958271E-3
9.875000E-8	2.992530E-3
9.880000E-8	3.057622E-3
9.885000E-8	3.129566E-3
9.890000E-8	3.179241E-3
9.895000E-8	3.211787E-3
9.900000E-8	3.237482E-3
9.905000E-8	3.251185E-3
9.910000E-8	3.240908E-3
9.915000E-8	3.206649E-3
9.920000E-8	3.143270E-3
9.925000E-8	3.085030E-3
9.930000E-8	3.037067E-3
9.935000E-8	2.989105E-3
9.940000E-8	2.963411E-3
9.945000E-8	2.977114E-3
9.950000E-8	2.985679E-3
9.955000E-8	2.958272E-3
9.960000E-8	2.951420E-3
9.965000E-8	2.978827E-3
9.970000E-8	2.995956E-3
9.975000E-8	2.994243E-3
9.980000E-8	3.006233E-3
9.985000E-8	3.031927E-3
9.990000E-8	3.038779E-3
9.995000E-8	3.007946E-3
1.000000E-7	2.947993E-3
1.000500E-7	2.896605E-3
1.001000E-7	2.855494E-3
1.001500E-7	2.797254E-3
1.002000E-7	2.733875E-3
1.002500E-7	2.697903E-3
1.003000E-7	2.658506E-3
1.003500E-7	2.617395E-3
1.004000E-7	2.584849E-3
1.004500E-7	2.531748E-3
1.005000E-7	2.452952E-3
1.005500E-7	2.415267E-3
1.006000E-7	2.439248E-3
1.006500E-7	2.480359E-3
1.007000E-7	2.536887E-3
1.007500E-7	2.613969E-3
1.008000E-7	2.682487E-3
1.008500E-7	2.762996E-3
1.009000E-7	2.865773E-3
1.009500E-7	2.934291E-3
1.010000E-7	2.970263E-3
1.010500E-7	3.028503E-3
1.011000E-7	3.078178E-3
1.011500E-7	3.081604E-3
1.012000E-7	3.090169E-3
1.012500E-7	3.098733E-3
1.013000E-7	3.043918E-3
1.013500E-7	2.963410E-3
1.014000E-7	2.927438E-3
1.014500E-7	2.913734E-3
1.015000E-7	2.865771E-3
1.015500E-7	2.798966E-3
1.016000E-7	2.742439E-3
1.016500E-7	2.706467E-3
1.017000E-7	2.706468E-3
1.017500E-7	2.735588E-3
1.018000E-7	2.759570E-3
1.018500E-7	2.774987E-3
1.019000E-7	2.807533E-3
1.019500E-7	2.853783E-3
1.020000E-7	2.903458E-3
1.020500E-7	2.949708E-3
1.021000E-7	2.982254E-3
1.021500E-7	3.006235E-3
1.022000E-7	3.054198E-3
1.022500E-7	3.114150E-3
1.023000E-7	3.144983E-3
1.023500E-7	3.153548E-3
1.024000E-7	3.203223E-3
1.024500E-7	3.278593E-3
1.025000E-7	3.336833E-3
1.025500E-7	3.393360E-3
1.026000E-7	3.460165E-3
1.026500E-7	3.511554E-3
1.027000E-7	3.535535E-3
1.027500E-7	3.549239E-3
1.028000E-7	3.533822E-3
1.028500E-7	3.492712E-3
1.029000E-7	3.441323E-3
1.029500E-7	3.379657E-3
1.030000E-7	3.297436E-3
1.030500E-7	3.223779E-3
1.031000E-7	3.167251E-3
1.031500E-7	3.090169E-3
1.032000E-7	3.009660E-3
1.032500E-7	2.963410E-3
1.033000E-7	2.924012E-3
1.033500E-7	2.870911E-3
1.034000E-7	2.860633E-3
1.034500E-7	2.893179E-3
1.035000E-7	2.906883E-3
1.035500E-7	2.886328E-3
1.036000E-7	2.877763E-3
1.036500E-7	2.913735E-3
1.037000E-7	2.961698E-3
1.037500E-7	2.990818E-3
1.038000E-7	3.016512E-3
1.038500E-7	3.059336E-3
1.039000E-7	3.093595E-3
1.039500E-7	3.088456E-3
1.040000E-7	3.093595E-3
1.040500E-7	3.134706E-3
1.041000E-7	3.160400E-3
1.041500E-7	3.167252E-3
1.042000E-7	3.204936E-3
1.042500E-7	3.242621E-3
1.043000E-7	3.210075E-3
1.043500E-7	3.115863E-3
1.044000E-7	3.030215E-3
1.044500E-7	2.961697E-3
1.045000E-7	2.869198E-3
1.045500E-7	2.761282E-3
1.046000E-7	2.649940E-3
1.046500E-7	2.566006E-3
1.047000E-7	2.519756E-3
1.047500E-7	2.512905E-3
1.048000E-7	2.530034E-3
1.048500E-7	2.567720E-3
1.049000E-7	2.619108E-3
1.049500E-7	2.691052E-3
1.050000E-7	2.771561E-3
1.050500E-7	2.833227E-3
1.051000E-7	2.862347E-3
1.051500E-7	2.869199E-3
1.052000E-7	2.850357E-3
1.052500E-7	2.793829E-3
1.053000E-7	2.703043E-3
1.053500E-7	2.603692E-3
1.054000E-7	2.514618E-3
1.054500E-7	2.454665E-3
1.055000E-7	2.432396E-3
1.055500E-7	2.439248E-3
1.056000E-7	2.490636E-3
1.056500E-7	2.603691E-3
1.057000E-7	2.733875E-3
1.057500E-7	2.848642E-3
1.058000E-7	2.966836E-3
1.058500E-7	3.093594E-3
1.059000E-7	3.187807E-3
1.059500E-7	3.215214E-3
1.060000E-7	3.191233E-3
1.060500E-7	3.143270E-3
1.061000E-7	3.078179E-3
1.061500E-7	2.975402E-3
1.062000E-7	2.857208E-3
1.062500E-7	2.764709E-3
1.063000E-7	2.713321E-3
1.063500E-7	2.665358E-3
1.064000E-7	2.634525E-3
1.064500E-7	2.680774E-3
1.065000E-7	2.780125E-3
1.065500E-7	2.870911E-3
1.066000E-7	2.966836E-3
1.066500E-7	3.086742E-3
1.067000E-7	3.192945E-3
1.067500E-7	3.247759E-3
1.068000E-7	3.287157E-3
1.068500E-7	3.323129E-3
1.069000E-7	3.311138E-3
1.069500E-7	3.213500E-3
1.070000E-7	3.066187E-3
1.070500E-7	2.918874E-3
1.071000E-7	2.756144E-3
1.071500E-7	2.560868E-3
1.072000E-7	2.377583E-3
1.072500E-7	2.264529E-3
1.073000E-7	2.187446E-3
1.073500E-7	2.108651E-3
1.074000E-7	2.069253E-3
1.074500E-7	2.096660E-3
1.075000E-7	2.156613E-3
1.075500E-7	2.214853E-3
1.076000E-7	2.276519E-3
1.076500E-7	2.339898E-3
1.077000E-7	2.392999E-3
1.077500E-7	2.454665E-3
1.078000E-7	2.521470E-3
1.078500E-7	2.559154E-3
1.079000E-7	2.557441E-3
1.079500E-7	2.531747E-3
1.080000E-7	2.480359E-3
1.080500E-7	2.403276E-3
1.081000E-7	2.321055E-3
1.081500E-7	2.250824E-3
1.082000E-7	2.211426E-3
1.082500E-7	2.204575E-3
1.083000E-7	2.225130E-3
1.083500E-7	2.278232E-3
1.084000E-7	2.372444E-3
1.084500E-7	2.502628E-3
1.085000E-7	2.658506E-3
1.085500E-7	2.845217E-3
1.086000E-7	3.055910E-3
1.086500E-7	3.256324E-3
1.087000E-7	3.424193E-3
1.087500E-7	3.569794E-3
1.088000E-7	3.648589E-3
1.088500E-7	3.629747E-3
1.089000E-7	3.540674E-3
1.089500E-7	3.419054E-3
1.090000E-7	3.237482E-3
1.090500E-7	3.025077E-3
1.091000E-7	2.845217E-3
1.091500E-7	2.716746E-3
1.092000E-7	2.636238E-3
1.092500E-7	2.605405E-3
1.093000E-7	2.627673E-3
1.093500E-7	2.696191E-3
1.094000E-7	2.831514E-3
1.094500E-7	3.006234E-3
1.095000E-7	3.136418E-3
1.095500E-7	3.230630E-3
1.096000E-7	3.348823E-3
1.096500E-7	3.419054E-3
1.097000E-7	3.365952E-3
1.097500E-7	3.258037E-3
1.098000E-7	3.162111E-3
1.098500E-7	3.025076E-3
1.099000E-7	2.855494E-3
1.099500E-7	2.699616E-3
1.100000E-7	2.555728E-3
1.100500E-7	2.440961E-3
1.101000E-7	2.389573E-3
1.101500E-7	2.350175E-3
1.102000E-7	2.293648E-3
1.102500E-7	2.274806E-3
1.103000E-7	2.293648E-3
1.103500E-7	2.297074E-3
1.104000E-7	2.279944E-3
1.104500E-7	2.279944E-3
1.105000E-7	2.266240E-3
1.105500E-7	2.223417E-3
1.106000E-7	2.196010E-3
1.106500E-7	2.211426E-3
1.107000E-7	2.254250E-3
1.107500E-7	2.319342E-3
1.108000E-7	2.415267E-3
1.108500E-7	2.536886E-3
1.109000E-7	2.656793E-3
1.109500E-7	2.768134E-3
1.110000E-7	2.882902E-3
1.110500E-7	3.014799E-3
1.111000E-7	3.124428E-3
1.111500E-7	3.187807E-3
1.112000E-7	3.218640E-3
1.112500E-7	3.222066E-3
1.113000E-7	3.175816E-3
1.113500E-7	3.110724E-3
1.114000E-7	3.054197E-3
1.114500E-7	2.992531E-3
1.115000E-7	2.920587E-3
1.115500E-7	2.836652E-3
1.116000E-7	2.764708E-3
1.116500E-7	2.732162E-3
1.117000E-7	2.718459E-3
1.117500E-7	2.673922E-3
1.118000E-7	2.631098E-3
1.118500E-7	2.644802E-3
1.119000E-7	2.675635E-3
1.119500E-7	2.679061E-3
1.120000E-7	2.658506E-3
1.120500E-7	2.627673E-3
1.121000E-7	2.591701E-3
1.121500E-7	2.550590E-3
1.122000E-7	2.494063E-3
1.122500E-7	2.410128E-3
1.123000E-7	2.341610E-3
1.123500E-7	2.285083E-3
1.124000E-7	2.218278E-3
1.124500E-7	2.163464E-3
1.125000E-7	2.141195E-3
1.125500E-7	2.127492E-3
1.126000E-7	2.148047E-3
1.126500E-7	2.219991E-3
1.127000E-7	2.297074E-3
1.127500E-7	2.358740E-3
1.128000E-7	2.435823E-3
1.128500E-7	2.530035E-3
1.129000E-7	2.613969E-3
1.129500E-7	2.692765E-3
1.130000E-7	2.781838E-3
1.130500E-7	2.877763E-3
1.131000E-7	2.968549E-3
1.131500E-7	3.045632E-3
1.132000E-7	3.107298E-3
1.132500E-7	3.155260E-3
1.133000E-7	3.201510E-3
1.133500E-7	3.234056E-3
1.134000E-7	3.249472E-3
1.134500E-7	3.237481E-3
1.135000E-7	3.194657E-3
1.135500E-7	3.148408E-3
1.136000E-7	3.117575E-3
1.136500E-7	3.093593E-3
1.137000E-7	3.064473E-3
1.137500E-7	3.040492E-3
1.138000E-7	3.031927E-3
1.138500E-7	3.055909E-3
1.139000E-7	3.085029E-3
1.139500E-7	3.076465E-3
1.140000E-7	3.035354E-3
1.140500E-7	2.987392E-3
1.141000E-7	2.917161E-3
1.141500E-7	2.816098E-3
1.142000E-7	2.715034E-3
1.142500E-7	2.622535E-3
1.143000E-7	2.530036E-3
1.143500E-7	2.478647E-3
1.144000E-7	2.464943E-3
1.144500E-7	2.475221E-3
1.145000E-7	2.516331E-3
1.145500E-7	2.574571E-3
1.146000E-7	2.634524E-3
1.146500E-7	2.697903E-3
1.147000E-7	2.744152E-3
1.147500E-7	2.744152E-3
1.148000E-7	2.716745E-3
1.148500E-7	2.692764E-3
1.149000E-7	2.648228E-3
1.149500E-7	2.550590E-3
1.150000E-7	2.439248E-3
1.150500E-7	2.362166E-3
1.151000E-7	2.317629E-3
1.151500E-7	2.315916E-3
1.152000E-7	2.365592E-3
1.152500E-7	2.452952E-3
1.153000E-7	2.547164E-3
1.153500E-7	2.646515E-3
1.154000E-7	2.747579E-3
1.154500E-7	2.824661E-3
1.155000E-7	2.829800E-3
1.155500E-7	2.776699E-3
1.156000E-7	2.701329E-3
1.156500E-7	2.596840E-3
1.157000E-7	2.458091E-3
1.157500E-7	2.307352E-3
1.158000E-7	2.154899E-3
1.158500E-7	2.011012E-3
1.159000E-7	1.918512E-3
1.159500E-7	1.896244E-3
1.160000E-7	1.937355E-3
1.160500E-7	2.040132E-3
1.161000E-7	2.201149E-3
1.161500E-7	2.379295E-3
1.162000E-7	2.576284E-3
1.162500E-7	2.768134E-3
1.163000E-7	2.891467E-3
1.163500E-7	2.973688E-3
1.164000E-7	3.071326E-3
1.164500E-7	3.115862E-3
1.165000E-7	3.037067E-3
1.165500E-7	2.922299E-3
1.166000E-7	2.819522E-3
1.166500E-7	2.703041E-3
1.167000E-7	2.610542E-3
1.167500E-7	2.581422E-3
1.168000E-7	2.588274E-3
1.168500E-7	2.615681E-3
1.169000E-7	2.704754E-3
1.169500E-7	2.812670E-3
1.170000E-7	2.908595E-3
1.170500E-7	3.013085E-3
1.171000E-7	3.117575E-3
1.171500E-7	3.198084E-3
1.172000E-7	3.275166E-3
1.172500E-7	3.328268E-3
1.173000E-7	3.309426E-3
1.173500E-7	3.263176E-3
1.174000E-7	3.240908E-3
1.174500E-7	3.194658E-3
1.175000E-7	3.105585E-3
1.175500E-7	3.019937E-3
1.176000E-7	2.959984E-3
1.176500E-7	2.925725E-3
1.177000E-7	2.922299E-3
1.177500E-7	2.932577E-3
1.178000E-7	2.937716E-3
1.178500E-7	2.975401E-3
1.179000E-7	3.043919E-3
1.179500E-7	3.098733E-3
1.180000E-7	3.148409E-3
1.180500E-7	3.208362E-3
1.181000E-7	3.251186E-3
1.181500E-7	3.251186E-3
1.182000E-7	3.246047E-3
1.182500E-7	3.242621E-3
1.183000E-7	3.203223E-3
1.183500E-7	3.160399E-3
1.184000E-7	3.136418E-3
1.184500E-7	3.098733E-3
1.185000E-7	3.035354E-3
1.185500E-7	2.966836E-3
1.186000E-7	2.903457E-3
1.186500E-7	2.829800E-3
1.187000E-7	2.757856E-3
1.187500E-7	2.680774E-3
1.188000E-7	2.576284E-3
1.188500E-7	2.468368E-3
1.189000E-7	2.363879E-3
1.189500E-7	2.252537E-3
1.190000E-7	2.168603E-3
1.190500E-7	2.142909E-3
1.191000E-7	2.122354E-3
1.191500E-7	2.091521E-3
1.192000E-7	2.112076E-3
1.192500E-7	2.189158E-3
1.193000E-7	2.291935E-3
1.193500E-7	2.427258E-3
1.194000E-7	2.576284E-3
1.194500E-7	2.692764E-3
1.195000E-7	2.778411E-3
1.195500E-7	2.870911E-3
1.196000E-7	2.936002E-3
1.196500E-7	2.930863E-3
1.197000E-7	2.891466E-3
1.197500E-7	2.828087E-3
1.198000E-7	2.716745E-3
1.198500E-7	2.583135E-3
1.199000E-7	2.461516E-3
1.199500E-7	2.341610E-3
1.200000E-7	2.233694E-3
1.200500E-7	2.192583E-3
1.201000E-7	2.221703E-3
1.201500E-7	2.274805E-3
1.202000E-7	2.353600E-3
1.202500E-7	2.466655E-3
1.203000E-7	2.601977E-3
1.203500E-7	2.723597E-3
1.204000E-7	2.828086E-3
1.204500E-7	2.932576E-3
1.205000E-7	3.030214E-3
1.205500E-7	3.083316E-3
1.206000E-7	3.090168E-3
1.206500E-7	3.076464E-3
1.207000E-7	3.050770E-3
1.207500E-7	2.966836E-3
1.208000E-7	2.838365E-3
1.208500E-7	2.730449E-3
1.209000E-7	2.649941E-3
1.209500E-7	2.569432E-3
1.210000E-7	2.509479E-3
1.210500E-7	2.490637E-3
1.211000E-7	2.494063E-3
1.211500E-7	2.492350E-3
1.212000E-7	2.509479E-3
1.212500E-7	2.550590E-3
1.213000E-7	2.600266E-3
1.213500E-7	2.636238E-3
1.214000E-7	2.648228E-3
1.214500E-7	2.639664E-3
1.215000E-7	2.629386E-3
1.215500E-7	2.627673E-3
1.216000E-7	2.641377E-3
1.216500E-7	2.670497E-3
1.217000E-7	2.718460E-3
1.217500E-7	2.757858E-3
1.218000E-7	2.771561E-3
1.218500E-7	2.761283E-3
1.219000E-7	2.766422E-3
1.219500E-7	2.790403E-3
1.220000E-7	2.805820E-3
1.220500E-7	2.807533E-3
1.221000E-7	2.838366E-3
1.221500E-7	2.879476E-3
1.222000E-7	2.872625E-3
1.222500E-7	2.841792E-3
1.223000E-7	2.833227E-3
1.223500E-7	2.824662E-3
1.224000E-7	2.790403E-3
1.224500E-7	2.768135E-3
1.225000E-7	2.749292E-3
1.225500E-7	2.716746E-3
1.226000E-7	2.685913E-3
1.226500E-7	2.656793E-3
1.227000E-7	2.593414E-3
1.227500E-7	2.506053E-3
1.228000E-7	2.439248E-3
1.228500E-7	2.394712E-3
1.229000E-7	2.360453E-3
1.229500E-7	2.331333E-3
1.230000E-7	2.305638E-3
1.230500E-7	2.288509E-3
1.231000E-7	2.288509E-3
1.231500E-7	2.297073E-3
1.232000E-7	2.329619E-3
1.232500E-7	2.392998E-3
1.233000E-7	2.464942E-3
1.233500E-7	2.535173E-3
1.234000E-7	2.624246E-3
1.234500E-7	2.732162E-3
1.235000E-7	2.831513E-3
1.235500E-7	2.918873E-3
1.236000E-7	3.013085E-3
1.236500E-7	3.119288E-3
1.237000E-7	3.215213E-3
1.237500E-7	3.278592E-3
1.238000E-7	3.311139E-3
1.238500E-7	3.328268E-3
1.239000E-7	3.329981E-3
1.239500E-7	3.300862E-3
1.240000E-7	3.251186E-3
1.240500E-7	3.204937E-3
1.241000E-7	3.158687E-3
1.241500E-7	3.114151E-3
1.242000E-7	3.093595E-3
1.242500E-7	3.085030E-3
1.243000E-7	3.042207E-3
1.243500E-7	2.978827E-3
1.244000E-7	2.946281E-3
1.244500E-7	2.912022E-3
1.245000E-7	2.845217E-3
1.245500E-7	2.776699E-3
1.246000E-7	2.723597E-3
1.246500E-7	2.679061E-3
1.247000E-7	2.637950E-3
1.247500E-7	2.624246E-3
1.248000E-7	2.644802E-3
1.248500E-7	2.704755E-3
1.249000E-7	2.797254E-3
1.249500E-7	2.908596E-3
1.250000E-7	3.019938E-3
1.250500E-7	3.107298E-3
1.251000E-7	3.186094E-3
1.251500E-7	3.254612E-3
1.252000E-7	3.302574E-3
1.252500E-7	3.302574E-3
1.253000E-7	3.252899E-3
1.253500E-7	3.168965E-3
1.254000E-7	3.081604E-3
1.254500E-7	2.982253E-3
1.255000E-7	2.850356E-3
1.255500E-7	2.723598E-3
1.256000E-7	2.632812E-3
1.256500E-7	2.538600E-3
1.257000E-7	2.439249E-3
1.257500E-7	2.375870E-3
1.258000E-7	2.333046E-3
1.258500E-7	2.281657E-3
1.259000E-7	2.261101E-3
1.259500E-7	2.307351E-3
1.260000E-7	2.377582E-3
1.260500E-7	2.434109E-3
1.261000E-7	2.476932E-3
1.261500E-7	2.528321E-3
1.262000E-7	2.595126E-3
1.262500E-7	2.658505E-3
1.263000E-7	2.704755E-3
1.263500E-7	2.751004E-3
1.264000E-7	2.804106E-3
1.264500E-7	2.841791E-3
1.265000E-7	2.857207E-3
1.265500E-7	2.884614E-3
1.266000E-7	2.894892E-3
1.266500E-7	2.862346E-3
1.267000E-7	2.816097E-3
1.267500E-7	2.762996E-3
1.268000E-7	2.689339E-3
1.268500E-7	2.589988E-3
1.269000E-7	2.459804E-3
1.269500E-7	2.305639E-3
1.270000E-7	2.177168E-3
1.270500E-7	2.101798E-3
1.271000E-7	2.031567E-3
1.271500E-7	1.983605E-3
1.272000E-7	2.002447E-3
1.272500E-7	2.072678E-3
1.273000E-7	2.160038E-3
1.273500E-7	2.278232E-3
1.274000E-7	2.425545E-3
1.274500E-7	2.569433E-3
1.275000E-7	2.725311E-3
1.275500E-7	2.896606E-3
1.276000E-7	3.043919E-3
1.276500E-7	3.167252E-3
1.277000E-7	3.294010E-3
1.277500E-7	3.403638E-3
1.278000E-7	3.461878E-3
1.278500E-7	3.492711E-3
1.279000E-7	3.521831E-3
1.279500E-7	3.520118E-3
1.280000E-7	3.485859E-3
1.280500E-7	3.465303E-3
1.281000E-7	3.446461E-3
1.281500E-7	3.417341E-3
1.282000E-7	3.400211E-3
1.282500E-7	3.384794E-3
1.283000E-7	3.317989E-3
1.283500E-7	3.213500E-3
1.284000E-7	3.121001E-3
1.284500E-7	3.037066E-3
1.285000E-7	2.918873E-3
1.285500E-7	2.795541E-3
1.286000E-7	2.706468E-3
1.286500E-7	2.648228E-3
1.287000E-7	2.610543E-3
1.287500E-7	2.557442E-3
1.288000E-7	2.495776E-3
1.288500E-7	2.473508E-3
1.289000E-7	2.497489E-3
1.289500E-7	2.507767E-3
1.290000E-7	2.514619E-3
1.290500E-7	2.548878E-3
1.291000E-7	2.596840E-3
1.291500E-7	2.639664E-3
1.292000E-7	2.699617E-3
1.292500E-7	2.773274E-3
1.293000E-7	2.829801E-3
1.293500E-7	2.865773E-3
1.294000E-7	2.882902E-3
1.294500E-7	2.874338E-3
1.295000E-7	2.855495E-3
1.295500E-7	2.836653E-3
1.296000E-7	2.792116E-3
1.296500E-7	2.703043E-3
1.297000E-7	2.605405E-3
1.297500E-7	2.523183E-3
1.298000E-7	2.446101E-3
1.298500E-7	2.398138E-3
1.299000E-7	2.379296E-3
1.299500E-7	2.375870E-3
1.300000E-7	2.401564E-3
1.300500E-7	2.468370E-3
1.301000E-7	2.535175E-3
1.301500E-7	2.588276E-3
1.302000E-7	2.668785E-3
1.302500E-7	2.757858E-3
1.303000E-7	2.798969E-3
1.303500E-7	2.807533E-3
1.304000E-7	2.855496E-3
1.304500E-7	2.934291E-3
1.305000E-7	2.978828E-3
1.305500E-7	2.983967E-3
1.306000E-7	2.977115E-3
1.306500E-7	2.968550E-3
1.307000E-7	2.956559E-3
1.307500E-7	2.937716E-3
1.308000E-7	2.925725E-3
1.308500E-7	2.927438E-3
1.309000E-7	2.934289E-3
1.309500E-7	2.937715E-3
1.310000E-7	2.966835E-3
1.310500E-7	3.007946E-3
1.311000E-7	3.018224E-3
1.311500E-7	3.002807E-3
1.312000E-7	3.031927E-3
1.312500E-7	3.059335E-3
1.313000E-7	3.019937E-3
1.313500E-7	2.975400E-3
1.314000E-7	2.990817E-3
1.314500E-7	3.004520E-3
1.315000E-7	2.983965E-3
1.315500E-7	2.997669E-3
1.316000E-7	3.090168E-3
1.316500E-7	3.203222E-3
1.317000E-7	3.294008E-3
1.317500E-7	3.365952E-3
1.318000E-7	3.444748E-3
1.318500E-7	3.520117E-3
1.319000E-7	3.552663E-3
1.319500E-7	3.528682E-3
1.320000E-7	3.465303E-3
1.320500E-7	3.384795E-3
1.321000E-7	3.278592E-3
1.321500E-7	3.162112E-3
1.322000E-7	3.033641E-3
1.322500E-7	2.898318E-3
1.323000E-7	2.771560E-3
1.323500E-7	2.655080E-3
1.324000E-7	2.571145E-3
1.324500E-7	2.523183E-3
1.325000E-7	2.497489E-3
1.325500E-7	2.488924E-3
1.326000E-7	2.516331E-3
1.326500E-7	2.547164E-3
1.327000E-7	2.555729E-3
1.327500E-7	2.554016E-3
1.328000E-7	2.547164E-3
1.328500E-7	2.528322E-3
1.329000E-7	2.533460E-3
1.329500E-7	2.554016E-3
1.330000E-7	2.540312E-3
1.330500E-7	2.502627E-3
1.331000E-7	2.476933E-3
1.331500E-7	2.451238E-3
1.332000E-7	2.449525E-3
1.332500E-7	2.507765E-3
1.333000E-7	2.579709E-3
1.333500E-7	2.605403E-3
1.334000E-7	2.634523E-3
1.334500E-7	2.704754E-3
1.335000E-7	2.776698E-3
1.335500E-7	2.829799E-3
1.336000E-7	2.896605E-3
1.336500E-7	2.987391E-3
1.337000E-7	3.085029E-3
1.337500E-7	3.179242E-3
1.338000E-7	3.249473E-3
1.338500E-7	3.300861E-3
1.339000E-7	3.355676E-3
1.339500E-7	3.383083E-3
1.340000E-7	3.355676E-3
1.340500E-7	3.299149E-3
1.341000E-7	3.244334E-3
1.341500E-7	3.167251E-3
1.342000E-7	3.073039E-3
1.342500E-7	2.994243E-3
1.343000E-7	2.927438E-3
1.343500E-7	2.858920E-3
1.344000E-7	2.833226E-3
1.344500E-7	2.872623E-3
1.345000E-7	2.930864E-3
1.345500E-7	2.990817E-3
1.346000E-7	3.076464E-3
1.346500E-7	3.170677E-3
1.347000E-7	3.220353E-3
1.347500E-7	3.232343E-3
1.348000E-7	3.242621E-3
1.348500E-7	3.223779E-3
1.349000E-7	3.150123E-3
1.349500E-7	3.035356E-3
1.350000E-7	2.905172E-3
1.350500E-7	2.766423E-3
1.351000E-7	2.646517E-3
1.351500E-7	2.550591E-3
1.352000E-7	2.485499E-3
1.352500E-7	2.464944E-3
1.353000E-7	2.487212E-3
1.353500E-7	2.518045E-3
1.354000E-7	2.547165E-3
1.354500E-7	2.577997E-3
1.355000E-7	2.605404E-3
1.355500E-7	2.634524E-3
1.356000E-7	2.687626E-3
1.356500E-7	2.742440E-3
1.357000E-7	2.757857E-3
1.357500E-7	2.740727E-3
1.358000E-7	2.721885E-3
1.358500E-7	2.704755E-3
1.359000E-7	2.684200E-3
1.359500E-7	2.675635E-3
1.360000E-7	2.689339E-3
1.360500E-7	2.721885E-3
1.361000E-7	2.761283E-3
1.361500E-7	2.798968E-3
1.362000E-7	2.845217E-3
1.362500E-7	2.910309E-3
1.363000E-7	2.959984E-3
1.363500E-7	2.977114E-3
1.364000E-7	2.970262E-3
1.364500E-7	2.936003E-3
1.365000E-7	2.860634E-3
1.365500E-7	2.764709E-3
1.366000E-7	2.670497E-3
1.366500E-7	2.571146E-3
1.367000E-7	2.454665E-3
1.367500E-7	2.341611E-3
1.368000E-7	2.257676E-3
1.368500E-7	2.201149E-3
1.369000E-7	2.170316E-3
1.369500E-7	2.166890E-3
1.370000E-7	2.208001E-3
1.370500E-7	2.285084E-3
1.371000E-7	2.370731E-3
1.371500E-7	2.442675E-3
1.372000E-7	2.504341E-3
1.372500E-7	2.567720E-3
1.373000E-7	2.607117E-3
1.373500E-7	2.595127E-3
1.374000E-7	2.559155E-3
1.374500E-7	2.519757E-3
1.375000E-7	2.432396E-3
1.375500E-7	2.309064E-3
1.376000E-7	2.237120E-3
1.376500E-7	2.235407E-3
1.377000E-7	2.261101E-3
1.377500E-7	2.312490E-3
1.378000E-7	2.430683E-3
1.378500E-7	2.574571E-3
1.379000E-7	2.703043E-3
1.379500E-7	2.829801E-3
1.380000E-7	2.982253E-3
1.380500E-7	3.115864E-3
1.381000E-7	3.208363E-3
1.381500E-7	3.240909E-3
1.382000E-7	3.223779E-3
1.382500E-7	3.162113E-3
1.383000E-7	3.064475E-3
1.383500E-7	2.949707E-3
1.384000E-7	2.834940E-3
1.384500E-7	2.739014E-3
1.385000E-7	2.660219E-3
1.385500E-7	2.596839E-3
1.386000E-7	2.554016E-3
1.386500E-7	2.538599E-3
1.387000E-7	2.535173E-3
1.387500E-7	2.533460E-3
1.388000E-7	2.540312E-3
1.388500E-7	2.557441E-3
1.389000E-7	2.574571E-3
1.389500E-7	2.564293E-3
1.390000E-7	2.526609E-3
1.390500E-7	2.476933E-3
1.391000E-7	2.423832E-3
1.391500E-7	2.384434E-3
1.392000E-7	2.391286E-3
1.392500E-7	2.437536E-3
1.393000E-7	2.495776E-3
1.393500E-7	2.562581E-3
1.394000E-7	2.655080E-3
1.394500E-7	2.752718E-3
1.395000E-7	2.828088E-3
1.395500E-7	2.876050E-3
1.396000E-7	2.891467E-3
1.396500E-7	2.881189E-3
1.397000E-7	2.848643E-3
1.397500E-7	2.783551E-3
1.398000E-7	2.685913E-3
1.398500E-7	2.591701E-3
1.399000E-7	2.516331E-3
1.399500E-7	2.452952E-3
1.400000E-7	2.399851E-3
1.400500E-7	2.377582E-3
1.401000E-7	2.391286E-3
1.401500E-7	2.432396E-3
1.402000E-7	2.518043E-3
1.402500E-7	2.637949E-3
1.403000E-7	2.749290E-3
1.403500E-7	2.846928E-3
1.404000E-7	2.944566E-3
1.404500E-7	3.028500E-3
1.405000E-7	3.057621E-3
1.405500E-7	3.076463E-3
1.406000E-7	3.100445E-3
1.406500E-7	3.083316E-3
1.407000E-7	3.016511E-3
1.407500E-7	2.963410E-3
1.408000E-7	2.913735E-3
1.408500E-7	2.822949E-3
1.409000E-7	2.742440E-3
1.409500E-7	2.703043E-3
1.410000E-7	2.684200E-3
1.410500E-7	2.680774E-3
1.411000E-7	2.713320E-3
1.411500E-7	2.740727E-3
1.412000E-7	2.752718E-3
1.412500E-7	2.814384E-3
1.413000E-7	2.912022E-3
1.413500E-7	2.973688E-3
1.414000E-7	2.987392E-3
1.414500E-7	3.014799E-3
1.415000E-7	3.031929E-3
1.415500E-7	2.987392E-3
1.416000E-7	2.908597E-3
1.416500E-7	2.836653E-3
1.417000E-7	2.751005E-3
1.417500E-7	2.646516E-3
1.418000E-7	2.566007E-3
1.418500E-7	2.538600E-3
1.419000E-7	2.554016E-3
1.419500E-7	2.601978E-3
1.420000E-7	2.668783E-3
1.420500E-7	2.754430E-3
1.421000E-7	2.848642E-3
1.421500E-7	2.966836E-3
1.422000E-7	3.064474E-3
1.422500E-7	3.122714E-3
1.423000E-7	3.143269E-3
1.423500E-7	3.129566E-3
1.424000E-7	3.079891E-3
1.424500E-7	3.013086E-3
1.425000E-7	2.937716E-3
1.425500E-7	2.829801E-3
1.426000E-7	2.720172E-3
1.426500E-7	2.643089E-3
1.427000E-7	2.564294E-3
1.427500E-7	2.466656E-3
1.428000E-7	2.430684E-3
1.428500E-7	2.468369E-3
1.429000E-7	2.468369E-3
1.429500E-7	2.432397E-3
1.430000E-7	2.459804E-3
1.430500E-7	2.516331E-3
1.431000E-7	2.514618E-3
1.431500E-7	2.504340E-3
1.432000E-7	2.545451E-3
1.432500E-7	2.574571E-3
1.433000E-7	2.548877E-3
1.433500E-7	2.535173E-3
1.434000E-7	2.577997E-3
1.434500E-7	2.625960E-3
1.435000E-7	2.661932E-3
1.435500E-7	2.730450E-3
1.436000E-7	2.829801E-3
1.436500E-7	2.925726E-3
1.437000E-7	3.011373E-3
1.437500E-7	3.098734E-3
1.438000E-7	3.177529E-3
1.438500E-7	3.216927E-3
1.439000E-7	3.210075E-3
1.439500E-7	3.175816E-3
1.440000E-7	3.124427E-3
1.440500E-7	3.021650E-3
1.441000E-7	2.903457E-3
1.441500E-7	2.802393E-3
1.442000E-7	2.706468E-3
1.442500E-7	2.624246E-3
1.443000E-7	2.605404E-3
1.443500E-7	2.651654E-3
1.444000E-7	2.703042E-3
1.444500E-7	2.747579E-3
1.445000E-7	2.824662E-3
1.445500E-7	2.905170E-3
1.446000E-7	2.949707E-3
1.446500E-7	2.982252E-3
1.447000E-7	3.009659E-3
1.447500E-7	2.994243E-3
1.448000E-7	2.958271E-3
1.448500E-7	2.936002E-3
1.449000E-7	2.898318E-3
1.449500E-7	2.824661E-3
1.450000E-7	2.762995E-3
1.450500E-7	2.730449E-3
1.451000E-7	2.692764E-3
1.451500E-7	2.651654E-3
1.452000E-7	2.619108E-3
1.452500E-7	2.586562E-3
1.453000E-7	2.543738E-3
1.453500E-7	2.518044E-3
1.454000E-7	2.507766E-3
1.454500E-7	2.480359E-3
1.455000E-7	2.437536E-3
1.455500E-7	2.392999E-3
1.456000E-7	2.353601E-3
1.456500E-7	2.315916E-3
1.457000E-7	2.274805E-3
1.457500E-7	2.219991E-3
1.458000E-7	2.165177E-3
1.458500E-7	2.118927E-3
1.459000E-7	2.064113E-3
1.459500E-7	2.011011E-3
1.460000E-7	1.983604E-3
1.460500E-7	1.976752E-3
1.461000E-7	1.969900E-3
1.461500E-7	1.973326E-3
1.462000E-7	2.000733E-3
1.462500E-7	2.064112E-3
1.463000E-7	2.156612E-3
1.463500E-7	2.247398E-3
1.464000E-7	2.339897E-3
1.464500E-7	2.427258E-3
1.465000E-7	2.473507E-3
1.465500E-7	2.464943E-3
1.466000E-7	2.432397E-3
1.466500E-7	2.389573E-3
1.467000E-7	2.324481E-3
1.467500E-7	2.243973E-3
1.468000E-7	2.177168E-3
1.468500E-7	2.130918E-3
1.469000E-7	2.106937E-3
1.469500E-7	2.127492E-3
1.470000E-7	2.197723E-3
1.470500E-7	2.329620E-3
1.471000E-7	2.511192E-3
1.471500E-7	2.677348E-3
1.472000E-7	2.838365E-3
1.472500E-7	3.040493E-3
1.473000E-7	3.230630E-3
1.473500E-7	3.347110E-3
1.474000E-7	3.422480E-3
1.474500E-7	3.504702E-3
1.475000E-7	3.518405E-3
1.475500E-7	3.472156E-3
1.476000E-7	3.460165E-3
1.476500E-7	3.463591E-3
1.477000E-7	3.436184E-3
1.477500E-7	3.419055E-3
1.478000E-7	3.432758E-3
1.478500E-7	3.429332E-3
1.479000E-7	3.405351E-3
1.479500E-7	3.384795E-3
1.480000E-7	3.364240E-3
1.480500E-7	3.347110E-3
1.481000E-7	3.343684E-3
1.481500E-7	3.347110E-3
1.482000E-7	3.328268E-3
1.482500E-7	3.292296E-3
1.483000E-7	3.261463E-3
1.483500E-7	3.235768E-3
1.484000E-7	3.223778E-3
1.484500E-7	3.230629E-3
1.485000E-7	3.247759E-3
1.485500E-7	3.268314E-3
1.486000E-7	3.295721E-3
1.486500E-7	3.336831E-3
1.487000E-7	3.357387E-3
1.487500E-7	3.328266E-3
1.488000E-7	3.263174E-3
1.488500E-7	3.170675E-3
1.489000E-7	3.066186E-3
1.489500E-7	2.953131E-3
1.490000E-7	2.826374E-3
1.490500E-7	2.696190E-3
1.491000E-7	2.571145E-3
1.491500E-7	2.449526E-3
1.492000E-7	2.336472E-3
1.492500E-7	2.261103E-3
1.493000E-7	2.225131E-3
1.493500E-7	2.219992E-3
1.494000E-7	2.276520E-3
1.494500E-7	2.401565E-3
1.495000E-7	2.542026E-3
1.495500E-7	2.672210E-3
1.496000E-7	2.788690E-3
1.496500E-7	2.865773E-3
1.497000E-7	2.894893E-3
1.497500E-7	2.910310E-3
1.498000E-7	2.893180E-3
1.498500E-7	2.809246E-3
1.499000E-7	2.689340E-3
1.499500E-7	2.571146E-3
1.500000E-7	2.461518E-3
1.500500E-7	2.369019E-3
1.501000E-7	2.309065E-3
1.501500E-7	2.279945E-3
1.502000E-7	2.300501E-3
1.502500E-7	2.384435E-3
1.503000E-7	2.490637E-3
1.503500E-7	2.600266E-3
1.504000E-7	2.733876E-3
1.504500E-7	2.896605E-3
1.505000E-7	3.028502E-3
1.505500E-7	3.129566E-3
1.506000E-7	3.216926E-3
1.506500E-7	3.263176E-3
1.507000E-7	3.273454E-3
1.507500E-7	3.252898E-3
1.508000E-7	3.213501E-3
1.508500E-7	3.158686E-3
1.509000E-7	3.081604E-3
1.509500E-7	2.982253E-3
1.510000E-7	2.920587E-3
1.510500E-7	2.915448E-3
1.511000E-7	2.874337E-3
1.511500E-7	2.788690E-3
1.512000E-7	2.768134E-3
1.512500E-7	2.792116E-3
1.513000E-7	2.783551E-3
1.513500E-7	2.778412E-3
1.514000E-7	2.840078E-3
1.514500E-7	2.903457E-3
1.515000E-7	2.936003E-3
1.515500E-7	2.954846E-3
1.516000E-7	2.946281E-3
1.516500E-7	2.912022E-3
1.517000E-7	2.870911E-3
1.517500E-7	2.802393E-3
1.518000E-7	2.708181E-3
1.518500E-7	2.641376E-3
1.519000E-7	2.566007E-3
1.519500E-7	2.452952E-3
1.520000E-7	2.381008E-3
1.520500E-7	2.369018E-3
1.521000E-7	2.338185E-3
1.521500E-7	2.307352E-3
1.522000E-7	2.357027E-3
1.522500E-7	2.449526E-3
1.523000E-7	2.519757E-3
1.523500E-7	2.625959E-3
1.524000E-7	2.788689E-3
1.524500E-7	2.932577E-3
1.525000E-7	3.033640E-3
1.525500E-7	3.138130E-3
1.526000E-7	3.222064E-3
1.526500E-7	3.268314E-3
1.527000E-7	3.290582E-3
1.527500E-7	3.302573E-3
1.528000E-7	3.300860E-3
1.528500E-7	3.266601E-3
1.529000E-7	3.177528E-3
1.529500E-7	3.071325E-3
1.530000E-7	2.999382E-3
1.530500E-7	2.951419E-3
1.531000E-7	2.888040E-3
1.531500E-7	2.828087E-3
1.532000E-7	2.810957E-3
1.532500E-7	2.814383E-3
1.533000E-7	2.809244E-3
1.533500E-7	2.781837E-3
1.534000E-7	2.728736E-3
1.534500E-7	2.648227E-3
1.535000E-7	2.543738E-3
1.535500E-7	2.428970E-3
1.536000E-7	2.324480E-3
1.536500E-7	2.250824E-3
1.537000E-7	2.197722E-3
1.537500E-7	2.161750E-3
1.538000E-7	2.153186E-3
1.538500E-7	2.184019E-3
1.539000E-7	2.235407E-3
1.539500E-7	2.295360E-3
1.540000E-7	2.394711E-3
1.540500E-7	2.518043E-3
1.541000E-7	2.607117E-3
1.541500E-7	2.651654E-3
1.542000E-7	2.687626E-3
1.542500E-7	2.689339E-3
1.543000E-7	2.620821E-3
1.543500E-7	2.524896E-3
1.544000E-7	2.461517E-3
1.544500E-7	2.427258E-3
1.545000E-7	2.415267E-3
1.545500E-7	2.442674E-3
1.546000E-7	2.490637E-3
1.546500E-7	2.535173E-3
1.547000E-7	2.576284E-3
1.547500E-7	2.637949E-3
1.548000E-7	2.715032E-3
1.548500E-7	2.785263E-3
1.549000E-7	2.817809E-3
1.549500E-7	2.810957E-3
1.550000E-7	2.785263E-3
1.550500E-7	2.744152E-3
1.551000E-7	2.656792E-3
1.551500E-7	2.523182E-3
1.552000E-7	2.401563E-3
1.552500E-7	2.339897E-3
1.553000E-7	2.300500E-3
1.553500E-7	2.255963E-3
1.554000E-7	2.225130E-3
1.554500E-7	2.221704E-3
1.555000E-7	2.219991E-3
1.555500E-7	2.230269E-3
1.556000E-7	2.291935E-3
1.556500E-7	2.394711E-3
1.557000E-7	2.485498E-3
1.557500E-7	2.577997E-3
1.558000E-7	2.687625E-3
1.558500E-7	2.771559E-3
1.559000E-7	2.800680E-3
1.559500E-7	2.826374E-3
1.560000E-7	2.858920E-3
1.560500E-7	2.867484E-3
1.561000E-7	2.831513E-3
1.561500E-7	2.768134E-3
1.562000E-7	2.711606E-3
1.562500E-7	2.673922E-3
1.563000E-7	2.639663E-3
1.563500E-7	2.577996E-3
1.564000E-7	2.507766E-3
1.564500E-7	2.473507E-3
1.565000E-7	2.483784E-3
1.565500E-7	2.490636E-3
1.566000E-7	2.488923E-3
1.566500E-7	2.509479E-3
1.567000E-7	2.547164E-3
1.567500E-7	2.562581E-3
1.568000E-7	2.581423E-3
1.568500E-7	2.636237E-3
1.569000E-7	2.697904E-3
1.569500E-7	2.735588E-3
1.570000E-7	2.804106E-3
1.570500E-7	2.927438E-3
1.571000E-7	3.037067E-3
1.571500E-7	3.114150E-3
1.572000E-7	3.210075E-3
1.572500E-7	3.319703E-3
1.573000E-7	3.386508E-3
1.573500E-7	3.408777E-3
1.574000E-7	3.407064E-3
1.574500E-7	3.359101E-3
1.575000E-7	3.273454E-3
1.575500E-7	3.167251E-3
1.576000E-7	3.033641E-3
1.576500E-7	2.879476E-3
1.577000E-7	2.751005E-3
1.577500E-7	2.656792E-3
1.578000E-7	2.596839E-3
1.578500E-7	2.586561E-3
1.579000E-7	2.607117E-3
1.579500E-7	2.651653E-3
1.580000E-7	2.740726E-3
1.580500E-7	2.848642E-3
1.581000E-7	2.947993E-3
1.581500E-7	3.076465E-3
1.582000E-7	3.225491E-3
1.582500E-7	3.300861E-3
1.583000E-7	3.290583E-3
1.583500E-7	3.234056E-3
1.584000E-7	3.129566E-3
1.584500E-7	2.990817E-3
1.585000E-7	2.874337E-3
1.585500E-7	2.761282E-3
1.586000E-7	2.595126E-3
1.586500E-7	2.447812E-3
1.587000E-7	2.360452E-3
1.587500E-7	2.285082E-3
1.588000E-7	2.214852E-3
1.588500E-7	2.194297E-3
1.589000E-7	2.211426E-3
1.589500E-7	2.233695E-3
1.590000E-7	2.309065E-3
1.590500E-7	2.425545E-3
1.591000E-7	2.514618E-3
1.591500E-7	2.574572E-3
1.592000E-7	2.624247E-3
1.592500E-7	2.639663E-3
1.593000E-7	2.608830E-3
1.593500E-7	2.555729E-3
1.594000E-7	2.473507E-3
1.594500E-7	2.338184E-3
1.595000E-7	2.206287E-3
1.595500E-7	2.108649E-3
1.596000E-7	2.019576E-3
1.596500E-7	1.956197E-3
1.597000E-7	1.952771E-3
1.597500E-7	2.023002E-3
1.598000E-7	2.142909E-3
1.598500E-7	2.286796E-3
1.599000E-7	2.447813E-3
1.599500E-7	2.631099E-3
1.600000E-7	2.836652E-3
1.600500E-7	3.037067E-3
1.601000E-7	3.198084E-3
1.601500E-7	3.299148E-3
1.602000E-7	3.348823E-3
1.602500E-7	3.353962E-3
1.603000E-7	3.326555E-3
1.603500E-7	3.263176E-3
1.604000E-7	3.179241E-3
1.604500E-7	3.081603E-3
1.605000E-7	2.995956E-3
1.605500E-7	2.910309E-3
1.606000E-7	2.826374E-3
1.606500E-7	2.793829E-3
1.607000E-7	2.793829E-3
1.607500E-7	2.773273E-3
1.608000E-7	2.749292E-3
1.608500E-7	2.780125E-3
1.609000E-7	2.828088E-3
1.609500E-7	2.833227E-3
1.610000E-7	2.840079E-3
1.610500E-7	2.888041E-3
1.611000E-7	2.920587E-3
1.611500E-7	2.910309E-3
1.612000E-7	2.912022E-3
1.612500E-7	2.929152E-3
1.613000E-7	2.932578E-3
1.613500E-7	2.901744E-3
1.614000E-7	2.843504E-3
1.614500E-7	2.766421E-3
1.615000E-7	2.685913E-3
1.615500E-7	2.589988E-3
1.616000E-7	2.482072E-3
1.616500E-7	2.386147E-3
1.617000E-7	2.326194E-3
1.617500E-7	2.271379E-3
1.618000E-7	2.214852E-3
1.618500E-7	2.175454E-3
1.619000E-7	2.146334E-3
1.619500E-7	2.124066E-3
1.620000E-7	2.137769E-3
1.620500E-7	2.182306E-3
1.621000E-7	2.196010E-3
1.621500E-7	2.184019E-3
1.622000E-7	2.197722E-3
1.622500E-7	2.223416E-3
1.623000E-7	2.237120E-3
1.623500E-7	2.249110E-3
1.624000E-7	2.274804E-3
1.624500E-7	2.307350E-3
1.625000E-7	2.346748E-3
1.625500E-7	2.403275E-3
1.626000E-7	2.461515E-3
1.626500E-7	2.523182E-3
1.627000E-7	2.586561E-3
1.627500E-7	2.629385E-3
1.628000E-7	2.651653E-3
1.628500E-7	2.672209E-3
1.629000E-7	2.685912E-3
1.629500E-7	2.670496E-3
1.630000E-7	2.660218E-3
1.630500E-7	2.677348E-3
1.631000E-7	2.689339E-3
1.631500E-7	2.689339E-3
1.632000E-7	2.713320E-3
1.632500E-7	2.749292E-3
1.633000E-7	2.759570E-3
1.633500E-7	2.744153E-3
1.634000E-7	2.737301E-3
1.634500E-7	2.737301E-3
1.635000E-7	2.742440E-3
1.635500E-7	2.739014E-3
1.636000E-7	2.692764E-3
1.636500E-7	2.607117E-3
1.637000E-7	2.516330E-3
1.637500E-7	2.420405E-3
1.638000E-7	2.314202E-3
1.638500E-7	2.219990E-3
1.639000E-7	2.132630E-3
1.639500E-7	2.055548E-3
1.640000E-7	2.002446E-3
1.640500E-7	1.980178E-3
1.641000E-7	1.980178E-3
1.641500E-7	2.021289E-3
1.642000E-7	2.139483E-3
1.642500E-7	2.310778E-3
1.643000E-7	2.475221E-3
1.643500E-7	2.620821E-3
1.644000E-7	2.792116E-3
1.644500E-7	2.989105E-3
1.645000E-7	3.139844E-3
1.645500E-7	3.215213E-3
1.646000E-7	3.266602E-3
1.646500E-7	3.288870E-3
1.647000E-7	3.232343E-3
1.647500E-7	3.103872E-3
1.648000E-7	2.966836E-3
1.648500E-7	2.817810E-3
1.649000E-7	2.627673E-3
1.649500E-7	2.452952E-3
1.650000E-7	2.329620E-3
1.650500E-7	2.221704E-3
1.651000E-7	2.108650E-3
1.651500E-7	2.016150E-3
1.652000E-7	1.971614E-3
1.652500E-7	1.963049E-3
1.653000E-7	1.964762E-3
1.653500E-7	1.988743E-3
1.654000E-7	2.045270E-3
1.654500E-7	2.122353E-3
1.655000E-7	2.204574E-3
1.655500E-7	2.279944E-3
1.656000E-7	2.363878E-3
1.656500E-7	2.442674E-3
1.657000E-7	2.480359E-3
1.657500E-7	2.512905E-3
1.658000E-7	2.569432E-3
1.658500E-7	2.631098E-3
1.659000E-7	2.649941E-3
1.659500E-7	2.663644E-3
1.660000E-7	2.692764E-3
1.660500E-7	2.723597E-3
1.661000E-7	2.732162E-3
1.661500E-7	2.749291E-3
1.662000E-7	2.795541E-3
1.662500E-7	2.848642E-3
1.663000E-7	2.881188E-3
1.663500E-7	2.924011E-3
1.664000E-7	2.983964E-3
1.664500E-7	3.030214E-3
1.665000E-7	3.031927E-3
1.665500E-7	2.995955E-3
1.666000E-7	2.953132E-3
1.666500E-7	2.894892E-3
1.667000E-7	2.785263E-3
1.667500E-7	2.653367E-3
1.668000E-7	2.554016E-3
1.668500E-7	2.480360E-3
1.669000E-7	2.391287E-3
1.669500E-7	2.315917E-3
1.670000E-7	2.293649E-3
1.670500E-7	2.312491E-3
1.671000E-7	2.334759E-3
1.671500E-7	2.382721E-3
1.672000E-7	2.468368E-3
1.672500E-7	2.579709E-3
1.673000E-7	2.677347E-3
1.673500E-7	2.756143E-3
1.674000E-7	2.850355E-3
1.674500E-7	2.956557E-3
1.675000E-7	3.026788E-3
1.675500E-7	3.052483E-3
1.676000E-7	3.069612E-3
1.676500E-7	3.109010E-3
1.677000E-7	3.134704E-3
1.677500E-7	3.114149E-3
1.678000E-7	3.076464E-3
1.678500E-7	3.059335E-3
1.679000E-7	3.025076E-3
1.679500E-7	2.930864E-3
1.680000E-7	2.831513E-3
1.680500E-7	2.751005E-3
1.681000E-7	2.643089E-3
1.681500E-7	2.523183E-3
1.682000E-7	2.449527E-3
1.682500E-7	2.415268E-3
1.683000E-7	2.382722E-3
1.683500E-7	2.398139E-3
1.684000E-7	2.485499E-3
1.684500E-7	2.588276E-3
1.685000E-7	2.699617E-3
1.685500E-7	2.860634E-3
1.686000E-7	3.045632E-3
1.686500E-7	3.186094E-3
1.687000E-7	3.287157E-3
1.687500E-7	3.367666E-3
1.688000E-7	3.407063E-3
1.688500E-7	3.401924E-3
1.689000E-7	3.371091E-3
1.689500E-7	3.312851E-3
1.690000E-7	3.240907E-3
1.690500E-7	3.165538E-3
1.691000E-7	3.076465E-3
1.691500E-7	2.983966E-3
1.692000E-7	2.927439E-3
1.692500E-7	2.918874E-3
1.693000E-7	2.942855E-3
1.693500E-7	3.013086E-3
1.694000E-7	3.107298E-3
1.694500E-7	3.177529E-3
1.695000E-7	3.237482E-3
1.695500E-7	3.312851E-3
1.696000E-7	3.338545E-3
1.696500E-7	3.280304E-3
1.697000E-7	3.199796E-3
1.697500E-7	3.122713E-3
1.698000E-7	3.001094E-3
1.698500E-7	2.840077E-3
1.699000E-7	2.682486E-3
1.699500E-7	2.523182E-3
1.700000E-7	2.351887E-3
1.700500E-7	2.216565E-3
1.701000E-7	2.115501E-3
1.701500E-7	2.053835E-3
1.702000E-7	2.034993E-3
1.702500E-7	2.069252E-3
1.703000E-7	2.130918E-3
1.703500E-7	2.204575E-3
1.704000E-7	2.293648E-3
1.704500E-7	2.394711E-3
1.705000E-7	2.488923E-3
1.705500E-7	2.564293E-3
1.706000E-7	2.603691E-3
1.706500E-7	2.617394E-3
1.707000E-7	2.615682E-3
1.707500E-7	2.586562E-3
1.708000E-7	2.538599E-3
1.708500E-7	2.482072E-3
1.709000E-7	2.396425E-3
1.709500E-7	2.302213E-3
1.710000E-7	2.255964E-3
1.710500E-7	2.237122E-3
1.711000E-7	2.202863E-3
1.711500E-7	2.204575E-3
1.712000E-7	2.281658E-3
1.712500E-7	2.381009E-3
1.713000E-7	2.480359E-3
1.713500E-7	2.615682E-3
1.714000E-7	2.769847E-3
1.714500E-7	2.910308E-3
1.715000E-7	3.057621E-3
1.715500E-7	3.198083E-3
1.716000E-7	3.283730E-3
1.716500E-7	3.343683E-3
1.717000E-7	3.405349E-3
1.717500E-7	3.415627E-3
1.718000E-7	3.355674E-3
1.718500E-7	3.297434E-3
1.719000E-7	3.218639E-3
1.719500E-7	3.083317E-3
1.720000E-7	2.961697E-3
1.720500E-7	2.888041E-3
1.721000E-7	2.773273E-3
1.721500E-7	2.668784E-3
1.722000E-7	2.677348E-3
1.722500E-7	2.749292E-3
1.723000E-7	2.786977E-3
1.723500E-7	2.852069E-3
1.724000E-7	2.971975E-3
1.724500E-7	3.076465E-3
1.725000E-7	3.143270E-3
1.725500E-7	3.213501E-3
1.726000E-7	3.259750E-3
1.726500E-7	3.275167E-3
1.727000E-7	3.273454E-3
1.727500E-7	3.251186E-3
1.728000E-7	3.203223E-3
1.728500E-7	3.172390E-3
1.729000E-7	3.138132E-3
1.729500E-7	3.073040E-3
1.730000E-7	3.035355E-3
1.730500E-7	3.043919E-3
1.731000E-7	3.045632E-3
1.731500E-7	3.061049E-3
1.732000E-7	3.109011E-3
1.732500E-7	3.129567E-3
1.733000E-7	3.098733E-3
1.733500E-7	3.071326E-3
1.734000E-7	3.050771E-3
1.734500E-7	2.997669E-3
1.735000E-7	2.941142E-3
1.735500E-7	2.908595E-3
1.736000E-7	2.872623E-3
1.736500E-7	2.845216E-3
1.737000E-7	2.838364E-3
1.737500E-7	2.824660E-3
1.738000E-7	2.788689E-3
1.738500E-7	2.781837E-3
1.739000E-7	2.778411E-3
1.739500E-7	2.737300E-3
1.740000E-7	2.699616E-3
1.740500E-7	2.709894E-3
1.741000E-7	2.691052E-3
1.741500E-7	2.617395E-3
1.742000E-7	2.557442E-3
1.742500E-7	2.535174E-3
1.743000E-7	2.502628E-3
1.743500E-7	2.452953E-3
1.744000E-7	2.403277E-3
1.744500E-7	2.339898E-3
1.745000E-7	2.261102E-3
1.745500E-7	2.190871E-3
1.746000E-7	2.113788E-3
1.746500E-7	2.046983E-3
1.747000E-7	2.038418E-3
1.747500E-7	2.076103E-3
1.748000E-7	2.124066E-3
1.748500E-7	2.219991E-3
1.749000E-7	2.357026E-3
1.749500E-7	2.483785E-3
1.750000E-7	2.608830E-3
1.750500E-7	2.757856E-3
1.751000E-7	2.894892E-3
1.751500E-7	2.949707E-3
1.752000E-7	2.932578E-3
1.752500E-7	2.877763E-3
1.753000E-7	2.795542E-3
1.753500E-7	2.687626E-3
1.754000E-7	2.567720E-3
1.754500E-7	2.458091E-3
1.755000E-7	2.365592E-3
1.755500E-7	2.295361E-3
1.756000E-7	2.237121E-3
1.756500E-7	2.204575E-3
1.757000E-7	2.206287E-3
1.757500E-7	2.228556E-3
1.758000E-7	2.276518E-3
1.758500E-7	2.355314E-3
1.759000E-7	2.439248E-3
1.759500E-7	2.523183E-3
1.760000E-7	2.624247E-3
1.760500E-7	2.730450E-3
1.761000E-7	2.819523E-3
1.761500E-7	2.905171E-3
1.762000E-7	2.997670E-3
1.762500E-7	3.069614E-3
1.763000E-7	3.103873E-3
1.763500E-7	3.114150E-3
1.764000E-7	3.093595E-3
1.764500E-7	3.043919E-3
1.765000E-7	3.004521E-3
1.765500E-7	2.973688E-3
1.766000E-7	2.932577E-3
1.766500E-7	2.896605E-3
1.767000E-7	2.898318E-3
1.767500E-7	2.929151E-3
1.768000E-7	2.965123E-3
1.768500E-7	3.019937E-3
1.769000E-7	3.090168E-3
1.769500E-7	3.138130E-3
1.770000E-7	3.144982E-3
1.770500E-7	3.114149E-3
1.771000E-7	3.042206E-3
1.771500E-7	2.936003E-3
1.772000E-7	2.829800E-3
1.772500E-7	2.742440E-3
1.773000E-7	2.661931E-3
1.773500E-7	2.589988E-3
1.774000E-7	2.545451E-3
1.774500E-7	2.545451E-3
1.775000E-7	2.595126E-3
1.775500E-7	2.653366E-3
1.776000E-7	2.715032E-3
1.776500E-7	2.788689E-3
1.777000E-7	2.857207E-3
1.777500E-7	2.889753E-3
1.778000E-7	2.893179E-3
1.778500E-7	2.876050E-3
1.779000E-7	2.810958E-3
1.779500E-7	2.694478E-3
1.780000E-7	2.579710E-3
1.780500E-7	2.487211E-3
1.781000E-7	2.398138E-3
1.781500E-7	2.322768E-3
1.782000E-7	2.300500E-3
1.782500E-7	2.319342E-3
1.783000E-7	2.353601E-3
1.783500E-7	2.423832E-3
1.784000E-7	2.538599E-3
1.784500E-7	2.685913E-3
1.785000E-7	2.819523E-3
1.785500E-7	2.893179E-3
1.786000E-7	2.924012E-3
1.786500E-7	2.963410E-3
1.787000E-7	2.992530E-3
1.787500E-7	2.970262E-3
1.788000E-7	2.917161E-3
1.788500E-7	2.855495E-3
1.789000E-7	2.771560E-3
1.789500E-7	2.672209E-3
1.790000E-7	2.600265E-3
1.790500E-7	2.571145E-3
1.791000E-7	2.588275E-3
1.791500E-7	2.656793E-3
1.792000E-7	2.776699E-3
1.792500E-7	2.936003E-3
1.793000E-7	3.119289E-3
1.793500E-7	3.285445E-3
1.794000E-7	3.420768E-3
1.794500E-7	3.526970E-3
1.795000E-7	3.598914E-3
1.795500E-7	3.609192E-3
1.796000E-7	3.549239E-3
1.796500E-7	3.451601E-3
1.797000E-7	3.302574E-3
1.797500E-7	3.110724E-3
1.798000E-7	2.930865E-3
1.798500E-7	2.774986E-3
1.799000E-7	2.620821E-3
1.799500E-7	2.507767E-3
1.800000E-7	2.464943E-3
1.800500E-7	2.437536E-3
1.801000E-7	2.418693E-3
1.801500E-7	2.459804E-3
1.802000E-7	2.554016E-3
1.802500E-7	2.619108E-3
1.803000E-7	2.661932E-3
1.803500E-7	2.739014E-3
1.804000E-7	2.824662E-3
1.804500E-7	2.870911E-3
1.805000E-7	2.903457E-3
1.805500E-7	2.925725E-3
1.806000E-7	2.936003E-3
1.806500E-7	2.953132E-3
1.807000E-7	2.992530E-3
1.807500E-7	3.033640E-3
1.808000E-7	3.069612E-3
1.808500E-7	3.103871E-3
1.809000E-7	3.136417E-3
1.809500E-7	3.163824E-3
1.810000E-7	3.184379E-3
1.810500E-7	3.180953E-3
1.811000E-7	3.131278E-3
1.811500E-7	3.050770E-3
1.812000E-7	2.983965E-3
1.812500E-7	2.929151E-3
1.813000E-7	2.848643E-3
1.813500E-7	2.747579E-3
1.814000E-7	2.687626E-3
1.814500E-7	2.668783E-3
1.815000E-7	2.656793E-3
1.815500E-7	2.665357E-3
1.816000E-7	2.703042E-3
1.816500E-7	2.768134E-3
1.817000E-7	2.848642E-3
1.817500E-7	2.936002E-3
1.818000E-7	2.989104E-3
1.818500E-7	3.007946E-3
1.819000E-7	3.001094E-3
1.819500E-7	2.937715E-3
1.820000E-7	2.810957E-3
1.820500E-7	2.667070E-3
1.821000E-7	2.540312E-3
1.821500E-7	2.415267E-3
1.822000E-7	2.305638E-3
1.822500E-7	2.238833E-3
1.823000E-7	2.196010E-3
1.823500E-7	2.153186E-3
1.824000E-7	2.144621E-3
1.824500E-7	2.214852E-3
1.825000E-7	2.331332E-3
1.825500E-7	2.430683E-3
1.826000E-7	2.528321E-3
1.826500E-7	2.665357E-3
1.827000E-7	2.795541E-3
1.827500E-7	2.860633E-3
1.828000E-7	2.881189E-3
1.828500E-7	2.900031E-3
1.829000E-7	2.876050E-3
1.829500E-7	2.792116E-3
1.830000E-7	2.697904E-3
1.830500E-7	2.627673E-3
1.831000E-7	2.547165E-3
1.831500E-7	2.454665E-3
1.832000E-7	2.404990E-3
1.832500E-7	2.406702E-3
1.833000E-7	2.420406E-3
1.833500E-7	2.440961E-3
1.834000E-7	2.500914E-3
1.834500E-7	2.595126E-3
1.835000E-7	2.679060E-3
1.835500E-7	2.744152E-3
1.836000E-7	2.826374E-3
1.836500E-7	2.924012E-3
1.837000E-7	2.987391E-3
1.837500E-7	2.987391E-3
1.838000E-7	2.961697E-3
1.838500E-7	2.946281E-3
1.839000E-7	2.910309E-3
1.839500E-7	2.836652E-3
1.840000E-7	2.757856E-3
1.840500E-7	2.701329E-3
1.841000E-7	2.632811E-3
1.841500E-7	2.545451E-3
1.842000E-7	2.478645E-3
1.842500E-7	2.440960E-3
1.843000E-7	2.422118E-3
1.843500E-7	2.423831E-3
1.844000E-7	2.456377E-3
1.844500E-7	2.528321E-3
1.845000E-7	2.637950E-3
1.845500E-7	2.764708E-3
1.846000E-7	2.889753E-3
1.846500E-7	3.013086E-3
1.847000E-7	3.144983E-3
1.847500E-7	3.259751E-3
1.848000E-7	3.364241E-3
1.848500E-7	3.467017E-3
1.849000E-7	3.530397E-3
1.849500E-7	3.549239E-3
1.850000E-7	3.588637E-3
1.850500E-7	3.646877E-3
1.851000E-7	3.670858E-3
1.851500E-7	3.664006E-3
1.852000E-7	3.681135E-3
1.852500E-7	3.691413E-3
1.853000E-7	3.628034E-3
1.853500E-7	3.513266E-3
1.854000E-7	3.383082E-3
1.854500E-7	3.240907E-3
1.855000E-7	3.076465E-3
1.855500E-7	2.879476E-3
1.856000E-7	2.679061E-3
1.856500E-7	2.523183E-3
1.857000E-7	2.418693E-3
1.857500E-7	2.351888E-3
1.858000E-7	2.351888E-3
1.858500E-7	2.411841E-3
1.859000E-7	2.478646E-3
1.859500E-7	2.559154E-3
1.860000E-7	2.701329E-3
1.860500E-7	2.836651E-3
1.861000E-7	2.910308E-3
1.861500E-7	2.947993E-3
1.862000E-7	2.995956E-3
1.862500E-7	3.033641E-3
1.863000E-7	3.047344E-3
1.863500E-7	3.035354E-3
1.864000E-7	3.021650E-3
1.864500E-7	3.030215E-3
1.865000E-7	3.042206E-3
1.865500E-7	3.052484E-3
1.866000E-7	3.085030E-3
1.866500E-7	3.131280E-3
1.867000E-7	3.119289E-3
1.867500E-7	3.040493E-3
1.868000E-7	2.951420E-3
1.868500E-7	2.845217E-3
1.869000E-7	2.685913E-3
1.869500E-7	2.518044E-3
1.870000E-7	2.377582E-3
1.870500E-7	2.228556E-3
1.871000E-7	2.069252E-3
1.871500E-7	1.944206E-3
1.872000E-7	1.870549E-3
1.872500E-7	1.848281E-3
1.873000E-7	1.882540E-3
1.873500E-7	1.980178E-3
1.874000E-7	2.122352E-3
1.874500E-7	2.297073E-3
1.875000E-7	2.497488E-3
1.875500E-7	2.692764E-3
1.876000E-7	2.870911E-3
1.876500E-7	3.031928E-3
1.877000E-7	3.167251E-3
1.877500E-7	3.252899E-3
1.878000E-7	3.282019E-3
1.878500E-7	3.266602E-3
1.879000E-7	3.203223E-3
1.879500E-7	3.095307E-3
1.880000E-7	2.966836E-3
1.880500E-7	2.841791E-3
1.881000E-7	2.733875E-3
1.881500E-7	2.653367E-3
1.882000E-7	2.593413E-3
1.882500E-7	2.562580E-3
1.883000E-7	2.560867E-3
1.883500E-7	2.571145E-3
1.884000E-7	2.593414E-3
1.884500E-7	2.660219E-3
1.885000E-7	2.761283E-3
1.885500E-7	2.829800E-3
1.886000E-7	2.889754E-3
1.886500E-7	2.980540E-3
1.887000E-7	3.057622E-3
1.887500E-7	3.066187E-3
1.888000E-7	3.052484E-3
1.888500E-7	3.054196E-3
1.889000E-7	3.013086E-3
1.889500E-7	2.936003E-3
1.890000E-7	2.888040E-3
1.890500E-7	2.857207E-3
1.891000E-7	2.826374E-3
1.891500E-7	2.812671E-3
1.892000E-7	2.814384E-3
1.892500E-7	2.797254E-3
1.893000E-7	2.786976E-3
1.893500E-7	2.776699E-3
1.894000E-7	2.742440E-3
1.894500E-7	2.704755E-3
1.895000E-7	2.680773E-3
1.895500E-7	2.632811E-3
1.896000E-7	2.559154E-3
1.896500E-7	2.509478E-3
1.897000E-7	2.485497E-3
1.897500E-7	2.446099E-3
1.898000E-7	2.439248E-3
1.898500E-7	2.478646E-3
1.899000E-7	2.514618E-3
1.899500E-7	2.559154E-3
1.900000E-7	2.636237E-3
1.900500E-7	2.716746E-3
1.901000E-7	2.752718E-3
1.901500E-7	2.754431E-3
1.902000E-7	2.754431E-3
1.902500E-7	2.745866E-3
1.903000E-7	2.720171E-3
1.903500E-7	2.699616E-3
1.904000E-7	2.687625E-3
1.904500E-7	2.682486E-3
1.905000E-7	2.687625E-3
1.905500E-7	2.699616E-3
1.906000E-7	2.737300E-3
1.906500E-7	2.838364E-3
1.907000E-7	2.980539E-3
1.907500E-7	3.100445E-3
1.908000E-7	3.191232E-3
1.908500E-7	3.273453E-3
1.909000E-7	3.323129E-3
1.909500E-7	3.302574E-3
1.910000E-7	3.251185E-3
1.910500E-7	3.192945E-3
1.911000E-7	3.112437E-3
1.911500E-7	3.002808E-3
1.912000E-7	2.886328E-3
1.912500E-7	2.761282E-3
1.913000E-7	2.665357E-3
1.913500E-7	2.624246E-3
1.914000E-7	2.631098E-3
1.914500E-7	2.670496E-3
1.915000E-7	2.742440E-3
1.915500E-7	2.795541E-3
1.916000E-7	2.833226E-3
1.916500E-7	2.888041E-3
1.917000E-7	2.941142E-3
1.917500E-7	2.925726E-3
1.918000E-7	2.850357E-3
1.918500E-7	2.737302E-3
1.919000E-7	2.577998E-3
1.919500E-7	2.381009E-3
1.920000E-7	2.192585E-3
1.920500E-7	2.026429E-3
1.921000E-7	1.861986E-3
1.921500E-7	1.731801E-3
1.922000E-7	1.654719E-3
1.922500E-7	1.651292E-3
1.923000E-7	1.723236E-3
1.923500E-7	1.851707E-3
1.924000E-7	2.016150E-3
1.924500E-7	2.216564E-3
1.925000E-7	2.458090E-3
1.925500E-7	2.703042E-3
1.926000E-7	2.934290E-3
1.926500E-7	3.129566E-3
1.927000E-7	3.275167E-3
1.927500E-7	3.365953E-3
1.928000E-7	3.401925E-3
1.928500E-7	3.353962E-3
1.929000E-7	3.239195E-3
1.929500E-7	3.102159E-3
1.930000E-7	2.951419E-3
1.930500E-7	2.790402E-3
1.931000E-7	2.622533E-3
1.931500E-7	2.454664E-3
1.932000E-7	2.315915E-3
1.932500E-7	2.235407E-3
1.933000E-7	2.204574E-3
1.933500E-7	2.170315E-3
1.934000E-7	2.166889E-3
1.934500E-7	2.242259E-3
1.935000E-7	2.355314E-3
1.935500E-7	2.439249E-3
1.936000E-7	2.507767E-3
1.936500E-7	2.607118E-3
1.937000E-7	2.706468E-3
1.937500E-7	2.790403E-3
1.938000E-7	2.872624E-3
1.938500E-7	2.973688E-3
1.939000E-7	3.057622E-3
1.939500E-7	3.138130E-3
1.940000E-7	3.249472E-3
1.940500E-7	3.341971E-3
1.941000E-7	3.364239E-3
1.941500E-7	3.364240E-3
1.942000E-7	3.365953E-3
1.942500E-7	3.314565E-3
1.943000E-7	3.201510E-3
1.943500E-7	3.088456E-3
1.944000E-7	2.999383E-3
1.944500E-7	2.906884E-3
1.945000E-7	2.843505E-3
1.945500E-7	2.805820E-3
1.946000E-7	2.785265E-3
1.946500E-7	2.802394E-3
1.947000E-7	2.872625E-3
1.947500E-7	2.947995E-3
1.948000E-7	3.014800E-3
1.948500E-7	3.095308E-3
1.949000E-7	3.156974E-3
1.949500E-7	3.175816E-3
1.950000E-7	3.201510E-3
1.950500E-7	3.256324E-3
1.951000E-7	3.285444E-3
1.951500E-7	3.275166E-3
1.952000E-7	3.268315E-3
1.952500E-7	3.285444E-3
1.953000E-7	3.317990E-3
1.953500E-7	3.365953E-3
1.954000E-7	3.412202E-3
1.954500E-7	3.437896E-3
1.955000E-7	3.444748E-3
1.955500E-7	3.434470E-3
1.956000E-7	3.431044E-3
1.956500E-7	3.412202E-3
1.957000E-7	3.360814E-3
1.957500E-7	3.297434E-3
1.958000E-7	3.247759E-3
1.958500E-7	3.186093E-3
1.959000E-7	3.086742E-3
1.959500E-7	2.975400E-3
1.960000E-7	2.886327E-3
1.960500E-7	2.804106E-3
1.961000E-7	2.735588E-3
1.961500E-7	2.680774E-3
1.962000E-7	2.643089E-3
1.962500E-7	2.613969E-3
1.963000E-7	2.605404E-3
1.963500E-7	2.608830E-3
1.964000E-7	2.617395E-3
1.964500E-7	2.629386E-3
1.965000E-7	2.649941E-3
1.965500E-7	2.675635E-3
1.966000E-7	2.716746E-3
1.966500E-7	2.751004E-3
1.967000E-7	2.735588E-3
1.967500E-7	2.665357E-3
1.968000E-7	2.601978E-3
1.968500E-7	2.574571E-3
1.969000E-7	2.543738E-3
1.969500E-7	2.512905E-3
1.970000E-7	2.538599E-3
1.970500E-7	2.600265E-3
1.971000E-7	2.639663E-3
1.971500E-7	2.656793E-3
1.972000E-7	2.691052E-3
1.972500E-7	2.747579E-3
1.973000E-7	2.800681E-3
1.973500E-7	2.848643E-3
1.974000E-7	2.872625E-3
1.974500E-7	2.903458E-3
1.975000E-7	2.959985E-3
1.975500E-7	3.009660E-3
1.976000E-7	3.030215E-3
1.976500E-7	3.059335E-3
1.977000E-7	3.121001E-3
1.977500E-7	3.175816E-3
1.978000E-7	3.220352E-3
1.978500E-7	3.258037E-3
1.979000E-7	3.252898E-3
1.979500E-7	3.199797E-3
1.980000E-7	3.121002E-3
1.980500E-7	3.026790E-3
1.981000E-7	2.912022E-3
1.981500E-7	2.792116E-3
1.982000E-7	2.649942E-3
1.982500E-7	2.504341E-3
1.983000E-7	2.401564E-3
1.983500E-7	2.336472E-3
1.984000E-7	2.293648E-3
1.984500E-7	2.319342E-3
1.985000E-7	2.401563E-3
1.985500E-7	2.471794E-3
1.986000E-7	2.531747E-3
1.986500E-7	2.632811E-3
1.987000E-7	2.718458E-3
1.987500E-7	2.739014E-3
1.988000E-7	2.759569E-3
1.988500E-7	2.780125E-3
1.989000E-7	2.732162E-3
1.989500E-7	2.653367E-3
1.990000E-7	2.627673E-3
1.990500E-7	2.613969E-3
1.991000E-7	2.566007E-3
1.991500E-7	2.545451E-3
1.992000E-7	2.571145E-3
1.992500E-7	2.581423E-3
1.993000E-7	2.560867E-3
1.993500E-7	2.576284E-3
1.994000E-7	2.629385E-3
1.994500E-7	2.680773E-3
1.995000E-7	2.749291E-3
1.995500E-7	2.822948E-3
1.996000E-7	2.855494E-3
1.996500E-7	2.867484E-3
1.997000E-7	2.894892E-3
1.997500E-7	2.894892E-3
1.998000E-7	2.865772E-3
1.998500E-7	2.853781E-3
1.999000E-7	2.855494E-3
1.999500E-7	2.824661E-3
2.000000E-7	2.819522E-3
