Study Name	Tungsten_Kyocera
Sample Name	2024-02-05
Run Name	spot03
Operator	Angus+Samantha
Date	2/5/2024
Time	16:26
Sign	FIX
Grating Spacing	03.40um
Channel	3
Number Traces	10000
Files in Batch	1
Batch Number	139
dt	50.000001E-12
time stamp (ms)	6:50:27 PM
	
Time	Amplitude
0.000000E+0	7.468529E-4
5.000000E-11	7.023163E-4
1.000000E-10	6.577796E-4
1.500000E-10	6.457890E-4
2.000000E-10	6.149558E-4
2.500000E-10	5.961134E-4
3.000000E-10	6.509276E-4
3.500000E-10	7.468526E-4
4.000000E-10	8.462035E-4
4.500000E-10	9.781004E-4
5.000000E-10	1.128840E-3
5.500000E-10	1.253885E-3
6.000000E-10	1.348097E-3
6.500000E-10	1.397772E-3
7.000000E-10	1.382356E-3
7.500000E-10	1.313838E-3
8.000000E-10	1.212774E-3
8.500000E-10	1.074025E-3
9.000000E-10	9.112946E-4
9.500000E-10	7.588423E-4
1.000000E-9	6.252324E-4
1.050000E-9	5.138909E-4
1.100000E-9	4.419472E-4
1.150000E-9	4.196791E-4
1.200000E-9	4.436605E-4
1.250000E-9	5.036138E-4
1.300000E-9	5.824095E-4
1.350000E-9	6.492145E-4
1.400000E-9	7.040288E-4
1.450000E-9	7.656948E-4
1.500000E-9	8.342126E-4
1.550000E-9	8.890268E-4
1.600000E-9	9.232856E-4
1.650000E-9	9.643962E-4
1.700000E-9	1.010646E-3
1.750000E-9	1.058608E-3
1.800000E-9	1.118561E-3
1.850000E-9	1.178514E-3
1.900000E-9	1.221338E-3
1.950000E-9	1.260736E-3
2.000000E-9	1.303559E-3
2.050000E-9	1.325828E-3
2.100000E-9	1.318976E-3
2.150000E-9	1.298421E-3
2.200000E-9	1.276153E-3
2.250000E-9	1.235042E-3
2.300000E-9	1.168238E-3
2.350000E-9	1.108284E-3
2.400000E-9	1.077451E-3
2.450000E-9	1.084303E-3
2.500000E-9	1.118562E-3
2.550000E-9	1.161386E-3
2.600000E-9	1.207636E-3
2.650000E-9	1.262450E-3
2.700000E-9	1.317264E-3
2.750000E-9	1.361801E-3
2.800000E-9	1.409763E-3
2.850000E-9	1.447448E-3
2.900000E-9	1.457726E-3
2.950000E-9	1.454300E-3
3.000000E-9	1.471429E-3
3.050000E-9	1.500549E-3
3.100000E-9	1.502262E-3
3.150000E-9	1.473142E-3
3.200000E-9	1.437170E-3
3.250000E-9	1.389207E-3
3.300000E-9	1.317264E-3
3.350000E-9	1.217913E-3
3.400000E-9	1.113423E-3
3.450000E-9	1.019211E-3
3.500000E-9	9.369898E-4
3.550000E-9	8.359260E-4
3.600000E-9	7.605564E-4
3.650000E-9	7.571306E-4
3.700000E-9	8.085191E-4
3.750000E-9	8.924535E-4
3.800000E-9	1.020925E-3
3.850000E-9	1.188793E-3
3.900000E-9	1.342958E-3
3.950000E-9	1.483420E-3
4.000000E-9	1.606752E-3
4.050000E-9	1.664992E-3
4.100000E-9	1.649576E-3
4.150000E-9	1.610178E-3
4.200000E-9	1.536521E-3
4.250000E-9	1.392634E-3
4.300000E-9	1.212774E-3
4.350000E-9	1.038054E-3
4.400000E-9	8.581943E-4
4.450000E-9	6.886125E-4
4.500000E-9	5.806970E-4
4.550000E-9	5.430122E-4
4.600000E-9	5.447253E-4
4.650000E-9	5.875491E-4
4.700000E-9	6.560672E-4
4.750000E-9	7.211593E-4
4.800000E-9	7.862514E-4
4.850000E-9	8.496306E-4
4.900000E-9	8.736119E-4
4.950000E-9	8.650472E-4
5.000000E-9	8.496306E-4
5.050000E-9	8.170845E-4
5.100000E-9	7.451406E-4
5.150000E-9	6.714836E-4
5.200000E-9	6.389374E-4
5.250000E-9	6.286594E-4
5.300000E-9	6.320851E-4
5.350000E-9	6.594920E-4
5.400000E-9	7.211579E-4
5.450000E-9	7.965275E-4
5.500000E-9	8.496289E-4
5.550000E-9	8.787490E-4
5.600000E-9	9.147210E-4
5.650000E-9	9.626835E-4
5.700000E-9	9.643965E-4
5.750000E-9	9.164341E-4
5.800000E-9	8.787492E-4
5.850000E-9	8.564808E-4
5.900000E-9	8.290736E-4
5.950000E-9	8.342123E-4
6.000000E-9	8.838876E-4
6.050000E-9	9.369889E-4
6.100000E-9	9.986550E-4
6.150000E-9	1.106571E-3
6.200000E-9	1.231616E-3
6.250000E-9	1.330967E-3
6.300000E-9	1.406337E-3
6.350000E-9	1.450874E-3
6.400000E-9	1.440596E-3
6.450000E-9	1.397773E-3
6.500000E-9	1.330968E-3
6.550000E-9	1.235043E-3
6.600000E-9	1.149395E-3
6.650000E-9	1.108284E-3
6.700000E-9	1.067174E-3
6.750000E-9	1.038053E-3
6.800000E-9	1.048331E-3
6.850000E-9	1.077451E-3
6.900000E-9	1.092868E-3
6.950000E-9	1.123701E-3
7.000000E-9	1.169950E-3
7.050000E-9	1.181941E-3
7.100000E-9	1.173377E-3
7.150000E-9	1.169951E-3
7.200000E-9	1.154535E-3
7.250000E-9	1.118563E-3
7.300000E-9	1.086017E-3
7.350000E-9	1.068887E-3
7.400000E-9	1.067174E-3
7.450000E-9	1.068887E-3
7.500000E-9	1.056896E-3
7.550000E-9	1.053470E-3
7.600000E-9	1.087729E-3
7.650000E-9	1.115136E-3
7.700000E-9	1.111710E-3
7.750000E-9	1.108284E-3
7.800000E-9	1.142543E-3
7.850000E-9	1.199071E-3
7.900000E-9	1.265876E-3
7.950000E-9	1.329255E-3
8.000000E-9	1.372079E-3
8.050000E-9	1.385782E-3
8.100000E-9	1.396060E-3
8.150000E-9	1.408051E-3
8.200000E-9	1.396060E-3
8.250000E-9	1.358375E-3
8.300000E-9	1.336107E-3
8.350000E-9	1.334394E-3
8.400000E-9	1.303561E-3
8.450000E-9	1.238469E-3
8.500000E-9	1.183654E-3
8.550000E-9	1.151108E-3
8.600000E-9	1.120275E-3
8.650000E-9	1.094581E-3
8.700000E-9	1.079164E-3
8.750000E-9	1.067173E-3
8.800000E-9	1.038053E-3
8.850000E-9	9.935165E-4
8.900000E-9	9.592574E-4
8.950000E-9	9.506925E-4
9.000000E-9	9.369888E-4
9.050000E-9	8.890262E-4
9.100000E-9	8.427766E-4
9.150000E-9	8.324989E-4
9.200000E-9	8.050917E-4
9.250000E-9	7.674070E-4
9.300000E-9	7.776848E-4
9.350000E-9	8.205086E-4
9.400000E-9	8.427772E-4
9.450000E-9	8.530550E-4
9.500000E-9	8.770365E-4
9.550000E-9	8.856014E-4
9.600000E-9	8.770368E-4
9.650000E-9	8.787499E-4
9.700000E-9	8.667593E-4
9.750000E-9	8.307875E-4
9.800000E-9	8.033804E-4
9.850000E-9	7.674084E-4
9.900000E-9	7.125941E-4
9.950000E-9	6.731962E-4
1.000000E-8	6.731961E-4
1.005000E-8	6.954644E-4
1.010000E-8	7.417139E-4
1.015000E-8	8.102318E-4
1.020000E-8	9.027310E-4
1.025000E-8	1.014073E-3
1.030000E-8	1.135692E-3
1.035000E-8	1.212774E-3
1.040000E-8	1.250459E-3
1.045000E-8	1.291570E-3
1.050000E-8	1.322403E-3
1.055000E-8	1.293283E-3
1.060000E-8	1.247033E-3
1.065000E-8	1.212774E-3
1.070000E-8	1.161386E-3
1.075000E-8	1.075738E-3
1.080000E-8	1.005508E-3
1.085000E-8	9.592582E-4
1.090000E-8	9.232863E-4
1.095000E-8	8.856016E-4
1.100000E-8	8.581945E-4
1.105000E-8	8.564816E-4
1.110000E-8	8.856017E-4
1.115000E-8	9.164347E-4
1.120000E-8	9.164347E-4
1.125000E-8	9.061570E-4
1.130000E-8	9.147217E-4
1.135000E-8	9.335640E-4
1.140000E-8	9.643970E-4
1.145000E-8	1.048331E-3
1.150000E-8	1.197357E-3
1.155000E-8	1.406337E-3
1.160000E-8	1.742074E-3
1.165000E-8	2.305633E-3
1.170000E-8	3.114143E-3
1.175000E-8	4.212141E-3
1.180000E-8	5.678422E-3
1.185000E-8	7.562662E-3
1.190000E-8	9.887129E-3
1.195000E-8	1.272034E-2
1.200000E-8	1.609827E-2
1.205000E-8	1.997124E-2
1.210000E-8	2.429985E-2
1.215000E-8	2.909439E-2
1.220000E-8	3.430004E-2
1.225000E-8	3.978318E-2
1.230000E-8	4.541363E-2
1.235000E-8	5.104752E-2
1.240000E-8	5.657691E-2
1.245000E-8	6.185622E-2
1.250000E-8	6.664390E-2
1.255000E-8	7.075155E-2
1.260000E-8	7.416546E-2
1.265000E-8	7.684280E-2
1.270000E-8	7.862426E-2
1.275000E-8	7.949787E-2
1.280000E-8	7.958009E-2
1.285000E-8	7.887265E-2
1.290000E-8	7.733100E-2
1.295000E-8	7.509732E-2
1.300000E-8	7.238744E-2
1.305000E-8	6.927673E-2
1.310000E-8	6.585426E-2
1.315000E-8	6.235643E-2
1.320000E-8	5.901447E-2
1.325000E-8	5.589177E-2
1.330000E-8	5.308425E-2
1.335000E-8	5.073922E-2
1.340000E-8	4.895262E-2
1.345000E-8	4.767133E-2
1.350000E-8	4.691420E-2
1.355000E-8	4.672578E-2
1.360000E-8	4.706151E-2
1.365000E-8	4.783233E-2
1.370000E-8	4.897315E-2
1.375000E-8	5.038976E-2
1.380000E-8	5.197252E-2
1.385000E-8	5.366149E-2
1.390000E-8	5.535559E-2
1.395000E-8	5.685442E-2
1.400000E-8	5.805862E-2
1.405000E-8	5.895621E-2
1.410000E-8	5.947523E-2
1.415000E-8	5.949750E-2
1.420000E-8	5.901959E-2
1.425000E-8	5.807576E-2
1.430000E-8	5.668485E-2
1.435000E-8	5.489996E-2
1.440000E-8	5.278619E-2
1.445000E-8	5.040177E-2
1.450000E-8	4.785976E-2
1.455000E-8	4.532631E-2
1.460000E-8	4.289564E-2
1.465000E-8	4.066024E-2
1.470000E-8	3.877086E-2
1.475000E-8	3.732171E-2
1.480000E-8	3.633676E-2
1.485000E-8	3.585199E-2
1.490000E-8	3.584685E-2
1.495000E-8	3.630078E-2
1.500000E-8	3.718980E-2
1.505000E-8	3.844024E-2
1.510000E-8	3.992194E-2
1.515000E-8	4.154924E-2
1.520000E-8	4.328445E-2
1.525000E-8	4.498712E-2
1.530000E-8	4.648595E-2
1.535000E-8	4.770728E-2
1.540000E-8	4.861857E-2
1.545000E-8	4.913760E-2
1.550000E-8	4.919413E-2
1.555000E-8	4.878473E-2
1.560000E-8	4.791799E-2
1.565000E-8	4.660073E-2
1.570000E-8	4.488607E-2
1.575000E-8	4.283911E-2
1.580000E-8	4.053005E-2
1.585000E-8	3.805313E-2
1.590000E-8	3.556251E-2
1.595000E-8	3.317809E-2
1.600000E-8	3.099408E-2
1.605000E-8	2.910641E-2
1.610000E-8	2.763670E-2
1.615000E-8	2.665518E-2
1.620000E-8	2.620125E-2
1.625000E-8	2.630745E-2
1.630000E-8	2.697036E-2
1.635000E-8	2.814715E-2
1.640000E-8	2.973676E-2
1.645000E-8	3.166382E-2
1.650000E-8	3.382213E-2
1.655000E-8	3.602670E-2
1.660000E-8	3.809765E-2
1.665000E-8	3.995791E-2
1.670000E-8	4.149956E-2
1.675000E-8	4.256159E-2
1.680000E-8	4.308404E-2
1.685000E-8	4.309946E-2
1.690000E-8	4.257873E-2
1.695000E-8	4.151328E-2
1.700000E-8	3.997677E-2
1.705000E-8	3.806683E-2
1.710000E-8	3.585371E-2
1.715000E-8	3.343674E-2
1.720000E-8	3.096325E-2
1.725000E-8	2.853943E-2
1.730000E-8	2.627834E-2
1.735000E-8	2.430502E-2
1.740000E-8	2.271712E-2
1.745000E-8	2.156944E-2
1.750000E-8	2.091852E-2
1.755000E-8	2.078148E-2
1.760000E-8	2.115833E-2
1.765000E-8	2.203707E-2
1.770000E-8	2.335261E-2
1.775000E-8	2.502102E-2
1.780000E-8	2.696864E-2
1.785000E-8	2.907385E-2
1.790000E-8	3.118248E-2
1.795000E-8	3.317807E-2
1.800000E-8	3.494240E-2
1.805000E-8	3.635045E-2
1.810000E-8	3.731141E-2
1.815000E-8	3.777562E-2
1.820000E-8	3.769512E-2
1.825000E-8	3.707503E-2
1.830000E-8	3.596162E-2
1.835000E-8	3.439085E-2
1.840000E-8	3.244152E-2
1.845000E-8	3.024210E-2
1.850000E-8	2.789536E-2
1.855000E-8	2.548011E-2
1.860000E-8	2.312652E-2
1.865000E-8	2.098533E-2
1.870000E-8	1.915933E-2
1.875000E-8	1.773245E-2
1.880000E-8	1.679375E-2
1.885000E-8	1.638435E-2
1.890000E-8	1.648884E-2
1.895000E-8	1.710378E-2
1.900000E-8	1.823947E-2
1.905000E-8	1.978625E-2
1.910000E-8	2.161225E-2
1.915000E-8	2.363353E-2
1.920000E-8	2.575587E-2
1.925000E-8	2.781826E-2
1.930000E-8	2.965454E-2
1.935000E-8	3.116193E-2
1.940000E-8	3.228562E-2
1.945000E-8	3.297080E-2
1.950000E-8	3.315923E-2
1.955000E-8	3.282350E-2
1.960000E-8	3.198587E-2
1.965000E-8	3.069431E-2
1.970000E-8	2.901905E-2
1.975000E-8	2.703375E-2
1.980000E-8	2.482918E-2
1.985000E-8	2.251328E-2
1.990000E-8	2.021451E-2
1.995000E-8	1.805791E-2
2.000000E-8	1.616681E-2
2.005000E-8	1.460289E-2
2.010000E-8	1.345522E-2
2.015000E-8	1.278545E-2
2.020000E-8	1.260902E-2
2.025000E-8	1.291221E-2
2.030000E-8	1.369845E-2
2.035000E-8	1.494889E-2
2.040000E-8	1.659161E-2
2.045000E-8	1.850497E-2
2.050000E-8	2.058791E-2
2.055000E-8	2.270168E-2
2.060000E-8	2.472125E-2
2.065000E-8	2.651470E-2
2.070000E-8	2.797414E-2
2.075000E-8	2.901561E-2
2.080000E-8	2.957917E-2
2.085000E-8	2.965968E-2
2.090000E-8	2.923145E-2
2.095000E-8	2.829789E-2
2.100000E-8	2.689671E-2
2.105000E-8	2.510325E-2
2.110000E-8	2.301689E-2
2.115000E-8	2.076094E-2
2.120000E-8	1.844675E-2
2.125000E-8	1.618566E-2
2.130000E-8	1.410443E-2
2.135000E-8	1.234352E-2
2.140000E-8	1.099714E-2
2.145000E-8	1.010640E-2
2.150000E-8	9.719277E-3
2.155000E-8	9.854597E-3
2.160000E-8	1.048667E-2
2.165000E-8	1.155897E-2
2.170000E-8	1.300470E-2
2.175000E-8	1.472963E-2
2.180000E-8	1.661559E-2
2.185000E-8	1.854608E-2
2.190000E-8	2.040291E-2
2.195000E-8	2.209702E-2
2.200000E-8	2.356844E-2
2.205000E-8	2.473324E-2
2.210000E-8	2.550064E-2
2.215000E-8	2.584837E-2
2.220000E-8	2.578842E-2
2.225000E-8	2.529681E-2
2.230000E-8	2.437182E-2
2.235000E-8	2.304600E-2
2.240000E-8	2.139130E-2
2.245000E-8	1.949335E-2
2.250000E-8	1.742069E-2
2.255000E-8	1.524696E-2
2.260000E-8	1.311434E-2
2.265000E-8	1.113932E-2
2.270000E-8	9.419516E-3
2.275000E-8	8.062860E-3
2.280000E-8	7.190968E-3
2.285000E-8	6.829535E-3
2.290000E-8	6.923744E-3
2.295000E-8	7.507857E-3
2.300000E-8	8.617844E-3
2.305000E-8	1.015949E-2
2.310000E-8	1.198892E-2
2.315000E-8	1.401362E-2
2.320000E-8	1.614110E-2
2.325000E-8	1.823946E-2
2.330000E-8	2.014083E-2
2.335000E-8	2.169790E-2
2.340000E-8	2.284386E-2
2.345000E-8	2.354617E-2
2.350000E-8	2.373974E-2
2.355000E-8	2.339544E-2
2.360000E-8	2.257837E-2
2.365000E-8	2.134847E-2
2.370000E-8	1.971432E-2
2.375000E-8	1.775643E-2
2.380000E-8	1.566834E-2
2.385000E-8	1.354087E-2
2.390000E-8	1.140825E-2
2.395000E-8	9.397248E-3
2.400000E-8	7.667171E-3
2.405000E-8	6.305378E-3
2.410000E-8	5.375246E-3
2.415000E-8	4.935017E-3
2.420000E-8	5.013811E-3
2.425000E-8	5.582507E-3
2.430000E-8	6.593143E-3
2.435000E-8	7.996044E-3
2.440000E-8	9.717554E-3
2.445000E-8	1.164462E-2
2.450000E-8	1.363335E-2
2.455000E-8	1.556555E-2
2.460000E-8	1.735729E-2
2.465000E-8	1.892121E-2
2.470000E-8	2.012199E-2
2.475000E-8	2.089110E-2
2.480000E-8	2.122342E-2
2.485000E-8	2.109324E-2
2.490000E-8	2.049713E-2
2.495000E-8	1.946765E-2
2.500000E-8	1.806818E-2
2.505000E-8	1.636209E-2
2.510000E-8	1.444530E-2
2.515000E-8	1.242231E-2
2.520000E-8	1.037020E-2
2.525000E-8	8.412304E-3
2.530000E-8	6.659959E-3
2.535000E-8	5.173120E-3
2.540000E-8	4.010028E-3
2.545000E-8	3.258043E-3
2.550000E-8	2.953136E-3
2.555000E-8	3.088457E-3
2.560000E-8	3.670857E-3
2.565000E-8	4.688345E-3
2.570000E-8	6.082682E-3
2.575000E-8	7.775071E-3
2.580000E-8	9.671302E-3
2.585000E-8	1.164975E-2
2.590000E-8	1.358196E-2
2.595000E-8	1.536514E-2
2.600000E-8	1.690850E-2
2.605000E-8	1.812983E-2
2.610000E-8	1.896061E-2
2.615000E-8	1.933575E-2
2.620000E-8	1.922270E-2
2.625000E-8	1.864715E-2
2.630000E-8	1.764850E-2
2.635000E-8	1.626273E-2
2.640000E-8	1.457891E-2
2.645000E-8	1.271694E-2
2.650000E-8	1.074191E-2
2.655000E-8	8.761743E-3
2.660000E-8	6.942594E-3
2.665000E-8	5.359830E-3
2.670000E-8	4.061416E-3
2.675000E-8	3.150127E-3
2.680000E-8	2.721889E-3
2.685000E-8	2.749294E-3
2.690000E-8	3.182668E-3
2.695000E-8	4.025435E-3
2.700000E-8	5.222783E-3
2.705000E-8	6.695916E-3
2.710000E-8	8.367751E-3
2.715000E-8	1.016292E-2
2.720000E-8	1.195809E-2
2.725000E-8	1.365390E-2
2.730000E-8	1.516301E-2
2.735000E-8	1.637406E-2
2.740000E-8	1.725623E-2
2.745000E-8	1.777183E-2
2.750000E-8	1.786604E-2
2.755000E-8	1.751661E-2
2.760000E-8	1.679203E-2
2.765000E-8	1.569575E-2
2.770000E-8	1.422947E-2
2.775000E-8	1.250282E-2
2.780000E-8	1.065284E-2
2.785000E-8	8.734336E-3
2.790000E-8	6.814123E-3
2.795000E-8	5.036084E-3
2.800000E-8	3.497858E-3
2.805000E-8	2.247406E-3
2.810000E-8	1.365237E-3
2.815000E-8	9.198686E-4
2.820000E-8	9.318573E-4
2.825000E-8	1.397777E-3
2.830000E-8	2.291933E-3
2.835000E-8	3.538956E-3
2.840000E-8	5.078894E-3
2.845000E-8	6.841515E-3
2.850000E-8	8.701774E-3
2.855000E-8	1.055176E-2
2.860000E-8	1.234521E-2
2.865000E-8	1.396052E-2
2.870000E-8	1.523495E-2
2.875000E-8	1.613254E-2
2.880000E-8	1.666869E-2
2.885000E-8	1.679031E-2
2.890000E-8	1.645629E-2
2.895000E-8	1.571973E-2
2.900000E-8	1.465941E-2
2.905000E-8	1.330961E-2
2.910000E-8	1.171829E-2
2.915000E-8	9.967658E-3
2.920000E-8	8.158787E-3
2.925000E-8	6.375609E-3
2.930000E-8	4.702060E-3
2.935000E-8	3.239203E-3
2.940000E-8	2.091528E-3
2.945000E-8	1.312136E-3
2.950000E-8	9.130173E-4
2.955000E-8	9.250059E-4
2.960000E-8	1.384073E-3
2.965000E-8	2.237119E-3
2.970000E-8	3.408772E-3
2.975000E-8	4.851072E-3
2.980000E-8	6.509203E-3
2.985000E-8	8.271824E-3
2.990000E-8	1.003102E-2
2.995000E-8	1.169258E-2
3.000000E-8	1.316229E-2
3.005000E-8	1.432538E-2
3.010000E-8	1.512533E-2
3.015000E-8	1.552958E-2
3.020000E-8	1.550047E-2
3.025000E-8	1.503112E-2
3.030000E-8	1.416951E-2
3.035000E-8	1.296360E-2
3.040000E-8	1.146477E-2
3.045000E-8	9.750113E-3
3.050000E-8	7.905270E-3
3.055000E-8	6.050149E-3
3.060000E-8	4.306369E-3
3.065000E-8	2.766429E-3
3.070000E-8	1.507412E-3
3.075000E-8	6.286692E-4
3.080000E-8	1.901533E-4
3.085000E-8	1.867257E-4
3.090000E-8	6.149606E-4
3.095000E-8	1.462867E-3
3.100000E-8	2.644799E-3
3.105000E-8	4.056266E-3
3.110000E-8	5.632176E-3
3.115000E-8	7.286881E-3
3.120000E-8	8.905616E-3
3.125000E-8	1.037361E-2
3.130000E-8	1.162064E-2
3.135000E-8	1.260387E-2
3.140000E-8	1.326678E-2
3.145000E-8	1.356483E-2
3.150000E-8	1.351345E-2
3.155000E-8	1.316572E-2
3.160000E-8	1.252165E-2
3.165000E-8	1.159153E-2
3.170000E-8	1.043358E-2
3.175000E-8	9.112895E-3
3.180000E-8	7.643187E-3
3.185000E-8	6.099823E-3
3.190000E-8	4.599282E-3
3.195000E-8	3.220359E-3
3.200000E-8	2.017870E-3
3.205000E-8	1.063758E-3
3.210000E-8	3.905685E-4
3.215000E-8	3.256111E-5
3.220000E-8	6.681840E-5
3.225000E-8	5.053311E-4
3.230000E-8	1.294998E-3
3.235000E-8	2.391282E-3
3.240000E-8	3.746222E-3
3.245000E-8	5.265605E-3
3.250000E-8	6.863783E-3
3.255000E-8	8.467101E-3
3.260000E-8	9.993337E-3
3.265000E-8	1.132944E-2
3.270000E-8	1.239318E-2
3.275000E-8	1.312803E-2
3.280000E-8	1.348775E-2
3.285000E-8	1.345863E-2
3.290000E-8	1.306980E-2
3.295000E-8	1.234522E-2
3.300000E-8	1.130889E-2
3.305000E-8	1.001904E-2
3.310000E-8	8.561327E-3
3.315000E-8	7.002546E-3
3.320000E-8	5.395802E-3
3.325000E-8	3.845586E-3
3.330000E-8	2.447821E-3
3.335000E-8	1.264174E-3
3.340000E-8	3.614502E-4
3.345000E-8	-2.021105E-4
3.350000E-8	-4.213692E-4
3.355000E-8	-2.894739E-4
3.360000E-8	2.141309E-4
3.365000E-8	1.063751E-3
3.370000E-8	2.172026E-3
3.375000E-8	3.492707E-3
3.380000E-8	4.991534E-3
3.385000E-8	6.546889E-3
3.390000E-8	8.044004E-3
3.395000E-8	9.448620E-3
3.400000E-8	1.069393E-2
3.405000E-8	1.167031E-2
3.410000E-8	1.230753E-2
3.415000E-8	1.260730E-2
3.420000E-8	1.257818E-2
3.425000E-8	1.217906E-2
3.430000E-8	1.141509E-2
3.435000E-8	1.035307E-2
3.440000E-8	9.073495E-3
3.445000E-8	7.655177E-3
3.450000E-8	6.161488E-3
3.455000E-8	4.652382E-3
3.460000E-8	3.218646E-3
3.465000E-8	1.949353E-3
3.470000E-8	9.095934E-4
3.475000E-8	1.747385E-4
3.480000E-8	-1.969720E-4
3.485000E-8	-2.038251E-4
3.490000E-8	1.267722E-4
3.495000E-8	7.776906E-4
3.500000E-8	1.709532E-3
3.505000E-8	2.826372E-3
3.510000E-8	4.081961E-3
3.515000E-8	5.435188E-3
3.520000E-8	6.788415E-3
3.525000E-8	8.054283E-3
3.530000E-8	9.193392E-3
3.535000E-8	1.017320E-2
3.540000E-8	1.090805E-2
3.545000E-8	1.135685E-2
3.550000E-8	1.152472E-2
3.555000E-8	1.138426E-2
3.560000E-8	1.092348E-2
3.565000E-8	1.016635E-2
3.570000E-8	9.164282E-3
3.575000E-8	7.980637E-3
3.580000E-8	6.670234E-3
3.585000E-8	5.275896E-3
3.590000E-8	3.859289E-3
3.595000E-8	2.540320E-3
3.600000E-8	1.404636E-3
3.605000E-8	4.573758E-4
3.610000E-8	-2.552112E-4
3.615000E-8	-6.423386E-4
3.620000E-8	-6.731733E-4
3.625000E-8	-3.614186E-4
3.630000E-8	2.757960E-4
3.635000E-8	1.207637E-3
3.640000E-8	2.381005E-3
3.645000E-8	3.742796E-3
3.650000E-8	5.186810E-3
3.655000E-8	6.599990E-3
3.660000E-8	7.934376E-3
3.665000E-8	9.148855E-3
3.670000E-8	1.014408E-2
3.675000E-8	1.082755E-2
3.680000E-8	1.117527E-2
3.685000E-8	1.115301E-2
3.690000E-8	1.076931E-2
3.695000E-8	1.010126E-2
3.700000E-8	9.189975E-3
3.705000E-8	8.057718E-3
3.710000E-8	6.769584E-3
3.715000E-8	5.440338E-3
3.720000E-8	4.124795E-3
3.725000E-8	2.872631E-3
3.730000E-8	1.767780E-3
3.735000E-8	8.410752E-4
3.740000E-8	1.062202E-4
3.745000E-8	-3.699801E-4
3.750000E-8	-5.207207E-4
3.755000E-8	-3.665568E-4
3.760000E-8	4.797497E-5
3.765000E-8	7.451430E-4
3.770000E-8	1.724947E-3
3.775000E-8	2.915444E-3
3.780000E-8	4.227561E-3
3.785000E-8	5.603057E-3
3.790000E-8	6.975127E-3
3.795000E-8	8.244420E-3
3.800000E-8	9.323577E-3
3.805000E-8	1.015950E-2
3.810000E-8	1.072477E-2
3.815000E-8	1.095259E-2
3.820000E-8	1.080699E-2
3.825000E-8	1.032566E-2
3.830000E-8	9.559970E-3
3.835000E-8	8.542480E-3
3.840000E-8	7.362261E-3
3.845000E-8	6.108385E-3
3.850000E-8	4.847657E-3
3.855000E-8	3.633178E-3
3.860000E-8	2.547170E-3
3.865000E-8	1.620466E-3
3.870000E-8	8.804722E-4
3.875000E-8	3.888558E-4
3.880000E-8	1.867272E-4
3.885000E-8	2.466794E-4
3.890000E-8	5.532958E-4
3.895000E-8	1.087734E-3
3.900000E-8	1.817448E-3
3.905000E-8	2.718457E-3
3.910000E-8	3.749650E-3
3.915000E-8	4.835658E-3
3.920000E-8	5.914814E-3
3.925000E-8	6.949434E-3
3.930000E-8	7.877851E-3
3.935000E-8	8.636687E-3
3.940000E-8	9.174553E-3
3.945000E-8	9.470893E-3
3.950000E-8	9.525708E-3
3.955000E-8	9.338998E-3
3.960000E-8	8.912476E-3
3.965000E-8	8.249567E-3
3.970000E-8	7.406798E-3
3.975000E-8	6.444123E-3
3.980000E-8	5.387235E-3
3.985000E-8	4.280672E-3
3.990000E-8	3.179248E-3
3.995000E-8	2.149767E-3
4.000000E-8	1.259035E-3
4.005000E-8	5.618649E-4
4.010000E-8	8.737793E-5
4.015000E-8	-1.490097E-4
4.020000E-8	-1.164648E-4
4.025000E-8	2.055680E-4
4.030000E-8	8.016723E-4
4.035000E-8	1.620460E-3
4.040000E-8	2.600264E-3
4.045000E-8	3.675994E-3
4.050000E-8	4.792834E-3
4.055000E-8	5.894259E-3
4.060000E-8	6.918600E-3
4.065000E-8	7.795629E-3
4.070000E-8	8.456827E-3
4.075000E-8	8.873074E-3
4.080000E-8	9.054647E-3
4.085000E-8	8.984417E-3
4.090000E-8	8.664098E-3
4.095000E-8	8.109104E-3
4.100000E-8	7.358835E-3
4.105000E-8	6.450974E-3
4.110000E-8	5.435198E-3
4.115000E-8	4.362894E-3
4.120000E-8	3.316284E-3
4.125000E-8	2.351895E-3
4.130000E-8	1.500560E-3
4.135000E-8	8.033904E-4
4.140000E-8	3.306164E-4
4.145000E-8	9.422883E-5
4.150000E-8	8.052425E-5
4.155000E-8	3.083451E-4
4.160000E-8	7.845431E-4
4.165000E-8	1.493702E-3
4.170000E-8	2.403276E-3
4.175000E-8	3.444747E-3
4.180000E-8	4.549597E-3
4.185000E-8	5.678428E-3
4.190000E-8	6.747307E-3
4.195000E-8	7.677437E-3
4.200000E-8	8.441411E-3
4.205000E-8	9.011823E-3
4.210000E-8	9.296173E-3
4.215000E-8	9.279044E-3
4.220000E-8	9.003261E-3
4.225000E-8	8.463683E-3
4.230000E-8	7.670590E-3
4.235000E-8	6.709628E-3
4.240000E-8	5.623620E-3
4.245000E-8	4.460530E-3
4.250000E-8	3.317995E-3
4.255000E-8	2.257681E-3
4.260000E-8	1.288153E-3
4.265000E-8	4.864943E-4
4.270000E-8	-7.535250E-5
4.275000E-8	-4.179423E-4
4.280000E-8	-5.447011E-4
4.285000E-8	-4.042402E-4
4.290000E-8	-2.567985E-5
4.295000E-8	5.207492E-4
4.300000E-8	1.226482E-3
4.305000E-8	2.064112E-3
4.310000E-8	2.971973E-3
4.315000E-8	3.917519E-3
4.320000E-8	4.866491E-3
4.325000E-8	5.746945E-3
4.330000E-8	6.529762E-3
4.335000E-8	7.216653E-3
4.340000E-8	7.739103E-3
4.345000E-8	8.047434E-3
4.350000E-8	8.148498E-3
4.355000E-8	8.013177E-3
4.360000E-8	7.643182E-3
4.365000E-8	7.077911E-3
4.370000E-8	6.332780E-3
4.375000E-8	5.428345E-3
4.380000E-8	4.450254E-3
4.385000E-8	3.467023E-3
4.390000E-8	2.494069E-3
4.395000E-8	1.613615E-3
4.400000E-8	9.130190E-4
4.405000E-8	4.042731E-4
4.410000E-8	9.080292E-5
4.415000E-8	1.543217E-5
4.420000E-8	1.832998E-4
4.425000E-8	5.464434E-4
4.430000E-8	1.091159E-3
4.435000E-8	1.800318E-3
4.440000E-8	2.641375E-3
4.445000E-8	3.556088E-3
4.450000E-8	4.486218E-3
4.455000E-8	5.378663E-3
4.460000E-8	6.195738E-3
4.465000E-8	6.922028E-3
4.470000E-8	7.512995E-3
4.475000E-8	7.915538E-3
4.480000E-8	8.115953E-3
4.485000E-8	8.117667E-3
4.490000E-8	7.927530E-3
4.495000E-8	7.552396E-3
4.500000E-8	6.968282E-3
4.505000E-8	6.197457E-3
4.510000E-8	5.289596E-3
4.515000E-8	4.304652E-3
4.520000E-8	3.275171E-3
4.525000E-8	2.269672E-3
4.530000E-8	1.384078E-3
4.535000E-8	6.903346E-4
4.540000E-8	2.072832E-4
4.545000E-8	-5.479835E-5
4.550000E-8	-9.248404E-5
4.555000E-8	1.147815E-4
4.560000E-8	5.909797E-4
4.565000E-8	1.286435E-3
4.570000E-8	2.106936E-3
4.575000E-8	3.014797E-3
4.580000E-8	3.989463E-3
4.585000E-8	4.947000E-3
4.590000E-8	5.830880E-3
4.595000E-8	6.613697E-3
4.600000E-8	7.233784E-3
4.605000E-8	7.632902E-3
4.610000E-8	7.816188E-3
4.615000E-8	7.811050E-3
4.620000E-8	7.612349E-3
4.625000E-8	7.247492E-3
4.630000E-8	6.737035E-3
4.635000E-8	6.075839E-3
4.640000E-8	5.305014E-3
4.645000E-8	4.520485E-3
4.650000E-8	3.732529E-3
4.655000E-8	2.965129E-3
4.660000E-8	2.285090E-3
4.665000E-8	1.750650E-3
4.670000E-8	1.339542E-3
4.675000E-8	1.053480E-3
4.680000E-8	9.267207E-4
4.685000E-8	9.695434E-4
4.690000E-8	1.180235E-3
4.695000E-8	1.538240E-3
4.700000E-8	1.987031E-3
4.705000E-8	2.509479E-3
4.710000E-8	3.131278E-3
4.715000E-8	3.807891E-3
4.720000E-8	4.453672E-3
4.725000E-8	5.044638E-3
4.730000E-8	5.587642E-3
4.735000E-8	6.058703E-3
4.740000E-8	6.413283E-3
4.745000E-8	6.623976E-3
4.750000E-8	6.668514E-3
4.755000E-8	6.550321E-3
4.760000E-8	6.276251E-3
4.765000E-8	5.865144E-3
4.770000E-8	5.332419E-3
4.775000E-8	4.681500E-3
4.780000E-8	3.926091E-3
4.785000E-8	3.110729E-3
4.790000E-8	2.312496E-3
4.795000E-8	1.569077E-3
4.800000E-8	9.232956E-4
4.805000E-8	4.282536E-4
4.810000E-8	1.336261E-4
4.815000E-8	2.057085E-5
4.820000E-8	9.765260E-5
4.825000E-8	4.111210E-4
4.830000E-8	9.455594E-4
4.835000E-8	1.613608E-3
4.840000E-8	2.369017E-3
4.845000E-8	3.187805E-3
4.850000E-8	4.039139E-3
4.855000E-8	4.857927E-3
4.860000E-8	5.603059E-3
4.865000E-8	6.228285E-3
4.870000E-8	6.692494E-3
4.875000E-8	6.990547E-3
4.880000E-8	7.108741E-3
4.885000E-8	7.067631E-3
4.890000E-8	6.862078E-3
4.895000E-8	6.471527E-3
4.900000E-8	5.935376E-3
4.905000E-8	5.315289E-3
4.910000E-8	4.640389E-3
4.915000E-8	3.905535E-3
4.920000E-8	3.163830E-3
4.925000E-8	2.449531E-3
4.930000E-8	1.769491E-3
4.935000E-8	1.171672E-3
4.940000E-8	7.160283E-4
4.945000E-8	4.008456E-4
4.950000E-8	2.346891E-4
4.955000E-8	2.620955E-4
4.960000E-8	4.830649E-4
4.965000E-8	8.564865E-4
4.970000E-8	1.370370E-3
4.975000E-8	2.031567E-3
4.980000E-8	2.814383E-3
4.985000E-8	3.633171E-3
4.990000E-8	4.419414E-3
4.995000E-8	5.130287E-3
5.000000E-8	5.734957E-3
5.005000E-8	6.202592E-3
5.010000E-8	6.500645E-3
5.015000E-8	6.601709E-3
5.020000E-8	6.490368E-3
5.025000E-8	6.175187E-3
5.030000E-8	5.692136E-3
5.035000E-8	5.051495E-3
5.040000E-8	4.297799E-3
5.045000E-8	3.501279E-3
5.050000E-8	2.697907E-3
5.055000E-8	1.897961E-3
5.060000E-8	1.202504E-3
5.065000E-8	6.886203E-4
5.070000E-8	3.323271E-4
5.075000E-8	1.079308E-4
5.080000E-8	6.681966E-5
5.085000E-8	2.346880E-4
5.090000E-8	5.926934E-4
5.095000E-8	1.096299E-3
5.100000E-8	1.709534E-3
5.105000E-8	2.401564E-3
5.110000E-8	3.131279E-3
5.115000E-8	3.849003E-3
5.120000E-8	4.537607E-3
5.125000E-8	5.157694E-3
5.130000E-8	5.669865E-3
5.135000E-8	6.048427E-3
5.140000E-8	6.305369E-3
5.145000E-8	6.408146E-3
5.150000E-8	6.349907E-3
5.155000E-8	6.185464E-3
5.160000E-8	5.942226E-3
5.165000E-8	5.601351E-3
5.170000E-8	5.169689E-3
5.175000E-8	4.678073E-3
5.180000E-8	4.123079E-3
5.185000E-8	3.540677E-3
5.190000E-8	2.980544E-3
5.195000E-8	2.447817E-3
5.200000E-8	1.937359E-3
5.205000E-8	1.512548E-3
5.210000E-8	1.202504E-3
5.215000E-8	9.866727E-4
5.220000E-8	8.975988E-4
5.225000E-8	9.900972E-4
5.230000E-8	1.238474E-3
5.235000E-8	1.610183E-3
5.240000E-8	2.115502E-3
5.245000E-8	2.737301E-3
5.250000E-8	3.396785E-3
5.255000E-8	4.052844E-3
5.260000E-8	4.693486E-3
5.265000E-8	5.231351E-3
5.270000E-8	5.623616E-3
5.275000E-8	5.885697E-3
5.280000E-8	6.014169E-3
5.285000E-8	5.949077E-3
5.290000E-8	5.690423E-3
5.295000E-8	5.299871E-3
5.300000E-8	4.808256E-3
5.305000E-8	4.236132E-3
5.310000E-8	3.645166E-3
5.315000E-8	3.083320E-3
5.320000E-8	2.567723E-3
5.325000E-8	2.137774E-3
5.330000E-8	1.819166E-3
5.335000E-8	1.611899E-3
5.340000E-8	1.514261E-3
5.345000E-8	1.527964E-3
5.350000E-8	1.651296E-3
5.355000E-8	1.887682E-3
5.360000E-8	2.228558E-3
5.365000E-8	2.634526E-3
5.370000E-8	3.061049E-3
5.375000E-8	3.496137E-3
5.380000E-8	3.956919E-3
5.385000E-8	4.417702E-3
5.390000E-8	4.830522E-3
5.395000E-8	5.164546E-3
5.400000E-8	5.407785E-3
5.405000E-8	5.551672E-3
5.410000E-8	5.596209E-3
5.415000E-8	5.536256E-3
5.420000E-8	5.368388E-3
5.425000E-8	5.085752E-3
5.430000E-8	4.714044E-3
5.435000E-8	4.299511E-3
5.440000E-8	3.866136E-3
5.445000E-8	3.400215E-3
5.450000E-8	2.908600E-3
5.455000E-8	2.452956E-3
5.460000E-8	2.091524E-3
5.465000E-8	1.824304E-3
5.470000E-8	1.608473E-3
5.475000E-8	1.462872E-3
5.480000E-8	1.444029E-3
5.485000E-8	1.562222E-3
5.490000E-8	1.769488E-3
5.495000E-8	2.034994E-3
5.500000E-8	2.379296E-3
5.505000E-8	2.831514E-3
5.510000E-8	3.321416E-3
5.515000E-8	3.783912E-3
5.520000E-8	4.237843E-3
5.525000E-8	4.690060E-3
5.530000E-8	5.072048E-3
5.535000E-8	5.327277E-3
5.540000E-8	5.471164E-3
5.545000E-8	5.484868E-3
5.550000E-8	5.349546E-3
5.555000E-8	5.097743E-3
5.560000E-8	4.748302E-3
5.565000E-8	4.272103E-3
5.570000E-8	3.701693E-3
5.575000E-8	3.114152E-3
5.580000E-8	2.543742E-3
5.585000E-8	1.976757E-3
5.590000E-8	1.450882E-3
5.595000E-8	1.029498E-3
5.600000E-8	7.554264E-4
5.605000E-8	6.338071E-4
5.610000E-8	6.286680E-4
5.615000E-8	7.400091E-4
5.620000E-8	9.969506E-4
5.625000E-8	1.378937E-3
5.630000E-8	1.855136E-3
5.635000E-8	2.408417E-3
5.640000E-8	2.997670E-3
5.645000E-8	3.576645E-3
5.650000E-8	4.133353E-3
5.655000E-8	4.657514E-3
5.660000E-8	5.108019E-3
5.665000E-8	5.424914E-3
5.670000E-8	5.601348E-3
5.675000E-8	5.671579E-3
5.680000E-8	5.656162E-3
5.685000E-8	5.531118E-3
5.690000E-8	5.284454E-3
5.695000E-8	4.969272E-3
5.700000E-8	4.647238E-3
5.705000E-8	4.297797E-3
5.710000E-8	3.902107E-3
5.715000E-8	3.497851E-3
5.720000E-8	3.127855E-3
5.725000E-8	2.809247E-3
5.730000E-8	2.545453E-3
5.735000E-8	2.350177E-3
5.740000E-8	2.242261E-3
5.745000E-8	2.216567E-3
5.750000E-8	2.259390E-3
5.755000E-8	2.387861E-3
5.760000E-8	2.605405E-3
5.765000E-8	2.896605E-3
5.770000E-8	3.239194E-3
5.775000E-8	3.609191E-3
5.780000E-8	4.001455E-3
5.785000E-8	4.407424E-3
5.790000E-8	4.755152E-3
5.795000E-8	5.008668E-3
5.800000E-8	5.181676E-3
5.805000E-8	5.298157E-3
5.810000E-8	5.301583E-3
5.815000E-8	5.195381E-3
5.820000E-8	5.000106E-3
5.825000E-8	4.726035E-3
5.830000E-8	4.402289E-3
5.835000E-8	4.047709E-3
5.840000E-8	3.657158E-3
5.845000E-8	3.228921E-3
5.850000E-8	2.819527E-3
5.855000E-8	2.470086E-3
5.860000E-8	2.142913E-3
5.865000E-8	1.846573E-3
5.870000E-8	1.632454E-3
5.875000E-8	1.507409E-3
5.880000E-8	1.468011E-3
5.885000E-8	1.539954E-3
5.890000E-8	1.730090E-3
5.895000E-8	2.012726E-3
5.900000E-8	2.360454E-3
5.905000E-8	2.766422E-3
5.910000E-8	3.216926E-3
5.915000E-8	3.691412E-3
5.920000E-8	4.140204E-3
5.925000E-8	4.496497E-3
5.930000E-8	4.748300E-3
5.935000E-8	4.880197E-3
5.940000E-8	4.878485E-3
5.945000E-8	4.751727E-3
5.950000E-8	4.571868E-3
5.955000E-8	4.347473E-3
5.960000E-8	4.059698E-3
5.965000E-8	3.747942E-3
5.970000E-8	3.446464E-3
5.975000E-8	3.144986E-3
5.980000E-8	2.872628E-3
5.985000E-8	2.655084E-3
5.990000E-8	2.442679E-3
5.995000E-8	2.233699E-3
6.000000E-8	2.088098E-3
6.005000E-8	1.985321E-3
6.010000E-8	1.882544E-3
6.015000E-8	1.817451E-3
6.020000E-8	1.820876E-3
6.025000E-8	1.875690E-3
6.030000E-8	1.988744E-3
6.035000E-8	2.190871E-3
6.040000E-8	2.464942E-3
6.045000E-8	2.805819E-3
6.050000E-8	3.215213E-3
6.055000E-8	3.648589E-3
6.060000E-8	4.064835E-3
6.065000E-8	4.460526E-3
6.070000E-8	4.767144E-3
6.075000E-8	4.921309E-3
6.080000E-8	4.957282E-3
6.085000E-8	4.907606E-3
6.090000E-8	4.714044E-3
6.095000E-8	4.371455E-3
6.100000E-8	3.956922E-3
6.105000E-8	3.513269E-3
6.110000E-8	3.050773E-3
6.115000E-8	2.603694E-3
6.120000E-8	2.180596E-3
6.125000E-8	1.807174E-3
6.130000E-8	1.560509E-3
6.135000E-8	1.457732E-3
6.140000E-8	1.440603E-3
6.145000E-8	1.497130E-3
6.150000E-8	1.671850E-3
6.155000E-8	1.930505E-3
6.160000E-8	2.213140E-3
6.165000E-8	2.524896E-3
6.170000E-8	2.841791E-3
6.175000E-8	3.124427E-3
6.180000E-8	3.398498E-3
6.185000E-8	3.675996E-3
6.190000E-8	3.869558E-3
6.195000E-8	3.953493E-3
6.200000E-8	4.006595E-3
6.205000E-8	4.054557E-3
6.210000E-8	4.051132E-3
6.215000E-8	4.006596E-3
6.220000E-8	3.958634E-3
6.225000E-8	3.867848E-3
6.230000E-8	3.713683E-3
6.235000E-8	3.532111E-3
6.240000E-8	3.314566E-3
6.245000E-8	3.059337E-3
6.250000E-8	2.816099E-3
6.255000E-8	2.605406E-3
6.260000E-8	2.411843E-3
6.265000E-8	2.249113E-3
6.270000E-8	2.141198E-3
6.275000E-8	2.100087E-3
6.280000E-8	2.130920E-3
6.285000E-8	2.214854E-3
6.290000E-8	2.310778E-3
6.295000E-8	2.440962E-3
6.300000E-8	2.637951E-3
6.305000E-8	2.846930E-3
6.310000E-8	3.004521E-3
6.315000E-8	3.148408E-3
6.320000E-8	3.290583E-3
6.325000E-8	3.377943E-3
6.330000E-8	3.401924E-3
6.335000E-8	3.400212E-3
6.340000E-8	3.391647E-3
6.345000E-8	3.359102E-3
6.350000E-8	3.299149E-3
6.355000E-8	3.218641E-3
6.360000E-8	3.126142E-3
6.365000E-8	3.035356E-3
6.370000E-8	2.934292E-3
6.375000E-8	2.814386E-3
6.380000E-8	2.677350E-3
6.385000E-8	2.540315E-3
6.390000E-8	2.401566E-3
6.395000E-8	2.278233E-3
6.400000E-8	2.161753E-3
6.405000E-8	2.057263E-3
6.410000E-8	1.997309E-3
6.415000E-8	1.987031E-3
6.420000E-8	2.007587E-3
6.425000E-8	2.082956E-3
6.430000E-8	2.240547E-3
6.435000E-8	2.452952E-3
6.440000E-8	2.667070E-3
6.445000E-8	2.877762E-3
6.450000E-8	3.078177E-3
6.455000E-8	3.239194E-3
6.460000E-8	3.365952E-3
6.465000E-8	3.468729E-3
6.470000E-8	3.508127E-3
6.475000E-8	3.463590E-3
6.480000E-8	3.395073E-3
6.485000E-8	3.309426E-3
6.490000E-8	3.155261E-3
6.495000E-8	2.929153E-3
6.500000E-8	2.718461E-3
6.505000E-8	2.533463E-3
6.510000E-8	2.348465E-3
6.515000E-8	2.192587E-3
6.520000E-8	2.101801E-3
6.525000E-8	2.045274E-3
6.530000E-8	1.997311E-3
6.535000E-8	2.000737E-3
6.540000E-8	2.052125E-3
6.545000E-8	2.100087E-3
6.550000E-8	2.158327E-3
6.555000E-8	2.242261E-3
6.560000E-8	2.346751E-3
6.565000E-8	2.466657E-3
6.570000E-8	2.610544E-3
6.575000E-8	2.776700E-3
6.580000E-8	2.942855E-3
6.585000E-8	3.110724E-3
6.590000E-8	3.273454E-3
6.595000E-8	3.444748E-3
6.600000E-8	3.619469E-3
6.605000E-8	3.761643E-3
6.610000E-8	3.845578E-3
6.615000E-8	3.876411E-3
6.620000E-8	3.867846E-3
6.625000E-8	3.799328E-3
6.630000E-8	3.679422E-3
6.635000E-8	3.511554E-3
6.640000E-8	3.317991E-3
6.645000E-8	3.136419E-3
6.650000E-8	2.965124E-3
6.655000E-8	2.764709E-3
6.660000E-8	2.555730E-3
6.665000E-8	2.401565E-3
6.670000E-8	2.300501E-3
6.675000E-8	2.237122E-3
6.680000E-8	2.213141E-3
6.685000E-8	2.245687E-3
6.690000E-8	2.326195E-3
6.695000E-8	2.456379E-3
6.700000E-8	2.612257E-3
6.705000E-8	2.766422E-3
6.710000E-8	2.937717E-3
6.715000E-8	3.150122E-3
6.720000E-8	3.357388E-3
6.725000E-8	3.528683E-3
6.730000E-8	3.703404E-3
6.735000E-8	3.843866E-3
6.740000E-8	3.886689E-3
6.745000E-8	3.840440E-3
6.750000E-8	3.759932E-3
6.755000E-8	3.628035E-3
6.760000E-8	3.424195E-3
6.765000E-8	3.211789E-3
6.770000E-8	3.011375E-3
6.775000E-8	2.822950E-3
6.780000E-8	2.677350E-3
6.785000E-8	2.608832E-3
6.790000E-8	2.588277E-3
6.795000E-8	2.583138E-3
6.800000E-8	2.620822E-3
6.805000E-8	2.716747E-3
6.810000E-8	2.845218E-3
6.815000E-8	2.959985E-3
6.820000E-8	3.047346E-3
6.825000E-8	3.103873E-3
6.830000E-8	3.112437E-3
6.835000E-8	3.061049E-3
6.840000E-8	2.963411E-3
6.845000E-8	2.845218E-3
6.850000E-8	2.725311E-3
6.855000E-8	2.625960E-3
6.860000E-8	2.559155E-3
6.865000E-8	2.514619E-3
6.870000E-8	2.466656E-3
6.875000E-8	2.432397E-3
6.880000E-8	2.428971E-3
6.885000E-8	2.434110E-3
6.890000E-8	2.401564E-3
6.895000E-8	2.346750E-3
6.900000E-8	2.285084E-3
6.905000E-8	2.196011E-3
6.910000E-8	2.058975E-3
6.915000E-8	1.901384E-3
6.920000E-8	1.733516E-3
6.925000E-8	1.572499E-3
6.930000E-8	1.432037E-3
6.935000E-8	1.329260E-3
6.940000E-8	1.283011E-3
6.945000E-8	1.315557E-3
6.950000E-8	1.435463E-3
6.955000E-8	1.601618E-3
6.960000E-8	1.832866E-3
6.965000E-8	2.142910E-3
6.970000E-8	2.449527E-3
6.975000E-8	2.706469E-3
6.980000E-8	2.961698E-3
6.985000E-8	3.225492E-3
6.990000E-8	3.436184E-3
6.995000E-8	3.586924E-3
7.000000E-8	3.741089E-3
7.005000E-8	3.886689E-3
7.010000E-8	3.974050E-3
7.015000E-8	4.018586E-3
7.020000E-8	4.039142E-3
7.025000E-8	4.039142E-3
7.030000E-8	4.023725E-3
7.035000E-8	3.965485E-3
7.040000E-8	3.855857E-3
7.045000E-8	3.693127E-3
7.050000E-8	3.479009E-3
7.055000E-8	3.208364E-3
7.060000E-8	2.918876E-3
7.065000E-8	2.639666E-3
7.070000E-8	2.374159E-3
7.075000E-8	2.160040E-3
7.080000E-8	2.041847E-3
7.085000E-8	2.007588E-3
7.090000E-8	2.028143E-3
7.095000E-8	2.120642E-3
7.100000E-8	2.298788E-3
7.105000E-8	2.518045E-3
7.110000E-8	2.744153E-3
7.115000E-8	2.980540E-3
7.120000E-8	3.192945E-3
7.125000E-8	3.329981E-3
7.130000E-8	3.391647E-3
7.135000E-8	3.412203E-3
7.140000E-8	3.381370E-3
7.145000E-8	3.275167E-3
7.150000E-8	3.131280E-3
7.155000E-8	2.994245E-3
7.160000E-8	2.858922E-3
7.165000E-8	2.720173E-3
7.170000E-8	2.617397E-3
7.175000E-8	2.564295E-3
7.180000E-8	2.550592E-3
7.185000E-8	2.550591E-3
7.190000E-8	2.548878E-3
7.195000E-8	2.543740E-3
7.200000E-8	2.547165E-3
7.205000E-8	2.550591E-3
7.210000E-8	2.530036E-3
7.215000E-8	2.504341E-3
7.220000E-8	2.511193E-3
7.225000E-8	2.543739E-3
7.230000E-8	2.596840E-3
7.235000E-8	2.701330E-3
7.240000E-8	2.864060E-3
7.245000E-8	3.055910E-3
7.250000E-8	3.259750E-3
7.255000E-8	3.484146E-3
7.260000E-8	3.687987E-3
7.265000E-8	3.833588E-3
7.270000E-8	3.910671E-3
7.275000E-8	3.943217E-3
7.280000E-8	3.924375E-3
7.285000E-8	3.821598E-3
7.290000E-8	3.648591E-3
7.295000E-8	3.477296E-3
7.300000E-8	3.323131E-3
7.305000E-8	3.143272E-3
7.310000E-8	2.966839E-3
7.315000E-8	2.829803E-3
7.320000E-8	2.716748E-3
7.325000E-8	2.591703E-3
7.330000E-8	2.500916E-3
7.335000E-8	2.475222E-3
7.340000E-8	2.468370E-3
7.345000E-8	2.449528E-3
7.350000E-8	2.459805E-3
7.355000E-8	2.504342E-3
7.360000E-8	2.536887E-3
7.365000E-8	2.548878E-3
7.370000E-8	2.591702E-3
7.375000E-8	2.663645E-3
7.380000E-8	2.754431E-3
7.385000E-8	2.857208E-3
7.390000E-8	2.965124E-3
7.395000E-8	3.049058E-3
7.400000E-8	3.115863E-3
7.405000E-8	3.186094E-3
7.410000E-8	3.259750E-3
7.415000E-8	3.302574E-3
7.420000E-8	3.333407E-3
7.425000E-8	3.362527E-3
7.430000E-8	3.374518E-3
7.435000E-8	3.367666E-3
7.440000E-8	3.352250E-3
7.445000E-8	3.328268E-3
7.450000E-8	3.294010E-3
7.455000E-8	3.242621E-3
7.460000E-8	3.180955E-3
7.465000E-8	3.119289E-3
7.470000E-8	3.090169E-3
7.475000E-8	3.095308E-3
7.480000E-8	3.119289E-3
7.485000E-8	3.144983E-3
7.490000E-8	3.189520E-3
7.495000E-8	3.252899E-3
7.500000E-8	3.319703E-3
7.505000E-8	3.389934E-3
7.510000E-8	3.468730E-3
7.515000E-8	3.550951E-3
7.520000E-8	3.605765E-3
7.525000E-8	3.616043E-3
7.530000E-8	3.573219E-3
7.535000E-8	3.482433E-3
7.540000E-8	3.359101E-3
7.545000E-8	3.194658E-3
7.550000E-8	2.953132E-3
7.555000E-8	2.667070E-3
7.560000E-8	2.413554E-3
7.565000E-8	2.201149E-3
7.570000E-8	2.011012E-3
7.575000E-8	1.870550E-3
7.580000E-8	1.829439E-3
7.585000E-8	1.861986E-3
7.590000E-8	1.928791E-3
7.595000E-8	2.045271E-3
7.600000E-8	2.233696E-3
7.605000E-8	2.439250E-3
7.610000E-8	2.624248E-3
7.615000E-8	2.792117E-3
7.620000E-8	2.946282E-3
7.625000E-8	3.083318E-3
7.630000E-8	3.189520E-3
7.635000E-8	3.270029E-3
7.640000E-8	3.338546E-3
7.645000E-8	3.407064E-3
7.650000E-8	3.453314E-3
7.655000E-8	3.502989E-3
7.660000E-8	3.574933E-3
7.665000E-8	3.628034E-3
7.670000E-8	3.604053E-3
7.675000E-8	3.521832E-3
7.680000E-8	3.427620E-3
7.685000E-8	3.312852E-3
7.690000E-8	3.151835E-3
7.695000E-8	2.956560E-3
7.700000E-8	2.737302E-3
7.705000E-8	2.502629E-3
7.710000E-8	2.281659E-3
7.715000E-8	2.079531E-3
7.720000E-8	1.884255E-3
7.725000E-8	1.726664E-3
7.730000E-8	1.647868E-3
7.735000E-8	1.635878E-3
7.740000E-8	1.668424E-3
7.745000E-8	1.754071E-3
7.750000E-8	1.889394E-3
7.755000E-8	2.046985E-3
7.760000E-8	2.202863E-3
7.765000E-8	2.358741E-3
7.770000E-8	2.509480E-3
7.775000E-8	2.644803E-3
7.780000E-8	2.749293E-3
7.785000E-8	2.838366E-3
7.790000E-8	2.924013E-3
7.795000E-8	3.002809E-3
7.800000E-8	3.050771E-3
7.805000E-8	3.079892E-3
7.810000E-8	3.103873E-3
7.815000E-8	3.129567E-3
7.820000E-8	3.155262E-3
7.825000E-8	3.168965E-3
7.830000E-8	3.170678E-3
7.835000E-8	3.170678E-3
7.840000E-8	3.165539E-3
7.845000E-8	3.126142E-3
7.850000E-8	3.073040E-3
7.855000E-8	3.064475E-3
7.860000E-8	3.100447E-3
7.865000E-8	3.110724E-3
7.870000E-8	3.097021E-3
7.875000E-8	3.088456E-3
7.880000E-8	3.086743E-3
7.885000E-8	3.073039E-3
7.890000E-8	3.049058E-3
7.895000E-8	3.021651E-3
7.900000E-8	3.007947E-3
7.905000E-8	3.030216E-3
7.910000E-8	3.085030E-3
7.915000E-8	3.126141E-3
7.920000E-8	3.132993E-3
7.925000E-8	3.144984E-3
7.930000E-8	3.179242E-3
7.935000E-8	3.220353E-3
7.940000E-8	3.240908E-3
7.945000E-8	3.246047E-3
7.950000E-8	3.239196E-3
7.955000E-8	3.201511E-3
7.960000E-8	3.132993E-3
7.965000E-8	3.038781E-3
7.970000E-8	2.900032E-3
7.975000E-8	2.749293E-3
7.980000E-8	2.636239E-3
7.985000E-8	2.545453E-3
7.990000E-8	2.440963E-3
7.995000E-8	2.365594E-3
8.000000E-8	2.351890E-3
8.005000E-8	2.360455E-3
8.010000E-8	2.355316E-3
8.015000E-8	2.375871E-3
8.020000E-8	2.437537E-3
8.025000E-8	2.506054E-3
8.030000E-8	2.564294E-3
8.035000E-8	2.634525E-3
8.040000E-8	2.721885E-3
8.045000E-8	2.804107E-3
8.050000E-8	2.874337E-3
8.055000E-8	2.925726E-3
8.060000E-8	2.958272E-3
8.065000E-8	2.985679E-3
8.070000E-8	2.999383E-3
8.075000E-8	2.985679E-3
8.080000E-8	2.975402E-3
8.085000E-8	2.973689E-3
8.090000E-8	2.937717E-3
8.095000E-8	2.858922E-3
8.100000E-8	2.798969E-3
8.105000E-8	2.759571E-3
8.110000E-8	2.703044E-3
8.115000E-8	2.634526E-3
8.120000E-8	2.610544E-3
8.125000E-8	2.612257E-3
8.130000E-8	2.629387E-3
8.135000E-8	2.687627E-3
8.140000E-8	2.771561E-3
8.145000E-8	2.846930E-3
8.150000E-8	2.910309E-3
8.155000E-8	2.990818E-3
8.160000E-8	3.067900E-3
8.165000E-8	3.143270E-3
8.170000E-8	3.216927E-3
8.175000E-8	3.264889E-3
8.180000E-8	3.285445E-3
8.185000E-8	3.321416E-3
8.190000E-8	3.374518E-3
8.195000E-8	3.389934E-3
8.200000E-8	3.384795E-3
8.205000E-8	3.401925E-3
8.210000E-8	3.417341E-3
8.215000E-8	3.395073E-3
8.220000E-8	3.331694E-3
8.225000E-8	3.242621E-3
8.230000E-8	3.148409E-3
8.235000E-8	3.055910E-3
8.240000E-8	2.954846E-3
8.245000E-8	2.846931E-3
8.250000E-8	2.732164E-3
8.255000E-8	2.598554E-3
8.260000E-8	2.456379E-3
8.265000E-8	2.338186E-3
8.270000E-8	2.245687E-3
8.275000E-8	2.168604E-3
8.280000E-8	2.117216E-3
8.285000E-8	2.084669E-3
8.290000E-8	2.093234E-3
8.295000E-8	2.154900E-3
8.300000E-8	2.255964E-3
8.305000E-8	2.357027E-3
8.310000E-8	2.490637E-3
8.315000E-8	2.684200E-3
8.320000E-8	2.896605E-3
8.325000E-8	3.086742E-3
8.330000E-8	3.249472E-3
8.335000E-8	3.360813E-3
8.340000E-8	3.405350E-3
8.345000E-8	3.383082E-3
8.350000E-8	3.261463E-3
8.355000E-8	3.047345E-3
8.360000E-8	2.793829E-3
8.365000E-8	2.530036E-3
8.370000E-8	2.257677E-3
8.375000E-8	2.002448E-3
8.380000E-8	1.802034E-3
8.385000E-8	1.675276E-3
8.390000E-8	1.639304E-3
8.395000E-8	1.714673E-3
8.400000E-8	1.879116E-3
8.405000E-8	2.100086E-3
8.410000E-8	2.370732E-3
8.415000E-8	2.665358E-3
8.420000E-8	2.936004E-3
8.425000E-8	3.160400E-3
8.430000E-8	3.355676E-3
8.435000E-8	3.489286E-3
8.440000E-8	3.533822E-3
8.445000E-8	3.511554E-3
8.450000E-8	3.439610E-3
8.455000E-8	3.304288E-3
8.460000E-8	3.160400E-3
8.465000E-8	3.073040E-3
8.470000E-8	3.030216E-3
8.475000E-8	2.994244E-3
8.480000E-8	3.004522E-3
8.485000E-8	3.066188E-3
8.490000E-8	3.121002E-3
8.495000E-8	3.146697E-3
8.500000E-8	3.167252E-3
8.505000E-8	3.191233E-3
8.510000E-8	3.194659E-3
8.515000E-8	3.155261E-3
8.520000E-8	3.093595E-3
8.525000E-8	3.006234E-3
8.530000E-8	2.884615E-3
8.535000E-8	2.721885E-3
8.540000E-8	2.605405E-3
8.545000E-8	2.564294E-3
8.550000E-8	2.559155E-3
8.555000E-8	2.576285E-3
8.560000E-8	2.656793E-3
8.565000E-8	2.786977E-3
8.570000E-8	2.924013E-3
8.575000E-8	3.073039E-3
8.580000E-8	3.220352E-3
8.585000E-8	3.326555E-3
8.590000E-8	3.396786E-3
8.595000E-8	3.455026E-3
8.600000E-8	3.490998E-3
8.605000E-8	3.487572E-3
8.610000E-8	3.441323E-3
8.615000E-8	3.386508E-3
8.620000E-8	3.335120E-3
8.625000E-8	3.280306E-3
8.630000E-8	3.198085E-3
8.635000E-8	3.114150E-3
8.640000E-8	3.061049E-3
8.645000E-8	3.016513E-3
8.650000E-8	2.939430E-3
8.655000E-8	2.848644E-3
8.660000E-8	2.780126E-3
8.665000E-8	2.703044E-3
8.670000E-8	2.612258E-3
8.675000E-8	2.533462E-3
8.680000E-8	2.483787E-3
8.685000E-8	2.439250E-3
8.690000E-8	2.394713E-3
8.695000E-8	2.396426E-3
8.700000E-8	2.459805E-3
8.705000E-8	2.540314E-3
8.710000E-8	2.610544E-3
8.715000E-8	2.691053E-3
8.720000E-8	2.812672E-3
8.725000E-8	2.939430E-3
8.730000E-8	3.057623E-3
8.735000E-8	3.144983E-3
8.740000E-8	3.210075E-3
8.745000E-8	3.251186E-3
8.750000E-8	3.268315E-3
8.755000E-8	3.261464E-3
8.760000E-8	3.251186E-3
8.765000E-8	3.225492E-3
8.770000E-8	3.160400E-3
8.775000E-8	3.088456E-3
8.780000E-8	3.037068E-3
8.785000E-8	2.975402E-3
8.790000E-8	2.900032E-3
8.795000E-8	2.860634E-3
8.800000E-8	2.858921E-3
8.805000E-8	2.853783E-3
8.810000E-8	2.867486E-3
8.815000E-8	2.936004E-3
8.820000E-8	3.047346E-3
8.825000E-8	3.165540E-3
8.830000E-8	3.294011E-3
8.835000E-8	3.434472E-3
8.840000E-8	3.557804E-3
8.845000E-8	3.640026E-3
8.850000E-8	3.655442E-3
8.855000E-8	3.614332E-3
8.860000E-8	3.513268E-3
8.865000E-8	3.355676E-3
8.870000E-8	3.155261E-3
8.875000E-8	2.925726E-3
8.880000E-8	2.692766E-3
8.885000E-8	2.468369E-3
8.890000E-8	2.252538E-3
8.895000E-8	2.084669E-3
8.900000E-8	2.007587E-3
8.905000E-8	2.002448E-3
8.910000E-8	1.999022E-3
8.915000E-8	2.005874E-3
8.920000E-8	2.060688E-3
8.925000E-8	2.153187E-3
8.930000E-8	2.243973E-3
8.935000E-8	2.329620E-3
8.940000E-8	2.432397E-3
8.945000E-8	2.540313E-3
8.950000E-8	2.644802E-3
8.955000E-8	2.733876E-3
8.960000E-8	2.804106E-3
8.965000E-8	2.855495E-3
8.970000E-8	2.891467E-3
8.975000E-8	2.917161E-3
8.980000E-8	2.912022E-3
8.985000E-8	2.865773E-3
8.990000E-8	2.783552E-3
8.995000E-8	2.677349E-3
9.000000E-8	2.560869E-3
9.005000E-8	2.452953E-3
9.010000E-8	2.351889E-3
9.015000E-8	2.257677E-3
9.020000E-8	2.190872E-3
9.025000E-8	2.180595E-3
9.030000E-8	2.216566E-3
9.035000E-8	2.298788E-3
9.040000E-8	2.427259E-3
9.045000E-8	2.572859E-3
9.050000E-8	2.721886E-3
9.055000E-8	2.879477E-3
9.060000E-8	3.031929E-3
9.065000E-8	3.148409E-3
9.070000E-8	3.235769E-3
9.075000E-8	3.288871E-3
9.080000E-8	3.290584E-3
9.085000E-8	3.242621E-3
9.090000E-8	3.191233E-3
9.095000E-8	3.132992E-3
9.100000E-8	3.083317E-3
9.105000E-8	3.050771E-3
9.110000E-8	3.016512E-3
9.115000E-8	2.951420E-3
9.120000E-8	2.886328E-3
9.125000E-8	2.853782E-3
9.130000E-8	2.853782E-3
9.135000E-8	2.872625E-3
9.140000E-8	2.912022E-3
9.145000E-8	2.937717E-3
9.150000E-8	2.941143E-3
9.155000E-8	2.930865E-3
9.160000E-8	2.910309E-3
9.165000E-8	2.860634E-3
9.170000E-8	2.761283E-3
9.175000E-8	2.632812E-3
9.180000E-8	2.514618E-3
9.185000E-8	2.406703E-3
9.190000E-8	2.300500E-3
9.195000E-8	2.226843E-3
9.200000E-8	2.204575E-3
9.205000E-8	2.211427E-3
9.210000E-8	2.230269E-3
9.215000E-8	2.285084E-3
9.220000E-8	2.391286E-3
9.225000E-8	2.512906E-3
9.230000E-8	2.622534E-3
9.235000E-8	2.718460E-3
9.240000E-8	2.804107E-3
9.245000E-8	2.860634E-3
9.250000E-8	2.876051E-3
9.255000E-8	2.869199E-3
9.260000E-8	2.869199E-3
9.265000E-8	2.860634E-3
9.270000E-8	2.850356E-3
9.275000E-8	2.857208E-3
9.280000E-8	2.870912E-3
9.285000E-8	2.886328E-3
9.290000E-8	2.910310E-3
9.295000E-8	2.944569E-3
9.300000E-8	2.971976E-3
9.305000E-8	2.982253E-3
9.310000E-8	2.978827E-3
9.315000E-8	2.958272E-3
9.320000E-8	2.924013E-3
9.325000E-8	2.865773E-3
9.330000E-8	2.774987E-3
9.335000E-8	2.694478E-3
9.340000E-8	2.636238E-3
9.345000E-8	2.576285E-3
9.350000E-8	2.518045E-3
9.355000E-8	2.478647E-3
9.360000E-8	2.463230E-3
9.365000E-8	2.480359E-3
9.370000E-8	2.533461E-3
9.375000E-8	2.593414E-3
9.380000E-8	2.658506E-3
9.385000E-8	2.739014E-3
9.390000E-8	2.810958E-3
9.395000E-8	2.817810E-3
9.400000E-8	2.786977E-3
9.405000E-8	2.756144E-3
9.410000E-8	2.697904E-3
9.415000E-8	2.622534E-3
9.420000E-8	2.555729E-3
9.425000E-8	2.504341E-3
9.430000E-8	2.463230E-3
9.435000E-8	2.449526E-3
9.440000E-8	2.475220E-3
9.445000E-8	2.514618E-3
9.450000E-8	2.567719E-3
9.455000E-8	2.634524E-3
9.460000E-8	2.704755E-3
9.465000E-8	2.771560E-3
9.470000E-8	2.822948E-3
9.475000E-8	2.852068E-3
9.480000E-8	2.864059E-3
9.485000E-8	2.881188E-3
9.490000E-8	2.918873E-3
9.495000E-8	2.968549E-3
9.500000E-8	3.009659E-3
9.505000E-8	3.071326E-3
9.510000E-8	3.162112E-3
9.515000E-8	3.251185E-3
9.520000E-8	3.321416E-3
9.525000E-8	3.374517E-3
9.530000E-8	3.384795E-3
9.535000E-8	3.343684E-3
9.540000E-8	3.300861E-3
9.545000E-8	3.263176E-3
9.550000E-8	3.204936E-3
9.555000E-8	3.127853E-3
9.560000E-8	3.067900E-3
9.565000E-8	3.037067E-3
9.570000E-8	3.021651E-3
9.575000E-8	3.033642E-3
9.580000E-8	3.067900E-3
9.585000E-8	3.109011E-3
9.590000E-8	3.139844E-3
9.595000E-8	3.156974E-3
9.600000E-8	3.189520E-3
9.605000E-8	3.216927E-3
9.610000E-8	3.187807E-3
9.615000E-8	3.119289E-3
9.620000E-8	3.074752E-3
9.625000E-8	3.031929E-3
9.630000E-8	2.968549E-3
9.635000E-8	2.913735E-3
9.640000E-8	2.900031E-3
9.645000E-8	2.905170E-3
9.650000E-8	2.903457E-3
9.655000E-8	2.901744E-3
9.660000E-8	2.906883E-3
9.665000E-8	2.922299E-3
9.670000E-8	2.942855E-3
9.675000E-8	2.953133E-3
9.680000E-8	2.953133E-3
9.685000E-8	2.920587E-3
9.690000E-8	2.865773E-3
9.695000E-8	2.807533E-3
9.700000E-8	2.776700E-3
9.705000E-8	2.764709E-3
9.710000E-8	2.732163E-3
9.715000E-8	2.694479E-3
9.720000E-8	2.697905E-3
9.725000E-8	2.723599E-3
9.730000E-8	2.730451E-3
9.735000E-8	2.716747E-3
9.740000E-8	2.706469E-3
9.745000E-8	2.701330E-3
9.750000E-8	2.665358E-3
9.755000E-8	2.601979E-3
9.760000E-8	2.519758E-3
9.765000E-8	2.420406E-3
9.770000E-8	2.338185E-3
9.775000E-8	2.290222E-3
9.780000E-8	2.254250E-3
9.785000E-8	2.208001E-3
9.790000E-8	2.180593E-3
9.795000E-8	2.190871E-3
9.800000E-8	2.225130E-3
9.805000E-8	2.281658E-3
9.810000E-8	2.357028E-3
9.815000E-8	2.446101E-3
9.820000E-8	2.557443E-3
9.825000E-8	2.679062E-3
9.830000E-8	2.762997E-3
9.835000E-8	2.831515E-3
9.840000E-8	2.920588E-3
9.845000E-8	2.994245E-3
9.850000E-8	3.016513E-3
9.855000E-8	3.014800E-3
9.860000E-8	2.992531E-3
9.865000E-8	2.930865E-3
9.870000E-8	2.862347E-3
9.875000E-8	2.790403E-3
9.880000E-8	2.706469E-3
9.885000E-8	2.627673E-3
9.890000E-8	2.577998E-3
9.895000E-8	2.543739E-3
9.900000E-8	2.542026E-3
9.905000E-8	2.610544E-3
9.910000E-8	2.682488E-3
9.915000E-8	2.732164E-3
9.920000E-8	2.822950E-3
9.925000E-8	2.966837E-3
9.930000E-8	3.078179E-3
9.935000E-8	3.115863E-3
9.940000E-8	3.134706E-3
9.945000E-8	3.141558E-3
9.950000E-8	3.129567E-3
9.955000E-8	3.071327E-3
9.960000E-8	2.973689E-3
9.965000E-8	2.876051E-3
9.970000E-8	2.809246E-3
9.975000E-8	2.745867E-3
9.980000E-8	2.670497E-3
9.985000E-8	2.615683E-3
9.990000E-8	2.603693E-3
9.995000E-8	2.629387E-3
1.000000E-7	2.680775E-3
1.000500E-7	2.757857E-3
1.001000E-7	2.846931E-3
1.001500E-7	2.915448E-3
1.002000E-7	2.961698E-3
1.002500E-7	3.002809E-3
1.003000E-7	3.059336E-3
1.003500E-7	3.102160E-3
1.004000E-7	3.121002E-3
1.004500E-7	3.141557E-3
1.005000E-7	3.177529E-3
1.005500E-7	3.211788E-3
1.006000E-7	3.240909E-3
1.006500E-7	3.275168E-3
1.007000E-7	3.285445E-3
1.007500E-7	3.285445E-3
1.008000E-7	3.299149E-3
1.008500E-7	3.326556E-3
1.009000E-7	3.348824E-3
1.009500E-7	3.372805E-3
1.010000E-7	3.410490E-3
1.010500E-7	3.434471E-3
1.011000E-7	3.432758E-3
1.011500E-7	3.420768E-3
1.012000E-7	3.389934E-3
1.012500E-7	3.323129E-3
1.013000E-7	3.210075E-3
1.013500E-7	3.064474E-3
1.014000E-7	2.877763E-3
1.014500E-7	2.684200E-3
1.015000E-7	2.521470E-3
1.015500E-7	2.401563E-3
1.016000E-7	2.333045E-3
1.016500E-7	2.327906E-3
1.017000E-7	2.386147E-3
1.017500E-7	2.495775E-3
1.018000E-7	2.655080E-3
1.018500E-7	2.836652E-3
1.019000E-7	2.992531E-3
1.019500E-7	3.132993E-3
1.020000E-7	3.258038E-3
1.020500E-7	3.336834E-3
1.021000E-7	3.348825E-3
1.021500E-7	3.304288E-3
1.022000E-7	3.210076E-3
1.022500E-7	3.079892E-3
1.023000E-7	2.971976E-3
1.023500E-7	2.886328E-3
1.024000E-7	2.809246E-3
1.024500E-7	2.783551E-3
1.025000E-7	2.817810E-3
1.025500E-7	2.860634E-3
1.026000E-7	2.901744E-3
1.026500E-7	2.959985E-3
1.027000E-7	3.014799E-3
1.027500E-7	3.050771E-3
1.028000E-7	3.097020E-3
1.028500E-7	3.129567E-3
1.029000E-7	3.131279E-3
1.029500E-7	3.131279E-3
1.030000E-7	3.141557E-3
1.030500E-7	3.134705E-3
1.031000E-7	3.126140E-3
1.031500E-7	3.153547E-3
1.032000E-7	3.208361E-3
1.032500E-7	3.266601E-3
1.033000E-7	3.333406E-3
1.033500E-7	3.412202E-3
1.034000E-7	3.475581E-3
1.034500E-7	3.508127E-3
1.035000E-7	3.504701E-3
1.035500E-7	3.477294E-3
1.036000E-7	3.436184E-3
1.036500E-7	3.374518E-3
1.037000E-7	3.268315E-3
1.037500E-7	3.122715E-3
1.038000E-7	2.971976E-3
1.038500E-7	2.841792E-3
1.039000E-7	2.732163E-3
1.039500E-7	2.636238E-3
1.040000E-7	2.581424E-3
1.040500E-7	2.567720E-3
1.041000E-7	2.574572E-3
1.041500E-7	2.610544E-3
1.042000E-7	2.665358E-3
1.042500E-7	2.721885E-3
1.043000E-7	2.790403E-3
1.043500E-7	2.903457E-3
1.044000E-7	3.004521E-3
1.044500E-7	3.037067E-3
1.045000E-7	3.038780E-3
1.045500E-7	3.050771E-3
1.046000E-7	3.035354E-3
1.046500E-7	3.004521E-3
1.047000E-7	2.978827E-3
1.047500E-7	2.949707E-3
1.048000E-7	2.898319E-3
1.048500E-7	2.840079E-3
1.049000E-7	2.766422E-3
1.049500E-7	2.672210E-3
1.050000E-7	2.584850E-3
1.050500E-7	2.492351E-3
1.051000E-7	2.379296E-3
1.051500E-7	2.274806E-3
1.052000E-7	2.218279E-3
1.052500E-7	2.172029E-3
1.053000E-7	2.139483E-3
1.053500E-7	2.180594E-3
1.054000E-7	2.309065E-3
1.054500E-7	2.459804E-3
1.055000E-7	2.629386E-3
1.055500E-7	2.850356E-3
1.056000E-7	3.098733E-3
1.056500E-7	3.338546E-3
1.057000E-7	3.550951E-3
1.057500E-7	3.691413E-3
1.058000E-7	3.751366E-3
1.058500E-7	3.751366E-3
1.059000E-7	3.674284E-3
1.059500E-7	3.504702E-3
1.060000E-7	3.297435E-3
1.060500E-7	3.083316E-3
1.061000E-7	2.841791E-3
1.061500E-7	2.629385E-3
1.062000E-7	2.509479E-3
1.062500E-7	2.423832E-3
1.063000E-7	2.334758E-3
1.063500E-7	2.310777E-3
1.064000E-7	2.389573E-3
1.064500E-7	2.506053E-3
1.065000E-7	2.632811E-3
1.065500E-7	2.778412E-3
1.066000E-7	2.900031E-3
1.066500E-7	2.970262E-3
1.067000E-7	3.001095E-3
1.067500E-7	2.987391E-3
1.068000E-7	2.894892E-3
1.068500E-7	2.762995E-3
1.069000E-7	2.613969E-3
1.069500E-7	2.439248E-3
1.070000E-7	2.271379E-3
1.070500E-7	2.175455E-3
1.071000E-7	2.117214E-3
1.071500E-7	2.057261E-3
1.072000E-7	2.034993E-3
1.072500E-7	2.079530E-3
1.073000E-7	2.161751E-3
1.073500E-7	2.252537E-3
1.074000E-7	2.372443E-3
1.074500E-7	2.504340E-3
1.075000E-7	2.631098E-3
1.075500E-7	2.761282E-3
1.076000E-7	2.898317E-3
1.076500E-7	3.004520E-3
1.077000E-7	3.078177E-3
1.077500E-7	3.138130E-3
1.078000E-7	3.184379E-3
1.078500E-7	3.210074E-3
1.079000E-7	3.198083E-3
1.079500E-7	3.156973E-3
1.080000E-7	3.103872E-3
1.080500E-7	3.050770E-3
1.081000E-7	2.990817E-3
1.081500E-7	2.927438E-3
1.082000E-7	2.893180E-3
1.082500E-7	2.862347E-3
1.083000E-7	2.824662E-3
1.083500E-7	2.804106E-3
1.084000E-7	2.797254E-3
1.084500E-7	2.769847E-3
1.085000E-7	2.744153E-3
1.085500E-7	2.751004E-3
1.086000E-7	2.745865E-3
1.086500E-7	2.694477E-3
1.087000E-7	2.620820E-3
1.087500E-7	2.533460E-3
1.088000E-7	2.415267E-3
1.088500E-7	2.283370E-3
1.089000E-7	2.154899E-3
1.089500E-7	2.046983E-3
1.090000E-7	1.978466E-3
1.090500E-7	1.956198E-3
1.091000E-7	1.945920E-3
1.091500E-7	1.964762E-3
1.092000E-7	2.033280E-3
1.092500E-7	2.124067E-3
1.093000E-7	2.225131E-3
1.093500E-7	2.348463E-3
1.094000E-7	2.499202E-3
1.094500E-7	2.646515E-3
1.095000E-7	2.769847E-3
1.095500E-7	2.845217E-3
1.096000E-7	2.865772E-3
1.096500E-7	2.869198E-3
1.097000E-7	2.872624E-3
1.097500E-7	2.853781E-3
1.098000E-7	2.807532E-3
1.098500E-7	2.773273E-3
1.099000E-7	2.771560E-3
1.099500E-7	2.744153E-3
1.100000E-7	2.668783E-3
1.100500E-7	2.593414E-3
1.101000E-7	2.550590E-3
1.101500E-7	2.511193E-3
1.102000E-7	2.442675E-3
1.102500E-7	2.321056E-3
1.103000E-7	2.199436E-3
1.103500E-7	2.110363E-3
1.104000E-7	2.043558E-3
1.104500E-7	1.959623E-3
1.105000E-7	1.901383E-3
1.105500E-7	1.911661E-3
1.106000E-7	1.957910E-3
1.106500E-7	2.016150E-3
1.107000E-7	2.115501E-3
1.107500E-7	2.255963E-3
1.108000E-7	2.367304E-3
1.108500E-7	2.447813E-3
1.109000E-7	2.523183E-3
1.109500E-7	2.574572E-3
1.110000E-7	2.598553E-3
1.110500E-7	2.608831E-3
1.111000E-7	2.593414E-3
1.111500E-7	2.559156E-3
1.112000E-7	2.557443E-3
1.112500E-7	2.595127E-3
1.113000E-7	2.655081E-3
1.113500E-7	2.759570E-3
1.114000E-7	2.913735E-3
1.114500E-7	3.066188E-3
1.115000E-7	3.206649E-3
1.115500E-7	3.359101E-3
1.116000E-7	3.477294E-3
1.116500E-7	3.532109E-3
1.117000E-7	3.561229E-3
1.117500E-7	3.552664E-3
1.118000E-7	3.477294E-3
1.118500E-7	3.371092E-3
1.119000E-7	3.271741E-3
1.119500E-7	3.148408E-3
1.120000E-7	3.025076E-3
1.120500E-7	2.968549E-3
1.121000E-7	2.954846E-3
1.121500E-7	2.942855E-3
1.122000E-7	2.970262E-3
1.122500E-7	3.033641E-3
1.123000E-7	3.062761E-3
1.123500E-7	3.086743E-3
1.124000E-7	3.160399E-3
1.124500E-7	3.216926E-3
1.125000E-7	3.208362E-3
1.125500E-7	3.201510E-3
1.126000E-7	3.244334E-3
1.126500E-7	3.271741E-3
1.127000E-7	3.287158E-3
1.127500E-7	3.333407E-3
1.128000E-7	3.410490E-3
1.128500E-7	3.482434E-3
1.129000E-7	3.526970E-3
1.129500E-7	3.547526E-3
1.130000E-7	3.549239E-3
1.130500E-7	3.535535E-3
1.131000E-7	3.490999E-3
1.131500E-7	3.419055E-3
1.132000E-7	3.347111E-3
1.132500E-7	3.254612E-3
1.133000E-7	3.136418E-3
1.133500E-7	3.043919E-3
1.134000E-7	3.006234E-3
1.134500E-7	2.965123E-3
1.135000E-7	2.920586E-3
1.135500E-7	2.898318E-3
1.136000E-7	2.891466E-3
1.136500E-7	2.874337E-3
1.137000E-7	2.848643E-3
1.137500E-7	2.810958E-3
1.138000E-7	2.747579E-3
1.138500E-7	2.682487E-3
1.139000E-7	2.639664E-3
1.139500E-7	2.588276E-3
1.140000E-7	2.543739E-3
1.140500E-7	2.567721E-3
1.141000E-7	2.643091E-3
1.141500E-7	2.733877E-3
1.142000E-7	2.831515E-3
1.142500E-7	2.951421E-3
1.143000E-7	3.061050E-3
1.143500E-7	3.139845E-3
1.144000E-7	3.175817E-3
1.144500E-7	3.182669E-3
1.145000E-7	3.182669E-3
1.145500E-7	3.182669E-3
1.146000E-7	3.151835E-3
1.146500E-7	3.103873E-3
1.147000E-7	3.078179E-3
1.147500E-7	3.079891E-3
1.148000E-7	3.086743E-3
1.148500E-7	3.100446E-3
1.149000E-7	3.129566E-3
1.149500E-7	3.165538E-3
1.150000E-7	3.225491E-3
1.150500E-7	3.292296E-3
1.151000E-7	3.290583E-3
1.151500E-7	3.232343E-3
1.152000E-7	3.177529E-3
1.152500E-7	3.110724E-3
1.153000E-7	2.997669E-3
1.153500E-7	2.865772E-3
1.154000E-7	2.751005E-3
1.154500E-7	2.644803E-3
1.155000E-7	2.542026E-3
1.155500E-7	2.452953E-3
1.156000E-7	2.375870E-3
1.156500E-7	2.321055E-3
1.157000E-7	2.300500E-3
1.157500E-7	2.297074E-3
1.158000E-7	2.326194E-3
1.158500E-7	2.387860E-3
1.159000E-7	2.430683E-3
1.159500E-7	2.459803E-3
1.160000E-7	2.519756E-3
1.160500E-7	2.574571E-3
1.161000E-7	2.584848E-3
1.161500E-7	2.612256E-3
1.162000E-7	2.667070E-3
1.162500E-7	2.682487E-3
1.163000E-7	2.658506E-3
1.163500E-7	2.651654E-3
1.164000E-7	2.634525E-3
1.164500E-7	2.593414E-3
1.165000E-7	2.560868E-3
1.165500E-7	2.547164E-3
1.166000E-7	2.545451E-3
1.166500E-7	2.579710E-3
1.167000E-7	2.646515E-3
1.167500E-7	2.716746E-3
1.168000E-7	2.812671E-3
1.168500E-7	2.929151E-3
1.169000E-7	3.026789E-3
1.169500E-7	3.109011E-3
1.170000E-7	3.203223E-3
1.170500E-7	3.261463E-3
1.171000E-7	3.256324E-3
1.171500E-7	3.234056E-3
1.172000E-7	3.228917E-3
1.172500E-7	3.194658E-3
1.173000E-7	3.151834E-3
1.173500E-7	3.153547E-3
1.174000E-7	3.180954E-3
1.174500E-7	3.180954E-3
1.175000E-7	3.175815E-3
1.175500E-7	3.220352E-3
1.176000E-7	3.300860E-3
1.176500E-7	3.362526E-3
1.177000E-7	3.407063E-3
1.177500E-7	3.458451E-3
1.178000E-7	3.492710E-3
1.178500E-7	3.473867E-3
1.179000E-7	3.420766E-3
1.179500E-7	3.340257E-3
1.180000E-7	3.232342E-3
1.180500E-7	3.103871E-3
1.181000E-7	2.942854E-3
1.181500E-7	2.769846E-3
1.182000E-7	2.577996E-3
1.182500E-7	2.358739E-3
1.183000E-7	2.142908E-3
1.183500E-7	1.997308E-3
1.184000E-7	1.921938E-3
1.184500E-7	1.867124E-3
1.185000E-7	1.839717E-3
1.185500E-7	1.865411E-3
1.186000E-7	1.928790E-3
1.186500E-7	2.021289E-3
1.187000E-7	2.160038E-3
1.187500E-7	2.321055E-3
1.188000E-7	2.473507E-3
1.188500E-7	2.627673E-3
1.189000E-7	2.776700E-3
1.189500E-7	2.888041E-3
1.190000E-7	2.941143E-3
1.190500E-7	2.973689E-3
1.191000E-7	2.995958E-3
1.191500E-7	2.985680E-3
1.192000E-7	2.946282E-3
1.192500E-7	2.884616E-3
1.193000E-7	2.802394E-3
1.193500E-7	2.720172E-3
1.194000E-7	2.667071E-3
1.194500E-7	2.649941E-3
1.195000E-7	2.648228E-3
1.195500E-7	2.668783E-3
1.196000E-7	2.737301E-3
1.196500E-7	2.831513E-3
1.197000E-7	2.920586E-3
1.197500E-7	2.997669E-3
1.198000E-7	3.045632E-3
1.198500E-7	3.038780E-3
1.199000E-7	2.995956E-3
1.199500E-7	2.953133E-3
1.200000E-7	2.891467E-3
1.200500E-7	2.761283E-3
1.201000E-7	2.596840E-3
1.201500E-7	2.456378E-3
1.202000E-7	2.338185E-3
1.202500E-7	2.228556E-3
1.203000E-7	2.142909E-3
1.203500E-7	2.108650E-3
1.204000E-7	2.132631E-3
1.204500E-7	2.201149E-3
1.205000E-7	2.307351E-3
1.205500E-7	2.442674E-3
1.206000E-7	2.572858E-3
1.206500E-7	2.675635E-3
1.207000E-7	2.759569E-3
1.207500E-7	2.843504E-3
1.208000E-7	2.915448E-3
1.208500E-7	2.965123E-3
1.209000E-7	2.973688E-3
1.209500E-7	2.939429E-3
1.210000E-7	2.891467E-3
1.210500E-7	2.865772E-3
1.211000E-7	2.841791E-3
1.211500E-7	2.793829E-3
1.212000E-7	2.752718E-3
1.212500E-7	2.745866E-3
1.213000E-7	2.768135E-3
1.213500E-7	2.802394E-3
1.214000E-7	2.826375E-3
1.214500E-7	2.836652E-3
1.215000E-7	2.850356E-3
1.215500E-7	2.865772E-3
1.216000E-7	2.857208E-3
1.216500E-7	2.836652E-3
1.217000E-7	2.810958E-3
1.217500E-7	2.766421E-3
1.218000E-7	2.718458E-3
1.218500E-7	2.694477E-3
1.219000E-7	2.667070E-3
1.219500E-7	2.624246E-3
1.220000E-7	2.598552E-3
1.220500E-7	2.598552E-3
1.221000E-7	2.600265E-3
1.221500E-7	2.632811E-3
1.222000E-7	2.692764E-3
1.222500E-7	2.730449E-3
1.223000E-7	2.739014E-3
1.223500E-7	2.764708E-3
1.224000E-7	2.793829E-3
1.224500E-7	2.781838E-3
1.225000E-7	2.725311E-3
1.225500E-7	2.646515E-3
1.226000E-7	2.552303E-3
1.226500E-7	2.434110E-3
1.227000E-7	2.317629E-3
1.227500E-7	2.192584E-3
1.228000E-7	2.058974E-3
1.228500E-7	1.947632E-3
1.229000E-7	1.892818E-3
1.229500E-7	1.889392E-3
1.230000E-7	1.928790E-3
1.230500E-7	2.026428E-3
1.231000E-7	2.175455E-3
1.231500E-7	2.369018E-3
1.232000E-7	2.569433E-3
1.232500E-7	2.747579E-3
1.233000E-7	2.941142E-3
1.233500E-7	3.146696E-3
1.234000E-7	3.307713E-3
1.234500E-7	3.401925E-3
1.235000E-7	3.458452E-3
1.235500E-7	3.479008E-3
1.236000E-7	3.472156E-3
1.236500E-7	3.490998E-3
1.237000E-7	3.518405E-3
1.237500E-7	3.494424E-3
1.238000E-7	3.455026E-3
1.238500E-7	3.456739E-3
1.239000E-7	3.441323E-3
1.239500E-7	3.360814E-3
1.240000E-7	3.273454E-3
1.240500E-7	3.201510E-3
1.241000E-7	3.124428E-3
1.241500E-7	3.061049E-3
1.242000E-7	3.007948E-3
1.242500E-7	2.930865E-3
1.243000E-7	2.872625E-3
1.243500E-7	2.872624E-3
1.244000E-7	2.889754E-3
1.244500E-7	2.886327E-3
1.245000E-7	2.898318E-3
1.245500E-7	2.929150E-3
1.246000E-7	2.936002E-3
1.246500E-7	2.903456E-3
1.247000E-7	2.864058E-3
1.247500E-7	2.814383E-3
1.248000E-7	2.728735E-3
1.248500E-7	2.636236E-3
1.249000E-7	2.545450E-3
1.249500E-7	2.449526E-3
1.250000E-7	2.377582E-3
1.250500E-7	2.343324E-3
1.251000E-7	2.312491E-3
1.251500E-7	2.273093E-3
1.252000E-7	2.264529E-3
1.252500E-7	2.276519E-3
1.253000E-7	2.291936E-3
1.253500E-7	2.338185E-3
1.254000E-7	2.415267E-3
1.254500E-7	2.504340E-3
1.255000E-7	2.610543E-3
1.255500E-7	2.751004E-3
1.256000E-7	2.858920E-3
1.256500E-7	2.913734E-3
1.257000E-7	2.956558E-3
1.257500E-7	2.980539E-3
1.258000E-7	2.947993E-3
1.258500E-7	2.865772E-3
1.259000E-7	2.759569E-3
1.259500E-7	2.631099E-3
1.260000E-7	2.509480E-3
1.260500E-7	2.403278E-3
1.261000E-7	2.315918E-3
1.261500E-7	2.266242E-3
1.262000E-7	2.273094E-3
1.262500E-7	2.317631E-3
1.263000E-7	2.398139E-3
1.263500E-7	2.530036E-3
1.264000E-7	2.668784E-3
1.264500E-7	2.797255E-3
1.265000E-7	2.927438E-3
1.265500E-7	3.030215E-3
1.266000E-7	3.064474E-3
1.266500E-7	3.059335E-3
1.267000E-7	3.045631E-3
1.267500E-7	2.999382E-3
1.268000E-7	2.936003E-3
1.268500E-7	2.872624E-3
1.269000E-7	2.809245E-3
1.269500E-7	2.756143E-3
1.270000E-7	2.735588E-3
1.270500E-7	2.742440E-3
1.271000E-7	2.761282E-3
1.271500E-7	2.802393E-3
1.272000E-7	2.848643E-3
1.272500E-7	2.876050E-3
1.273000E-7	2.905170E-3
1.273500E-7	2.929151E-3
1.274000E-7	2.930864E-3
1.274500E-7	2.924012E-3
1.275000E-7	2.912021E-3
1.275500E-7	2.882901E-3
1.276000E-7	2.850355E-3
1.276500E-7	2.829800E-3
1.277000E-7	2.766421E-3
1.277500E-7	2.658506E-3
1.278000E-7	2.554016E-3
1.278500E-7	2.468369E-3
1.279000E-7	2.396425E-3
1.279500E-7	2.339898E-3
1.280000E-7	2.322768E-3
1.280500E-7	2.334759E-3
1.281000E-7	2.362166E-3
1.281500E-7	2.410129E-3
1.282000E-7	2.471795E-3
1.282500E-7	2.524896E-3
1.283000E-7	2.552303E-3
1.283500E-7	2.566007E-3
1.284000E-7	2.574571E-3
1.284500E-7	2.554016E-3
1.285000E-7	2.494063E-3
1.285500E-7	2.415267E-3
1.286000E-7	2.322768E-3
1.286500E-7	2.231982E-3
1.287000E-7	2.154899E-3
1.287500E-7	2.096659E-3
1.288000E-7	2.052123E-3
1.288500E-7	2.031567E-3
1.289000E-7	2.038419E-3
1.289500E-7	2.069252E-3
1.290000E-7	2.115502E-3
1.290500E-7	2.156612E-3
1.291000E-7	2.190871E-3
1.291500E-7	2.216565E-3
1.292000E-7	2.255963E-3
1.292500E-7	2.310777E-3
1.293000E-7	2.346749E-3
1.293500E-7	2.353601E-3
1.294000E-7	2.377582E-3
1.294500E-7	2.440961E-3
1.295000E-7	2.509479E-3
1.295500E-7	2.555729E-3
1.296000E-7	2.612256E-3
1.296500E-7	2.682487E-3
1.297000E-7	2.715033E-3
1.297500E-7	2.718459E-3
1.298000E-7	2.704755E-3
1.298500E-7	2.656792E-3
1.299000E-7	2.569432E-3
1.299500E-7	2.494062E-3
1.300000E-7	2.434109E-3
1.300500E-7	2.351887E-3
1.301000E-7	2.286795E-3
1.301500E-7	2.254249E-3
1.302000E-7	2.230268E-3
1.302500E-7	2.225130E-3
1.303000E-7	2.276518E-3
1.303500E-7	2.365592E-3
1.304000E-7	2.454665E-3
1.304500E-7	2.548877E-3
1.305000E-7	2.641376E-3
1.305500E-7	2.713320E-3
1.306000E-7	2.785264E-3
1.306500E-7	2.876050E-3
1.307000E-7	2.965123E-3
1.307500E-7	3.016512E-3
1.308000E-7	3.033641E-3
1.308500E-7	3.019938E-3
1.309000E-7	2.954846E-3
1.309500E-7	2.862346E-3
1.310000E-7	2.786977E-3
1.310500E-7	2.711607E-3
1.311000E-7	2.596839E-3
1.311500E-7	2.454665E-3
1.312000E-7	2.331332E-3
1.312500E-7	2.209713E-3
1.313000E-7	2.055548E-3
1.313500E-7	1.932216E-3
1.314000E-7	1.879114E-3
1.314500E-7	1.827726E-3
1.315000E-7	1.747217E-3
1.315500E-7	1.712958E-3
1.316000E-7	1.755782E-3
1.316500E-7	1.853420E-3
1.317000E-7	1.985317E-3
1.317500E-7	2.130918E-3
1.318000E-7	2.286796E-3
1.318500E-7	2.468369E-3
1.319000E-7	2.661932E-3
1.319500E-7	2.817810E-3
1.320000E-7	2.944568E-3
1.320500E-7	3.037067E-3
1.321000E-7	3.061048E-3
1.321500E-7	3.019938E-3
1.322000E-7	2.970262E-3
1.322500E-7	2.888041E-3
1.323000E-7	2.751005E-3
1.323500E-7	2.612256E-3
1.324000E-7	2.482072E-3
1.324500E-7	2.336472E-3
1.325000E-7	2.225130E-3
1.325500E-7	2.185732E-3
1.326000E-7	2.166890E-3
1.326500E-7	2.142909E-3
1.327000E-7	2.160038E-3
1.327500E-7	2.219991E-3
1.328000E-7	2.279944E-3
1.328500E-7	2.343323E-3
1.329000E-7	2.435823E-3
1.329500E-7	2.524896E-3
1.330000E-7	2.572858E-3
1.330500E-7	2.610543E-3
1.331000E-7	2.641375E-3
1.331500E-7	2.658505E-3
1.332000E-7	2.673921E-3
1.332500E-7	2.711606E-3
1.333000E-7	2.747578E-3
1.333500E-7	2.766420E-3
1.334000E-7	2.802392E-3
1.334500E-7	2.858920E-3
1.335000E-7	2.912021E-3
1.335500E-7	2.971975E-3
1.336000E-7	3.055910E-3
1.336500E-7	3.117576E-3
1.337000E-7	3.139845E-3
1.337500E-7	3.153548E-3
1.338000E-7	3.162113E-3
1.338500E-7	3.141558E-3
1.339000E-7	3.105586E-3
1.339500E-7	3.083318E-3
1.340000E-7	3.071328E-3
1.340500E-7	3.054198E-3
1.341000E-7	3.028504E-3
1.341500E-7	2.994245E-3
1.342000E-7	2.963412E-3
1.342500E-7	2.958273E-3
1.343000E-7	2.951421E-3
1.343500E-7	2.918875E-3
1.344000E-7	2.886329E-3
1.344500E-7	2.877764E-3
1.345000E-7	2.864060E-3
1.345500E-7	2.810958E-3
1.346000E-7	2.751005E-3
1.346500E-7	2.691051E-3
1.347000E-7	2.608830E-3
1.347500E-7	2.516330E-3
1.348000E-7	2.454664E-3
1.348500E-7	2.403276E-3
1.349000E-7	2.353600E-3
1.349500E-7	2.346749E-3
1.350000E-7	2.404989E-3
1.350500E-7	2.497489E-3
1.351000E-7	2.588275E-3
1.351500E-7	2.675636E-3
1.352000E-7	2.783552E-3
1.352500E-7	2.893180E-3
1.353000E-7	2.956560E-3
1.353500E-7	2.946282E-3
1.354000E-7	2.898320E-3
1.354500E-7	2.828089E-3
1.355000E-7	2.703044E-3
1.355500E-7	2.531749E-3
1.356000E-7	2.382722E-3
1.356500E-7	2.271381E-3
1.357000E-7	2.189159E-3
1.357500E-7	2.141197E-3
1.358000E-7	2.137771E-3
1.358500E-7	2.202862E-3
1.359000E-7	2.336472E-3
1.359500E-7	2.495776E-3
1.360000E-7	2.651654E-3
1.360500E-7	2.809245E-3
1.361000E-7	2.941142E-3
1.361500E-7	3.014799E-3
1.362000E-7	3.064474E-3
1.362500E-7	3.115862E-3
1.363000E-7	3.114149E-3
1.363500E-7	3.059335E-3
1.364000E-7	2.983965E-3
1.364500E-7	2.884614E-3
1.365000E-7	2.733875E-3
1.365500E-7	2.583136E-3
1.366000E-7	2.456378E-3
1.366500E-7	2.319342E-3
1.367000E-7	2.197723E-3
1.367500E-7	2.148048E-3
1.368000E-7	2.154900E-3
1.368500E-7	2.197724E-3
1.369000E-7	2.293649E-3
1.369500E-7	2.415268E-3
1.370000E-7	2.540313E-3
1.370500E-7	2.684201E-3
1.371000E-7	2.829801E-3
1.371500E-7	2.922300E-3
1.372000E-7	2.973689E-3
1.372500E-7	3.004522E-3
1.373000E-7	2.975402E-3
1.373500E-7	2.881189E-3
1.374000E-7	2.766422E-3
1.374500E-7	2.653367E-3
1.375000E-7	2.524896E-3
1.375500E-7	2.422119E-3
1.376000E-7	2.377583E-3
1.376500E-7	2.387860E-3
1.377000E-7	2.439249E-3
1.377500E-7	2.530035E-3
1.378000E-7	2.646515E-3
1.378500E-7	2.754431E-3
1.379000E-7	2.850356E-3
1.379500E-7	2.939430E-3
1.380000E-7	3.009660E-3
1.380500E-7	3.025077E-3
1.381000E-7	2.989105E-3
1.381500E-7	2.925726E-3
1.382000E-7	2.857208E-3
1.382500E-7	2.786977E-3
1.383000E-7	2.715033E-3
1.383500E-7	2.637950E-3
1.384000E-7	2.560867E-3
1.384500E-7	2.514618E-3
1.385000E-7	2.511192E-3
1.385500E-7	2.530034E-3
1.386000E-7	2.536886E-3
1.386500E-7	2.536886E-3
1.387000E-7	2.538599E-3
1.387500E-7	2.530034E-3
1.388000E-7	2.512905E-3
1.388500E-7	2.497489E-3
1.389000E-7	2.456378E-3
1.389500E-7	2.401564E-3
1.390000E-7	2.392999E-3
1.390500E-7	2.430684E-3
1.391000E-7	2.434110E-3
1.391500E-7	2.422119E-3
1.392000E-7	2.470082E-3
1.392500E-7	2.574571E-3
1.393000E-7	2.656793E-3
1.393500E-7	2.711607E-3
1.394000E-7	2.783551E-3
1.394500E-7	2.862346E-3
1.395000E-7	2.939429E-3
1.395500E-7	3.002808E-3
1.396000E-7	3.028502E-3
1.396500E-7	3.050770E-3
1.397000E-7	3.074751E-3
1.397500E-7	3.052483E-3
1.398000E-7	2.985678E-3
1.398500E-7	2.946280E-3
1.399000E-7	2.920586E-3
1.399500E-7	2.843503E-3
1.400000E-7	2.735587E-3
1.400500E-7	2.636236E-3
1.401000E-7	2.533459E-3
1.401500E-7	2.423831E-3
1.402000E-7	2.336470E-3
1.402500E-7	2.269665E-3
1.403000E-7	2.230268E-3
1.403500E-7	2.264527E-3
1.404000E-7	2.358739E-3
1.404500E-7	2.487211E-3
1.405000E-7	2.660218E-3
1.405500E-7	2.870911E-3
1.406000E-7	3.103872E-3
1.406500E-7	3.359101E-3
1.407000E-7	3.586923E-3
1.407500E-7	3.742801E-3
1.408000E-7	3.842152E-3
1.408500E-7	3.879837E-3
1.409000E-7	3.825023E-3
1.409500E-7	3.682848E-3
1.410000E-7	3.499563E-3
1.410500E-7	3.247759E-3
1.411000E-7	2.959984E-3
1.411500E-7	2.715033E-3
1.412000E-7	2.528322E-3
1.412500E-7	2.386147E-3
1.413000E-7	2.324481E-3
1.413500E-7	2.369018E-3
1.414000E-7	2.476934E-3
1.414500E-7	2.619109E-3
1.415000E-7	2.792117E-3
1.415500E-7	2.995958E-3
1.416000E-7	3.213502E-3
1.416500E-7	3.412204E-3
1.417000E-7	3.516693E-3
1.417500E-7	3.542387E-3
1.418000E-7	3.528683E-3
1.418500E-7	3.473869E-3
1.419000E-7	3.367666E-3
1.419500E-7	3.247759E-3
1.420000E-7	3.146695E-3
1.420500E-7	3.054196E-3
1.421000E-7	2.966836E-3
1.421500E-7	2.912021E-3
1.422000E-7	2.905170E-3
1.422500E-7	2.944568E-3
1.423000E-7	3.025076E-3
1.423500E-7	3.122714E-3
1.424000E-7	3.206649E-3
1.424500E-7	3.287157E-3
1.425000E-7	3.353962E-3
1.425500E-7	3.393360E-3
1.426000E-7	3.401925E-3
1.426500E-7	3.383082E-3
1.427000E-7	3.326555E-3
1.427500E-7	3.240908E-3
1.428000E-7	3.122714E-3
1.428500E-7	2.982252E-3
1.429000E-7	2.845216E-3
1.429500E-7	2.756143E-3
1.430000E-7	2.720171E-3
1.430500E-7	2.711606E-3
1.431000E-7	2.756143E-3
1.431500E-7	2.872624E-3
1.432000E-7	3.009660E-3
1.432500E-7	3.127853E-3
1.433000E-7	3.228917E-3
1.433500E-7	3.295722E-3
1.434000E-7	3.321417E-3
1.434500E-7	3.312852E-3
1.435000E-7	3.268315E-3
1.435500E-7	3.162112E-3
1.436000E-7	3.007947E-3
1.436500E-7	2.852069E-3
1.437000E-7	2.689339E-3
1.437500E-7	2.533461E-3
1.438000E-7	2.425545E-3
1.438500E-7	2.322769E-3
1.439000E-7	2.214853E-3
1.439500E-7	2.182307E-3
1.440000E-7	2.228557E-3
1.440500E-7	2.269668E-3
1.441000E-7	2.312491E-3
1.441500E-7	2.398139E-3
1.442000E-7	2.471795E-3
1.442500E-7	2.521471E-3
1.443000E-7	2.591701E-3
1.443500E-7	2.672210E-3
1.444000E-7	2.730450E-3
1.444500E-7	2.809245E-3
1.445000E-7	2.925725E-3
1.445500E-7	3.019937E-3
1.446000E-7	3.098733E-3
1.446500E-7	3.204936E-3
1.447000E-7	3.304287E-3
1.447500E-7	3.364240E-3
1.448000E-7	3.405350E-3
1.448500E-7	3.456739E-3
1.449000E-7	3.492711E-3
1.449500E-7	3.497850E-3
1.450000E-7	3.460165E-3
1.450500E-7	3.376230E-3
1.451000E-7	3.259750E-3
1.451500E-7	3.119288E-3
1.452000E-7	2.946281E-3
1.452500E-7	2.762995E-3
1.453000E-7	2.619108E-3
1.453500E-7	2.511192E-3
1.454000E-7	2.396425E-3
1.454500E-7	2.283370E-3
1.455000E-7	2.206288E-3
1.455500E-7	2.165177E-3
1.456000E-7	2.163464E-3
1.456500E-7	2.206288E-3
1.457000E-7	2.278232E-3
1.457500E-7	2.338185E-3
1.458000E-7	2.406703E-3
1.458500E-7	2.492351E-3
1.459000E-7	2.559156E-3
1.459500E-7	2.610545E-3
1.460000E-7	2.692766E-3
1.460500E-7	2.774988E-3
1.461000E-7	2.817811E-3
1.461500E-7	2.852070E-3
1.462000E-7	2.920588E-3
1.462500E-7	3.004522E-3
1.463000E-7	3.073040E-3
1.463500E-7	3.131280E-3
1.464000E-7	3.168964E-3
1.464500E-7	3.184380E-3
1.465000E-7	3.187806E-3
1.465500E-7	3.165538E-3
1.466000E-7	3.093594E-3
1.466500E-7	3.019937E-3
1.467000E-7	2.932577E-3
1.467500E-7	2.793829E-3
1.468000E-7	2.625960E-3
1.468500E-7	2.485498E-3
1.469000E-7	2.365592E-3
1.469500E-7	2.257676E-3
1.470000E-7	2.204575E-3
1.470500E-7	2.208001E-3
1.471000E-7	2.216566E-3
1.471500E-7	2.226844E-3
1.472000E-7	2.264528E-3
1.472500E-7	2.326195E-3
1.473000E-7	2.384435E-3
1.473500E-7	2.446101E-3
1.474000E-7	2.495776E-3
1.474500E-7	2.511193E-3
1.475000E-7	2.514619E-3
1.475500E-7	2.554016E-3
1.476000E-7	2.586562E-3
1.476500E-7	2.571146E-3
1.477000E-7	2.555729E-3
1.477500E-7	2.583137E-3
1.478000E-7	2.613970E-3
1.478500E-7	2.598553E-3
1.479000E-7	2.560868E-3
1.479500E-7	2.509480E-3
1.480000E-7	2.434110E-3
1.480500E-7	2.351888E-3
1.481000E-7	2.297074E-3
1.481500E-7	2.243972E-3
1.482000E-7	2.180593E-3
1.482500E-7	2.146334E-3
1.483000E-7	2.154899E-3
1.483500E-7	2.204575E-3
1.484000E-7	2.285083E-3
1.484500E-7	2.374156E-3
1.485000E-7	2.459804E-3
1.485500E-7	2.555729E-3
1.486000E-7	2.655080E-3
1.486500E-7	2.732163E-3
1.487000E-7	2.785264E-3
1.487500E-7	2.814384E-3
1.488000E-7	2.828088E-3
1.488500E-7	2.836653E-3
1.489000E-7	2.852069E-3
1.489500E-7	2.855495E-3
1.490000E-7	2.845218E-3
1.490500E-7	2.834940E-3
1.491000E-7	2.822949E-3
1.491500E-7	2.840079E-3
1.492000E-7	2.906883E-3
1.492500E-7	2.989105E-3
1.493000E-7	3.033641E-3
1.493500E-7	3.062761E-3
1.494000E-7	3.114150E-3
1.494500E-7	3.139844E-3
1.495000E-7	3.124427E-3
1.495500E-7	3.081603E-3
1.496000E-7	3.007946E-3
1.496500E-7	2.891466E-3
1.497000E-7	2.766421E-3
1.497500E-7	2.672208E-3
1.498000E-7	2.555728E-3
1.498500E-7	2.425544E-3
1.499000E-7	2.351887E-3
1.499500E-7	2.327906E-3
1.500000E-7	2.291934E-3
1.500500E-7	2.290221E-3
1.501000E-7	2.398137E-3
1.501500E-7	2.559154E-3
1.502000E-7	2.708181E-3
1.502500E-7	2.874337E-3
1.503000E-7	3.059336E-3
1.503500E-7	3.194659E-3
1.504000E-7	3.271742E-3
1.504500E-7	3.328269E-3
1.505000E-7	3.364241E-3
1.505500E-7	3.357390E-3
1.506000E-7	3.321418E-3
1.506500E-7	3.252900E-3
1.507000E-7	3.153549E-3
1.507500E-7	3.069615E-3
1.508000E-7	3.014800E-3
1.508500E-7	2.954847E-3
1.509000E-7	2.913736E-3
1.509500E-7	2.925726E-3
1.510000E-7	2.977114E-3
1.510500E-7	3.031928E-3
1.511000E-7	3.081603E-3
1.511500E-7	3.122714E-3
1.512000E-7	3.144982E-3
1.512500E-7	3.170676E-3
1.513000E-7	3.177528E-3
1.513500E-7	3.126140E-3
1.514000E-7	3.045631E-3
1.514500E-7	2.956558E-3
1.515000E-7	2.864059E-3
1.515500E-7	2.778412E-3
1.516000E-7	2.727024E-3
1.516500E-7	2.692765E-3
1.517000E-7	2.682487E-3
1.517500E-7	2.737302E-3
1.518000E-7	2.841791E-3
1.518500E-7	2.936003E-3
1.519000E-7	3.035354E-3
1.519500E-7	3.151834E-3
1.520000E-7	3.234056E-3
1.520500E-7	3.251185E-3
1.521000E-7	3.240907E-3
1.521500E-7	3.210074E-3
1.522000E-7	3.126140E-3
1.522500E-7	2.978826E-3
1.523000E-7	2.790402E-3
1.523500E-7	2.576284E-3
1.524000E-7	2.362165E-3
1.524500E-7	2.170315E-3
1.525000E-7	2.014437E-3
1.525500E-7	1.908235E-3
1.526000E-7	1.856847E-3
1.526500E-7	1.855134E-3
1.527000E-7	1.906522E-3
1.527500E-7	2.002447E-3
1.528000E-7	2.137770E-3
1.528500E-7	2.267954E-3
1.529000E-7	2.382722E-3
1.529500E-7	2.480360E-3
1.530000E-7	2.562581E-3
1.530500E-7	2.605405E-3
1.531000E-7	2.605405E-3
1.531500E-7	2.583136E-3
1.532000E-7	2.559155E-3
1.532500E-7	2.538600E-3
1.533000E-7	2.519758E-3
1.533500E-7	2.516332E-3
1.534000E-7	2.557442E-3
1.534500E-7	2.648229E-3
1.535000E-7	2.774987E-3
1.535500E-7	2.944569E-3
1.536000E-7	3.150122E-3
1.536500E-7	3.340260E-3
1.537000E-7	3.460166E-3
1.537500E-7	3.540674E-3
1.538000E-7	3.607479E-3
1.538500E-7	3.621182E-3
1.539000E-7	3.557803E-3
1.539500E-7	3.449888E-3
1.540000E-7	3.316278E-3
1.540500E-7	3.155260E-3
1.541000E-7	2.990817E-3
1.541500E-7	2.860633E-3
1.542000E-7	2.773273E-3
1.542500E-7	2.713320E-3
1.543000E-7	2.665357E-3
1.543500E-7	2.646515E-3
1.544000E-7	2.658505E-3
1.544500E-7	2.667070E-3
1.545000E-7	2.667070E-3
1.545500E-7	2.679061E-3
1.546000E-7	2.709894E-3
1.546500E-7	2.718459E-3
1.547000E-7	2.661932E-3
1.547500E-7	2.566007E-3
1.548000E-7	2.478646E-3
1.548500E-7	2.392999E-3
1.549000E-7	2.309064E-3
1.549500E-7	2.266241E-3
1.550000E-7	2.291935E-3
1.550500E-7	2.360452E-3
1.551000E-7	2.483784E-3
1.551500E-7	2.685912E-3
1.552000E-7	2.934289E-3
1.552500E-7	3.165537E-3
1.553000E-7	3.384795E-3
1.553500E-7	3.600626E-3
1.554000E-7	3.773634E-3
1.554500E-7	3.878124E-3
1.555000E-7	3.914096E-3
1.555500E-7	3.860995E-3
1.556000E-7	3.722247E-3
1.556500E-7	3.544100E-3
1.557000E-7	3.347111E-3
1.557500E-7	3.134706E-3
1.558000E-7	2.949707E-3
1.558500E-7	2.822949E-3
1.559000E-7	2.697904E-3
1.559500E-7	2.593414E-3
1.560000E-7	2.593413E-3
1.560500E-7	2.668783E-3
1.561000E-7	2.718458E-3
1.561500E-7	2.785263E-3
1.562000E-7	2.912021E-3
1.562500E-7	3.052483E-3
1.563000E-7	3.162111E-3
1.563500E-7	3.259749E-3
1.564000E-7	3.326554E-3
1.564500E-7	3.348823E-3
1.565000E-7	3.352249E-3
1.565500E-7	3.338546E-3
1.566000E-7	3.292296E-3
1.566500E-7	3.234056E-3
1.567000E-7	3.177529E-3
1.567500E-7	3.102160E-3
1.568000E-7	3.021651E-3
1.568500E-7	2.985679E-3
1.569000E-7	2.958272E-3
1.569500E-7	2.915449E-3
1.570000E-7	2.900032E-3
1.570500E-7	2.942856E-3
1.571000E-7	3.011373E-3
1.571500E-7	3.074752E-3
1.572000E-7	3.146696E-3
1.572500E-7	3.230630E-3
1.573000E-7	3.317990E-3
1.573500E-7	3.413915E-3
1.574000E-7	3.502988E-3
1.574500E-7	3.574932E-3
1.575000E-7	3.636598E-3
1.575500E-7	3.667431E-3
1.576000E-7	3.677709E-3
1.576500E-7	3.667431E-3
1.577000E-7	3.610904E-3
1.577500E-7	3.497849E-3
1.578000E-7	3.379656E-3
1.578500E-7	3.282018E-3
1.579000E-7	3.163824E-3
1.579500E-7	3.001095E-3
1.580000E-7	2.864059E-3
1.580500E-7	2.793828E-3
1.581000E-7	2.761282E-3
1.581500E-7	2.756144E-3
1.582000E-7	2.781838E-3
1.582500E-7	2.843504E-3
1.583000E-7	2.932577E-3
1.583500E-7	3.055910E-3
1.584000E-7	3.196371E-3
1.584500E-7	3.333407E-3
1.585000E-7	3.422480E-3
1.585500E-7	3.455026E-3
1.586000E-7	3.477294E-3
1.586500E-7	3.502988E-3
1.587000E-7	3.465303E-3
1.587500E-7	3.369378E-3
1.588000E-7	3.280305E-3
1.588500E-7	3.175815E-3
1.589000E-7	3.038779E-3
1.589500E-7	2.915447E-3
1.590000E-7	2.816096E-3
1.590500E-7	2.718458E-3
1.591000E-7	2.668783E-3
1.591500E-7	2.679061E-3
1.592000E-7	2.697903E-3
1.592500E-7	2.745866E-3
1.593000E-7	2.864059E-3
1.593500E-7	2.971975E-3
1.594000E-7	3.023364E-3
1.594500E-7	3.083317E-3
1.595000E-7	3.126141E-3
1.595500E-7	3.102160E-3
1.596000E-7	3.049059E-3
1.596500E-7	2.987393E-3
1.597000E-7	2.867486E-3
1.597500E-7	2.720173E-3
1.598000E-7	2.589989E-3
1.598500E-7	2.458092E-3
1.599000E-7	2.324482E-3
1.599500E-7	2.235408E-3
1.600000E-7	2.192584E-3
1.600500E-7	2.161751E-3
1.601000E-7	2.185732E-3
1.601500E-7	2.276518E-3
1.602000E-7	2.384433E-3
1.602500E-7	2.485497E-3
1.603000E-7	2.598552E-3
1.603500E-7	2.704754E-3
1.604000E-7	2.781837E-3
1.604500E-7	2.838364E-3
1.605000E-7	2.867484E-3
1.605500E-7	2.876049E-3
1.606000E-7	2.857207E-3
1.606500E-7	2.798967E-3
1.607000E-7	2.721884E-3
1.607500E-7	2.668783E-3
1.608000E-7	2.607117E-3
1.608500E-7	2.506053E-3
1.609000E-7	2.420406E-3
1.609500E-7	2.391286E-3
1.610000E-7	2.384434E-3
1.610500E-7	2.391286E-3
1.611000E-7	2.463230E-3
1.611500E-7	2.577997E-3
1.612000E-7	2.692765E-3
1.612500E-7	2.838365E-3
1.613000E-7	3.018225E-3
1.613500E-7	3.168964E-3
1.614000E-7	3.287158E-3
1.614500E-7	3.389935E-3
1.615000E-7	3.443036E-3
1.615500E-7	3.434471E-3
1.616000E-7	3.393361E-3
1.616500E-7	3.324843E-3
1.617000E-7	3.228918E-3
1.617500E-7	3.124428E-3
1.618000E-7	3.021651E-3
1.618500E-7	2.915449E-3
1.619000E-7	2.834940E-3
1.619500E-7	2.810959E-3
1.620000E-7	2.817810E-3
1.620500E-7	2.853782E-3
1.621000E-7	2.934290E-3
1.621500E-7	3.030215E-3
1.622000E-7	3.093594E-3
1.622500E-7	3.105585E-3
1.623000E-7	3.081603E-3
1.623500E-7	3.040493E-3
1.624000E-7	2.970262E-3
1.624500E-7	2.869198E-3
1.625000E-7	2.771560E-3
1.625500E-7	2.720172E-3
1.626000E-7	2.691052E-3
1.626500E-7	2.648228E-3
1.627000E-7	2.588275E-3
1.627500E-7	2.536886E-3
1.628000E-7	2.518044E-3
1.628500E-7	2.524895E-3
1.629000E-7	2.526608E-3
1.629500E-7	2.521469E-3
1.630000E-7	2.518043E-3
1.630500E-7	2.492349E-3
1.631000E-7	2.435822E-3
1.631500E-7	2.377582E-3
1.632000E-7	2.317628E-3
1.632500E-7	2.266240E-3
1.633000E-7	2.231981E-3
1.633500E-7	2.219991E-3
1.634000E-7	2.204574E-3
1.634500E-7	2.211426E-3
1.635000E-7	2.261102E-3
1.635500E-7	2.324481E-3
1.636000E-7	2.377582E-3
1.636500E-7	2.440961E-3
1.637000E-7	2.519757E-3
1.637500E-7	2.579710E-3
1.638000E-7	2.627673E-3
1.638500E-7	2.691052E-3
1.639000E-7	2.759569E-3
1.639500E-7	2.797254E-3
1.640000E-7	2.824661E-3
1.640500E-7	2.865772E-3
1.641000E-7	2.900031E-3
1.641500E-7	2.908596E-3
1.642000E-7	2.898318E-3
1.642500E-7	2.865772E-3
1.643000E-7	2.817810E-3
1.643500E-7	2.780125E-3
1.644000E-7	2.747579E-3
1.644500E-7	2.696190E-3
1.645000E-7	2.639663E-3
1.645500E-7	2.617395E-3
1.646000E-7	2.608830E-3
1.646500E-7	2.610543E-3
1.647000E-7	2.658505E-3
1.647500E-7	2.744152E-3
1.648000E-7	2.828087E-3
1.648500E-7	2.888040E-3
1.649000E-7	2.941141E-3
1.649500E-7	2.999382E-3
1.650000E-7	3.043918E-3
1.650500E-7	3.069613E-3
1.651000E-7	3.074752E-3
1.651500E-7	3.057622E-3
1.652000E-7	3.025076E-3
1.652500E-7	2.977114E-3
1.653000E-7	2.934290E-3
1.653500E-7	2.900031E-3
1.654000E-7	2.872624E-3
1.654500E-7	2.858920E-3
1.655000E-7	2.853782E-3
1.655500E-7	2.846930E-3
1.656000E-7	2.852069E-3
1.656500E-7	2.877763E-3
1.657000E-7	2.913735E-3
1.657500E-7	2.932577E-3
1.658000E-7	2.936003E-3
1.658500E-7	2.939429E-3
1.659000E-7	2.944568E-3
1.659500E-7	2.947994E-3
1.660000E-7	2.937716E-3
1.660500E-7	2.905170E-3
1.661000E-7	2.858921E-3
1.661500E-7	2.817810E-3
1.662000E-7	2.774986E-3
1.662500E-7	2.733876E-3
1.663000E-7	2.711607E-3
1.663500E-7	2.706468E-3
1.664000E-7	2.692765E-3
1.664500E-7	2.689339E-3
1.665000E-7	2.689339E-3
1.665500E-7	2.675635E-3
1.666000E-7	2.646515E-3
1.666500E-7	2.619108E-3
1.667000E-7	2.574571E-3
1.667500E-7	2.500914E-3
1.668000E-7	2.418692E-3
1.668500E-7	2.357026E-3
1.669000E-7	2.300499E-3
1.669500E-7	2.247397E-3
1.670000E-7	2.219990E-3
1.670500E-7	2.211426E-3
1.671000E-7	2.216565E-3
1.671500E-7	2.261101E-3
1.672000E-7	2.355313E-3
1.672500E-7	2.461516E-3
1.673000E-7	2.518044E-3
1.673500E-7	2.528321E-3
1.674000E-7	2.524896E-3
1.674500E-7	2.533460E-3
1.675000E-7	2.528321E-3
1.675500E-7	2.471794E-3
1.676000E-7	2.394711E-3
1.676500E-7	2.365591E-3
1.677000E-7	2.384434E-3
1.677500E-7	2.394711E-3
1.678000E-7	2.384433E-3
1.678500E-7	2.432396E-3
1.679000E-7	2.545450E-3
1.679500E-7	2.673921E-3
1.680000E-7	2.798966E-3
1.680500E-7	2.956557E-3
1.681000E-7	3.119287E-3
1.681500E-7	3.259749E-3
1.682000E-7	3.384794E-3
1.682500E-7	3.487571E-3
1.683000E-7	3.523543E-3
1.683500E-7	3.504701E-3
1.684000E-7	3.479007E-3
1.684500E-7	3.425905E-3
1.685000E-7	3.321416E-3
1.685500E-7	3.177528E-3
1.686000E-7	3.021650E-3
1.686500E-7	2.860633E-3
1.687000E-7	2.718459E-3
1.687500E-7	2.596839E-3
1.688000E-7	2.476933E-3
1.688500E-7	2.381008E-3
1.689000E-7	2.327907E-3
1.689500E-7	2.302213E-3
1.690000E-7	2.300500E-3
1.690500E-7	2.343324E-3
1.691000E-7	2.401564E-3
1.691500E-7	2.459804E-3
1.692000E-7	2.516331E-3
1.692500E-7	2.571146E-3
1.693000E-7	2.619108E-3
1.693500E-7	2.646515E-3
1.694000E-7	2.644803E-3
1.694500E-7	2.636238E-3
1.695000E-7	2.644803E-3
1.695500E-7	2.677349E-3
1.696000E-7	2.697904E-3
1.696500E-7	2.711607E-3
1.697000E-7	2.745866E-3
1.697500E-7	2.829800E-3
1.698000E-7	2.942855E-3
1.698500E-7	3.057622E-3
1.699000E-7	3.158686E-3
1.699500E-7	3.261462E-3
1.700000E-7	3.345397E-3
1.700500E-7	3.398498E-3
1.701000E-7	3.434470E-3
1.701500E-7	3.482432E-3
1.702000E-7	3.516691E-3
1.702500E-7	3.508127E-3
1.703000E-7	3.473868E-3
1.703500E-7	3.422480E-3
1.704000E-7	3.374517E-3
1.704500E-7	3.347110E-3
1.705000E-7	3.312851E-3
1.705500E-7	3.259750E-3
1.706000E-7	3.208361E-3
1.706500E-7	3.177528E-3
1.707000E-7	3.124426E-3
1.707500E-7	3.040492E-3
1.708000E-7	2.949706E-3
1.708500E-7	2.857206E-3
1.709000E-7	2.756142E-3
1.709500E-7	2.658505E-3
1.710000E-7	2.566006E-3
1.710500E-7	2.488923E-3
1.711000E-7	2.434109E-3
1.711500E-7	2.415267E-3
1.712000E-7	2.415267E-3
1.712500E-7	2.418693E-3
1.713000E-7	2.442674E-3
1.713500E-7	2.499202E-3
1.714000E-7	2.577997E-3
1.714500E-7	2.651654E-3
1.715000E-7	2.725311E-3
1.715500E-7	2.831513E-3
1.716000E-7	2.951419E-3
1.716500E-7	3.061048E-3
1.717000E-7	3.148408E-3
1.717500E-7	3.234056E-3
1.718000E-7	3.314564E-3
1.718500E-7	3.369378E-3
1.719000E-7	3.405350E-3
1.719500E-7	3.436183E-3
1.720000E-7	3.431044E-3
1.720500E-7	3.374517E-3
1.721000E-7	3.295722E-3
1.721500E-7	3.215213E-3
1.722000E-7	3.138131E-3
1.722500E-7	3.054196E-3
1.723000E-7	2.990817E-3
1.723500E-7	2.947994E-3
1.724000E-7	2.922300E-3
1.724500E-7	2.894893E-3
1.725000E-7	2.867485E-3
1.725500E-7	2.864059E-3
1.726000E-7	2.879476E-3
1.726500E-7	2.865772E-3
1.727000E-7	2.822949E-3
1.727500E-7	2.816097E-3
1.728000E-7	2.816097E-3
1.728500E-7	2.761282E-3
1.729000E-7	2.675635E-3
1.729500E-7	2.624246E-3
1.730000E-7	2.566006E-3
1.730500E-7	2.475220E-3
1.731000E-7	2.404989E-3
1.731500E-7	2.379295E-3
1.732000E-7	2.351888E-3
1.732500E-7	2.331333E-3
1.733000E-7	2.363879E-3
1.733500E-7	2.432397E-3
1.734000E-7	2.519757E-3
1.734500E-7	2.627673E-3
1.735000E-7	2.752718E-3
1.735500E-7	2.888041E-3
1.736000E-7	3.047345E-3
1.736500E-7	3.203224E-3
1.737000E-7	3.306000E-3
1.737500E-7	3.388222E-3
1.738000E-7	3.468730E-3
1.738500E-7	3.490998E-3
1.739000E-7	3.434471E-3
1.739500E-7	3.352249E-3
1.740000E-7	3.259750E-3
1.740500E-7	3.124427E-3
1.741000E-7	2.966836E-3
1.741500E-7	2.845217E-3
1.742000E-7	2.751004E-3
1.742500E-7	2.675635E-3
1.743000E-7	2.643089E-3
1.743500E-7	2.636237E-3
1.744000E-7	2.627672E-3
1.744500E-7	2.646514E-3
1.745000E-7	2.709894E-3
1.745500E-7	2.776699E-3
1.746000E-7	2.821236E-3
1.746500E-7	2.870911E-3
1.747000E-7	2.908596E-3
1.747500E-7	2.929151E-3
1.748000E-7	2.970262E-3
1.748500E-7	3.037067E-3
1.749000E-7	3.107298E-3
1.749500E-7	3.180954E-3
1.750000E-7	3.266601E-3
1.750500E-7	3.336832E-3
1.751000E-7	3.389933E-3
1.751500E-7	3.425905E-3
1.752000E-7	3.424192E-3
1.752500E-7	3.388220E-3
1.753000E-7	3.333406E-3
1.753500E-7	3.259749E-3
1.754000E-7	3.170676E-3
1.754500E-7	3.083316E-3
1.755000E-7	3.004520E-3
1.755500E-7	2.942854E-3
1.756000E-7	2.906883E-3
1.756500E-7	2.874337E-3
1.757000E-7	2.833226E-3
1.757500E-7	2.805819E-3
1.758000E-7	2.780125E-3
1.758500E-7	2.735588E-3
1.759000E-7	2.685912E-3
1.759500E-7	2.636237E-3
1.760000E-7	2.571145E-3
1.760500E-7	2.516330E-3
1.761000E-7	2.502627E-3
1.761500E-7	2.511191E-3
1.762000E-7	2.518043E-3
1.762500E-7	2.554015E-3
1.763000E-7	2.613968E-3
1.763500E-7	2.660218E-3
1.764000E-7	2.682486E-3
1.764500E-7	2.685912E-3
1.765000E-7	2.639662E-3
1.765500E-7	2.540311E-3
1.766000E-7	2.418692E-3
1.766500E-7	2.290221E-3
1.767000E-7	2.148047E-3
1.767500E-7	2.005873E-3
1.768000E-7	1.904809E-3
1.768500E-7	1.856847E-3
1.769000E-7	1.861986E-3
1.769500E-7	1.921939E-3
1.770000E-7	2.033280E-3
1.770500E-7	2.182307E-3
1.771000E-7	2.336472E-3
1.771500E-7	2.480359E-3
1.772000E-7	2.610543E-3
1.772500E-7	2.699616E-3
1.773000E-7	2.739014E-3
1.773500E-7	2.739014E-3
1.774000E-7	2.696190E-3
1.774500E-7	2.619108E-3
1.775000E-7	2.511192E-3
1.775500E-7	2.396424E-3
1.776000E-7	2.298786E-3
1.776500E-7	2.249111E-3
1.777000E-7	2.245685E-3
1.777500E-7	2.262815E-3
1.778000E-7	2.300500E-3
1.778500E-7	2.392999E-3
1.779000E-7	2.519757E-3
1.779500E-7	2.636237E-3
1.780000E-7	2.757856E-3
1.780500E-7	2.888040E-3
1.781000E-7	2.968549E-3
1.781500E-7	2.987391E-3
1.782000E-7	3.006234E-3
1.782500E-7	3.019937E-3
1.783000E-7	2.982252E-3
1.783500E-7	2.898318E-3
1.784000E-7	2.807532E-3
1.784500E-7	2.699616E-3
1.785000E-7	2.567719E-3
1.785500E-7	2.461516E-3
1.786000E-7	2.391285E-3
1.786500E-7	2.327906E-3
1.787000E-7	2.278231E-3
1.787500E-7	2.266240E-3
1.788000E-7	2.278231E-3
1.788500E-7	2.317629E-3
1.789000E-7	2.392999E-3
1.789500E-7	2.514618E-3
1.790000E-7	2.670497E-3
1.790500E-7	2.841792E-3
1.791000E-7	2.985679E-3
1.791500E-7	3.100447E-3
1.792000E-7	3.179242E-3
1.792500E-7	3.194658E-3
1.793000E-7	3.131279E-3
1.793500E-7	3.026789E-3
1.794000E-7	2.924012E-3
1.794500E-7	2.800680E-3
1.795000E-7	2.636237E-3
1.795500E-7	2.461516E-3
1.796000E-7	2.314202E-3
1.796500E-7	2.214852E-3
1.797000E-7	2.153186E-3
1.797500E-7	2.141195E-3
1.798000E-7	2.190871E-3
1.798500E-7	2.286796E-3
1.799000E-7	2.375869E-3
1.799500E-7	2.471794E-3
1.800000E-7	2.619107E-3
1.800500E-7	2.786976E-3
1.801000E-7	2.898317E-3
1.801500E-7	2.970261E-3
1.802000E-7	3.047343E-3
1.802500E-7	3.098731E-3
1.803000E-7	3.091880E-3
1.803500E-7	3.050769E-3
1.804000E-7	3.009658E-3
1.804500E-7	2.937715E-3
1.805000E-7	2.833225E-3
1.805500E-7	2.757856E-3
1.806000E-7	2.733875E-3
1.806500E-7	2.756144E-3
1.807000E-7	2.798967E-3
1.807500E-7	2.852069E-3
1.808000E-7	2.905170E-3
1.808500E-7	2.970262E-3
1.809000E-7	3.035354E-3
1.809500E-7	3.081604E-3
1.810000E-7	3.097020E-3
1.810500E-7	3.103872E-3
1.811000E-7	3.090168E-3
1.811500E-7	3.061048E-3
1.812000E-7	3.026789E-3
1.812500E-7	2.982252E-3
1.813000E-7	2.913734E-3
1.813500E-7	2.846930E-3
1.814000E-7	2.817810E-3
1.814500E-7	2.816097E-3
1.815000E-7	2.819523E-3
1.815500E-7	2.814384E-3
1.816000E-7	2.814384E-3
1.816500E-7	2.831513E-3
1.817000E-7	2.843504E-3
1.817500E-7	2.822949E-3
1.818000E-7	2.769847E-3
1.818500E-7	2.723597E-3
1.819000E-7	2.691051E-3
1.819500E-7	2.675635E-3
1.820000E-7	2.670496E-3
1.820500E-7	2.663644E-3
1.821000E-7	2.653367E-3
1.821500E-7	2.672209E-3
1.822000E-7	2.739014E-3
1.822500E-7	2.819522E-3
1.823000E-7	2.891466E-3
1.823500E-7	2.973688E-3
1.824000E-7	3.074751E-3
1.824500E-7	3.162112E-3
1.825000E-7	3.223778E-3
1.825500E-7	3.270027E-3
1.826000E-7	3.278592E-3
1.826500E-7	3.232342E-3
1.827000E-7	3.160399E-3
1.827500E-7	3.083316E-3
1.828000E-7	2.973687E-3
1.828500E-7	2.814383E-3
1.829000E-7	2.632811E-3
1.829500E-7	2.442674E-3
1.830000E-7	2.252537E-3
1.830500E-7	2.082955E-3
1.831000E-7	1.945919E-3
1.831500E-7	1.853420E-3
1.832000E-7	1.838004E-3
1.832500E-7	1.906521E-3
1.833000E-7	2.029854E-3
1.833500E-7	2.196009E-3
1.834000E-7	2.406702E-3
1.834500E-7	2.641375E-3
1.835000E-7	2.865772E-3
1.835500E-7	3.076464E-3
1.836000E-7	3.254611E-3
1.836500E-7	3.374517E-3
1.837000E-7	3.439609E-3
1.837500E-7	3.470442E-3
1.838000E-7	3.429332E-3
1.838500E-7	3.309426E-3
1.839000E-7	3.148409E-3
1.839500E-7	2.995956E-3
1.840000E-7	2.848643E-3
1.840500E-7	2.723598E-3
1.841000E-7	2.649941E-3
1.841500E-7	2.625960E-3
1.842000E-7	2.639663E-3
1.842500E-7	2.689339E-3
1.843000E-7	2.761282E-3
1.843500E-7	2.836652E-3
1.844000E-7	2.900031E-3
1.844500E-7	2.958271E-3
1.845000E-7	2.985678E-3
1.845500E-7	2.966836E-3
1.846000E-7	2.924012E-3
1.846500E-7	2.886327E-3
1.847000E-7	2.826374E-3
1.847500E-7	2.720171E-3
1.848000E-7	2.617394E-3
1.848500E-7	2.559154E-3
1.849000E-7	2.530034E-3
1.849500E-7	2.536885E-3
1.850000E-7	2.605403E-3
1.850500E-7	2.715032E-3
1.851000E-7	2.819522E-3
1.851500E-7	2.920586E-3
1.852000E-7	3.028501E-3
1.852500E-7	3.124427E-3
1.853000E-7	3.167250E-3
1.853500E-7	3.151834E-3
1.854000E-7	3.073038E-3
1.854500E-7	2.953132E-3
1.855000E-7	2.797254E-3
1.855500E-7	2.613969E-3
1.856000E-7	2.425545E-3
1.856500E-7	2.257676E-3
1.857000E-7	2.129205E-3
1.857500E-7	2.058974E-3
1.858000E-7	2.050410E-3
1.858500E-7	2.094946E-3
1.859000E-7	2.177168E-3
1.859500E-7	2.307352E-3
1.860000E-7	2.482072E-3
1.860500E-7	2.653367E-3
1.861000E-7	2.800680E-3
1.861500E-7	2.922300E-3
1.862000E-7	3.018225E-3
1.862500E-7	3.054196E-3
1.863000E-7	3.028502E-3
1.863500E-7	2.959984E-3
1.864000E-7	2.881189E-3
1.864500E-7	2.804106E-3
1.865000E-7	2.721885E-3
1.865500E-7	2.620821E-3
1.866000E-7	2.538600E-3
1.866500E-7	2.524896E-3
1.867000E-7	2.557442E-3
1.867500E-7	2.615682E-3
1.868000E-7	2.706469E-3
1.868500E-7	2.831514E-3
1.869000E-7	2.959985E-3
1.869500E-7	3.074752E-3
1.870000E-7	3.182668E-3
1.870500E-7	3.240908E-3
1.871000E-7	3.235769E-3
1.871500E-7	3.192945E-3
1.872000E-7	3.146696E-3
1.872500E-7	3.066187E-3
1.873000E-7	2.924012E-3
1.873500E-7	2.754431E-3
1.874000E-7	2.591701E-3
1.874500E-7	2.452952E-3
1.875000E-7	2.326194E-3
1.875500E-7	2.243972E-3
1.876000E-7	2.226843E-3
1.876500E-7	2.240546E-3
1.877000E-7	2.237121E-3
1.877500E-7	2.240547E-3
1.878000E-7	2.291935E-3
1.878500E-7	2.350175E-3
1.879000E-7	2.365592E-3
1.879500E-7	2.365591E-3
1.880000E-7	2.416980E-3
1.880500E-7	2.494062E-3
1.881000E-7	2.557441E-3
1.881500E-7	2.632811E-3
1.882000E-7	2.757856E-3
1.882500E-7	2.888040E-3
1.883000E-7	2.978826E-3
1.883500E-7	3.071325E-3
1.884000E-7	3.194657E-3
1.884500E-7	3.287156E-3
1.885000E-7	3.338544E-3
1.885500E-7	3.372804E-3
1.886000E-7	3.379655E-3
1.886500E-7	3.331693E-3
1.887000E-7	3.263175E-3
1.887500E-7	3.184380E-3
1.888000E-7	3.079891E-3
1.888500E-7	2.963410E-3
1.889000E-7	2.872624E-3
1.889500E-7	2.795542E-3
1.890000E-7	2.715034E-3
1.890500E-7	2.644803E-3
1.891000E-7	2.595127E-3
1.891500E-7	2.576285E-3
1.892000E-7	2.560868E-3
1.892500E-7	2.507767E-3
1.893000E-7	2.446101E-3
1.893500E-7	2.432397E-3
1.894000E-7	2.446100E-3
1.894500E-7	2.427258E-3
1.895000E-7	2.408415E-3
1.895500E-7	2.430684E-3
1.896000E-7	2.466656E-3
1.896500E-7	2.504341E-3
1.897000E-7	2.577997E-3
1.897500E-7	2.680774E-3
1.898000E-7	2.773274E-3
1.898500E-7	2.845217E-3
1.899000E-7	2.905170E-3
1.899500E-7	2.961698E-3
1.900000E-7	3.009660E-3
1.900500E-7	3.031928E-3
1.901000E-7	3.011373E-3
1.901500E-7	2.970262E-3
1.902000E-7	2.920586E-3
1.902500E-7	2.848642E-3
1.903000E-7	2.757856E-3
1.903500E-7	2.668783E-3
1.904000E-7	2.584848E-3
1.904500E-7	2.492349E-3
1.905000E-7	2.416980E-3
1.905500E-7	2.358740E-3
1.906000E-7	2.307351E-3
1.906500E-7	2.252537E-3
1.907000E-7	2.202861E-3
1.907500E-7	2.173741E-3
1.908000E-7	2.163464E-3
1.908500E-7	2.166890E-3
1.909000E-7	2.177167E-3
1.909500E-7	2.202861E-3
1.910000E-7	2.235408E-3
1.910500E-7	2.255963E-3
1.911000E-7	2.285083E-3
1.911500E-7	2.348462E-3
1.912000E-7	2.447813E-3
1.912500E-7	2.547164E-3
1.913000E-7	2.639664E-3
1.913500E-7	2.732163E-3
1.914000E-7	2.819523E-3
1.914500E-7	2.894893E-3
1.915000E-7	2.954846E-3
1.915500E-7	2.982253E-3
1.916000E-7	2.985679E-3
1.916500E-7	2.973688E-3
1.917000E-7	2.930865E-3
1.917500E-7	2.853782E-3
1.918000E-7	2.771561E-3
1.918500E-7	2.699617E-3
1.919000E-7	2.617396E-3
1.919500E-7	2.524897E-3
1.920000E-7	2.461518E-3
1.920500E-7	2.430685E-3
1.921000E-7	2.437536E-3
1.921500E-7	2.487212E-3
1.922000E-7	2.588276E-3
1.922500E-7	2.730450E-3
1.923000E-7	2.898319E-3
1.923500E-7	3.042207E-3
1.924000E-7	3.151835E-3
1.924500E-7	3.239195E-3
1.925000E-7	3.304287E-3
1.925500E-7	3.323129E-3
1.926000E-7	3.307713E-3
1.926500E-7	3.285444E-3
1.927000E-7	3.258037E-3
1.927500E-7	3.220352E-3
1.928000E-7	3.191232E-3
1.928500E-7	3.174102E-3
1.929000E-7	3.167251E-3
1.929500E-7	3.174102E-3
1.930000E-7	3.180954E-3
1.930500E-7	3.167251E-3
1.931000E-7	3.150121E-3
1.931500E-7	3.151834E-3
1.932000E-7	3.141556E-3
1.932500E-7	3.121001E-3
1.933000E-7	3.119288E-3
1.933500E-7	3.126140E-3
1.934000E-7	3.109010E-3
1.934500E-7	3.098733E-3
1.935000E-7	3.122714E-3
1.935500E-7	3.146695E-3
1.936000E-7	3.151834E-3
1.936500E-7	3.186093E-3
1.937000E-7	3.237481E-3
1.937500E-7	3.258036E-3
1.938000E-7	3.256323E-3
1.938500E-7	3.240907E-3
1.939000E-7	3.203222E-3
1.939500E-7	3.155260E-3
1.940000E-7	3.122714E-3
1.940500E-7	3.097020E-3
1.941000E-7	3.069613E-3
1.941500E-7	3.066187E-3
1.942000E-7	3.100446E-3
1.942500E-7	3.132992E-3
1.943000E-7	3.168965E-3
1.943500E-7	3.220353E-3
1.944000E-7	3.270029E-3
1.944500E-7	3.295723E-3
1.945000E-7	3.307713E-3
1.945500E-7	3.290584E-3
1.946000E-7	3.239195E-3
1.946500E-7	3.156973E-3
1.947000E-7	3.050770E-3
1.947500E-7	2.949706E-3
1.948000E-7	2.886327E-3
1.948500E-7	2.836651E-3
1.949000E-7	2.759569E-3
1.949500E-7	2.687625E-3
1.950000E-7	2.660218E-3
1.950500E-7	2.631098E-3
1.951000E-7	2.576284E-3
1.951500E-7	2.540312E-3
1.952000E-7	2.548877E-3
1.952500E-7	2.572859E-3
1.953000E-7	2.605405E-3
1.953500E-7	2.651654E-3
1.954000E-7	2.699616E-3
1.954500E-7	2.752718E-3
1.955000E-7	2.798967E-3
1.955500E-7	2.828087E-3
1.956000E-7	2.858920E-3
1.956500E-7	2.896604E-3
1.957000E-7	2.898317E-3
1.957500E-7	2.850354E-3
1.958000E-7	2.800679E-3
1.958500E-7	2.747578E-3
1.959000E-7	2.646514E-3
1.959500E-7	2.507765E-3
1.960000E-7	2.403275E-3
1.960500E-7	2.327906E-3
1.961000E-7	2.273092E-3
1.961500E-7	2.278231E-3
1.962000E-7	2.345036E-3
1.962500E-7	2.434109E-3
1.963000E-7	2.543738E-3
1.963500E-7	2.691052E-3
1.964000E-7	2.819523E-3
1.964500E-7	2.884615E-3
1.965000E-7	2.930864E-3
1.965500E-7	2.961698E-3
1.966000E-7	2.958272E-3
1.966500E-7	2.918874E-3
1.967000E-7	2.822949E-3
1.967500E-7	2.665358E-3
1.968000E-7	2.524896E-3
1.968500E-7	2.459805E-3
1.969000E-7	2.413555E-3
1.969500E-7	2.367305E-3
1.970000E-7	2.404990E-3
1.970500E-7	2.528322E-3
1.971000E-7	2.679062E-3
1.971500E-7	2.850356E-3
1.972000E-7	3.028503E-3
1.972500E-7	3.146696E-3
1.973000E-7	3.216927E-3
1.973500E-7	3.259750E-3
1.974000E-7	3.213501E-3
1.974500E-7	3.061048E-3
1.975000E-7	2.891466E-3
1.975500E-7	2.737301E-3
1.976000E-7	2.572858E-3
1.976500E-7	2.434109E-3
1.977000E-7	2.358740E-3
1.977500E-7	2.326194E-3
1.978000E-7	2.338184E-3
1.978500E-7	2.384434E-3
1.979000E-7	2.451239E-3
1.979500E-7	2.564293E-3
1.980000E-7	2.718459E-3
1.980500E-7	2.834939E-3
1.981000E-7	2.896605E-3
1.981500E-7	2.936003E-3
1.982000E-7	2.937716E-3
1.982500E-7	2.893179E-3
1.983000E-7	2.833226E-3
1.983500E-7	2.780125E-3
1.984000E-7	2.696190E-3
1.984500E-7	2.625960E-3
1.985000E-7	2.605404E-3
1.985500E-7	2.620821E-3
1.986000E-7	2.661931E-3
1.986500E-7	2.740727E-3
1.987000E-7	2.824661E-3
1.987500E-7	2.888040E-3
1.988000E-7	2.917160E-3
1.988500E-7	2.900031E-3
1.989000E-7	2.822948E-3
1.989500E-7	2.718459E-3
1.990000E-7	2.610543E-3
1.990500E-7	2.490637E-3
1.991000E-7	2.370731E-3
1.991500E-7	2.293648E-3
1.992000E-7	2.259389E-3
1.992500E-7	2.257676E-3
1.993000E-7	2.307352E-3
1.993500E-7	2.422119E-3
1.994000E-7	2.571145E-3
1.994500E-7	2.709894E-3
1.995000E-7	2.826374E-3
1.995500E-7	2.934290E-3
1.996000E-7	3.045632E-3
1.996500E-7	3.126140E-3
1.997000E-7	3.119288E-3
1.997500E-7	3.067900E-3
1.998000E-7	3.043919E-3
1.998500E-7	3.028502E-3
1.999000E-7	2.980539E-3
1.999500E-7	2.929151E-3
2.000000E-7	2.903457E-3
