Study Name	Tungsten_Kyocera
Sample Name	2024-02-05
Run Name	spot03
Operator	Angus+Samantha
Date	2/5/2024
Time	16:26
Sign	FIX
Grating Spacing	03.40um
Channel	3
Number Traces	10000
Files in Batch	1
Batch Number	98
dt	50.000001E-12
time stamp (ms)	6:07:51 PM
	
Time	Amplitude
0.000000E+0	8.581929E-4
5.000000E-11	8.462021E-4
1.000000E-10	8.050913E-4
1.500000E-10	7.896746E-4
2.000000E-10	8.170816E-4
2.500000E-10	8.496275E-4
3.000000E-10	8.821734E-4
3.500000E-10	9.215710E-4
4.000000E-10	9.575429E-4
4.500000E-10	9.952277E-4
5.000000E-10	1.026061E-3
5.500000E-10	1.034626E-3
6.000000E-10	1.008931E-3
6.500000E-10	9.746726E-4
7.000000E-10	9.130067E-4
7.500000E-10	8.222206E-4
8.000000E-10	7.365734E-4
8.500000E-10	6.423614E-4
9.000000E-10	5.138904E-4
9.500000E-10	3.768547E-4
1.000000E-9	2.723649E-4
1.050000E-9	2.158376E-4
1.100000E-9	1.781528E-4
1.150000E-9	1.541715E-4
1.200000E-9	1.593104E-4
1.250000E-9	1.987082E-4
1.300000E-9	2.620872E-4
1.350000E-9	3.511604E-4
1.400000E-9	4.830573E-4
1.450000E-9	6.543519E-4
1.500000E-9	8.444891E-4
1.550000E-9	1.026061E-3
1.600000E-9	1.216199E-3
1.650000E-9	1.428604E-3
1.700000E-9	1.598186E-3
1.750000E-9	1.687259E-3
1.800000E-9	1.752351E-3
1.850000E-9	1.800314E-3
1.900000E-9	1.779758E-3
1.950000E-9	1.718092E-3
2.000000E-9	1.688972E-3
2.050000E-9	1.659852E-3
2.100000E-9	1.582769E-3
2.150000E-9	1.510825E-3
2.200000E-9	1.466288E-3
2.250000E-9	1.411474E-3
2.300000E-9	1.348095E-3
2.350000E-9	1.334391E-3
2.400000E-9	1.354947E-3
2.450000E-9	1.354947E-3
2.500000E-9	1.318975E-3
2.550000E-9	1.260735E-3
2.600000E-9	1.188791E-3
2.650000E-9	1.113422E-3
2.700000E-9	1.015784E-3
2.750000E-9	8.873130E-4
2.800000E-9	7.691196E-4
2.850000E-9	6.783333E-4
2.900000E-9	5.875469E-4
2.950000E-9	4.813439E-4
3.000000E-9	4.111128E-4
3.050000E-9	3.717148E-4
3.100000E-9	3.391687E-4
3.150000E-9	3.100485E-4
3.200000E-9	2.997708E-4
3.250000E-9	2.980580E-4
3.300000E-9	2.980582E-4
3.350000E-9	3.049103E-4
3.400000E-9	3.425954E-4
3.450000E-9	3.871323E-4
3.500000E-9	4.248174E-4
3.550000E-9	4.642155E-4
3.600000E-9	5.327336E-4
3.650000E-9	5.961127E-4
3.700000E-9	6.200941E-4
3.750000E-9	6.457882E-4
3.800000E-9	6.954636E-4
3.850000E-9	7.160188E-4
3.900000E-9	6.920374E-4
3.950000E-9	6.714820E-4
4.000000E-9	6.440747E-4
4.050000E-9	5.789826E-4
4.100000E-9	5.207423E-4
4.150000E-9	4.847704E-4
4.200000E-9	4.453726E-4
4.250000E-9	3.939842E-4
4.300000E-9	3.682900E-4
4.350000E-9	3.785676E-4
4.400000E-9	3.991230E-4
4.450000E-9	4.265302E-4
4.500000E-9	4.676410E-4
4.550000E-9	5.224553E-4
4.600000E-9	5.926862E-4
4.650000E-9	6.577782E-4
4.700000E-9	7.143055E-4
4.750000E-9	7.605551E-4
4.800000E-9	8.016660E-4
4.850000E-9	8.205085E-4
4.900000E-9	8.170826E-4
4.950000E-9	8.170827E-4
5.000000E-9	8.239345E-4
5.050000E-9	8.187956E-4
5.100000E-9	8.068050E-4
5.150000E-9	8.222214E-4
5.200000E-9	8.547672E-4
5.250000E-9	8.581930E-4
5.300000E-9	8.273598E-4
5.350000E-9	8.239338E-4
5.400000E-9	8.530538E-4
5.450000E-9	8.804608E-4
5.500000E-9	9.078678E-4
5.550000E-9	9.661080E-4
5.600000E-9	1.038052E-3
5.650000E-9	1.108283E-3
5.700000E-9	1.188791E-3
5.750000E-9	1.296707E-3
5.800000E-9	1.406336E-3
5.850000E-9	1.479992E-3
5.900000E-9	1.519390E-3
5.950000E-9	1.510826E-3
6.000000E-9	1.440595E-3
6.050000E-9	1.322401E-3
6.100000E-9	1.178514E-3
6.150000E-9	1.029487E-3
6.200000E-9	8.684703E-4
6.250000E-9	7.091661E-4
6.300000E-9	5.584268E-4
6.350000E-9	4.419463E-4
6.400000E-9	3.785671E-4
6.450000E-9	3.734283E-4
6.500000E-9	4.025484E-4
6.550000E-9	4.847699E-4
6.600000E-9	6.440740E-4
6.650000E-9	8.222206E-4
6.700000E-9	9.489788E-4
6.750000E-9	1.048330E-3
6.800000E-9	1.157958E-3
6.850000E-9	1.236754E-3
6.900000E-9	1.248745E-3
6.950000E-9	1.231615E-3
7.000000E-9	1.216199E-3
7.050000E-9	1.171662E-3
7.100000E-9	1.082589E-3
7.150000E-9	9.918032E-4
7.200000E-9	9.044431E-4
7.250000E-9	8.170830E-4
7.300000E-9	7.571300E-4
7.350000E-9	7.451395E-4
7.400000E-9	7.468526E-4
7.450000E-9	7.365750E-4
7.500000E-9	7.554174E-4
7.550000E-9	8.393518E-4
7.600000E-9	9.335638E-4
7.650000E-9	1.008933E-3
7.700000E-9	1.089442E-3
7.750000E-9	1.190506E-3
7.800000E-9	1.271014E-3
7.850000E-9	1.318976E-3
7.900000E-9	1.348096E-3
7.950000E-9	1.375503E-3
8.000000E-9	1.387494E-3
8.050000E-9	1.360087E-3
8.100000E-9	1.303560E-3
8.150000E-9	1.245319E-3
8.200000E-9	1.176801E-3
8.250000E-9	1.104858E-3
8.300000E-9	1.041478E-3
8.350000E-9	1.002081E-3
8.400000E-9	9.883769E-4
8.450000E-9	1.000367E-3
8.500000E-9	1.015784E-3
8.550000E-9	9.969412E-4
8.600000E-9	9.832376E-4
8.650000E-9	1.002080E-3
8.700000E-9	1.027774E-3
8.750000E-9	1.024348E-3
8.800000E-9	1.038052E-3
8.850000E-9	1.068885E-3
8.900000E-9	1.055182E-3
8.950000E-9	1.024349E-3
9.000000E-9	1.031201E-3
9.050000E-9	1.050043E-3
9.100000E-9	1.024349E-3
9.150000E-9	9.832390E-4
9.200000E-9	9.815262E-4
9.250000E-9	9.883781E-4
9.300000E-9	9.866651E-4
9.350000E-9	9.900910E-4
9.400000E-9	1.010646E-3
9.450000E-9	1.022637E-3
9.500000E-9	1.029488E-3
9.550000E-9	1.051757E-3
9.600000E-9	1.075738E-3
9.650000E-9	1.084302E-3
9.700000E-9	1.082589E-3
9.750000E-9	1.091154E-3
9.800000E-9	1.092867E-3
9.850000E-9	1.087728E-3
9.900000E-9	1.068885E-3
9.950000E-9	1.026062E-3
1.000000E-8	9.643955E-4
1.005000E-8	9.130072E-4
1.010000E-8	8.633319E-4
1.015000E-8	7.896753E-4
1.020000E-8	7.211575E-4
1.025000E-8	6.851856E-4
1.030000E-8	6.372232E-4
1.035000E-8	5.824090E-4
1.040000E-8	5.532890E-4
1.045000E-8	5.224559E-4
1.050000E-8	4.916229E-4
1.055000E-8	4.899099E-4
1.060000E-8	5.053264E-4
1.065000E-8	5.070393E-4
1.070000E-8	5.258816E-4
1.075000E-8	5.687053E-4
1.080000E-8	6.098160E-4
1.085000E-8	6.509267E-4
1.090000E-8	7.125929E-4
1.095000E-8	7.656944E-4
1.100000E-8	8.256476E-4
1.105000E-8	9.010174E-4
1.110000E-8	9.472670E-4
1.115000E-8	9.524058E-4
1.120000E-8	9.798129E-4
1.125000E-8	1.029488E-3
1.130000E-8	1.050044E-3
1.135000E-8	1.067173E-3
1.140000E-8	1.130552E-3
1.145000E-8	1.212773E-3
1.150000E-8	1.310411E-3
1.155000E-8	1.474854E-3
1.160000E-8	1.755777E-3
1.165000E-8	2.201142E-3
1.170000E-8	2.874330E-3
1.175000E-8	3.819876E-3
1.180000E-8	5.120001E-3
1.185000E-8	6.886048E-3
1.190000E-8	9.155700E-3
1.195000E-8	1.195294E-2
1.200000E-8	1.534115E-2
1.205000E-8	1.931004E-2
1.210000E-8	2.378597E-2
1.215000E-8	2.871069E-2
1.220000E-8	3.404994E-2
1.225000E-8	3.968040E-2
1.230000E-8	4.544447E-2
1.235000E-8	5.121196E-2
1.240000E-8	5.683385E-2
1.245000E-8	6.211487E-2
1.250000E-8	6.688543E-2
1.255000E-8	7.104789E-2
1.260000E-8	7.450805E-2
1.265000E-8	7.717682E-2
1.270000E-8	7.896000E-2
1.275000E-8	7.986444E-2
1.280000E-8	7.997921E-2
1.285000E-8	7.935570E-2
1.290000E-8	7.794423E-2
1.295000E-8	7.581333E-2
1.300000E-8	7.313942E-2
1.305000E-8	7.005269E-2
1.310000E-8	6.663023E-2
1.315000E-8	6.305873E-2
1.320000E-8	5.955919E-2
1.325000E-8	5.627204E-2
1.330000E-8	5.330693E-2
1.335000E-8	5.082316E-2
1.340000E-8	4.892007E-2
1.345000E-8	4.758397E-2
1.350000E-8	4.679601E-2
1.355000E-8	4.658532E-2
1.360000E-8	4.693304E-2
1.365000E-8	4.777238E-2
1.370000E-8	4.896459E-2
1.375000E-8	5.042573E-2
1.380000E-8	5.205474E-2
1.385000E-8	5.374199E-2
1.390000E-8	5.536587E-2
1.395000E-8	5.681673E-2
1.400000E-8	5.797126E-2
1.405000E-8	5.875922E-2
1.410000E-8	5.917546E-2
1.415000E-8	5.919431E-2
1.420000E-8	5.875408E-2
1.425000E-8	5.785479E-2
1.430000E-8	5.653925E-2
1.435000E-8	5.487769E-2
1.440000E-8	5.287697E-2
1.445000E-8	5.056621E-2
1.450000E-8	4.807045E-2
1.455000E-8	4.556954E-2
1.460000E-8	4.315258E-2
1.465000E-8	4.089834E-2
1.470000E-8	3.892160E-2
1.475000E-8	3.732342E-2
1.480000E-8	3.613292E-2
1.485000E-8	3.539635E-2
1.490000E-8	3.515825E-2
1.495000E-8	3.542204E-2
1.500000E-8	3.614661E-2
1.505000E-8	3.730456E-2
1.510000E-8	3.880681E-2
1.515000E-8	4.049235E-2
1.520000E-8	4.226525E-2
1.525000E-8	4.404843E-2
1.530000E-8	4.569799E-2
1.535000E-8	4.708206E-2
1.540000E-8	4.813209E-2
1.545000E-8	4.882926E-2
1.550000E-8	4.907593E-2
1.555000E-8	4.880186E-2
1.560000E-8	4.802590E-2
1.565000E-8	4.678915E-2
1.570000E-8	4.510190E-2
1.575000E-8	4.304637E-2
1.580000E-8	4.074931E-2
1.585000E-8	3.832035E-2
1.590000E-8	3.586741E-2
1.595000E-8	3.352068E-2
1.600000E-8	3.139491E-2
1.605000E-8	2.956377E-2
1.610000E-8	2.811290E-2
1.615000E-8	2.714680E-2
1.620000E-8	2.671513E-2
1.625000E-8	2.682647E-2
1.630000E-8	2.744313E-2
1.635000E-8	2.849659E-2
1.640000E-8	2.994574E-2
1.645000E-8	3.173919E-2
1.650000E-8	3.370737E-2
1.655000E-8	3.566355E-2
1.660000E-8	3.752895E-2
1.665000E-8	3.922306E-2
1.670000E-8	4.059684E-2
1.675000E-8	4.152869E-2
1.680000E-8	4.202373E-2
1.685000E-8	4.206313E-2
1.690000E-8	4.158693E-2
1.695000E-8	4.061055E-2
1.700000E-8	3.922307E-2
1.705000E-8	3.749471E-2
1.710000E-8	3.548028E-2
1.715000E-8	3.325345E-2
1.720000E-8	3.093070E-2
1.725000E-8	2.864049E-2
1.730000E-8	2.648389E-2
1.735000E-8	2.455169E-2
1.740000E-8	2.293124E-2
1.745000E-8	2.171504E-2
1.750000E-8	2.095449E-2
1.755000E-8	2.067014E-2
1.760000E-8	2.090481E-2
1.765000E-8	2.164652E-2
1.770000E-8	2.280960E-2
1.775000E-8	2.432899E-2
1.780000E-8	2.614642E-2
1.785000E-8	2.810432E-2
1.790000E-8	3.004166E-2
1.795000E-8	3.189507E-2
1.800000E-8	3.361487E-2
1.805000E-8	3.502805E-2
1.810000E-8	3.599244E-2
1.815000E-8	3.650461E-2
1.820000E-8	3.652346E-2
1.825000E-8	3.598388E-2
1.830000E-8	3.492186E-2
1.835000E-8	3.343331E-2
1.840000E-8	3.157476E-2
1.845000E-8	2.940789E-2
1.850000E-8	2.706115E-2
1.855000E-8	2.467159E-2
1.860000E-8	2.236597E-2
1.865000E-8	2.024705E-2
1.870000E-8	1.842790E-2
1.875000E-8	1.701814E-2
1.880000E-8	1.612741E-2
1.885000E-8	1.580195E-2
1.890000E-8	1.599722E-2
1.895000E-8	1.668582E-2
1.900000E-8	1.786947E-2
1.905000E-8	1.946079E-2
1.910000E-8	2.132962E-2
1.915000E-8	2.336460E-2
1.920000E-8	2.544925E-2
1.925000E-8	2.742085E-2
1.930000E-8	2.914750E-2
1.935000E-8	3.057096E-2
1.940000E-8	3.161415E-2
1.945000E-8	3.220169E-2
1.950000E-8	3.229762E-2
1.955000E-8	3.188994E-2
1.960000E-8	3.097865E-2
1.965000E-8	2.962885E-2
1.970000E-8	2.791762E-2
1.975000E-8	2.592375E-2
1.980000E-8	2.376544E-2
1.985000E-8	2.156259E-2
1.990000E-8	1.939058E-2
1.995000E-8	1.734875E-2
2.000000E-8	1.557071E-2
2.005000E-8	1.414039E-2
2.010000E-8	1.310406E-2
2.015000E-8	1.250453E-2
2.020000E-8	1.240860E-2
2.025000E-8	1.279744E-2
2.030000E-8	1.361794E-2
2.035000E-8	1.482899E-2
2.040000E-8	1.638605E-2
2.045000E-8	1.820349E-2
2.050000E-8	2.015453E-2
2.055000E-8	2.212271E-2
2.060000E-8	2.402922E-2
2.065000E-8	2.576615E-2
2.070000E-8	2.719474E-2
2.075000E-8	2.822765E-2
2.080000E-8	2.882719E-2
2.085000E-8	2.894881E-2
2.090000E-8	2.857196E-2
2.095000E-8	2.772063E-2
2.100000E-8	2.644449E-2
2.105000E-8	2.478807E-2
2.110000E-8	2.283531E-2
2.115000E-8	2.069413E-2
2.120000E-8	1.846387E-2
2.125000E-8	1.623190E-2
2.130000E-8	1.413012E-2
2.135000E-8	1.228185E-2
2.140000E-8	1.080357E-2
2.145000E-8	9.746684E-3
2.150000E-8	9.159141E-3
2.155000E-8	9.118028E-3
2.160000E-8	9.645613E-3
2.165000E-8	1.065454E-2
2.170000E-8	1.205401E-2
2.175000E-8	1.379608E-2
2.180000E-8	1.578995E-2
2.185000E-8	1.787631E-2
2.190000E-8	1.991815E-2
2.195000E-8	2.180753E-2
2.200000E-8	2.343140E-2
2.205000E-8	2.469042E-2
2.210000E-8	2.552120E-2
2.215000E-8	2.587578E-2
2.220000E-8	2.571990E-2
2.225000E-8	2.509126E-2
2.230000E-8	2.403437E-2
2.235000E-8	2.259036E-2
2.240000E-8	2.083288E-2
2.245000E-8	1.887327E-2
2.250000E-8	1.682116E-2
2.255000E-8	1.475363E-2
2.260000E-8	1.277518E-2
2.265000E-8	1.099371E-2
2.270000E-8	9.470902E-3
2.275000E-8	8.258134E-3
2.280000E-8	7.437631E-3
2.285000E-8	7.074484E-3
2.290000E-8	7.192675E-3
2.295000E-8	7.773362E-3
2.300000E-8	8.770295E-3
2.305000E-8	1.015949E-2
2.310000E-8	1.186901E-2
2.315000E-8	1.375497E-2
2.320000E-8	1.570258E-2
2.325000E-8	1.762965E-2
2.330000E-8	1.942311E-2
2.335000E-8	2.093221E-2
2.340000E-8	2.205762E-2
2.345000E-8	2.275822E-2
2.350000E-8	2.297576E-2
2.355000E-8	2.269313E-2
2.360000E-8	2.194286E-2
2.365000E-8	2.077634E-2
2.370000E-8	1.921928E-2
2.375000E-8	1.736416E-2
2.380000E-8	1.533603E-2
2.385000E-8	1.324452E-2
2.390000E-8	1.117700E-2
2.395000E-8	9.241368E-3
2.400000E-8	7.583235E-3
2.405000E-8	6.296811E-3
2.410000E-8	5.368393E-3
2.415000E-8	4.835665E-3
2.420000E-8	4.791126E-3
2.425000E-8	5.258758E-3
2.430000E-8	6.128933E-3
2.435000E-8	7.355401E-3
2.440000E-8	8.948439E-3
2.445000E-8	1.079328E-2
2.450000E-8	1.270835E-2
2.455000E-8	1.461486E-2
2.460000E-8	1.646998E-2
2.465000E-8	1.812640E-2
2.470000E-8	1.944195E-2
2.475000E-8	2.036865E-2
2.480000E-8	2.087055E-2
2.485000E-8	2.091166E-2
2.490000E-8	2.049199E-2
2.495000E-8	1.964066E-2
2.500000E-8	1.840391E-2
2.505000E-8	1.685884E-2
2.510000E-8	1.506881E-2
2.515000E-8	1.310064E-2
2.520000E-8	1.109306E-2
2.525000E-8	9.184841E-3
2.530000E-8	7.451338E-3
2.535000E-8	5.971352E-3
2.540000E-8	4.845945E-3
2.545000E-8	4.093960E-3
2.550000E-8	3.694841E-3
2.555000E-8	3.696552E-3
2.560000E-8	4.159045E-3
2.565000E-8	5.037785E-3
2.570000E-8	6.264253E-3
2.575000E-8	7.809329E-3
2.580000E-8	9.587366E-3
2.585000E-8	1.146475E-2
2.590000E-8	1.335927E-2
2.595000E-8	1.518870E-2
2.600000E-8	1.681086E-2
2.605000E-8	1.809900E-2
2.610000E-8	1.899830E-2
2.615000E-8	1.944880E-2
2.620000E-8	1.939913E-2
2.625000E-8	1.883215E-2
2.630000E-8	1.779753E-2
2.635000E-8	1.636208E-2
2.640000E-8	1.461145E-2
2.645000E-8	1.265013E-2
2.650000E-8	1.058946E-2
2.655000E-8	8.573318E-3
2.660000E-8	6.713058E-3
2.665000E-8	5.077193E-3
2.670000E-8	3.761649E-3
2.675000E-8	2.886332E-3
2.680000E-8	2.482075E-3
2.685000E-8	2.499202E-3
2.690000E-8	2.927437E-3
2.695000E-8	3.744511E-3
2.700000E-8	4.869915E-3
2.705000E-8	6.241983E-3
2.710000E-8	7.804189E-3
2.715000E-8	9.477737E-3
2.720000E-8	1.115129E-2
2.725000E-8	1.276659E-2
2.730000E-8	1.426028E-2
2.735000E-8	1.552787E-2
2.740000E-8	1.649568E-2
2.745000E-8	1.714318E-2
2.750000E-8	1.739327E-2
2.755000E-8	1.720313E-2
2.760000E-8	1.662073E-2
2.765000E-8	1.568547E-2
2.770000E-8	1.438020E-2
2.775000E-8	1.278888E-2
2.780000E-8	1.105366E-2
2.785000E-8	9.232802E-3
2.790000E-8	7.365690E-3
2.795000E-8	5.632188E-3
2.800000E-8	4.150488E-3
2.805000E-8	2.937721E-3
2.810000E-8	2.081246E-3
2.815000E-8	1.680415E-3
2.820000E-8	1.723237E-3
2.825000E-8	2.160037E-3
2.830000E-8	2.959981E-3
2.835000E-8	4.092237E-3
2.840000E-8	5.479723E-3
2.845000E-8	7.040216E-3
2.850000E-8	8.698348E-3
2.855000E-8	1.034963E-2
2.860000E-8	1.189813E-2
2.865000E-8	1.323252E-2
2.870000E-8	1.427228E-2
2.875000E-8	1.498829E-2
2.880000E-8	1.535829E-2
2.885000E-8	1.535315E-2
2.890000E-8	1.496260E-2
2.895000E-8	1.421747E-2
2.900000E-8	1.317943E-2
2.905000E-8	1.187759E-2
2.910000E-8	1.033765E-2
2.915000E-8	8.667529E-3
2.920000E-8	6.999120E-3
2.925000E-8	5.412931E-3
2.930000E-8	3.941510E-3
2.935000E-8	2.672216E-3
2.940000E-8	1.719816E-3
2.945000E-8	1.111719E-3
2.950000E-8	8.633402E-4
2.955000E-8	9.832447E-4
2.960000E-8	1.481710E-3
2.965000E-8	2.321053E-3
2.970000E-8	3.461873E-3
2.975000E-8	4.842507E-3
2.980000E-8	6.385871E-3
2.985000E-8	8.014882E-3
2.990000E-8	9.642181E-3
2.995000E-8	1.116842E-2
3.000000E-8	1.251651E-2
3.005000E-8	1.361622E-2
3.010000E-8	1.440075E-2
3.015000E-8	1.481357E-2
3.020000E-8	1.481700E-2
3.025000E-8	1.440589E-2
3.030000E-8	1.360252E-2
3.035000E-8	1.247198E-2
3.040000E-8	1.108621E-2
3.045000E-8	9.524002E-3
3.050000E-8	7.865871E-3
3.055000E-8	6.188896E-3
3.060000E-8	4.609559E-3
3.065000E-8	3.215220E-3
3.070000E-8	2.046990E-3
3.075000E-8	1.173386E-3
3.080000E-8	7.074625E-4
3.085000E-8	6.492205E-4
3.090000E-8	9.301419E-4
3.095000E-8	1.546801E-3
3.100000E-8	2.507762E-3
3.105000E-8	3.730805E-3
3.110000E-8	5.120003E-3
3.115000E-8	6.622257E-3
3.120000E-8	8.169047E-3
3.125000E-8	9.652459E-3
3.130000E-8	1.100397E-2
3.135000E-8	1.215508E-2
3.140000E-8	1.302697E-2
3.145000E-8	1.355969E-2
3.150000E-8	1.371557E-2
3.155000E-8	1.348604E-2
3.160000E-8	1.288651E-2
3.165000E-8	1.195810E-2
3.170000E-8	1.074704E-2
3.175000E-8	9.321873E-3
3.180000E-8	7.761380E-3
3.185000E-8	6.156349E-3
3.190000E-8	4.597568E-3
3.195000E-8	3.174109E-3
3.200000E-8	1.966481E-3
3.205000E-8	1.034637E-3
3.210000E-8	4.248269E-4
3.215000E-8	1.867259E-4
3.220000E-8	3.151953E-4
3.225000E-8	7.725503E-4
3.230000E-8	1.533097E-3
3.235000E-8	2.576280E-3
3.240000E-8	3.837007E-3
3.245000E-8	5.234771E-3
3.250000E-8	6.689062E-3
3.255000E-8	8.122798E-3
3.260000E-8	9.464035E-3
3.265000E-8	1.065625E-2
3.270000E-8	1.162577E-2
3.275000E-8	1.230753E-2
3.280000E-8	1.268780E-2
3.285000E-8	1.276660E-2
3.290000E-8	1.251480E-2
3.295000E-8	1.192041E-2
3.300000E-8	1.101769E-2
3.305000E-8	9.832330E-3
3.310000E-8	8.426002E-3
3.315000E-8	6.868934E-3
3.320000E-8	5.255339E-3
3.325000E-8	3.676003E-3
3.330000E-8	2.226849E-3
3.335000E-8	9.815367E-4
3.340000E-8	8.582034E-6
3.345000E-8	-6.234965E-4
3.350000E-8	-8.667364E-4
3.355000E-8	-7.108597E-4
3.360000E-8	-1.438759E-4
3.365000E-8	7.948174E-4
3.370000E-8	2.026425E-3
3.375000E-8	3.468725E-3
3.380000E-8	5.054912E-3
3.385000E-8	6.677072E-3
3.390000E-8	8.240992E-3
3.395000E-8	9.676442E-3
3.400000E-8	1.090462E-2
3.405000E-8	1.184846E-2
3.410000E-8	1.246855E-2
3.415000E-8	1.275804E-2
3.420000E-8	1.270322E-2
3.425000E-8	1.230239E-2
3.430000E-8	1.159837E-2
3.435000E-8	1.062200E-2
3.440000E-8	9.404093E-3
3.445000E-8	8.037162E-3
3.450000E-8	6.586297E-3
3.455000E-8	5.094321E-3
3.460000E-8	3.653733E-3
3.465000E-8	2.386152E-3
3.470000E-8	1.325838E-3
3.475000E-8	5.001966E-4
3.480000E-8	1.371863E-5
3.485000E-8	-1.079019E-4
3.490000E-8	7.195617E-5
3.495000E-8	5.652834E-4
3.500000E-8	1.408052E-3
3.505000E-8	2.511188E-3
3.510000E-8	3.785620E-3
3.515000E-8	5.214217E-3
3.520000E-8	6.697628E-3
3.525000E-8	8.079976E-3
3.530000E-8	9.313298E-3
3.535000E-8	1.037190E-2
3.540000E-8	1.115300E-2
3.545000E-8	1.157610E-2
3.550000E-8	1.167032E-2
3.555000E-8	1.145449E-2
3.560000E-8	1.090463E-2
3.565000E-8	1.005159E-2
3.570000E-8	8.967291E-3
3.575000E-8	7.725406E-3
3.580000E-8	6.385882E-3
3.585000E-8	5.037794E-3
3.590000E-8	3.763362E-3
3.595000E-8	2.634530E-3
3.600000E-8	1.699261E-3
3.605000E-8	1.005517E-3
3.610000E-8	5.909829E-4
3.615000E-8	4.590850E-4
3.620000E-8	5.978324E-4
3.625000E-8	1.024355E-3
3.630000E-8	1.714671E-3
3.635000E-8	2.598550E-3
3.640000E-8	3.621178E-3
3.645000E-8	4.756861E-3
3.650000E-8	5.943932E-3
3.655000E-8	7.074476E-3
3.660000E-8	8.107383E-3
3.665000E-8	9.020383E-3
3.670000E-8	9.736395E-3
3.675000E-8	1.018861E-2
3.680000E-8	1.039759E-2
3.685000E-8	1.035306E-2
3.690000E-8	1.001561E-2
3.695000E-8	9.419506E-3
3.700000E-8	8.633265E-3
3.705000E-8	7.653461E-3
3.710000E-8	6.481807E-3
3.715000E-8	5.215940E-3
3.720000E-8	3.941508E-3
3.725000E-8	2.708187E-3
3.730000E-8	1.569077E-3
3.735000E-8	5.909843E-4
3.740000E-8	-1.644261E-4
3.745000E-8	-6.354875E-4
3.750000E-8	-8.102094E-4
3.755000E-8	-6.903045E-4
3.760000E-8	-2.586434E-4
3.765000E-8	4.830611E-4
3.770000E-8	1.468004E-3
3.775000E-8	2.620816E-3
3.780000E-8	3.900387E-3
3.785000E-8	5.246762E-3
3.790000E-8	6.529759E-3
3.795000E-8	7.677433E-3
3.800000E-8	8.653814E-3
3.805000E-8	9.398946E-3
3.810000E-8	9.856304E-3
3.815000E-8	1.003103E-2
3.820000E-8	9.921398E-3
3.825000E-8	9.517144E-3
3.830000E-8	8.857661E-3
3.835000E-8	8.008041E-3
3.840000E-8	7.005968E-3
3.845000E-8	5.878850E-3
3.850000E-8	4.690066E-3
3.855000E-8	3.525263E-3
3.860000E-8	2.442680E-3
3.865000E-8	1.498846E-3
3.870000E-8	7.331587E-4
3.875000E-8	1.884408E-4
3.880000E-8	-9.248368E-5
3.885000E-8	-1.010498E-4
3.890000E-8	1.336224E-4
3.895000E-8	5.995424E-4
3.900000E-8	1.312127E-3
3.905000E-8	2.226839E-3
3.910000E-8	3.275161E-3
3.915000E-8	4.415983E-3
3.920000E-8	5.613333E-3
3.925000E-8	6.769572E-3
3.930000E-8	7.817895E-3
3.935000E-8	8.724045E-3
3.940000E-8	9.412650E-3
3.945000E-8	9.815193E-3
3.950000E-8	9.926536E-3
3.955000E-8	9.739826E-3
3.960000E-8	9.253351E-3
3.965000E-8	8.497943E-3
3.970000E-8	7.518138E-3
3.975000E-8	6.360187E-3
3.980000E-8	5.108024E-3
3.985000E-8	3.833592E-3
3.990000E-8	2.593419E-3
3.995000E-8	1.481716E-3
4.000000E-8	5.909834E-4
4.005000E-8	-5.479831E-5
4.010000E-8	-4.487770E-4
4.015000E-8	-5.412772E-4
4.020000E-8	-3.066047E-4
4.025000E-8	1.970003E-4
4.030000E-8	9.250015E-4
4.035000E-8	1.861982E-3
4.040000E-8	2.951416E-3
4.045000E-8	4.116219E-3
4.050000E-8	5.303290E-3
4.055000E-8	6.440687E-3
4.060000E-8	7.453039E-3
4.065000E-8	8.304374E-3
4.070000E-8	8.965572E-3
4.075000E-8	9.395522E-3
4.080000E-8	9.568531E-3
4.085000E-8	9.500014E-3
4.090000E-8	9.171129E-3
4.095000E-8	8.583589E-3
4.100000E-8	7.778505E-3
4.105000E-8	6.824395E-3
4.110000E-8	5.764082E-3
4.115000E-8	4.640389E-3
4.120000E-8	3.509844E-3
4.125000E-8	2.437540E-3
4.130000E-8	1.490280E-3
4.135000E-8	7.417217E-4
4.140000E-8	2.107076E-4
4.145000E-8	-1.027624E-4
4.150000E-8	-1.866976E-4
4.155000E-8	-4.109810E-5
4.160000E-8	3.323233E-4
4.165000E-8	9.027337E-4
4.170000E-8	1.610180E-3
4.175000E-8	2.392996E-3
4.180000E-8	3.247755E-3
4.185000E-8	4.140200E-3
4.190000E-8	5.001812E-3
4.195000E-8	5.801758E-3
4.200000E-8	6.510918E-3
4.205000E-8	7.048784E-3
4.210000E-8	7.408504E-3
4.215000E-8	7.627761E-3
4.220000E-8	7.638040E-3
4.225000E-8	7.406793E-3
4.230000E-8	6.973419E-3
4.235000E-8	6.372175E-3
4.240000E-8	5.577369E-3
4.245000E-8	4.640388E-3
4.250000E-8	3.674286E-3
4.255000E-8	2.715036E-3
4.260000E-8	1.791758E-3
4.265000E-8	9.746827E-4
4.270000E-8	3.271886E-4
4.275000E-8	-1.061874E-4
4.280000E-8	-2.843345E-4
4.285000E-8	-1.986878E-4
4.290000E-8	1.010770E-4
4.295000E-8	5.978307E-4
4.300000E-8	1.291573E-3
4.305000E-8	2.151472E-3
4.310000E-8	3.098730E-3
4.315000E-8	4.071683E-3
4.320000E-8	5.046350E-3
4.325000E-8	5.995322E-3
4.330000E-8	6.843230E-3
4.335000E-8	7.519845E-3
4.340000E-8	8.009748E-3
4.345000E-8	8.292385E-3
4.350000E-8	8.323218E-3
4.355000E-8	8.110814E-3
4.360000E-8	7.713411E-3
4.365000E-8	7.120732E-3
4.370000E-8	6.315648E-3
4.375000E-8	5.388945E-3
4.380000E-8	4.463955E-3
4.385000E-8	3.535538E-3
4.390000E-8	2.605408E-3
4.395000E-8	1.783194E-3
4.400000E-8	1.161395E-3
4.405000E-8	7.297318E-4
4.410000E-8	4.745023E-4
4.415000E-8	4.333910E-4
4.420000E-8	6.440826E-4
4.425000E-8	1.070605E-3
4.430000E-8	1.642729E-3
4.435000E-8	2.314203E-3
4.440000E-8	3.097018E-3
4.445000E-8	3.941500E-3
4.450000E-8	4.748297E-3
4.455000E-8	5.471160E-3
4.460000E-8	6.140922E-3
4.465000E-8	6.719898E-3
4.470000E-8	7.148135E-3
4.475000E-8	7.417068E-3
4.480000E-8	7.536975E-3
4.485000E-8	7.463319E-3
4.490000E-8	7.170406E-3
4.495000E-8	6.706199E-3
4.500000E-8	6.115233E-3
4.505000E-8	5.397509E-3
4.510000E-8	4.566731E-3
4.515000E-8	3.682851E-3
4.520000E-8	2.807536E-3
4.525000E-8	2.002451E-3
4.530000E-8	1.277875E-3
4.535000E-8	6.732042E-4
4.540000E-8	2.603836E-4
4.545000E-8	7.367187E-5
4.550000E-8	7.709706E-5
4.555000E-8	2.860758E-4
4.560000E-8	7.057468E-4
4.565000E-8	1.293287E-3
4.570000E-8	1.993881E-3
4.575000E-8	2.797252E-3
4.580000E-8	3.655438E-3
4.585000E-8	4.506772E-3
4.590000E-8	5.308431E-3
4.595000E-8	6.051850E-3
4.600000E-8	6.670224E-3
4.605000E-8	7.083044E-3
4.610000E-8	7.295450E-3
4.615000E-8	7.370820E-3
4.620000E-8	7.305729E-3
4.625000E-8	7.029945E-3
4.630000E-8	6.534905E-3
4.635000E-8	5.931948E-3
4.640000E-8	5.274178E-3
4.645000E-8	4.520482E-3
4.650000E-8	3.681139E-3
4.655000E-8	2.855499E-3
4.660000E-8	2.118932E-3
4.665000E-8	1.486855E-3
4.670000E-8	9.558413E-4
4.675000E-8	5.618631E-4
4.680000E-8	3.682995E-4
4.685000E-8	3.871410E-4
4.690000E-8	5.858418E-4
4.695000E-8	9.524114E-4
4.700000E-8	1.509118E-3
4.705000E-8	2.211425E-3
4.710000E-8	2.971973E-3
4.715000E-8	3.756502E-3
4.720000E-8	4.534179E-3
4.725000E-8	5.243339E-3
4.730000E-8	5.839445E-3
4.735000E-8	6.317357E-3
4.740000E-8	6.642817E-3
4.745000E-8	6.762724E-3
4.750000E-8	6.699345E-3
4.755000E-8	6.468098E-3
4.760000E-8	6.082686E-3
4.765000E-8	5.570515E-3
4.770000E-8	4.955568E-3
4.775000E-8	4.260112E-3
4.780000E-8	3.550953E-3
4.785000E-8	2.870913E-3
4.790000E-8	2.197726E-3
4.795000E-8	1.586204E-3
4.800000E-8	1.116856E-3
4.805000E-8	7.931094E-4
4.810000E-8	5.824167E-4
4.815000E-8	5.138984E-4
4.820000E-8	6.303782E-4
4.825000E-8	8.907454E-4
4.830000E-8	1.265880E-3
4.835000E-8	1.769486E-3
4.840000E-8	2.363877E-3
4.845000E-8	3.004519E-3
4.850000E-8	3.652012E-3
4.855000E-8	4.287515E-3
4.860000E-8	4.878482E-3
4.865000E-8	5.407782E-3
4.870000E-8	5.818890E-3
4.875000E-8	6.077545E-3
4.880000E-8	6.199165E-3
4.885000E-8	6.194027E-3
4.890000E-8	6.036437E-3
4.895000E-8	5.709265E-3
4.900000E-8	5.262186E-3
4.905000E-8	4.720896E-3
4.910000E-8	4.099097E-3
4.915000E-8	3.420770E-3
4.920000E-8	2.730453E-3
4.925000E-8	2.088098E-3
4.930000E-8	1.515973E-3
4.935000E-8	1.027783E-3
4.940000E-8	6.646381E-4
4.945000E-8	4.727874E-4
4.950000E-8	4.607962E-4
4.955000E-8	5.995442E-4
4.960000E-8	8.924574E-4
4.965000E-8	1.353240E-3
4.970000E-8	1.925363E-3
4.975000E-8	2.543737E-3
4.980000E-8	3.215211E-3
4.985000E-8	3.920945E-3
4.990000E-8	4.566726E-3
4.995000E-8	5.106304E-3
5.000000E-8	5.555096E-3
5.005000E-8	5.880557E-3
5.010000E-8	6.063842E-3
5.015000E-8	6.128935E-3
5.020000E-8	6.065557E-3
5.025000E-8	5.842874E-3
5.030000E-8	5.491721E-3
5.035000E-8	5.056633E-3
5.040000E-8	4.529046E-3
5.045000E-8	3.934654E-3
5.050000E-8	3.297438E-3
5.055000E-8	2.655083E-3
5.060000E-8	2.046987E-3
5.065000E-8	1.522825E-3
5.070000E-8	1.094588E-3
5.075000E-8	7.828314E-4
5.080000E-8	6.475080E-4
5.085000E-8	6.783405E-4
5.090000E-8	8.359310E-4
5.095000E-8	1.152825E-3
5.100000E-8	1.629024E-3
5.105000E-8	2.189157E-3
5.110000E-8	2.795540E-3
5.115000E-8	3.453311E-3
5.120000E-8	4.111082E-3
5.125000E-8	4.703762E-3
5.130000E-8	5.212507E-3
5.135000E-8	5.616763E-3
5.140000E-8	5.894261E-3
5.145000E-8	6.060417E-3
5.150000E-8	6.084399E-3
5.155000E-8	5.935373E-3
5.160000E-8	5.656163E-3
5.165000E-8	5.298158E-3
5.170000E-8	4.842515E-3
5.175000E-8	4.285808E-3
5.180000E-8	3.694841E-3
5.185000E-8	3.088458E-3
5.190000E-8	2.466658E-3
5.195000E-8	1.896247E-3
5.200000E-8	1.437177E-3
5.205000E-8	1.089448E-3
5.210000E-8	8.547740E-4
5.215000E-8	7.588484E-4
5.220000E-8	8.273657E-4
5.225000E-8	1.043196E-3
5.230000E-8	1.365230E-3
5.235000E-8	1.767772E-3
5.240000E-8	2.235406E-3
5.245000E-8	2.756142E-3
5.250000E-8	3.309423E-3
5.255000E-8	3.849002E-3
5.260000E-8	4.321775E-3
5.265000E-8	4.705475E-3
5.270000E-8	5.022370E-3
5.275000E-8	5.260470E-3
5.280000E-8	5.399219E-3
5.285000E-8	5.440330E-3
5.290000E-8	5.390655E-3
5.295000E-8	5.260472E-3
5.300000E-8	5.060058E-3
5.305000E-8	4.777422E-3
5.310000E-8	4.374880E-3
5.315000E-8	3.910671E-3
5.320000E-8	3.449889E-3
5.325000E-8	2.990819E-3
5.330000E-8	2.506055E-3
5.335000E-8	2.057263E-3
5.340000E-8	1.728377E-3
5.345000E-8	1.522823E-3
5.350000E-8	1.438888E-3
5.355000E-8	1.505693E-3
5.360000E-8	1.733515E-3
5.365000E-8	2.077816E-3
5.370000E-8	2.509479E-3
5.375000E-8	3.021649E-3
5.380000E-8	3.574931E-3
5.385000E-8	4.135064E-3
5.390000E-8	4.674642E-3
5.395000E-8	5.154267E-3
5.400000E-8	5.536254E-3
5.405000E-8	5.817177E-3
5.410000E-8	5.988472E-3
5.415000E-8	6.041574E-3
5.420000E-8	5.976482E-3
5.425000E-8	5.800049E-3
5.430000E-8	5.513988E-3
5.435000E-8	5.099455E-3
5.440000E-8	4.583859E-3
5.445000E-8	4.034003E-3
5.450000E-8	3.490999E-3
5.455000E-8	2.934292E-3
5.460000E-8	2.375872E-3
5.465000E-8	1.882543E-3
5.470000E-8	1.488565E-3
5.475000E-8	1.200790E-3
5.480000E-8	1.027782E-3
5.485000E-8	9.969485E-4
5.490000E-8	1.111715E-3
5.495000E-8	1.365231E-3
5.500000E-8	1.735227E-3
5.505000E-8	2.182305E-3
5.510000E-8	2.667069E-3
5.515000E-8	3.167249E-3
5.520000E-8	3.641735E-3
5.525000E-8	4.061407E-3
5.530000E-8	4.414274E-3
5.535000E-8	4.686633E-3
5.540000E-8	4.876770E-3
5.545000E-8	4.953853E-3
5.550000E-8	4.912743E-3
5.555000E-8	4.775707E-3
5.560000E-8	4.542747E-3
5.565000E-8	4.200158E-3
5.570000E-8	3.777061E-3
5.575000E-8	3.340260E-3
5.580000E-8	2.912023E-3
5.585000E-8	2.482074E-3
5.590000E-8	2.052125E-3
5.595000E-8	1.654721E-3
5.600000E-8	1.354955E-3
5.605000E-8	1.176809E-3
5.610000E-8	1.096300E-3
5.615000E-8	1.125419E-3
5.620000E-8	1.312130E-3
5.625000E-8	1.618747E-3
5.630000E-8	1.981891E-3
5.635000E-8	2.399850E-3
5.640000E-8	2.876048E-3
5.645000E-8	3.338544E-3
5.650000E-8	3.765067E-3
5.655000E-8	4.150480E-3
5.660000E-8	4.463949E-3
5.665000E-8	4.671215E-3
5.670000E-8	4.803112E-3
5.675000E-8	4.878482E-3
5.680000E-8	4.873344E-3
5.685000E-8	4.796262E-3
5.690000E-8	4.647236E-3
5.695000E-8	4.426266E-3
5.700000E-8	4.148769E-3
5.705000E-8	3.843865E-3
5.710000E-8	3.523544E-3
5.715000E-8	3.186094E-3
5.720000E-8	2.858921E-3
5.725000E-8	2.557443E-3
5.730000E-8	2.283371E-3
5.735000E-8	2.053836E-3
5.740000E-8	1.928791E-3
5.745000E-8	1.904810E-3
5.750000E-8	1.925365E-3
5.755000E-8	1.980179E-3
5.760000E-8	2.154900E-3
5.765000E-8	2.416980E-3
5.770000E-8	2.663644E-3
5.775000E-8	2.915447E-3
5.780000E-8	3.234055E-3
5.785000E-8	3.564653E-3
5.790000E-8	3.840438E-3
5.795000E-8	4.078537E-3
5.800000E-8	4.289230E-3
5.805000E-8	4.429692E-3
5.810000E-8	4.482793E-3
5.815000E-8	4.457099E-3
5.820000E-8	4.352610E-3
5.825000E-8	4.174464E-3
5.830000E-8	3.917522E-3
5.835000E-8	3.586923E-3
5.840000E-8	3.199798E-3
5.845000E-8	2.766422E-3
5.850000E-8	2.302214E-3
5.855000E-8	1.875690E-3
5.860000E-8	1.497129E-3
5.865000E-8	1.168244E-3
5.870000E-8	9.267181E-4
5.875000E-8	8.170895E-4
5.880000E-8	8.290801E-4
5.885000E-8	9.369956E-4
5.890000E-8	1.137410E-3
5.895000E-8	1.418333E-3
5.900000E-8	1.790042E-3
5.905000E-8	2.211427E-3
5.910000E-8	2.613969E-3
5.915000E-8	2.961696E-3
5.920000E-8	3.290582E-3
5.925000E-8	3.588634E-3
5.930000E-8	3.795901E-3
5.935000E-8	3.910668E-3
5.940000E-8	3.956918E-3
5.945000E-8	3.927798E-3
5.950000E-8	3.799327E-3
5.955000E-8	3.590348E-3
5.960000E-8	3.331693E-3
5.965000E-8	3.035354E-3
5.970000E-8	2.715033E-3
5.975000E-8	2.391287E-3
5.980000E-8	2.084669E-3
5.985000E-8	1.790043E-3
5.990000E-8	1.509120E-3
5.995000E-8	1.269307E-3
6.000000E-8	1.098012E-3
6.005000E-8	9.883835E-4
6.010000E-8	9.267172E-4
6.015000E-8	9.575499E-4
6.020000E-8	1.087734E-3
6.025000E-8	1.291574E-3
6.030000E-8	1.545090E-3
6.035000E-8	1.856846E-3
6.040000E-8	2.226842E-3
6.045000E-8	2.629384E-3
6.050000E-8	3.037065E-3
6.055000E-8	3.443033E-3
6.060000E-8	3.850715E-3
6.065000E-8	4.218998E-3
6.070000E-8	4.529042E-3
6.075000E-8	4.784271E-3
6.080000E-8	4.962418E-3
6.085000E-8	5.024084E-3
6.090000E-8	4.940150E-3
6.095000E-8	4.715754E-3
6.100000E-8	4.395434E-3
6.105000E-8	4.027150E-3
6.110000E-8	3.616043E-3
6.115000E-8	3.167251E-3
6.120000E-8	2.723598E-3
6.125000E-8	2.307352E-3
6.130000E-8	1.904810E-3
6.135000E-8	1.562220E-3
6.140000E-8	1.337824E-3
6.145000E-8	1.216205E-3
6.150000E-8	1.183659E-3
6.155000E-8	1.250463E-3
6.160000E-8	1.425184E-3
6.165000E-8	1.697542E-3
6.170000E-8	2.034992E-3
6.175000E-8	2.392998E-3
6.180000E-8	2.751004E-3
6.185000E-8	3.122713E-3
6.190000E-8	3.463589E-3
6.195000E-8	3.763355E-3
6.200000E-8	4.042565E-3
6.205000E-8	4.256684E-3
6.210000E-8	4.357748E-3
6.215000E-8	4.383442E-3
6.220000E-8	4.354323E-3
6.225000E-8	4.213861E-3
6.230000E-8	3.955206E-3
6.235000E-8	3.648589E-3
6.240000E-8	3.314565E-3
6.245000E-8	2.944568E-3
6.250000E-8	2.577998E-3
6.255000E-8	2.250825E-3
6.260000E-8	1.969902E-3
6.265000E-8	1.754071E-3
6.270000E-8	1.601618E-3
6.275000E-8	1.493703E-3
6.280000E-8	1.476573E-3
6.285000E-8	1.562220E-3
6.290000E-8	1.687265E-3
6.295000E-8	1.812310E-3
6.300000E-8	1.976752E-3
6.305000E-8	2.182306E-3
6.310000E-8	2.396424E-3
6.315000E-8	2.619107E-3
6.320000E-8	2.845216E-3
6.325000E-8	3.064473E-3
6.330000E-8	3.261462E-3
6.335000E-8	3.427618E-3
6.340000E-8	3.556089E-3
6.345000E-8	3.653727E-3
6.350000E-8	3.711968E-3
6.355000E-8	3.715394E-3
6.360000E-8	3.674283E-3
6.365000E-8	3.604053E-3
6.370000E-8	3.461878E-3
6.375000E-8	3.244334E-3
6.380000E-8	2.985680E-3
6.385000E-8	2.699618E-3
6.390000E-8	2.399852E-3
6.395000E-8	2.129207E-3
6.400000E-8	1.915088E-3
6.405000E-8	1.742081E-3
6.410000E-8	1.639304E-3
6.415000E-8	1.632452E-3
6.420000E-8	1.694117E-3
6.425000E-8	1.822588E-3
6.430000E-8	2.029854E-3
6.435000E-8	2.297073E-3
6.440000E-8	2.603690E-3
6.445000E-8	2.924011E-3
6.450000E-8	3.228915E-3
6.455000E-8	3.465302E-3
6.460000E-8	3.636596E-3
6.465000E-8	3.759928E-3
6.470000E-8	3.792474E-3
6.475000E-8	3.734235E-3
6.480000E-8	3.645162E-3
6.485000E-8	3.502987E-3
6.490000E-8	3.282018E-3
6.495000E-8	3.031928E-3
6.500000E-8	2.792116E-3
6.505000E-8	2.540313E-3
6.510000E-8	2.297075E-3
6.515000E-8	2.100086E-3
6.520000E-8	1.957912E-3
6.525000E-8	1.884255E-3
6.530000E-8	1.880829E-3
6.535000E-8	1.918513E-3
6.540000E-8	1.997309E-3
6.545000E-8	2.154899E-3
6.550000E-8	2.357027E-3
6.555000E-8	2.555728E-3
6.560000E-8	2.776698E-3
6.565000E-8	3.023362E-3
6.570000E-8	3.244332E-3
6.575000E-8	3.436182E-3
6.580000E-8	3.629745E-3
6.585000E-8	3.802752E-3
6.590000E-8	3.941501E-3
6.595000E-8	4.073398E-3
6.600000E-8	4.191592E-3
6.605000E-8	4.256684E-3
6.610000E-8	4.268675E-3
6.615000E-8	4.237842E-3
6.620000E-8	4.141918E-3
6.625000E-8	3.962059E-3
6.630000E-8	3.729098E-3
6.635000E-8	3.446462E-3
6.640000E-8	3.115864E-3
6.645000E-8	2.764710E-3
6.650000E-8	2.406704E-3
6.655000E-8	2.065828E-3
6.660000E-8	1.748932E-3
6.665000E-8	1.488564E-3
6.670000E-8	1.324121E-3
6.675000E-8	1.267594E-3
6.680000E-8	1.303565E-3
6.685000E-8	1.428610E-3
6.690000E-8	1.637589E-3
6.695000E-8	1.894531E-3
6.700000E-8	2.180592E-3
6.705000E-8	2.490636E-3
6.710000E-8	2.810957E-3
6.715000E-8	3.138130E-3
6.720000E-8	3.449886E-3
6.725000E-8	3.715393E-3
6.730000E-8	3.920947E-3
6.735000E-8	4.078538E-3
6.740000E-8	4.196732E-3
6.745000E-8	4.253259E-3
6.750000E-8	4.251547E-3
6.755000E-8	4.203585E-3
6.760000E-8	4.090530E-3
6.765000E-8	3.926087E-3
6.770000E-8	3.746228E-3
6.775000E-8	3.547526E-3
6.780000E-8	3.304288E-3
6.785000E-8	3.045633E-3
6.790000E-8	2.812672E-3
6.795000E-8	2.588275E-3
6.800000E-8	2.365592E-3
6.805000E-8	2.196010E-3
6.810000E-8	2.101798E-3
6.815000E-8	2.064113E-3
6.820000E-8	2.086381E-3
6.825000E-8	2.161751E-3
6.830000E-8	2.267953E-3
6.835000E-8	2.404989E-3
6.840000E-8	2.579710E-3
6.845000E-8	2.764708E-3
6.850000E-8	2.912021E-3
6.855000E-8	3.028501E-3
6.860000E-8	3.144981E-3
6.865000E-8	3.246045E-3
6.870000E-8	3.300860E-3
6.875000E-8	3.324841E-3
6.880000E-8	3.348822E-3
6.885000E-8	3.321415E-3
6.890000E-8	3.235768E-3
6.895000E-8	3.143269E-3
6.900000E-8	3.067900E-3
6.905000E-8	2.961697E-3
6.910000E-8	2.834939E-3
6.915000E-8	2.749292E-3
6.920000E-8	2.689339E-3
6.925000E-8	2.625960E-3
6.930000E-8	2.567720E-3
6.935000E-8	2.528322E-3
6.940000E-8	2.506053E-3
6.945000E-8	2.499201E-3
6.950000E-8	2.504340E-3
6.955000E-8	2.509479E-3
6.960000E-8	2.559154E-3
6.965000E-8	2.656792E-3
6.970000E-8	2.716745E-3
6.975000E-8	2.764708E-3
6.980000E-8	2.874336E-3
6.985000E-8	2.983965E-3
6.990000E-8	3.026789E-3
6.995000E-8	3.073038E-3
7.000000E-8	3.168963E-3
7.005000E-8	3.239194E-3
7.010000E-8	3.254611E-3
7.015000E-8	3.285444E-3
7.020000E-8	3.321416E-3
7.025000E-8	3.299148E-3
7.030000E-8	3.228917E-3
7.035000E-8	3.146695E-3
7.040000E-8	3.042206E-3
7.045000E-8	2.910309E-3
7.050000E-8	2.759570E-3
7.055000E-8	2.584849E-3
7.060000E-8	2.398138E-3
7.065000E-8	2.233695E-3
7.070000E-8	2.065826E-3
7.075000E-8	1.899670E-3
7.080000E-8	1.796894E-3
7.085000E-8	1.740366E-3
7.090000E-8	1.687265E-3
7.095000E-8	1.688978E-3
7.100000E-8	1.803745E-3
7.105000E-8	1.981891E-3
7.110000E-8	2.184019E-3
7.115000E-8	2.437535E-3
7.120000E-8	2.732162E-3
7.125000E-8	2.994243E-3
7.130000E-8	3.192944E-3
7.135000E-8	3.348822E-3
7.140000E-8	3.463590E-3
7.145000E-8	3.523543E-3
7.150000E-8	3.520117E-3
7.155000E-8	3.480719E-3
7.160000E-8	3.419053E-3
7.165000E-8	3.324841E-3
7.170000E-8	3.194657E-3
7.175000E-8	3.067899E-3
7.180000E-8	2.982252E-3
7.185000E-8	2.903457E-3
7.190000E-8	2.792115E-3
7.195000E-8	2.682487E-3
7.200000E-8	2.586562E-3
7.205000E-8	2.490637E-3
7.210000E-8	2.396425E-3
7.215000E-8	2.312490E-3
7.220000E-8	2.264527E-3
7.225000E-8	2.257675E-3
7.230000E-8	2.267953E-3
7.235000E-8	2.290221E-3
7.240000E-8	2.360452E-3
7.245000E-8	2.485497E-3
7.250000E-8	2.613968E-3
7.255000E-8	2.718458E-3
7.260000E-8	2.845216E-3
7.265000E-8	2.965122E-3
7.270000E-8	3.021649E-3
7.275000E-8	3.028501E-3
7.280000E-8	3.026788E-3
7.285000E-8	2.980539E-3
7.290000E-8	2.864059E-3
7.295000E-8	2.737301E-3
7.300000E-8	2.631098E-3
7.305000E-8	2.523183E-3
7.310000E-8	2.410128E-3
7.315000E-8	2.315916E-3
7.320000E-8	2.271380E-3
7.325000E-8	2.261102E-3
7.330000E-8	2.273093E-3
7.335000E-8	2.326194E-3
7.340000E-8	2.427258E-3
7.345000E-8	2.560867E-3
7.350000E-8	2.715033E-3
7.355000E-8	2.877763E-3
7.360000E-8	3.035354E-3
7.365000E-8	3.163825E-3
7.370000E-8	3.264888E-3
7.375000E-8	3.336832E-3
7.380000E-8	3.396785E-3
7.385000E-8	3.405350E-3
7.390000E-8	3.345397E-3
7.395000E-8	3.240907E-3
7.400000E-8	3.141556E-3
7.405000E-8	3.037066E-3
7.410000E-8	2.896605E-3
7.415000E-8	2.744152E-3
7.420000E-8	2.644801E-3
7.425000E-8	2.586561E-3
7.430000E-8	2.531747E-3
7.435000E-8	2.511192E-3
7.440000E-8	2.552303E-3
7.445000E-8	2.629386E-3
7.450000E-8	2.697904E-3
7.455000E-8	2.781838E-3
7.460000E-8	2.900032E-3
7.465000E-8	2.995957E-3
7.470000E-8	3.035354E-3
7.475000E-8	3.069613E-3
7.480000E-8	3.129566E-3
7.485000E-8	3.180954E-3
7.490000E-8	3.199796E-3
7.495000E-8	3.210074E-3
7.500000E-8	3.240907E-3
7.505000E-8	3.263175E-3
7.510000E-8	3.275166E-3
7.515000E-8	3.287157E-3
7.520000E-8	3.282018E-3
7.525000E-8	3.228917E-3
7.530000E-8	3.126140E-3
7.535000E-8	3.013086E-3
7.540000E-8	2.891467E-3
7.545000E-8	2.744153E-3
7.550000E-8	2.591701E-3
7.555000E-8	2.464943E-3
7.560000E-8	2.377582E-3
7.565000E-8	2.307351E-3
7.570000E-8	2.278231E-3
7.575000E-8	2.298787E-3
7.580000E-8	2.353601E-3
7.585000E-8	2.411841E-3
7.590000E-8	2.478646E-3
7.595000E-8	2.564294E-3
7.600000E-8	2.643089E-3
7.605000E-8	2.694478E-3
7.610000E-8	2.739014E-3
7.615000E-8	2.781838E-3
7.620000E-8	2.804106E-3
7.625000E-8	2.810958E-3
7.630000E-8	2.836652E-3
7.635000E-8	2.865772E-3
7.640000E-8	2.874336E-3
7.645000E-8	2.891466E-3
7.650000E-8	2.951419E-3
7.655000E-8	3.002807E-3
7.660000E-8	3.040492E-3
7.665000E-8	3.090167E-3
7.670000E-8	3.122714E-3
7.675000E-8	3.105584E-3
7.680000E-8	3.085029E-3
7.685000E-8	3.057622E-3
7.690000E-8	2.980539E-3
7.695000E-8	2.874337E-3
7.700000E-8	2.783550E-3
7.705000E-8	2.656792E-3
7.710000E-8	2.499201E-3
7.715000E-8	2.381008E-3
7.720000E-8	2.302212E-3
7.725000E-8	2.214852E-3
7.730000E-8	2.168603E-3
7.735000E-8	2.204574E-3
7.740000E-8	2.266241E-3
7.745000E-8	2.322768E-3
7.750000E-8	2.391286E-3
7.755000E-8	2.471794E-3
7.760000E-8	2.540312E-3
7.765000E-8	2.596839E-3
7.770000E-8	2.639663E-3
7.775000E-8	2.675635E-3
7.780000E-8	2.725310E-3
7.785000E-8	2.768134E-3
7.790000E-8	2.769847E-3
7.795000E-8	2.768134E-3
7.800000E-8	2.773272E-3
7.805000E-8	2.774985E-3
7.810000E-8	2.781837E-3
7.815000E-8	2.824661E-3
7.820000E-8	2.858920E-3
7.825000E-8	2.864059E-3
7.830000E-8	2.867485E-3
7.835000E-8	2.872624E-3
7.840000E-8	2.867485E-3
7.845000E-8	2.858921E-3
7.850000E-8	2.834939E-3
7.855000E-8	2.792116E-3
7.860000E-8	2.740727E-3
7.865000E-8	2.691052E-3
7.870000E-8	2.655079E-3
7.875000E-8	2.641376E-3
7.880000E-8	2.641375E-3
7.885000E-8	2.643088E-3
7.890000E-8	2.670495E-3
7.895000E-8	2.728735E-3
7.900000E-8	2.783549E-3
7.905000E-8	2.829799E-3
7.910000E-8	2.872622E-3
7.915000E-8	2.894891E-3
7.920000E-8	2.879474E-3
7.925000E-8	2.862345E-3
7.930000E-8	2.843502E-3
7.935000E-8	2.778411E-3
7.940000E-8	2.694476E-3
7.945000E-8	2.636236E-3
7.950000E-8	2.600264E-3
7.955000E-8	2.562580E-3
7.960000E-8	2.536886E-3
7.965000E-8	2.523182E-3
7.970000E-8	2.524895E-3
7.975000E-8	2.560867E-3
7.980000E-8	2.637949E-3
7.985000E-8	2.709893E-3
7.990000E-8	2.759569E-3
7.995000E-8	2.807531E-3
8.000000E-8	2.867484E-3
8.005000E-8	2.924011E-3
8.010000E-8	2.963409E-3
8.015000E-8	2.978826E-3
8.020000E-8	2.982252E-3
8.025000E-8	2.977113E-3
8.030000E-8	2.959983E-3
8.035000E-8	2.934289E-3
8.040000E-8	2.939428E-3
8.045000E-8	2.951419E-3
8.050000E-8	2.920586E-3
8.055000E-8	2.855494E-3
8.060000E-8	2.829800E-3
8.065000E-8	2.826374E-3
8.070000E-8	2.800680E-3
8.075000E-8	2.776699E-3
8.080000E-8	2.774986E-3
8.085000E-8	2.778412E-3
8.090000E-8	2.759570E-3
8.095000E-8	2.716746E-3
8.100000E-8	2.658506E-3
8.105000E-8	2.607117E-3
8.110000E-8	2.547164E-3
8.115000E-8	2.483785E-3
8.120000E-8	2.434110E-3
8.125000E-8	2.398138E-3
8.130000E-8	2.333046E-3
8.135000E-8	2.264529E-3
8.140000E-8	2.230270E-3
8.145000E-8	2.223418E-3
8.150000E-8	2.196010E-3
8.155000E-8	2.192584E-3
8.160000E-8	2.235408E-3
8.165000E-8	2.281657E-3
8.170000E-8	2.317629E-3
8.175000E-8	2.375869E-3
8.180000E-8	2.437535E-3
8.185000E-8	2.482071E-3
8.190000E-8	2.518043E-3
8.195000E-8	2.542024E-3
8.200000E-8	2.536885E-3
8.205000E-8	2.512904E-3
8.210000E-8	2.495775E-3
8.215000E-8	2.473506E-3
8.220000E-8	2.447812E-3
8.225000E-8	2.425544E-3
8.230000E-8	2.410128E-3
8.235000E-8	2.391285E-3
8.240000E-8	2.384434E-3
8.245000E-8	2.391285E-3
8.250000E-8	2.422118E-3
8.255000E-8	2.478646E-3
8.260000E-8	2.545451E-3
8.265000E-8	2.600265E-3
8.270000E-8	2.658505E-3
8.275000E-8	2.725310E-3
8.280000E-8	2.781837E-3
8.285000E-8	2.792115E-3
8.290000E-8	2.757856E-3
8.295000E-8	2.696189E-3
8.300000E-8	2.637949E-3
8.305000E-8	2.600264E-3
8.310000E-8	2.571144E-3
8.315000E-8	2.547163E-3
8.320000E-8	2.547163E-3
8.325000E-8	2.591700E-3
8.330000E-8	2.661930E-3
8.335000E-8	2.757856E-3
8.340000E-8	2.900030E-3
8.345000E-8	3.037066E-3
8.350000E-8	3.144982E-3
8.355000E-8	3.249472E-3
8.360000E-8	3.357388E-3
8.365000E-8	3.396786E-3
8.370000E-8	3.350536E-3
8.375000E-8	3.275167E-3
8.380000E-8	3.156973E-3
8.385000E-8	2.965123E-3
8.390000E-8	2.732163E-3
8.395000E-8	2.514618E-3
8.400000E-8	2.348462E-3
8.405000E-8	2.235408E-3
8.410000E-8	2.172029E-3
8.415000E-8	2.182306E-3
8.420000E-8	2.266241E-3
8.425000E-8	2.387860E-3
8.430000E-8	2.516331E-3
8.435000E-8	2.672209E-3
8.440000E-8	2.852068E-3
8.445000E-8	3.007946E-3
8.450000E-8	3.115862E-3
8.455000E-8	3.198083E-3
8.460000E-8	3.228916E-3
8.465000E-8	3.196370E-3
8.470000E-8	3.131278E-3
8.475000E-8	3.030214E-3
8.480000E-8	2.884613E-3
8.485000E-8	2.709893E-3
8.490000E-8	2.540311E-3
8.495000E-8	2.374155E-3
8.500000E-8	2.237120E-3
8.505000E-8	2.137769E-3
8.510000E-8	2.081242E-3
8.515000E-8	2.070964E-3
8.520000E-8	2.113788E-3
8.525000E-8	2.185732E-3
8.530000E-8	2.269666E-3
8.535000E-8	2.357026E-3
8.540000E-8	2.434109E-3
8.545000E-8	2.507766E-3
8.550000E-8	2.577996E-3
8.555000E-8	2.632810E-3
8.560000E-8	2.665356E-3
8.565000E-8	2.661930E-3
8.570000E-8	2.612255E-3
8.575000E-8	2.567718E-3
8.580000E-8	2.566005E-3
8.585000E-8	2.554014E-3
8.590000E-8	2.502626E-3
8.595000E-8	2.507765E-3
8.600000E-8	2.593412E-3
8.605000E-8	2.648227E-3
8.610000E-8	2.637949E-3
8.615000E-8	2.667070E-3
8.620000E-8	2.739014E-3
8.625000E-8	2.759569E-3
8.630000E-8	2.709894E-3
8.635000E-8	2.658505E-3
8.640000E-8	2.615682E-3
8.645000E-8	2.560867E-3
8.650000E-8	2.506053E-3
8.655000E-8	2.459803E-3
8.660000E-8	2.418692E-3
8.665000E-8	2.369017E-3
8.670000E-8	2.343323E-3
8.675000E-8	2.346749E-3
8.680000E-8	2.386146E-3
8.685000E-8	2.447813E-3
8.690000E-8	2.494062E-3
8.695000E-8	2.536886E-3
8.700000E-8	2.603691E-3
8.705000E-8	2.667071E-3
8.710000E-8	2.682487E-3
8.715000E-8	2.682487E-3
8.720000E-8	2.713320E-3
8.725000E-8	2.732163E-3
8.730000E-8	2.699616E-3
8.735000E-8	2.658505E-3
8.740000E-8	2.629385E-3
8.745000E-8	2.605403E-3
8.750000E-8	2.569431E-3
8.755000E-8	2.540311E-3
8.760000E-8	2.552301E-3
8.765000E-8	2.598551E-3
8.770000E-8	2.639662E-3
8.775000E-8	2.673921E-3
8.780000E-8	2.716745E-3
8.785000E-8	2.737300E-3
8.790000E-8	2.727023E-3
8.795000E-8	2.708181E-3
8.800000E-8	2.677348E-3
8.805000E-8	2.620821E-3
8.810000E-8	2.559155E-3
8.815000E-8	2.507766E-3
8.820000E-8	2.458091E-3
8.825000E-8	2.423832E-3
8.830000E-8	2.413554E-3
8.835000E-8	2.411841E-3
8.840000E-8	2.449526E-3
8.845000E-8	2.566006E-3
8.850000E-8	2.711606E-3
8.855000E-8	2.816096E-3
8.860000E-8	2.915447E-3
8.865000E-8	3.028502E-3
8.870000E-8	3.086742E-3
8.875000E-8	3.097020E-3
8.880000E-8	3.115862E-3
8.885000E-8	3.110724E-3
8.890000E-8	3.067900E-3
8.895000E-8	3.040493E-3
8.900000E-8	3.052484E-3
8.905000E-8	3.028503E-3
8.910000E-8	2.966837E-3
8.915000E-8	2.942855E-3
8.920000E-8	2.963411E-3
8.925000E-8	2.977114E-3
8.930000E-8	2.953133E-3
8.935000E-8	2.917161E-3
8.940000E-8	2.917161E-3
8.945000E-8	2.954845E-3
8.950000E-8	2.963410E-3
8.955000E-8	2.936002E-3
8.960000E-8	2.937715E-3
8.965000E-8	2.968548E-3
8.970000E-8	2.982251E-3
8.975000E-8	3.014797E-3
8.980000E-8	3.078176E-3
8.985000E-8	3.117574E-3
8.990000E-8	3.121000E-3
8.995000E-8	3.160398E-3
9.000000E-8	3.234055E-3
9.005000E-8	3.288870E-3
9.010000E-8	3.314564E-3
9.015000E-8	3.345397E-3
9.020000E-8	3.395073E-3
9.025000E-8	3.458452E-3
9.030000E-8	3.497849E-3
9.035000E-8	3.504701E-3
9.040000E-8	3.532108E-3
9.045000E-8	3.571506E-3
9.050000E-8	3.545811E-3
9.055000E-8	3.453312E-3
9.060000E-8	3.357387E-3
9.065000E-8	3.249471E-3
9.070000E-8	3.076464E-3
9.075000E-8	2.901743E-3
9.080000E-8	2.771559E-3
9.085000E-8	2.663644E-3
9.090000E-8	2.595126E-3
9.095000E-8	2.571145E-3
9.100000E-8	2.548877E-3
9.105000E-8	2.502627E-3
9.110000E-8	2.463229E-3
9.115000E-8	2.435822E-3
9.120000E-8	2.406702E-3
9.125000E-8	2.363878E-3
9.130000E-8	2.307350E-3
9.135000E-8	2.278230E-3
9.140000E-8	2.300498E-3
9.145000E-8	2.358739E-3
9.150000E-8	2.432395E-3
9.155000E-8	2.542024E-3
9.160000E-8	2.685912E-3
9.165000E-8	2.821235E-3
9.170000E-8	2.951419E-3
9.175000E-8	3.078178E-3
9.180000E-8	3.151835E-3
9.185000E-8	3.143270E-3
9.190000E-8	3.088456E-3
9.195000E-8	3.009660E-3
9.200000E-8	2.881189E-3
9.205000E-8	2.725311E-3
9.210000E-8	2.548877E-3
9.215000E-8	2.360452E-3
9.220000E-8	2.190870E-3
9.225000E-8	2.077815E-3
9.230000E-8	2.002445E-3
9.235000E-8	1.961334E-3
9.240000E-8	1.981889E-3
9.245000E-8	2.070963E-3
9.250000E-8	2.184017E-3
9.255000E-8	2.286794E-3
9.260000E-8	2.394710E-3
9.265000E-8	2.514617E-3
9.270000E-8	2.605403E-3
9.275000E-8	2.672209E-3
9.280000E-8	2.742440E-3
9.285000E-8	2.792115E-3
9.290000E-8	2.773273E-3
9.295000E-8	2.723598E-3
9.300000E-8	2.682487E-3
9.305000E-8	2.639663E-3
9.310000E-8	2.560867E-3
9.315000E-8	2.473507E-3
9.320000E-8	2.428970E-3
9.325000E-8	2.422118E-3
9.330000E-8	2.430683E-3
9.335000E-8	2.466655E-3
9.340000E-8	2.535172E-3
9.345000E-8	2.615681E-3
9.350000E-8	2.679060E-3
9.355000E-8	2.739014E-3
9.360000E-8	2.807532E-3
9.365000E-8	2.858920E-3
9.370000E-8	2.884615E-3
9.375000E-8	2.900031E-3
9.380000E-8	2.913735E-3
9.385000E-8	2.900031E-3
9.390000E-8	2.857207E-3
9.395000E-8	2.819522E-3
9.400000E-8	2.800680E-3
9.405000E-8	2.778412E-3
9.410000E-8	2.757856E-3
9.415000E-8	2.781837E-3
9.420000E-8	2.833226E-3
9.425000E-8	2.864059E-3
9.430000E-8	2.876049E-3
9.435000E-8	2.901744E-3
9.440000E-8	2.937715E-3
9.445000E-8	2.954845E-3
9.450000E-8	2.961696E-3
9.455000E-8	2.965122E-3
9.460000E-8	2.959983E-3
9.465000E-8	2.944567E-3
9.470000E-8	2.912020E-3
9.475000E-8	2.850354E-3
9.480000E-8	2.778411E-3
9.485000E-8	2.703041E-3
9.490000E-8	2.617394E-3
9.495000E-8	2.542024E-3
9.500000E-8	2.500914E-3
9.505000E-8	2.476933E-3
9.510000E-8	2.480359E-3
9.515000E-8	2.550590E-3
9.520000E-8	2.665357E-3
9.525000E-8	2.786977E-3
9.530000E-8	2.932577E-3
9.535000E-8	3.093594E-3
9.540000E-8	3.218639E-3
9.545000E-8	3.295721E-3
9.550000E-8	3.340258E-3
9.555000E-8	3.314564E-3
9.560000E-8	3.192944E-3
9.565000E-8	3.031927E-3
9.570000E-8	2.853781E-3
9.575000E-8	2.641375E-3
9.580000E-8	2.401562E-3
9.585000E-8	2.175453E-3
9.590000E-8	1.988742E-3
9.595000E-8	1.848280E-3
9.600000E-8	1.766059E-3
9.605000E-8	1.731800E-3
9.610000E-8	1.740365E-3
9.615000E-8	1.784901E-3
9.620000E-8	1.856845E-3
9.625000E-8	1.951057E-3
9.630000E-8	2.046982E-3
9.635000E-8	2.141194E-3
9.640000E-8	2.235407E-3
9.645000E-8	2.309063E-3
9.650000E-8	2.357026E-3
9.655000E-8	2.392998E-3
9.660000E-8	2.420405E-3
9.665000E-8	2.425544E-3
9.670000E-8	2.408415E-3
9.675000E-8	2.386146E-3
9.680000E-8	2.374156E-3
9.685000E-8	2.351887E-3
9.690000E-8	2.317629E-3
9.695000E-8	2.283369E-3
9.700000E-8	2.261101E-3
9.705000E-8	2.252536E-3
9.710000E-8	2.262814E-3
9.715000E-8	2.307350E-3
9.720000E-8	2.391285E-3
9.725000E-8	2.487210E-3
9.730000E-8	2.601977E-3
9.735000E-8	2.730448E-3
9.740000E-8	2.858919E-3
9.745000E-8	2.947992E-3
9.750000E-8	3.001094E-3
9.755000E-8	3.004520E-3
9.760000E-8	2.965122E-3
9.765000E-8	2.896604E-3
9.770000E-8	2.800679E-3
9.775000E-8	2.670495E-3
9.780000E-8	2.518043E-3
9.785000E-8	2.363877E-3
9.790000E-8	2.226842E-3
9.795000E-8	2.134342E-3
9.800000E-8	2.070963E-3
9.805000E-8	2.033279E-3
9.810000E-8	2.034992E-3
9.815000E-8	2.077815E-3
9.820000E-8	2.160037E-3
9.825000E-8	2.267953E-3
9.830000E-8	2.379295E-3
9.835000E-8	2.454665E-3
9.840000E-8	2.531747E-3
9.845000E-8	2.622534E-3
9.850000E-8	2.684200E-3
9.855000E-8	2.699616E-3
9.860000E-8	2.718459E-3
9.865000E-8	2.740727E-3
9.870000E-8	2.713320E-3
9.875000E-8	2.667070E-3
9.880000E-8	2.653366E-3
9.885000E-8	2.655079E-3
9.890000E-8	2.651653E-3
9.895000E-8	2.661931E-3
9.900000E-8	2.708180E-3
9.905000E-8	2.773272E-3
9.910000E-8	2.833225E-3
9.915000E-8	2.876049E-3
9.920000E-8	2.927438E-3
9.925000E-8	2.995956E-3
9.930000E-8	3.047344E-3
9.935000E-8	3.066187E-3
9.940000E-8	3.085029E-3
9.945000E-8	3.093594E-3
9.950000E-8	3.069612E-3
9.955000E-8	3.040492E-3
9.960000E-8	3.021650E-3
9.965000E-8	2.985678E-3
9.970000E-8	2.947993E-3
9.975000E-8	2.929150E-3
9.980000E-8	2.913733E-3
9.985000E-8	2.882900E-3
9.990000E-8	2.862345E-3
9.995000E-8	2.877762E-3
1.000000E-7	2.898317E-3
1.000500E-7	2.915446E-3
1.001000E-7	2.956557E-3
1.001500E-7	3.035353E-3
1.002000E-7	3.124426E-3
1.002500E-7	3.213499E-3
1.003000E-7	3.287156E-3
1.003500E-7	3.335119E-3
1.004000E-7	3.367665E-3
1.004500E-7	3.379655E-3
1.005000E-7	3.340257E-3
1.005500E-7	3.249471E-3
1.006000E-7	3.144981E-3
1.006500E-7	3.026788E-3
1.007000E-7	2.898317E-3
1.007500E-7	2.798966E-3
1.008000E-7	2.737300E-3
1.008500E-7	2.679060E-3
1.009000E-7	2.620820E-3
1.009500E-7	2.584849E-3
1.010000E-7	2.560867E-3
1.010500E-7	2.550590E-3
1.011000E-7	2.560867E-3
1.011500E-7	2.577997E-3
1.012000E-7	2.619107E-3
1.012500E-7	2.675634E-3
1.013000E-7	2.713319E-3
1.013500E-7	2.742439E-3
1.014000E-7	2.816096E-3
1.014500E-7	2.889752E-3
1.015000E-7	2.888040E-3
1.015500E-7	2.870910E-3
1.016000E-7	2.888040E-3
1.016500E-7	2.891466E-3
1.017000E-7	2.870910E-3
1.017500E-7	2.881188E-3
1.018000E-7	2.894892E-3
1.018500E-7	2.865772E-3
1.019000E-7	2.814383E-3
1.019500E-7	2.771559E-3
1.020000E-7	2.737300E-3
1.020500E-7	2.721884E-3
1.021000E-7	2.709893E-3
1.021500E-7	2.703041E-3
1.022000E-7	2.740726E-3
1.022500E-7	2.821235E-3
1.023000E-7	2.872623E-3
1.023500E-7	2.903456E-3
1.024000E-7	2.982252E-3
1.024500E-7	3.071325E-3
1.025000E-7	3.127852E-3
1.025500E-7	3.186093E-3
1.026000E-7	3.239194E-3
1.026500E-7	3.234055E-3
1.027000E-7	3.174102E-3
1.027500E-7	3.086742E-3
1.028000E-7	2.968548E-3
1.028500E-7	2.819522E-3
1.029000E-7	2.668783E-3
1.029500E-7	2.521469E-3
1.030000E-7	2.377581E-3
1.030500E-7	2.276517E-3
1.031000E-7	2.233694E-3
1.031500E-7	2.202860E-3
1.032000E-7	2.199434E-3
1.032500E-7	2.259388E-3
1.033000E-7	2.377581E-3
1.033500E-7	2.504339E-3
1.034000E-7	2.625959E-3
1.034500E-7	2.737300E-3
1.035000E-7	2.831512E-3
1.035500E-7	2.912021E-3
1.036000E-7	2.975400E-3
1.036500E-7	3.013085E-3
1.037000E-7	3.026788E-3
1.037500E-7	3.031927E-3
1.038000E-7	3.025075E-3
1.038500E-7	2.990816E-3
1.039000E-7	2.927437E-3
1.039500E-7	2.864057E-3
1.040000E-7	2.824660E-3
1.040500E-7	2.783549E-3
1.041000E-7	2.704754E-3
1.041500E-7	2.608829E-3
1.042000E-7	2.524894E-3
1.042500E-7	2.452951E-3
1.043000E-7	2.363878E-3
1.043500E-7	2.278231E-3
1.044000E-7	2.214852E-3
1.044500E-7	2.170315E-3
1.045000E-7	2.148047E-3
1.045500E-7	2.144621E-3
1.046000E-7	2.161751E-3
1.046500E-7	2.206287E-3
1.047000E-7	2.274805E-3
1.047500E-7	2.339897E-3
1.048000E-7	2.411840E-3
1.048500E-7	2.507766E-3
1.049000E-7	2.613968E-3
1.049500E-7	2.696190E-3
1.050000E-7	2.754430E-3
1.050500E-7	2.809245E-3
1.051000E-7	2.853781E-3
1.051500E-7	2.845217E-3
1.052000E-7	2.797254E-3
1.052500E-7	2.742440E-3
1.053000E-7	2.703042E-3
1.053500E-7	2.675635E-3
1.054000E-7	2.653366E-3
1.054500E-7	2.639662E-3
1.055000E-7	2.639662E-3
1.055500E-7	2.667069E-3
1.056000E-7	2.716744E-3
1.056500E-7	2.769845E-3
1.057000E-7	2.814382E-3
1.057500E-7	2.872622E-3
1.058000E-7	2.951417E-3
1.058500E-7	3.004519E-3
1.059000E-7	3.006232E-3
1.059500E-7	2.977112E-3
1.060000E-7	2.930863E-3
1.060500E-7	2.870910E-3
1.061000E-7	2.807531E-3
1.061500E-7	2.737300E-3
1.062000E-7	2.663644E-3
1.062500E-7	2.607117E-3
1.063000E-7	2.566006E-3
1.063500E-7	2.519757E-3
1.064000E-7	2.480359E-3
1.064500E-7	2.464942E-3
1.065000E-7	2.459804E-3
1.065500E-7	2.437535E-3
1.066000E-7	2.410128E-3
1.066500E-7	2.382721E-3
1.067000E-7	2.331332E-3
1.067500E-7	2.264527E-3
1.068000E-7	2.209713E-3
1.068500E-7	2.153185E-3
1.069000E-7	2.100084E-3
1.069500E-7	2.079529E-3
1.070000E-7	2.094945E-3
1.070500E-7	2.122352E-3
1.071000E-7	2.160037E-3
1.071500E-7	2.226842E-3
1.072000E-7	2.317628E-3
1.072500E-7	2.422118E-3
1.073000E-7	2.526608E-3
1.073500E-7	2.622533E-3
1.074000E-7	2.720171E-3
1.074500E-7	2.805819E-3
1.075000E-7	2.846929E-3
1.075500E-7	2.867485E-3
1.076000E-7	2.908595E-3
1.076500E-7	2.949706E-3
1.077000E-7	2.970261E-3
1.077500E-7	2.999381E-3
1.078000E-7	3.042205E-3
1.078500E-7	3.078177E-3
1.079000E-7	3.098732E-3
1.079500E-7	3.126139E-3
1.080000E-7	3.156972E-3
1.080500E-7	3.187805E-3
1.081000E-7	3.191231E-3
1.081500E-7	3.153546E-3
1.082000E-7	3.100445E-3
1.082500E-7	3.050769E-3
1.083000E-7	2.968548E-3
1.083500E-7	2.874336E-3
1.084000E-7	2.810957E-3
1.084500E-7	2.756142E-3
1.085000E-7	2.667069E-3
1.085500E-7	2.601977E-3
1.086000E-7	2.574570E-3
1.086500E-7	2.524895E-3
1.087000E-7	2.442673E-3
1.087500E-7	2.379294E-3
1.088000E-7	2.327906E-3
1.088500E-7	2.269665E-3
1.089000E-7	2.216564E-3
1.089500E-7	2.190870E-3
1.090000E-7	2.170315E-3
1.090500E-7	2.163463E-3
1.091000E-7	2.184018E-3
1.091500E-7	2.221703E-3
1.092000E-7	2.266240E-3
1.092500E-7	2.336470E-3
1.093000E-7	2.430683E-3
1.093500E-7	2.523182E-3
1.094000E-7	2.598552E-3
1.094500E-7	2.661931E-3
1.095000E-7	2.703041E-3
1.095500E-7	2.701328E-3
1.096000E-7	2.673921E-3
1.096500E-7	2.610542E-3
1.097000E-7	2.502626E-3
1.097500E-7	2.387859E-3
1.098000E-7	2.317628E-3
1.098500E-7	2.273091E-3
1.099000E-7	2.257675E-3
1.099500E-7	2.310776E-3
1.100000E-7	2.428969E-3
1.100500E-7	2.547162E-3
1.101000E-7	2.661930E-3
1.101500E-7	2.793827E-3
1.102000E-7	2.913733E-3
1.102500E-7	2.983964E-3
1.103000E-7	3.011371E-3
1.103500E-7	3.001094E-3
1.104000E-7	2.963409E-3
1.104500E-7	2.886327E-3
1.105000E-7	2.747578E-3
1.105500E-7	2.572858E-3
1.106000E-7	2.418692E-3
1.106500E-7	2.307351E-3
1.107000E-7	2.214852E-3
1.107500E-7	2.134343E-3
1.108000E-7	2.091520E-3
1.108500E-7	2.096659E-3
1.109000E-7	2.137770E-3
1.109500E-7	2.194297E-3
1.110000E-7	2.271379E-3
1.110500E-7	2.355314E-3
1.111000E-7	2.427258E-3
1.111500E-7	2.494063E-3
1.112000E-7	2.564294E-3
1.112500E-7	2.608830E-3
1.113000E-7	2.601978E-3
1.113500E-7	2.583136E-3
1.114000E-7	2.576284E-3
1.114500E-7	2.548876E-3
1.115000E-7	2.497488E-3
1.115500E-7	2.470080E-3
1.116000E-7	2.480358E-3
1.116500E-7	2.482071E-3
1.117000E-7	2.442673E-3
1.117500E-7	2.418692E-3
1.118000E-7	2.447812E-3
1.118500E-7	2.492349E-3
1.119000E-7	2.512904E-3
1.119500E-7	2.540312E-3
1.120000E-7	2.593413E-3
1.120500E-7	2.598552E-3
1.121000E-7	2.564293E-3
1.121500E-7	2.564293E-3
1.122000E-7	2.598552E-3
1.122500E-7	2.593414E-3
1.123000E-7	2.579710E-3
1.123500E-7	2.601978E-3
1.124000E-7	2.632811E-3
1.124500E-7	2.649941E-3
1.125000E-7	2.682487E-3
1.125500E-7	2.720172E-3
1.126000E-7	2.751005E-3
1.126500E-7	2.774986E-3
1.127000E-7	2.807532E-3
1.127500E-7	2.840078E-3
1.128000E-7	2.896605E-3
1.128500E-7	2.966835E-3
1.129000E-7	3.033640E-3
1.129500E-7	3.098732E-3
1.130000E-7	3.182666E-3
1.130500E-7	3.261461E-3
1.131000E-7	3.300859E-3
1.131500E-7	3.314563E-3
1.132000E-7	3.328266E-3
1.132500E-7	3.329979E-3
1.133000E-7	3.285443E-3
1.133500E-7	3.187805E-3
1.134000E-7	3.090167E-3
1.134500E-7	2.997668E-3
1.135000E-7	2.862346E-3
1.135500E-7	2.677347E-3
1.136000E-7	2.536886E-3
1.136500E-7	2.466655E-3
1.137000E-7	2.413554E-3
1.137500E-7	2.350174E-3
1.138000E-7	2.315915E-3
1.138500E-7	2.302212E-3
1.139000E-7	2.291934E-3
1.139500E-7	2.314202E-3
1.140000E-7	2.370730E-3
1.140500E-7	2.440960E-3
1.141000E-7	2.511191E-3
1.141500E-7	2.586561E-3
1.142000E-7	2.641376E-3
1.142500E-7	2.661931E-3
1.143000E-7	2.668783E-3
1.143500E-7	2.675635E-3
1.144000E-7	2.692764E-3
1.144500E-7	2.718458E-3
1.145000E-7	2.732162E-3
1.145500E-7	2.725310E-3
1.146000E-7	2.739013E-3
1.146500E-7	2.781837E-3
1.147000E-7	2.824660E-3
1.147500E-7	2.876049E-3
1.148000E-7	2.932576E-3
1.148500E-7	2.980538E-3
1.149000E-7	2.999380E-3
1.149500E-7	2.997667E-3
1.150000E-7	2.977112E-3
1.150500E-7	2.934288E-3
1.151000E-7	2.862345E-3
1.151500E-7	2.795540E-3
1.152000E-7	2.749290E-3
1.152500E-7	2.713318E-3
1.153000E-7	2.694476E-3
1.153500E-7	2.721883E-3
1.154000E-7	2.786975E-3
1.154500E-7	2.838364E-3
1.155000E-7	2.872623E-3
1.155500E-7	2.913734E-3
1.156000E-7	2.939428E-3
1.156500E-7	2.922299E-3
1.157000E-7	2.852068E-3
1.157500E-7	2.739013E-3
1.158000E-7	2.595126E-3
1.158500E-7	2.456377E-3
1.159000E-7	2.321054E-3
1.159500E-7	2.199435E-3
1.160000E-7	2.108648E-3
1.160500E-7	2.062399E-3
1.161000E-7	2.065825E-3
1.161500E-7	2.124065E-3
1.162000E-7	2.240545E-3
1.162500E-7	2.403275E-3
1.163000E-7	2.583135E-3
1.163500E-7	2.764708E-3
1.164000E-7	2.954845E-3
1.164500E-7	3.138130E-3
1.165000E-7	3.256324E-3
1.165500E-7	3.283731E-3
1.166000E-7	3.264889E-3
1.166500E-7	3.206648E-3
1.167000E-7	3.090168E-3
1.167500E-7	2.932576E-3
1.168000E-7	2.785263E-3
1.168500E-7	2.648227E-3
1.169000E-7	2.526607E-3
1.169500E-7	2.461515E-3
1.170000E-7	2.437534E-3
1.170500E-7	2.418692E-3
1.171000E-7	2.425544E-3
1.171500E-7	2.464942E-3
1.172000E-7	2.518043E-3
1.172500E-7	2.577996E-3
1.173000E-7	2.634524E-3
1.173500E-7	2.667070E-3
1.174000E-7	2.679060E-3
1.174500E-7	2.668783E-3
1.175000E-7	2.624246E-3
1.175500E-7	2.577996E-3
1.176000E-7	2.548876E-3
1.176500E-7	2.497488E-3
1.177000E-7	2.404988E-3
1.177500E-7	2.345035E-3
1.178000E-7	2.326193E-3
1.178500E-7	2.293647E-3
1.179000E-7	2.245684E-3
1.179500E-7	2.231981E-3
1.180000E-7	2.242258E-3
1.180500E-7	2.237119E-3
1.181000E-7	2.225129E-3
1.181500E-7	2.247397E-3
1.182000E-7	2.315915E-3
1.182500E-7	2.408414E-3
1.183000E-7	2.500912E-3
1.183500E-7	2.583134E-3
1.184000E-7	2.655077E-3
1.184500E-7	2.716743E-3
1.185000E-7	2.762993E-3
1.185500E-7	2.781835E-3
1.186000E-7	2.764706E-3
1.186500E-7	2.727021E-3
1.187000E-7	2.660216E-3
1.187500E-7	2.564292E-3
1.188000E-7	2.439247E-3
1.188500E-7	2.321054E-3
1.189000E-7	2.235406E-3
1.189500E-7	2.173741E-3
1.190000E-7	2.125778E-3
1.190500E-7	2.106936E-3
1.191000E-7	2.156612E-3
1.191500E-7	2.279944E-3
1.192000E-7	2.446100E-3
1.192500E-7	2.607117E-3
1.193000E-7	2.725310E-3
1.193500E-7	2.804106E-3
1.194000E-7	2.870911E-3
1.194500E-7	2.913734E-3
1.195000E-7	2.908595E-3
1.195500E-7	2.853781E-3
1.196000E-7	2.766420E-3
1.196500E-7	2.677347E-3
1.197000E-7	2.615681E-3
1.197500E-7	2.584848E-3
1.198000E-7	2.559153E-3
1.198500E-7	2.533459E-3
1.199000E-7	2.542024E-3
1.199500E-7	2.581422E-3
1.200000E-7	2.653366E-3
1.200500E-7	2.756143E-3
1.201000E-7	2.853781E-3
1.201500E-7	2.910308E-3
1.202000E-7	2.939428E-3
1.202500E-7	2.941141E-3
1.203000E-7	2.877762E-3
1.203500E-7	2.764708E-3
1.204000E-7	2.651653E-3
1.204500E-7	2.519756E-3
1.205000E-7	2.374155E-3
1.205500E-7	2.281656E-3
1.206000E-7	2.252536E-3
1.206500E-7	2.243971E-3
1.207000E-7	2.259388E-3
1.207500E-7	2.314202E-3
1.208000E-7	2.375868E-3
1.208500E-7	2.449525E-3
1.209000E-7	2.531747E-3
1.209500E-7	2.588274E-3
1.210000E-7	2.612255E-3
1.210500E-7	2.625959E-3
1.211000E-7	2.622533E-3
1.211500E-7	2.591700E-3
1.212000E-7	2.589987E-3
1.212500E-7	2.615681E-3
1.213000E-7	2.634524E-3
1.213500E-7	2.656792E-3
1.214000E-7	2.728736E-3
1.214500E-7	2.810957E-3
1.215000E-7	2.881188E-3
1.215500E-7	2.949706E-3
1.216000E-7	3.025075E-3
1.216500E-7	3.052483E-3
1.217000E-7	3.023362E-3
1.217500E-7	2.954844E-3
1.218000E-7	2.831512E-3
1.218500E-7	2.672208E-3
1.219000E-7	2.526607E-3
1.219500E-7	2.392998E-3
1.220000E-7	2.269666E-3
1.220500E-7	2.196009E-3
1.221000E-7	2.187444E-3
1.221500E-7	2.230268E-3
1.222000E-7	2.319341E-3
1.222500E-7	2.423831E-3
1.223000E-7	2.500914E-3
1.223500E-7	2.581422E-3
1.224000E-7	2.720171E-3
1.224500E-7	2.848642E-3
1.225000E-7	2.912021E-3
1.225500E-7	2.954844E-3
1.226000E-7	3.002807E-3
1.226500E-7	3.009658E-3
1.227000E-7	2.958270E-3
1.227500E-7	2.894891E-3
1.228000E-7	2.831512E-3
1.228500E-7	2.745865E-3
1.229000E-7	2.648227E-3
1.229500E-7	2.555728E-3
1.230000E-7	2.483784E-3
1.230500E-7	2.430683E-3
1.231000E-7	2.367304E-3
1.231500E-7	2.283369E-3
1.232000E-7	2.228555E-3
1.232500E-7	2.209713E-3
1.233000E-7	2.163463E-3
1.233500E-7	2.110362E-3
1.234000E-7	2.136056E-3
1.234500E-7	2.199435E-3
1.235000E-7	2.211425E-3
1.235500E-7	2.196009E-3
1.236000E-7	2.209713E-3
1.236500E-7	2.211425E-3
1.237000E-7	2.194296E-3
1.237500E-7	2.206287E-3
1.238000E-7	2.250823E-3
1.238500E-7	2.290221E-3
1.239000E-7	2.329619E-3
1.239500E-7	2.391285E-3
1.240000E-7	2.470080E-3
1.240500E-7	2.560866E-3
1.241000E-7	2.653366E-3
1.241500E-7	2.721884E-3
1.242000E-7	2.781837E-3
1.242500E-7	2.846929E-3
1.243000E-7	2.882901E-3
1.243500E-7	2.876049E-3
1.244000E-7	2.846929E-3
1.244500E-7	2.786975E-3
1.245000E-7	2.679060E-3
1.245500E-7	2.559153E-3
1.246000E-7	2.475219E-3
1.246500E-7	2.389571E-3
1.247000E-7	2.290220E-3
1.247500E-7	2.213138E-3
1.248000E-7	2.182305E-3
1.248500E-7	2.158324E-3
1.249000E-7	2.129204E-3
1.249500E-7	2.127491E-3
1.250000E-7	2.156611E-3
1.250500E-7	2.180592E-3
1.251000E-7	2.189157E-3
1.251500E-7	2.213138E-3
1.252000E-7	2.266240E-3
1.252500E-7	2.312489E-3
1.253000E-7	2.324480E-3
1.253500E-7	2.336470E-3
1.254000E-7	2.392997E-3
1.254500E-7	2.451238E-3
1.255000E-7	2.468367E-3
1.255500E-7	2.470080E-3
1.256000E-7	2.475219E-3
1.256500E-7	2.483783E-3
1.257000E-7	2.470080E-3
1.257500E-7	2.420404E-3
1.258000E-7	2.365590E-3
1.258500E-7	2.326192E-3
1.259000E-7	2.264526E-3
1.259500E-7	2.166888E-3
1.260000E-7	2.079527E-3
1.260500E-7	2.043555E-3
1.261000E-7	2.002445E-3
1.261500E-7	1.957908E-3
1.262000E-7	1.966473E-3
1.262500E-7	2.009297E-3
1.263000E-7	2.036704E-3
1.263500E-7	2.089806E-3
1.264000E-7	2.201148E-3
1.264500E-7	2.279943E-3
1.265000E-7	2.317628E-3
1.265500E-7	2.398136E-3
1.266000E-7	2.523181E-3
1.266500E-7	2.605403E-3
1.267000E-7	2.660217E-3
1.267500E-7	2.733874E-3
1.268000E-7	2.793827E-3
1.268500E-7	2.829798E-3
1.269000E-7	2.852067E-3
1.269500E-7	2.870909E-3
1.270000E-7	2.879474E-3
1.270500E-7	2.879474E-3
1.271000E-7	2.855493E-3
1.271500E-7	2.807531E-3
1.272000E-7	2.778411E-3
1.272500E-7	2.754430E-3
1.273000E-7	2.716745E-3
1.273500E-7	2.677348E-3
1.274000E-7	2.646514E-3
1.274500E-7	2.613968E-3
1.275000E-7	2.586561E-3
1.275500E-7	2.598551E-3
1.276000E-7	2.629384E-3
1.276500E-7	2.629384E-3
1.277000E-7	2.629384E-3
1.277500E-7	2.658504E-3
1.278000E-7	2.691050E-3
1.278500E-7	2.716744E-3
1.279000E-7	2.744151E-3
1.279500E-7	2.752716E-3
1.280000E-7	2.732160E-3
1.280500E-7	2.713318E-3
1.281000E-7	2.672207E-3
1.281500E-7	2.607115E-3
1.282000E-7	2.566004E-3
1.282500E-7	2.548875E-3
1.283000E-7	2.511190E-3
1.283500E-7	2.483783E-3
1.284000E-7	2.507765E-3
1.284500E-7	2.536885E-3
1.285000E-7	2.524895E-3
1.285500E-7	2.521469E-3
1.286000E-7	2.540311E-3
1.286500E-7	2.557441E-3
1.287000E-7	2.579709E-3
1.287500E-7	2.600265E-3
1.288000E-7	2.598552E-3
1.288500E-7	2.603690E-3
1.289000E-7	2.644801E-3
1.289500E-7	2.660218E-3
1.290000E-7	2.619107E-3
1.290500E-7	2.574570E-3
1.291000E-7	2.548876E-3
1.291500E-7	2.523182E-3
1.292000E-7	2.516330E-3
1.292500E-7	2.535172E-3
1.293000E-7	2.552302E-3
1.293500E-7	2.571145E-3
1.294000E-7	2.613968E-3
1.294500E-7	2.672208E-3
1.295000E-7	2.697903E-3
1.295500E-7	2.716745E-3
1.296000E-7	2.776698E-3
1.296500E-7	2.831512E-3
1.297000E-7	2.852068E-3
1.297500E-7	2.850355E-3
1.298000E-7	2.852067E-3
1.298500E-7	2.841790E-3
1.299000E-7	2.828086E-3
1.299500E-7	2.834938E-3
1.300000E-7	2.858919E-3
1.300500E-7	2.870909E-3
1.301000E-7	2.881187E-3
1.301500E-7	2.898317E-3
1.302000E-7	2.941140E-3
1.302500E-7	3.018223E-3
1.303000E-7	3.076463E-3
1.303500E-7	3.097019E-3
1.304000E-7	3.119287E-3
1.304500E-7	3.141556E-3
1.305000E-7	3.109010E-3
1.305500E-7	3.026788E-3
1.306000E-7	2.947993E-3
1.306500E-7	2.869197E-3
1.307000E-7	2.783550E-3
1.307500E-7	2.704754E-3
1.308000E-7	2.641375E-3
1.308500E-7	2.584848E-3
1.309000E-7	2.536885E-3
1.309500E-7	2.519756E-3
1.310000E-7	2.572857E-3
1.310500E-7	2.677347E-3
1.311000E-7	2.776698E-3
1.311500E-7	2.882901E-3
1.312000E-7	3.037066E-3
1.312500E-7	3.201509E-3
1.313000E-7	3.319703E-3
1.313500E-7	3.417341E-3
1.314000E-7	3.489284E-3
1.314500E-7	3.479007E-3
1.315000E-7	3.386508E-3
1.315500E-7	3.258036E-3
1.316000E-7	3.112436E-3
1.316500E-7	2.946280E-3
1.317000E-7	2.786976E-3
1.317500E-7	2.624246E-3
1.318000E-7	2.470080E-3
1.318500E-7	2.363878E-3
1.319000E-7	2.290221E-3
1.319500E-7	2.214851E-3
1.320000E-7	2.189157E-3
1.320500E-7	2.231981E-3
1.321000E-7	2.274804E-3
1.321500E-7	2.305637E-3
1.322000E-7	2.392998E-3
1.322500E-7	2.492348E-3
1.323000E-7	2.538598E-3
1.323500E-7	2.567718E-3
1.324000E-7	2.622532E-3
1.324500E-7	2.646513E-3
1.325000E-7	2.613967E-3
1.325500E-7	2.598550E-3
1.326000E-7	2.595125E-3
1.326500E-7	2.554014E-3
1.327000E-7	2.492348E-3
1.327500E-7	2.440960E-3
1.328000E-7	2.403275E-3
1.328500E-7	2.358739E-3
1.329000E-7	2.315915E-3
1.329500E-7	2.295360E-3
1.330000E-7	2.283369E-3
1.330500E-7	2.273091E-3
1.331000E-7	2.261100E-3
1.331500E-7	2.254248E-3
1.332000E-7	2.264526E-3
1.332500E-7	2.295359E-3
1.333000E-7	2.341609E-3
1.333500E-7	2.389571E-3
1.334000E-7	2.435821E-3
1.334500E-7	2.483783E-3
1.335000E-7	2.542024E-3
1.335500E-7	2.620819E-3
1.336000E-7	2.721883E-3
1.336500E-7	2.833225E-3
1.337000E-7	2.944567E-3
1.337500E-7	3.052483E-3
1.338000E-7	3.146695E-3
1.338500E-7	3.222065E-3
1.339000E-7	3.271740E-3
1.339500E-7	3.294009E-3
1.340000E-7	3.300861E-3
1.340500E-7	3.304287E-3
1.341000E-7	3.264889E-3
1.341500E-7	3.160399E-3
1.342000E-7	3.025077E-3
1.342500E-7	2.893180E-3
1.343000E-7	2.745866E-3
1.343500E-7	2.600266E-3
1.344000E-7	2.516331E-3
1.344500E-7	2.488924E-3
1.345000E-7	2.458090E-3
1.345500E-7	2.439248E-3
1.346000E-7	2.480358E-3
1.346500E-7	2.542024E-3
1.347000E-7	2.567718E-3
1.347500E-7	2.605403E-3
1.348000E-7	2.706467E-3
1.348500E-7	2.807531E-3
1.349000E-7	2.860632E-3
1.349500E-7	2.891465E-3
1.350000E-7	2.930863E-3
1.350500E-7	2.942854E-3
1.351000E-7	2.910308E-3
1.351500E-7	2.860633E-3
1.352000E-7	2.802392E-3
1.352500E-7	2.745865E-3
1.353000E-7	2.694477E-3
1.353500E-7	2.637949E-3
1.354000E-7	2.583135E-3
1.354500E-7	2.554015E-3
1.355000E-7	2.559153E-3
1.355500E-7	2.564292E-3
1.356000E-7	2.562579E-3
1.356500E-7	2.576283E-3
1.357000E-7	2.615681E-3
1.357500E-7	2.649940E-3
1.358000E-7	2.675634E-3
1.358500E-7	2.694476E-3
1.359000E-7	2.704754E-3
1.359500E-7	2.720171E-3
1.360000E-7	2.727022E-3
1.360500E-7	2.694476E-3
1.361000E-7	2.631097E-3
1.361500E-7	2.569431E-3
1.362000E-7	2.524895E-3
1.362500E-7	2.500913E-3
1.363000E-7	2.488923E-3
1.363500E-7	2.490636E-3
1.364000E-7	2.542024E-3
1.364500E-7	2.617394E-3
1.365000E-7	2.685912E-3
1.365500E-7	2.742439E-3
1.366000E-7	2.798966E-3
1.366500E-7	2.824660E-3
1.367000E-7	2.812669E-3
1.367500E-7	2.804104E-3
1.368000E-7	2.814382E-3
1.368500E-7	2.816095E-3
1.369000E-7	2.816095E-3
1.369500E-7	2.828085E-3
1.370000E-7	2.834937E-3
1.370500E-7	2.831512E-3
1.371000E-7	2.850354E-3
1.371500E-7	2.877761E-3
1.372000E-7	2.882900E-3
1.372500E-7	2.872623E-3
1.373000E-7	2.867484E-3
1.373500E-7	2.840077E-3
1.374000E-7	2.785263E-3
1.374500E-7	2.711606E-3
1.375000E-7	2.596839E-3
1.375500E-7	2.434109E-3
1.376000E-7	2.283370E-3
1.376500E-7	2.173741E-3
1.377000E-7	2.074390E-3
1.377500E-7	1.973326E-3
1.378000E-7	1.932216E-3
1.378500E-7	1.966475E-3
1.379000E-7	2.028141E-3
1.379500E-7	2.081242E-3
1.380000E-7	2.146334E-3
1.380500E-7	2.237120E-3
1.381000E-7	2.333045E-3
1.381500E-7	2.408415E-3
1.382000E-7	2.446099E-3
1.382500E-7	2.480358E-3
1.383000E-7	2.533460E-3
1.383500E-7	2.581422E-3
1.384000E-7	2.603690E-3
1.384500E-7	2.629384E-3
1.385000E-7	2.668782E-3
1.385500E-7	2.706467E-3
1.386000E-7	2.742439E-3
1.386500E-7	2.771559E-3
1.387000E-7	2.788689E-3
1.387500E-7	2.824661E-3
1.388000E-7	2.896604E-3
1.388500E-7	2.958271E-3
1.389000E-7	2.992530E-3
1.389500E-7	3.026789E-3
1.390000E-7	3.067899E-3
1.390500E-7	3.079890E-3
1.391000E-7	3.069612E-3
1.391500E-7	3.073038E-3
1.392000E-7	3.066186E-3
1.392500E-7	3.033640E-3
1.393000E-7	2.983964E-3
1.393500E-7	2.922298E-3
1.394000E-7	2.831512E-3
1.394500E-7	2.725309E-3
1.395000E-7	2.593412E-3
1.395500E-7	2.427256E-3
1.396000E-7	2.267952E-3
1.396500E-7	2.156610E-3
1.397000E-7	2.077815E-3
1.397500E-7	2.017862E-3
1.398000E-7	2.009297E-3
1.398500E-7	2.058973E-3
1.399000E-7	2.142907E-3
1.399500E-7	2.247397E-3
1.400000E-7	2.355313E-3
1.400500E-7	2.458090E-3
1.401000E-7	2.589987E-3
1.401500E-7	2.745865E-3
1.402000E-7	2.846928E-3
1.402500E-7	2.860632E-3
1.403000E-7	2.843502E-3
1.403500E-7	2.836650E-3
1.404000E-7	2.828086E-3
1.404500E-7	2.780123E-3
1.405000E-7	2.689337E-3
1.405500E-7	2.598551E-3
1.406000E-7	2.536885E-3
1.406500E-7	2.492348E-3
1.407000E-7	2.437534E-3
1.407500E-7	2.408414E-3
1.408000E-7	2.442673E-3
1.408500E-7	2.494062E-3
1.409000E-7	2.528321E-3
1.409500E-7	2.571144E-3
1.410000E-7	2.637949E-3
1.410500E-7	2.715032E-3
1.411000E-7	2.795540E-3
1.411500E-7	2.860632E-3
1.412000E-7	2.915447E-3
1.412500E-7	2.980539E-3
1.413000E-7	3.040492E-3
1.413500E-7	3.062760E-3
1.414000E-7	3.057621E-3
1.414500E-7	3.054195E-3
1.415000E-7	3.019936E-3
1.415500E-7	2.958270E-3
1.416000E-7	2.918873E-3
1.416500E-7	2.905169E-3
1.417000E-7	2.865771E-3
1.417500E-7	2.833225E-3
1.418000E-7	2.840077E-3
1.418500E-7	2.862345E-3
1.419000E-7	2.888039E-3
1.419500E-7	2.944566E-3
1.420000E-7	3.016510E-3
1.420500E-7	3.066185E-3
1.421000E-7	3.109009E-3
1.421500E-7	3.158684E-3
1.422000E-7	3.220350E-3
1.422500E-7	3.261461E-3
1.423000E-7	3.240905E-3
1.423500E-7	3.167249E-3
1.424000E-7	3.112435E-3
1.424500E-7	3.062759E-3
1.425000E-7	2.951418E-3
1.425500E-7	2.802392E-3
1.426000E-7	2.675634E-3
1.426500E-7	2.552302E-3
1.427000E-7	2.413553E-3
1.427500E-7	2.283369E-3
1.428000E-7	2.202860E-3
1.428500E-7	2.154898E-3
1.429000E-7	2.151472E-3
1.429500E-7	2.194295E-3
1.430000E-7	2.262813E-3
1.430500E-7	2.331331E-3
1.431000E-7	2.392997E-3
1.431500E-7	2.432395E-3
1.432000E-7	2.454663E-3
1.432500E-7	2.473506E-3
1.433000E-7	2.485497E-3
1.433500E-7	2.482071E-3
1.434000E-7	2.468368E-3
1.434500E-7	2.454664E-3
1.435000E-7	2.440961E-3
1.435500E-7	2.432396E-3
1.436000E-7	2.454664E-3
1.436500E-7	2.506053E-3
1.437000E-7	2.550589E-3
1.437500E-7	2.569432E-3
1.438000E-7	2.583135E-3
1.438500E-7	2.589987E-3
1.439000E-7	2.569431E-3
1.439500E-7	2.531747E-3
1.440000E-7	2.504340E-3
1.440500E-7	2.504340E-3
1.441000E-7	2.511191E-3
1.441500E-7	2.521469E-3
1.442000E-7	2.552302E-3
1.442500E-7	2.608829E-3
1.443000E-7	2.658505E-3
1.443500E-7	2.713319E-3
1.444000E-7	2.793827E-3
1.444500E-7	2.858919E-3
1.445000E-7	2.881188E-3
1.445500E-7	2.886327E-3
1.446000E-7	2.913734E-3
1.446500E-7	2.936002E-3
1.447000E-7	2.939428E-3
1.447500E-7	2.947993E-3
1.448000E-7	2.947993E-3
1.448500E-7	2.917160E-3
1.449000E-7	2.876049E-3
1.449500E-7	2.843503E-3
1.450000E-7	2.810957E-3
1.450500E-7	2.759568E-3
1.451000E-7	2.687624E-3
1.451500E-7	2.617393E-3
1.452000E-7	2.579708E-3
1.452500E-7	2.557440E-3
1.453000E-7	2.514616E-3
1.453500E-7	2.458089E-3
1.454000E-7	2.428969E-3
1.454500E-7	2.406701E-3
1.455000E-7	2.357026E-3
1.455500E-7	2.305638E-3
1.456000E-7	2.269666E-3
1.456500E-7	2.235407E-3
1.457000E-7	2.206287E-3
1.457500E-7	2.190871E-3
1.458000E-7	2.175454E-3
1.458500E-7	2.156612E-3
1.459000E-7	2.132630E-3
1.459500E-7	2.137769E-3
1.460000E-7	2.189158E-3
1.460500E-7	2.255962E-3
1.461000E-7	2.302212E-3
1.461500E-7	2.339897E-3
1.462000E-7	2.370730E-3
1.462500E-7	2.367304E-3
1.463000E-7	2.351888E-3
1.463500E-7	2.358739E-3
1.464000E-7	2.363878E-3
1.464500E-7	2.360452E-3
1.465000E-7	2.374156E-3
1.465500E-7	2.401563E-3
1.466000E-7	2.449525E-3
1.466500E-7	2.548876E-3
1.467000E-7	2.685912E-3
1.467500E-7	2.809244E-3
1.468000E-7	2.917159E-3
1.468500E-7	3.004520E-3
1.469000E-7	3.057621E-3
1.469500E-7	3.071324E-3
1.470000E-7	3.049056E-3
1.470500E-7	2.966835E-3
1.471000E-7	2.814382E-3
1.471500E-7	2.646514E-3
1.472000E-7	2.499200E-3
1.472500E-7	2.348461E-3
1.473000E-7	2.187444E-3
1.473500E-7	2.046983E-3
1.474000E-7	1.964761E-3
1.474500E-7	1.927076E-3
1.475000E-7	1.942493E-3
1.475500E-7	2.014436E-3
1.476000E-7	2.115500E-3
1.476500E-7	2.213138E-3
1.477000E-7	2.339896E-3
1.477500E-7	2.506052E-3
1.478000E-7	2.668782E-3
1.478500E-7	2.793827E-3
1.479000E-7	2.903456E-3
1.479500E-7	3.001094E-3
1.480000E-7	3.049057E-3
1.480500E-7	3.035353E-3
1.481000E-7	2.987391E-3
1.481500E-7	2.901744E-3
1.482000E-7	2.792115E-3
1.482500E-7	2.685912E-3
1.483000E-7	2.555729E-3
1.483500E-7	2.382721E-3
1.484000E-7	2.231981E-3
1.484500E-7	2.151473E-3
1.485000E-7	2.117213E-3
1.485500E-7	2.100084E-3
1.486000E-7	2.130917E-3
1.486500E-7	2.230267E-3
1.487000E-7	2.346747E-3
1.487500E-7	2.446098E-3
1.488000E-7	2.557440E-3
1.488500E-7	2.665356E-3
1.489000E-7	2.733874E-3
1.489500E-7	2.751003E-3
1.490000E-7	2.740726E-3
1.490500E-7	2.689337E-3
1.491000E-7	2.579709E-3
1.491500E-7	2.439248E-3
1.492000E-7	2.331332E-3
1.492500E-7	2.233694E-3
1.493000E-7	2.125779E-3
1.493500E-7	2.045270E-3
1.494000E-7	2.011011E-3
1.494500E-7	2.002447E-3
1.495000E-7	2.017863E-3
1.495500E-7	2.084668E-3
1.496000E-7	2.199436E-3
1.496500E-7	2.319342E-3
1.497000E-7	2.432397E-3
1.497500E-7	2.545451E-3
1.498000E-7	2.663644E-3
1.498500E-7	2.762995E-3
1.499000E-7	2.831513E-3
1.499500E-7	2.884614E-3
1.500000E-7	2.939429E-3
1.500500E-7	2.983965E-3
1.501000E-7	2.990817E-3
1.501500E-7	2.966836E-3
1.502000E-7	2.939428E-3
1.502500E-7	2.894892E-3
1.503000E-7	2.814383E-3
1.503500E-7	2.721884E-3
1.504000E-7	2.660218E-3
1.504500E-7	2.624246E-3
1.505000E-7	2.572858E-3
1.505500E-7	2.521469E-3
1.506000E-7	2.511192E-3
1.506500E-7	2.531747E-3
1.507000E-7	2.535173E-3
1.507500E-7	2.506052E-3
1.508000E-7	2.461516E-3
1.508500E-7	2.408414E-3
1.509000E-7	2.336470E-3
1.509500E-7	2.257675E-3
1.510000E-7	2.173741E-3
1.510500E-7	2.091519E-3
1.511000E-7	2.019575E-3
1.511500E-7	1.969900E-3
1.512000E-7	1.935641E-3
1.512500E-7	1.930502E-3
1.513000E-7	1.935641E-3
1.513500E-7	1.951058E-3
1.514000E-7	1.963049E-3
1.514500E-7	1.973326E-3
1.515000E-7	1.980178E-3
1.515500E-7	1.961336E-3
1.516000E-7	1.945919E-3
1.516500E-7	1.963048E-3
1.517000E-7	2.009298E-3
1.517500E-7	2.076103E-3
1.518000E-7	2.187444E-3
1.518500E-7	2.331332E-3
1.519000E-7	2.459803E-3
1.519500E-7	2.593413E-3
1.520000E-7	2.785263E-3
1.520500E-7	2.999381E-3
1.521000E-7	3.144982E-3
1.521500E-7	3.251185E-3
1.522000E-7	3.345397E-3
1.522500E-7	3.371091E-3
1.523000E-7	3.311138E-3
1.523500E-7	3.225491E-3
1.524000E-7	3.150121E-3
1.524500E-7	3.066186E-3
1.525000E-7	2.971974E-3
1.525500E-7	2.906882E-3
1.526000E-7	2.889752E-3
1.526500E-7	2.924011E-3
1.527000E-7	2.977112E-3
1.527500E-7	3.055908E-3
1.528000E-7	3.156972E-3
1.528500E-7	3.225490E-3
1.529000E-7	3.237480E-3
1.529500E-7	3.203222E-3
1.530000E-7	3.117574E-3
1.530500E-7	2.961696E-3
1.531000E-7	2.762994E-3
1.531500E-7	2.554015E-3
1.532000E-7	2.329619E-3
1.532500E-7	2.130917E-3
1.533000E-7	1.999020E-3
1.533500E-7	1.920224E-3
1.534000E-7	1.904808E-3
1.534500E-7	1.997307E-3
1.535000E-7	2.163463E-3
1.535500E-7	2.336471E-3
1.536000E-7	2.533460E-3
1.536500E-7	2.764708E-3
1.537000E-7	2.968548E-3
1.537500E-7	3.112436E-3
1.538000E-7	3.203222E-3
1.538500E-7	3.234055E-3
1.539000E-7	3.198084E-3
1.539500E-7	3.141556E-3
1.540000E-7	3.078177E-3
1.540500E-7	2.982252E-3
1.541000E-7	2.877762E-3
1.541500E-7	2.821235E-3
1.542000E-7	2.819521E-3
1.542500E-7	2.865771E-3
1.543000E-7	2.951418E-3
1.543500E-7	3.067898E-3
1.544000E-7	3.198082E-3
1.544500E-7	3.336830E-3
1.545000E-7	3.472153E-3
1.545500E-7	3.557801E-3
1.546000E-7	3.588634E-3
1.546500E-7	3.578356E-3
1.547000E-7	3.502987E-3
1.547500E-7	3.348822E-3
1.548000E-7	3.156972E-3
1.548500E-7	2.941141E-3
1.549000E-7	2.704754E-3
1.549500E-7	2.485497E-3
1.550000E-7	2.326193E-3
1.550500E-7	2.209712E-3
1.551000E-7	2.112074E-3
1.551500E-7	2.062399E-3
1.552000E-7	2.096658E-3
1.552500E-7	2.184018E-3
1.553000E-7	2.293646E-3
1.553500E-7	2.403275E-3
1.554000E-7	2.497487E-3
1.554500E-7	2.583134E-3
1.555000E-7	2.663643E-3
1.555500E-7	2.728735E-3
1.556000E-7	2.756142E-3
1.556500E-7	2.771559E-3
1.557000E-7	2.769846E-3
1.557500E-7	2.740726E-3
1.558000E-7	2.691050E-3
1.558500E-7	2.672208E-3
1.559000E-7	2.665356E-3
1.559500E-7	2.648226E-3
1.560000E-7	2.655078E-3
1.560500E-7	2.718457E-3
1.561000E-7	2.778410E-3
1.561500E-7	2.819521E-3
1.562000E-7	2.886326E-3
1.562500E-7	2.978825E-3
1.563000E-7	3.038778E-3
1.563500E-7	3.050769E-3
1.564000E-7	3.073037E-3
1.564500E-7	3.107296E-3
1.565000E-7	3.105584E-3
1.565500E-7	3.064473E-3
1.566000E-7	3.035353E-3
1.566500E-7	3.033640E-3
1.567000E-7	3.043918E-3
1.567500E-7	3.038779E-3
1.568000E-7	3.007946E-3
1.568500E-7	2.980538E-3
1.569000E-7	2.977113E-3
1.569500E-7	2.963409E-3
1.570000E-7	2.925724E-3
1.570500E-7	2.889752E-3
1.571000E-7	2.860632E-3
1.571500E-7	2.824660E-3
1.572000E-7	2.781836E-3
1.572500E-7	2.740725E-3
1.573000E-7	2.691050E-3
1.573500E-7	2.644800E-3
1.574000E-7	2.625958E-3
1.574500E-7	2.603689E-3
1.575000E-7	2.571143E-3
1.575500E-7	2.555727E-3
1.576000E-7	2.548875E-3
1.576500E-7	2.524894E-3
1.577000E-7	2.492348E-3
1.577500E-7	2.470079E-3
1.578000E-7	2.447811E-3
1.578500E-7	2.439246E-3
1.579000E-7	2.452950E-3
1.579500E-7	2.471793E-3
1.580000E-7	2.507764E-3
1.580500E-7	2.574569E-3
1.581000E-7	2.637948E-3
1.581500E-7	2.682485E-3
1.582000E-7	2.735587E-3
1.582500E-7	2.766420E-3
1.583000E-7	2.735587E-3
1.583500E-7	2.684199E-3
1.584000E-7	2.639663E-3
1.584500E-7	2.559155E-3
1.585000E-7	2.458091E-3
1.585500E-7	2.408415E-3
1.586000E-7	2.406702E-3
1.586500E-7	2.415267E-3
1.587000E-7	2.459804E-3
1.587500E-7	2.581422E-3
1.588000E-7	2.725310E-3
1.588500E-7	2.862345E-3
1.589000E-7	2.987390E-3
1.589500E-7	3.081602E-3
1.590000E-7	3.109009E-3
1.590500E-7	3.073037E-3
1.591000E-7	2.995954E-3
1.591500E-7	2.900029E-3
1.592000E-7	2.809243E-3
1.592500E-7	2.696188E-3
1.593000E-7	2.557440E-3
1.593500E-7	2.454663E-3
1.594000E-7	2.440960E-3
1.594500E-7	2.475219E-3
1.595000E-7	2.500913E-3
1.595500E-7	2.548876E-3
1.596000E-7	2.667069E-3
1.596500E-7	2.804105E-3
1.597000E-7	2.877762E-3
1.597500E-7	2.924011E-3
1.598000E-7	2.968548E-3
1.598500E-7	2.975399E-3
1.599000E-7	2.939427E-3
1.599500E-7	2.891465E-3
1.600000E-7	2.828086E-3
1.600500E-7	2.735587E-3
1.601000E-7	2.646514E-3
1.601500E-7	2.572857E-3
1.602000E-7	2.506052E-3
1.602500E-7	2.446099E-3
1.603000E-7	2.403276E-3
1.603500E-7	2.377582E-3
1.604000E-7	2.355313E-3
1.604500E-7	2.331332E-3
1.605000E-7	2.305638E-3
1.605500E-7	2.293647E-3
1.606000E-7	2.302212E-3
1.606500E-7	2.307351E-3
1.607000E-7	2.298786E-3
1.607500E-7	2.297073E-3
1.608000E-7	2.315915E-3
1.608500E-7	2.355313E-3
1.609000E-7	2.396423E-3
1.609500E-7	2.439247E-3
1.610000E-7	2.495774E-3
1.610500E-7	2.583135E-3
1.611000E-7	2.665356E-3
1.611500E-7	2.730448E-3
1.612000E-7	2.795540E-3
1.612500E-7	2.872623E-3
1.613000E-7	2.920585E-3
1.613500E-7	2.903456E-3
1.614000E-7	2.855493E-3
1.614500E-7	2.821234E-3
1.615000E-7	2.783549E-3
1.615500E-7	2.737300E-3
1.616000E-7	2.727022E-3
1.616500E-7	2.764707E-3
1.617000E-7	2.795541E-3
1.617500E-7	2.814383E-3
1.618000E-7	2.877762E-3
1.618500E-7	2.958271E-3
1.619000E-7	2.985678E-3
1.619500E-7	2.987391E-3
1.620000E-7	3.023362E-3
1.620500E-7	3.043917E-3
1.621000E-7	3.013084E-3
1.621500E-7	2.980538E-3
1.622000E-7	2.937714E-3
1.622500E-7	2.843502E-3
1.623000E-7	2.728735E-3
1.623500E-7	2.649939E-3
1.624000E-7	2.584847E-3
1.624500E-7	2.518042E-3
1.625000E-7	2.473506E-3
1.625500E-7	2.451238E-3
1.626000E-7	2.447812E-3
1.626500E-7	2.454664E-3
1.627000E-7	2.456377E-3
1.627500E-7	2.461516E-3
1.628000E-7	2.497487E-3
1.628500E-7	2.547163E-3
1.629000E-7	2.577996E-3
1.629500E-7	2.620820E-3
1.630000E-7	2.689337E-3
1.630500E-7	2.732161E-3
1.631000E-7	2.744152E-3
1.631500E-7	2.768133E-3
1.632000E-7	2.826374E-3
1.632500E-7	2.891466E-3
1.633000E-7	2.920586E-3
1.633500E-7	2.930863E-3
1.634000E-7	2.953132E-3
1.634500E-7	2.971974E-3
1.635000E-7	2.942854E-3
1.635500E-7	2.888040E-3
1.636000E-7	2.860632E-3
1.636500E-7	2.860632E-3
1.637000E-7	2.870910E-3
1.637500E-7	2.872623E-3
1.638000E-7	2.893178E-3
1.638500E-7	2.934288E-3
1.639000E-7	2.953131E-3
1.639500E-7	2.939427E-3
1.640000E-7	2.929149E-3
1.640500E-7	2.906881E-3
1.641000E-7	2.841789E-3
1.641500E-7	2.780123E-3
1.642000E-7	2.773271E-3
1.642500E-7	2.781836E-3
1.643000E-7	2.771558E-3
1.643500E-7	2.774984E-3
1.644000E-7	2.817808E-3
1.644500E-7	2.876048E-3
1.645000E-7	2.949705E-3
1.645500E-7	3.050769E-3
1.646000E-7	3.143268E-3
1.646500E-7	3.199795E-3
1.647000E-7	3.223776E-3
1.647500E-7	3.222063E-3
1.648000E-7	3.186091E-3
1.648500E-7	3.097018E-3
1.649000E-7	2.949705E-3
1.649500E-7	2.788688E-3
1.650000E-7	2.648226E-3
1.650500E-7	2.507764E-3
1.651000E-7	2.358738E-3
1.651500E-7	2.254248E-3
1.652000E-7	2.238832E-3
1.652500E-7	2.278230E-3
1.653000E-7	2.322766E-3
1.653500E-7	2.413552E-3
1.654000E-7	2.559153E-3
1.654500E-7	2.691050E-3
1.655000E-7	2.773271E-3
1.655500E-7	2.852067E-3
1.656000E-7	2.922298E-3
1.656500E-7	2.925724E-3
1.657000E-7	2.845216E-3
1.657500E-7	2.704754E-3
1.658000E-7	2.540311E-3
1.658500E-7	2.377581E-3
1.659000E-7	2.237120E-3
1.659500E-7	2.120639E-3
1.660000E-7	2.064112E-3
1.660500E-7	2.094945E-3
1.661000E-7	2.175453E-3
1.661500E-7	2.281656E-3
1.662000E-7	2.446099E-3
1.662500E-7	2.646514E-3
1.663000E-7	2.817809E-3
1.663500E-7	2.965122E-3
1.664000E-7	3.093594E-3
1.664500E-7	3.150121E-3
1.665000E-7	3.112436E-3
1.665500E-7	3.016511E-3
1.666000E-7	2.884614E-3
1.666500E-7	2.769846E-3
1.667000E-7	2.675634E-3
1.667500E-7	2.574570E-3
1.668000E-7	2.476932E-3
1.668500E-7	2.468368E-3
1.669000E-7	2.509478E-3
1.669500E-7	2.526608E-3
1.670000E-7	2.559154E-3
1.670500E-7	2.632810E-3
1.671000E-7	2.661930E-3
1.671500E-7	2.631097E-3
1.672000E-7	2.603690E-3
1.672500E-7	2.559153E-3
1.673000E-7	2.468367E-3
1.673500E-7	2.391284E-3
1.674000E-7	2.350174E-3
1.674500E-7	2.310776E-3
1.675000E-7	2.295359E-3
1.675500E-7	2.343322E-3
1.676000E-7	2.437534E-3
1.676500E-7	2.566005E-3
1.677000E-7	2.709893E-3
1.677500E-7	2.810957E-3
1.678000E-7	2.865771E-3
1.678500E-7	2.924011E-3
1.679000E-7	2.961696E-3
1.679500E-7	2.925724E-3
1.680000E-7	2.867484E-3
1.680500E-7	2.807531E-3
1.681000E-7	2.720171E-3
1.681500E-7	2.617394E-3
1.682000E-7	2.559154E-3
1.682500E-7	2.526608E-3
1.683000E-7	2.490636E-3
1.683500E-7	2.468368E-3
1.684000E-7	2.480358E-3
1.684500E-7	2.502626E-3
1.685000E-7	2.509478E-3
1.685500E-7	2.504339E-3
1.686000E-7	2.490636E-3
1.686500E-7	2.476932E-3
1.687000E-7	2.449525E-3
1.687500E-7	2.410127E-3
1.688000E-7	2.379294E-3
1.688500E-7	2.351887E-3
1.689000E-7	2.321054E-3
1.689500E-7	2.317628E-3
1.690000E-7	2.360452E-3
1.690500E-7	2.413553E-3
1.691000E-7	2.440960E-3
1.691500E-7	2.473506E-3
1.692000E-7	2.521468E-3
1.692500E-7	2.547162E-3
1.693000E-7	2.566005E-3
1.693500E-7	2.607115E-3
1.694000E-7	2.679059E-3
1.694500E-7	2.737300E-3
1.695000E-7	2.797253E-3
1.695500E-7	2.888039E-3
1.696000E-7	2.997668E-3
1.696500E-7	3.073038E-3
1.697000E-7	3.095307E-3
1.697500E-7	3.079890E-3
1.698000E-7	3.035353E-3
1.698500E-7	2.951419E-3
1.699000E-7	2.822947E-3
1.699500E-7	2.668782E-3
1.700000E-7	2.502626E-3
1.700500E-7	2.312488E-3
1.701000E-7	2.100083E-3
1.701500E-7	1.918510E-3
1.702000E-7	1.810594E-3
1.702500E-7	1.742076E-3
1.703000E-7	1.702679E-3
1.703500E-7	1.714669E-3
1.704000E-7	1.802030E-3
1.704500E-7	1.915085E-3
1.705000E-7	2.021288E-3
1.705500E-7	2.122352E-3
1.706000E-7	2.218277E-3
1.706500E-7	2.310776E-3
1.707000E-7	2.382720E-3
1.707500E-7	2.432395E-3
1.708000E-7	2.461515E-3
1.708500E-7	2.478644E-3
1.709000E-7	2.494060E-3
1.709500E-7	2.511190E-3
1.710000E-7	2.540310E-3
1.710500E-7	2.596837E-3
1.711000E-7	2.658504E-3
1.711500E-7	2.699615E-3
1.712000E-7	2.740726E-3
1.712500E-7	2.781837E-3
1.713000E-7	2.797253E-3
1.713500E-7	2.778411E-3
1.714000E-7	2.747578E-3
1.714500E-7	2.715033E-3
1.715000E-7	2.658505E-3
1.715500E-7	2.574571E-3
1.716000E-7	2.504340E-3
1.716500E-7	2.456377E-3
1.717000E-7	2.411841E-3
1.717500E-7	2.365591E-3
1.718000E-7	2.341610E-3
1.718500E-7	2.331332E-3
1.719000E-7	2.312489E-3
1.719500E-7	2.300499E-3
1.720000E-7	2.295360E-3
1.720500E-7	2.279943E-3
1.721000E-7	2.249110E-3
1.721500E-7	2.230268E-3
1.722000E-7	2.243972E-3
1.722500E-7	2.267953E-3
1.723000E-7	2.295360E-3
1.723500E-7	2.338184E-3
1.724000E-7	2.411840E-3
1.724500E-7	2.514617E-3
1.725000E-7	2.639662E-3
1.725500E-7	2.768133E-3
1.726000E-7	2.879474E-3
1.726500E-7	2.980538E-3
1.727000E-7	3.078176E-3
1.727500E-7	3.136416E-3
1.728000E-7	3.153545E-3
1.728500E-7	3.165536E-3
1.729000E-7	3.172388E-3
1.729500E-7	3.148407E-3
1.730000E-7	3.103870E-3
1.730500E-7	3.079889E-3
1.731000E-7	3.074750E-3
1.731500E-7	3.076463E-3
1.732000E-7	3.086741E-3
1.732500E-7	3.100444E-3
1.733000E-7	3.117574E-3
1.733500E-7	3.151833E-3
1.734000E-7	3.182666E-3
1.734500E-7	3.163824E-3
1.735000E-7	3.105583E-3
1.735500E-7	3.037066E-3
1.736000E-7	2.963409E-3
1.736500E-7	2.870910E-3
1.737000E-7	2.771559E-3
1.737500E-7	2.692763E-3
1.738000E-7	2.667069E-3
1.738500E-7	2.685911E-3
1.739000E-7	2.689337E-3
1.739500E-7	2.691050E-3
1.740000E-7	2.735587E-3
1.740500E-7	2.783549E-3
1.741000E-7	2.774984E-3
1.741500E-7	2.768132E-3
1.742000E-7	2.804104E-3
1.742500E-7	2.810956E-3
1.743000E-7	2.749290E-3
1.743500E-7	2.665356E-3
1.744000E-7	2.554014E-3
1.744500E-7	2.413553E-3
1.745000E-7	2.290220E-3
1.745500E-7	2.194296E-3
1.746000E-7	2.118926E-3
1.746500E-7	2.100084E-3
1.747000E-7	2.115500E-3
1.747500E-7	2.124065E-3
1.748000E-7	2.158324E-3
1.748500E-7	2.247397E-3
1.749000E-7	2.333045E-3
1.749500E-7	2.384433E-3
1.750000E-7	2.437534E-3
1.750500E-7	2.488923E-3
1.751000E-7	2.521469E-3
1.751500E-7	2.555728E-3
1.752000E-7	2.581422E-3
1.752500E-7	2.572857E-3
1.753000E-7	2.562579E-3
1.753500E-7	2.576283E-3
1.754000E-7	2.576283E-3
1.754500E-7	2.550588E-3
1.755000E-7	2.530033E-3
1.755500E-7	2.526607E-3
1.756000E-7	2.535172E-3
1.756500E-7	2.547163E-3
1.757000E-7	2.533459E-3
1.757500E-7	2.497488E-3
1.758000E-7	2.487210E-3
1.758500E-7	2.512904E-3
1.759000E-7	2.545450E-3
1.759500E-7	2.579709E-3
1.760000E-7	2.634523E-3
1.760500E-7	2.677347E-3
1.761000E-7	2.701328E-3
1.761500E-7	2.703040E-3
1.762000E-7	2.685911E-3
1.762500E-7	2.634522E-3
1.763000E-7	2.566004E-3
1.763500E-7	2.502625E-3
1.764000E-7	2.442672E-3
1.764500E-7	2.382719E-3
1.765000E-7	2.336470E-3
1.765500E-7	2.315915E-3
1.766000E-7	2.339896E-3
1.766500E-7	2.382720E-3
1.767000E-7	2.411841E-3
1.767500E-7	2.444387E-3
1.768000E-7	2.545451E-3
1.768500E-7	2.685913E-3
1.769000E-7	2.773273E-3
1.769500E-7	2.819523E-3
1.770000E-7	2.886327E-3
1.770500E-7	2.927438E-3
1.771000E-7	2.900030E-3
1.771500E-7	2.884613E-3
1.772000E-7	2.917159E-3
1.772500E-7	2.922297E-3
1.773000E-7	2.891464E-3
1.773500E-7	2.900029E-3
1.774000E-7	2.917158E-3
1.774500E-7	2.869196E-3
1.775000E-7	2.780123E-3
1.775500E-7	2.684198E-3
1.776000E-7	2.583134E-3
1.776500E-7	2.478645E-3
1.777000E-7	2.411840E-3
1.777500E-7	2.384433E-3
1.778000E-7	2.396424E-3
1.778500E-7	2.449526E-3
1.779000E-7	2.552302E-3
1.779500E-7	2.703042E-3
1.780000E-7	2.877762E-3
1.780500E-7	3.055908E-3
1.781000E-7	3.211786E-3
1.781500E-7	3.359100E-3
1.782000E-7	3.465302E-3
1.782500E-7	3.475580E-3
1.783000E-7	3.393358E-3
1.783500E-7	3.285442E-3
1.784000E-7	3.163823E-3
1.784500E-7	2.995954E-3
1.785000E-7	2.807530E-3
1.785500E-7	2.648226E-3
1.786000E-7	2.557440E-3
1.786500E-7	2.530032E-3
1.787000E-7	2.547162E-3
1.787500E-7	2.617393E-3
1.788000E-7	2.752716E-3
1.788500E-7	2.920585E-3
1.789000E-7	3.040491E-3
1.789500E-7	3.102158E-3
1.790000E-7	3.138130E-3
1.790500E-7	3.126139E-3
1.791000E-7	3.049056E-3
1.791500E-7	2.944567E-3
1.792000E-7	2.843503E-3
1.792500E-7	2.708180E-3
1.793000E-7	2.536885E-3
1.793500E-7	2.415266E-3
1.794000E-7	2.377581E-3
1.794500E-7	2.372442E-3
1.795000E-7	2.401562E-3
1.795500E-7	2.478645E-3
1.796000E-7	2.608829E-3
1.796500E-7	2.776698E-3
1.797000E-7	2.934289E-3
1.797500E-7	3.030214E-3
1.798000E-7	3.081602E-3
1.798500E-7	3.124426E-3
1.799000E-7	3.105583E-3
1.799500E-7	2.999380E-3
1.800000E-7	2.884613E-3
1.800500E-7	2.798965E-3
1.801000E-7	2.697901E-3
1.801500E-7	2.581421E-3
1.802000E-7	2.509477E-3
1.802500E-7	2.461514E-3
1.803000E-7	2.391284E-3
1.803500E-7	2.348460E-3
1.804000E-7	2.358738E-3
1.804500E-7	2.367303E-3
1.805000E-7	2.358739E-3
1.805500E-7	2.370729E-3
1.806000E-7	2.406701E-3
1.806500E-7	2.446099E-3
1.807000E-7	2.464942E-3
1.807500E-7	2.456377E-3
1.808000E-7	2.423831E-3
1.808500E-7	2.379294E-3
1.809000E-7	2.336470E-3
1.809500E-7	2.303924E-3
1.810000E-7	2.293646E-3
1.810500E-7	2.307350E-3
1.811000E-7	2.345035E-3
1.811500E-7	2.398136E-3
1.812000E-7	2.463228E-3
1.812500E-7	2.559153E-3
1.813000E-7	2.684198E-3
1.813500E-7	2.821234E-3
1.814000E-7	2.959982E-3
1.814500E-7	3.088453E-3
1.815000E-7	3.174101E-3
1.815500E-7	3.232341E-3
1.816000E-7	3.288868E-3
1.816500E-7	3.288869E-3
1.817000E-7	3.184379E-3
1.817500E-7	3.049056E-3
1.818000E-7	2.949705E-3
1.818500E-7	2.840077E-3
1.819000E-7	2.680773E-3
1.819500E-7	2.516330E-3
1.820000E-7	2.396423E-3
1.820500E-7	2.329618E-3
1.821000E-7	2.324479E-3
1.821500E-7	2.362164E-3
1.822000E-7	2.411840E-3
1.822500E-7	2.494061E-3
1.823000E-7	2.593412E-3
1.823500E-7	2.658504E-3
1.824000E-7	2.709893E-3
1.824500E-7	2.769846E-3
1.825000E-7	2.769846E-3
1.825500E-7	2.699615E-3
1.826000E-7	2.656791E-3
1.826500E-7	2.646513E-3
1.827000E-7	2.588273E-3
1.827500E-7	2.511190E-3
1.828000E-7	2.490635E-3
1.828500E-7	2.487209E-3
1.829000E-7	2.475218E-3
1.829500E-7	2.487209E-3
1.830000E-7	2.514616E-3
1.830500E-7	2.500913E-3
1.831000E-7	2.464941E-3
1.831500E-7	2.446099E-3
1.832000E-7	2.428970E-3
1.832500E-7	2.396424E-3
1.833000E-7	2.350175E-3
1.833500E-7	2.327906E-3
1.834000E-7	2.345036E-3
1.834500E-7	2.384434E-3
1.835000E-7	2.416980E-3
1.835500E-7	2.463229E-3
1.836000E-7	2.536885E-3
1.836500E-7	2.596838E-3
1.837000E-7	2.615681E-3
1.837500E-7	2.631097E-3
1.838000E-7	2.646513E-3
1.838500E-7	2.627671E-3
1.839000E-7	2.588273E-3
1.839500E-7	2.560866E-3
1.840000E-7	2.533459E-3
1.840500E-7	2.494061E-3
1.841000E-7	2.461515E-3
1.841500E-7	2.451238E-3
1.842000E-7	2.463228E-3
1.842500E-7	2.492349E-3
1.843000E-7	2.500913E-3
1.843500E-7	2.476932E-3
1.844000E-7	2.456377E-3
1.844500E-7	2.456377E-3
1.845000E-7	2.446099E-3
1.845500E-7	2.415266E-3
1.846000E-7	2.396423E-3
1.846500E-7	2.420405E-3
1.847000E-7	2.449525E-3
1.847500E-7	2.464941E-3
1.848000E-7	2.483784E-3
1.848500E-7	2.524894E-3
1.849000E-7	2.545450E-3
1.849500E-7	2.518042E-3
1.850000E-7	2.461515E-3
1.850500E-7	2.403275E-3
1.851000E-7	2.338183E-3
1.851500E-7	2.254249E-3
1.852000E-7	2.168601E-3
1.852500E-7	2.084667E-3
1.853000E-7	1.992168E-3
1.853500E-7	1.904808E-3
1.854000E-7	1.860271E-3
1.854500E-7	1.836290E-3
1.855000E-7	1.829438E-3
1.855500E-7	1.863697E-3
1.856000E-7	1.945919E-3
1.856500E-7	2.034992E-3
1.857000E-7	2.129204E-3
1.857500E-7	2.264526E-3
1.858000E-7	2.442673E-3
1.858500E-7	2.641375E-3
1.859000E-7	2.853780E-3
1.859500E-7	3.066185E-3
1.860000E-7	3.254609E-3
1.860500E-7	3.419052E-3
1.861000E-7	3.556088E-3
1.861500E-7	3.640022E-3
1.862000E-7	3.662291E-3
1.862500E-7	3.636597E-3
1.863000E-7	3.545811E-3
1.863500E-7	3.376229E-3
1.864000E-7	3.144981E-3
1.864500E-7	2.889753E-3
1.865000E-7	2.625959E-3
1.865500E-7	2.367304E-3
1.866000E-7	2.146334E-3
1.866500E-7	1.971613E-3
1.867000E-7	1.843143E-3
1.867500E-7	1.767773E-3
1.868000E-7	1.766060E-3
1.868500E-7	1.822587E-3
1.869000E-7	1.933929E-3
1.869500E-7	2.088094E-3
1.870000E-7	2.262815E-3
1.870500E-7	2.408415E-3
1.871000E-7	2.516331E-3
1.871500E-7	2.589987E-3
1.872000E-7	2.634524E-3
1.872500E-7	2.661931E-3
1.873000E-7	2.651653E-3
1.873500E-7	2.584848E-3
1.874000E-7	2.490636E-3
1.874500E-7	2.410127E-3
1.875000E-7	2.326193E-3
1.875500E-7	2.269666E-3
1.876000E-7	2.309064E-3
1.876500E-7	2.386146E-3
1.877000E-7	2.425544E-3
1.877500E-7	2.476932E-3
1.878000E-7	2.598551E-3
1.878500E-7	2.709893E-3
1.879000E-7	2.749291E-3
1.879500E-7	2.762994E-3
1.880000E-7	2.761281E-3
1.880500E-7	2.718457E-3
1.881000E-7	2.660217E-3
1.881500E-7	2.598551E-3
1.882000E-7	2.535172E-3
1.882500E-7	2.480357E-3
1.883000E-7	2.435821E-3
1.883500E-7	2.365590E-3
1.884000E-7	2.314202E-3
1.884500E-7	2.321054E-3
1.885000E-7	2.338183E-3
1.885500E-7	2.334757E-3
1.886000E-7	2.326192E-3
1.886500E-7	2.309063E-3
1.887000E-7	2.240545E-3
1.887500E-7	2.149759E-3
1.888000E-7	2.069250E-3
1.888500E-7	2.026427E-3
1.889000E-7	2.002445E-3
1.889500E-7	1.993881E-3
1.890000E-7	2.004159E-3
1.890500E-7	2.064112E-3
1.891000E-7	2.156611E-3
1.891500E-7	2.237120E-3
1.892000E-7	2.331332E-3
1.892500E-7	2.451238E-3
1.893000E-7	2.566005E-3
1.893500E-7	2.675634E-3
1.894000E-7	2.800679E-3
1.894500E-7	2.888039E-3
1.895000E-7	2.881188E-3
1.895500E-7	2.838364E-3
1.896000E-7	2.814383E-3
1.896500E-7	2.759568E-3
1.897000E-7	2.639662E-3
1.897500E-7	2.512904E-3
1.898000E-7	2.410127E-3
1.898500E-7	2.317628E-3
1.899000E-7	2.230268E-3
1.899500E-7	2.172027E-3
1.900000E-7	2.160037E-3
1.900500E-7	2.199434E-3
1.901000E-7	2.271378E-3
1.901500E-7	2.363877E-3
1.902000E-7	2.495774E-3
1.902500E-7	2.655078E-3
1.903000E-7	2.776697E-3
1.903500E-7	2.850354E-3
1.904000E-7	2.934288E-3
1.904500E-7	3.016510E-3
1.905000E-7	3.042204E-3
1.905500E-7	3.028501E-3
1.906000E-7	3.014798E-3
1.906500E-7	2.970261E-3
1.907000E-7	2.879475E-3
1.907500E-7	2.795541E-3
1.908000E-7	2.732162E-3
1.908500E-7	2.658505E-3
1.909000E-7	2.603691E-3
1.909500E-7	2.593413E-3
1.910000E-7	2.586561E-3
1.910500E-7	2.548876E-3
1.911000E-7	2.518043E-3
1.911500E-7	2.511191E-3
1.912000E-7	2.507765E-3
1.912500E-7	2.483784E-3
1.913000E-7	2.439247E-3
1.913500E-7	2.381007E-3
1.914000E-7	2.329618E-3
1.914500E-7	2.262813E-3
1.915000E-7	2.146333E-3
1.915500E-7	2.016149E-3
1.916000E-7	1.916798E-3
1.916500E-7	1.849993E-3
1.917000E-7	1.808883E-3
1.917500E-7	1.807170E-3
1.918000E-7	1.848281E-3
1.918500E-7	1.932215E-3
1.919000E-7	2.052121E-3
1.919500E-7	2.207999E-3
1.920000E-7	2.387858E-3
1.920500E-7	2.574569E-3
1.921000E-7	2.752716E-3
1.921500E-7	2.896603E-3
1.922000E-7	3.009658E-3
1.922500E-7	3.055907E-3
1.923000E-7	3.043917E-3
1.923500E-7	3.023361E-3
1.924000E-7	3.002806E-3
1.924500E-7	2.937714E-3
1.925000E-7	2.867483E-3
1.925500E-7	2.853780E-3
1.926000E-7	2.876048E-3
1.926500E-7	2.888039E-3
1.927000E-7	2.934289E-3
1.927500E-7	3.009658E-3
1.928000E-7	3.078176E-3
1.928500E-7	3.146694E-3
1.929000E-7	3.210073E-3
1.929500E-7	3.237480E-3
1.930000E-7	3.220351E-3
1.930500E-7	3.177527E-3
1.931000E-7	3.115861E-3
1.931500E-7	3.038778E-3
1.932000E-7	2.978825E-3
1.932500E-7	2.918872E-3
1.933000E-7	2.840077E-3
1.933500E-7	2.776698E-3
1.934000E-7	2.737300E-3
1.934500E-7	2.697902E-3
1.935000E-7	2.679060E-3
1.935500E-7	2.685912E-3
1.936000E-7	2.673921E-3
1.936500E-7	2.651653E-3
1.937000E-7	2.644801E-3
1.937500E-7	2.655079E-3
1.938000E-7	2.637949E-3
1.938500E-7	2.586561E-3
1.939000E-7	2.516330E-3
1.939500E-7	2.446099E-3
1.940000E-7	2.427256E-3
1.940500E-7	2.451237E-3
1.941000E-7	2.466654E-3
1.941500E-7	2.485497E-3
1.942000E-7	2.548876E-3
1.942500E-7	2.624246E-3
1.943000E-7	2.665357E-3
1.943500E-7	2.704755E-3
1.944000E-7	2.776699E-3
1.944500E-7	2.850355E-3
1.945000E-7	2.920586E-3
1.945500E-7	2.997669E-3
1.946000E-7	3.035354E-3
1.946500E-7	3.049057E-3
1.947000E-7	3.098732E-3
1.947500E-7	3.143269E-3
1.948000E-7	3.139843E-3
1.948500E-7	3.139843E-3
1.949000E-7	3.148407E-3
1.949500E-7	3.112435E-3
1.950000E-7	3.052482E-3
1.950500E-7	3.001094E-3
1.951000E-7	2.900030E-3
1.951500E-7	2.754430E-3
1.952000E-7	2.637950E-3
1.952500E-7	2.521469E-3
1.953000E-7	2.377582E-3
1.953500E-7	2.273092E-3
1.954000E-7	2.226843E-3
1.954500E-7	2.189158E-3
1.955000E-7	2.178880E-3
1.955500E-7	2.237120E-3
1.956000E-7	2.326193E-3
1.956500E-7	2.427256E-3
1.957000E-7	2.550588E-3
1.957500E-7	2.632810E-3
1.958000E-7	2.665355E-3
1.958500E-7	2.684198E-3
1.959000E-7	2.687624E-3
1.959500E-7	2.655078E-3
1.960000E-7	2.610541E-3
1.960500E-7	2.559153E-3
1.961000E-7	2.495774E-3
1.961500E-7	2.447812E-3
1.962000E-7	2.420405E-3
1.962500E-7	2.403275E-3
1.963000E-7	2.439247E-3
1.963500E-7	2.543737E-3
1.964000E-7	2.663644E-3
1.964500E-7	2.769847E-3
1.965000E-7	2.881188E-3
1.965500E-7	2.980539E-3
1.966000E-7	3.037066E-3
1.966500E-7	3.062760E-3
1.967000E-7	3.052482E-3
1.967500E-7	2.997668E-3
1.968000E-7	2.922298E-3
1.968500E-7	2.843503E-3
1.969000E-7	2.745865E-3
1.969500E-7	2.649940E-3
1.970000E-7	2.603690E-3
1.970500E-7	2.574570E-3
1.971000E-7	2.524895E-3
1.971500E-7	2.502626E-3
1.972000E-7	2.562579E-3
1.972500E-7	2.634523E-3
1.973000E-7	2.653366E-3
1.973500E-7	2.665356E-3
1.974000E-7	2.694476E-3
1.974500E-7	2.670494E-3
1.975000E-7	2.593412E-3
1.975500E-7	2.524894E-3
1.976000E-7	2.459802E-3
1.976500E-7	2.358738E-3
1.977000E-7	2.255961E-3
1.977500E-7	2.168601E-3
1.978000E-7	2.084667E-3
1.978500E-7	2.029852E-3
1.979000E-7	1.997307E-3
1.979500E-7	1.966474E-3
1.980000E-7	1.945919E-3
1.980500E-7	1.983604E-3
1.981000E-7	2.046983E-3
1.981500E-7	2.124066E-3
1.982000E-7	2.197722E-3
1.982500E-7	2.266240E-3
1.983000E-7	2.310777E-3
1.983500E-7	2.351888E-3
1.984000E-7	2.377582E-3
1.984500E-7	2.375869E-3
1.985000E-7	2.370730E-3
1.985500E-7	2.394711E-3
1.986000E-7	2.458090E-3
1.986500E-7	2.521469E-3
1.987000E-7	2.559153E-3
1.987500E-7	2.586560E-3
1.988000E-7	2.644800E-3
1.988500E-7	2.725309E-3
1.989000E-7	2.781836E-3
1.989500E-7	2.817808E-3
1.990000E-7	2.852067E-3
1.990500E-7	2.855493E-3
1.991000E-7	2.816095E-3
1.991500E-7	2.785262E-3
1.992000E-7	2.786975E-3
1.992500E-7	2.785262E-3
1.993000E-7	2.766420E-3
1.993500E-7	2.764707E-3
1.994000E-7	2.792114E-3
1.994500E-7	2.805818E-3
1.995000E-7	2.792114E-3
1.995500E-7	2.771559E-3
1.996000E-7	2.756142E-3
1.996500E-7	2.737299E-3
1.997000E-7	2.715031E-3
1.997500E-7	2.685911E-3
1.998000E-7	2.629383E-3
1.998500E-7	2.569430E-3
1.999000E-7	2.538597E-3
1.999500E-7	2.514616E-3
2.000000E-7	2.504338E-3
