Study Name	Tungsten_Kyocera
Sample Name	2024-02-05
Run Name	spot03
Operator	Angus+Samantha
Date	2/5/2024
Time	16:26
Sign	FIX
Grating Spacing	03.40um
Channel	3
Number Traces	10000
Files in Batch	1
Batch Number	174
dt	50.000001E-12
time stamp (ms)	7:26:52 PM
	
Time	Amplitude
0.000000E+0	2.288506E-3
5.000000E-11	2.291932E-3
1.000000E-10	2.285080E-3
1.500000E-10	2.271376E-3
2.000000E-10	2.281654E-3
2.500000E-10	2.321052E-3
3.000000E-10	2.374153E-3
3.500000E-10	2.451236E-3
4.000000E-10	2.560864E-3
4.500000E-10	2.667067E-3
5.000000E-10	2.761278E-3
5.500000E-10	2.858916E-3
6.000000E-10	2.946276E-3
6.500000E-10	2.989100E-3
7.000000E-10	2.983961E-3
7.500000E-10	2.932572E-3
8.000000E-10	2.843499E-3
8.500000E-10	2.752713E-3
9.000000E-10	2.655075E-3
9.500000E-10	2.521465E-3
1.000000E-9	2.372439E-3
1.050000E-9	2.238829E-3
1.100000E-9	2.106932E-3
1.150000E-9	1.957906E-3
1.200000E-9	1.829435E-3
1.250000E-9	1.730084E-3
1.300000E-9	1.663279E-3
1.350000E-9	1.644437E-3
1.400000E-9	1.663279E-3
1.450000E-9	1.709529E-3
1.500000E-9	1.795176E-3
1.550000E-9	1.891101E-3
1.600000E-9	1.993878E-3
1.650000E-9	2.124062E-3
1.700000E-9	2.252533E-3
1.750000E-9	2.322764E-3
1.800000E-9	2.381004E-3
1.850000E-9	2.454660E-3
1.900000E-9	2.492345E-3
1.950000E-9	2.471790E-3
2.000000E-9	2.464938E-3
2.050000E-9	2.492345E-3
2.100000E-9	2.519752E-3
2.150000E-9	2.555724E-3
2.200000E-9	2.634520E-3
2.250000E-9	2.723593E-3
2.300000E-9	2.785260E-3
2.350000E-9	2.829796E-3
2.400000E-9	2.870907E-3
2.450000E-9	2.881185E-3
2.500000E-9	2.860630E-3
2.550000E-9	2.838362E-3
2.600000E-9	2.828084E-3
2.650000E-9	2.804103E-3
2.700000E-9	2.752714E-3
2.750000E-9	2.699613E-3
2.800000E-9	2.644799E-3
2.850000E-9	2.559151E-3
2.900000E-9	2.458087E-3
2.950000E-9	2.398134E-3
3.000000E-9	2.389569E-3
3.050000E-9	2.382717E-3
3.100000E-9	2.358736E-3
3.150000E-9	2.336468E-3
3.200000E-9	2.327903E-3
3.250000E-9	2.288505E-3
3.300000E-9	2.204571E-3
3.350000E-9	2.124062E-3
3.400000E-9	2.067535E-3
3.450000E-9	2.014434E-3
3.500000E-9	1.952768E-3
3.550000E-9	1.896240E-3
3.600000E-9	1.882537E-3
3.650000E-9	1.916796E-3
3.700000E-9	1.966471E-3
3.750000E-9	2.004156E-3
3.800000E-9	2.052118E-3
3.850000E-9	2.122349E-3
3.900000E-9	2.192580E-3
3.950000E-9	2.267949E-3
4.000000E-9	2.346745E-3
4.050000E-9	2.418689E-3
4.100000E-9	2.483781E-3
4.150000E-9	2.564289E-3
4.200000E-9	2.620816E-3
4.250000E-9	2.625955E-3
4.300000E-9	2.624242E-3
4.350000E-9	2.634520E-3
4.400000E-9	2.615678E-3
4.450000E-9	2.588271E-3
4.500000E-9	2.572854E-3
4.550000E-9	2.540308E-3
4.600000E-9	2.478642E-3
4.650000E-9	2.449522E-3
4.700000E-9	2.398133E-3
4.750000E-9	2.264523E-3
4.800000E-9	2.139478E-3
4.850000E-9	2.086377E-3
4.900000E-9	2.052118E-3
4.950000E-9	2.022998E-3
5.000000E-9	2.043554E-3
5.050000E-9	2.091516E-3
5.100000E-9	2.115498E-3
5.150000E-9	2.156608E-3
5.200000E-9	2.230265E-3
5.250000E-9	2.269663E-3
5.300000E-9	2.283366E-3
5.350000E-9	2.298783E-3
5.400000E-9	2.298783E-3
5.450000E-9	2.278227E-3
5.500000E-9	2.262811E-3
5.550000E-9	2.233691E-3
5.600000E-9	2.207996E-3
5.650000E-9	2.214848E-3
5.700000E-9	2.249107E-3
5.750000E-9	2.281653E-3
5.800000E-9	2.338181E-3
5.850000E-9	2.408412E-3
5.900000E-9	2.454661E-3
5.950000E-9	2.492346E-3
6.000000E-9	2.543735E-3
6.050000E-9	2.569429E-3
6.100000E-9	2.535170E-3
6.150000E-9	2.476929E-3
6.200000E-9	2.406698E-3
6.250000E-9	2.315912E-3
6.300000E-9	2.228552E-3
6.350000E-9	2.151469E-3
6.400000E-9	2.105219E-3
6.450000E-9	2.091516E-3
6.500000E-9	2.100080E-3
6.550000E-9	2.132626E-3
6.600000E-9	2.228552E-3
6.650000E-9	2.362162E-3
6.700000E-9	2.492346E-3
6.750000E-9	2.625956E-3
6.800000E-9	2.788686E-3
6.850000E-9	2.939425E-3
6.900000E-9	3.018221E-3
6.950000E-9	3.062757E-3
7.000000E-9	3.097016E-3
7.050000E-9	3.078174E-3
7.100000E-9	2.983962E-3
7.150000E-9	2.874333E-3
7.200000E-9	2.771557E-3
7.250000E-9	2.648225E-3
7.300000E-9	2.509476E-3
7.350000E-9	2.394709E-3
7.400000E-9	2.305635E-3
7.450000E-9	2.209710E-3
7.500000E-9	2.127489E-3
7.550000E-9	2.089804E-3
7.600000E-9	2.089804E-3
7.650000E-9	2.130914E-3
7.700000E-9	2.190867E-3
7.750000E-9	2.219987E-3
7.800000E-9	2.214848E-3
7.850000E-9	2.214848E-3
7.900000E-9	2.223413E-3
7.950000E-9	2.219987E-3
8.000000E-9	2.223413E-3
8.050000E-9	2.254246E-3
8.100000E-9	2.295357E-3
8.150000E-9	2.343320E-3
8.200000E-9	2.379292E-3
8.250000E-9	2.391282E-3
8.300000E-9	2.386144E-3
8.350000E-9	2.392995E-3
8.400000E-9	2.410125E-3
8.450000E-9	2.410125E-3
8.500000E-9	2.389569E-3
8.550000E-9	2.379291E-3
8.600000E-9	2.370726E-3
8.650000E-9	2.381004E-3
8.700000E-9	2.386143E-3
8.750000E-9	2.386143E-3
8.800000E-9	2.404985E-3
8.850000E-9	2.411837E-3
8.900000E-9	2.381004E-3
8.950000E-9	2.355309E-3
9.000000E-9	2.375865E-3
9.050000E-9	2.387855E-3
9.100000E-9	2.372439E-3
9.150000E-9	2.351883E-3
9.200000E-9	2.338180E-3
9.250000E-9	2.321050E-3
9.300000E-9	2.334754E-3
9.350000E-9	2.381003E-3
9.400000E-9	2.423827E-3
9.450000E-9	2.461512E-3
9.500000E-9	2.530030E-3
9.550000E-9	2.612251E-3
9.600000E-9	2.673918E-3
9.650000E-9	2.716741E-3
9.700000E-9	2.761278E-3
9.750000E-9	2.821231E-3
9.800000E-9	2.900027E-3
9.850000E-9	2.970258E-3
9.900000E-9	3.009655E-3
9.950000E-9	3.055905E-3
1.000000E-8	3.124423E-3
1.005000E-8	3.172385E-3
1.010000E-8	3.184375E-3
1.015000E-8	3.210069E-3
1.020000E-8	3.235763E-3
1.025000E-8	3.211782E-3
1.030000E-8	3.132987E-3
1.035000E-8	3.045626E-3
1.040000E-8	2.949701E-3
1.045000E-8	2.810953E-3
1.050000E-8	2.636233E-3
1.055000E-8	2.473503E-3
1.060000E-8	2.334754E-3
1.065000E-8	2.223413E-3
1.070000E-8	2.117211E-3
1.075000E-8	2.021286E-3
1.080000E-8	1.951055E-3
1.085000E-8	1.896241E-3
1.090000E-8	1.861982E-3
1.095000E-8	1.849991E-3
1.100000E-8	1.843139E-3
1.105000E-8	1.819158E-3
1.110000E-8	1.796890E-3
1.115000E-8	1.800315E-3
1.120000E-8	1.820871E-3
1.125000E-8	1.855130E-3
1.130000E-8	1.935638E-3
1.135000E-8	2.062397E-3
1.140000E-8	2.201145E-3
1.145000E-8	2.369014E-3
1.150000E-8	2.598549E-3
1.155000E-8	2.894888E-3
1.160000E-8	3.270024E-3
1.165000E-8	3.780481E-3
1.170000E-8	4.458807E-3
1.175000E-8	5.358104E-3
1.180000E-8	6.596563E-3
1.185000E-8	8.258120E-3
1.190000E-8	1.036333E-2
1.195000E-8	1.298414E-2
1.200000E-8	1.619591E-2
1.205000E-8	1.999009E-2
1.210000E-8	2.429814E-2
1.215000E-8	2.909439E-2
1.220000E-8	3.433087E-2
1.225000E-8	3.992364E-2
1.230000E-8	4.574937E-2
1.235000E-8	5.163163E-2
1.240000E-8	5.735288E-2
1.245000E-8	6.275037E-2
1.250000E-8	6.765112E-2
1.255000E-8	7.188895E-2
1.260000E-8	7.537137E-2
1.265000E-8	7.804357E-2
1.270000E-8	7.981819E-2
1.275000E-8	8.068494E-2
1.280000E-8	8.072606E-2
1.285000E-8	7.997921E-2
1.290000E-8	7.844784E-2
1.295000E-8	7.628439E-2
1.300000E-8	7.366187E-2
1.305000E-8	7.064366E-2
1.310000E-8	6.733596E-2
1.315000E-8	6.394604E-2
1.320000E-8	6.067260E-2
1.325000E-8	5.757388E-2
1.330000E-8	5.468071E-2
1.335000E-8	5.220037E-2
1.340000E-8	5.030584E-2
1.345000E-8	4.892521E-2
1.350000E-8	4.797966E-2
1.355000E-8	4.758910E-2
1.360000E-8	4.784776E-2
1.365000E-8	4.859460E-2
1.370000E-8	4.965148E-2
1.375000E-8	5.098244E-2
1.380000E-8	5.251895E-2
1.385000E-8	5.414796E-2
1.390000E-8	5.573758E-2
1.395000E-8	5.718502E-2
1.400000E-8	5.840121E-2
1.405000E-8	5.932963E-2
1.410000E-8	5.988120E-2
1.415000E-8	5.997713E-2
1.420000E-8	5.961399E-2
1.425000E-8	5.877464E-2
1.430000E-8	5.743341E-2
1.435000E-8	5.565880E-2
1.440000E-8	5.357243E-2
1.445000E-8	5.123940E-2
1.450000E-8	4.872137E-2
1.455000E-8	4.616565E-2
1.460000E-8	4.369216E-2
1.465000E-8	4.138996E-2
1.470000E-8	3.940294E-2
1.475000E-8	3.784758E-2
1.480000E-8	3.679069E-2
1.485000E-8	3.626139E-2
1.490000E-8	3.625967E-2
1.495000E-8	3.677527E-2
1.500000E-8	3.776021E-2
1.505000E-8	3.910316E-2
1.510000E-8	4.070647E-2
1.515000E-8	4.251706E-2
1.520000E-8	4.441329E-2
1.525000E-8	4.619646E-2
1.530000E-8	4.773640E-2
1.535000E-8	4.900398E-2
1.540000E-8	4.994268E-2
1.545000E-8	5.042916E-2
1.550000E-8	5.041546E-2
1.555000E-8	4.992384E-2
1.560000E-8	4.899714E-2
1.565000E-8	4.764906E-2
1.570000E-8	4.591042E-2
1.575000E-8	4.387886E-2
1.580000E-8	4.163833E-2
1.585000E-8	3.927104E-2
1.590000E-8	3.687292E-2
1.595000E-8	3.458099E-2
1.600000E-8	3.253573E-2
1.605000E-8	3.081936E-2
1.610000E-8	2.949696E-2
1.615000E-8	2.864563E-2
1.620000E-8	2.829105E-2
1.625000E-8	2.845891E-2
1.630000E-8	2.910983E-2
1.635000E-8	3.018213E-2
1.640000E-8	3.163128E-2
1.645000E-8	3.338876E-2
1.650000E-8	3.533981E-2
1.655000E-8	3.733539E-2
1.660000E-8	3.925218E-2
1.665000E-8	4.101994E-2
1.670000E-8	4.251363E-2
1.675000E-8	4.360649E-2
1.680000E-8	4.424199E-2
1.685000E-8	4.436704E-2
1.690000E-8	4.394223E-2
1.695000E-8	4.300525E-2
1.700000E-8	4.160235E-2
1.705000E-8	3.976436E-2
1.710000E-8	3.756666E-2
1.715000E-8	3.516853E-2
1.720000E-8	3.266421E-2
1.725000E-8	3.016330E-2
1.730000E-8	2.784569E-2
1.735000E-8	2.583469E-2
1.740000E-8	2.419368E-2
1.745000E-8	2.301003E-2
1.750000E-8	2.235569E-2
1.755000E-8	2.221008E-2
1.760000E-8	2.256466E-2
1.765000E-8	2.343141E-2
1.770000E-8	2.471954E-2
1.775000E-8	2.631429E-2
1.780000E-8	2.817455E-2
1.785000E-8	3.016671E-2
1.790000E-8	3.207664E-2
1.795000E-8	3.384954E-2
1.800000E-8	3.545115E-2
1.805000E-8	3.669304E-2
1.810000E-8	3.745359E-2
1.815000E-8	3.779104E-2
1.820000E-8	3.768826E-2
1.825000E-8	3.708360E-2
1.830000E-8	3.603014E-2
1.835000E-8	3.458099E-2
1.840000E-8	3.278239E-2
1.845000E-8	3.074399E-2
1.850000E-8	2.858225E-2
1.855000E-8	2.635371E-2
1.860000E-8	2.417142E-2
1.865000E-8	2.219296E-2
1.870000E-8	2.047830E-2
1.875000E-8	1.909081E-2
1.880000E-8	1.815726E-2
1.885000E-8	1.771017E-2
1.890000E-8	1.774786E-2
1.895000E-8	1.829257E-2
1.900000E-8	1.934260E-2
1.905000E-8	2.081916E-2
1.910000E-8	2.262289E-2
1.915000E-8	2.465616E-2
1.920000E-8	2.679905E-2
1.925000E-8	2.892653E-2
1.930000E-8	3.092040E-2
1.935000E-8	3.259738E-2
1.940000E-8	3.384098E-2
1.945000E-8	3.460153E-2
1.950000E-8	3.482936E-2
1.955000E-8	3.446964E-2
1.960000E-8	3.356007E-2
1.965000E-8	3.216573E-2
1.970000E-8	3.033973E-2
1.975000E-8	2.820883E-2
1.980000E-8	2.589635E-2
1.985000E-8	2.348624E-2
1.990000E-8	2.110181E-2
1.995000E-8	1.892637E-2
2.000000E-8	1.705412E-2
2.005000E-8	1.550048E-2
2.010000E-8	1.436308E-2
2.015000E-8	1.373271E-2
2.020000E-8	1.359225E-2
2.025000E-8	1.393655E-2
2.030000E-8	1.477075E-2
2.035000E-8	1.601264E-2
2.040000E-8	1.756285E-2
2.045000E-8	1.936829E-2
2.050000E-8	2.133818E-2
2.055000E-8	2.334918E-2
2.060000E-8	2.529680E-2
2.065000E-8	2.706799E-2
2.070000E-8	2.852228E-2
2.075000E-8	2.957746E-2
2.080000E-8	3.019755E-2
2.085000E-8	3.032259E-2
2.090000E-8	2.992519E-2
2.095000E-8	2.906016E-2
2.100000E-8	2.779258E-2
2.105000E-8	2.614472E-2
2.110000E-8	2.416456E-2
2.115000E-8	2.196856E-2
2.120000E-8	1.969034E-2
2.125000E-8	1.746009E-2
2.130000E-8	1.537372E-2
2.135000E-8	1.355114E-2
2.140000E-8	1.208828E-2
2.145000E-8	1.102283E-2
2.150000E-8	1.038390E-2
2.155000E-8	1.024172E-2
2.160000E-8	1.065454E-2
2.165000E-8	1.156583E-2
2.170000E-8	1.288822E-2
2.175000E-8	1.458232E-2
2.180000E-8	1.656763E-2
2.185000E-8	1.872080E-2
2.190000E-8	2.089795E-2
2.195000E-8	2.294492E-2
2.200000E-8	2.474009E-2
2.205000E-8	2.619439E-2
2.210000E-8	2.721016E-2
2.215000E-8	2.770863E-2
2.220000E-8	2.768465E-2
2.225000E-8	2.715364E-2
2.230000E-8	2.611046E-2
2.235000E-8	2.462191E-2
2.240000E-8	2.281133E-2
2.245000E-8	2.075922E-2
2.250000E-8	1.856323E-2
2.255000E-8	1.637065E-2
2.260000E-8	1.432026E-2
2.265000E-8	1.248227E-2
2.270000E-8	1.095260E-2
2.275000E-8	9.820344E-3
2.280000E-8	9.112896E-3
2.285000E-8	8.814841E-3
2.290000E-8	8.963865E-3
2.295000E-8	9.556542E-3
2.300000E-8	1.057060E-2
2.305000E-8	1.194096E-2
2.310000E-8	1.358196E-2
2.315000E-8	1.539940E-2
2.320000E-8	1.730248E-2
2.325000E-8	1.918158E-2
2.330000E-8	2.089795E-2
2.335000E-8	2.234539E-2
2.340000E-8	2.345538E-2
2.345000E-8	2.416797E-2
2.350000E-8	2.442663E-2
2.355000E-8	2.423307E-2
2.360000E-8	2.358900E-2
2.365000E-8	2.250128E-2
2.370000E-8	2.106584E-2
2.375000E-8	1.936317E-2
2.380000E-8	1.745837E-2
2.385000E-8	1.542853E-2
2.390000E-8	1.338499E-2
2.395000E-8	1.144079E-2
2.400000E-8	9.700440E-3
2.405000E-8	8.273554E-3
2.410000E-8	7.199534E-3
2.415000E-8	6.522919E-3
2.420000E-8	6.327641E-3
2.425000E-8	6.620552E-3
2.430000E-8	7.348552E-3
2.435000E-8	8.501363E-3
2.440000E-8	1.004130E-2
2.445000E-8	1.184503E-2
2.450000E-8	1.378580E-2
2.455000E-8	1.578652E-2
2.460000E-8	1.773072E-2
2.465000E-8	1.948306E-2
2.470000E-8	2.094592E-2
2.475000E-8	2.205420E-2
2.480000E-8	2.273424E-2
2.485000E-8	2.294836E-2
2.490000E-8	2.267943E-2
2.495000E-8	2.194629E-2
2.500000E-8	2.080204E-2
2.505000E-8	1.931692E-2
2.510000E-8	1.753546E-2
2.515000E-8	1.555872E-2
2.520000E-8	1.350832E-2
2.525000E-8	1.148362E-2
2.530000E-8	9.565117E-3
2.535000E-8	7.883003E-3
2.540000E-8	6.524635E-3
2.545000E-8	5.510569E-3
2.550000E-8	4.926452E-3
2.555000E-8	4.849367E-3
2.560000E-8	5.239917E-3
2.565000E-8	6.041574E-3
2.570000E-8	7.264616E-3
2.575000E-8	8.830247E-3
2.580000E-8	1.059116E-2
2.585000E-8	1.245998E-2
2.590000E-8	1.435107E-2
2.595000E-8	1.611712E-2
2.600000E-8	1.762965E-2
2.605000E-8	1.884242E-2
2.610000E-8	1.968690E-2
2.615000E-8	2.009801E-2
2.620000E-8	2.007403E-2
2.625000E-8	1.961839E-2
2.630000E-8	1.874822E-2
2.635000E-8	1.752860E-2
2.640000E-8	1.603149E-2
2.645000E-8	1.430313E-2
2.650000E-8	1.243773E-2
2.655000E-8	1.056034E-2
2.660000E-8	8.760031E-3
2.665000E-8	7.103611E-3
2.670000E-8	5.675013E-3
2.675000E-8	4.577013E-3
2.680000E-8	3.890119E-3
2.685000E-8	3.653731E-3
2.690000E-8	3.866134E-3
2.695000E-8	4.532469E-3
2.700000E-8	5.639030E-3
2.705000E-8	7.089895E-3
2.710000E-8	8.792562E-3
2.715000E-8	1.069565E-2
2.720000E-8	1.267924E-2
2.725000E-8	1.454464E-2
2.730000E-8	1.619934E-2
2.735000E-8	1.759882E-2
2.740000E-8	1.865400E-2
2.745000E-8	1.925010E-2
2.750000E-8	1.938886E-2
2.755000E-8	1.910793E-2
2.760000E-8	1.841419E-2
2.765000E-8	1.733332E-2
2.770000E-8	1.593042E-2
2.775000E-8	1.429456E-2
2.780000E-8	1.254393E-2
2.785000E-8	1.074020E-2
2.790000E-8	8.963872E-3
2.795000E-8	7.317730E-3
2.800000E-8	5.913113E-3
2.805000E-8	4.767151E-3
2.810000E-8	3.905537E-3
2.815000E-8	3.398503E-3
2.820000E-8	3.299151E-3
2.825000E-8	3.590349E-3
2.830000E-8	4.236128E-3
2.835000E-8	5.226210E-3
2.840000E-8	6.541751E-3
2.845000E-8	8.110809E-3
2.850000E-8	9.822042E-3
2.855000E-8	1.156240E-2
2.860000E-8	1.325307E-2
2.865000E-8	1.479986E-2
2.870000E-8	1.606916E-2
2.875000E-8	1.698559E-2
2.880000E-8	1.754230E-2
2.885000E-8	1.768619E-2
2.890000E-8	1.735216E-2
2.895000E-8	1.659162E-2
2.900000E-8	1.548848E-2
2.905000E-8	1.405646E-2
2.910000E-8	1.236236E-2
2.915000E-8	1.055862E-2
2.920000E-8	8.734337E-3
2.925000E-8	6.942594E-3
2.930000E-8	5.293027E-3
2.935000E-8	3.922668E-3
2.940000E-8	2.898325E-3
2.945000E-8	2.250830E-3
2.950000E-8	2.005877E-3
2.955000E-8	2.154902E-3
2.960000E-8	2.709894E-3
2.965000E-8	3.650300E-3
2.970000E-8	4.905889E-3
2.975000E-8	6.389299E-3
2.980000E-8	8.044005E-3
2.985000E-8	9.784358E-3
2.990000E-8	1.148531E-2
2.995000E-8	1.303553E-2
3.000000E-8	1.435107E-2
3.005000E-8	1.538227E-2
3.010000E-8	1.607430E-2
3.015000E-8	1.639291E-2
3.020000E-8	1.632439E-2
3.025000E-8	1.587560E-2
3.030000E-8	1.506367E-2
3.035000E-8	1.391600E-2
3.040000E-8	1.253365E-2
3.045000E-8	1.102283E-2
3.050000E-8	9.431505E-3
3.055000E-8	7.824761E-3
3.060000E-8	6.341350E-3
3.065000E-8	5.072056E-3
3.070000E-8	4.028871E-3
3.075000E-8	3.247766E-3
3.080000E-8	2.826379E-3
3.085000E-8	2.786980E-3
3.090000E-8	3.098735E-3
3.095000E-8	3.725671E-3
3.100000E-8	4.624967E-3
3.105000E-8	5.726390E-3
3.110000E-8	6.983692E-3
3.115000E-8	8.347196E-3
3.120000E-8	9.741534E-3
3.125000E-8	1.107763E-2
3.130000E-8	1.228012E-2
3.135000E-8	1.328905E-2
3.140000E-8	1.406330E-2
3.145000E-8	1.456519E-2
3.150000E-8	1.475019E-2
3.155000E-8	1.462172E-2
3.160000E-8	1.420034E-2
3.165000E-8	1.345692E-2
3.170000E-8	1.240175E-2
3.175000E-8	1.116672E-2
3.180000E-8	9.830620E-3
3.185000E-8	8.372903E-3
3.190000E-8	6.868936E-3
3.195000E-8	5.469459E-3
3.200000E-8	4.244701E-3
3.205000E-8	3.215220E-3
3.210000E-8	2.428976E-3
3.215000E-8	1.951062E-3
3.220000E-8	1.808886E-3
3.225000E-8	2.043558E-3
3.230000E-8	2.655079E-3
3.235000E-8	3.573217E-3
3.240000E-8	4.779130E-3
3.245000E-8	6.226569E-3
3.250000E-8	7.797341E-3
3.255000E-8	9.386955E-3
3.260000E-8	1.092861E-2
3.265000E-8	1.230753E-2
3.270000E-8	1.343636E-2
3.275000E-8	1.428256E-2
3.280000E-8	1.478274E-2
3.285000E-8	1.485982E-2
3.290000E-8	1.451895E-2
3.295000E-8	1.380465E-2
3.300000E-8	1.273577E-2
3.305000E-8	1.137056E-2
3.310000E-8	9.835758E-3
3.315000E-8	8.220450E-3
3.320000E-8	6.572596E-3
3.325000E-8	4.991546E-3
3.330000E-8	3.585216E-3
3.335000E-8	2.415273E-3
3.340000E-8	1.541669E-3
3.345000E-8	1.024358E-3
3.350000E-8	8.701919E-4
3.355000E-8	1.089448E-3
3.360000E-8	1.697542E-3
3.365000E-8	2.631097E-3
3.370000E-8	3.787335E-3
3.375000E-8	5.133710E-3
3.380000E-8	6.632538E-3
3.385000E-8	8.184467E-3
3.390000E-8	9.695286E-3
3.395000E-8	1.109476E-2
3.400000E-8	1.228355E-2
3.405000E-8	1.318970E-2
3.410000E-8	1.378752E-2
3.415000E-8	1.404446E-2
3.420000E-8	1.394854E-2
3.425000E-8	1.351345E-2
3.430000E-8	1.276661E-2
3.435000E-8	1.172000E-2
3.440000E-8	1.043529E-2
3.445000E-8	8.962156E-3
3.450000E-8	7.391384E-3
3.455000E-8	5.860010E-3
3.460000E-8	4.448542E-3
3.465000E-8	3.172397E-3
3.470000E-8	2.088101E-3
3.475000E-8	1.284728E-3
3.480000E-8	7.896854E-4
3.485000E-8	6.183893E-4
3.490000E-8	8.016731E-4
3.495000E-8	1.317268E-3
3.500000E-8	2.149759E-3
3.505000E-8	3.287155E-3
3.510000E-8	4.654085E-3
3.515000E-8	6.140922E-3
3.520000E-8	7.687713E-3
3.525000E-8	9.196819E-3
3.530000E-8	1.056032E-2
3.535000E-8	1.173027E-2
3.540000E-8	1.266725E-2
3.545000E-8	1.329933E-2
3.550000E-8	1.355627E-2
3.555000E-8	1.344493E-2
3.560000E-8	1.296188E-2
3.565000E-8	1.214138E-2
3.570000E-8	1.104852E-2
3.575000E-8	9.734694E-3
3.580000E-8	8.295820E-3
3.585000E-8	6.855232E-3
3.590000E-8	5.467745E-3
3.595000E-8	4.165906E-3
3.600000E-8	3.062768E-3
3.605000E-8	2.249117E-3
3.610000E-8	1.718103E-3
3.615000E-8	1.461160E-3
3.620000E-8	1.515973E-3
3.625000E-8	1.889394E-3
3.630000E-8	2.524896E-3
3.635000E-8	3.369378E-3
3.640000E-8	4.412561E-3
3.645000E-8	5.589354E-3
3.650000E-8	6.796981E-3
3.655000E-8	7.994330E-3
3.660000E-8	9.148856E-3
3.665000E-8	1.019375E-2
3.670000E-8	1.104509E-2
3.675000E-8	1.168402E-2
3.680000E-8	1.209170E-2
3.685000E-8	1.221504E-2
3.690000E-8	1.204374E-2
3.695000E-8	1.160523E-2
3.700000E-8	1.092005E-2
3.705000E-8	9.993349E-3
3.710000E-8	8.855953E-3
3.715000E-8	7.593512E-3
3.720000E-8	6.301951E-3
3.725000E-8	5.036083E-3
3.730000E-8	3.835307E-3
3.735000E-8	2.812678E-3
3.740000E-8	2.014444E-3
3.745000E-8	1.452596E-3
3.750000E-8	1.164820E-3
3.755000E-8	1.214494E-3
3.760000E-8	1.593054E-3
3.765000E-8	2.266241E-3
3.770000E-8	3.177528E-3
3.775000E-8	4.268674E-3
3.780000E-8	5.481440E-3
3.785000E-8	6.773001E-3
3.790000E-8	8.030303E-3
3.795000E-8	9.169413E-3
3.800000E-8	1.018690E-2
3.805000E-8	1.101768E-2
3.810000E-8	1.154185E-2
3.815000E-8	1.176453E-2
3.820000E-8	1.174226E-2
3.825000E-8	1.143393E-2
3.830000E-8	1.080700E-2
3.835000E-8	9.960801E-3
3.840000E-8	8.975858E-3
3.845000E-8	7.864156E-3
3.850000E-8	6.649677E-3
3.855000E-8	5.402652E-3
3.860000E-8	4.191599E-3
3.865000E-8	3.081609E-3
3.870000E-8	2.125784E-3
3.875000E-8	1.375513E-3
3.880000E-8	9.010259E-4
3.885000E-8	7.297302E-4
3.890000E-8	8.479225E-4
3.895000E-8	1.260742E-3
3.900000E-8	1.990456E-3
3.905000E-8	2.975399E-3
3.910000E-8	4.131638E-3
3.915000E-8	5.424912E-3
3.920000E-8	6.776427E-3
3.925000E-8	8.062850E-3
3.930000E-8	9.219089E-3
3.935000E-8	1.018519E-2
3.940000E-8	1.087722E-2
3.945000E-8	1.125578E-2
3.950000E-8	1.131574E-2
3.955000E-8	1.105708E-2
3.960000E-8	1.051066E-2
3.965000E-8	9.717562E-3
3.970000E-8	8.705211E-3
3.975000E-8	7.519853E-3
3.980000E-8	6.271115E-3
3.985000E-8	5.046359E-3
3.990000E-8	3.881555E-3
3.995000E-8	2.834945E-3
4.000000E-8	1.990462E-3
4.005000E-8	1.389217E-3
4.010000E-8	1.031211E-3
4.015000E-8	9.318590E-4
4.020000E-8	1.116856E-3
4.025000E-8	1.565647E-3
4.030000E-8	2.223418E-3
4.035000E-8	3.081603E-3
4.040000E-8	4.111083E-3
4.045000E-8	5.226211E-3
4.050000E-8	6.391014E-3
4.055000E-8	7.564382E-3
4.060000E-8	8.672658E-3
4.065000E-8	9.623344E-3
4.070000E-8	1.039588E-2
4.075000E-8	1.097829E-2
4.080000E-8	1.130717E-2
4.085000E-8	1.134486E-2
4.090000E-8	1.109648E-2
4.095000E-8	1.059459E-2
4.100000E-8	9.851171E-3
4.105000E-8	8.902200E-3
4.110000E-8	7.812767E-3
4.115000E-8	6.649677E-3
4.120000E-8	5.491725E-3
4.125000E-8	4.393727E-3
4.130000E-8	3.401930E-3
4.135000E-8	2.554022E-3
4.140000E-8	1.930508E-3
4.145000E-8	1.557085E-3
4.150000E-8	1.432039E-3
4.155000E-8	1.546806E-3
4.160000E-8	1.885968E-3
4.165000E-8	2.413555E-3
4.170000E-8	3.097020E-3
4.175000E-8	3.924372E-3
4.180000E-8	4.833946E-3
4.185000E-8	5.762363E-3
4.190000E-8	6.680502E-3
4.195000E-8	7.557531E-3
4.200000E-8	8.321505E-3
4.205000E-8	8.936454E-3
4.210000E-8	9.392098E-3
4.215000E-8	9.671309E-3
4.220000E-8	9.727837E-3
4.225000E-8	9.577099E-3
4.230000E-8	9.236224E-3
4.235000E-8	8.693221E-3
4.240000E-8	7.958368E-3
4.245000E-8	7.108747E-3
4.250000E-8	6.183756E-3
4.255000E-8	5.221080E-3
4.260000E-8	4.265256E-3
4.265000E-8	3.381375E-3
4.270000E-8	2.624253E-3
4.275000E-8	2.046989E-3
4.280000E-8	1.663288E-3
4.285000E-8	1.500557E-3
4.290000E-8	1.615323E-3
4.295000E-8	2.014439E-3
4.300000E-8	2.660219E-3
4.305000E-8	3.509839E-3
4.310000E-8	4.493070E-3
4.315000E-8	5.561948E-3
4.320000E-8	6.661660E-3
4.325000E-8	7.720261E-3
4.330000E-8	8.640113E-3
4.335000E-8	9.374968E-3
4.340000E-8	9.923112E-3
4.345000E-8	1.022630E-2
4.350000E-8	1.023658E-2
4.355000E-8	9.981355E-3
4.360000E-8	9.508582E-3
4.365000E-8	8.809701E-3
4.370000E-8	7.910405E-3
4.375000E-8	6.901480E-3
4.380000E-8	5.860009E-3
4.385000E-8	4.803121E-3
4.390000E-8	3.765075E-3
4.395000E-8	2.816103E-3
4.400000E-8	2.019582E-3
4.405000E-8	1.392643E-3
4.410000E-8	9.558408E-4
4.415000E-8	7.502864E-4
4.420000E-8	7.896832E-4
4.425000E-8	1.051763E-3
4.430000E-8	1.514258E-3
4.435000E-8	2.170316E-3
4.440000E-8	3.001094E-3
4.445000E-8	3.953492E-3
4.450000E-8	4.948714E-3
4.455000E-8	5.931945E-3
4.460000E-8	6.879204E-3
4.465000E-8	7.740817E-3
4.470000E-8	8.443125E-3
4.475000E-8	8.945019E-3
4.480000E-8	9.241360E-3
4.485000E-8	9.332147E-3
4.490000E-8	9.183121E-3
4.495000E-8	8.802848E-3
4.500000E-8	8.225586E-3
4.505000E-8	7.489019E-3
4.510000E-8	6.623982E-3
4.515000E-8	5.690427E-3
4.520000E-8	4.797982E-3
4.525000E-8	3.956925E-3
4.530000E-8	3.150128E-3
4.535000E-8	2.454671E-3
4.540000E-8	1.975046E-3
4.545000E-8	1.726668E-3
4.550000E-8	1.671852E-3
4.555000E-8	1.848285E-3
4.560000E-8	2.267956E-3
4.565000E-8	2.865774E-3
4.570000E-8	3.576645E-3
4.575000E-8	4.385156E-3
4.580000E-8	5.275887E-3
4.585000E-8	6.187174E-3
4.590000E-8	7.052212E-3
4.595000E-8	7.847020E-3
4.600000E-8	8.549328E-3
4.605000E-8	9.071777E-3
4.610000E-8	9.366405E-3
4.615000E-8	9.462331E-3
4.620000E-8	9.374971E-3
4.625000E-8	9.061503E-3
4.630000E-8	8.523638E-3
4.635000E-8	7.838460E-3
4.640000E-8	7.041941E-3
4.645000E-8	6.134080E-3
4.650000E-8	5.169691E-3
4.655000E-8	4.253265E-3
4.660000E-8	3.456744E-3
4.665000E-8	2.795547E-3
4.670000E-8	2.279950E-3
4.675000E-8	1.966480E-3
4.680000E-8	1.897961E-3
4.685000E-8	2.033283E-3
4.690000E-8	2.341613E-3
4.695000E-8	2.821237E-3
4.700000E-8	3.439610E-3
4.705000E-8	4.159047E-3
4.710000E-8	4.941863E-3
4.715000E-8	5.762364E-3
4.720000E-8	6.546893E-3
4.725000E-8	7.245775E-3
4.730000E-8	7.817900E-3
4.735000E-8	8.232433E-3
4.740000E-8	8.497940E-3
4.745000E-8	8.599004E-3
4.750000E-8	8.506506E-3
4.755000E-8	8.239287E-3
4.760000E-8	7.840171E-3
4.765000E-8	7.297167E-3
4.770000E-8	6.610276E-3
4.775000E-8	5.860006E-3
4.780000E-8	5.128579E-3
4.785000E-8	4.410855E-3
4.790000E-8	3.693130E-3
4.795000E-8	3.061053E-3
4.800000E-8	2.584854E-3
4.805000E-8	2.269671E-3
4.810000E-8	2.091525E-3
4.815000E-8	2.067543E-3
4.820000E-8	2.230272E-3
4.825000E-8	2.555731E-3
4.830000E-8	2.999383E-3
4.835000E-8	3.547525E-3
4.840000E-8	4.198444E-3
4.845000E-8	4.916168E-3
4.850000E-8	5.630467E-3
4.855000E-8	6.307080E-3
4.860000E-8	6.937445E-3
4.865000E-8	7.477023E-3
4.870000E-8	7.874427E-3
4.875000E-8	8.105675E-3
4.880000E-8	8.186184E-3
4.885000E-8	8.079982E-3
4.890000E-8	7.781930E-3
4.895000E-8	7.369111E-3
4.900000E-8	6.879209E-3
4.905000E-8	6.271114E-3
4.910000E-8	5.567093E-3
4.915000E-8	4.845943E-3
4.920000E-8	4.140209E-3
4.925000E-8	3.441327E-3
4.930000E-8	2.816102E-3
4.935000E-8	2.324486E-3
4.940000E-8	1.992174E-3
4.945000E-8	1.838008E-3
4.950000E-8	1.870554E-3
4.955000E-8	2.093236E-3
4.960000E-8	2.512908E-3
4.965000E-8	3.109013E-3
4.970000E-8	3.816459E-3
4.975000E-8	4.573581E-3
4.980000E-8	5.376953E-3
4.985000E-8	6.151204E-3
4.990000E-8	6.803836E-3
4.995000E-8	7.316007E-3
5.000000E-8	7.723689E-3
5.005000E-8	7.996047E-3
5.010000E-8	8.062853E-3
5.015000E-8	7.915540E-3
5.020000E-8	7.610636E-3
5.025000E-8	7.199529E-3
5.030000E-8	6.707914E-3
5.035000E-8	6.146069E-3
5.040000E-8	5.560241E-3
5.045000E-8	4.984692E-3
5.050000E-8	4.441688E-3
5.055000E-8	3.950073E-3
5.060000E-8	3.537253E-3
5.065000E-8	3.204941E-3
5.070000E-8	2.946286E-3
5.075000E-8	2.764713E-3
5.080000E-8	2.670500E-3
5.085000E-8	2.704758E-3
5.090000E-8	2.864062E-3
5.095000E-8	3.124429E-3
5.100000E-8	3.489286E-3
5.105000E-8	3.962058E-3
5.110000E-8	4.510201E-3
5.115000E-8	5.108019E-3
5.120000E-8	5.767503E-3
5.125000E-8	6.442404E-3
5.130000E-8	7.045361E-3
5.135000E-8	7.531839E-3
5.140000E-8	7.948085E-3
5.145000E-8	8.246138E-3
5.150000E-8	8.324934E-3
5.155000E-8	8.172483E-3
5.160000E-8	7.871005E-3
5.165000E-8	7.403371E-3
5.170000E-8	6.749026E-3
5.175000E-8	6.003894E-3
5.180000E-8	5.272467E-3
5.185000E-8	4.563307E-3
5.190000E-8	3.886693E-3
5.195000E-8	3.307717E-3
5.200000E-8	2.876055E-3
5.205000E-8	2.567724E-3
5.210000E-8	2.396429E-3
5.215000E-8	2.410132E-3
5.220000E-8	2.593416E-3
5.225000E-8	2.896607E-3
5.230000E-8	3.299149E-3
5.235000E-8	3.792477E-3
5.240000E-8	4.368026E-3
5.245000E-8	4.979548E-3
5.250000E-8	5.567088E-3
5.255000E-8	6.098102E-3
5.260000E-8	6.601708E-3
5.265000E-8	7.047074E-3
5.270000E-8	7.369109E-3
5.275000E-8	7.562672E-3
5.280000E-8	7.674014E-3
5.285000E-8	7.689431E-3
5.290000E-8	7.586655E-3
5.295000E-8	7.394806E-3
5.300000E-8	7.119022E-3
5.305000E-8	6.718193E-3
5.310000E-8	6.231716E-3
5.315000E-8	5.728110E-3
5.320000E-8	5.229643E-3
5.325000E-8	4.729462E-3
5.330000E-8	4.289235E-3
5.335000E-8	3.915812E-3
5.340000E-8	3.607482E-3
5.345000E-8	3.391650E-3
5.350000E-8	3.307715E-3
5.355000E-8	3.333409E-3
5.360000E-8	3.456740E-3
5.365000E-8	3.670858E-3
5.370000E-8	3.967197E-3
5.375000E-8	4.357749E-3
5.380000E-8	4.847651E-3
5.385000E-8	5.382090E-3
5.390000E-8	5.882271E-3
5.395000E-8	6.344766E-3
5.400000E-8	6.786707E-3
5.405000E-8	7.158417E-3
5.410000E-8	7.411933E-3
5.415000E-8	7.569525E-3
5.420000E-8	7.653460E-3
5.425000E-8	7.631192E-3
5.430000E-8	7.442769E-3
5.435000E-8	7.089902E-3
5.440000E-8	6.661666E-3
5.445000E-8	6.173477E-3
5.450000E-8	5.589362E-3
5.455000E-8	4.940156E-3
5.460000E-8	4.359467E-3
5.465000E-8	3.845583E-3
5.470000E-8	3.343689E-3
5.475000E-8	2.918878E-3
5.480000E-8	2.677352E-3
5.485000E-8	2.595130E-3
5.490000E-8	2.620823E-3
5.495000E-8	2.781840E-3
5.500000E-8	3.109012E-3
5.505000E-8	3.568081E-3
5.510000E-8	4.100807E-3
5.515000E-8	4.678070E-3
5.520000E-8	5.279314E-3
5.525000E-8	5.870281E-3
5.530000E-8	6.392729E-3
5.535000E-8	6.803837E-3
5.540000E-8	7.067631E-3
5.545000E-8	7.168695E-3
5.550000E-8	7.124159E-3
5.555000E-8	6.969994E-3
5.560000E-8	6.702775E-3
5.565000E-8	6.303659E-3
5.570000E-8	5.817183E-3
5.575000E-8	5.320428E-3
5.580000E-8	4.833952E-3
5.585000E-8	4.344049E-3
5.590000E-8	3.881554E-3
5.595000E-8	3.504705E-3
5.600000E-8	3.234059E-3
5.605000E-8	3.055913E-3
5.610000E-8	2.977117E-3
5.615000E-8	2.995959E-3
5.620000E-8	3.115864E-3
5.625000E-8	3.292297E-3
5.630000E-8	3.502989E-3
5.635000E-8	3.746227E-3
5.640000E-8	4.047706E-3
5.645000E-8	4.395434E-3
5.650000E-8	4.750014E-3
5.655000E-8	5.092603E-3
5.660000E-8	5.423202E-3
5.665000E-8	5.731533E-3
5.670000E-8	6.002179E-3
5.675000E-8	6.216297E-3
5.680000E-8	6.353333E-3
5.685000E-8	6.404722E-3
5.690000E-8	6.372177E-3
5.695000E-8	6.240280E-3
5.700000E-8	6.007319E-3
5.705000E-8	5.675008E-3
5.710000E-8	5.262188E-3
5.715000E-8	4.782563E-3
5.720000E-8	4.302938E-3
5.725000E-8	3.847294E-3
5.730000E-8	3.424196E-3
5.735000E-8	3.091885E-3
5.740000E-8	2.888044E-3
5.745000E-8	2.802396E-3
5.750000E-8	2.862349E-3
5.755000E-8	3.095310E-3
5.760000E-8	3.473870E-3
5.765000E-8	3.936366E-3
5.770000E-8	4.446823E-3
5.775000E-8	4.972698E-3
5.780000E-8	5.505424E-3
5.785000E-8	6.017595E-3
5.790000E-8	6.432128E-3
5.795000E-8	6.730181E-3
5.800000E-8	6.935734E-3
5.805000E-8	7.059066E-3
5.810000E-8	7.052215E-3
5.815000E-8	6.939161E-3
5.820000E-8	6.755876E-3
5.825000E-8	6.493795E-3
5.830000E-8	6.149493E-3
5.835000E-8	5.794913E-3
5.840000E-8	5.430056E-3
5.845000E-8	5.020662E-3
5.850000E-8	4.587287E-3
5.855000E-8	4.172754E-3
5.860000E-8	3.794193E-3
5.865000E-8	3.463594E-3
5.870000E-8	3.184384E-3
5.875000E-8	2.959988E-3
5.880000E-8	2.833229E-3
5.885000E-8	2.838368E-3
5.890000E-8	2.939431E-3
5.895000E-8	3.098735E-3
5.900000E-8	3.353963E-3
5.905000E-8	3.706830E-3
5.910000E-8	4.117936E-3
5.915000E-8	4.590709E-3
5.920000E-8	5.101167E-3
5.925000E-8	5.553385E-3
5.930000E-8	5.899400E-3
5.935000E-8	6.163194E-3
5.940000E-8	6.339628E-3
5.945000E-8	6.406433E-3
5.950000E-8	6.379026E-3
5.955000E-8	6.253982E-3
5.960000E-8	6.034725E-3
5.965000E-8	5.743525E-3
5.970000E-8	5.397510E-3
5.975000E-8	4.988116E-3
5.980000E-8	4.558167E-3
5.985000E-8	4.165902E-3
5.990000E-8	3.777063E-3
5.995000E-8	3.386511E-3
6.000000E-8	3.098736E-3
6.005000E-8	2.925728E-3
6.010000E-8	2.797257E-3
6.015000E-8	2.747581E-3
6.020000E-8	2.850357E-3
6.025000E-8	3.066188E-3
6.030000E-8	3.319704E-3
6.035000E-8	3.636599E-3
6.040000E-8	4.042567E-3
6.045000E-8	4.467378E-3
6.050000E-8	4.849365E-3
6.055000E-8	5.186816E-3
6.060000E-8	5.500285E-3
6.065000E-8	5.750375E-3
6.070000E-8	5.885698E-3
6.075000E-8	5.914819E-3
6.080000E-8	5.873708E-3
6.085000E-8	5.764080E-3
6.090000E-8	5.572230E-3
6.095000E-8	5.337557E-3
6.100000E-8	5.114874E-3
6.105000E-8	4.890478E-3
6.110000E-8	4.645526E-3
6.115000E-8	4.424556E-3
6.120000E-8	4.258401E-3
6.125000E-8	4.123078E-3
6.130000E-8	3.989468E-3
6.135000E-8	3.905534E-3
6.140000E-8	3.884978E-3
6.145000E-8	3.872987E-3
6.150000E-8	3.855858E-3
6.155000E-8	3.881552E-3
6.160000E-8	3.956921E-3
6.165000E-8	4.047707E-3
6.170000E-8	4.164187E-3
6.175000E-8	4.340621E-3
6.180000E-8	4.549600E-3
6.185000E-8	4.772283E-3
6.190000E-8	5.018947E-3
6.195000E-8	5.267324E-3
6.200000E-8	5.474591E-3
6.205000E-8	5.633895E-3
6.210000E-8	5.746950E-3
6.215000E-8	5.788061E-3
6.220000E-8	5.753802E-3
6.225000E-8	5.647600E-3
6.230000E-8	5.452324E-3
6.235000E-8	5.173114E-3
6.240000E-8	4.849367E-3
6.245000E-8	4.503352E-3
6.250000E-8	4.136781E-3
6.255000E-8	3.802757E-3
6.260000E-8	3.552667E-3
6.265000E-8	3.381372E-3
6.270000E-8	3.266605E-3
6.275000E-8	3.240910E-3
6.280000E-8	3.314567E-3
6.285000E-8	3.458454E-3
6.290000E-8	3.633175E-3
6.295000E-8	3.837015E-3
6.300000E-8	4.071689E-3
6.305000E-8	4.318353E-3
6.310000E-8	4.556452E-3
6.315000E-8	4.797978E-3
6.320000E-8	5.044642E-3
6.325000E-8	5.255334E-3
6.330000E-8	5.407786E-3
6.335000E-8	5.527692E-3
6.340000E-8	5.644173E-3
6.345000E-8	5.719542E-3
6.350000E-8	5.733246E-3
6.355000E-8	5.705839E-3
6.360000E-8	5.647599E-3
6.365000E-8	5.539684E-3
6.370000E-8	5.376954E-3
6.375000E-8	5.159410E-3
6.380000E-8	4.912746E-3
6.385000E-8	4.648953E-3
6.390000E-8	4.357752E-3
6.395000E-8	4.063125E-3
6.400000E-8	3.833590E-3
6.405000E-8	3.694841E-3
6.410000E-8	3.586925E-3
6.415000E-8	3.513268E-3
6.420000E-8	3.542388E-3
6.425000E-8	3.650304E-3
6.430000E-8	3.778774E-3
6.435000E-8	3.927800E-3
6.440000E-8	4.152196E-3
6.445000E-8	4.421129E-3
6.450000E-8	4.650663E-3
6.455000E-8	4.832236E-3
6.460000E-8	5.003530E-3
6.465000E-8	5.154269E-3
6.470000E-8	5.246769E-3
6.475000E-8	5.286166E-3
6.480000E-8	5.306722E-3
6.485000E-8	5.298157E-3
6.490000E-8	5.233066E-3
6.495000E-8	5.114873E-3
6.500000E-8	4.957282E-3
6.505000E-8	4.770571E-3
6.510000E-8	4.551314E-3
6.515000E-8	4.290946E-3
6.520000E-8	4.008310E-3
6.525000E-8	3.725674E-3
6.530000E-8	3.458454E-3
6.535000E-8	3.213503E-3
6.540000E-8	3.016514E-3
6.545000E-8	2.917163E-3
6.550000E-8	2.910311E-3
6.555000E-8	2.985681E-3
6.560000E-8	3.172392E-3
6.565000E-8	3.475583E-3
6.570000E-8	3.845579E-3
6.575000E-8	4.249835E-3
6.580000E-8	4.679784E-3
6.585000E-8	5.097743E-3
6.590000E-8	5.447184E-3
6.595000E-8	5.685284E-3
6.600000E-8	5.812042E-3
6.605000E-8	5.834310E-3
6.610000E-8	5.757227E-3
6.615000E-8	5.579081E-3
6.620000E-8	5.322139E-3
6.625000E-8	5.005244E-3
6.630000E-8	4.679784E-3
6.635000E-8	4.386871E-3
6.640000E-8	4.124790E-3
6.645000E-8	3.884978E-3
6.650000E-8	3.689702E-3
6.655000E-8	3.542389E-3
6.660000E-8	3.425908E-3
6.665000E-8	3.360817E-3
6.670000E-8	3.364243E-3
6.675000E-8	3.393363E-3
6.680000E-8	3.410492E-3
6.685000E-8	3.473871E-3
6.690000E-8	3.614333E-3
6.695000E-8	3.758220E-3
6.700000E-8	3.890117E-3
6.705000E-8	4.068263E-3
6.710000E-8	4.253261E-3
6.715000E-8	4.381732E-3
6.720000E-8	4.505064E-3
6.725000E-8	4.657516E-3
6.730000E-8	4.782561E-3
6.735000E-8	4.857930E-3
6.740000E-8	4.926448E-3
6.745000E-8	4.948717E-3
6.750000E-8	4.899041E-3
6.755000E-8	4.818533E-3
6.760000E-8	4.717469E-3
6.765000E-8	4.570156E-3
6.770000E-8	4.410852E-3
6.775000E-8	4.284094E-3
6.780000E-8	4.176179E-3
6.785000E-8	4.069977E-3
6.790000E-8	3.980904E-3
6.795000E-8	3.941506E-3
6.800000E-8	3.956922E-3
6.805000E-8	3.994607E-3
6.810000E-8	4.030579E-3
6.815000E-8	4.088819E-3
6.820000E-8	4.200160E-3
6.825000E-8	4.335482E-3
6.830000E-8	4.450250E-3
6.835000E-8	4.577007E-3
6.840000E-8	4.717469E-3
6.845000E-8	4.835662E-3
6.850000E-8	4.919596E-3
6.855000E-8	4.998392E-3
6.860000E-8	5.089178E-3
6.865000E-8	5.197094E-3
6.870000E-8	5.315287E-3
6.875000E-8	5.402648E-3
6.880000E-8	5.445472E-3
6.885000E-8	5.472880E-3
6.890000E-8	5.467741E-3
6.895000E-8	5.411214E-3
6.900000E-8	5.301586E-3
6.905000E-8	5.137143E-3
6.910000E-8	4.895618E-3
6.915000E-8	4.585574E-3
6.920000E-8	4.270392E-3
6.925000E-8	3.958635E-3
6.930000E-8	3.655443E-3
6.935000E-8	3.398501E-3
6.940000E-8	3.225493E-3
6.945000E-8	3.127855E-3
6.950000E-8	3.110725E-3
6.955000E-8	3.184382E-3
6.960000E-8	3.345399E-3
6.965000E-8	3.549239E-3
6.970000E-8	3.761645E-3
6.975000E-8	3.977476E-3
6.980000E-8	4.186455E-3
6.985000E-8	4.374879E-3
6.990000E-8	4.532471E-3
6.995000E-8	4.657516E-3
7.000000E-8	4.763718E-3
7.005000E-8	4.863069E-3
7.010000E-8	4.948717E-3
7.015000E-8	5.008670E-3
7.020000E-8	5.037790E-3
7.025000E-8	5.037790E-3
7.030000E-8	5.008670E-3
7.035000E-8	4.950429E-3
7.040000E-8	4.869921E-3
7.045000E-8	4.750015E-3
7.050000E-8	4.585572E-3
7.055000E-8	4.393722E-3
7.060000E-8	4.179604E-3
7.065000E-8	3.927801E-3
7.070000E-8	3.641739E-3
7.075000E-8	3.381371E-3
7.080000E-8	3.203225E-3
7.085000E-8	3.102161E-3
7.090000E-8	3.073041E-3
7.095000E-8	3.156975E-3
7.100000E-8	3.360816E-3
7.105000E-8	3.621183E-3
7.110000E-8	3.888403E-3
7.115000E-8	4.176178E-3
7.120000E-8	4.465666E-3
7.125000E-8	4.700340E-3
7.130000E-8	4.861357E-3
7.135000E-8	4.974411E-3
7.140000E-8	5.041216E-3
7.145000E-8	5.018948E-3
7.150000E-8	4.909319E-3
7.155000E-8	4.765432E-3
7.160000E-8	4.630109E-3
7.165000E-8	4.498212E-3
7.170000E-8	4.347473E-3
7.175000E-8	4.215576E-3
7.180000E-8	4.121364E-3
7.185000E-8	4.032291E-3
7.190000E-8	3.939792E-3
7.195000E-8	3.867849E-3
7.200000E-8	3.833590E-3
7.205000E-8	3.771924E-3
7.210000E-8	3.670860E-3
7.215000E-8	3.592065E-3
7.220000E-8	3.562944E-3
7.225000E-8	3.540676E-3
7.230000E-8	3.513269E-3
7.235000E-8	3.538963E-3
7.240000E-8	3.633175E-3
7.245000E-8	3.758220E-3
7.250000E-8	3.867848E-3
7.255000E-8	3.980902E-3
7.260000E-8	4.129928E-3
7.265000E-8	4.304649E-3
7.270000E-8	4.438259E-3
7.275000E-8	4.513628E-3
7.280000E-8	4.559878E-3
7.285000E-8	4.577007E-3
7.290000E-8	4.547887E-3
7.295000E-8	4.496499E-3
7.300000E-8	4.422843E-3
7.305000E-8	4.296085E-3
7.310000E-8	4.150484E-3
7.315000E-8	4.035717E-3
7.320000E-8	3.943218E-3
7.325000E-8	3.845580E-3
7.330000E-8	3.790766E-3
7.335000E-8	3.818173E-3
7.340000E-8	3.903820E-3
7.345000E-8	4.004884E-3
7.350000E-8	4.119651E-3
7.355000E-8	4.272103E-3
7.360000E-8	4.446823E-3
7.365000E-8	4.619831E-3
7.370000E-8	4.775709E-3
7.375000E-8	4.905893E-3
7.380000E-8	5.000105E-3
7.385000E-8	5.046354E-3
7.390000E-8	5.042928E-3
7.395000E-8	4.989827E-3
7.400000E-8	4.905893E-3
7.405000E-8	4.803116E-3
7.410000E-8	4.690062E-3
7.415000E-8	4.554740E-3
7.420000E-8	4.426269E-3
7.425000E-8	4.296085E-3
7.430000E-8	4.143633E-3
7.435000E-8	4.028865E-3
7.440000E-8	4.003171E-3
7.445000E-8	4.013449E-3
7.450000E-8	4.008310E-3
7.455000E-8	4.016875E-3
7.460000E-8	4.039143E-3
7.465000E-8	4.051134E-3
7.470000E-8	4.056273E-3
7.475000E-8	4.064837E-3
7.480000E-8	4.075115E-3
7.485000E-8	4.085392E-3
7.490000E-8	4.092244E-3
7.495000E-8	4.099095E-3
7.500000E-8	4.121363E-3
7.505000E-8	4.177890E-3
7.510000E-8	4.237843E-3
7.515000E-8	4.316639E-3
7.520000E-8	4.450249E-3
7.525000E-8	4.636960E-3
7.530000E-8	4.823671E-3
7.535000E-8	4.996679E-3
7.540000E-8	5.140566E-3
7.545000E-8	5.241630E-3
7.550000E-8	5.284454E-3
7.555000E-8	5.251908E-3
7.560000E-8	5.157696E-3
7.565000E-8	5.018947E-3
7.570000E-8	4.815107E-3
7.575000E-8	4.554739E-3
7.580000E-8	4.287519E-3
7.585000E-8	4.020300E-3
7.590000E-8	3.756506E-3
7.595000E-8	3.549239E-3
7.600000E-8	3.432759E-3
7.605000E-8	3.400213E-3
7.610000E-8	3.448175E-3
7.615000E-8	3.580072E-3
7.620000E-8	3.753080E-3
7.625000E-8	3.974050E-3
7.630000E-8	4.205298E-3
7.635000E-8	4.357750E-3
7.640000E-8	4.453675E-3
7.645000E-8	4.542748E-3
7.650000E-8	4.563303E-3
7.655000E-8	4.469091E-3
7.660000E-8	4.352611E-3
7.665000E-8	4.258398E-3
7.670000E-8	4.129927E-3
7.675000E-8	4.013447E-3
7.680000E-8	3.974050E-3
7.685000E-8	3.970624E-3
7.690000E-8	3.982615E-3
7.695000E-8	4.047707E-3
7.700000E-8	4.164188E-3
7.705000E-8	4.304650E-3
7.710000E-8	4.457102E-3
7.715000E-8	4.578722E-3
7.720000E-8	4.664369E-3
7.725000E-8	4.727748E-3
7.730000E-8	4.731174E-3
7.735000E-8	4.654092E-3
7.740000E-8	4.580435E-3
7.745000E-8	4.520482E-3
7.750000E-8	4.414279E-3
7.755000E-8	4.302937E-3
7.760000E-8	4.268678E-3
7.765000E-8	4.260113E-3
7.770000E-8	4.244696E-3
7.775000E-8	4.299510E-3
7.780000E-8	4.441685E-3
7.785000E-8	4.565017E-3
7.790000E-8	4.633534E-3
7.795000E-8	4.720894E-3
7.800000E-8	4.825384E-3
7.805000E-8	4.899041E-3
7.810000E-8	4.941864E-3
7.815000E-8	4.989827E-3
7.820000E-8	5.006956E-3
7.825000E-8	4.948716E-3
7.830000E-8	4.845939E-3
7.835000E-8	4.715756E-3
7.840000E-8	4.546174E-3
7.845000E-8	4.361176E-3
7.850000E-8	4.195020E-3
7.855000E-8	4.039142E-3
7.860000E-8	3.919236E-3
7.865000E-8	3.859283E-3
7.870000E-8	3.842154E-3
7.875000E-8	3.860996E-3
7.880000E-8	3.934653E-3
7.885000E-8	4.052846E-3
7.890000E-8	4.196734E-3
7.895000E-8	4.380019E-3
7.900000E-8	4.580434E-3
7.905000E-8	4.736312E-3
7.910000E-8	4.837375E-3
7.915000E-8	4.919597E-3
7.920000E-8	4.964133E-3
7.925000E-8	4.970985E-3
7.930000E-8	4.945290E-3
7.935000E-8	4.873347E-3
7.940000E-8	4.753440E-3
7.945000E-8	4.642099E-3
7.950000E-8	4.532470E-3
7.955000E-8	4.439971E-3
7.960000E-8	4.415990E-3
7.965000E-8	4.443397E-3
7.970000E-8	4.479369E-3
7.975000E-8	4.546174E-3
7.980000E-8	4.660942E-3
7.985000E-8	4.760293E-3
7.990000E-8	4.833949E-3
7.995000E-8	4.912745E-3
8.000000E-8	4.957281E-3
8.005000E-8	4.938439E-3
8.010000E-8	4.871634E-3
8.015000E-8	4.772283E-3
8.020000E-8	4.630109E-3
8.025000E-8	4.467379E-3
8.030000E-8	4.304649E-3
8.035000E-8	4.143632E-3
8.040000E-8	4.022012E-3
8.045000E-8	3.963772E-3
8.050000E-8	3.936365E-3
8.055000E-8	3.912383E-3
8.060000E-8	3.924374E-3
8.065000E-8	3.989466E-3
8.070000E-8	4.064836E-3
8.075000E-8	4.111085E-3
8.080000E-8	4.148770E-3
8.085000E-8	4.198446E-3
8.090000E-8	4.208723E-3
8.095000E-8	4.169326E-3
8.100000E-8	4.155622E-3
8.105000E-8	4.183029E-3
8.110000E-8	4.160761E-3
8.115000E-8	4.105947E-3
8.120000E-8	4.085391E-3
8.125000E-8	4.057984E-3
8.130000E-8	3.992892E-3
8.135000E-8	3.965485E-3
8.140000E-8	3.992892E-3
8.145000E-8	4.003170E-3
8.150000E-8	4.004883E-3
8.155000E-8	4.047707E-3
8.160000E-8	4.109373E-3
8.165000E-8	4.155623E-3
8.170000E-8	4.167613E-3
8.175000E-8	4.171039E-3
8.180000E-8	4.201872E-3
8.185000E-8	4.258399E-3
8.190000E-8	4.261825E-3
8.195000E-8	4.242982E-3
8.200000E-8	4.270389E-3
8.205000E-8	4.309787E-3
8.210000E-8	4.316638E-3
8.215000E-8	4.337194E-3
8.220000E-8	4.397147E-3
8.225000E-8	4.479368E-3
8.230000E-8	4.558164E-3
8.235000E-8	4.630108E-3
8.240000E-8	4.664367E-3
8.245000E-8	4.648951E-3
8.250000E-8	4.606127E-3
8.255000E-8	4.547887E-3
8.260000E-8	4.457101E-3
8.265000E-8	4.337195E-3
8.270000E-8	4.222427E-3
8.275000E-8	4.145345E-3
8.280000E-8	4.119651E-3
8.285000E-8	4.147058E-3
8.290000E-8	4.217288E-3
8.295000E-8	4.318352E-3
8.300000E-8	4.463953E-3
8.305000E-8	4.652377E-3
8.310000E-8	4.844227E-3
8.315000E-8	5.000105E-3
8.320000E-8	5.116586E-3
8.325000E-8	5.190242E-3
8.330000E-8	5.178252E-3
8.335000E-8	5.109734E-3
8.340000E-8	5.020660E-3
8.345000E-8	4.881911E-3
8.350000E-8	4.686635E-3
8.355000E-8	4.510202E-3
8.360000E-8	4.376592E-3
8.365000E-8	4.237843E-3
8.370000E-8	4.111085E-3
8.375000E-8	4.042567E-3
8.380000E-8	4.011734E-3
8.385000E-8	3.982614E-3
8.390000E-8	3.958633E-3
8.395000E-8	3.956920E-3
8.400000E-8	4.006596E-3
8.405000E-8	4.095669E-3
8.410000E-8	4.157335E-3
8.415000E-8	4.207011E-3
8.420000E-8	4.309788E-3
8.425000E-8	4.431407E-3
8.430000E-8	4.523906E-3
8.435000E-8	4.606127E-3
8.440000E-8	4.702052E-3
8.445000E-8	4.768856E-3
8.450000E-8	4.767143E-3
8.455000E-8	4.726032E-3
8.460000E-8	4.672931E-3
8.465000E-8	4.606126E-3
8.470000E-8	4.515340E-3
8.475000E-8	4.429693E-3
8.480000E-8	4.407425E-3
8.485000E-8	4.429693E-3
8.490000E-8	4.448536E-3
8.495000E-8	4.477656E-3
8.500000E-8	4.556452E-3
8.505000E-8	4.640386E-3
8.510000E-8	4.715756E-3
8.515000E-8	4.806542E-3
8.520000E-8	4.859644E-3
8.525000E-8	4.839088E-3
8.530000E-8	4.787700E-3
8.535000E-8	4.712330E-3
8.540000E-8	4.587285E-3
8.545000E-8	4.441685E-3
8.550000E-8	4.321778E-3
8.555000E-8	4.224140E-3
8.560000E-8	4.167613E-3
8.565000E-8	4.155622E-3
8.570000E-8	4.160761E-3
8.575000E-8	4.184742E-3
8.580000E-8	4.254973E-3
8.585000E-8	4.333769E-3
8.590000E-8	4.381731E-3
8.595000E-8	4.451962E-3
8.600000E-8	4.542748E-3
8.605000E-8	4.577007E-3
8.610000E-8	4.546174E-3
8.615000E-8	4.486221E-3
8.620000E-8	4.409138E-3
8.625000E-8	4.294371E-3
8.630000E-8	4.177891E-3
8.635000E-8	4.052846E-3
8.640000E-8	3.898681E-3
8.645000E-8	3.753081E-3
8.650000E-8	3.638313E-3
8.655000E-8	3.549240E-3
8.660000E-8	3.501278E-3
8.665000E-8	3.487574E-3
8.670000E-8	3.506416E-3
8.675000E-8	3.581786E-3
8.680000E-8	3.718821E-3
8.685000E-8	3.854144E-3
8.690000E-8	3.962059E-3
8.695000E-8	4.083679E-3
8.700000E-8	4.212150E-3
8.705000E-8	4.313213E-3
8.710000E-8	4.424555E-3
8.715000E-8	4.525619E-3
8.720000E-8	4.571869E-3
8.725000E-8	4.588998E-3
8.730000E-8	4.599276E-3
8.735000E-8	4.547888E-3
8.740000E-8	4.450249E-3
8.745000E-8	4.386870E-3
8.750000E-8	4.325204E-3
8.755000E-8	4.200158E-3
8.760000E-8	4.066548E-3
8.765000E-8	3.977475E-3
8.770000E-8	3.867846E-3
8.775000E-8	3.735950E-3
8.780000E-8	3.660580E-3
8.785000E-8	3.624608E-3
8.790000E-8	3.566368E-3
8.795000E-8	3.504702E-3
8.800000E-8	3.501277E-3
8.805000E-8	3.554378E-3
8.810000E-8	3.631461E-3
8.815000E-8	3.746228E-3
8.820000E-8	3.898680E-3
8.825000E-8	4.066549E-3
8.830000E-8	4.236131E-3
8.835000E-8	4.380018E-3
8.840000E-8	4.498211E-3
8.845000E-8	4.570155E-3
8.850000E-8	4.573581E-3
8.855000E-8	4.527331E-3
8.860000E-8	4.487934E-3
8.865000E-8	4.438258E-3
8.870000E-8	4.356037E-3
8.875000E-8	4.296084E-3
8.880000E-8	4.302935E-3
8.885000E-8	4.318352E-3
8.890000E-8	4.333769E-3
8.895000E-8	4.400574E-3
8.900000E-8	4.484508E-3
8.905000E-8	4.525619E-3
8.910000E-8	4.546174E-3
8.915000E-8	4.565017E-3
8.920000E-8	4.570155E-3
8.925000E-8	4.571868E-3
8.930000E-8	4.551313E-3
8.935000E-8	4.479369E-3
8.940000E-8	4.421129E-3
8.945000E-8	4.436545E-3
8.950000E-8	4.448536E-3
8.955000E-8	4.419416E-3
8.960000E-8	4.431406E-3
8.965000E-8	4.474230E-3
8.970000E-8	4.460526E-3
8.975000E-8	4.434832E-3
8.980000E-8	4.427980E-3
8.985000E-8	4.397147E-3
8.990000E-8	4.323491E-3
8.995000E-8	4.270389E-3
9.000000E-8	4.239556E-3
9.005000E-8	4.234417E-3
9.010000E-8	4.273815E-3
9.015000E-8	4.371453E-3
9.020000E-8	4.501638E-3
9.025000E-8	4.671219E-3
9.030000E-8	4.840801E-3
9.035000E-8	4.982976E-3
9.040000E-8	5.104595E-3
9.045000E-8	5.191956E-3
9.050000E-8	5.190243E-3
9.055000E-8	5.120012E-3
9.060000E-8	4.998393E-3
9.065000E-8	4.813395E-3
9.070000E-8	4.561591E-3
9.075000E-8	4.320066E-3
9.080000E-8	4.109373E-3
9.085000E-8	3.902107E-3
9.090000E-8	3.717108E-3
9.095000E-8	3.612618E-3
9.100000E-8	3.600627E-3
9.105000E-8	3.674284E-3
9.110000E-8	3.806181E-3
9.115000E-8	3.962059E-3
9.120000E-8	4.119650E-3
9.125000E-8	4.280667E-3
9.130000E-8	4.410851E-3
9.135000E-8	4.487933E-3
9.140000E-8	4.530757E-3
9.145000E-8	4.535896E-3
9.150000E-8	4.474230E-3
9.155000E-8	4.362889E-3
9.160000E-8	4.272103E-3
9.165000E-8	4.189881E-3
9.170000E-8	4.075114E-3
9.175000E-8	3.956920E-3
9.180000E-8	3.890116E-3
9.185000E-8	3.840440E-3
9.190000E-8	3.792478E-3
9.195000E-8	3.806181E-3
9.200000E-8	3.859282E-3
9.205000E-8	3.908958E-3
9.210000E-8	3.977476E-3
9.215000E-8	4.090530E-3
9.220000E-8	4.212149E-3
9.225000E-8	4.325204E-3
9.230000E-8	4.421129E-3
9.235000E-8	4.479369E-3
9.240000E-8	4.491360E-3
9.245000E-8	4.450249E-3
9.250000E-8	4.357750E-3
9.255000E-8	4.254973E-3
9.260000E-8	4.177890E-3
9.265000E-8	4.087104E-3
9.270000E-8	3.956920E-3
9.275000E-8	3.852430E-3
9.280000E-8	3.821597E-3
9.285000E-8	3.795903E-3
9.290000E-8	3.773635E-3
9.295000E-8	3.830162E-3
9.300000E-8	3.950068E-3
9.305000E-8	4.080253E-3
9.310000E-8	4.230992E-3
9.315000E-8	4.412564E-3
9.320000E-8	4.575294E-3
9.325000E-8	4.703765E-3
9.330000E-8	4.806542E-3
9.335000E-8	4.881912E-3
9.340000E-8	4.921310E-3
9.345000E-8	4.916171E-3
9.350000E-8	4.820246E-3
9.355000E-8	4.650664E-3
9.360000E-8	4.475944E-3
9.365000E-8	4.302936E-3
9.370000E-8	4.088817E-3
9.375000E-8	3.902106E-3
9.380000E-8	3.809606E-3
9.385000E-8	3.771921E-3
9.390000E-8	3.768495E-3
9.395000E-8	3.847291E-3
9.400000E-8	4.011733E-3
9.405000E-8	4.195019E-3
9.410000E-8	4.386869E-3
9.415000E-8	4.604413E-3
9.420000E-8	4.794551E-3
9.425000E-8	4.905893E-3
9.430000E-8	4.940152E-3
9.435000E-8	4.911032E-3
9.440000E-8	4.816820E-3
9.445000E-8	4.647239E-3
9.450000E-8	4.388584E-3
9.455000E-8	4.087105E-3
9.460000E-8	3.821598E-3
9.465000E-8	3.626322E-3
9.470000E-8	3.468730E-3
9.475000E-8	3.353963E-3
9.480000E-8	3.316278E-3
9.485000E-8	3.312852E-3
9.490000E-8	3.317990E-3
9.495000E-8	3.393360E-3
9.500000E-8	3.537247E-3
9.505000E-8	3.657154E-3
9.510000E-8	3.759931E-3
9.515000E-8	3.910670E-3
9.520000E-8	4.059697E-3
9.525000E-8	4.150483E-3
9.530000E-8	4.237843E-3
9.535000E-8	4.342333E-3
9.540000E-8	4.419415E-3
9.545000E-8	4.494785E-3
9.550000E-8	4.578719E-3
9.555000E-8	4.614691E-3
9.560000E-8	4.606126E-3
9.565000E-8	4.609552E-3
9.570000E-8	4.590710E-3
9.575000E-8	4.520479E-3
9.580000E-8	4.458813E-3
9.585000E-8	4.403998E-3
9.590000E-8	4.311499E-3
9.595000E-8	4.234417E-3
9.600000E-8	4.213861E-3
9.605000E-8	4.198445E-3
9.610000E-8	4.155621E-3
9.615000E-8	4.141917E-3
9.620000E-8	4.159047E-3
9.625000E-8	4.181315E-3
9.630000E-8	4.196732E-3
9.635000E-8	4.193306E-3
9.640000E-8	4.193306E-3
9.645000E-8	4.219000E-3
9.650000E-8	4.230991E-3
9.655000E-8	4.196733E-3
9.660000E-8	4.167613E-3
9.665000E-8	4.165900E-3
9.670000E-8	4.133354E-3
9.675000E-8	4.081966E-3
9.680000E-8	4.078541E-3
9.685000E-8	4.102522E-3
9.690000E-8	4.138494E-3
9.695000E-8	4.239558E-3
9.700000E-8	4.381733E-3
9.705000E-8	4.498213E-3
9.710000E-8	4.587286E-3
9.715000E-8	4.671220E-3
9.720000E-8	4.724321E-3
9.725000E-8	4.741451E-3
9.730000E-8	4.762006E-3
9.735000E-8	4.770570E-3
9.740000E-8	4.734598E-3
9.745000E-8	4.698626E-3
9.750000E-8	4.679784E-3
9.755000E-8	4.635247E-3
9.760000E-8	4.599275E-3
9.765000E-8	4.594136E-3
9.770000E-8	4.568442E-3
9.775000E-8	4.529044E-3
9.780000E-8	4.537609E-3
9.785000E-8	4.563303E-3
9.790000E-8	4.518767E-3
9.795000E-8	4.439971E-3
9.800000E-8	4.386870E-3
9.805000E-8	4.328630E-3
9.810000E-8	4.217288E-3
9.815000E-8	4.076826E-3
9.820000E-8	3.950068E-3
9.825000E-8	3.857569E-3
9.830000E-8	3.814746E-3
9.835000E-8	3.807894E-3
9.840000E-8	3.833588E-3
9.845000E-8	3.932939E-3
9.850000E-8	4.088817E-3
9.855000E-8	4.270390E-3
9.860000E-8	4.460527E-3
9.865000E-8	4.660942E-3
9.870000E-8	4.859644E-3
9.875000E-8	5.061771E-3
9.880000E-8	5.229640E-3
9.885000E-8	5.320426E-3
9.890000E-8	5.320426E-3
9.895000E-8	5.260473E-3
9.900000E-8	5.143993E-3
9.905000E-8	4.977837E-3
9.910000E-8	4.803116E-3
9.915000E-8	4.633534E-3
9.920000E-8	4.482795E-3
9.925000E-8	4.381731E-3
9.930000E-8	4.340620E-3
9.935000E-8	4.337195E-3
9.940000E-8	4.383444E-3
9.945000E-8	4.477657E-3
9.950000E-8	4.561591E-3
9.955000E-8	4.635248E-3
9.960000E-8	4.707192E-3
9.965000E-8	4.753441E-3
9.970000E-8	4.751728E-3
9.975000E-8	4.739737E-3
9.980000E-8	4.715756E-3
9.985000E-8	4.666080E-3
9.990000E-8	4.618118E-3
9.995000E-8	4.556451E-3
1.000000E-7	4.498211E-3
1.000500E-7	4.493072E-3
1.001000E-7	4.549599E-3
1.001500E-7	4.594136E-3
1.002000E-7	4.635247E-3
1.002500E-7	4.714042E-3
1.003000E-7	4.787699E-3
1.003500E-7	4.797977E-3
1.004000E-7	4.792838E-3
1.004500E-7	4.782561E-3
1.005000E-7	4.717469E-3
1.005500E-7	4.619831E-3
1.006000E-7	4.556452E-3
1.006500E-7	4.474230E-3
1.007000E-7	4.345759E-3
1.007500E-7	4.237843E-3
1.008000E-7	4.188168E-3
1.008500E-7	4.140205E-3
1.009000E-7	4.075113E-3
1.009500E-7	4.047706E-3
1.010000E-7	4.069974E-3
1.010500E-7	4.111085E-3
1.011000E-7	4.155622E-3
1.011500E-7	4.189881E-3
1.012000E-7	4.215575E-3
1.012500E-7	4.242982E-3
1.013000E-7	4.244695E-3
1.013500E-7	4.205298E-3
1.014000E-7	4.172752E-3
1.014500E-7	4.184742E-3
1.015000E-7	4.208723E-3
1.015500E-7	4.217288E-3
1.016000E-7	4.224140E-3
1.016500E-7	4.229279E-3
1.017000E-7	4.260112E-3
1.017500E-7	4.326917E-3
1.018000E-7	4.409139E-3
1.018500E-7	4.481082E-3
1.019000E-7	4.541036E-3
1.019500E-7	4.588998E-3
1.020000E-7	4.630109E-3
1.020500E-7	4.654090E-3
1.021000E-7	4.650664E-3
1.021500E-7	4.628396E-3
1.022000E-7	4.597563E-3
1.022500E-7	4.534184E-3
1.023000E-7	4.429694E-3
1.023500E-7	4.325204E-3
1.024000E-7	4.234418E-3
1.024500E-7	4.136780E-3
1.025000E-7	4.028864E-3
1.025500E-7	3.950069E-3
1.026000E-7	3.924375E-3
1.026500E-7	3.920949E-3
1.027000E-7	3.929513E-3
1.027500E-7	3.948356E-3
1.028000E-7	3.963772E-3
1.028500E-7	3.975763E-3
1.029000E-7	4.003170E-3
1.029500E-7	4.044281E-3
1.030000E-7	4.081966E-3
1.030500E-7	4.133354E-3
1.031000E-7	4.212149E-3
1.031500E-7	4.275528E-3
1.032000E-7	4.314926E-3
1.032500E-7	4.364601E-3
1.033000E-7	4.407425E-3
1.033500E-7	4.415990E-3
1.034000E-7	4.424554E-3
1.034500E-7	4.455387E-3
1.035000E-7	4.465665E-3
1.035500E-7	4.457100E-3
1.036000E-7	4.465665E-3
1.036500E-7	4.498211E-3
1.037000E-7	4.517053E-3
1.037500E-7	4.541035E-3
1.038000E-7	4.582146E-3
1.038500E-7	4.594136E-3
1.039000E-7	4.577007E-3
1.039500E-7	4.571868E-3
1.040000E-7	4.614692E-3
1.040500E-7	4.666081E-3
1.041000E-7	4.720895E-3
1.041500E-7	4.785987E-3
1.042000E-7	4.863070E-3
1.042500E-7	4.952143E-3
1.043000E-7	5.046355E-3
1.043500E-7	5.142280E-3
1.044000E-7	5.224501E-3
1.044500E-7	5.274176E-3
1.045000E-7	5.296445E-3
1.045500E-7	5.284454E-3
1.046000E-7	5.209084E-3
1.046500E-7	5.044641E-3
1.047000E-7	4.827097E-3
1.047500E-7	4.595849E-3
1.048000E-7	4.330343E-3
1.048500E-7	4.044281E-3
1.049000E-7	3.782200E-3
1.049500E-7	3.580072E-3
1.050000E-7	3.443036E-3
1.050500E-7	3.386509E-3
1.051000E-7	3.422481E-3
1.051500E-7	3.554378E-3
1.052000E-7	3.763357E-3
1.052500E-7	4.020299E-3
1.053000E-7	4.301222E-3
1.053500E-7	4.561590E-3
1.054000E-7	4.758579E-3
1.054500E-7	4.875059E-3
1.055000E-7	4.917883E-3
1.055500E-7	4.895614E-3
1.056000E-7	4.801402E-3
1.056500E-7	4.643811E-3
1.057000E-7	4.455387E-3
1.057500E-7	4.278954E-3
1.058000E-7	4.148770E-3
1.058500E-7	4.063123E-3
1.059000E-7	4.013447E-3
1.059500E-7	4.016873E-3
1.060000E-7	4.092243E-3
1.060500E-7	4.195020E-3
1.061000E-7	4.278955E-3
1.061500E-7	4.340621E-3
1.062000E-7	4.369741E-3
1.062500E-7	4.332056E-3
1.063000E-7	4.236131E-3
1.063500E-7	4.109372E-3
1.064000E-7	3.944929E-3
1.064500E-7	3.770209E-3
1.065000E-7	3.610905E-3
1.065500E-7	3.484147E-3
1.066000E-7	3.420768E-3
1.066500E-7	3.431045E-3
1.067000E-7	3.487573E-3
1.067500E-7	3.586924E-3
1.068000E-7	3.741089E-3
1.068500E-7	3.914097E-3
1.069000E-7	4.085392E-3
1.069500E-7	4.268678E-3
1.070000E-7	4.424556E-3
1.070500E-7	4.489648E-3
1.071000E-7	4.489647E-3
1.071500E-7	4.482795E-3
1.072000E-7	4.448536E-3
1.072500E-7	4.388583E-3
1.073000E-7	4.338907E-3
1.073500E-7	4.326916E-3
1.074000E-7	4.318351E-3
1.074500E-7	4.294370E-3
1.075000E-7	4.272101E-3
1.075500E-7	4.260111E-3
1.076000E-7	4.251546E-3
1.076500E-7	4.244695E-3
1.077000E-7	4.234417E-3
1.077500E-7	4.203584E-3
1.078000E-7	4.141919E-3
1.078500E-7	4.052846E-3
1.079000E-7	3.968911E-3
1.079500E-7	3.922662E-3
1.080000E-7	3.922662E-3
1.080500E-7	3.939792E-3
1.081000E-7	3.948356E-3
1.081500E-7	3.970624E-3
1.082000E-7	4.040855E-3
1.082500E-7	4.119650E-3
1.083000E-7	4.177890E-3
1.083500E-7	4.251547E-3
1.084000E-7	4.361175E-3
1.084500E-7	4.457100E-3
1.085000E-7	4.517053E-3
1.085500E-7	4.547886E-3
1.086000E-7	4.558164E-3
1.086500E-7	4.559877E-3
1.087000E-7	4.559877E-3
1.087500E-7	4.558164E-3
1.088000E-7	4.554738E-3
1.088500E-7	4.559877E-3
1.089000E-7	4.553026E-3
1.089500E-7	4.518767E-3
1.090000E-7	4.475943E-3
1.090500E-7	4.407425E-3
1.091000E-7	4.308074E-3
1.091500E-7	4.201871E-3
1.092000E-7	4.111085E-3
1.092500E-7	4.028864E-3
1.093000E-7	3.951781E-3
1.093500E-7	3.886689E-3
1.094000E-7	3.813032E-3
1.094500E-7	3.749653E-3
1.095000E-7	3.717106E-3
1.095500E-7	3.708542E-3
1.096000E-7	3.703403E-3
1.096500E-7	3.713680E-3
1.097000E-7	3.749652E-3
1.097500E-7	3.806180E-3
1.098000E-7	3.857568E-3
1.098500E-7	3.900392E-3
1.099000E-7	3.934651E-3
1.099500E-7	3.956920E-3
1.100000E-7	3.955207E-3
1.100500E-7	3.956920E-3
1.101000E-7	3.977475E-3
1.101500E-7	3.991179E-3
1.102000E-7	3.999744E-3
1.102500E-7	4.039141E-3
1.103000E-7	4.075113E-3
1.103500E-7	4.090530E-3
1.104000E-7	4.138492E-3
1.104500E-7	4.234417E-3
1.105000E-7	4.313212E-3
1.105500E-7	4.352610E-3
1.106000E-7	4.392008E-3
1.106500E-7	4.450248E-3
1.107000E-7	4.481081E-3
1.107500E-7	4.462239E-3
1.108000E-7	4.414276E-3
1.108500E-7	4.337193E-3
1.109000E-7	4.232704E-3
1.109500E-7	4.111084E-3
1.110000E-7	3.996317E-3
1.110500E-7	3.888402E-3
1.111000E-7	3.782199E-3
1.111500E-7	3.693126E-3
1.112000E-7	3.636599E-3
1.112500E-7	3.595488E-3
1.113000E-7	3.581785E-3
1.113500E-7	3.633173E-3
1.114000E-7	3.746228E-3
1.114500E-7	3.862708E-3
1.115000E-7	3.951782E-3
1.115500E-7	4.020300E-3
1.116000E-7	4.063124E-3
1.116500E-7	4.061411E-3
1.117000E-7	4.023726E-3
1.117500E-7	3.980902E-3
1.118000E-7	3.955208E-3
1.118500E-7	3.943217E-3
1.119000E-7	3.944930E-3
1.119500E-7	3.948356E-3
1.120000E-7	3.974050E-3
1.120500E-7	4.016874E-3
1.121000E-7	4.057984E-3
1.121500E-7	4.081965E-3
1.122000E-7	4.097381E-3
1.122500E-7	4.114511E-3
1.123000E-7	4.123075E-3
1.123500E-7	4.123075E-3
1.124000E-7	4.112797E-3
1.124500E-7	4.076825E-3
1.125000E-7	4.018585E-3
1.125500E-7	3.972335E-3
1.126000E-7	3.941503E-3
1.126500E-7	3.912383E-3
1.127000E-7	3.908957E-3
1.127500E-7	3.955206E-3
1.128000E-7	4.018585E-3
1.128500E-7	4.052844E-3
1.129000E-7	4.059696E-3
1.129500E-7	4.063122E-3
1.130000E-7	4.037428E-3
1.130500E-7	3.977475E-3
1.131000E-7	3.907244E-3
1.131500E-7	3.847291E-3
1.132000E-7	3.780486E-3
1.132500E-7	3.706829E-3
1.133000E-7	3.634886E-3
1.133500E-7	3.581784E-3
1.134000E-7	3.568081E-3
1.134500E-7	3.568081E-3
1.135000E-7	3.557804E-3
1.135500E-7	3.557804E-3
1.136000E-7	3.576647E-3
1.136500E-7	3.580073E-3
1.137000E-7	3.561230E-3
1.137500E-7	3.562943E-3
1.138000E-7	3.598915E-3
1.138500E-7	3.629748E-3
1.139000E-7	3.655442E-3
1.139500E-7	3.708543E-3
1.140000E-7	3.792477E-3
1.140500E-7	3.857569E-3
1.141000E-7	3.881550E-3
1.141500E-7	3.895254E-3
1.142000E-7	3.922661E-3
1.142500E-7	3.929513E-3
1.143000E-7	3.890115E-3
1.143500E-7	3.855856E-3
1.144000E-7	3.881550E-3
1.144500E-7	3.934652E-3
1.145000E-7	3.958633E-3
1.145500E-7	3.996318E-3
1.146000E-7	4.080252E-3
1.146500E-7	4.177890E-3
1.147000E-7	4.249834E-3
1.147500E-7	4.323491E-3
1.148000E-7	4.383444E-3
1.148500E-7	4.374879E-3
1.149000E-7	4.301222E-3
1.149500E-7	4.225852E-3
1.150000E-7	4.172751E-3
1.150500E-7	4.099094E-3
1.151000E-7	4.010021E-3
1.151500E-7	3.968910E-3
1.152000E-7	3.999743E-3
1.152500E-7	4.063122E-3
1.153000E-7	4.131640E-3
1.153500E-7	4.234417E-3
1.154000E-7	4.378305E-3
1.154500E-7	4.534183E-3
1.155000E-7	4.648951E-3
1.155500E-7	4.683210E-3
1.156000E-7	4.674645E-3
1.156500E-7	4.642099E-3
1.157000E-7	4.546174E-3
1.157500E-7	4.361176E-3
1.158000E-7	4.150483E-3
1.158500E-7	3.953494E-3
1.159000E-7	3.751366E-3
1.159500E-7	3.562942E-3
1.160000E-7	3.425906E-3
1.160500E-7	3.326555E-3
1.161000E-7	3.268314E-3
1.161500E-7	3.292296E-3
1.162000E-7	3.386508E-3
1.162500E-7	3.499562E-3
1.163000E-7	3.622895E-3
1.163500E-7	3.756504E-3
1.164000E-7	3.881550E-3
1.164500E-7	4.001456E-3
1.165000E-7	4.123075E-3
1.165500E-7	4.229278E-3
1.166000E-7	4.297796E-3
1.166500E-7	4.333768E-3
1.167000E-7	4.328629E-3
1.167500E-7	4.289231E-3
1.168000E-7	4.225852E-3
1.168500E-7	4.172751E-3
1.169000E-7	4.126501E-3
1.169500E-7	4.105946E-3
1.170000E-7	4.117937E-3
1.170500E-7	4.131640E-3
1.171000E-7	4.153908E-3
1.171500E-7	4.222426E-3
1.172000E-7	4.342333E-3
1.172500E-7	4.457100E-3
1.173000E-7	4.530757E-3
1.173500E-7	4.568442E-3
1.174000E-7	4.587284E-3
1.174500E-7	4.573580E-3
1.175000E-7	4.493072E-3
1.175500E-7	4.350897E-3
1.176000E-7	4.191593E-3
1.176500E-7	4.039141E-3
1.177000E-7	3.881550E-3
1.177500E-7	3.746227E-3
1.178000E-7	3.679422E-3
1.178500E-7	3.660580E-3
1.179000E-7	3.634886E-3
1.179500E-7	3.617757E-3
1.180000E-7	3.645164E-3
1.180500E-7	3.694839E-3
1.181000E-7	3.730811E-3
1.181500E-7	3.765070E-3
1.182000E-7	3.806181E-3
1.182500E-7	3.845579E-3
1.183000E-7	3.866134E-3
1.183500E-7	3.866134E-3
1.184000E-7	3.847291E-3
1.184500E-7	3.852430E-3
1.185000E-7	3.919235E-3
1.185500E-7	4.013447E-3
1.186000E-7	4.095668E-3
1.186500E-7	4.177890E-3
1.187000E-7	4.253259E-3
1.187500E-7	4.309787E-3
1.188000E-7	4.320064E-3
1.188500E-7	4.265250E-3
1.189000E-7	4.153909E-3
1.189500E-7	4.028863E-3
1.190000E-7	3.917522E-3
1.190500E-7	3.828449E-3
1.191000E-7	3.766783E-3
1.191500E-7	3.749653E-3
1.192000E-7	3.765070E-3
1.192500E-7	3.794190E-3
1.193000E-7	3.854143E-3
1.193500E-7	3.922661E-3
1.194000E-7	3.968911E-3
1.194500E-7	4.030577E-3
1.195000E-7	4.131641E-3
1.195500E-7	4.220714E-3
1.196000E-7	4.268677E-3
1.196500E-7	4.296084E-3
1.197000E-7	4.309788E-3
1.197500E-7	4.294371E-3
1.198000E-7	4.260112E-3
1.198500E-7	4.230992E-3
1.199000E-7	4.207011E-3
1.199500E-7	4.198446E-3
1.200000E-7	4.225853E-3
1.200500E-7	4.275528E-3
1.201000E-7	4.289231E-3
1.201500E-7	4.280666E-3
1.202000E-7	4.282379E-3
1.202500E-7	4.258398E-3
1.203000E-7	4.186454E-3
1.203500E-7	4.124788E-3
1.204000E-7	4.119649E-3
1.204500E-7	4.114511E-3
1.205000E-7	4.083678E-3
1.205500E-7	4.083678E-3
1.206000E-7	4.104233E-3
1.206500E-7	4.099094E-3
1.207000E-7	4.071687E-3
1.207500E-7	4.066548E-3
1.208000E-7	4.081965E-3
1.208500E-7	4.092242E-3
1.209000E-7	4.085390E-3
1.209500E-7	4.090529E-3
1.210000E-7	4.116223E-3
1.210500E-7	4.159047E-3
1.211000E-7	4.219000E-3
1.211500E-7	4.308073E-3
1.212000E-7	4.407424E-3
1.212500E-7	4.482794E-3
1.213000E-7	4.571867E-3
1.213500E-7	4.695199E-3
1.214000E-7	4.785986E-3
1.214500E-7	4.811680E-3
1.215000E-7	4.825384E-3
1.215500E-7	4.825384E-3
1.216000E-7	4.751727E-3
1.216500E-7	4.607839E-3
1.217000E-7	4.441683E-3
1.217500E-7	4.280666E-3
1.218000E-7	4.162473E-3
1.218500E-7	4.088816E-3
1.219000E-7	4.008308E-3
1.219500E-7	3.943216E-3
1.220000E-7	3.963771E-3
1.220500E-7	4.045993E-3
1.221000E-7	4.119650E-3
1.221500E-7	4.210436E-3
1.222000E-7	4.333768E-3
1.222500E-7	4.443397E-3
1.223000E-7	4.518767E-3
1.223500E-7	4.580433E-3
1.224000E-7	4.614692E-3
1.224500E-7	4.590711E-3
1.225000E-7	4.527332E-3
1.225500E-7	4.445110E-3
1.226000E-7	4.342333E-3
1.226500E-7	4.251547E-3
1.227000E-7	4.181316E-3
1.227500E-7	4.121363E-3
1.228000E-7	4.080252E-3
1.228500E-7	4.075113E-3
1.229000E-7	4.083678E-3
1.229500E-7	4.097381E-3
1.230000E-7	4.148769E-3
1.230500E-7	4.222426E-3
1.231000E-7	4.306361E-3
1.231500E-7	4.407425E-3
1.232000E-7	4.511915E-3
1.232500E-7	4.604414E-3
1.233000E-7	4.674645E-3
1.233500E-7	4.717469E-3
1.234000E-7	4.719182E-3
1.234500E-7	4.662654E-3
1.235000E-7	4.546174E-3
1.235500E-7	4.383444E-3
1.236000E-7	4.196732E-3
1.236500E-7	4.018586E-3
1.237000E-7	3.867846E-3
1.237500E-7	3.773634E-3
1.238000E-7	3.751365E-3
1.238500E-7	3.789050E-3
1.239000E-7	3.847290E-3
1.239500E-7	3.941502E-3
1.240000E-7	4.087103E-3
1.240500E-7	4.234416E-3
1.241000E-7	4.328628E-3
1.241500E-7	4.380017E-3
1.242000E-7	4.421128E-3
1.242500E-7	4.419415E-3
1.243000E-7	4.352610E-3
1.243500E-7	4.239556E-3
1.244000E-7	4.126501E-3
1.244500E-7	4.027150E-3
1.245000E-7	3.941503E-3
1.245500E-7	3.893541E-3
1.246000E-7	3.920948E-3
1.246500E-7	4.015160E-3
1.247000E-7	4.124788E-3
1.247500E-7	4.256685E-3
1.248000E-7	4.427980E-3
1.248500E-7	4.588997E-3
1.249000E-7	4.691773E-3
1.249500E-7	4.750013E-3
1.250000E-7	4.782559E-3
1.250500E-7	4.762004E-3
1.251000E-7	4.688347E-3
1.251500E-7	4.628394E-3
1.252000E-7	4.566728E-3
1.252500E-7	4.482794E-3
1.253000E-7	4.403999E-3
1.253500E-7	4.378305E-3
1.254000E-7	4.412564E-3
1.254500E-7	4.496498E-3
1.255000E-7	4.597562E-3
1.255500E-7	4.679784E-3
1.256000E-7	4.736311E-3
1.256500E-7	4.782561E-3
1.257000E-7	4.785986E-3
1.257500E-7	4.720894E-3
1.258000E-7	4.621543E-3
1.258500E-7	4.499924E-3
1.259000E-7	4.318352E-3
1.259500E-7	4.102520E-3
1.260000E-7	3.905531E-3
1.260500E-7	3.753079E-3
1.261000E-7	3.622895E-3
1.261500E-7	3.514980E-3
1.262000E-7	3.490999E-3
1.262500E-7	3.556091E-3
1.263000E-7	3.672571E-3
1.263500E-7	3.811320E-3
1.264000E-7	3.977476E-3
1.264500E-7	4.152197E-3
1.265000E-7	4.301223E-3
1.265500E-7	4.410851E-3
1.266000E-7	4.469091E-3
1.266500E-7	4.465665E-3
1.267000E-7	4.405712E-3
1.267500E-7	4.344046E-3
1.268000E-7	4.282379E-3
1.268500E-7	4.210435E-3
1.269000E-7	4.140205E-3
1.269500E-7	4.111084E-3
1.270000E-7	4.143630E-3
1.270500E-7	4.201871E-3
1.271000E-7	4.237843E-3
1.271500E-7	4.251546E-3
1.272000E-7	4.289231E-3
1.272500E-7	4.337194E-3
1.273000E-7	4.356036E-3
1.273500E-7	4.350897E-3
1.274000E-7	4.352610E-3
1.274500E-7	4.347471E-3
1.275000E-7	4.306360E-3
1.275500E-7	4.246407E-3
1.276000E-7	4.191593E-3
1.276500E-7	4.129927E-3
1.277000E-7	4.064835E-3
1.277500E-7	4.018585E-3
1.278000E-7	4.011734E-3
1.278500E-7	4.042567E-3
1.279000E-7	4.069974E-3
1.279500E-7	4.078539E-3
1.280000E-7	4.105946E-3
1.280500E-7	4.164187E-3
1.281000E-7	4.207010E-3
1.281500E-7	4.224140E-3
1.282000E-7	4.261825E-3
1.282500E-7	4.314926E-3
1.283000E-7	4.328630E-3
1.283500E-7	4.309787E-3
1.284000E-7	4.297796E-3
1.284500E-7	4.309787E-3
1.285000E-7	4.320065E-3
1.285500E-7	4.323491E-3
1.286000E-7	4.318352E-3
1.286500E-7	4.289232E-3
1.287000E-7	4.234417E-3
1.287500E-7	4.165899E-3
1.288000E-7	4.104233E-3
1.288500E-7	4.039141E-3
1.289000E-7	3.956920E-3
1.289500E-7	3.862708E-3
1.290000E-7	3.778773E-3
1.290500E-7	3.705116E-3
1.291000E-7	3.652015E-3
1.291500E-7	3.650302E-3
1.292000E-7	3.687987E-3
1.292500E-7	3.725672E-3
1.293000E-7	3.797616E-3
1.293500E-7	3.931225E-3
1.294000E-7	4.076826E-3
1.294500E-7	4.208723E-3
1.295000E-7	4.354323E-3
1.295500E-7	4.505062E-3
1.296000E-7	4.609552E-3
1.296500E-7	4.662654E-3
1.297000E-7	4.678070E-3
1.297500E-7	4.633534E-3
1.298000E-7	4.539322E-3
1.298500E-7	4.419416E-3
1.299000E-7	4.260112E-3
1.299500E-7	4.064836E-3
1.300000E-7	3.878125E-3
1.300500E-7	3.723960E-3
1.301000E-7	3.595489E-3
1.301500E-7	3.537249E-3
1.302000E-7	3.580072E-3
1.302500E-7	3.679423E-3
1.303000E-7	3.795903E-3
1.303500E-7	3.944930E-3
1.304000E-7	4.133354E-3
1.304500E-7	4.330342E-3
1.305000E-7	4.518766E-3
1.305500E-7	4.683209E-3
1.306000E-7	4.818532E-3
1.306500E-7	4.919596E-3
1.307000E-7	4.988113E-3
1.307500E-7	5.015520E-3
1.308000E-7	5.008668E-3
1.308500E-7	4.974409E-3
1.309000E-7	4.921308E-3
1.309500E-7	4.859642E-3
1.310000E-7	4.815105E-3
1.310500E-7	4.797976E-3
1.311000E-7	4.758578E-3
1.311500E-7	4.693486E-3
1.312000E-7	4.635246E-3
1.312500E-7	4.609552E-3
1.313000E-7	4.566729E-3
1.313500E-7	4.496498E-3
1.314000E-7	4.436545E-3
1.314500E-7	4.422841E-3
1.315000E-7	4.434832E-3
1.315500E-7	4.455387E-3
1.316000E-7	4.505063E-3
1.316500E-7	4.606127E-3
1.317000E-7	4.729459E-3
1.317500E-7	4.847653E-3
1.318000E-7	4.977837E-3
1.318500E-7	5.104595E-3
1.319000E-7	5.147418E-3
1.319500E-7	5.089178E-3
1.320000E-7	5.003531E-3
1.320500E-7	4.892189E-3
1.321000E-7	4.693487E-3
1.321500E-7	4.443397E-3
1.322000E-7	4.195020E-3
1.322500E-7	3.934652E-3
1.323000E-7	3.664006E-3
1.323500E-7	3.477295E-3
1.324000E-7	3.384795E-3
1.324500E-7	3.331694E-3
1.325000E-7	3.326555E-3
1.325500E-7	3.419054E-3
1.326000E-7	3.605765E-3
1.326500E-7	3.847291E-3
1.327000E-7	4.121362E-3
1.327500E-7	4.403999E-3
1.328000E-7	4.693487E-3
1.328500E-7	4.981262E-3
1.329000E-7	5.209084E-3
1.329500E-7	5.346119E-3
1.330000E-7	5.423202E-3
1.330500E-7	5.436905E-3
1.331000E-7	5.371813E-3
1.331500E-7	5.255333E-3
1.332000E-7	5.111446E-3
1.332500E-7	4.916170E-3
1.333000E-7	4.696913E-3
1.333500E-7	4.520479E-3
1.334000E-7	4.362888E-3
1.334500E-7	4.207010E-3
1.335000E-7	4.080252E-3
1.335500E-7	3.998031E-3
1.336000E-7	3.936365E-3
1.336500E-7	3.896967E-3
1.337000E-7	3.869559E-3
1.337500E-7	3.837013E-3
1.338000E-7	3.809606E-3
1.338500E-7	3.783912E-3
1.339000E-7	3.744514E-3
1.339500E-7	3.735949E-3
1.340000E-7	3.771921E-3
1.340500E-7	3.792477E-3
1.341000E-7	3.741089E-3
1.341500E-7	3.729098E-3
1.342000E-7	3.782200E-3
1.342500E-7	3.804468E-3
1.343000E-7	3.775348E-3
1.343500E-7	3.787339E-3
1.344000E-7	3.828449E-3
1.344500E-7	3.825023E-3
1.345000E-7	3.783912E-3
1.345500E-7	3.737662E-3
1.346000E-7	3.684561E-3
1.346500E-7	3.638311E-3
1.347000E-7	3.614329E-3
1.347500E-7	3.605764E-3
1.348000E-7	3.612616E-3
1.348500E-7	3.657153E-3
1.349000E-7	3.717106E-3
1.349500E-7	3.780485E-3
1.350000E-7	3.852429E-3
1.350500E-7	3.908957E-3
1.351000E-7	3.962058E-3
1.351500E-7	3.999743E-3
1.352000E-7	4.010021E-3
1.352500E-7	3.991178E-3
1.353000E-7	3.970623E-3
1.353500E-7	3.938077E-3
1.354000E-7	3.907244E-3
1.354500E-7	3.895253E-3
1.355000E-7	3.891827E-3
1.355500E-7	3.900392E-3
1.356000E-7	4.004882E-3
1.356500E-7	4.188167E-3
1.357000E-7	4.340620E-3
1.357500E-7	4.475943E-3
1.358000E-7	4.636960E-3
1.358500E-7	4.780847E-3
1.359000E-7	4.837375E-3
1.359500E-7	4.851078E-3
1.360000E-7	4.844226E-3
1.360500E-7	4.751727E-3
1.361000E-7	4.570154E-3
1.361500E-7	4.369739E-3
1.362000E-7	4.201871E-3
1.362500E-7	4.027150E-3
1.363000E-7	3.835300E-3
1.363500E-7	3.703403E-3
1.364000E-7	3.658866E-3
1.364500E-7	3.636598E-3
1.365000E-7	3.590349E-3
1.365500E-7	3.573219E-3
1.366000E-7	3.626321E-3
1.366500E-7	3.684561E-3
1.367000E-7	3.701691E-3
1.367500E-7	3.715394E-3
1.368000E-7	3.741089E-3
1.368500E-7	3.756505E-3
1.369000E-7	3.759931E-3
1.369500E-7	3.794190E-3
1.370000E-7	3.852430E-3
1.370500E-7	3.919235E-3
1.371000E-7	4.003170E-3
1.371500E-7	4.102520E-3
1.372000E-7	4.189881E-3
1.372500E-7	4.254972E-3
1.373000E-7	4.308074E-3
1.373500E-7	4.349184E-3
1.374000E-7	4.390295E-3
1.374500E-7	4.436545E-3
1.375000E-7	4.462239E-3
1.375500E-7	4.448535E-3
1.376000E-7	4.436545E-3
1.376500E-7	4.422841E-3
1.377000E-7	4.412564E-3
1.377500E-7	4.434832E-3
1.378000E-7	4.493072E-3
1.378500E-7	4.542748E-3
1.379000E-7	4.588997E-3
1.379500E-7	4.652376E-3
1.380000E-7	4.710616E-3
1.380500E-7	4.736311E-3
1.381000E-7	4.756866E-3
1.381500E-7	4.770569E-3
1.382000E-7	4.750014E-3
1.382500E-7	4.712329E-3
1.383000E-7	4.648949E-3
1.383500E-7	4.553024E-3
1.384000E-7	4.470803E-3
1.384500E-7	4.405711E-3
1.385000E-7	4.323490E-3
1.385500E-7	4.258398E-3
1.386000E-7	4.248120E-3
1.386500E-7	4.254972E-3
1.387000E-7	4.256685E-3
1.387500E-7	4.289231E-3
1.388000E-7	4.368027E-3
1.388500E-7	4.445109E-3
1.389000E-7	4.508488E-3
1.389500E-7	4.561590E-3
1.390000E-7	4.590710E-3
1.390500E-7	4.573580E-3
1.391000E-7	4.520479E-3
1.391500E-7	4.486220E-3
1.392000E-7	4.477655E-3
1.392500E-7	4.446822E-3
1.393000E-7	4.352610E-3
1.393500E-7	4.246408E-3
1.394000E-7	4.183029E-3
1.394500E-7	4.123076E-3
1.395000E-7	4.045993E-3
1.395500E-7	3.984327E-3
1.396000E-7	3.958633E-3
1.396500E-7	3.948356E-3
1.397000E-7	3.955207E-3
1.397500E-7	3.986041E-3
1.398000E-7	4.022012E-3
1.398500E-7	4.071688E-3
1.399000E-7	4.157335E-3
1.399500E-7	4.270390E-3
1.400000E-7	4.371453E-3
1.400500E-7	4.463952E-3
1.401000E-7	4.556451E-3
1.401500E-7	4.640386E-3
1.402000E-7	4.708904E-3
1.402500E-7	4.751727E-3
1.403000E-7	4.748301E-3
1.403500E-7	4.707191E-3
1.404000E-7	4.669506E-3
1.404500E-7	4.618117E-3
1.405000E-7	4.527331E-3
1.405500E-7	4.450248E-3
1.406000E-7	4.422841E-3
1.406500E-7	4.402286E-3
1.407000E-7	4.405711E-3
1.407500E-7	4.475942E-3
1.408000E-7	4.587283E-3
1.408500E-7	4.686634E-3
1.409000E-7	4.770568E-3
1.409500E-7	4.852790E-3
1.410000E-7	4.900752E-3
1.410500E-7	4.887049E-3
1.411000E-7	4.789411E-3
1.411500E-7	4.628394E-3
1.412000E-7	4.441683E-3
1.412500E-7	4.232703E-3
1.413000E-7	4.004881E-3
1.413500E-7	3.785624E-3
1.414000E-7	3.595488E-3
1.414500E-7	3.429332E-3
1.415000E-7	3.316278E-3
1.415500E-7	3.285445E-3
1.416000E-7	3.335120E-3
1.416500E-7	3.424193E-3
1.417000E-7	3.533822E-3
1.417500E-7	3.679422E-3
1.418000E-7	3.850717E-3
1.418500E-7	4.003169E-3
1.419000E-7	4.100807E-3
1.419500E-7	4.177890E-3
1.420000E-7	4.268676E-3
1.420500E-7	4.326916E-3
1.421000E-7	4.332055E-3
1.421500E-7	4.325203E-3
1.422000E-7	4.308073E-3
1.422500E-7	4.249833E-3
1.423000E-7	4.184741E-3
1.423500E-7	4.143631E-3
1.424000E-7	4.092242E-3
1.424500E-7	4.061409E-3
1.425000E-7	4.080252E-3
1.425500E-7	4.104233E-3
1.426000E-7	4.107659E-3
1.426500E-7	4.131641E-3
1.427000E-7	4.152196E-3
1.427500E-7	4.131641E-3
1.428000E-7	4.114511E-3
1.428500E-7	4.109372E-3
1.429000E-7	4.061410E-3
1.429500E-7	3.974049E-3
1.430000E-7	3.891827E-3
1.430500E-7	3.814745E-3
1.431000E-7	3.735949E-3
1.431500E-7	3.686273E-3
1.432000E-7	3.677709E-3
1.432500E-7	3.696551E-3
1.433000E-7	3.751365E-3
1.433500E-7	3.849003E-3
1.434000E-7	3.972336E-3
1.434500E-7	4.116223E-3
1.435000E-7	4.251546E-3
1.435500E-7	4.357749E-3
1.436000E-7	4.436545E-3
1.436500E-7	4.475943E-3
1.437000E-7	4.450249E-3
1.437500E-7	4.386870E-3
1.438000E-7	4.316639E-3
1.438500E-7	4.230992E-3
1.439000E-7	4.117937E-3
1.439500E-7	4.013448E-3
1.440000E-7	3.958633E-3
1.440500E-7	3.917522E-3
1.441000E-7	3.881550E-3
1.441500E-7	3.888402E-3
1.442000E-7	3.944929E-3
1.442500E-7	4.023725E-3
1.443000E-7	4.102521E-3
1.443500E-7	4.167613E-3
1.444000E-7	4.207010E-3
1.444500E-7	4.203585E-3
1.445000E-7	4.183029E-3
1.445500E-7	4.153909E-3
1.446000E-7	4.109373E-3
1.446500E-7	4.028864E-3
1.447000E-7	3.953494E-3
1.447500E-7	3.912383E-3
1.448000E-7	3.884976E-3
1.448500E-7	3.859282E-3
1.449000E-7	3.840439E-3
1.449500E-7	3.837013E-3
1.450000E-7	3.842152E-3
1.450500E-7	3.864420E-3
1.451000E-7	3.896966E-3
1.451500E-7	3.938077E-3
1.452000E-7	4.006595E-3
1.452500E-7	4.081965E-3
1.453000E-7	4.150483E-3
1.453500E-7	4.215575E-3
1.454000E-7	4.290945E-3
1.454500E-7	4.345760E-3
1.455000E-7	4.383444E-3
1.455500E-7	4.424555E-3
1.456000E-7	4.472518E-3
1.456500E-7	4.496499E-3
1.457000E-7	4.486221E-3
1.457500E-7	4.441684E-3
1.458000E-7	4.378305E-3
1.458500E-7	4.313213E-3
1.459000E-7	4.242982E-3
1.459500E-7	4.174464E-3
1.460000E-7	4.109372E-3
1.460500E-7	4.066548E-3
1.461000E-7	4.059696E-3
1.461500E-7	4.088816E-3
1.462000E-7	4.152195E-3
1.462500E-7	4.256685E-3
1.463000E-7	4.373166E-3
1.463500E-7	4.472517E-3
1.464000E-7	4.556451E-3
1.464500E-7	4.655802E-3
1.465000E-7	4.736311E-3
1.465500E-7	4.755153E-3
1.466000E-7	4.739736E-3
1.466500E-7	4.705477E-3
1.467000E-7	4.659228E-3
1.467500E-7	4.612978E-3
1.468000E-7	4.592422E-3
1.468500E-7	4.571867E-3
1.469000E-7	4.539321E-3
1.469500E-7	4.551311E-3
1.470000E-7	4.614690E-3
1.470500E-7	4.686634E-3
1.471000E-7	4.743162E-3
1.471500E-7	4.801402E-3
1.472000E-7	4.835661E-3
1.472500E-7	4.797977E-3
1.473000E-7	4.705478E-3
1.473500E-7	4.602701E-3
1.474000E-7	4.467379E-3
1.474500E-7	4.292658E-3
1.475000E-7	4.119651E-3
1.475500E-7	4.006596E-3
1.476000E-7	3.922662E-3
1.476500E-7	3.860996E-3
1.477000E-7	3.860996E-3
1.477500E-7	3.931227E-3
1.478000E-7	4.010022E-3
1.478500E-7	4.061411E-3
1.479000E-7	4.099095E-3
1.479500E-7	4.145345E-3
1.480000E-7	4.184743E-3
1.480500E-7	4.177891E-3
1.481000E-7	4.124790E-3
1.481500E-7	4.042568E-3
1.482000E-7	3.938078E-3
1.482500E-7	3.802755E-3
1.483000E-7	3.670858E-3
1.483500E-7	3.592062E-3
1.484000E-7	3.568081E-3
1.484500E-7	3.607479E-3
1.485000E-7	3.706829E-3
1.485500E-7	3.857568E-3
1.486000E-7	4.047705E-3
1.486500E-7	4.296083E-3
1.487000E-7	4.565015E-3
1.487500E-7	4.806541E-3
1.488000E-7	5.010382E-3
1.488500E-7	5.155982E-3
1.489000E-7	5.173112E-3
1.489500E-7	5.080613E-3
1.490000E-7	4.970984E-3
1.490500E-7	4.840800E-3
1.491000E-7	4.652376E-3
1.491500E-7	4.446822E-3
1.492000E-7	4.297796E-3
1.492500E-7	4.193306E-3
1.493000E-7	4.117936E-3
1.493500E-7	4.105946E-3
1.494000E-7	4.201871E-3
1.494500E-7	4.364601E-3
1.495000E-7	4.532470E-3
1.495500E-7	4.707190E-3
1.496000E-7	4.892189E-3
1.496500E-7	5.034363E-3
1.497000E-7	5.080613E-3
1.497500E-7	5.068622E-3
1.498000E-7	5.041215E-3
1.498500E-7	4.962420E-3
1.499000E-7	4.804829E-3
1.499500E-7	4.612978E-3
1.500000E-7	4.434832E-3
1.500500E-7	4.289231E-3
1.501000E-7	4.207010E-3
1.501500E-7	4.181315E-3
1.502000E-7	4.195019E-3
1.502500E-7	4.266963E-3
1.503000E-7	4.393721E-3
1.503500E-7	4.518766E-3
1.504000E-7	4.618117E-3
1.504500E-7	4.724320E-3
1.505000E-7	4.830523E-3
1.505500E-7	4.869921E-3
1.506000E-7	4.856217E-3
1.506500E-7	4.821958E-3
1.507000E-7	4.751727E-3
1.507500E-7	4.616404E-3
1.508000E-7	4.470804E-3
1.508500E-7	4.345758E-3
1.509000E-7	4.207010E-3
1.509500E-7	4.052845E-3
1.510000E-7	3.920948E-3
1.510500E-7	3.840439E-3
1.511000E-7	3.802755E-3
1.511500E-7	3.821597E-3
1.512000E-7	3.903819E-3
1.512500E-7	4.015161E-3
1.513000E-7	4.157335E-3
1.513500E-7	4.352611E-3
1.514000E-7	4.559878E-3
1.514500E-7	4.743163E-3
1.515000E-7	4.904180E-3
1.515500E-7	5.030938E-3
1.516000E-7	5.109733E-3
1.516500E-7	5.123436E-3
1.517000E-7	5.073761E-3
1.517500E-7	4.960706E-3
1.518000E-7	4.828809E-3
1.518500E-7	4.707190E-3
1.519000E-7	4.565015E-3
1.519500E-7	4.400572E-3
1.520000E-7	4.261824E-3
1.520500E-7	4.152195E-3
1.521000E-7	4.035715E-3
1.521500E-7	3.955207E-3
1.522000E-7	3.963771E-3
1.522500E-7	4.004882E-3
1.523000E-7	4.016873E-3
1.523500E-7	4.042567E-3
1.524000E-7	4.119650E-3
1.524500E-7	4.196733E-3
1.525000E-7	4.241269E-3
1.525500E-7	4.292658E-3
1.526000E-7	4.392009E-3
1.526500E-7	4.491359E-3
1.527000E-7	4.539322E-3
1.527500E-7	4.544461E-3
1.528000E-7	4.527331E-3
1.528500E-7	4.477656E-3
1.529000E-7	4.383443E-3
1.529500E-7	4.261824E-3
1.530000E-7	4.136779E-3
1.530500E-7	4.011734E-3
1.531000E-7	3.876411E-3
1.531500E-7	3.749653E-3
1.532000E-7	3.646876E-3
1.532500E-7	3.585210E-3
1.533000E-7	3.578358E-3
1.533500E-7	3.631459E-3
1.534000E-7	3.725671E-3
1.534500E-7	3.837013E-3
1.535000E-7	3.965484E-3
1.535500E-7	4.097380E-3
1.536000E-7	4.217287E-3
1.536500E-7	4.316637E-3
1.537000E-7	4.369739E-3
1.537500E-7	4.356035E-3
1.538000E-7	4.320063E-3
1.538500E-7	4.292656E-3
1.539000E-7	4.230990E-3
1.539500E-7	4.152195E-3
1.540000E-7	4.116223E-3
1.540500E-7	4.121362E-3
1.541000E-7	4.109372E-3
1.541500E-7	4.135066E-3
1.542000E-7	4.225852E-3
1.542500E-7	4.333768E-3
1.543000E-7	4.445110E-3
1.543500E-7	4.578720E-3
1.544000E-7	4.696913E-3
1.544500E-7	4.775709E-3
1.545000E-7	4.816819E-3
1.545500E-7	4.821958E-3
1.546000E-7	4.779134E-3
1.546500E-7	4.738023E-3
1.547000E-7	4.696912E-3
1.547500E-7	4.626681E-3
1.548000E-7	4.570154E-3
1.548500E-7	4.556450E-3
1.549000E-7	4.542746E-3
1.549500E-7	4.522191E-3
1.550000E-7	4.541034E-3
1.550500E-7	4.594135E-3
1.551000E-7	4.640385E-3
1.551500E-7	4.691773E-3
1.552000E-7	4.748301E-3
1.552500E-7	4.777421E-3
1.553000E-7	4.809967E-3
1.553500E-7	4.832236E-3
1.554000E-7	4.801403E-3
1.554500E-7	4.736311E-3
1.555000E-7	4.684922E-3
1.555500E-7	4.612979E-3
1.556000E-7	4.508489E-3
1.556500E-7	4.419416E-3
1.557000E-7	4.371453E-3
1.557500E-7	4.321777E-3
1.558000E-7	4.285806E-3
1.558500E-7	4.297796E-3
1.559000E-7	4.325203E-3
1.559500E-7	4.349185E-3
1.560000E-7	4.405712E-3
1.560500E-7	4.496498E-3
1.561000E-7	4.563303E-3
1.561500E-7	4.607840E-3
1.562000E-7	4.643812E-3
1.562500E-7	4.643812E-3
1.563000E-7	4.599275E-3
1.563500E-7	4.537609E-3
1.564000E-7	4.448536E-3
1.564500E-7	4.318352E-3
1.565000E-7	4.189881E-3
1.565500E-7	4.075114E-3
1.566000E-7	3.960346E-3
1.566500E-7	3.884976E-3
1.567000E-7	3.862708E-3
1.567500E-7	3.855856E-3
1.568000E-7	3.881551E-3
1.568500E-7	3.984327E-3
1.569000E-7	4.104234E-3
1.569500E-7	4.207010E-3
1.570000E-7	4.338907E-3
1.570500E-7	4.491359E-3
1.571000E-7	4.614691E-3
1.571500E-7	4.724320E-3
1.572000E-7	4.830522E-3
1.572500E-7	4.875059E-3
1.573000E-7	4.851078E-3
1.573500E-7	4.821958E-3
1.574000E-7	4.794550E-3
1.574500E-7	4.724320E-3
1.575000E-7	4.609552E-3
1.575500E-7	4.494785E-3
1.576000E-7	4.398860E-3
1.576500E-7	4.325203E-3
1.577000E-7	4.289231E-3
1.577500E-7	4.284092E-3
1.578000E-7	4.297796E-3
1.578500E-7	4.323490E-3
1.579000E-7	4.352610E-3
1.579500E-7	4.398860E-3
1.580000E-7	4.451961E-3
1.580500E-7	4.479368E-3
1.581000E-7	4.463951E-3
1.581500E-7	4.429692E-3
1.582000E-7	4.381730E-3
1.582500E-7	4.304647E-3
1.583000E-7	4.208722E-3
1.583500E-7	4.116223E-3
1.584000E-7	4.057983E-3
1.584500E-7	4.015159E-3
1.585000E-7	3.982613E-3
1.585500E-7	3.977475E-3
1.586000E-7	4.013446E-3
1.586500E-7	4.073400E-3
1.587000E-7	4.133353E-3
1.587500E-7	4.198445E-3
1.588000E-7	4.263536E-3
1.588500E-7	4.309786E-3
1.589000E-7	4.338906E-3
1.589500E-7	4.350896E-3
1.590000E-7	4.364600E-3
1.590500E-7	4.368025E-3
1.591000E-7	4.361174E-3
1.591500E-7	4.378303E-3
1.592000E-7	4.453673E-3
1.592500E-7	4.522191E-3
1.593000E-7	4.570154E-3
1.593500E-7	4.652376E-3
1.594000E-7	4.770569E-3
1.594500E-7	4.866495E-3
1.595000E-7	4.929874E-3
1.595500E-7	4.993253E-3
1.596000E-7	5.034364E-3
1.596500E-7	5.015522E-3
1.597000E-7	4.943578E-3
1.597500E-7	4.823671E-3
1.598000E-7	4.684922E-3
1.598500E-7	4.546173E-3
1.599000E-7	4.393721E-3
1.599500E-7	4.224139E-3
1.600000E-7	4.090529E-3
1.600500E-7	4.003169E-3
1.601000E-7	3.924373E-3
1.601500E-7	3.869559E-3
1.602000E-7	3.872985E-3
1.602500E-7	3.939790E-3
1.603000E-7	4.025438E-3
1.603500E-7	4.116224E-3
1.604000E-7	4.244695E-3
1.604500E-7	4.400573E-3
1.605000E-7	4.508489E-3
1.605500E-7	4.537609E-3
1.606000E-7	4.547887E-3
1.606500E-7	4.563303E-3
1.607000E-7	4.522192E-3
1.607500E-7	4.443397E-3
1.608000E-7	4.392008E-3
1.608500E-7	4.349185E-3
1.609000E-7	4.292658E-3
1.609500E-7	4.278954E-3
1.610000E-7	4.344046E-3
1.610500E-7	4.455388E-3
1.611000E-7	4.600988E-3
1.611500E-7	4.768857E-3
1.612000E-7	4.935012E-3
1.612500E-7	5.080613E-3
1.613000E-7	5.197093E-3
1.613500E-7	5.251907E-3
1.614000E-7	5.248481E-3
1.614500E-7	5.188528E-3
1.615000E-7	5.058344E-3
1.615500E-7	4.902466E-3
1.616000E-7	4.748301E-3
1.616500E-7	4.573580E-3
1.617000E-7	4.369740E-3
1.617500E-7	4.201871E-3
1.618000E-7	4.080252E-3
1.618500E-7	3.963772E-3
1.619000E-7	3.854143E-3
1.619500E-7	3.780486E-3
1.620000E-7	3.737663E-3
1.620500E-7	3.727385E-3
1.621000E-7	3.754792E-3
1.621500E-7	3.813032E-3
1.622000E-7	3.905531E-3
1.622500E-7	4.037428E-3
1.623000E-7	4.184741E-3
1.623500E-7	4.328628E-3
1.624000E-7	4.475942E-3
1.624500E-7	4.580432E-3
1.625000E-7	4.609552E-3
1.625500E-7	4.594136E-3
1.626000E-7	4.568442E-3
1.626500E-7	4.472517E-3
1.627000E-7	4.311500E-3
1.627500E-7	4.136779E-3
1.628000E-7	3.994605E-3
1.628500E-7	3.890115E-3
1.629000E-7	3.819884E-3
1.629500E-7	3.795903E-3
1.630000E-7	3.849004E-3
1.630500E-7	3.970623E-3
1.631000E-7	4.114510E-3
1.631500E-7	4.258398E-3
1.632000E-7	4.431405E-3
1.632500E-7	4.621542E-3
1.633000E-7	4.755152E-3
1.633500E-7	4.809966E-3
1.634000E-7	4.852790E-3
1.634500E-7	4.878484E-3
1.635000E-7	4.827096E-3
1.635500E-7	4.726032E-3
1.636000E-7	4.647237E-3
1.636500E-7	4.580432E-3
1.637000E-7	4.472517E-3
1.637500E-7	4.354324E-3
1.638000E-7	4.261825E-3
1.638500E-7	4.148771E-3
1.639000E-7	4.020300E-3
1.639500E-7	3.929513E-3
1.640000E-7	3.888402E-3
1.640500E-7	3.862708E-3
1.641000E-7	3.821597E-3
1.641500E-7	3.794190E-3
1.642000E-7	3.819884E-3
1.642500E-7	3.907244E-3
1.643000E-7	3.980900E-3
1.643500E-7	4.039141E-3
1.644000E-7	4.121362E-3
1.644500E-7	4.200158E-3
1.645000E-7	4.227565E-3
1.645500E-7	4.256685E-3
1.646000E-7	4.330342E-3
1.646500E-7	4.380018E-3
1.647000E-7	4.386869E-3
1.647500E-7	4.376592E-3
1.648000E-7	4.352610E-3
1.648500E-7	4.301222E-3
1.649000E-7	4.256685E-3
1.649500E-7	4.230991E-3
1.650000E-7	4.248121E-3
1.650500E-7	4.313213E-3
1.651000E-7	4.380018E-3
1.651500E-7	4.426267E-3
1.652000E-7	4.489646E-3
1.652500E-7	4.523905E-3
1.653000E-7	4.460526E-3
1.653500E-7	4.347472E-3
1.654000E-7	4.229278E-3
1.654500E-7	4.080252E-3
1.655000E-7	3.915809E-3
1.655500E-7	3.807893E-3
1.656000E-7	3.732523E-3
1.656500E-7	3.650302E-3
1.657000E-7	3.610904E-3
1.657500E-7	3.643450E-3
1.658000E-7	3.739374E-3
1.658500E-7	3.908956E-3
1.659000E-7	4.140204E-3
1.659500E-7	4.369739E-3
1.660000E-7	4.592422E-3
1.660500E-7	4.821957E-3
1.661000E-7	5.006955E-3
1.661500E-7	5.125149E-3
1.662000E-7	5.190241E-3
1.662500E-7	5.203945E-3
1.663000E-7	5.154270E-3
1.663500E-7	5.054919E-3
1.664000E-7	4.938439E-3
1.664500E-7	4.809968E-3
1.665000E-7	4.659228E-3
1.665500E-7	4.487934E-3
1.666000E-7	4.340620E-3
1.666500E-7	4.237843E-3
1.667000E-7	4.119650E-3
1.667500E-7	3.970623E-3
1.668000E-7	3.855856E-3
1.668500E-7	3.782199E-3
1.669000E-7	3.715394E-3
1.669500E-7	3.667431E-3
1.670000E-7	3.686273E-3
1.670500E-7	3.770208E-3
1.671000E-7	3.902104E-3
1.671500E-7	4.073399E-3
1.672000E-7	4.266962E-3
1.672500E-7	4.455387E-3
1.673000E-7	4.618117E-3
1.673500E-7	4.760292E-3
1.674000E-7	4.883624E-3
1.674500E-7	4.953855E-3
1.675000E-7	4.936726E-3
1.675500E-7	4.851078E-3
1.676000E-7	4.748301E-3
1.676500E-7	4.636960E-3
1.677000E-7	4.505063E-3
1.677500E-7	4.378305E-3
1.678000E-7	4.301222E-3
1.678500E-7	4.278954E-3
1.679000E-7	4.268676E-3
1.679500E-7	4.268676E-3
1.680000E-7	4.320064E-3
1.680500E-7	4.398860E-3
1.681000E-7	4.434832E-3
1.681500E-7	4.436545E-3
1.682000E-7	4.453675E-3
1.682500E-7	4.484508E-3
1.683000E-7	4.484508E-3
1.683500E-7	4.460527E-3
1.684000E-7	4.439971E-3
1.684500E-7	4.414277E-3
1.685000E-7	4.369740E-3
1.685500E-7	4.335481E-3
1.686000E-7	4.323490E-3
1.686500E-7	4.323489E-3
1.687000E-7	4.338906E-3
1.687500E-7	4.395433E-3
1.688000E-7	4.463951E-3
1.688500E-7	4.491358E-3
1.689000E-7	4.474229E-3
1.689500E-7	4.460526E-3
1.690000E-7	4.448535E-3
1.690500E-7	4.410851E-3
1.691000E-7	4.345759E-3
1.691500E-7	4.294371E-3
1.692000E-7	4.273816E-3
1.692500E-7	4.261825E-3
1.693000E-7	4.241270E-3
1.693500E-7	4.236131E-3
1.694000E-7	4.249834E-3
1.694500E-7	4.254973E-3
1.695000E-7	4.224140E-3
1.695500E-7	4.181316E-3
1.696000E-7	4.157335E-3
1.696500E-7	4.116224E-3
1.697000E-7	4.025438E-3
1.697500E-7	3.903819E-3
1.698000E-7	3.806181E-3
1.698500E-7	3.756505E-3
1.699000E-7	3.727385E-3
1.699500E-7	3.706830E-3
1.700000E-7	3.741089E-3
1.700500E-7	3.843866E-3
1.701000E-7	3.974050E-3
1.701500E-7	4.114511E-3
1.702000E-7	4.266963E-3
1.702500E-7	4.386870E-3
1.703000E-7	4.439971E-3
1.703500E-7	4.477656E-3
1.704000E-7	4.508489E-3
1.704500E-7	4.482795E-3
1.705000E-7	4.417703E-3
1.705500E-7	4.390295E-3
1.706000E-7	4.386869E-3
1.706500E-7	4.357749E-3
1.707000E-7	4.350897E-3
1.707500E-7	4.422841E-3
1.708000E-7	4.513627E-3
1.708500E-7	4.573580E-3
1.709000E-7	4.664366E-3
1.709500E-7	4.792837E-3
1.710000E-7	4.873346E-3
1.710500E-7	4.899040E-3
1.711000E-7	4.900753E-3
1.711500E-7	4.868207E-3
1.712000E-7	4.773995E-3
1.712500E-7	4.636960E-3
1.713000E-7	4.487933E-3
1.713500E-7	4.356036E-3
1.714000E-7	4.258398E-3
1.714500E-7	4.186454E-3
1.715000E-7	4.135066E-3
1.715500E-7	4.124788E-3
1.716000E-7	4.160760E-3
1.716500E-7	4.225852E-3
1.717000E-7	4.308073E-3
1.717500E-7	4.414276E-3
1.718000E-7	4.546173E-3
1.718500E-7	4.669505E-3
1.719000E-7	4.724319E-3
1.719500E-7	4.726032E-3
1.720000E-7	4.731171E-3
1.720500E-7	4.720894E-3
1.721000E-7	4.652376E-3
1.721500E-7	4.544461E-3
1.722000E-7	4.434832E-3
1.722500E-7	4.311500E-3
1.723000E-7	4.189880E-3
1.723500E-7	4.092242E-3
1.724000E-7	4.006595E-3
1.724500E-7	3.946642E-3
1.725000E-7	3.926086E-3
1.725500E-7	3.919235E-3
1.726000E-7	3.927799E-3
1.726500E-7	3.968910E-3
1.727000E-7	4.035715E-3
1.727500E-7	4.107659E-3
1.728000E-7	4.198445E-3
1.728500E-7	4.313213E-3
1.729000E-7	4.403999E-3
1.729500E-7	4.448536E-3
1.730000E-7	4.469091E-3
1.730500E-7	4.469091E-3
1.731000E-7	4.421128E-3
1.731500E-7	4.326916E-3
1.732000E-7	4.208723E-3
1.732500E-7	4.075113E-3
1.733000E-7	3.941503E-3
1.733500E-7	3.818171E-3
1.734000E-7	3.730810E-3
1.734500E-7	3.696551E-3
1.735000E-7	3.684561E-3
1.735500E-7	3.682848E-3
1.736000E-7	3.725671E-3
1.736500E-7	3.831874E-3
1.737000E-7	3.927799E-3
1.737500E-7	3.979188E-3
1.738000E-7	4.018585E-3
1.738500E-7	4.047706E-3
1.739000E-7	4.018585E-3
1.739500E-7	3.924373E-3
1.740000E-7	3.835300E-3
1.740500E-7	3.771921E-3
1.741000E-7	3.725671E-3
1.741500E-7	3.687986E-3
1.742000E-7	3.667431E-3
1.742500E-7	3.687986E-3
1.743000E-7	3.734236E-3
1.743500E-7	3.801040E-3
1.744000E-7	3.872984E-3
1.744500E-7	3.953493E-3
1.745000E-7	4.030576E-3
1.745500E-7	4.104232E-3
1.746000E-7	4.162473E-3
1.746500E-7	4.171038E-3
1.747000E-7	4.135066E-3
1.747500E-7	4.100807E-3
1.748000E-7	4.078539E-3
1.748500E-7	4.054557E-3
1.749000E-7	4.040853E-3
1.749500E-7	4.081964E-3
1.750000E-7	4.145343E-3
1.750500E-7	4.198444E-3
1.751000E-7	4.275527E-3
1.751500E-7	4.403998E-3
1.752000E-7	4.542746E-3
1.752500E-7	4.642097E-3
1.753000E-7	4.712328E-3
1.753500E-7	4.779134E-3
1.754000E-7	4.811680E-3
1.754500E-7	4.772282E-3
1.755000E-7	4.666080E-3
1.755500E-7	4.544460E-3
1.756000E-7	4.419415E-3
1.756500E-7	4.282380E-3
1.757000E-7	4.126501E-3
1.757500E-7	3.982614E-3
1.758000E-7	3.900392E-3
1.758500E-7	3.867846E-3
1.759000E-7	3.847291E-3
1.759500E-7	3.850717E-3
1.760000E-7	3.890115E-3
1.760500E-7	3.948355E-3
1.761000E-7	4.013447E-3
1.761500E-7	4.105946E-3
1.762000E-7	4.207009E-3
1.762500E-7	4.270388E-3
1.763000E-7	4.304647E-3
1.763500E-7	4.330341E-3
1.764000E-7	4.321776E-3
1.764500E-7	4.277240E-3
1.765000E-7	4.205296E-3
1.765500E-7	4.104232E-3
1.766000E-7	4.013446E-3
1.766500E-7	3.955206E-3
1.767000E-7	3.898679E-3
1.767500E-7	3.831874E-3
1.768000E-7	3.799328E-3
1.768500E-7	3.792477E-3
1.769000E-7	3.794189E-3
1.769500E-7	3.819884E-3
1.770000E-7	3.896966E-3
1.770500E-7	3.998030E-3
1.771000E-7	4.121362E-3
1.771500E-7	4.244694E-3
1.772000E-7	4.338907E-3
1.772500E-7	4.409137E-3
1.773000E-7	4.470804E-3
1.773500E-7	4.506776E-3
1.774000E-7	4.506776E-3
1.774500E-7	4.489647E-3
1.775000E-7	4.436545E-3
1.775500E-7	4.323491E-3
1.776000E-7	4.215575E-3
1.776500E-7	4.148770E-3
1.777000E-7	4.083678E-3
1.777500E-7	4.032290E-3
1.778000E-7	4.049419E-3
1.778500E-7	4.102520E-3
1.779000E-7	4.145344E-3
1.779500E-7	4.208723E-3
1.780000E-7	4.309787E-3
1.780500E-7	4.395434E-3
1.781000E-7	4.436545E-3
1.781500E-7	4.450249E-3
1.782000E-7	4.457100E-3
1.782500E-7	4.445110E-3
1.783000E-7	4.426267E-3
1.783500E-7	4.407424E-3
1.784000E-7	4.392008E-3
1.784500E-7	4.371452E-3
1.785000E-7	4.371452E-3
1.785500E-7	4.403998E-3
1.786000E-7	4.460526E-3
1.786500E-7	4.520479E-3
1.787000E-7	4.578719E-3
1.787500E-7	4.643811E-3
1.788000E-7	4.710616E-3
1.788500E-7	4.785986E-3
1.789000E-7	4.864782E-3
1.789500E-7	4.914457E-3
1.790000E-7	4.893902E-3
1.790500E-7	4.837375E-3
1.791000E-7	4.782561E-3
1.791500E-7	4.705478E-3
1.792000E-7	4.580433E-3
1.792500E-7	4.446823E-3
1.793000E-7	4.311500E-3
1.793500E-7	4.184742E-3
1.794000E-7	4.076826E-3
1.794500E-7	3.979188E-3
1.795000E-7	3.871272E-3
1.795500E-7	3.797615E-3
1.796000E-7	3.802754E-3
1.796500E-7	3.837013E-3
1.797000E-7	3.871272E-3
1.797500E-7	3.936363E-3
1.798000E-7	4.023724E-3
1.798500E-7	4.092241E-3
1.799000E-7	4.167611E-3
1.799500E-7	4.258397E-3
1.800000E-7	4.320063E-3
1.800500E-7	4.349183E-3
1.801000E-7	4.392007E-3
1.801500E-7	4.465664E-3
1.802000E-7	4.518765E-3
1.802500E-7	4.522191E-3
1.803000E-7	4.506775E-3
1.803500E-7	4.489646E-3
1.804000E-7	4.458813E-3
1.804500E-7	4.403999E-3
1.805000E-7	4.333768E-3
1.805500E-7	4.272102E-3
1.806000E-7	4.220714E-3
1.806500E-7	4.181316E-3
1.807000E-7	4.145344E-3
1.807500E-7	4.109372E-3
1.808000E-7	4.095668E-3
1.808500E-7	4.104233E-3
1.809000E-7	4.117936E-3
1.809500E-7	4.143631E-3
1.810000E-7	4.188167E-3
1.810500E-7	4.210435E-3
1.811000E-7	4.191593E-3
1.811500E-7	4.169324E-3
1.812000E-7	4.172750E-3
1.812500E-7	4.188167E-3
1.813000E-7	4.184741E-3
1.813500E-7	4.155621E-3
1.814000E-7	4.112797E-3
1.814500E-7	4.087103E-3
1.815000E-7	4.068260E-3
1.815500E-7	4.034002E-3
1.816000E-7	3.980900E-3
1.816500E-7	3.956919E-3
1.817000E-7	3.965484E-3
1.817500E-7	3.958633E-3
1.818000E-7	3.934651E-3
1.818500E-7	3.907244E-3
1.819000E-7	3.898680E-3
1.819500E-7	3.919235E-3
1.820000E-7	3.950068E-3
1.820500E-7	3.963771E-3
1.821000E-7	3.975762E-3
1.821500E-7	4.011734E-3
1.822000E-7	4.042567E-3
1.822500E-7	4.039141E-3
1.823000E-7	4.023725E-3
1.823500E-7	4.001456E-3
1.824000E-7	3.977475E-3
1.824500E-7	3.931226E-3
1.825000E-7	3.864421E-3
1.825500E-7	3.787338E-3
1.826000E-7	3.742801E-3
1.826500E-7	3.730811E-3
1.827000E-7	3.723959E-3
1.827500E-7	3.742801E-3
1.828000E-7	3.826735E-3
1.828500E-7	3.962058E-3
1.829000E-7	4.095667E-3
1.829500E-7	4.229277E-3
1.830000E-7	4.371452E-3
1.830500E-7	4.501636E-3
1.831000E-7	4.607839E-3
1.831500E-7	4.696912E-3
1.832000E-7	4.746588E-3
1.832500E-7	4.767143E-3
1.833000E-7	4.758579E-3
1.833500E-7	4.717468E-3
1.834000E-7	4.655802E-3
1.834500E-7	4.612978E-3
1.835000E-7	4.566728E-3
1.835500E-7	4.479368E-3
1.836000E-7	4.386869E-3
1.836500E-7	4.337193E-3
1.837000E-7	4.301221E-3
1.837500E-7	4.272101E-3
1.838000E-7	4.275527E-3
1.838500E-7	4.289231E-3
1.839000E-7	4.306361E-3
1.839500E-7	4.357749E-3
1.840000E-7	4.409138E-3
1.840500E-7	4.417703E-3
1.841000E-7	4.434832E-3
1.841500E-7	4.498211E-3
1.842000E-7	4.537609E-3
1.842500E-7	4.523905E-3
1.843000E-7	4.474230E-3
1.843500E-7	4.388582E-3
1.844000E-7	4.294370E-3
1.844500E-7	4.246407E-3
1.845000E-7	4.189880E-3
1.845500E-7	4.076825E-3
1.846000E-7	3.963771E-3
1.846500E-7	3.884975E-3
1.847000E-7	3.794189E-3
1.847500E-7	3.711968E-3
1.848000E-7	3.701690E-3
1.848500E-7	3.710255E-3
1.849000E-7	3.698264E-3
1.849500E-7	3.720533E-3
1.850000E-7	3.813032E-3
1.850500E-7	3.900392E-3
1.851000E-7	3.948354E-3
1.851500E-7	3.979187E-3
1.852000E-7	4.003168E-3
1.852500E-7	4.028863E-3
1.853000E-7	4.061408E-3
1.853500E-7	4.092242E-3
1.854000E-7	4.133352E-3
1.854500E-7	4.189880E-3
1.855000E-7	4.270388E-3
1.855500E-7	4.362887E-3
1.856000E-7	4.455386E-3
1.856500E-7	4.518766E-3
1.857000E-7	4.541034E-3
1.857500E-7	4.568441E-3
1.858000E-7	4.609552E-3
1.858500E-7	4.612978E-3
1.859000E-7	4.542747E-3
1.859500E-7	4.439970E-3
1.860000E-7	4.366314E-3
1.860500E-7	4.296083E-3
1.861000E-7	4.201871E-3
1.861500E-7	4.126501E-3
1.862000E-7	4.109372E-3
1.862500E-7	4.123075E-3
1.863000E-7	4.162473E-3
1.863500E-7	4.258398E-3
1.864000E-7	4.381731E-3
1.864500E-7	4.498211E-3
1.865000E-7	4.612978E-3
1.865500E-7	4.698625E-3
1.866000E-7	4.753440E-3
1.866500E-7	4.825383E-3
1.867000E-7	4.897327E-3
1.867500E-7	4.905891E-3
1.868000E-7	4.883623E-3
1.868500E-7	4.871632E-3
1.869000E-7	4.813392E-3
1.869500E-7	4.710615E-3
1.870000E-7	4.643811E-3
1.870500E-7	4.585571E-3
1.871000E-7	4.484507E-3
1.871500E-7	4.410851E-3
1.872000E-7	4.403999E-3
1.872500E-7	4.376592E-3
1.873000E-7	4.313213E-3
1.873500E-7	4.301222E-3
1.874000E-7	4.335481E-3
1.874500E-7	4.347472E-3
1.875000E-7	4.362888E-3
1.875500E-7	4.414277E-3
1.876000E-7	4.445110E-3
1.876500E-7	4.446822E-3
1.877000E-7	4.451961E-3
1.877500E-7	4.460526E-3
1.878000E-7	4.439970E-3
1.878500E-7	4.426267E-3
1.879000E-7	4.422841E-3
1.879500E-7	4.409137E-3
1.880000E-7	4.400573E-3
1.880500E-7	4.410850E-3
1.881000E-7	4.429693E-3
1.881500E-7	4.450248E-3
1.882000E-7	4.498210E-3
1.882500E-7	4.571867E-3
1.883000E-7	4.621543E-3
1.883500E-7	4.630107E-3
1.884000E-7	4.619830E-3
1.884500E-7	4.626682E-3
1.885000E-7	4.643811E-3
1.885500E-7	4.655802E-3
1.886000E-7	4.647237E-3
1.886500E-7	4.612979E-3
1.887000E-7	4.563303E-3
1.887500E-7	4.511915E-3
1.888000E-7	4.489646E-3
1.888500E-7	4.477656E-3
1.889000E-7	4.439971E-3
1.889500E-7	4.402286E-3
1.890000E-7	4.395434E-3
1.890500E-7	4.383443E-3
1.891000E-7	4.361175E-3
1.891500E-7	4.364601E-3
1.892000E-7	4.378305E-3
1.892500E-7	4.352611E-3
1.893000E-7	4.284093E-3
1.893500E-7	4.224140E-3
1.894000E-7	4.167613E-3
1.894500E-7	4.097382E-3
1.895000E-7	4.003170E-3
1.895500E-7	3.924374E-3
1.896000E-7	3.871272E-3
1.896500E-7	3.825023E-3
1.897000E-7	3.778773E-3
1.897500E-7	3.771921E-3
1.898000E-7	3.814744E-3
1.898500E-7	3.849003E-3
1.899000E-7	3.860994E-3
1.899500E-7	3.883262E-3
1.900000E-7	3.914096E-3
1.900500E-7	3.919235E-3
1.901000E-7	3.910670E-3
1.901500E-7	3.903818E-3
1.902000E-7	3.888402E-3
1.902500E-7	3.838727E-3
1.903000E-7	3.787338E-3
1.903500E-7	3.763357E-3
1.904000E-7	3.756505E-3
1.904500E-7	3.744514E-3
1.905000E-7	3.725672E-3
1.905500E-7	3.727385E-3
1.906000E-7	3.759931E-3
1.906500E-7	3.792477E-3
1.907000E-7	3.825022E-3
1.907500E-7	3.879837E-3
1.908000E-7	3.944929E-3
1.908500E-7	3.977474E-3
1.909000E-7	3.996317E-3
1.909500E-7	4.052844E-3
1.910000E-7	4.138491E-3
1.910500E-7	4.215574E-3
1.911000E-7	4.285805E-3
1.911500E-7	4.356035E-3
1.912000E-7	4.414276E-3
1.912500E-7	4.465664E-3
1.913000E-7	4.527330E-3
1.913500E-7	4.587283E-3
1.914000E-7	4.633533E-3
1.914500E-7	4.674644E-3
1.915000E-7	4.715755E-3
1.915500E-7	4.743162E-3
1.916000E-7	4.748301E-3
1.916500E-7	4.732885E-3
1.917000E-7	4.708904E-3
1.917500E-7	4.686635E-3
1.918000E-7	4.657515E-3
1.918500E-7	4.592423E-3
1.919000E-7	4.499924E-3
1.919500E-7	4.409138E-3
1.920000E-7	4.349184E-3
1.920500E-7	4.306361E-3
1.921000E-7	4.249833E-3
1.921500E-7	4.174463E-3
1.922000E-7	4.111084E-3
1.922500E-7	4.071687E-3
1.923000E-7	4.052844E-3
1.923500E-7	4.037428E-3
1.924000E-7	4.042567E-3
1.924500E-7	4.047706E-3
1.925000E-7	4.035715E-3
1.925500E-7	4.032289E-3
1.926000E-7	4.092242E-3
1.926500E-7	4.172751E-3
1.927000E-7	4.237843E-3
1.927500E-7	4.326916E-3
1.928000E-7	4.457100E-3
1.928500E-7	4.590710E-3
1.929000E-7	4.686635E-3
1.929500E-7	4.765431E-3
1.930000E-7	4.821958E-3
1.930500E-7	4.828810E-3
1.931000E-7	4.791125E-3
1.931500E-7	4.702052E-3
1.932000E-7	4.600988E-3
1.932500E-7	4.494785E-3
1.933000E-7	4.364601E-3
1.933500E-7	4.210436E-3
1.934000E-7	4.111085E-3
1.934500E-7	4.112798E-3
1.935000E-7	4.148770E-3
1.935500E-7	4.167612E-3
1.936000E-7	4.212148E-3
1.936500E-7	4.302935E-3
1.937000E-7	4.359462E-3
1.937500E-7	4.354323E-3
1.938000E-7	4.318351E-3
1.938500E-7	4.254972E-3
1.939000E-7	4.141917E-3
1.939500E-7	3.982613E-3
1.940000E-7	3.819883E-3
1.940500E-7	3.669144E-3
1.941000E-7	3.542386E-3
1.941500E-7	3.434470E-3
1.942000E-7	3.348822E-3
1.942500E-7	3.309425E-3
1.943000E-7	3.328267E-3
1.943500E-7	3.403637E-3
1.944000E-7	3.521830E-3
1.944500E-7	3.665718E-3
1.945000E-7	3.828448E-3
1.945500E-7	4.008308E-3
1.946000E-7	4.177890E-3
1.946500E-7	4.304648E-3
1.947000E-7	4.380017E-3
1.947500E-7	4.417702E-3
1.948000E-7	4.419415E-3
1.948500E-7	4.383443E-3
1.949000E-7	4.302935E-3
1.949500E-7	4.176176E-3
1.950000E-7	4.025437E-3
1.950500E-7	3.893540E-3
1.951000E-7	3.775347E-3
1.951500E-7	3.669144E-3
1.952000E-7	3.600626E-3
1.952500E-7	3.607478E-3
1.953000E-7	3.662293E-3
1.953500E-7	3.739375E-3
1.954000E-7	3.854143E-3
1.954500E-7	4.027150E-3
1.955000E-7	4.222426E-3
1.955500E-7	4.380018E-3
1.956000E-7	4.508489E-3
1.956500E-7	4.619830E-3
1.957000E-7	4.693487E-3
1.957500E-7	4.719181E-3
1.958000E-7	4.700339E-3
1.958500E-7	4.645524E-3
1.959000E-7	4.580432E-3
1.959500E-7	4.535895E-3
1.960000E-7	4.505062E-3
1.960500E-7	4.474229E-3
1.961000E-7	4.457100E-3
1.961500E-7	4.477655E-3
1.962000E-7	4.494784E-3
1.962500E-7	4.493071E-3
1.963000E-7	4.499923E-3
1.963500E-7	4.518766E-3
1.964000E-7	4.515340E-3
1.964500E-7	4.489646E-3
1.965000E-7	4.462239E-3
1.965500E-7	4.415989E-3
1.966000E-7	4.345758E-3
1.966500E-7	4.266963E-3
1.967000E-7	4.195019E-3
1.967500E-7	4.124788E-3
1.968000E-7	4.083677E-3
1.968500E-7	4.104233E-3
1.969000E-7	4.152195E-3
1.969500E-7	4.208722E-3
1.970000E-7	4.306360E-3
1.970500E-7	4.424554E-3
1.971000E-7	4.506775E-3
1.971500E-7	4.537609E-3
1.972000E-7	4.553025E-3
1.972500E-7	4.566729E-3
1.973000E-7	4.551313E-3
1.973500E-7	4.479369E-3
1.974000E-7	4.373166E-3
1.974500E-7	4.265251E-3
1.975000E-7	4.155622E-3
1.975500E-7	4.064836E-3
1.976000E-7	4.020299E-3
1.976500E-7	4.013447E-3
1.977000E-7	4.015160E-3
1.977500E-7	4.061409E-3
1.978000E-7	4.181316E-3
1.978500E-7	4.297796E-3
1.979000E-7	4.337194E-3
1.979500E-7	4.349184E-3
1.980000E-7	4.378304E-3
1.980500E-7	4.376592E-3
1.981000E-7	4.321777E-3
1.981500E-7	4.272102E-3
1.982000E-7	4.229278E-3
1.982500E-7	4.176177E-3
1.983000E-7	4.148770E-3
1.983500E-7	4.177890E-3
1.984000E-7	4.249834E-3
1.984500E-7	4.328629E-3
1.985000E-7	4.400573E-3
1.985500E-7	4.460526E-3
1.986000E-7	4.499923E-3
1.986500E-7	4.517053E-3
1.987000E-7	4.481081E-3
1.987500E-7	4.400572E-3
1.988000E-7	4.335481E-3
1.988500E-7	4.284092E-3
1.989000E-7	4.189880E-3
1.989500E-7	4.090529E-3
1.990000E-7	4.052845E-3
1.990500E-7	4.040854E-3
1.991000E-7	4.016873E-3
1.991500E-7	4.030576E-3
1.992000E-7	4.111085E-3
1.992500E-7	4.188168E-3
1.993000E-7	4.217288E-3
1.993500E-7	4.249834E-3
1.994000E-7	4.272102E-3
1.994500E-7	4.251546E-3
1.995000E-7	4.196732E-3
1.995500E-7	4.121362E-3
1.996000E-7	4.018585E-3
1.996500E-7	3.903818E-3
1.997000E-7	3.792476E-3
1.997500E-7	3.710255E-3
1.998000E-7	3.686274E-3
1.998500E-7	3.706829E-3
1.999000E-7	3.722246E-3
1.999500E-7	3.759930E-3
2.000000E-7	3.840439E-3
