Study Name	Tungsten_Kyocera
Sample Name	2024-02-05
Run Name	spot00
Operator	Angus+Samantha
Date	2/5/2024
Time	15:26
Sign	FIX
Grating Spacing	03.40um
Channel	3
Number Traces	10000
Files in Batch	1
Batch Number	34
dt	50.000001E-12
time stamp (ms)	4:01:53 PM
	
Time	Amplitude
0.000000E+0	1.497111E-3
5.000000E-11	1.503962E-3
1.000000E-10	1.457713E-3
1.500000E-10	1.432019E-3
2.000000E-10	1.406324E-3
2.500000E-10	1.378917E-3
3.000000E-10	1.358362E-3
3.500000E-10	1.317251E-3
4.000000E-10	1.250446E-3
4.500000E-10	1.195631E-3
5.000000E-10	1.163085E-3
5.500000E-10	1.127113E-3
6.000000E-10	1.103132E-3
6.500000E-10	1.118549E-3
7.000000E-10	1.139104E-3
7.500000E-10	1.142530E-3
8.000000E-10	1.144243E-3
8.500000E-10	1.128826E-3
9.000000E-10	1.074012E-3
9.500000E-10	1.020911E-3
1.000000E-9	9.883645E-4
1.050000E-9	9.558184E-4
1.100000E-9	9.129947E-4
1.150000E-9	8.718839E-4
1.200000E-9	8.307731E-4
1.250000E-9	8.033659E-4
1.300000E-9	8.067918E-4
1.350000E-9	8.273472E-4
1.400000E-9	8.787357E-4
1.450000E-9	9.952163E-4
1.500000E-9	1.180215E-3
1.550000E-9	1.360075E-3
1.600000E-9	1.474842E-3
1.650000E-9	1.533083E-3
1.700000E-9	1.586184E-3
1.750000E-9	1.630721E-3
1.800000E-9	1.625582E-3
1.850000E-9	1.589610E-3
1.900000E-9	1.551925E-3
1.950000E-9	1.486833E-3
2.000000E-9	1.356649E-3
2.050000E-9	1.212761E-3
2.100000E-9	1.115123E-3
2.150000E-9	1.034614E-3
2.200000E-9	9.558184E-4
2.250000E-9	9.301242E-4
2.300000E-9	9.849386E-4
2.350000E-9	1.074012E-3
2.400000E-9	1.173363E-3
2.450000E-9	1.288131E-3
2.500000E-9	1.414889E-3
2.550000E-9	1.503962E-3
2.600000E-9	1.534796E-3
2.650000E-9	1.570767E-3
2.700000E-9	1.601601E-3
2.750000E-9	1.563916E-3
2.800000E-9	1.490259E-3
2.850000E-9	1.428593E-3
2.900000E-9	1.360075E-3
2.950000E-9	1.269288E-3
3.000000E-9	1.226465E-3
3.050000E-9	1.248733E-3
3.100000E-9	1.262436E-3
3.150000E-9	1.294983E-3
3.200000E-9	1.414889E-3
3.250000E-9	1.570767E-3
3.300000E-9	1.683822E-3
3.350000E-9	1.766044E-3
3.400000E-9	1.805442E-3
3.450000E-9	1.814006E-3
3.500000E-9	1.803729E-3
3.550000E-9	1.800303E-3
3.600000E-9	1.776321E-3
3.650000E-9	1.747201E-3
3.700000E-9	1.709516E-3
3.750000E-9	1.627295E-3
3.800000E-9	1.509101E-3
3.850000E-9	1.416602E-3
3.900000E-9	1.358362E-3
3.950000E-9	1.306973E-3
4.000000E-9	1.282992E-3
4.050000E-9	1.305260E-3
4.100000E-9	1.315538E-3
4.150000E-9	1.303547E-3
4.200000E-9	1.310399E-3
4.250000E-9	1.356649E-3
4.300000E-9	1.413176E-3
4.350000E-9	1.467990E-3
4.400000E-9	1.538221E-3
4.450000E-9	1.622156E-3
4.500000E-9	1.704378E-3
4.550000E-9	1.735211E-3
4.600000E-9	1.728359E-3
4.650000E-9	1.754053E-3
4.700000E-9	1.815719E-3
4.750000E-9	1.815719E-3
4.800000E-9	1.736924E-3
4.850000E-9	1.646137E-3
4.900000E-9	1.560490E-3
4.950000E-9	1.421741E-3
5.000000E-9	1.279566E-3
5.050000E-9	1.197344E-3
5.100000E-9	1.185354E-3
5.150000E-9	1.224752E-3
5.200000E-9	1.305260E-3
5.250000E-9	1.397760E-3
5.300000E-9	1.457713E-3
5.350000E-9	1.497111E-3
5.400000E-9	1.507388E-3
5.450000E-9	1.486833E-3
5.500000E-9	1.464565E-3
5.550000E-9	1.450861E-3
5.600000E-9	1.389195E-3
5.650000E-9	1.279566E-3
5.700000E-9	1.157947E-3
5.750000E-9	1.012346E-3
5.800000E-9	8.187824E-4
5.850000E-9	6.543392E-4
5.900000E-9	5.995248E-4
5.950000E-9	6.132284E-4
6.000000E-9	6.543392E-4
6.050000E-9	7.691069E-4
6.100000E-9	9.523925E-4
6.150000E-9	1.128826E-3
6.200000E-9	1.289844E-3
6.250000E-9	1.473129E-3
6.300000E-9	1.671832E-3
6.350000E-9	1.810580E-3
6.400000E-9	1.861969E-3
6.450000E-9	1.851691E-3
6.500000E-9	1.814006E-3
6.550000E-9	1.757479E-3
6.600000E-9	1.680396E-3
6.650000E-9	1.589610E-3
6.700000E-9	1.510814E-3
6.750000E-9	1.433731E-3
6.800000E-9	1.325816E-3
6.850000E-9	1.183641E-3
6.900000E-9	1.056882E-3
6.950000E-9	9.883645E-4
7.000000E-9	9.883645E-4
7.050000E-9	1.032901E-3
7.100000E-9	1.097993E-3
7.150000E-9	1.183641E-3
7.200000E-9	1.284705E-3
7.250000E-9	1.370352E-3
7.300000E-9	1.430306E-3
7.350000E-9	1.471416E-3
7.400000E-9	1.495398E-3
7.450000E-9	1.505675E-3
7.500000E-9	1.514240E-3
7.550000E-9	1.500537E-3
7.600000E-9	1.450861E-3
7.650000E-9	1.373778E-3
7.700000E-9	1.286418E-3
7.750000E-9	1.195631E-3
7.800000E-9	1.118549E-3
7.850000E-9	1.072299E-3
7.900000E-9	1.068873E-3
7.950000E-9	1.065447E-3
8.000000E-9	1.056882E-3
8.050000E-9	1.086003E-3
8.100000E-9	1.161372E-3
8.150000E-9	1.257298E-3
8.200000E-9	1.368639E-3
8.250000E-9	1.479981E-3
8.300000E-9	1.550212E-3
8.350000E-9	1.581045E-3
8.400000E-9	1.572480E-3
8.450000E-9	1.515953E-3
8.500000E-9	1.444009E-3
8.550000E-9	1.399472E-3
8.600000E-9	1.318964E-3
8.650000E-9	1.139104E-3
8.700000E-9	9.472537E-4
8.750000E-9	7.999400E-4
8.800000E-9	6.646169E-4
8.850000E-9	5.429975E-4
8.900000E-9	4.847572E-4
8.950000E-9	5.053126E-4
9.000000E-9	5.669788E-4
9.050000E-9	6.457745E-4
9.100000E-9	7.416997E-4
9.150000E-9	8.598932E-4
9.200000E-9	1.003781E-3
9.250000E-9	1.159659E-3
9.300000E-9	1.317251E-3
9.350000E-9	1.497111E-3
9.400000E-9	1.682109E-3
9.450000E-9	1.829423E-3
9.500000E-9	1.909932E-3
9.550000E-9	1.916783E-3
9.600000E-9	1.863682E-3
9.650000E-9	1.764331E-3
9.700000E-9	1.639285E-3
9.750000E-9	1.498824E-3
9.800000E-9	1.336093E-3
9.850000E-9	1.152808E-3
9.900000E-9	9.986422E-4
9.950000E-9	8.924393E-4
1.000000E-8	8.170695E-4
1.005000E-8	7.622551E-4
1.010000E-8	7.536903E-4
1.015000E-8	7.896623E-4
1.020000E-8	8.496155E-4
1.025000E-8	9.335501E-4
1.030000E-8	1.048318E-3
1.035000E-8	1.175076E-3
1.040000E-8	1.288131E-3
1.045000E-8	1.373778E-3
1.050000E-8	1.449148E-3
1.055000E-8	1.509101E-3
1.060000E-8	1.500537E-3
1.065000E-8	1.408037E-3
1.070000E-8	1.300121E-3
1.075000E-8	1.212761E-3
1.080000E-8	1.120262E-3
1.085000E-8	9.969292E-4
1.090000E-8	8.873004E-4
1.095000E-8	8.204954E-4
1.100000E-8	7.776716E-4
1.105000E-8	7.639680E-4
1.110000E-8	8.085047E-4
1.115000E-8	9.095688E-4
1.120000E-8	1.036327E-3
1.125000E-8	1.171650E-3
1.130000E-8	1.315538E-3
1.135000E-8	1.473129E-3
1.140000E-8	1.620443E-3
1.145000E-8	1.747201E-3
1.150000E-8	1.855117E-3
1.155000E-8	1.945904E-3
1.160000E-8	2.038403E-3
1.165000E-8	2.195994E-3
1.170000E-8	2.439233E-3
1.175000E-8	2.788675E-3
1.180000E-8	3.297421E-3
1.185000E-8	4.030564E-3
1.190000E-8	5.037778E-3
1.195000E-8	6.409851E-3
1.200000E-8	8.235856E-3
1.205000E-8	1.058774E-2
1.210000E-8	1.351688E-2
1.215000E-8	1.711065E-2
1.220000E-8	2.139131E-2
1.225000E-8	2.624581E-2
1.230000E-8	3.153026E-2
1.235000E-8	3.710249E-2
1.240000E-8	4.274323E-2
1.245000E-8	4.817843E-2
1.250000E-8	5.313913E-2
1.255000E-8	5.744549E-2
1.260000E-8	6.101527E-2
1.265000E-8	6.380909E-2
1.270000E-8	6.584579E-2
1.275000E-8	6.716305E-2
1.280000E-8	6.780712E-2
1.285000E-8	6.788078E-2
1.290000E-8	6.748680E-2
1.295000E-8	6.668685E-2
1.300000E-8	6.544154E-2
1.305000E-8	6.377826E-2
1.310000E-8	6.185804E-2
1.315000E-8	5.973741E-2
1.320000E-8	5.744035E-2
1.325000E-8	5.505249E-2
1.330000E-8	5.272117E-2
1.335000E-8	5.039156E-2
1.340000E-8	4.823153E-2
1.345000E-8	4.631302E-2
1.350000E-8	4.471655E-2
1.355000E-8	4.343869E-2
1.360000E-8	4.257708E-2
1.365000E-8	4.215227E-2
1.370000E-8	4.218139E-2
1.375000E-8	4.270212E-2
1.380000E-8	4.366480E-2
1.385000E-8	4.491868E-2
1.390000E-8	4.633358E-2
1.395000E-8	4.787866E-2
1.400000E-8	4.936379E-2
1.405000E-8	5.066220E-2
1.410000E-8	5.173108E-2
1.415000E-8	5.248649E-2
1.420000E-8	5.288390E-2
1.425000E-8	5.293015E-2
1.430000E-8	5.259784E-2
1.435000E-8	5.186127E-2
1.440000E-8	5.083007E-2
1.445000E-8	4.951281E-2
1.450000E-8	4.789236E-2
1.455000E-8	4.606807E-2
1.460000E-8	4.417012E-2
1.465000E-8	4.218824E-2
1.470000E-8	4.019437E-2
1.475000E-8	3.832040E-2
1.480000E-8	3.666398E-2
1.485000E-8	3.516172E-2
1.490000E-8	3.390613E-2
1.495000E-8	3.305822E-2
1.500000E-8	3.265739E-2
1.505000E-8	3.262484E-2
1.510000E-8	3.304622E-2
1.515000E-8	3.394381E-2
1.520000E-8	3.517713E-2
1.525000E-8	3.658689E-2
1.530000E-8	3.813197E-2
1.535000E-8	3.974557E-2
1.540000E-8	4.129408E-2
1.545000E-8	4.266444E-2
1.550000E-8	4.375045E-2
1.555000E-8	4.443734E-2
1.560000E-8	4.466003E-2
1.565000E-8	4.440480E-2
1.570000E-8	4.372133E-2
1.575000E-8	4.267472E-2
1.580000E-8	4.129408E-2
1.585000E-8	3.957428E-2
1.590000E-8	3.758040E-2
1.595000E-8	3.541352E-2
1.600000E-8	3.314386E-2
1.605000E-8	3.088277E-2
1.610000E-8	2.874158E-2
1.615000E-8	2.684535E-2
1.620000E-8	2.530712E-2
1.625000E-8	2.422453E-2
1.630000E-8	2.357704E-2
1.635000E-8	2.343486E-2
1.640000E-8	2.386139E-2
1.645000E-8	2.476582E-2
1.650000E-8	2.599744E-2
1.655000E-8	2.756478E-2
1.660000E-8	2.942505E-2
1.665000E-8	3.139323E-2
1.670000E-8	3.331002E-2
1.675000E-8	3.510176E-2
1.680000E-8	3.661944E-2
1.685000E-8	3.772772E-2
1.690000E-8	3.839234E-2
1.695000E-8	3.862873E-2
1.700000E-8	3.841632E-2
1.705000E-8	3.776540E-2
1.710000E-8	3.667597E-2
1.715000E-8	3.517028E-2
1.720000E-8	3.332715E-2
1.725000E-8	3.125448E-2
1.730000E-8	2.902764E-2
1.735000E-8	2.672201E-2
1.740000E-8	2.444208E-2
1.745000E-8	2.229746E-2
1.750000E-8	2.044919E-2
1.755000E-8	1.896578E-2
1.760000E-8	1.789861E-2
1.765000E-8	1.734019E-2
1.770000E-8	1.737273E-2
1.775000E-8	1.797569E-2
1.780000E-8	1.907712E-2
1.785000E-8	2.058794E-2
1.790000E-8	2.240538E-2
1.795000E-8	2.441981E-2
1.800000E-8	2.648905E-2
1.805000E-8	2.847950E-2
1.810000E-8	3.026611E-2
1.815000E-8	3.172897E-2
1.820000E-8	3.275160E-2
1.825000E-8	3.330145E-2
1.830000E-8	3.340766E-2
1.835000E-8	3.305136E-2
1.840000E-8	3.221373E-2
1.845000E-8	3.095985E-2
1.850000E-8	2.936681E-2
1.855000E-8	2.746886E-2
1.860000E-8	2.534994E-2
1.865000E-8	2.311968E-2
1.870000E-8	2.089113E-2
1.875000E-8	1.876879E-2
1.880000E-8	1.691366E-2
1.885000E-8	1.536173E-2
1.890000E-8	1.416609E-2
1.895000E-8	1.340897E-2
1.900000E-8	1.314003E-2
1.905000E-8	1.339697E-2
1.910000E-8	1.418322E-2
1.915000E-8	1.540969E-2
1.920000E-8	1.695306E-2
1.925000E-8	1.873795E-2
1.930000E-8	2.069072E-2
1.935000E-8	2.266061E-2
1.940000E-8	2.452087E-2
1.945000E-8	2.620470E-2
1.950000E-8	2.763502E-2
1.955000E-8	2.870732E-2
1.960000E-8	2.934797E-2
1.965000E-8	2.951070E-2
1.970000E-8	2.915783E-2
1.975000E-8	2.831163E-2
1.980000E-8	2.705946E-2
1.985000E-8	2.546128E-2
1.990000E-8	2.355134E-2
1.995000E-8	2.145469E-2
2.000000E-8	1.931522E-2
2.005000E-8	1.718259E-2
2.010000E-8	1.511335E-2
2.015000E-8	1.325137E-2
2.020000E-8	1.178166E-2
2.025000E-8	1.071278E-2
2.030000E-8	1.008756E-2
2.035000E-8	9.983065E-3
2.040000E-8	1.046783E-2
2.045000E-8	1.146305E-2
2.050000E-8	1.285226E-2
2.055000E-8	1.455493E-2
2.060000E-8	1.646144E-2
2.065000E-8	1.843819E-2
2.070000E-8	2.034984E-2
2.075000E-8	2.209705E-2
2.080000E-8	2.358046E-2
2.085000E-8	2.472471E-2
2.090000E-8	2.549040E-2
2.095000E-8	2.586896E-2
2.100000E-8	2.579702E-2
2.105000E-8	2.521804E-2
2.110000E-8	2.416629E-2
2.115000E-8	2.275653E-2
2.120000E-8	2.104530E-2
2.125000E-8	1.912165E-2
2.130000E-8	1.710380E-2
2.135000E-8	1.507738E-2
2.140000E-8	1.308864E-2
2.145000E-8	1.126093E-2
2.150000E-8	9.720984E-3
2.155000E-8	8.508215E-3
2.160000E-8	7.660305E-3
2.165000E-8	7.285169E-3
2.170000E-8	7.399937E-3
2.175000E-8	7.925812E-3
2.180000E-8	8.833676E-3
2.185000E-8	1.011496E-2
2.190000E-8	1.171486E-2
2.195000E-8	1.352373E-2
2.200000E-8	1.542853E-2
2.205000E-8	1.733162E-2
2.210000E-8	1.910795E-2
2.215000E-8	2.064961E-2
2.220000E-8	2.186409E-2
2.225000E-8	2.270172E-2
2.230000E-8	2.310426E-2
2.235000E-8	2.303061E-2
2.240000E-8	2.248246E-2
2.245000E-8	2.150265E-2
2.250000E-8	2.013229E-2
2.255000E-8	1.840221E-2
2.260000E-8	1.641691E-2
2.265000E-8	1.429799E-2
2.270000E-8	1.214823E-2
2.275000E-8	1.005672E-2
2.280000E-8	8.145070E-3
2.285000E-8	6.504064E-3
2.290000E-8	5.238194E-3
2.295000E-8	4.441672E-3
2.300000E-8	4.141906E-3
2.305000E-8	4.308062E-3
2.310000E-8	4.960696E-3
2.315000E-8	6.140918E-3
2.320000E-8	7.759656E-3
2.325000E-8	9.643901E-3
2.330000E-8	1.167032E-2
2.335000E-8	1.375669E-2
2.340000E-8	1.579168E-2
2.345000E-8	1.765537E-2
2.350000E-8	1.924841E-2
2.355000E-8	2.045604E-2
2.360000E-8	2.117034E-2
2.365000E-8	2.139816E-2
2.370000E-8	2.116349E-2
2.375000E-8	2.046975E-2
2.380000E-8	1.935290E-2
2.385000E-8	1.789861E-2
2.390000E-8	1.616853E-2
2.395000E-8	1.420720E-2
2.400000E-8	1.215680E-2
2.405000E-8	1.014408E-2
2.410000E-8	8.237569E-3
2.415000E-8	6.504064E-3
2.420000E-8	5.109722E-3
2.425000E-8	4.119637E-3
2.430000E-8	3.532095E-3
2.435000E-8	3.377930E-3
2.440000E-8	3.715381E-3
2.445000E-8	4.510190E-3
2.450000E-8	5.676709E-3
2.455000E-8	7.158411E-3
2.460000E-8	8.878212E-3
2.465000E-8	1.074875E-2
2.470000E-8	1.263814E-2
2.475000E-8	1.440762E-2
2.480000E-8	1.594413E-2
2.485000E-8	1.718602E-2
2.490000E-8	1.803736E-2
2.495000E-8	1.843305E-2
2.500000E-8	1.843476E-2
2.505000E-8	1.807504E-2
2.510000E-8	1.732306E-2
2.515000E-8	1.619422E-2
2.520000E-8	1.478104E-2
2.525000E-8	1.315202E-2
2.530000E-8	1.135514E-2
2.535000E-8	9.506865E-3
2.540000E-8	7.703129E-3
2.545000E-8	6.039854E-3
2.550000E-8	4.600976E-3
2.555000E-8	3.420754E-3
2.560000E-8	2.572843E-3
2.565000E-8	2.144606E-3
2.570000E-8	2.151458E-3
2.575000E-8	2.564279E-3
2.580000E-8	3.413902E-3
2.585000E-8	4.676346E-3
2.590000E-8	6.264251E-3
2.595000E-8	8.044006E-3
2.600000E-8	9.917973E-3
2.605000E-8	1.174569E-2
2.610000E-8	1.342096E-2
2.615000E-8	1.487354E-2
2.620000E-8	1.603320E-2
2.625000E-8	1.687598E-2
2.630000E-8	1.735732E-2
2.635000E-8	1.738130E-2
2.640000E-8	1.693593E-2
2.645000E-8	1.609145E-2
2.650000E-8	1.488553E-2
2.655000E-8	1.334901E-2
2.660000E-8	1.162921E-2
2.665000E-8	9.873436E-3
2.670000E-8	8.093681E-3
2.675000E-8	6.367028E-3
2.680000E-8	4.827086E-3
2.685000E-8	3.526956E-3
2.690000E-8	2.487196E-3
2.695000E-8	1.805442E-3
2.700000E-8	1.527944E-3
2.705000E-8	1.642711E-3
2.710000E-8	2.149745E-3
2.715000E-8	3.055895E-3
2.720000E-8	4.244683E-3
2.725000E-8	5.642450E-3
2.730000E-8	7.208086E-3
2.735000E-8	8.847379E-3
2.740000E-8	1.043015E-2
2.745000E-8	1.189986E-2
2.750000E-8	1.319142E-2
2.755000E-8	1.420891E-2
2.760000E-8	1.488553E-2
2.765000E-8	1.520756E-2
2.770000E-8	1.513904E-2
2.775000E-8	1.466456E-2
2.780000E-8	1.386118E-2
2.785000E-8	1.277689E-2
2.790000E-8	1.142194E-2
2.795000E-8	9.868298E-3
2.800000E-8	8.227291E-3
2.805000E-8	6.587998E-3
2.810000E-8	4.998381E-3
2.815000E-8	3.549225E-3
2.820000E-8	2.339882E-3
2.825000E-8	1.456000E-3
2.830000E-8	9.386889E-4
2.835000E-8	8.376249E-4
2.840000E-8	1.159659E-3
2.845000E-8	1.863682E-3
2.850000E-8	2.915433E-3
2.855000E-8	4.270377E-3
2.860000E-8	5.837726E-3
2.865000E-8	7.466742E-3
2.870000E-8	9.082053E-3
2.875000E-8	1.064940E-2
2.880000E-8	1.206773E-2
2.885000E-8	1.320855E-2
2.890000E-8	1.401878E-2
2.895000E-8	1.445729E-2
2.900000E-8	1.449326E-2
2.905000E-8	1.416952E-2
2.910000E-8	1.353230E-2
2.915000E-8	1.258504E-2
2.920000E-8	1.137569E-2
2.925000E-8	9.989917E-3
2.930000E-8	8.441410E-3
2.935000E-8	6.786700E-3
2.940000E-8	5.149120E-3
2.945000E-8	3.638298E-3
2.950000E-8	2.326178E-3
2.955000E-8	1.281279E-3
2.960000E-8	5.361457E-4
2.965000E-8	6.508440E-5
2.970000E-8	-6.681276E-5
2.975000E-8	2.209629E-4
2.980000E-8	9.061429E-4
2.985000E-8	1.896228E-3
2.990000E-8	3.126126E-3
2.995000E-8	4.525606E-3
3.000000E-8	6.043280E-3
3.005000E-8	7.610629E-3
3.010000E-8	9.152284E-3
3.015000E-8	1.054663E-2
3.020000E-8	1.173027E-2
3.025000E-8	1.261930E-2
3.030000E-8	1.313832E-2
3.035000E-8	1.328221E-2
3.040000E-8	1.307323E-2
3.045000E-8	1.249939E-2
3.050000E-8	1.161208E-2
3.055000E-8	1.044214E-2
3.060000E-8	8.998119E-3
3.065000E-8	7.350261E-3
3.070000E-8	5.673283E-3
3.075000E-8	4.057971E-3
3.080000E-8	2.523168E-3
3.085000E-8	1.197344E-3
3.090000E-8	1.867038E-4
3.095000E-8	-4.984762E-4
3.100000E-8	-8.187978E-4
3.105000E-8	-6.800489E-4
3.110000E-8	-1.336178E-4
3.115000E-8	7.023018E-4
3.120000E-8	1.791738E-3
3.125000E-8	3.093580E-3
3.130000E-8	4.542736E-3
3.135000E-8	6.067261E-3
3.140000E-8	7.564380E-3
3.145000E-8	8.958721E-3
3.150000E-8	1.020232E-2
3.155000E-8	1.122153E-2
3.160000E-8	1.189986E-2
3.165000E-8	1.224587E-2
3.170000E-8	1.231610E-2
3.175000E-8	1.208828E-2
3.180000E-8	1.150245E-2
3.185000E-8	1.059973E-2
3.190000E-8	9.479458E-3
3.195000E-8	8.206736E-3
3.200000E-8	6.786700E-3
3.205000E-8	5.282730E-3
3.210000E-8	3.806167E-3
3.215000E-8	2.422104E-3
3.220000E-8	1.151095E-3
3.225000E-8	1.044822E-4
3.230000E-8	-5.824107E-4
3.235000E-8	-8.684734E-4
3.240000E-8	-7.639834E-4
3.245000E-8	-2.620891E-4
3.250000E-8	6.080896E-4
3.255000E-8	1.747201E-3
3.260000E-8	3.076451E-3
3.265000E-8	4.558152E-3
3.270000E-8	6.123789E-3
3.275000E-8	7.648314E-3
3.280000E-8	9.008397E-3
3.285000E-8	1.013552E-2
3.290000E-8	1.098857E-2
3.295000E-8	1.150245E-2
3.300000E-8	1.163606E-2
3.305000E-8	1.145278E-2
3.310000E-8	1.097486E-2
3.315000E-8	1.018691E-2
3.320000E-8	9.142007E-3
3.325000E-8	7.936090E-3
3.330000E-8	6.601702E-3
3.335000E-8	5.185092E-3
3.340000E-8	3.799316E-3
3.345000E-8	2.487196E-3
3.350000E-8	1.277853E-3
3.355000E-8	2.569348E-4
3.360000E-8	-4.762078E-4
3.365000E-8	-9.318525E-4
3.370000E-8	-1.101435E-3
3.375000E-8	-9.181489E-4
3.380000E-8	-3.922733E-4
3.385000E-8	3.905449E-4
3.390000E-8	1.414889E-3
3.395000E-8	2.665343E-3
3.400000E-8	4.052832E-3
3.405000E-8	5.474581E-3
3.410000E-8	6.874061E-3
3.415000E-8	8.179329E-3
3.420000E-8	9.280756E-3
3.425000E-8	1.011496E-2
3.430000E-8	1.063741E-2
3.435000E-8	1.082412E-2
3.440000E-8	1.068366E-2
3.445000E-8	1.025542E-2
3.450000E-8	9.505152E-3
3.455000E-8	8.463679E-3
3.460000E-8	7.257762E-3
3.465000E-8	5.983327E-3
3.470000E-8	4.645513E-3
3.475000E-8	3.299134E-3
3.480000E-8	2.076088E-3
3.485000E-8	1.044892E-3
3.490000E-8	2.072592E-4
3.495000E-8	-3.939862E-4
3.500000E-8	-7.074561E-4
3.505000E-8	-7.245856E-4
3.510000E-8	-4.470877E-4
3.515000E-8	1.250376E-4
3.520000E-8	9.541055E-4
3.525000E-8	1.981876E-3
3.530000E-8	3.180941E-3
3.535000E-8	4.501625E-3
3.540000E-8	5.827448E-3
3.545000E-8	7.069337E-3
3.550000E-8	8.177616E-3
3.555000E-8	9.095757E-3
3.560000E-8	9.772372E-3
3.565000E-8	1.018691E-2
3.570000E-8	1.028968E-2
3.575000E-8	1.001732E-2
3.580000E-8	9.412653E-3
3.585000E-8	8.578446E-3
3.590000E-8	7.545537E-3
3.595000E-8	6.307074E-3
3.600000E-8	4.972686E-3
3.605000E-8	3.633159E-3
3.610000E-8	2.322753E-3
3.615000E-8	1.091141E-3
3.620000E-8	4.281604E-5
3.625000E-8	-7.485669E-4
3.630000E-8	-1.240184E-3
3.635000E-8	-1.380645E-3
3.640000E-8	-1.169953E-3
3.645000E-8	-6.492158E-4
3.650000E-8	1.558707E-4
3.655000E-8	1.185354E-3
3.660000E-8	2.372428E-3
3.665000E-8	3.648576E-3
3.670000E-8	4.941853E-3
3.675000E-8	6.180316E-3
3.680000E-8	7.300585E-3
3.685000E-8	8.220440E-3
3.690000E-8	8.881638E-3
3.695000E-8	9.267052E-3
3.700000E-8	9.383533E-3
3.705000E-8	9.203673E-3
3.710000E-8	8.730899E-3
3.715000E-8	8.047432E-3
3.720000E-8	7.190957E-3
3.725000E-8	6.175177E-3
3.730000E-8	5.061760E-3
3.735000E-8	3.938064E-3
3.740000E-8	2.824647E-3
3.745000E-8	1.764331E-3
3.750000E-8	8.616062E-4
3.755000E-8	1.387412E-4
3.760000E-8	-4.196805E-4
3.765000E-8	-7.776870E-4
3.770000E-8	-8.359273E-4
3.775000E-8	-6.320863E-4
3.780000E-8	-1.850063E-4
3.785000E-8	5.361457E-4
3.790000E-8	1.483407E-3
3.795000E-8	2.572843E-3
3.800000E-8	3.759918E-3
3.805000E-8	4.988103E-3
3.810000E-8	6.171751E-3
3.815000E-8	7.266326E-3
3.820000E-8	8.234143E-3
3.825000E-8	8.992980E-3
3.830000E-8	9.479458E-3
3.835000E-8	9.674734E-3
3.840000E-8	9.553115E-3
3.845000E-8	9.106035E-3
3.850000E-8	8.367753E-3
3.855000E-8	7.394798E-3
3.860000E-8	6.248834E-3
3.865000E-8	4.981251E-3
3.870000E-8	3.655428E-3
3.875000E-8	2.331317E-3
3.880000E-8	1.113410E-3
3.885000E-8	1.027693E-4
3.890000E-8	-6.577805E-4
3.895000E-8	-1.161388E-3
3.900000E-8	-1.411479E-3
3.905000E-8	-1.380645E-3
3.910000E-8	-1.056898E-3
3.915000E-8	-4.676431E-4
3.920000E-8	3.494341E-4
3.925000E-8	1.353223E-3
3.930000E-8	2.487196E-3
3.935000E-8	3.682835E-3
3.940000E-8	4.890465E-3
3.945000E-8	6.067261E-3
3.950000E-8	7.134429E-3
3.955000E-8	8.008034E-3
3.960000E-8	8.619557E-3
3.965000E-8	8.936453E-3
3.970000E-8	8.955295E-3
3.975000E-8	8.713769E-3
3.980000E-8	8.230717E-3
3.985000E-8	7.524982E-3
3.990000E-8	6.629109E-3
3.995000E-8	5.563654E-3
4.000000E-8	4.400561E-3
4.005000E-8	3.235755E-3
4.010000E-8	2.132615E-3
4.015000E-8	1.127113E-3
4.020000E-8	2.809161E-4
4.025000E-8	-3.203294E-4
4.030000E-8	-6.783359E-4
4.035000E-8	-8.136590E-4
4.040000E-8	-7.177338E-4
4.045000E-8	-3.614402E-4
4.050000E-8	2.346665E-4
4.055000E-8	1.012346E-3
4.060000E-8	1.908219E-3
4.065000E-8	2.882887E-3
4.070000E-8	3.914083E-3
4.075000E-8	4.931575E-3
4.080000E-8	5.856569E-3
4.085000E-8	6.630822E-3
4.090000E-8	7.235493E-3
4.095000E-8	7.624333E-3
4.100000E-8	7.751091E-3
4.105000E-8	7.629472E-3
4.110000E-8	7.290308E-3
4.115000E-8	6.719895E-3
4.120000E-8	5.918235E-3
4.125000E-8	4.988103E-3
4.130000E-8	4.027138E-3
4.135000E-8	3.038766E-3
4.140000E-8	2.052106E-3
4.145000E-8	1.164798E-3
4.150000E-8	3.991097E-4
4.155000E-8	-2.312560E-4
4.160000E-8	-6.355122E-4
4.165000E-8	-7.656964E-4
4.170000E-8	-6.594935E-4
4.175000E-8	-3.254682E-4
4.180000E-8	2.586478E-4
4.185000E-8	1.048318E-3
4.190000E-8	1.956181E-3
4.195000E-8	2.908581E-3
4.200000E-8	3.864408E-3
4.205000E-8	4.804817E-3
4.210000E-8	5.683561E-3
4.215000E-8	6.414990E-3
4.220000E-8	6.987116E-3
4.225000E-8	7.423918E-3
4.230000E-8	7.679147E-3
4.235000E-8	7.660305E-3
4.240000E-8	7.367390E-3
4.245000E-8	6.908320E-3
4.250000E-8	6.336195E-3
4.255000E-8	5.635598E-3
4.260000E-8	4.818521E-3
4.265000E-8	3.938064E-3
4.270000E-8	3.049043E-3
4.275000E-8	2.168587E-3
4.280000E-8	1.315538E-3
4.285000E-8	5.412845E-4
4.290000E-8	-6.852571E-5
4.295000E-8	-4.642172E-4
4.300000E-8	-6.509287E-4
4.305000E-8	-6.132438E-4
4.310000E-8	-3.563013E-4
4.315000E-8	8.906570E-5
4.320000E-8	6.937371E-4
4.325000E-8	1.445722E-3
4.330000E-8	2.279929E-3
4.335000E-8	3.102145E-3
4.340000E-8	3.886676E-3
4.345000E-8	4.652365E-3
4.350000E-8	5.330693E-3
4.355000E-8	5.844578E-3
4.360000E-8	6.202584E-3
4.365000E-8	6.440684E-3
4.370000E-8	6.529758E-3
4.375000E-8	6.464666E-3
4.380000E-8	6.243695E-3
4.385000E-8	5.849717E-3
4.390000E-8	5.277591E-3
4.395000E-8	4.616393E-3
4.400000E-8	3.888389E-3
4.405000E-8	3.103858E-3
4.410000E-8	2.303910E-3
4.415000E-8	1.594749E-3
4.420000E-8	9.935033E-4
4.425000E-8	4.984608E-4
4.430000E-8	1.610096E-4
4.435000E-8	2.739949E-5
4.440000E-8	1.216117E-4
4.445000E-8	4.350816E-4
4.450000E-8	9.318371E-4
4.455000E-8	1.575906E-3
4.460000E-8	2.317614E-3
4.465000E-8	3.069599E-3
4.470000E-8	3.814732E-3
4.475000E-8	4.546162E-3
4.480000E-8	5.205648E-3
4.485000E-8	5.724671E-3
4.490000E-8	6.099807E-3
4.495000E-8	6.325917E-3
4.500000E-8	6.384157E-3
4.505000E-8	6.264251E-3
4.510000E-8	6.005595E-3
4.515000E-8	5.635598E-3
4.520000E-8	5.154259E-3
4.525000E-8	4.587273E-3
4.530000E-8	3.977462E-3
4.535000E-8	3.335106E-3
4.540000E-8	2.661917E-3
4.545000E-8	1.992153E-3
4.550000E-8	1.385769E-3
4.555000E-8	8.598932E-4
4.560000E-8	4.042485E-4
4.565000E-8	8.563980E-5
4.570000E-8	-3.084081E-5
4.575000E-8	3.425129E-5
4.580000E-8	2.483701E-4
4.585000E-8	6.046637E-4
4.590000E-8	1.104845E-3
4.595000E-8	1.733498E-3
4.600000E-8	2.446085E-3
4.605000E-8	3.163811E-3
4.610000E-8	3.835287E-3
4.615000E-8	4.460514E-3
4.620000E-8	5.010371E-3
4.625000E-8	5.462590E-3
4.630000E-8	5.812032E-3
4.635000E-8	6.015873E-3
4.640000E-8	6.021012E-3
4.645000E-8	5.856569E-3
4.650000E-8	5.543099E-3
4.655000E-8	5.075463E-3
4.660000E-8	4.450237E-3
4.665000E-8	3.708529E-3
4.670000E-8	2.910294E-3
4.675000E-8	2.113773E-3
4.680000E-8	1.365213E-3
4.685000E-8	7.177184E-4
4.690000E-8	2.517960E-4
4.695000E-8	-6.859507E-6
4.700000E-8	-1.336178E-4
4.705000E-8	-1.233401E-4
4.710000E-8	1.061952E-4
4.715000E-8	5.190162E-4
4.720000E-8	1.062021E-3
4.725000E-8	1.759192E-3
4.730000E-8	2.552288E-3
4.735000E-8	3.321402E-3
4.740000E-8	4.040841E-3
4.745000E-8	4.684911E-3
4.750000E-8	5.179953E-3
4.755000E-8	5.512266E-3
4.760000E-8	5.717820E-3
4.765000E-8	5.767495E-3
4.770000E-8	5.664718E-3
4.775000E-8	5.462590E-3
4.780000E-8	5.174814E-3
4.785000E-8	4.746577E-3
4.790000E-8	4.220701E-3
4.795000E-8	3.643437E-3
4.800000E-8	2.995942E-3
4.805000E-8	2.271364E-3
4.810000E-8	1.563916E-3
4.815000E-8	9.678091E-4
4.820000E-8	4.881831E-4
4.825000E-8	1.353153E-4
4.830000E-8	-5.824801E-5
4.835000E-8	-7.023866E-5
4.840000E-8	9.249160E-5
4.845000E-8	4.162392E-4
4.850000E-8	8.616062E-4
4.855000E-8	1.394334E-3
4.860000E-8	2.017847E-3
4.865000E-8	2.737286E-3
4.870000E-8	3.521818E-3
4.875000E-8	4.309775E-3
4.880000E-8	5.017223E-3
4.885000E-8	5.585922E-3
4.890000E-8	5.997030E-3
4.895000E-8	6.228279E-3
4.900000E-8	6.245408E-3
4.905000E-8	6.043280E-3
4.910000E-8	5.722958E-3
4.915000E-8	5.320415E-3
4.920000E-8	4.809956E-3
4.925000E-8	4.200146E-3
4.930000E-8	3.523531E-3
4.935000E-8	2.800666E-3
4.940000E-8	2.112060E-3
4.945000E-8	1.538221E-3
4.950000E-8	1.084290E-3
4.955000E-8	7.057277E-4
4.960000E-8	4.487852E-4
4.965000E-8	3.288787E-4
4.970000E-8	3.031845E-4
4.975000E-8	3.460082E-4
4.980000E-8	4.830442E-4
4.985000E-8	7.348479E-4
4.990000E-8	1.103132E-3
4.995000E-8	1.555351E-3
5.000000E-8	2.041829E-3
5.005000E-8	2.518029E-3
5.010000E-8	3.004507E-3
5.015000E-8	3.516679E-3
5.020000E-8	4.006582E-3
5.025000E-8	4.422829E-3
5.030000E-8	4.729447E-3
5.035000E-8	4.935001E-3
5.040000E-8	5.013797E-3
5.045000E-8	4.953844E-3
5.050000E-8	4.744864E-3
5.055000E-8	4.405700E-3
5.060000E-8	3.955194E-3
5.065000E-8	3.400198E-3
5.070000E-8	2.773258E-3
5.075000E-8	2.132615E-3
5.080000E-8	1.543360E-3
5.085000E-8	1.039753E-3
5.090000E-8	6.492004E-4
5.095000E-8	3.836931E-4
5.100000E-8	2.706384E-4
5.105000E-8	3.100363E-4
5.110000E-8	5.121644E-4
5.115000E-8	8.787357E-4
5.120000E-8	1.353223E-3
5.125000E-8	1.867108E-3
5.130000E-8	2.404974E-3
5.135000E-8	2.965109E-3
5.140000E-8	3.511540E-3
5.145000E-8	4.021999E-3
5.150000E-8	4.460514E-3
5.155000E-8	4.804817E-3
5.160000E-8	5.041204E-3
5.165000E-8	5.181666E-3
5.170000E-8	5.203935E-3
5.175000E-8	5.082315E-3
5.180000E-8	4.866483E-3
5.185000E-8	4.576995E-3
5.190000E-8	4.162461E-3
5.195000E-8	3.650289E-3
5.200000E-8	3.120987E-3
5.205000E-8	2.569417E-3
5.210000E-8	1.990440E-3
5.215000E-8	1.456000E-3
5.220000E-8	1.026049E-3
5.225000E-8	6.903112E-4
5.230000E-8	4.539241E-4
5.235000E-8	3.442953E-4
5.240000E-8	3.614248E-4
5.245000E-8	5.070255E-4
5.250000E-8	7.725328E-4
5.255000E-8	1.164798E-3
5.260000E-8	1.663267E-3
5.265000E-8	2.204559E-3
5.270000E-8	2.728722E-3
5.275000E-8	3.246033E-3
5.280000E-8	3.773621E-3
5.285000E-8	4.258386E-3
5.290000E-8	4.633522E-3
5.295000E-8	4.876761E-3
5.300000E-8	4.988103E-3
5.305000E-8	4.967547E-3
5.310000E-8	4.809956E-3
5.315000E-8	4.511903E-3
5.320000E-8	4.095656E-3
5.325000E-8	3.578345E-3
5.330000E-8	2.999368E-3
5.335000E-8	2.427243E-3
5.340000E-8	1.901367E-3
5.345000E-8	1.440583E-3
5.350000E-8	1.051744E-3
5.355000E-8	7.810975E-4
5.360000E-8	6.235061E-4
5.365000E-8	5.447104E-4
5.370000E-8	6.012378E-4
5.375000E-8	8.136436E-4
5.380000E-8	1.130539E-3
5.385000E-8	1.500537E-3
5.390000E-8	1.906506E-3
5.395000E-8	2.310762E-3
5.400000E-8	2.675620E-3
5.405000E-8	3.025062E-3
5.410000E-8	3.384782E-3
5.415000E-8	3.746214E-3
5.420000E-8	4.090517E-3
5.425000E-8	4.385144E-3
5.430000E-8	4.630096E-3
5.435000E-8	4.816808E-3
5.440000E-8	4.933288E-3
5.445000E-8	4.958983E-3
5.450000E-8	4.881900E-3
5.455000E-8	4.690050E-3
5.460000E-8	4.368015E-3
5.465000E-8	3.965472E-3
5.470000E-8	3.549225E-3
5.475000E-8	3.108997E-3
5.480000E-8	2.646500E-3
5.485000E-8	2.202846E-3
5.490000E-8	1.800303E-3
5.495000E-8	1.461139E-3
5.500000E-8	1.221326E-3
5.505000E-8	1.109984E-3
5.510000E-8	1.127113E-3
5.515000E-8	1.276140E-3
5.520000E-8	1.541647E-3
5.525000E-8	1.911645E-3
5.530000E-8	2.391271E-3
5.535000E-8	2.920572E-3
5.540000E-8	3.431031E-3
5.545000E-8	3.905518E-3
5.550000E-8	4.332043E-3
5.555000E-8	4.679772E-3
5.560000E-8	4.921298E-3
5.565000E-8	5.073750E-3
5.570000E-8	5.102870E-3
5.575000E-8	5.003519E-3
5.580000E-8	4.816808E-3
5.585000E-8	4.566717E-3
5.590000E-8	4.213849E-3
5.595000E-8	3.732510E-3
5.600000E-8	3.208348E-3
5.605000E-8	2.742425E-3
5.610000E-8	2.363863E-3
5.615000E-8	2.062384E-3
5.620000E-8	1.822571E-3
5.625000E-8	1.664980E-3
5.630000E-8	1.610165E-3
5.635000E-8	1.652989E-3
5.640000E-8	1.754053E-3
5.645000E-8	1.879099E-3
5.650000E-8	2.041829E-3
5.655000E-8	2.257660E-3
5.660000E-8	2.516316E-3
5.665000E-8	2.747564E-3
5.670000E-8	2.918859E-3
5.675000E-8	3.086728E-3
5.680000E-8	3.293995E-3
5.685000E-8	3.467003E-3
5.690000E-8	3.556077E-3
5.695000E-8	3.634872E-3
5.700000E-8	3.732510E-3
5.705000E-8	3.765057E-3
5.710000E-8	3.698251E-3
5.715000E-8	3.554364E-3
5.720000E-8	3.319689E-3
5.725000E-8	3.021636E-3
5.730000E-8	2.689324E-3
5.735000E-8	2.326178E-3
5.740000E-8	1.947617E-3
5.745000E-8	1.601601E-3
5.750000E-8	1.306973E-3
5.755000E-8	1.041466E-3
5.760000E-8	8.307731E-4
5.765000E-8	6.885982E-4
5.770000E-8	6.337838E-4
5.775000E-8	7.108666E-4
5.780000E-8	9.318371E-4
5.785000E-8	1.212761E-3
5.790000E-8	1.503962E-3
5.795000E-8	1.836275E-3
5.800000E-8	2.201133E-3
5.805000E-8	2.531732E-3
5.810000E-8	2.819508E-3
5.815000E-8	3.098719E-3
5.820000E-8	3.357374E-3
5.825000E-8	3.571493E-3
5.830000E-8	3.753066E-3
5.835000E-8	3.902093E-3
5.840000E-8	3.970611E-3
5.845000E-8	3.931213E-3
5.850000E-8	3.816445E-3
5.855000E-8	3.653715E-3
5.860000E-8	3.436170E-3
5.865000E-8	3.170663E-3
5.870000E-8	2.876035E-3
5.875000E-8	2.548862E-3
5.880000E-8	2.213124E-3
5.885000E-8	1.899654E-3
5.890000E-8	1.620443E-3
5.895000E-8	1.390908E-3
5.900000E-8	1.248733E-3
5.905000E-8	1.204196E-3
5.910000E-8	1.272714E-3
5.915000E-8	1.459426E-3
5.920000E-8	1.742062E-3
5.925000E-8	2.074375E-3
5.930000E-8	2.442659E-3
5.935000E-8	2.840063E-3
5.940000E-8	3.237468E-3
5.945000E-8	3.624595E-3
5.950000E-8	3.943203E-3
5.955000E-8	4.124776E-3
5.960000E-8	4.172739E-3
5.965000E-8	4.169313E-3
5.970000E-8	4.136767E-3
5.975000E-8	4.006582E-3
5.980000E-8	3.737649E-3
5.985000E-8	3.341958E-3
5.990000E-8	2.858906E-3
5.995000E-8	2.350160E-3
6.000000E-8	1.868821E-3
6.005000E-8	1.445722E-3
6.010000E-8	1.097993E-3
6.015000E-8	8.598932E-4
6.020000E-8	7.708198E-4
6.025000E-8	8.102177E-4
6.030000E-8	9.438278E-4
6.035000E-8	1.168224E-3
6.040000E-8	1.471416E-3
6.045000E-8	1.779747E-3
6.050000E-8	2.084653E-3
6.055000E-8	2.428955E-3
6.060000E-8	2.800666E-3
6.065000E-8	3.139830E-3
6.070000E-8	3.422466E-3
6.075000E-8	3.663992E-3
6.080000E-8	3.886676E-3
6.085000E-8	4.051119E-3
6.090000E-8	4.136767E-3
6.095000E-8	4.138480E-3
6.100000E-8	4.105934E-3
6.105000E-8	4.035703E-3
6.110000E-8	3.884963E-3
6.115000E-8	3.687974E-3
6.120000E-8	3.506401E-3
6.125000E-8	3.345384E-3
6.130000E-8	3.192931E-3
6.135000E-8	3.025062E-3
6.140000E-8	2.817795E-3
6.145000E-8	2.584834E-3
6.150000E-8	2.353586E-3
6.155000E-8	2.136041E-3
6.160000E-8	1.945904E-3
6.165000E-8	1.784886E-3
6.170000E-8	1.649563E-3
6.175000E-8	1.557064E-3
6.180000E-8	1.562203E-3
6.185000E-8	1.661554E-3
6.190000E-8	1.779747E-3
6.195000E-8	1.933913E-3
6.200000E-8	2.124050E-3
6.205000E-8	2.291919E-3
6.210000E-8	2.456363E-3
6.215000E-8	2.661917E-3
6.220000E-8	2.860619E-3
6.225000E-8	2.985664E-3
6.230000E-8	3.059321E-3
6.235000E-8	3.108997E-3
6.240000E-8	3.091867E-3
6.245000E-8	3.009646E-3
6.250000E-8	2.903443E-3
6.255000E-8	2.768120E-3
6.260000E-8	2.625945E-3
6.265000E-8	2.495761E-3
6.270000E-8	2.343308E-3
6.275000E-8	2.132615E-3
6.280000E-8	1.923635E-3
6.285000E-8	1.743775E-3
6.290000E-8	1.594749E-3
6.295000E-8	1.495398E-3
6.300000E-8	1.437157E-3
6.305000E-8	1.428593E-3
6.310000E-8	1.486833E-3
6.315000E-8	1.618730E-3
6.320000E-8	1.771183E-3
6.325000E-8	1.927061E-3
6.330000E-8	2.100069E-3
6.335000E-8	2.262799E-3
6.340000E-8	2.394696E-3
6.345000E-8	2.488909E-3
6.350000E-8	2.557427E-3
6.355000E-8	2.586547E-3
6.360000E-8	2.596825E-3
6.365000E-8	2.588260E-3
6.370000E-8	2.552288E-3
6.375000E-8	2.507751E-3
6.380000E-8	2.475205E-3
6.385000E-8	2.425530E-3
6.390000E-8	2.348447E-3
6.395000E-8	2.267938E-3
6.400000E-8	2.194281E-3
6.405000E-8	2.098356E-3
6.410000E-8	1.976737E-3
6.415000E-8	1.856830E-3
6.420000E-8	1.700952E-3
6.425000E-8	1.510814E-3
6.430000E-8	1.339519E-3
6.435000E-8	1.233316E-3
6.440000E-8	1.156234E-3
6.445000E-8	1.121975E-3
6.450000E-8	1.193918E-3
6.455000E-8	1.353223E-3
6.460000E-8	1.510814E-3
6.465000E-8	1.690674E-3
6.470000E-8	1.954468E-3
6.475000E-8	2.257660E-3
6.480000E-8	2.506038E-3
6.485000E-8	2.721870E-3
6.490000E-8	2.942840E-3
6.495000E-8	3.129552E-3
6.500000E-8	3.206635E-3
6.505000E-8	3.184366E-3
6.510000E-8	3.105571E-3
6.515000E-8	2.965109E-3
6.520000E-8	2.771545E-3
6.525000E-8	2.559140E-3
6.530000E-8	2.338169E-3
6.535000E-8	2.106921E-3
6.540000E-8	1.889376E-3
6.545000E-8	1.747201E-3
6.550000E-8	1.659841E-3
6.555000E-8	1.581045E-3
6.560000E-8	1.563916E-3
6.565000E-8	1.640998E-3
6.570000E-8	1.776321E-3
6.575000E-8	1.918496E-3
6.580000E-8	2.040116E-3
6.585000E-8	2.153171E-3
6.590000E-8	2.262799E-3
6.595000E-8	2.355299E-3
6.600000E-8	2.447798E-3
6.605000E-8	2.560853E-3
6.610000E-8	2.685898E-3
6.615000E-8	2.822934E-3
6.620000E-8	2.973674E-3
6.625000E-8	3.115848E-3
6.630000E-8	3.222051E-3
6.635000E-8	3.341958E-3
6.640000E-8	3.478994E-3
6.645000E-8	3.554364E-3
6.650000E-8	3.525244E-3
6.655000E-8	3.422466E-3
6.660000E-8	3.290569E-3
6.665000E-8	3.112423E-3
6.670000E-8	2.872610E-3
6.675000E-8	2.598538E-3
6.680000E-8	2.314188E-3
6.685000E-8	2.069236E-3
6.690000E-8	1.885950E-3
6.695000E-8	1.784886E-3
6.700000E-8	1.776321E-3
6.705000E-8	1.839701E-3
6.710000E-8	1.956181E-3
6.715000E-8	2.122337E-3
6.720000E-8	2.324466E-3
6.725000E-8	2.538584E-3
6.730000E-8	2.800666E-3
6.735000E-8	3.114135E-3
6.740000E-8	3.410476E-3
6.745000E-8	3.612604E-3
6.750000E-8	3.758205E-3
6.755000E-8	3.876398E-3
6.760000E-8	3.960333E-3
6.765000E-8	4.008295E-3
6.770000E-8	4.011721E-3
6.775000E-8	3.929500E-3
6.780000E-8	3.758205E-3
6.785000E-8	3.544086E-3
6.790000E-8	3.336819E-3
6.795000E-8	3.127839E-3
6.800000E-8	2.906869E-3
6.805000E-8	2.682472E-3
6.810000E-8	2.459789E-3
6.815000E-8	2.255948E-3
6.820000E-8	2.079514E-3
6.825000E-8	1.932200E-3
6.830000E-8	1.846552E-3
6.835000E-8	1.843127E-3
6.840000E-8	1.892802E-3
6.845000E-8	1.937339E-3
6.850000E-8	1.992153E-3
6.855000E-8	2.082940E-3
6.860000E-8	2.228540E-3
6.865000E-8	2.411826E-3
6.870000E-8	2.584834E-3
6.875000E-8	2.728722E-3
6.880000E-8	2.862332E-3
6.885000E-8	2.997655E-3
6.890000E-8	3.085015E-3
6.895000E-8	3.115848E-3
6.900000E-8	3.115848E-3
6.905000E-8	3.095293E-3
6.910000E-8	3.061034E-3
6.915000E-8	3.004507E-3
6.920000E-8	2.925711E-3
6.925000E-8	2.810943E-3
6.930000E-8	2.680759E-3
6.935000E-8	2.552288E-3
6.940000E-8	2.434094E-3
6.945000E-8	2.341595E-3
6.950000E-8	2.273077E-3
6.955000E-8	2.216550E-3
6.960000E-8	2.180578E-3
6.965000E-8	2.156596E-3
6.970000E-8	2.142893E-3
6.975000E-8	2.172013E-3
6.980000E-8	2.273077E-3
6.985000E-8	2.411826E-3
6.990000E-8	2.526594E-3
6.995000E-8	2.641361E-3
7.000000E-8	2.776684E-3
7.005000E-8	2.944553E-3
7.010000E-8	3.141543E-3
7.015000E-8	3.324828E-3
7.020000E-8	3.475568E-3
7.025000E-8	3.619456E-3
7.030000E-8	3.753066E-3
7.035000E-8	3.804454E-3
7.040000E-8	3.759918E-3
7.045000E-8	3.705103E-3
7.050000E-8	3.636585E-3
7.055000E-8	3.470429E-3
7.060000E-8	3.210061E-3
7.065000E-8	2.961683E-3
7.070000E-8	2.759555E-3
7.075000E-8	2.569417E-3
7.080000E-8	2.398122E-3
7.085000E-8	2.279929E-3
7.090000E-8	2.173726E-3
7.095000E-8	2.096643E-3
7.100000E-8	2.094930E-3
7.105000E-8	2.195994E-3
7.110000E-8	2.350160E-3
7.115000E-8	2.548862E-3
7.120000E-8	2.754416E-3
7.125000E-8	2.927424E-3
7.130000E-8	3.050756E-3
7.135000E-8	3.144969E-3
7.140000E-8	3.182653E-3
7.145000E-8	3.127839E-3
7.150000E-8	3.004507E-3
7.155000E-8	2.881174E-3
7.160000E-8	2.766407E-3
7.165000E-8	2.639648E-3
7.170000E-8	2.485483E-3
7.175000E-8	2.326178E-3
7.180000E-8	2.197707E-3
7.185000E-8	2.086365E-3
7.190000E-8	1.969885E-3
7.195000E-8	1.903080E-3
7.200000E-8	1.904793E-3
7.205000E-8	1.932200E-3
7.210000E-8	1.945904E-3
7.215000E-8	1.985301E-3
7.220000E-8	2.103495E-3
7.225000E-8	2.264512E-3
7.230000E-8	2.403261E-3
7.235000E-8	2.533445E-3
7.240000E-8	2.663630E-3
7.245000E-8	2.762981E-3
7.250000E-8	2.810943E-3
7.255000E-8	2.829786E-3
7.260000E-8	2.804092E-3
7.265000E-8	2.728722E-3
7.270000E-8	2.632797E-3
7.275000E-8	2.547149E-3
7.280000E-8	2.468353E-3
7.285000E-8	2.394696E-3
7.290000E-8	2.348447E-3
7.295000E-8	2.324466E-3
7.300000E-8	2.324466E-3
7.305000E-8	2.367289E-3
7.310000E-8	2.415252E-3
7.315000E-8	2.451224E-3
7.320000E-8	2.488909E-3
7.325000E-8	2.526594E-3
7.330000E-8	2.535158E-3
7.335000E-8	2.497473E-3
7.340000E-8	2.456363E-3
7.345000E-8	2.454650E-3
7.350000E-8	2.466640E-3
7.355000E-8	2.461502E-3
7.360000E-8	2.461502E-3
7.365000E-8	2.519742E-3
7.370000E-8	2.608815E-3
7.375000E-8	2.680759E-3
7.380000E-8	2.761268E-3
7.385000E-8	2.850341E-3
7.390000E-8	2.941128E-3
7.395000E-8	3.014784E-3
7.400000E-8	3.071312E-3
7.405000E-8	3.097006E-3
7.410000E-8	3.083302E-3
7.415000E-8	3.040479E-3
7.420000E-8	2.966822E-3
7.425000E-8	2.864045E-3
7.430000E-8	2.764694E-3
7.435000E-8	2.670481E-3
7.440000E-8	2.571130E-3
7.445000E-8	2.459789E-3
7.450000E-8	2.357012E-3
7.455000E-8	2.298771E-3
7.460000E-8	2.283355E-3
7.465000E-8	2.271364E-3
7.470000E-8	2.218263E-3
7.475000E-8	2.160022E-3
7.480000E-8	2.139467E-3
7.485000E-8	2.110347E-3
7.490000E-8	2.052106E-3
7.495000E-8	2.024699E-3
7.500000E-8	2.046968E-3
7.505000E-8	2.101782E-3
7.510000E-8	2.165161E-3
7.515000E-8	2.250809E-3
7.520000E-8	2.353586E-3
7.525000E-8	2.458076E-3
7.530000E-8	2.579695E-3
7.535000E-8	2.713305E-3
7.540000E-8	2.834925E-3
7.545000E-8	2.920572E-3
7.550000E-8	2.980525E-3
7.555000E-8	3.035340E-3
7.560000E-8	3.069599E-3
7.565000E-8	3.047330E-3
7.570000E-8	2.965109E-3
7.575000E-8	2.862332E-3
7.580000E-8	2.781823E-3
7.585000E-8	2.733861E-3
7.590000E-8	2.680759E-3
7.595000E-8	2.625945E-3
7.600000E-8	2.605389E-3
7.605000E-8	2.632797E-3
7.610000E-8	2.663630E-3
7.615000E-8	2.653352E-3
7.620000E-8	2.615667E-3
7.625000E-8	2.547149E-3
7.630000E-8	2.466640E-3
7.635000E-8	2.389558E-3
7.640000E-8	2.339882E-3
7.645000E-8	2.326178E-3
7.650000E-8	2.339882E-3
7.655000E-8	2.362150E-3
7.660000E-8	2.363863E-3
7.665000E-8	2.369002E-3
7.670000E-8	2.410113E-3
7.675000E-8	2.468353E-3
7.680000E-8	2.500899E-3
7.685000E-8	2.482057E-3
7.690000E-8	2.452937E-3
7.695000E-8	2.427243E-3
7.700000E-8	2.391271E-3
7.705000E-8	2.363863E-3
7.710000E-8	2.348447E-3
7.715000E-8	2.322753E-3
7.720000E-8	2.283355E-3
7.725000E-8	2.266225E-3
7.730000E-8	2.250809E-3
7.735000E-8	2.231966E-3
7.740000E-8	2.245670E-3
7.745000E-8	2.285068E-3
7.750000E-8	2.329604E-3
7.755000E-8	2.386132E-3
7.760000E-8	2.452937E-3
7.765000E-8	2.471779E-3
7.770000E-8	2.483770E-3
7.775000E-8	2.554001E-3
7.780000E-8	2.653352E-3
7.785000E-8	2.749277E-3
7.790000E-8	2.860619E-3
7.795000E-8	2.990803E-3
7.800000E-8	3.110710E-3
7.805000E-8	3.206635E-3
7.810000E-8	3.252884E-3
7.815000E-8	3.218625E-3
7.820000E-8	3.110710E-3
7.825000E-8	2.966822E-3
7.830000E-8	2.819508E-3
7.835000E-8	2.691037E-3
7.840000E-8	2.571130E-3
7.845000E-8	2.468353E-3
7.850000E-8	2.423817E-3
7.855000E-8	2.449511E-3
7.860000E-8	2.509464E-3
7.865000E-8	2.596825E-3
7.870000E-8	2.718444E-3
7.875000E-8	2.860619E-3
7.880000E-8	2.987377E-3
7.885000E-8	3.098719E-3
7.890000E-8	3.170663E-3
7.895000E-8	3.184366E-3
7.900000E-8	3.155246E-3
7.905000E-8	3.126126E-3
7.910000E-8	3.066173E-3
7.915000E-8	2.946266E-3
7.920000E-8	2.795527E-3
7.925000E-8	2.673907E-3
7.930000E-8	2.579695E-3
7.935000E-8	2.490622E-3
7.940000E-8	2.437520E-3
7.945000E-8	2.418678E-3
7.950000E-8	2.398122E-3
7.955000E-8	2.399835E-3
7.960000E-8	2.439233E-3
7.965000E-8	2.470066E-3
7.970000E-8	2.502612E-3
7.975000E-8	2.562566E-3
7.980000E-8	2.615667E-3
7.985000E-8	2.608815E-3
7.990000E-8	2.560853E-3
7.995000E-8	2.518029E-3
8.000000E-8	2.482057E-3
8.005000E-8	2.442659E-3
8.010000E-8	2.399835E-3
8.015000E-8	2.350160E-3
8.020000E-8	2.297058E-3
8.025000E-8	2.240531E-3
8.030000E-8	2.182291E-3
8.035000E-8	2.134328E-3
8.040000E-8	2.089791E-3
8.045000E-8	2.021273E-3
8.050000E-8	1.956181E-3
8.055000E-8	1.949329E-3
8.060000E-8	1.987014E-3
8.065000E-8	2.029838E-3
8.070000E-8	2.096643E-3
8.075000E-8	2.178865E-3
8.080000E-8	2.230253E-3
8.085000E-8	2.269651E-3
8.090000E-8	2.343308E-3
8.095000E-8	2.466640E-3
8.100000E-8	2.617380E-3
8.105000E-8	2.780110E-3
8.110000E-8	2.918859E-3
8.115000E-8	3.023349E-3
8.120000E-8	3.088441E-3
8.125000E-8	3.134691E-3
8.130000E-8	3.175802E-3
8.135000E-8	3.186079E-3
8.140000E-8	3.146682E-3
8.145000E-8	3.066173E-3
8.150000E-8	2.941128E-3
8.155000E-8	2.778397E-3
8.160000E-8	2.596825E-3
8.165000E-8	2.428955E-3
8.170000E-8	2.261086E-3
8.175000E-8	2.058958E-3
8.180000E-8	1.836275E-3
8.185000E-8	1.664980E-3
8.190000E-8	1.575906E-3
8.195000E-8	1.521092E-3
8.200000E-8	1.476555E-3
8.205000E-8	1.490259E-3
8.210000E-8	1.565629E-3
8.215000E-8	1.656415E-3
8.220000E-8	1.759192E-3
8.225000E-8	1.925348E-3
8.230000E-8	2.105208E-3
8.235000E-8	2.225114E-3
8.240000E-8	2.300484E-3
8.245000E-8	2.379280E-3
8.250000E-8	2.416965E-3
8.255000E-8	2.420391E-3
8.260000E-8	2.442659E-3
8.265000E-8	2.494048E-3
8.270000E-8	2.560853E-3
8.275000E-8	2.632797E-3
8.280000E-8	2.709879E-3
8.285000E-8	2.793814E-3
8.290000E-8	2.874322E-3
8.295000E-8	2.913720E-3
8.300000E-8	2.905156E-3
8.305000E-8	2.865758E-3
8.310000E-8	2.821221E-3
8.315000E-8	2.786962E-3
8.320000E-8	2.764694E-3
8.325000E-8	2.744138E-3
8.330000E-8	2.709879E-3
8.335000E-8	2.684185E-3
8.340000E-8	2.675620E-3
8.345000E-8	2.673907E-3
8.350000E-8	2.685898E-3
8.355000E-8	2.738999E-3
8.360000E-8	2.824647E-3
8.365000E-8	2.858906E-3
8.370000E-8	2.792101E-3
8.375000E-8	2.660204E-3
8.380000E-8	2.545436E-3
8.385000E-8	2.410113E-3
8.390000E-8	2.211411E-3
8.395000E-8	2.034977E-3
8.400000E-8	1.944191E-3
8.405000E-8	1.889376E-3
8.410000E-8	1.825997E-3
8.415000E-8	1.774609E-3
8.420000E-8	1.762618E-3
8.425000E-8	1.774609E-3
8.430000E-8	1.812293E-3
8.435000E-8	1.896228E-3
8.440000E-8	2.041829E-3
8.445000E-8	2.213124E-3
8.450000E-8	2.353586E-3
8.455000E-8	2.459789E-3
8.460000E-8	2.565991E-3
8.465000E-8	2.656778E-3
8.470000E-8	2.663630E-3
8.475000E-8	2.603676E-3
8.480000E-8	2.516316E-3
8.485000E-8	2.410113E-3
8.490000E-8	2.276503E-3
8.495000E-8	2.194281E-3
8.500000E-8	2.202846E-3
8.505000E-8	2.267938E-3
8.510000E-8	2.358725E-3
8.515000E-8	2.463214E-3
8.520000E-8	2.601963E-3
8.525000E-8	2.757842E-3
8.530000E-8	2.918859E-3
8.535000E-8	3.033627E-3
8.540000E-8	3.067886E-3
8.545000E-8	3.062747E-3
8.550000E-8	3.050756E-3
8.555000E-8	2.989090E-3
8.560000E-8	2.869184E-3
8.565000E-8	2.745851E-3
8.570000E-8	2.646500E-3
8.575000E-8	2.519742E-3
8.580000E-8	2.365576E-3
8.585000E-8	2.240531E-3
8.590000E-8	2.190855E-3
8.595000E-8	2.231966E-3
8.600000E-8	2.329604E-3
8.605000E-8	2.440946E-3
8.610000E-8	2.557427E-3
8.615000E-8	2.703027E-3
8.620000E-8	2.833212E-3
8.625000E-8	2.913720E-3
8.630000E-8	2.959970E-3
8.635000E-8	3.011358E-3
8.640000E-8	3.042192E-3
8.645000E-8	3.014784E-3
8.650000E-8	2.947979E-3
8.655000E-8	2.886313E-3
8.660000E-8	2.846915E-3
8.665000E-8	2.838351E-3
8.670000E-8	2.850341E-3
8.675000E-8	2.865758E-3
8.680000E-8	2.905156E-3
8.685000E-8	2.971961E-3
8.690000E-8	3.028488E-3
8.695000E-8	3.049043E-3
8.700000E-8	3.033627E-3
8.705000E-8	3.018210E-3
8.710000E-8	3.023349E-3
8.715000E-8	3.030201E-3
8.720000E-8	3.006220E-3
8.725000E-8	2.958257E-3
8.730000E-8	2.935989E-3
8.735000E-8	2.923998E-3
8.740000E-8	2.886313E-3
8.745000E-8	2.855480E-3
8.750000E-8	2.874322E-3
8.755000E-8	2.896591E-3
8.760000E-8	2.889739E-3
8.765000E-8	2.896591E-3
8.770000E-8	2.923998E-3
8.775000E-8	2.915433E-3
8.780000E-8	2.882887E-3
8.785000E-8	2.857193E-3
8.790000E-8	2.800666E-3
8.795000E-8	2.720157E-3
8.800000E-8	2.649926E-3
8.805000E-8	2.607102E-3
8.810000E-8	2.557427E-3
8.815000E-8	2.504325E-3
8.820000E-8	2.420391E-3
8.825000E-8	2.273077E-3
8.830000E-8	2.094930E-3
8.835000E-8	1.932200E-3
8.840000E-8	1.807155E-3
8.845000E-8	1.714655E-3
8.850000E-8	1.663267E-3
8.855000E-8	1.623869E-3
8.860000E-8	1.601601E-3
8.865000E-8	1.606739E-3
8.870000E-8	1.634147E-3
8.875000E-8	1.658128E-3
8.880000E-8	1.685535E-3
8.885000E-8	1.714655E-3
8.890000E-8	1.743775E-3
8.895000E-8	1.774609E-3
8.900000E-8	1.831136E-3
8.905000E-8	1.925348E-3
8.910000E-8	2.055532E-3
8.915000E-8	2.194281E-3
8.920000E-8	2.329604E-3
8.925000E-8	2.463214E-3
8.930000E-8	2.589973E-3
8.935000E-8	2.670481E-3
8.940000E-8	2.730435E-3
8.945000E-8	2.807517E-3
8.950000E-8	2.855480E-3
8.955000E-8	2.816082E-3
8.960000E-8	2.706453E-3
8.965000E-8	2.595112E-3
8.970000E-8	2.499186E-3
8.975000E-8	2.410113E-3
8.980000E-8	2.329604E-3
8.985000E-8	2.290207E-3
8.990000E-8	2.309049E-3
8.995000E-8	2.362150E-3
9.000000E-8	2.440946E-3
9.005000E-8	2.555714E-3
9.010000E-8	2.689324E-3
9.015000E-8	2.805804E-3
9.020000E-8	2.884600E-3
9.025000E-8	2.932563E-3
9.030000E-8	2.930850E-3
9.035000E-8	2.852054E-3
9.040000E-8	2.721870E-3
9.045000E-8	2.574556E-3
9.050000E-8	2.440946E-3
9.055000E-8	2.317614E-3
9.060000E-8	2.177152E-3
9.065000E-8	2.046968E-3
9.070000E-8	1.995579E-3
9.075000E-8	2.026412E-3
9.080000E-8	2.079514E-3
9.085000E-8	2.132615E-3
9.090000E-8	2.184004E-3
9.095000E-8	2.211411E-3
9.100000E-8	2.228540E-3
9.105000E-8	2.266225E-3
9.110000E-8	2.274790E-3
9.115000E-8	2.219976E-3
9.120000E-8	2.172013E-3
9.125000E-8	2.156596E-3
9.130000E-8	2.130902E-3
9.135000E-8	2.084653E-3
9.140000E-8	2.057245E-3
9.145000E-8	2.050394E-3
9.150000E-8	2.074375E-3
9.155000E-8	2.127476E-3
9.160000E-8	2.182291E-3
9.165000E-8	2.235392E-3
9.170000E-8	2.307336E-3
9.175000E-8	2.357012E-3
9.180000E-8	2.341595E-3
9.185000E-8	2.327891E-3
9.190000E-8	2.348447E-3
9.195000E-8	2.353586E-3
9.200000E-8	2.333030E-3
9.205000E-8	2.345021E-3
9.210000E-8	2.396409E-3
9.215000E-8	2.444372E-3
9.220000E-8	2.509464E-3
9.225000E-8	2.581408E-3
9.230000E-8	2.627658E-3
9.235000E-8	2.658491E-3
9.240000E-8	2.679046E-3
9.245000E-8	2.651639E-3
9.250000E-8	2.581408E-3
9.255000E-8	2.524881E-3
9.260000E-8	2.494048E-3
9.265000E-8	2.446085E-3
9.270000E-8	2.372428E-3
9.275000E-8	2.278216E-3
9.280000E-8	2.178865E-3
9.285000E-8	2.098356E-3
9.290000E-8	2.029838E-3
9.295000E-8	1.961320E-3
9.300000E-8	1.908219E-3
9.305000E-8	1.901367E-3
9.310000E-8	1.918496E-3
9.315000E-8	1.949329E-3
9.320000E-8	1.959607E-3
9.325000E-8	1.964746E-3
9.330000E-8	1.968172E-3
9.335000E-8	1.964746E-3
9.340000E-8	1.944191E-3
9.345000E-8	1.928774E-3
9.350000E-8	1.956181E-3
9.355000E-8	2.000718E-3
9.360000E-8	2.045255E-3
9.365000E-8	2.103495E-3
9.370000E-8	2.214837E-3
9.375000E-8	2.375854E-3
9.380000E-8	2.557427E-3
9.385000E-8	2.745851E-3
9.390000E-8	2.920572E-3
9.395000E-8	3.061034E-3
9.400000E-8	3.155246E-3
9.405000E-8	3.235755E-3
9.410000E-8	3.290569E-3
9.415000E-8	3.311125E-3
9.420000E-8	3.287143E-3
9.425000E-8	3.196357E-3
9.430000E-8	3.074738E-3
9.435000E-8	2.959970E-3
9.440000E-8	2.846915E-3
9.445000E-8	2.725296E-3
9.450000E-8	2.625945E-3
9.455000E-8	2.540297E-3
9.460000E-8	2.437520E-3
9.465000E-8	2.353586E-3
9.470000E-8	2.321040E-3
9.475000E-8	2.278216E-3
9.480000E-8	2.213124E-3
9.485000E-8	2.201133E-3
9.490000E-8	2.225114E-3
9.495000E-8	2.207985E-3
9.500000E-8	2.189142E-3
9.505000E-8	2.214837E-3
9.510000E-8	2.225114E-3
9.515000E-8	2.202846E-3
9.520000E-8	2.187430E-3
9.525000E-8	2.170300E-3
9.530000E-8	2.130902E-3
9.535000E-8	2.110347E-3
9.540000E-8	2.120624E-3
9.545000E-8	2.144606E-3
9.550000E-8	2.214837E-3
9.555000E-8	2.329604E-3
9.560000E-8	2.437520E-3
9.565000E-8	2.528307E-3
9.570000E-8	2.634509E-3
9.575000E-8	2.715018E-3
9.580000E-8	2.750990E-3
9.585000E-8	2.771545E-3
9.590000E-8	2.781823E-3
9.595000E-8	2.757842E-3
9.600000E-8	2.725296E-3
9.605000E-8	2.701315E-3
9.610000E-8	2.685898E-3
9.615000E-8	2.665343E-3
9.620000E-8	2.619093E-3
9.625000E-8	2.550575E-3
9.630000E-8	2.518029E-3
9.635000E-8	2.511177E-3
9.640000E-8	2.483770E-3
9.645000E-8	2.454650E-3
9.650000E-8	2.475205E-3
9.655000E-8	2.509464E-3
9.660000E-8	2.478631E-3
9.665000E-8	2.392984E-3
9.670000E-8	2.285068E-3
9.675000E-8	2.177152E-3
9.680000E-8	2.069236E-3
9.685000E-8	1.957894E-3
9.690000E-8	1.834562E-3
9.695000E-8	1.742062E-3
9.700000E-8	1.712942E-3
9.705000E-8	1.711229E-3
9.710000E-8	1.695813E-3
9.715000E-8	1.711229E-3
9.720000E-8	1.771183E-3
9.725000E-8	1.817432E-3
9.730000E-8	1.858543E-3
9.735000E-8	1.921922E-3
9.740000E-8	1.981876E-3
9.745000E-8	1.997292E-3
9.750000E-8	1.975024E-3
9.755000E-8	1.942478E-3
9.760000E-8	1.892802E-3
9.765000E-8	1.844839E-3
9.770000E-8	1.844839E-3
9.775000E-8	1.882524E-3
9.780000E-8	1.937339E-3
9.785000E-8	1.995579E-3
9.790000E-8	2.067523E-3
9.795000E-8	2.154883E-3
9.800000E-8	2.245670E-3
9.805000E-8	2.348447E-3
9.810000E-8	2.451224E-3
9.815000E-8	2.502612E-3
9.820000E-8	2.506038E-3
9.825000E-8	2.499186E-3
9.830000E-8	2.482057E-3
9.835000E-8	2.403261E-3
9.840000E-8	2.264512E-3
9.845000E-8	2.125763E-3
9.850000E-8	1.968172E-3
9.855000E-8	1.774609E-3
9.860000E-8	1.608452E-3
9.865000E-8	1.497111E-3
9.870000E-8	1.392621E-3
9.875000E-8	1.312112E-3
9.880000E-8	1.308686E-3
9.885000E-8	1.349797E-3
9.890000E-8	1.390908E-3
9.895000E-8	1.481694E-3
9.900000E-8	1.622156E-3
9.905000E-8	1.764331E-3
9.910000E-8	1.908219E-3
9.915000E-8	2.065810E-3
9.920000E-8	2.214837E-3
9.925000E-8	2.339882E-3
9.930000E-8	2.428955E-3
9.935000E-8	2.478631E-3
9.940000E-8	2.519742E-3
9.945000E-8	2.559140E-3
9.950000E-8	2.579695E-3
9.955000E-8	2.595112E-3
9.960000E-8	2.648213E-3
9.965000E-8	2.711592E-3
9.970000E-8	2.732148E-3
9.975000E-8	2.699602E-3
9.980000E-8	2.644787E-3
9.985000E-8	2.574556E-3
9.990000E-8	2.492335E-3
9.995000E-8	2.406687E-3
1.000000E-7	2.327891E-3
1.000500E-7	2.257660E-3
1.001000E-7	2.190855E-3
1.001500E-7	2.098356E-3
1.002000E-7	2.010996E-3
1.002500E-7	1.956181E-3
1.003000E-7	1.901367E-3
1.003500E-7	1.820858E-3
1.004000E-7	1.767757E-3
1.004500E-7	1.760905E-3
1.005000E-7	1.750627E-3
1.005500E-7	1.740350E-3
1.006000E-7	1.764331E-3
1.006500E-7	1.825997E-3
1.007000E-7	1.911645E-3
1.007500E-7	2.014422E-3
1.008000E-7	2.127476E-3
1.008500E-7	2.257660E-3
1.009000E-7	2.387845E-3
1.009500E-7	2.511177E-3
1.010000E-7	2.617380E-3
1.010500E-7	2.713305E-3
1.011000E-7	2.747564E-3
1.011500E-7	2.699602E-3
1.012000E-7	2.615667E-3
1.012500E-7	2.540297E-3
1.013000E-7	2.464927E-3
1.013500E-7	2.398122E-3
1.014000E-7	2.375854E-3
1.014500E-7	2.399835E-3
1.015000E-7	2.425530E-3
1.015500E-7	2.408400E-3
1.016000E-7	2.389558E-3
1.016500E-7	2.406687E-3
1.017000E-7	2.446085E-3
1.017500E-7	2.437520E-3
1.018000E-7	2.384419E-3
1.018500E-7	2.322753E-3
1.019000E-7	2.233679E-3
1.019500E-7	2.110347E-3
1.020000E-7	2.012709E-3
1.020500E-7	1.964746E-3
1.021000E-7	1.951042E-3
1.021500E-7	1.968172E-3
1.022000E-7	2.021273E-3
1.022500E-7	2.115486E-3
1.023000E-7	2.218263E-3
1.023500E-7	2.305623E-3
1.024000E-7	2.341595E-3
1.024500E-7	2.375854E-3
1.025000E-7	2.439233E-3
1.025500E-7	2.471779E-3
1.026000E-7	2.399835E-3
1.026500E-7	2.254235E-3
1.027000E-7	2.100069E-3
1.027500E-7	1.945904E-3
1.028000E-7	1.796877E-3
1.028500E-7	1.707803E-3
1.029000E-7	1.683822E-3
1.029500E-7	1.692387E-3
1.030000E-7	1.712942E-3
1.030500E-7	1.728359E-3
1.031000E-7	1.740350E-3
1.031500E-7	1.752340E-3
1.032000E-7	1.757479E-3
1.032500E-7	1.755766E-3
1.033000E-7	1.738637E-3
1.033500E-7	1.721507E-3
1.034000E-7	1.711229E-3
1.034500E-7	1.706091E-3
1.035000E-7	1.707803E-3
1.035500E-7	1.718081E-3
1.036000E-7	1.738637E-3
1.036500E-7	1.772896E-3
1.037000E-7	1.843127E-3
1.037500E-7	1.956181E-3
1.038000E-7	2.072662E-3
1.038500E-7	2.158309E-3
1.039000E-7	2.214837E-3
1.039500E-7	2.261086E-3
1.040000E-7	2.288494E-3
1.040500E-7	2.321040E-3
1.041000E-7	2.372428E-3
1.041500E-7	2.423817E-3
1.042000E-7	2.411826E-3
1.042500E-7	2.374141E-3
1.043000E-7	2.351873E-3
1.043500E-7	2.334743E-3
1.044000E-7	2.310762E-3
1.044500E-7	2.346734E-3
1.045000E-7	2.442659E-3
1.045500E-7	2.494048E-3
1.046000E-7	2.464927E-3
1.046500E-7	2.420391E-3
1.047000E-7	2.362150E-3
1.047500E-7	2.297058E-3
1.048000E-7	2.269651E-3
1.048500E-7	2.291919E-3
1.049000E-7	2.334743E-3
1.049500E-7	2.394696E-3
1.050000E-7	2.468353E-3
1.050500E-7	2.557427E-3
1.051000E-7	2.679046E-3
1.051500E-7	2.785249E-3
1.052000E-7	2.824647E-3
1.052500E-7	2.828073E-3
1.053000E-7	2.843489E-3
1.053500E-7	2.841776E-3
1.054000E-7	2.814369E-3
1.054500E-7	2.793814E-3
1.055000E-7	2.756129E-3
1.055500E-7	2.663630E-3
1.056000E-7	2.567704E-3
1.056500E-7	2.502612E-3
1.057000E-7	2.437520E-3
1.057500E-7	2.403261E-3
1.058000E-7	2.464927E-3
1.058500E-7	2.571130E-3
1.059000E-7	2.646500E-3
1.059500E-7	2.667056E-3
1.060000E-7	2.643074E-3
1.060500E-7	2.591686E-3
1.061000E-7	2.538584E-3
1.061500E-7	2.478631E-3
1.062000E-7	2.410113E-3
1.062500E-7	2.329604E-3
1.063000E-7	2.235392E-3
1.063500E-7	2.112060E-3
1.064000E-7	1.988727E-3
1.064500E-7	1.916783E-3
1.065000E-7	1.904793E-3
1.065500E-7	1.906506E-3
1.066000E-7	1.915070E-3
1.066500E-7	1.959607E-3
1.067000E-7	2.043542E-3
1.067500E-7	2.136041E-3
1.068000E-7	2.189142E-3
1.068500E-7	2.204559E-3
1.069000E-7	2.194281E-3
1.069500E-7	2.187430E-3
1.070000E-7	2.161735E-3
1.070500E-7	2.130902E-3
1.071000E-7	2.160022E-3
1.071500E-7	2.252522E-3
1.072000E-7	2.355299E-3
1.072500E-7	2.418678E-3
1.073000E-7	2.459789E-3
1.073500E-7	2.511177E-3
1.074000E-7	2.600250E-3
1.074500E-7	2.735574E-3
1.075000E-7	2.896591E-3
1.075500E-7	3.016497E-3
1.076000E-7	3.062747E-3
1.076500E-7	3.049043E-3
1.077000E-7	2.992516E-3
1.077500E-7	2.918859E-3
1.078000E-7	2.834925E-3
1.078500E-7	2.723583E-3
1.079000E-7	2.612241E-3
1.079500E-7	2.547149E-3
1.080000E-7	2.535158E-3
1.080500E-7	2.536871E-3
1.081000E-7	2.562566E-3
1.081500E-7	2.646500E-3
1.082000E-7	2.759555E-3
1.082500E-7	2.865758E-3
1.083000E-7	2.946266E-3
1.083500E-7	2.982238E-3
1.084000E-7	2.941128E-3
1.084500E-7	2.860619E-3
1.085000E-7	2.752703E-3
1.085500E-7	2.579695E-3
1.086000E-7	2.360437E-3
1.086500E-7	2.177152E-3
1.087000E-7	2.029838E-3
1.087500E-7	1.885950E-3
1.088000E-7	1.769470E-3
1.088500E-7	1.707803E-3
1.089000E-7	1.664980E-3
1.089500E-7	1.640998E-3
1.090000E-7	1.678683E-3
1.090500E-7	1.779747E-3
1.091000E-7	1.935626E-3
1.091500E-7	2.132615E-3
1.092000E-7	2.291919E-3
1.092500E-7	2.384419E-3
1.093000E-7	2.447798E-3
1.093500E-7	2.536871E-3
1.094000E-7	2.613954E-3
1.094500E-7	2.661917E-3
1.095000E-7	2.680759E-3
1.095500E-7	2.639648E-3
1.096000E-7	2.547149E-3
1.096500E-7	2.471779E-3
1.097000E-7	2.425530E-3
1.097500E-7	2.367289E-3
1.098000E-7	2.315901E-3
1.098500E-7	2.298771E-3
1.099000E-7	2.300484E-3
1.099500E-7	2.291919E-3
1.100000E-7	2.276503E-3
1.100500E-7	2.274790E-3
1.101000E-7	2.288494E-3
1.101500E-7	2.297058E-3
1.102000E-7	2.297058E-3
1.102500E-7	2.314188E-3
1.103000E-7	2.327891E-3
1.103500E-7	2.303910E-3
1.104000E-7	2.266225E-3
1.104500E-7	2.264512E-3
1.105000E-7	2.293632E-3
1.105500E-7	2.334743E-3
1.106000E-7	2.363863E-3
1.106500E-7	2.375854E-3
1.107000E-7	2.382706E-3
1.107500E-7	2.416965E-3
1.108000E-7	2.449511E-3
1.108500E-7	2.440946E-3
1.109000E-7	2.392984E-3
1.109500E-7	2.329604E-3
1.110000E-7	2.254235E-3
1.110500E-7	2.177152E-3
1.111000E-7	2.081227E-3
1.111500E-7	1.983588E-3
1.112000E-7	1.916783E-3
1.112500E-7	1.894515E-3
1.113000E-7	1.891089E-3
1.113500E-7	1.858543E-3
1.114000E-7	1.825997E-3
1.114500E-7	1.839701E-3
1.115000E-7	1.904793E-3
1.115500E-7	1.971598E-3
1.116000E-7	2.040116E-3
1.116500E-7	2.142893E-3
1.117000E-7	2.245670E-3
1.117500E-7	2.315901E-3
1.118000E-7	2.362150E-3
1.118500E-7	2.432381E-3
1.119000E-7	2.490622E-3
1.119500E-7	2.514603E-3
1.120000E-7	2.531732E-3
1.120500E-7	2.542010E-3
1.121000E-7	2.499186E-3
1.121500E-7	2.411826E-3
1.122000E-7	2.312475E-3
1.122500E-7	2.197707E-3
1.123000E-7	2.074375E-3
1.123500E-7	1.961320E-3
1.124000E-7	1.844839E-3
1.124500E-7	1.731785E-3
1.125000E-7	1.642711E-3
1.125500E-7	1.581045E-3
1.126000E-7	1.572480E-3
1.126500E-7	1.652989E-3
1.127000E-7	1.805442E-3
1.127500E-7	1.957894E-3
1.128000E-7	2.091504E-3
1.128500E-7	2.233679E-3
1.129000E-7	2.357012E-3
1.129500E-7	2.430668E-3
1.130000E-7	2.454650E-3
1.130500E-7	2.410113E-3
1.131000E-7	2.305623E-3
1.131500E-7	2.166874E-3
1.132000E-7	2.028125E-3
1.132500E-7	1.896228E-3
1.133000E-7	1.776321E-3
1.133500E-7	1.700952E-3
1.134000E-7	1.688961E-3
1.134500E-7	1.706091E-3
1.135000E-7	1.754053E-3
1.135500E-7	1.841414E-3
1.136000E-7	1.959607E-3
1.136500E-7	2.088078E-3
1.137000E-7	2.211411E-3
1.137500E-7	2.312475E-3
1.138000E-7	2.372428E-3
1.138500E-7	2.399835E-3
1.139000E-7	2.415252E-3
1.139500E-7	2.420391E-3
1.140000E-7	2.411826E-3
1.140500E-7	2.404974E-3
1.141000E-7	2.396409E-3
1.141500E-7	2.365576E-3
1.142000E-7	2.317614E-3
1.142500E-7	2.266225E-3
1.143000E-7	2.209698E-3
1.143500E-7	2.142893E-3
1.144000E-7	2.082940E-3
1.144500E-7	2.045255E-3
1.145000E-7	2.016135E-3
1.145500E-7	1.973311E-3
1.146000E-7	1.932200E-3
1.146500E-7	1.894515E-3
1.147000E-7	1.868821E-3
1.147500E-7	1.844839E-3
1.148000E-7	1.832849E-3
1.148500E-7	1.829423E-3
1.149000E-7	1.827710E-3
1.149500E-7	1.827710E-3
1.150000E-7	1.853404E-3
1.150500E-7	1.916783E-3
1.151000E-7	1.978450E-3
1.151500E-7	2.014422E-3
1.152000E-7	2.046968E-3
1.152500E-7	2.115486E-3
1.153000E-7	2.209698E-3
1.153500E-7	2.312475E-3
1.154000E-7	2.434094E-3
1.154500E-7	2.581408E-3
1.155000E-7	2.720157E-3
1.155500E-7	2.838351E-3
1.156000E-7	2.951405E-3
1.156500E-7	3.085015E-3
1.157000E-7	3.194644E-3
1.157500E-7	3.225477E-3
1.158000E-7	3.186079E-3
1.158500E-7	3.143256E-3
1.159000E-7	3.083302E-3
1.159500E-7	2.968535E-3
1.160000E-7	2.836638E-3
1.160500E-7	2.745851E-3
1.161000E-7	2.708166E-3
1.161500E-7	2.699602E-3
1.162000E-7	2.721870E-3
1.162500E-7	2.737286E-3
1.163000E-7	2.721870E-3
1.163500E-7	2.684185E-3
1.164000E-7	2.632797E-3
1.164500E-7	2.560853E-3
1.165000E-7	2.471779E-3
1.165500E-7	2.380993E-3
1.166000E-7	2.281642E-3
1.166500E-7	2.170300E-3
1.167000E-7	2.043542E-3
1.167500E-7	1.940765E-3
1.168000E-7	1.896228E-3
1.168500E-7	1.889376E-3
1.169000E-7	1.892802E-3
1.169500E-7	1.913358E-3
1.170000E-7	1.957894E-3
1.170500E-7	2.021273E-3
1.171000E-7	2.072662E-3
1.171500E-7	2.076088E-3
1.172000E-7	2.052106E-3
1.172500E-7	2.055532E-3
1.173000E-7	2.077801E-3
1.173500E-7	2.098356E-3
1.174000E-7	2.148032E-3
1.174500E-7	2.252522E-3
1.175000E-7	2.370715E-3
1.175500E-7	2.456363E-3
1.176000E-7	2.560853E-3
1.176500E-7	2.691037E-3
1.177000E-7	2.788675E-3
1.177500E-7	2.843489E-3
1.178000E-7	2.912007E-3
1.178500E-7	2.980525E-3
1.179000E-7	2.966822E-3
1.179500E-7	2.882887E-3
1.180000E-7	2.785249E-3
1.180500E-7	2.701315E-3
1.181000E-7	2.610528E-3
1.181500E-7	2.514603E-3
1.182000E-7	2.437520E-3
1.182500E-7	2.380993E-3
1.183000E-7	2.341595E-3
1.183500E-7	2.324466E-3
1.184000E-7	2.322753E-3
1.184500E-7	2.319327E-3
1.185000E-7	2.333030E-3
1.185500E-7	2.348447E-3
1.186000E-7	2.362150E-3
1.186500E-7	2.370715E-3
1.187000E-7	2.374141E-3
1.187500E-7	2.380993E-3
1.188000E-7	2.399835E-3
1.188500E-7	2.430668E-3
1.189000E-7	2.439233E-3
1.189500E-7	2.447798E-3
1.190000E-7	2.466640E-3
1.190500E-7	2.488909E-3
1.191000E-7	2.507751E-3
1.191500E-7	2.531732E-3
1.192000E-7	2.547149E-3
1.192500E-7	2.577982E-3
1.193000E-7	2.601963E-3
1.193500E-7	2.569417E-3
1.194000E-7	2.500899E-3
1.194500E-7	2.446085E-3
1.195000E-7	2.404974E-3
1.195500E-7	2.369002E-3
1.196000E-7	2.377567E-3
1.196500E-7	2.403261E-3
1.197000E-7	2.401548E-3
1.197500E-7	2.372428E-3
1.198000E-7	2.333030E-3
1.198500E-7	2.288494E-3
1.199000E-7	2.249096E-3
1.199500E-7	2.237105E-3
1.200000E-7	2.238818E-3
1.200500E-7	2.238818E-3
1.201000E-7	2.214837E-3
1.201500E-7	2.137754E-3
1.202000E-7	2.034977E-3
1.202500E-7	1.957894E-3
1.203000E-7	1.930487E-3
1.203500E-7	1.964746E-3
1.204000E-7	2.048681E-3
1.204500E-7	2.161735E-3
1.205000E-7	2.261086E-3
1.205500E-7	2.370715E-3
1.206000E-7	2.516316E-3
1.206500E-7	2.653352E-3
1.207000E-7	2.757842E-3
1.207500E-7	2.862332E-3
1.208000E-7	2.977099E-3
1.208500E-7	3.043905E-3
1.209000E-7	3.050756E-3
1.209500E-7	3.047330E-3
1.210000E-7	3.052469E-3
1.210500E-7	3.028488E-3
1.211000E-7	2.947979E-3
1.211500E-7	2.836638E-3
1.212000E-7	2.728722E-3
1.212500E-7	2.625945E-3
1.213000E-7	2.488909E-3
1.213500E-7	2.314188E-3
1.214000E-7	2.153171E-3
1.214500E-7	2.046968E-3
1.215000E-7	1.995579E-3
1.215500E-7	1.954468E-3
1.216000E-7	1.906506E-3
1.216500E-7	1.860256E-3
1.217000E-7	1.817432E-3
1.217500E-7	1.802016E-3
1.218000E-7	1.802016E-3
1.218500E-7	1.783173E-3
1.219000E-7	1.772896E-3
1.219500E-7	1.783173E-3
1.220000E-7	1.803729E-3
1.220500E-7	1.831136E-3
1.221000E-7	1.901367E-3
1.221500E-7	2.012709E-3
1.222000E-7	2.144606E-3
1.222500E-7	2.300484E-3
1.223000E-7	2.463214E-3
1.223500E-7	2.589973E-3
1.224000E-7	2.665343E-3
1.224500E-7	2.732148E-3
1.225000E-7	2.788675E-3
1.225500E-7	2.817795E-3
1.226000E-7	2.817795E-3
1.226500E-7	2.822934E-3
1.227000E-7	2.853767E-3
1.227500E-7	2.870897E-3
1.228000E-7	2.874322E-3
1.228500E-7	2.879461E-3
1.229000E-7	2.888026E-3
1.229500E-7	2.876035E-3
1.230000E-7	2.824647E-3
1.230500E-7	2.749277E-3
1.231000E-7	2.663630E-3
1.231500E-7	2.589973E-3
1.232000E-7	2.512890E-3
1.232500E-7	2.430668E-3
1.233000E-7	2.357012E-3
1.233500E-7	2.321040E-3
1.234000E-7	2.327891E-3
1.234500E-7	2.372428E-3
1.235000E-7	2.423817E-3
1.235500E-7	2.447798E-3
1.236000E-7	2.444372E-3
1.236500E-7	2.456363E-3
1.237000E-7	2.500899E-3
1.237500E-7	2.538584E-3
1.238000E-7	2.506038E-3
1.238500E-7	2.404974E-3
1.239000E-7	2.257660E-3
1.239500E-7	2.118912E-3
1.240000E-7	2.007570E-3
1.240500E-7	1.913358E-3
1.241000E-7	1.839701E-3
1.241500E-7	1.800303E-3
1.242000E-7	1.800303E-3
1.242500E-7	1.827710E-3
1.243000E-7	1.865395E-3
1.243500E-7	1.906506E-3
1.244000E-7	1.956181E-3
1.244500E-7	2.016135E-3
1.245000E-7	2.088078E-3
1.245500E-7	2.134328E-3
1.246000E-7	2.163448E-3
1.246500E-7	2.194281E-3
1.247000E-7	2.257660E-3
1.247500E-7	2.324466E-3
1.248000E-7	2.377567E-3
1.248500E-7	2.442659E-3
1.249000E-7	2.545436E-3
1.249500E-7	2.649926E-3
1.250000E-7	2.716731E-3
1.250500E-7	2.781823E-3
1.251000E-7	2.869184E-3
1.251500E-7	2.944553E-3
1.252000E-7	2.980525E-3
1.252500E-7	2.982238E-3
1.253000E-7	2.968535E-3
1.253500E-7	2.927424E-3
1.254000E-7	2.888026E-3
1.254500E-7	2.862332E-3
1.255000E-7	2.822934E-3
1.255500E-7	2.754416E-3
1.256000E-7	2.667056E-3
1.256500E-7	2.600250E-3
1.257000E-7	2.536871E-3
1.257500E-7	2.463214E-3
1.258000E-7	2.382706E-3
1.258500E-7	2.307336E-3
1.259000E-7	2.223401E-3
1.259500E-7	2.144606E-3
1.260000E-7	2.103495E-3
1.260500E-7	2.091504E-3
1.261000E-7	2.072662E-3
1.261500E-7	2.082940E-3
1.262000E-7	2.141180E-3
1.262500E-7	2.209698E-3
1.263000E-7	2.242244E-3
1.263500E-7	2.279929E-3
1.264000E-7	2.363863E-3
1.264500E-7	2.452937E-3
1.265000E-7	2.519742E-3
1.265500E-7	2.579695E-3
1.266000E-7	2.653352E-3
1.266500E-7	2.723583E-3
1.267000E-7	2.764694E-3
1.267500E-7	2.778397E-3
1.268000E-7	2.783536E-3
1.268500E-7	2.769833E-3
1.269000E-7	2.723583E-3
1.269500E-7	2.649926E-3
1.270000E-7	2.565991E-3
1.270500E-7	2.502612E-3
1.271000E-7	2.464927E-3
1.271500E-7	2.454650E-3
1.272000E-7	2.422104E-3
1.272500E-7	2.360437E-3
1.273000E-7	2.305623E-3
1.273500E-7	2.264512E-3
1.274000E-7	2.178865E-3
1.274500E-7	2.055532E-3
1.275000E-7	1.961320E-3
1.275500E-7	1.908219E-3
1.276000E-7	1.885950E-3
1.276500E-7	1.884237E-3
1.277000E-7	1.918496E-3
1.277500E-7	1.988727E-3
1.278000E-7	2.076088E-3
1.278500E-7	2.160022E-3
1.279000E-7	2.218263E-3
1.279500E-7	2.259373E-3
1.280000E-7	2.283355E-3
1.280500E-7	2.264512E-3
1.281000E-7	2.207985E-3
1.281500E-7	2.142893E-3
1.282000E-7	2.077801E-3
1.282500E-7	2.000718E-3
1.283000E-7	1.935626E-3
1.283500E-7	1.880811E-3
1.284000E-7	1.810580E-3
1.284500E-7	1.709516E-3
1.285000E-7	1.625582E-3
1.285500E-7	1.586184E-3
1.286000E-7	1.586184E-3
1.286500E-7	1.613591E-3
1.287000E-7	1.654702E-3
1.287500E-7	1.673544E-3
1.288000E-7	1.675257E-3
1.288500E-7	1.694100E-3
1.289000E-7	1.706091E-3
1.289500E-7	1.678683E-3
1.290000E-7	1.675257E-3
1.290500E-7	1.721507E-3
1.291000E-7	1.736924E-3
1.291500E-7	1.718081E-3
1.292000E-7	1.762618E-3
1.292500E-7	1.844839E-3
1.293000E-7	1.884237E-3
1.293500E-7	1.897941E-3
1.294000E-7	1.959607E-3
1.294500E-7	2.053819E-3
1.295000E-7	2.173726E-3
1.295500E-7	2.341595E-3
1.296000E-7	2.518029E-3
1.296500E-7	2.655065E-3
1.297000E-7	2.747564E-3
1.297500E-7	2.807517E-3
1.298000E-7	2.809230E-3
1.298500E-7	2.776684E-3
1.299000E-7	2.747564E-3
1.299500E-7	2.704740E-3
1.300000E-7	2.637935E-3
1.300500E-7	2.581408E-3
1.301000E-7	2.540297E-3
1.301500E-7	2.451224E-3
1.302000E-7	2.329604E-3
1.302500E-7	2.242244E-3
1.303000E-7	2.189142E-3
1.303500E-7	2.136041E-3
1.304000E-7	2.093217E-3
1.304500E-7	2.100069E-3
1.305000E-7	2.098356E-3
1.305500E-7	2.089791E-3
1.306000E-7	2.088078E-3
1.306500E-7	2.112060E-3
1.307000E-7	2.149745E-3
1.307500E-7	2.199420E-3
1.308000E-7	2.242244E-3
1.308500E-7	2.283355E-3
1.309000E-7	2.346734E-3
1.309500E-7	2.391271E-3
1.310000E-7	2.392984E-3
1.310500E-7	2.355299E-3
1.311000E-7	2.321040E-3
1.311500E-7	2.279929E-3
1.312000E-7	2.218263E-3
1.312500E-7	2.153171E-3
1.313000E-7	2.086365E-3
1.313500E-7	2.002431E-3
1.314000E-7	1.927061E-3
1.314500E-7	1.906506E-3
1.315000E-7	1.942478E-3
1.315500E-7	2.046968E-3
1.316000E-7	2.190855E-3
1.316500E-7	2.346734E-3
1.317000E-7	2.500899E-3
1.317500E-7	2.658491E-3
1.318000E-7	2.768120E-3
1.318500E-7	2.785249E-3
1.319000E-7	2.718444E-3
1.319500E-7	2.591686E-3
1.320000E-7	2.432381E-3
1.320500E-7	2.276503E-3
1.321000E-7	2.166874E-3
1.321500E-7	2.081227E-3
1.322000E-7	1.978450E-3
1.322500E-7	1.880811E-3
1.323000E-7	1.834562E-3
1.323500E-7	1.824284E-3
1.324000E-7	1.819145E-3
1.324500E-7	1.867108E-3
1.325000E-7	1.983588E-3
1.325500E-7	2.103495E-3
1.326000E-7	2.201133E-3
1.326500E-7	2.324466E-3
1.327000E-7	2.476918E-3
1.327500E-7	2.605389E-3
1.328000E-7	2.703027E-3
1.328500E-7	2.774971E-3
1.329000E-7	2.800666E-3
1.329500E-7	2.774971E-3
1.330000E-7	2.697889E-3
1.330500E-7	2.600250E-3
1.331000E-7	2.519742E-3
1.331500E-7	2.447798E-3
1.332000E-7	2.351873E-3
1.332500E-7	2.233679E-3
1.333000E-7	2.124050E-3
1.333500E-7	2.012709E-3
1.334000E-7	1.915070E-3
1.334500E-7	1.879099E-3
1.335000E-7	1.877386E-3
1.335500E-7	1.867108E-3
1.336000E-7	1.868821E-3
1.336500E-7	1.897941E-3
1.337000E-7	1.903080E-3
1.337500E-7	1.868821E-3
1.338000E-7	1.853404E-3
1.338500E-7	1.873960E-3
1.339000E-7	1.896228E-3
1.339500E-7	1.884237E-3
1.340000E-7	1.860256E-3
1.340500E-7	1.855117E-3
1.341000E-7	1.909932E-3
1.341500E-7	2.028125E-3
1.342000E-7	2.173726E-3
1.342500E-7	2.303910E-3
1.343000E-7	2.389558E-3
1.343500E-7	2.471779E-3
1.344000E-7	2.567704E-3
1.344500E-7	2.632797E-3
1.345000E-7	2.607102E-3
1.345500E-7	2.506038E-3
1.346000E-7	2.369002E-3
1.346500E-7	2.161735E-3
1.347000E-7	1.901367E-3
1.347500E-7	1.694100E-3
1.348000E-7	1.586184E-3
1.348500E-7	1.536508E-3
1.349000E-7	1.515953E-3
1.349500E-7	1.546786E-3
1.350000E-7	1.625582E-3
1.350500E-7	1.728359E-3
1.351000E-7	1.839701E-3
1.351500E-7	1.945904E-3
1.352000E-7	2.040116E-3
1.352500E-7	2.084653E-3
1.353000E-7	2.089791E-3
1.353500E-7	2.064097E-3
1.354000E-7	2.010996E-3
1.354500E-7	1.923635E-3
1.355000E-7	1.798590E-3
1.355500E-7	1.680396E-3
1.356000E-7	1.629008E-3
1.356500E-7	1.637573E-3
1.357000E-7	1.652989E-3
1.357500E-7	1.659841E-3
1.358000E-7	1.673544E-3
1.358500E-7	1.712942E-3
1.359000E-7	1.790025E-3
1.359500E-7	1.911645E-3
1.360000E-7	2.069236E-3
1.360500E-7	2.235392E-3
1.361000E-7	2.392984E-3
1.361500E-7	2.509464E-3
1.362000E-7	2.571130E-3
1.362500E-7	2.571130E-3
1.363000E-7	2.521455E-3
1.363500E-7	2.439233E-3
1.364000E-7	2.350160E-3
1.364500E-7	2.269651E-3
1.365000E-7	2.178865E-3
1.365500E-7	2.081227E-3
1.366000E-7	1.985301E-3
1.366500E-7	1.899654E-3
1.367000E-7	1.822571E-3
1.367500E-7	1.776321E-3
1.368000E-7	1.776321E-3
1.368500E-7	1.843127E-3
1.369000E-7	1.935626E-3
1.369500E-7	2.007570E-3
1.370000E-7	2.082940E-3
1.370500E-7	2.192568E-3
1.371000E-7	2.315901E-3
1.371500E-7	2.406687E-3
1.372000E-7	2.483770E-3
1.372500E-7	2.591686E-3
1.373000E-7	2.715018E-3
1.373500E-7	2.817795E-3
1.374000E-7	2.891452E-3
1.374500E-7	2.942840E-3
1.375000E-7	2.954831E-3
1.375500E-7	2.932563E-3
1.376000E-7	2.864045E-3
1.376500E-7	2.749277E-3
1.377000E-7	2.600250E-3
1.377500E-7	2.451224E-3
1.378000E-7	2.355299E-3
1.378500E-7	2.274790E-3
1.379000E-7	2.187430E-3
1.379500E-7	2.112060E-3
1.380000E-7	2.089791E-3
1.380500E-7	2.101782E-3
1.381000E-7	2.108634E-3
1.381500E-7	2.124050E-3
1.382000E-7	2.165161E-3
1.382500E-7	2.202846E-3
1.383000E-7	2.199420E-3
1.383500E-7	2.189142E-3
1.384000E-7	2.194281E-3
1.384500E-7	2.218263E-3
1.385000E-7	2.228540E-3
1.385500E-7	2.219976E-3
1.386000E-7	2.231966E-3
1.386500E-7	2.269651E-3
1.387000E-7	2.295345E-3
1.387500E-7	2.302197E-3
1.388000E-7	2.345021E-3
1.388500E-7	2.384419E-3
1.389000E-7	2.382706E-3
1.389500E-7	2.374141E-3
1.390000E-7	2.428955E-3
1.390500E-7	2.523168E-3
1.391000E-7	2.600250E-3
1.391500E-7	2.651639E-3
1.392000E-7	2.665343E-3
1.392500E-7	2.648213E-3
1.393000E-7	2.620806E-3
1.393500E-7	2.589973E-3
1.394000E-7	2.524881E-3
1.394500E-7	2.442659E-3
1.395000E-7	2.363863E-3
1.395500E-7	2.267938E-3
1.396000E-7	2.134328E-3
1.396500E-7	2.002431E-3
1.397000E-7	1.882524E-3
1.397500E-7	1.742062E-3
1.398000E-7	1.605026E-3
1.398500E-7	1.507388E-3
1.399000E-7	1.438870E-3
1.399500E-7	1.409750E-3
1.400000E-7	1.413176E-3
1.400500E-7	1.433731E-3
1.401000E-7	1.466278E-3
1.401500E-7	1.539934E-3
1.402000E-7	1.625582E-3
1.402500E-7	1.676970E-3
1.403000E-7	1.726646E-3
1.403500E-7	1.819145E-3
1.404000E-7	1.915070E-3
1.404500E-7	1.983588E-3
1.405000E-7	2.081227E-3
1.405500E-7	2.204559E-3
1.406000E-7	2.276503E-3
1.406500E-7	2.295345E-3
1.407000E-7	2.297058E-3
1.407500E-7	2.269651E-3
1.408000E-7	2.201133E-3
1.408500E-7	2.108634E-3
1.409000E-7	2.024699E-3
1.409500E-7	1.968172E-3
1.410000E-7	1.963033E-3
1.410500E-7	2.012709E-3
1.411000E-7	2.108634E-3
1.411500E-7	2.245670E-3
1.412000E-7	2.423817E-3
1.412500E-7	2.644787E-3
1.413000E-7	2.867471E-3
1.413500E-7	3.028488E-3
1.414000E-7	3.115848E-3
1.414500E-7	3.153533E-3
1.415000E-7	3.153533E-3
1.415500E-7	3.079876E-3
1.416000E-7	2.942840E-3
1.416500E-7	2.798953E-3
1.417000E-7	2.663630E-3
1.417500E-7	2.504325E-3
1.418000E-7	2.326178E-3
1.418500E-7	2.161735E-3
1.419000E-7	2.017847E-3
1.419500E-7	1.889376E-3
1.420000E-7	1.786599E-3
1.420500E-7	1.699239E-3
1.421000E-7	1.623869E-3
1.421500E-7	1.591323E-3
1.422000E-7	1.603314E-3
1.422500E-7	1.656415E-3
1.423000E-7	1.766044E-3
1.423500E-7	1.937339E-3
1.424000E-7	2.125763E-3
1.424500E-7	2.295345E-3
1.425000E-7	2.444372E-3
1.425500E-7	2.571130E-3
1.426000E-7	2.668768E-3
1.426500E-7	2.706453E-3
1.427000E-7	2.694463E-3
1.427500E-7	2.649926E-3
1.428000E-7	2.589973E-3
1.428500E-7	2.485483E-3
1.429000E-7	2.350160E-3
1.429500E-7	2.252522E-3
1.430000E-7	2.192568E-3
1.430500E-7	2.101782E-3
1.431000E-7	1.973311E-3
1.431500E-7	1.889376E-3
1.432000E-7	1.880811E-3
1.432500E-7	1.913358E-3
1.433000E-7	1.978450E-3
1.433500E-7	2.082940E-3
1.434000E-7	2.204559E-3
1.434500E-7	2.338169E-3
1.435000E-7	2.480344E-3
1.435500E-7	2.607102E-3
1.436000E-7	2.697889E-3
1.436500E-7	2.786962E-3
1.437000E-7	2.872610E-3
1.437500E-7	2.900017E-3
1.438000E-7	2.864045E-3
1.438500E-7	2.843489E-3
1.439000E-7	2.838351E-3
1.439500E-7	2.793814E-3
1.440000E-7	2.728722E-3
1.440500E-7	2.699602E-3
1.441000E-7	2.696176E-3
1.441500E-7	2.692750E-3
1.442000E-7	2.699602E-3
1.442500E-7	2.720157E-3
1.443000E-7	2.725296E-3
1.443500E-7	2.715018E-3
1.444000E-7	2.682472E-3
1.444500E-7	2.607102E-3
1.445000E-7	2.482057E-3
1.445500E-7	2.339882E-3
1.446000E-7	2.202846E-3
1.446500E-7	2.067523E-3
1.447000E-7	1.935626E-3
1.447500E-7	1.844839E-3
1.448000E-7	1.824284E-3
1.448500E-7	1.875673E-3
1.449000E-7	1.947617E-3
1.449500E-7	2.007570E-3
1.450000E-7	2.091504E-3
1.450500E-7	2.185717E-3
1.451000E-7	2.235392E-3
1.451500E-7	2.254235E-3
1.452000E-7	2.276503E-3
1.452500E-7	2.266225E-3
1.453000E-7	2.182291E-3
1.453500E-7	2.093217E-3
1.454000E-7	2.028125E-3
1.454500E-7	1.964746E-3
1.455000E-7	1.915070E-3
1.455500E-7	1.925348E-3
1.456000E-7	1.966459E-3
1.456500E-7	2.028125E-3
1.457000E-7	2.120624E-3
1.457500E-7	2.197707E-3
1.458000E-7	2.237105E-3
1.458500E-7	2.237105E-3
1.459000E-7	2.226827E-3
1.459500E-7	2.209698E-3
1.460000E-7	2.180578E-3
1.460500E-7	2.125763E-3
1.461000E-7	2.048681E-3
1.461500E-7	1.964746E-3
1.462000E-7	1.880811E-3
1.462500E-7	1.783173E-3
1.463000E-7	1.697526E-3
1.463500E-7	1.678683E-3
1.464000E-7	1.694100E-3
1.464500E-7	1.700952E-3
1.465000E-7	1.707803E-3
1.465500E-7	1.731785E-3
1.466000E-7	1.738637E-3
1.466500E-7	1.730072E-3
1.467000E-7	1.743775E-3
1.467500E-7	1.776321E-3
1.468000E-7	1.812293E-3
1.468500E-7	1.868821E-3
1.469000E-7	1.920209E-3
1.469500E-7	1.954468E-3
1.470000E-7	1.992153E-3
1.470500E-7	2.086365E-3
1.471000E-7	2.264512E-3
1.471500E-7	2.497473E-3
1.472000E-7	2.706453E-3
1.472500E-7	2.860619E-3
1.473000E-7	2.973674E-3
1.473500E-7	3.018210E-3
1.474000E-7	2.970248E-3
1.474500E-7	2.840063E-3
1.475000E-7	2.706453E-3
1.475500E-7	2.579695E-3
1.476000E-7	2.447798E-3
1.476500E-7	2.322753E-3
1.477000E-7	2.213124E-3
1.477500E-7	2.130902E-3
1.478000E-7	2.086365E-3
1.478500E-7	2.077801E-3
1.479000E-7	2.088078E-3
1.479500E-7	2.118912E-3
1.480000E-7	2.173726E-3
1.480500E-7	2.231966E-3
1.481000E-7	2.273077E-3
1.481500E-7	2.303910E-3
1.482000E-7	2.310762E-3
1.482500E-7	2.261086E-3
1.483000E-7	2.182291E-3
1.483500E-7	2.120624E-3
1.484000E-7	2.094930E-3
1.484500E-7	2.100069E-3
1.485000E-7	2.117199E-3
1.485500E-7	2.130902E-3
1.486000E-7	2.129189E-3
1.486500E-7	2.124050E-3
1.487000E-7	2.125763E-3
1.487500E-7	2.165161E-3
1.488000E-7	2.219976E-3
1.488500E-7	2.257660E-3
1.489000E-7	2.273077E-3
1.489500E-7	2.276503E-3
1.490000E-7	2.267938E-3
1.490500E-7	2.283355E-3
1.491000E-7	2.357012E-3
1.491500E-7	2.476918E-3
1.492000E-7	2.596825E-3
1.492500E-7	2.697889E-3
1.493000E-7	2.786962E-3
1.493500E-7	2.850341E-3
1.494000E-7	2.872610E-3
1.494500E-7	2.848628E-3
1.495000E-7	2.774971E-3
1.495500E-7	2.641361E-3
1.496000E-7	2.470066E-3
1.496500E-7	2.290207E-3
1.497000E-7	2.120624E-3
1.497500E-7	1.968172E-3
1.498000E-7	1.855117E-3
1.498500E-7	1.837988E-3
1.499000E-7	1.868821E-3
1.499500E-7	1.915070E-3
1.500000E-7	2.002431E-3
1.500500E-7	2.148032E-3
1.501000E-7	2.271364E-3
1.501500E-7	2.333030E-3
1.502000E-7	2.389558E-3
1.502500E-7	2.446085E-3
1.503000E-7	2.451224E-3
1.503500E-7	2.408400E-3
1.504000E-7	2.360437E-3
1.504500E-7	2.271364E-3
1.505000E-7	2.163448E-3
1.505500E-7	2.103495E-3
1.506000E-7	2.086365E-3
1.506500E-7	2.043542E-3
1.507000E-7	2.010996E-3
1.507500E-7	2.064097E-3
1.508000E-7	2.172013E-3
1.508500E-7	2.274790E-3
1.509000E-7	2.339882E-3
1.509500E-7	2.363863E-3
1.510000E-7	2.367289E-3
1.510500E-7	2.369002E-3
1.511000E-7	2.339882E-3
1.511500E-7	2.267938E-3
1.512000E-7	2.206272E-3
1.512500E-7	2.192568E-3
1.513000E-7	2.195994E-3
1.513500E-7	2.194281E-3
1.514000E-7	2.218263E-3
1.514500E-7	2.286781E-3
1.515000E-7	2.351873E-3
1.515500E-7	2.399835E-3
1.516000E-7	2.442659E-3
1.516500E-7	2.480344E-3
1.517000E-7	2.482057E-3
1.517500E-7	2.447798E-3
1.518000E-7	2.389558E-3
1.518500E-7	2.309049E-3
1.519000E-7	2.221689E-3
1.519500E-7	2.125763E-3
1.520000E-7	2.055532E-3
1.520500E-7	1.993866E-3
1.521000E-7	1.949329E-3
1.521500E-7	1.944191E-3
1.522000E-7	2.014422E-3
1.522500E-7	2.139467E-3
1.523000E-7	2.285068E-3
1.523500E-7	2.452937E-3
1.524000E-7	2.636222E-3
1.524500E-7	2.788675E-3
1.525000E-7	2.882887E-3
1.525500E-7	2.939415E-3
1.526000E-7	2.978812E-3
1.526500E-7	3.004507E-3
1.527000E-7	3.002794E-3
1.527500E-7	2.946266E-3
1.528000E-7	2.853767E-3
1.528500E-7	2.735574E-3
1.529000E-7	2.569417E-3
1.529500E-7	2.358725E-3
1.530000E-7	2.189142E-3
1.530500E-7	2.088078E-3
1.531000E-7	1.995579E-3
1.531500E-7	1.901367E-3
1.532000E-7	1.861969E-3
1.532500E-7	1.848265E-3
1.533000E-7	1.851691E-3
1.533500E-7	1.911645E-3
1.534000E-7	2.016135E-3
1.534500E-7	2.110347E-3
1.535000E-7	2.184004E-3
1.535500E-7	2.266225E-3
1.536000E-7	2.336456E-3
1.536500E-7	2.382706E-3
1.537000E-7	2.406687E-3
1.537500E-7	2.427243E-3
1.538000E-7	2.442659E-3
1.538500E-7	2.466640E-3
1.539000E-7	2.480344E-3
1.539500E-7	2.466640E-3
1.540000E-7	2.437520E-3
1.540500E-7	2.401548E-3
1.541000E-7	2.380993E-3
1.541500E-7	2.401548E-3
1.542000E-7	2.485483E-3
1.542500E-7	2.579695E-3
1.543000E-7	2.613954E-3
1.543500E-7	2.631084E-3
1.544000E-7	2.673907E-3
1.544500E-7	2.685898E-3
1.545000E-7	2.637935E-3
1.545500E-7	2.593399E-3
1.546000E-7	2.571130E-3
1.546500E-7	2.495761E-3
1.547000E-7	2.372428E-3
1.547500E-7	2.250809E-3
1.548000E-7	2.149745E-3
1.548500E-7	2.077801E-3
1.549000E-7	2.065810E-3
1.549500E-7	2.108634E-3
1.550000E-7	2.177152E-3
1.550500E-7	2.267938E-3
1.551000E-7	2.372428E-3
1.551500E-7	2.476918E-3
1.552000E-7	2.589973E-3
1.552500E-7	2.715018E-3
1.553000E-7	2.845202E-3
1.553500E-7	2.942840E-3
1.554000E-7	2.958257E-3
1.554500E-7	2.910294E-3
1.555000E-7	2.862332E-3
1.555500E-7	2.812656E-3
1.556000E-7	2.699602E-3
1.556500E-7	2.521455E-3
1.557000E-7	2.355299E-3
1.557500E-7	2.192568E-3
1.558000E-7	1.997292E-3
1.558500E-7	1.831136E-3
1.559000E-7	1.735211E-3
1.559500E-7	1.683822E-3
1.560000E-7	1.680396E-3
1.560500E-7	1.730072E-3
1.561000E-7	1.822571E-3
1.561500E-7	1.915070E-3
1.562000E-7	2.019560E-3
1.562500E-7	2.153171E-3
1.563000E-7	2.305623E-3
1.563500E-7	2.434094E-3
1.564000E-7	2.535158E-3
1.564500E-7	2.620806E-3
1.565000E-7	2.687611E-3
1.565500E-7	2.687611E-3
1.566000E-7	2.643074E-3
1.566500E-7	2.596825E-3
1.567000E-7	2.547149E-3
1.567500E-7	2.468353E-3
1.568000E-7	2.391271E-3
1.568500E-7	2.357012E-3
1.569000E-7	2.363863E-3
1.569500E-7	2.363863E-3
1.570000E-7	2.365576E-3
1.570500E-7	2.387845E-3
1.571000E-7	2.435807E-3
1.571500E-7	2.495761E-3
1.572000E-7	2.562566E-3
1.572500E-7	2.612241E-3
1.573000E-7	2.596825E-3
1.573500E-7	2.536871E-3
1.574000E-7	2.468353E-3
1.574500E-7	2.413539E-3
1.575000E-7	2.382706E-3
1.575500E-7	2.362150E-3
1.576000E-7	2.333030E-3
1.576500E-7	2.302197E-3
1.577000E-7	2.302197E-3
1.577500E-7	2.310762E-3
1.578000E-7	2.297058E-3
1.578500E-7	2.254235E-3
1.579000E-7	2.172013E-3
1.579500E-7	2.052106E-3
1.580000E-7	1.925348E-3
1.580500E-7	1.814006E-3
1.581000E-7	1.704378E-3
1.581500E-7	1.594749E-3
1.582000E-7	1.539934E-3
1.582500E-7	1.567342E-3
1.583000E-7	1.622156E-3
1.583500E-7	1.702665E-3
1.584000E-7	1.836275E-3
1.584500E-7	2.009283E-3
1.585000E-7	2.175439E-3
1.585500E-7	2.300484E-3
1.586000E-7	2.418678E-3
1.586500E-7	2.543723E-3
1.587000E-7	2.629371E-3
1.587500E-7	2.639648E-3
1.588000E-7	2.576269E-3
1.588500E-7	2.447798E-3
1.589000E-7	2.278216E-3
1.589500E-7	2.125763E-3
1.590000E-7	2.033264E-3
1.590500E-7	1.983588E-3
1.591000E-7	1.951042E-3
1.591500E-7	1.908219E-3
1.592000E-7	1.867108E-3
1.592500E-7	1.851691E-3
1.593000E-7	1.858543E-3
1.593500E-7	1.861969E-3
1.594000E-7	1.858543E-3
1.594500E-7	1.870534E-3
1.595000E-7	1.885950E-3
1.595500E-7	1.894515E-3
1.596000E-7	1.911645E-3
1.596500E-7	1.930487E-3
1.597000E-7	1.923635E-3
1.597500E-7	1.903080E-3
1.598000E-7	1.903080E-3
1.598500E-7	1.923635E-3
1.599000E-7	1.939052E-3
1.599500E-7	1.956181E-3
1.600000E-7	1.999005E-3
1.600500E-7	2.050394E-3
1.601000E-7	2.108634E-3
1.601500E-7	2.160022E-3
1.602000E-7	2.201133E-3
1.602500E-7	2.230253E-3
1.603000E-7	2.243957E-3
1.603500E-7	2.226827E-3
1.604000E-7	2.173726E-3
1.604500E-7	2.106921E-3
1.605000E-7	2.060671E-3
1.605500E-7	1.985301E-3
1.606000E-7	1.879099E-3
1.606500E-7	1.812293E-3
1.607000E-7	1.790025E-3
1.607500E-7	1.778034E-3
1.608000E-7	1.783173E-3
1.608500E-7	1.846552E-3
1.609000E-7	1.952755E-3
1.609500E-7	2.060671E-3
1.610000E-7	2.168587E-3
1.610500E-7	2.278216E-3
1.611000E-7	2.387845E-3
1.611500E-7	2.521455E-3
1.612000E-7	2.675620E-3
1.612500E-7	2.845202E-3
1.613000E-7	2.995942E-3
1.613500E-7	3.079876E-3
1.614000E-7	3.093580E-3
1.614500E-7	3.074738E-3
1.615000E-7	3.050756E-3
1.615500E-7	3.042192E-3
1.616000E-7	3.038766E-3
1.616500E-7	3.014784E-3
1.617000E-7	2.982238E-3
1.617500E-7	2.968535E-3
1.618000E-7	2.937702E-3
1.618500E-7	2.855480E-3
1.619000E-7	2.768120E-3
1.619500E-7	2.697889E-3
1.620000E-7	2.617380E-3
1.620500E-7	2.571130E-3
1.621000E-7	2.595112E-3
1.621500E-7	2.619093E-3
1.622000E-7	2.583121E-3
1.622500E-7	2.557427E-3
1.623000E-7	2.598538E-3
1.623500E-7	2.637935E-3
1.624000E-7	2.632797E-3
1.624500E-7	2.627658E-3
1.625000E-7	2.649926E-3
1.625500E-7	2.627658E-3
1.626000E-7	2.559140E-3
1.626500E-7	2.504325E-3
1.627000E-7	2.456363E-3
1.627500E-7	2.384419E-3
1.628000E-7	2.322753E-3
1.628500E-7	2.288494E-3
1.629000E-7	2.257660E-3
1.629500E-7	2.237105E-3
1.630000E-7	2.249096E-3
1.630500E-7	2.279929E-3
1.631000E-7	2.338169E-3
1.631500E-7	2.428955E-3
1.632000E-7	2.482057E-3
1.632500E-7	2.451224E-3
1.633000E-7	2.391271E-3
1.633500E-7	2.351873E-3
1.634000E-7	2.295345E-3
1.634500E-7	2.216550E-3
1.635000E-7	2.154883E-3
1.635500E-7	2.096643E-3
1.636000E-7	2.021273E-3
1.636500E-7	1.969885E-3
1.637000E-7	1.968172E-3
1.637500E-7	1.990440E-3
1.638000E-7	2.026412E-3
1.638500E-7	2.115486E-3
1.639000E-7	2.237105E-3
1.639500E-7	2.327891E-3
1.640000E-7	2.384419E-3
1.640500E-7	2.446085E-3
1.641000E-7	2.476918E-3
1.641500E-7	2.458076E-3
1.642000E-7	2.422104E-3
1.642500E-7	2.377567E-3
1.643000E-7	2.267938E-3
1.643500E-7	2.115486E-3
1.644000E-7	2.004144E-3
1.644500E-7	1.928774E-3
1.645000E-7	1.851691E-3
1.645500E-7	1.776321E-3
1.646000E-7	1.723220E-3
1.646500E-7	1.688961E-3
1.647000E-7	1.666693E-3
1.647500E-7	1.683822E-3
1.648000E-7	1.748914E-3
1.648500E-7	1.873960E-3
1.649000E-7	2.041829E-3
1.649500E-7	2.206272E-3
1.650000E-7	2.341595E-3
1.650500E-7	2.466640E-3
1.651000E-7	2.593399E-3
1.651500E-7	2.656778E-3
1.652000E-7	2.679046E-3
1.652500E-7	2.713305E-3
1.653000E-7	2.730435E-3
1.653500E-7	2.668768E-3
1.654000E-7	2.554001E-3
1.654500E-7	2.428955E-3
1.655000E-7	2.262799E-3
1.655500E-7	2.096643E-3
1.656000E-7	2.009283E-3
1.656500E-7	1.968172E-3
1.657000E-7	1.942478E-3
1.657500E-7	1.988727E-3
1.658000E-7	2.113773E-3
1.658500E-7	2.231966E-3
1.659000E-7	2.350160E-3
1.659500E-7	2.528307E-3
1.660000E-7	2.721870E-3
1.660500E-7	2.872610E-3
1.661000E-7	3.009646E-3
1.661500E-7	3.126126E-3
1.662000E-7	3.141543E-3
1.662500E-7	3.062747E-3
1.663000E-7	2.922285E-3
1.663500E-7	2.742425E-3
1.664000E-7	2.588260E-3
1.664500E-7	2.485483E-3
1.665000E-7	2.401548E-3
1.665500E-7	2.297058E-3
1.666000E-7	2.199420E-3
1.666500E-7	2.136041E-3
1.667000E-7	2.113773E-3
1.667500E-7	2.108634E-3
1.668000E-7	2.106921E-3
1.668500E-7	2.124050E-3
1.669000E-7	2.189142E-3
1.669500E-7	2.225114E-3
1.670000E-7	2.192568E-3
1.670500E-7	2.177152E-3
1.671000E-7	2.206272E-3
1.671500E-7	2.199420E-3
1.672000E-7	2.139467E-3
1.672500E-7	2.139467E-3
1.673000E-7	2.202846E-3
1.673500E-7	2.237105E-3
1.674000E-7	2.250809E-3
1.674500E-7	2.307336E-3
1.675000E-7	2.396409E-3
1.675500E-7	2.449511E-3
1.676000E-7	2.456363E-3
1.676500E-7	2.451224E-3
1.677000E-7	2.408400E-3
1.677500E-7	2.312475E-3
1.678000E-7	2.214837E-3
1.678500E-7	2.175439E-3
1.679000E-7	2.180578E-3
1.679500E-7	2.161735E-3
1.680000E-7	2.120624E-3
1.680500E-7	2.118912E-3
1.681000E-7	2.158309E-3
1.681500E-7	2.201133E-3
1.682000E-7	2.259373E-3
1.682500E-7	2.350160E-3
1.683000E-7	2.456363E-3
1.683500E-7	2.538584E-3
1.684000E-7	2.617380E-3
1.684500E-7	2.709879E-3
1.685000E-7	2.790388E-3
1.685500E-7	2.828073E-3
1.686000E-7	2.860619E-3
1.686500E-7	2.900017E-3
1.687000E-7	2.903443E-3
1.687500E-7	2.846915E-3
1.688000E-7	2.756129E-3
1.688500E-7	2.629371E-3
1.689000E-7	2.451224E-3
1.689500E-7	2.283355E-3
1.690000E-7	2.194281E-3
1.690500E-7	2.185717E-3
1.691000E-7	2.214837E-3
1.691500E-7	2.267938E-3
1.692000E-7	2.346734E-3
1.692500E-7	2.440946E-3
1.693000E-7	2.509464E-3
1.693500E-7	2.552288E-3
1.694000E-7	2.610528E-3
1.694500E-7	2.670481E-3
1.695000E-7	2.684185E-3
1.695500E-7	2.617380E-3
1.696000E-7	2.514603E-3
1.696500E-7	2.406687E-3
1.697000E-7	2.291919E-3
1.697500E-7	2.163448E-3
1.698000E-7	2.045255E-3
1.698500E-7	1.964746E-3
1.699000E-7	1.933913E-3
1.699500E-7	1.930487E-3
1.700000E-7	1.949329E-3
1.700500E-7	2.019560E-3
1.701000E-7	2.137754E-3
1.701500E-7	2.264512E-3
1.702000E-7	2.392984E-3
1.702500E-7	2.524881E-3
1.703000E-7	2.643074E-3
1.703500E-7	2.721870E-3
1.704000E-7	2.774971E-3
1.704500E-7	2.810943E-3
1.705000E-7	2.793814E-3
1.705500E-7	2.692750E-3
1.706000E-7	2.567704E-3
1.706500E-7	2.463214E-3
1.707000E-7	2.401548E-3
1.707500E-7	2.372428E-3
1.708000E-7	2.360437E-3
1.708500E-7	2.343308E-3
1.709000E-7	2.333030E-3
1.709500E-7	2.362150E-3
1.710000E-7	2.427243E-3
1.710500E-7	2.509464E-3
1.711000E-7	2.644787E-3
1.711500E-7	2.814369E-3
1.712000E-7	2.927424E-3
1.712500E-7	2.961683E-3
1.713000E-7	2.966822E-3
1.713500E-7	2.944553E-3
1.714000E-7	2.872610E-3
1.714500E-7	2.785249E-3
1.715000E-7	2.706453E-3
1.715500E-7	2.627658E-3
1.716000E-7	2.545436E-3
1.716500E-7	2.482057E-3
1.717000E-7	2.449511E-3
1.717500E-7	2.442659E-3
1.718000E-7	2.452937E-3
1.718500E-7	2.451224E-3
1.719000E-7	2.425530E-3
1.719500E-7	2.363863E-3
1.720000E-7	2.276503E-3
1.720500E-7	2.177152E-3
1.721000E-7	2.052106E-3
1.721500E-7	1.901367E-3
1.722000E-7	1.776321E-3
1.722500E-7	1.692387E-3
1.723000E-7	1.629008E-3
1.723500E-7	1.567342E-3
1.724000E-7	1.514240E-3
1.724500E-7	1.478268E-3
1.725000E-7	1.469703E-3
1.725500E-7	1.503962E-3
1.726000E-7	1.598175E-3
1.726500E-7	1.714655E-3
1.727000E-7	1.820858E-3
1.727500E-7	1.901367E-3
1.728000E-7	1.968172E-3
1.728500E-7	2.070949E-3
1.729000E-7	2.202846E-3
1.729500E-7	2.346734E-3
1.730000E-7	2.511177E-3
1.730500E-7	2.696176E-3
1.731000E-7	2.834925E-3
1.731500E-7	2.877748E-3
1.732000E-7	2.860619E-3
1.732500E-7	2.812656E-3
1.733000E-7	2.735574E-3
1.733500E-7	2.634509E-3
1.734000E-7	2.504325E-3
1.734500E-7	2.370715E-3
1.735000E-7	2.247383E-3
1.735500E-7	2.122337E-3
1.736000E-7	1.968172E-3
1.736500E-7	1.802016E-3
1.737000E-7	1.654702E-3
1.737500E-7	1.563916E-3
1.738000E-7	1.545073E-3
1.738500E-7	1.546786E-3
1.739000E-7	1.543360E-3
1.739500E-7	1.582758E-3
1.740000E-7	1.692387E-3
1.740500E-7	1.814006E-3
1.741000E-7	1.918496E-3
1.741500E-7	2.009283E-3
1.742000E-7	2.072662E-3
1.742500E-7	2.096643E-3
1.743000E-7	2.098356E-3
1.743500E-7	2.045255E-3
1.744000E-7	1.932200E-3
1.744500E-7	1.817432E-3
1.745000E-7	1.745488E-3
1.745500E-7	1.676970E-3
1.746000E-7	1.615304E-3
1.746500E-7	1.603314E-3
1.747000E-7	1.637573E-3
1.747500E-7	1.709516E-3
1.748000E-7	1.848265E-3
1.748500E-7	2.043542E-3
1.749000E-7	2.262799E-3
1.749500E-7	2.499186E-3
1.750000E-7	2.728722E-3
1.750500E-7	2.896591E-3
1.751000E-7	3.013071E-3
1.751500E-7	3.081589E-3
1.752000E-7	3.052469E-3
1.752500E-7	2.896591E-3
1.753000E-7	2.663630E-3
1.753500E-7	2.416965E-3
1.754000E-7	2.187430E-3
1.754500E-7	2.016135E-3
1.755000E-7	1.933913E-3
1.755500E-7	1.894515E-3
1.756000E-7	1.877386E-3
1.756500E-7	1.913358E-3
1.757000E-7	2.014422E-3
1.757500E-7	2.129189E-3
1.758000E-7	2.250809E-3
1.758500E-7	2.380993E-3
1.759000E-7	2.487196E-3
1.759500E-7	2.538584E-3
1.760000E-7	2.567704E-3
1.760500E-7	2.589973E-3
1.761000E-7	2.574556E-3
1.761500E-7	2.500899E-3
1.762000E-7	2.408400E-3
1.762500E-7	2.329604E-3
1.763000E-7	2.281642E-3
1.763500E-7	2.261086E-3
1.764000E-7	2.261086E-3
1.764500E-7	2.259373E-3
1.765000E-7	2.252522E-3
1.765500E-7	2.261086E-3
1.766000E-7	2.264512E-3
1.766500E-7	2.269651E-3
1.767000E-7	2.262799E-3
1.767500E-7	2.250809E-3
1.768000E-7	2.235392E-3
1.768500E-7	2.192568E-3
1.769000E-7	2.139467E-3
1.769500E-7	2.093217E-3
1.770000E-7	2.065810E-3
1.770500E-7	2.060671E-3
1.771000E-7	2.086365E-3
1.771500E-7	2.132615E-3
1.772000E-7	2.148032E-3
1.772500E-7	2.129189E-3
1.773000E-7	2.105208E-3
1.773500E-7	2.101782E-3
1.774000E-7	2.106921E-3
1.774500E-7	2.134328E-3
1.775000E-7	2.175439E-3
1.775500E-7	2.219976E-3
1.776000E-7	2.269651E-3
1.776500E-7	2.303910E-3
1.777000E-7	2.307336E-3
1.777500E-7	2.303910E-3
1.778000E-7	2.343308E-3
1.778500E-7	2.428955E-3
1.779000E-7	2.516316E-3
1.779500E-7	2.586547E-3
1.780000E-7	2.624232E-3
1.780500E-7	2.613954E-3
1.781000E-7	2.548862E-3
1.781500E-7	2.459789E-3
1.782000E-7	2.367289E-3
1.782500E-7	2.259373E-3
1.783000E-7	2.122337E-3
1.783500E-7	1.990440E-3
1.784000E-7	1.889376E-3
1.784500E-7	1.810580E-3
1.785000E-7	1.743775E-3
1.785500E-7	1.687248E-3
1.786000E-7	1.664980E-3
1.786500E-7	1.712942E-3
1.787000E-7	1.776321E-3
1.787500E-7	1.798590E-3
1.788000E-7	1.827710E-3
1.788500E-7	1.894515E-3
1.789000E-7	1.927061E-3
1.789500E-7	1.915070E-3
1.790000E-7	1.918496E-3
1.790500E-7	1.911645E-3
1.791000E-7	1.853404E-3
1.791500E-7	1.812293E-3
1.792000E-7	1.832849E-3
1.792500E-7	1.870534E-3
1.793000E-7	1.942478E-3
1.793500E-7	2.048681E-3
1.794000E-7	2.125763E-3
1.794500E-7	2.197707E-3
1.795000E-7	2.333030E-3
1.795500E-7	2.471779E-3
1.796000E-7	2.536871E-3
1.796500E-7	2.598538E-3
1.797000E-7	2.684185E-3
1.797500E-7	2.679046E-3
1.798000E-7	2.574556E-3
1.798500E-7	2.463214E-3
1.799000E-7	2.333030E-3
1.799500E-7	2.158309E-3
1.800000E-7	1.997292E-3
1.800500E-7	1.904793E-3
1.801000E-7	1.861969E-3
1.801500E-7	1.832849E-3
1.802000E-7	1.834562E-3
1.802500E-7	1.872247E-3
1.803000E-7	1.954468E-3
1.803500E-7	2.096643E-3
1.804000E-7	2.273077E-3
1.804500E-7	2.434094E-3
1.805000E-7	2.598538E-3
1.805500E-7	2.752703E-3
1.806000E-7	2.862332E-3
1.806500E-7	2.912007E-3
1.807000E-7	2.912007E-3
1.807500E-7	2.841776E-3
1.808000E-7	2.673907E-3
1.808500E-7	2.456363E-3
1.809000E-7	2.266225E-3
1.809500E-7	2.100069E-3
1.810000E-7	1.913358E-3
1.810500E-7	1.718081E-3
1.811000E-7	1.574193E-3
1.811500E-7	1.481694E-3
1.812000E-7	1.442296E-3
1.812500E-7	1.495398E-3
1.813000E-7	1.627295E-3
1.813500E-7	1.767757E-3
1.814000E-7	1.863682E-3
1.814500E-7	1.957894E-3
1.815000E-7	2.058958E-3
1.815500E-7	2.122337E-3
1.816000E-7	2.141180E-3
1.816500E-7	2.158309E-3
1.817000E-7	2.201133E-3
1.817500E-7	2.247383E-3
1.818000E-7	2.264512E-3
1.818500E-7	2.255948E-3
1.819000E-7	2.243957E-3
1.819500E-7	2.252522E-3
1.820000E-7	2.269651E-3
1.820500E-7	2.290207E-3
1.821000E-7	2.331317E-3
1.821500E-7	2.374141E-3
1.822000E-7	2.387845E-3
1.822500E-7	2.357012E-3
1.823000E-7	2.302197E-3
1.823500E-7	2.223401E-3
1.824000E-7	2.130902E-3
1.824500E-7	2.050394E-3
1.825000E-7	1.981876E-3
1.825500E-7	1.896228E-3
1.826000E-7	1.808868E-3
1.826500E-7	1.759192E-3
1.827000E-7	1.757479E-3
1.827500E-7	1.814006E-3
1.828000E-7	1.901367E-3
1.828500E-7	1.975024E-3
1.829000E-7	2.033264E-3
1.829500E-7	2.074375E-3
1.830000E-7	2.067523E-3
1.830500E-7	2.057245E-3
1.831000E-7	2.060671E-3
1.831500E-7	2.069236E-3
1.832000E-7	2.079514E-3
1.832500E-7	2.118912E-3
1.833000E-7	2.207985E-3
1.833500E-7	2.353586E-3
1.834000E-7	2.507751E-3
1.834500E-7	2.637935E-3
1.835000E-7	2.730435E-3
1.835500E-7	2.776684E-3
1.836000E-7	2.764694E-3
1.836500E-7	2.721870E-3
1.837000E-7	2.667056E-3
1.837500E-7	2.557427E-3
1.838000E-7	2.391271E-3
1.838500E-7	2.233679E-3
1.839000E-7	2.086365E-3
1.839500E-7	1.896228E-3
1.840000E-7	1.721507E-3
1.840500E-7	1.606739E-3
1.841000E-7	1.521092E-3
1.841500E-7	1.459426E-3
1.842000E-7	1.467990E-3
1.842500E-7	1.517666E-3
1.843000E-7	1.560490E-3
1.843500E-7	1.606739E-3
1.844000E-7	1.651276E-3
1.844500E-7	1.688961E-3
1.845000E-7	1.764331E-3
1.845500E-7	1.873960E-3
1.846000E-7	1.987014E-3
1.846500E-7	2.118912E-3
1.847000E-7	2.286781E-3
1.847500E-7	2.434094E-3
1.848000E-7	2.483770E-3
1.848500E-7	2.464927E-3
1.849000E-7	2.437520E-3
1.849500E-7	2.399835E-3
1.850000E-7	2.341595E-3
1.850500E-7	2.262799E-3
1.851000E-7	2.202846E-3
1.851500E-7	2.144606E-3
1.852000E-7	2.046968E-3
1.852500E-7	1.904793E-3
1.853000E-7	1.730072E-3
1.853500E-7	1.560490E-3
1.854000E-7	1.462852E-3
1.854500E-7	1.479981E-3
1.855000E-7	1.555351E-3
1.855500E-7	1.637573E-3
1.856000E-7	1.740350E-3
1.856500E-7	1.873960E-3
1.857000E-7	2.009283E-3
1.857500E-7	2.158309E-3
1.858000E-7	2.327891E-3
1.858500E-7	2.480344E-3
1.859000E-7	2.591686E-3
1.859500E-7	2.697889E-3
1.860000E-7	2.788675E-3
1.860500E-7	2.783536E-3
1.861000E-7	2.687611E-3
1.861500E-7	2.565991E-3
1.862000E-7	2.422104E-3
1.862500E-7	2.254235E-3
1.863000E-7	2.084653E-3
1.863500E-7	1.944191E-3
1.864000E-7	1.834562E-3
1.864500E-7	1.781460E-3
1.865000E-7	1.803729E-3
1.865500E-7	1.843127E-3
1.866000E-7	1.873960E-3
1.866500E-7	1.957894E-3
1.867000E-7	2.076088E-3
1.867500E-7	2.163448E-3
1.868000E-7	2.240531E-3
1.868500E-7	2.360437E-3
1.869000E-7	2.492335E-3
1.869500E-7	2.554001E-3
1.870000E-7	2.554001E-3
1.870500E-7	2.545436E-3
1.871000E-7	2.528307E-3
1.871500E-7	2.500899E-3
1.872000E-7	2.476918E-3
1.872500E-7	2.473492E-3
1.873000E-7	2.473492E-3
1.873500E-7	2.466640E-3
1.874000E-7	2.495761E-3
1.874500E-7	2.595112E-3
1.875000E-7	2.697889E-3
1.875500E-7	2.750990E-3
1.876000E-7	2.768120E-3
1.876500E-7	2.778397E-3
1.877000E-7	2.756129E-3
1.877500E-7	2.697889E-3
1.878000E-7	2.610528E-3
1.878500E-7	2.533445E-3
1.879000E-7	2.464927E-3
1.879500E-7	2.386132E-3
1.880000E-7	2.302197E-3
1.880500E-7	2.221689E-3
1.881000E-7	2.160022E-3
1.881500E-7	2.101782E-3
1.882000E-7	2.088078E-3
1.882500E-7	2.153171E-3
1.883000E-7	2.230253E-3
1.883500E-7	2.245670E-3
1.884000E-7	2.218263E-3
1.884500E-7	2.180578E-3
1.885000E-7	2.094930E-3
1.885500E-7	1.961320E-3
1.886000E-7	1.812293E-3
1.886500E-7	1.670119E-3
1.887000E-7	1.529657E-3
1.887500E-7	1.408037E-3
1.888000E-7	1.354936E-3
1.888500E-7	1.377204E-3
1.889000E-7	1.447435E-3
1.889500E-7	1.551925E-3
1.890000E-7	1.704378E-3
1.890500E-7	1.877386E-3
1.891000E-7	2.021273E-3
1.891500E-7	2.144606E-3
1.892000E-7	2.245670E-3
1.892500E-7	2.297058E-3
1.893000E-7	2.300484E-3
1.893500E-7	2.307336E-3
1.894000E-7	2.339882E-3
1.894500E-7	2.370715E-3
1.895000E-7	2.396409E-3
1.895500E-7	2.423817E-3
1.896000E-7	2.437520E-3
1.896500E-7	2.458076E-3
1.897000E-7	2.470066E-3
1.897500E-7	2.464927E-3
1.898000E-7	2.447798E-3
1.898500E-7	2.435807E-3
1.899000E-7	2.374141E-3
1.899500E-7	2.231966E-3
1.900000E-7	2.072662E-3
1.900500E-7	1.969885E-3
1.901000E-7	1.887663E-3
1.901500E-7	1.810580E-3
1.902000E-7	1.774609E-3
1.902500E-7	1.784886E-3
1.903000E-7	1.808868E-3
1.903500E-7	1.856830E-3
1.904000E-7	1.952755E-3
1.904500E-7	2.045255E-3
1.905000E-7	2.103495E-3
1.905500E-7	2.156596E-3
1.906000E-7	2.202846E-3
1.906500E-7	2.216550E-3
1.907000E-7	2.189142E-3
1.907500E-7	2.141180E-3
1.908000E-7	2.110347E-3
1.908500E-7	2.098356E-3
1.909000E-7	2.072662E-3
1.909500E-7	2.028125E-3
1.910000E-7	2.021273E-3
1.910500E-7	2.082940E-3
1.911000E-7	2.154883E-3
1.911500E-7	2.209698E-3
1.912000E-7	2.261086E-3
1.912500E-7	2.293632E-3
1.913000E-7	2.291919E-3
1.913500E-7	2.288494E-3
1.914000E-7	2.295345E-3
1.914500E-7	2.288494E-3
1.915000E-7	2.283355E-3
1.915500E-7	2.293632E-3
1.916000E-7	2.288494E-3
1.916500E-7	2.264512E-3
1.917000E-7	2.288494E-3
1.917500E-7	2.369002E-3
1.918000E-7	2.442659E-3
1.918500E-7	2.500899E-3
1.919000E-7	2.567704E-3
1.919500E-7	2.612241E-3
1.920000E-7	2.596825E-3
1.920500E-7	2.562566E-3
1.921000E-7	2.536871E-3
1.921500E-7	2.478631E-3
1.922000E-7	2.362150E-3
1.922500E-7	2.237105E-3
1.923000E-7	2.134328E-3
1.923500E-7	2.038403E-3
1.924000E-7	1.921922E-3
1.924500E-7	1.851691E-3
1.925000E-7	1.844839E-3
1.925500E-7	1.846552E-3
1.926000E-7	1.848265E-3
1.926500E-7	1.880811E-3
1.927000E-7	1.923635E-3
1.927500E-7	1.930487E-3
1.928000E-7	1.927061E-3
1.928500E-7	1.973311E-3
1.929000E-7	2.046968E-3
1.929500E-7	2.112060E-3
1.930000E-7	2.195994E-3
1.930500E-7	2.314188E-3
1.931000E-7	2.411826E-3
1.931500E-7	2.458076E-3
1.932000E-7	2.494048E-3
1.932500E-7	2.562566E-3
1.933000E-7	2.627658E-3
1.933500E-7	2.632797E-3
1.934000E-7	2.595112E-3
1.934500E-7	2.562566E-3
1.935000E-7	2.526594E-3
1.935500E-7	2.437520E-3
1.936000E-7	2.327891E-3
1.936500E-7	2.267938E-3
1.937000E-7	2.252522E-3
1.937500E-7	2.245670E-3
1.938000E-7	2.254235E-3
1.938500E-7	2.305623E-3
1.939000E-7	2.372428E-3
1.939500E-7	2.425530E-3
1.940000E-7	2.470066E-3
1.940500E-7	2.506038E-3
1.941000E-7	2.518029E-3
1.941500E-7	2.511177E-3
1.942000E-7	2.506038E-3
1.942500E-7	2.478631E-3
1.943000E-7	2.387845E-3
1.943500E-7	2.254235E-3
1.944000E-7	2.141180E-3
1.944500E-7	2.069236E-3
1.945000E-7	2.012709E-3
1.945500E-7	1.985301E-3
1.946000E-7	2.029838E-3
1.946500E-7	2.149745E-3
1.947000E-7	2.321040E-3
1.947500E-7	2.497473E-3
1.948000E-7	2.658491E-3
1.948500E-7	2.809230E-3
1.949000E-7	2.906869E-3
1.949500E-7	2.922285E-3
1.950000E-7	2.893165E-3
1.950500E-7	2.858906E-3
1.951000E-7	2.790388E-3
1.951500E-7	2.648213E-3
1.952000E-7	2.468353E-3
1.952500E-7	2.310762E-3
1.953000E-7	2.192568E-3
1.953500E-7	2.112060E-3
1.954000E-7	2.077801E-3
1.954500E-7	2.108634E-3
1.955000E-7	2.206272E-3
1.955500E-7	2.358725E-3
1.956000E-7	2.492335E-3
1.956500E-7	2.589973E-3
1.957000E-7	2.675620E-3
1.957500E-7	2.749277E-3
1.958000E-7	2.737286E-3
1.958500E-7	2.641361E-3
1.959000E-7	2.487196E-3
1.959500E-7	2.293632E-3
1.960000E-7	2.084653E-3
1.960500E-7	1.887663E-3
1.961000E-7	1.694100E-3
1.961500E-7	1.529657E-3
1.962000E-7	1.435444E-3
1.962500E-7	1.428593E-3
1.963000E-7	1.474842E-3
1.963500E-7	1.603314E-3
1.964000E-7	1.820858E-3
1.964500E-7	2.052106E-3
1.965000E-7	2.266225E-3
1.965500E-7	2.492335E-3
1.966000E-7	2.677333E-3
1.966500E-7	2.804092E-3
1.967000E-7	2.886313E-3
1.967500E-7	2.903443E-3
1.968000E-7	2.790388E-3
1.968500E-7	2.612241E-3
1.969000E-7	2.442659E-3
1.969500E-7	2.233679E-3
1.970000E-7	1.952755E-3
1.970500E-7	1.736924E-3
1.971000E-7	1.644424E-3
1.971500E-7	1.569055E-3
1.972000E-7	1.491972E-3
1.972500E-7	1.497111E-3
1.973000E-7	1.601601E-3
1.973500E-7	1.738637E-3
1.974000E-7	1.908219E-3
1.974500E-7	2.144606E-3
1.975000E-7	2.401548E-3
1.975500E-7	2.589973E-3
1.976000E-7	2.679046E-3
1.976500E-7	2.685898E-3
1.977000E-7	2.637935E-3
1.977500E-7	2.559140E-3
1.978000E-7	2.495761E-3
1.978500E-7	2.473492E-3
1.979000E-7	2.459789E-3
1.979500E-7	2.401548E-3
1.980000E-7	2.324466E-3
1.980500E-7	2.269651E-3
1.981000E-7	2.233679E-3
1.981500E-7	2.216550E-3
1.982000E-7	2.276503E-3
1.982500E-7	2.411826E-3
1.983000E-7	2.572843E-3
1.983500E-7	2.764694E-3
1.984000E-7	2.975387E-3
1.984500E-7	3.138117E-3
1.985000E-7	3.204922E-3
1.985500E-7	3.186079E-3
1.986000E-7	3.090154E-3
1.986500E-7	2.934276E-3
1.987000E-7	2.756129E-3
1.987500E-7	2.523168E-3
1.988000E-7	2.250809E-3
1.988500E-7	2.014422E-3
1.989000E-7	1.844839E-3
1.989500E-7	1.683822E-3
1.990000E-7	1.548499E-3
1.990500E-7	1.531370E-3
1.991000E-7	1.623869E-3
1.991500E-7	1.755766E-3
1.992000E-7	1.911645E-3
1.992500E-7	2.108634E-3
1.993000E-7	2.321040E-3
1.993500E-7	2.487196E-3
1.994000E-7	2.607102E-3
1.994500E-7	2.692750E-3
1.995000E-7	2.723583E-3
1.995500E-7	2.691037E-3
1.996000E-7	2.613954E-3
1.996500E-7	2.533445E-3
1.997000E-7	2.452937E-3
1.997500E-7	2.374141E-3
1.998000E-7	2.317614E-3
1.998500E-7	2.319327E-3
1.999000E-7	2.377567E-3
1.999500E-7	2.458076E-3
2.000000E-7	2.536871E-3
