Study Name	Tungsten_Kyocera
Sample Name	2024-02-05
Run Name	spot03
Operator	Angus+Samantha
Date	2/5/2024
Time	16:26
Sign	POS
Grating Spacing	03.40um
Channel	3
Number Traces	10000
Files in Batch	1
Batch Number	74
dt	50.000001E-12
time stamp (ms)	5:42:54 PM
	
Time	Amplitude
0.000000E+0	-2.911655E-5
5.000000E-11	-5.994965E-5
1.000000E-10	-1.079123E-4
1.500000E-10	-1.627267E-4
2.000000E-10	-2.072634E-4
2.500000E-10	-2.363835E-4
3.000000E-10	-2.637907E-4
3.500000E-10	-2.929109E-4
4.000000E-10	-3.237440E-4
4.500000E-10	-3.460123E-4
5.000000E-10	-3.477253E-4
5.500000E-10	-3.477253E-4
6.000000E-10	-3.580030E-4
6.500000E-10	-3.717066E-4
7.000000E-10	-3.751325E-4
7.500000E-10	-3.854102E-4
8.000000E-10	-4.076785E-4
8.500000E-10	-4.230951E-4
9.000000E-10	-4.179562E-4
9.500000E-10	-4.025397E-4
1.000000E-9	-3.768454E-4
1.050000E-9	-3.460123E-4
1.100000E-9	-3.083274E-4
1.150000E-9	-2.603648E-4
1.200000E-9	-2.021245E-4
1.250000E-9	-1.421713E-4
1.300000E-9	-8.050505E-5
1.350000E-9	-2.055180E-5
1.400000E-9	2.227195E-5
1.450000E-9	3.768850E-5
1.500000E-9	1.884605E-5
1.550000E-9	-5.309785E-5
1.600000E-9	-1.661526E-4
1.650000E-9	-2.911979E-4
1.700000E-9	-4.299469E-4
1.750000E-9	-5.789735E-4
1.800000E-9	-7.057318E-4
1.850000E-9	-7.913793E-4
1.900000E-9	-8.496196E-4
1.950000E-9	-8.564714E-4
2.000000E-9	-7.828146E-4
2.050000E-9	-6.663340E-4
2.100000E-9	-5.395757E-4
2.150000E-9	-3.956879E-4
2.200000E-9	-2.398094E-4
2.250000E-9	-9.592160E-5
2.300000E-9	2.227195E-5
2.350000E-9	1.147713E-4
2.400000E-9	1.644468E-4
2.450000E-9	1.730116E-4
2.500000E-9	1.661598E-4
2.550000E-9	1.456044E-4
2.600000E-9	9.935470E-5
2.650000E-9	3.597555E-5
2.700000E-9	-1.541295E-5
2.750000E-9	-4.624605E-5
2.800000E-9	-5.823670E-5
2.850000E-9	-5.481080E-5
2.900000E-9	-4.282015E-5
2.950000E-9	-1.883885E-5
3.000000E-9	1.199425E-5
3.050000E-9	4.111440E-5
3.100000E-9	5.653095E-5
3.150000E-9	5.139210E-5
3.200000E-9	2.912375E-5
3.250000E-9	-1.027410E-5
3.300000E-9	-6.508850E-5
3.350000E-9	-1.318936E-4
3.400000E-9	-2.055504E-4
3.450000E-9	-2.740684E-4
3.500000E-9	-3.340217E-4
3.550000E-9	-3.802713E-4
3.600000E-9	-4.008267E-4
3.650000E-9	-3.922620E-4
3.700000E-9	-3.819843E-4
3.750000E-9	-3.717066E-4
3.800000E-9	-3.477253E-4
3.850000E-9	-3.323087E-4
3.900000E-9	-3.460123E-4
3.950000E-9	-3.699936E-4
4.000000E-9	-3.939749E-4
4.050000E-9	-4.299469E-4
4.100000E-9	-4.813354E-4
4.150000E-9	-5.412886E-4
4.200000E-9	-6.063807E-4
4.250000E-9	-6.611951E-4
4.300000E-9	-6.937412E-4
4.350000E-9	-7.057318E-4
4.400000E-9	-6.886023E-4
4.450000E-9	-6.337879E-4
4.500000E-9	-5.618440E-4
4.550000E-9	-4.950390E-4
4.600000E-9	-4.333728E-4
4.650000E-9	-3.819843E-4
4.700000E-9	-3.597159E-4
4.750000E-9	-3.648548E-4
4.800000E-9	-4.042526E-4
4.850000E-9	-4.830483E-4
4.900000E-9	-5.789735E-4
4.950000E-9	-6.646210E-4
5.000000E-9	-7.485556E-4
5.050000E-9	-8.273513E-4
5.100000E-9	-8.753139E-4
5.150000E-9	-8.787398E-4
5.200000E-9	-8.513326E-4
5.250000E-9	-7.999441E-4
5.300000E-9	-7.177225E-4
5.350000E-9	-6.115196E-4
5.400000E-9	-4.899001E-4
5.450000E-9	-3.614289E-4
5.500000E-9	-2.380965E-4
5.550000E-9	-1.301806E-4
5.600000E-9	-4.967195E-5
5.650000E-9	-8.561150E-6
5.700000E-9	-6.848200E-6
5.750000E-9	-3.254245E-5
5.800000E-9	-7.365325E-5
5.850000E-9	-1.370324E-4
5.900000E-9	-2.243929E-4
5.950000E-9	-3.100404E-4
6.000000E-9	-3.682807E-4
6.050000E-9	-4.059656E-4
6.100000E-9	-4.419375E-4
6.150000E-9	-4.556411E-4
6.200000E-9	-4.367987E-4
6.250000E-9	-4.042526E-4
6.300000E-9	-3.717066E-4
6.350000E-9	-3.237440E-4
6.400000E-9	-2.637907E-4
6.450000E-9	-2.038375E-4
6.500000E-9	-1.438842E-4
6.550000E-9	-8.393095E-5
6.600000E-9	-4.282015E-5
6.650000E-9	-2.055180E-5
6.700000E-9	-3.422300E-6
6.750000E-9	5.142450E-6
6.800000E-9	-5.135250E-6
6.850000E-9	-3.425540E-5
6.900000E-9	-8.735685E-5
6.950000E-9	-1.627267E-4
7.000000E-9	-2.466612E-4
7.050000E-9	-3.288828E-4
7.100000E-9	-4.042526E-4
7.150000E-9	-4.659188E-4
7.200000E-9	-5.138814E-4
7.250000E-9	-5.515663E-4
7.300000E-9	-5.704088E-4
7.350000E-9	-5.652699E-4
7.400000E-9	-5.498534E-4
7.450000E-9	-5.241591E-4
7.500000E-9	-4.916131E-4
7.550000E-9	-4.556411E-4
7.600000E-9	-4.333728E-4
7.650000E-9	-4.316598E-4
7.700000E-9	-4.539282E-4
7.750000E-9	-5.036037E-4
7.800000E-9	-5.686958E-4
7.850000E-9	-6.286491E-4
7.900000E-9	-6.834635E-4
7.950000E-9	-7.331390E-4
8.000000E-9	-7.691110E-4
8.050000E-9	-7.793887E-4
8.100000E-9	-7.759628E-4
8.150000E-9	-7.691110E-4
8.200000E-9	-7.519815E-4
8.250000E-9	-7.228613E-4
8.300000E-9	-6.800376E-4
8.350000E-9	-6.183714E-4
8.400000E-9	-5.447145E-4
8.450000E-9	-4.779095E-4
8.500000E-9	-4.213821E-4
8.550000E-9	-3.734195E-4
8.600000E-9	-3.374476E-4
8.650000E-9	-3.186051E-4
8.700000E-9	-3.168922E-4
8.750000E-9	-3.408735E-4
8.800000E-9	-3.888361E-4
8.850000E-9	-4.470764E-4
8.900000E-9	-4.950390E-4
8.950000E-9	-5.241591E-4
9.000000E-9	-5.344368E-4
9.050000E-9	-5.292980E-4
9.100000E-9	-5.121685E-4
9.150000E-9	-4.796224E-4
9.200000E-9	-4.333728E-4
9.250000E-9	-3.734195E-4
9.300000E-9	-3.031886E-4
9.350000E-9	-2.415224E-4
9.400000E-9	-2.124022E-4
9.450000E-9	-2.072634E-4
9.500000E-9	-2.192540E-4
9.550000E-9	-2.637907E-4
9.600000E-9	-3.528641E-4
9.650000E-9	-4.659188E-4
9.700000E-9	-5.721217E-4
9.750000E-9	-6.680469E-4
9.800000E-9	-7.554074E-4
9.850000E-9	-8.187865E-4
9.900000E-9	-8.307772E-4
9.950000E-9	-7.948052E-4
1.000000E-8	-7.245743E-4
1.005000E-8	-6.320750E-4
1.010000E-8	-5.310109E-4
1.015000E-8	-4.333728E-4
1.020000E-8	-3.425864E-4
1.025000E-8	-2.740684E-4
1.030000E-8	-2.535130E-4
1.035000E-8	-2.792073E-4
1.040000E-8	-3.203181E-4
1.045000E-8	-3.785584E-4
1.050000E-8	-4.556411E-4
1.055000E-8	-5.258721E-4
1.060000E-8	-5.652699E-4
1.065000E-8	-5.909642E-4
1.070000E-8	-6.166584E-4
1.075000E-8	-6.286491E-4
1.080000E-8	-6.217973E-4
1.085000E-8	-5.892512E-4
1.090000E-8	-5.395757E-4
1.095000E-8	-4.984649E-4
1.100000E-8	-4.830483E-4
1.105000E-8	-4.796224E-4
1.110000E-8	-4.950390E-4
1.115000E-8	-5.378627E-4
1.120000E-8	-5.669829E-4
1.125000E-8	-5.498534E-4
1.130000E-8	-5.121685E-4
1.135000E-8	-4.676318E-4
1.140000E-8	-3.888361E-4
1.145000E-8	-2.689296E-4
1.150000E-8	-1.353195E-4
1.155000E-8	5.142450E-6
1.160000E-8	1.575950E-4
1.165000E-8	3.031958E-4
1.170000E-8	4.265282E-4
1.175000E-8	5.293052E-4
1.180000E-8	6.046750E-4
1.185000E-8	6.663412E-4
1.190000E-8	7.639793E-4
1.195000E-8	9.541168E-4
1.200000E-8	1.284716E-3
1.205000E-8	1.814018E-3
1.210000E-8	2.617391E-3
1.215000E-8	3.735948E-3
1.220000E-8	5.185103E-3
1.225000E-8	6.959720E-3
1.230000E-8	9.042667E-3
1.235000E-8	1.138598E-2
1.240000E-8	1.390573E-2
1.245000E-8	1.649400E-2
1.250000E-8	1.904287E-2
1.255000E-8	2.145470E-2
1.260000E-8	2.366098E-2
1.265000E-8	2.559148E-2
1.270000E-8	2.719137E-2
1.275000E-8	2.843497E-2
1.280000E-8	2.934113E-2
1.285000E-8	2.992867E-2
1.290000E-8	3.020274E-2
1.295000E-8	3.017533E-2
1.300000E-8	2.989783E-2
1.305000E-8	2.940622E-2
1.310000E-8	2.872789E-2
1.315000E-8	2.786799E-2
1.320000E-8	2.685221E-2
1.325000E-8	2.573023E-2
1.330000E-8	2.451917E-2
1.335000E-8	2.321562E-2
1.340000E-8	2.184012E-2
1.345000E-8	2.047832E-2
1.350000E-8	1.919703E-2
1.355000E-8	1.805964E-2
1.360000E-8	1.711751E-2
1.365000E-8	1.644261E-2
1.370000E-8	1.604863E-2
1.375000E-8	1.590988E-2
1.380000E-8	1.603835E-2
1.385000E-8	1.642034E-2
1.390000E-8	1.697363E-2
1.395000E-8	1.762455E-2
1.400000E-8	1.835426E-2
1.405000E-8	1.910967E-2
1.410000E-8	1.981370E-2
1.415000E-8	2.043378E-2
1.420000E-8	2.097165E-2
1.425000E-8	2.138961E-2
1.430000E-8	2.164655E-2
1.435000E-8	2.173049E-2
1.440000E-8	2.162771E-2
1.445000E-8	2.132623E-2
1.450000E-8	2.083804E-2
1.455000E-8	2.018027E-2
1.460000E-8	1.937861E-2
1.465000E-8	1.846047E-2
1.470000E-8	1.746696E-2
1.475000E-8	1.644090E-2
1.480000E-8	1.541484E-2
1.485000E-8	1.443846E-2
1.490000E-8	1.356657E-2
1.495000E-8	1.284542E-2
1.500000E-8	1.229385E-2
1.505000E-8	1.193241E-2
1.510000E-8	1.179709E-2
1.515000E-8	1.188959E-2
1.520000E-8	1.218079E-2
1.525000E-8	1.265185E-2
1.530000E-8	1.328736E-2
1.535000E-8	1.403249E-2
1.540000E-8	1.482559E-2
1.545000E-8	1.563410E-2
1.550000E-8	1.641178E-2
1.555000E-8	1.709182E-2
1.560000E-8	1.763825E-2
1.565000E-8	1.802366E-2
1.570000E-8	1.819667E-2
1.575000E-8	1.814871E-2
1.580000E-8	1.790033E-2
1.585000E-8	1.745496E-2
1.590000E-8	1.680233E-2
1.595000E-8	1.598354E-2
1.600000E-8	1.504142E-2
1.605000E-8	1.401707E-2
1.610000E-8	1.297217E-2
1.615000E-8	1.196839E-2
1.620000E-8	1.102798E-2
1.625000E-8	1.019034E-2
1.630000E-8	9.522293E-3
1.635000E-8	9.080352E-3
1.640000E-8	8.874798E-3
1.645000E-8	8.885076E-3
1.650000E-8	9.111185E-3
1.655000E-8	9.542848E-3
1.660000E-8	1.014752E-2
1.665000E-8	1.087381E-2
1.670000E-8	1.167376E-2
1.675000E-8	1.249597E-2
1.680000E-8	1.329592E-2
1.685000E-8	1.403934E-2
1.690000E-8	1.468341E-2
1.695000E-8	1.516132E-2
1.700000E-8	1.544225E-2
1.705000E-8	1.554160E-2
1.710000E-8	1.545081E-2
1.715000E-8	1.513906E-2
1.720000E-8	1.461661E-2
1.725000E-8	1.393999E-2
1.730000E-8	1.312805E-2
1.735000E-8	1.220306E-2
1.740000E-8	1.121126E-2
1.745000E-8	1.020062E-2
1.750000E-8	9.208823E-3
1.755000E-8	8.288969E-3
1.760000E-8	7.504438E-3
1.765000E-8	6.899766E-3
1.770000E-8	6.497223E-3
1.775000E-8	6.324215E-3
1.780000E-8	6.418427E-3
1.785000E-8	6.773008E-3
1.790000E-8	7.339995E-3
1.795000E-8	8.088554E-3
1.800000E-8	8.992991E-3
1.805000E-8	9.981364E-3
1.810000E-8	1.096460E-2
1.815000E-8	1.188788E-2
1.820000E-8	1.270495E-2
1.825000E-8	1.335588E-2
1.830000E-8	1.380467E-2
1.835000E-8	1.403763E-2
1.840000E-8	1.405305E-2
1.845000E-8	1.385606E-2
1.850000E-8	1.344495E-2
1.855000E-8	1.283000E-2
1.860000E-8	1.205917E-2
1.865000E-8	1.117529E-2
1.870000E-8	1.021261E-2
1.875000E-8	9.215675E-3
1.880000E-8	8.246145E-3
1.885000E-8	7.350272E-3
1.890000E-8	6.557176E-3
1.895000E-8	5.901117E-3
1.900000E-8	5.411213E-3
1.905000E-8	5.121724E-3
1.910000E-8	5.065197E-3
1.915000E-8	5.243344E-3
1.920000E-8	5.637322E-3
1.925000E-8	6.230003E-3
1.930000E-8	6.983701E-3
1.935000E-8	7.848741E-3
1.940000E-8	8.772021E-3
1.945000E-8	9.700440E-3
1.950000E-8	1.056034E-2
1.955000E-8	1.130205E-2
1.960000E-8	1.188959E-2
1.965000E-8	1.228871E-2
1.970000E-8	1.246685E-2
1.975000E-8	1.242746E-2
1.980000E-8	1.219278E-2
1.985000E-8	1.176454E-2
1.990000E-8	1.114274E-2
1.995000E-8	1.039418E-2
2.000000E-8	9.570256E-3
2.005000E-8	8.667531E-3
2.010000E-8	7.727121E-3
2.015000E-8	6.834674E-3
2.020000E-8	6.027875E-3
2.025000E-8	5.334130E-3
2.030000E-8	4.804828E-3
2.035000E-8	4.487933E-3
2.040000E-8	4.362887E-3
2.045000E-8	4.438257E-3
2.050000E-8	4.727746E-3
2.055000E-8	5.191955E-3
2.060000E-8	5.793201E-3
2.065000E-8	6.534908E-3
2.070000E-8	7.377679E-3
2.075000E-8	8.235867E-3
2.080000E-8	9.071787E-3
2.085000E-8	9.856318E-3
2.090000E-8	1.053122E-2
2.095000E-8	1.105024E-2
2.100000E-8	1.138598E-2
2.105000E-8	1.151274E-2
2.110000E-8	1.142538E-2
2.115000E-8	1.112904E-2
2.120000E-8	1.063057E-2
2.125000E-8	9.945392E-3
2.130000E-8	9.118037E-3
2.135000E-8	8.175914E-3
2.140000E-8	7.153283E-3
2.145000E-8	6.125513E-3
2.150000E-8	5.162835E-3
2.155000E-8	4.323490E-3
2.160000E-8	3.662291E-3
2.165000E-8	3.215211E-3
2.170000E-8	2.990814E-3
2.175000E-8	2.989101E-3
2.180000E-8	3.196368E-3
2.185000E-8	3.604051E-3
2.190000E-8	4.188166E-3
2.195000E-8	4.916170E-3
2.200000E-8	5.736673E-3
2.205000E-8	6.591435E-3
2.210000E-8	7.427355E-3
2.215000E-8	8.201608E-3
2.220000E-8	8.888501E-3
2.225000E-8	9.455488E-3
2.230000E-8	9.864883E-3
2.235000E-8	1.008414E-2
2.240000E-8	1.010812E-2
2.245000E-8	9.947105E-3
2.250000E-8	9.609653E-3
2.255000E-8	9.102620E-3
2.260000E-8	8.455125E-3
2.265000E-8	7.706566E-3
2.270000E-8	6.880924E-3
2.275000E-8	6.012458E-3
2.280000E-8	5.157696E-3
2.285000E-8	4.385156E-3
2.290000E-8	3.730809E-3
2.295000E-8	3.218637E-3
2.300000E-8	2.877760E-3
2.305000E-8	2.720168E-3
2.310000E-8	2.747575E-3
2.315000E-8	2.949704E-3
2.320000E-8	3.324840E-3
2.325000E-8	3.866132E-3
2.330000E-8	4.532469E-3
2.335000E-8	5.281029E-3
2.340000E-8	6.079263E-3
2.345000E-8	6.891202E-3
2.350000E-8	7.653464E-3
2.355000E-8	8.321515E-3
2.360000E-8	8.867946E-3
2.365000E-8	9.255073E-3
2.370000E-8	9.446923E-3
2.375000E-8	9.434932E-3
2.380000E-8	9.222527E-3
2.385000E-8	8.813132E-3
2.390000E-8	8.218738E-3
2.395000E-8	7.463327E-3
2.400000E-8	6.586297E-3
2.405000E-8	5.644174E-3
2.410000E-8	4.702051E-3
2.415000E-8	3.813030E-3
2.420000E-8	3.019935E-3
2.425000E-8	2.357023E-3
2.430000E-8	1.861980E-3
2.435000E-8	1.565640E-3
2.440000E-8	1.481705E-3
2.445000E-8	1.606751E-3
2.450000E-8	1.932211E-3
2.455000E-8	2.425541E-3
2.460000E-8	3.050768E-3
2.465000E-8	3.777058E-3
2.470000E-8	4.568441E-3
2.475000E-8	5.375241E-3
2.480000E-8	6.168337E-3
2.485000E-8	6.915183E-3
2.490000E-8	7.555826E-3
2.495000E-8	8.052582E-3
2.500000E-8	8.398598E-3
2.505000E-8	8.566467E-3
2.510000E-8	8.527069E-3
2.515000E-8	8.285543E-3
2.520000E-8	7.862444E-3
2.525000E-8	7.268051E-3
2.530000E-8	6.536621E-3
2.535000E-8	5.710979E-3
2.540000E-8	4.825384E-3
2.545000E-8	3.932937E-3
2.550000E-8	3.098730E-3
2.555000E-8	2.374152E-3
2.560000E-8	1.791749E-3
2.565000E-8	1.387493E-3
2.570000E-8	1.185365E-3
2.575000E-8	1.180226E-3
2.580000E-8	1.365225E-3
2.585000E-8	1.730083E-3
2.590000E-8	2.250820E-3
2.595000E-8	2.896602E-3
2.600000E-8	3.634884E-3
2.605000E-8	4.422841E-3
2.610000E-8	5.210798E-3
2.615000E-8	5.954218E-3
2.620000E-8	6.615417E-3
2.625000E-8	7.166987E-3
2.630000E-8	7.581521E-3
2.635000E-8	7.826472E-3
2.640000E-8	7.874435E-3
2.645000E-8	7.744251E-3
2.650000E-8	7.444485E-3
2.655000E-8	6.971710E-3
2.660000E-8	6.358474E-3
2.665000E-8	5.664729E-3
2.670000E-8	4.914457E-3
2.675000E-8	4.129926E-3
2.680000E-8	3.372802E-3
2.685000E-8	2.706465E-3
2.690000E-8	2.134339E-3
2.695000E-8	1.682121E-3
2.700000E-8	1.394345E-3
2.705000E-8	1.291568E-3
2.710000E-8	1.356660E-3
2.715000E-8	1.579344E-3
2.720000E-8	1.949341E-3
2.725000E-8	2.451235E-3
2.730000E-8	3.057619E-3
2.735000E-8	3.732522E-3
2.740000E-8	4.439970E-3
2.745000E-8	5.138854E-3
2.750000E-8	5.782923E-3
2.755000E-8	6.336206E-3
2.760000E-8	6.783286E-3
2.765000E-8	7.095043E-3
2.770000E-8	7.235505E-3
2.775000E-8	7.206384E-3
2.780000E-8	7.026525E-3
2.785000E-8	6.692499E-3
2.790000E-8	6.214586E-3
2.795000E-8	5.635609E-3
2.800000E-8	4.993253E-3
2.805000E-8	4.308073E-3
2.810000E-8	3.604051E-3
2.815000E-8	2.924009E-3
2.820000E-8	2.307347E-3
2.825000E-8	1.808879E-3
2.830000E-8	1.462863E-3
2.835000E-8	1.271013E-3
2.840000E-8	1.235041E-3
2.845000E-8	1.368651E-3
2.850000E-8	1.659852E-3
2.855000E-8	2.084664E-3
2.860000E-8	2.648224E-3
2.865000E-8	3.323127E-3
2.870000E-8	4.039140E-3
2.875000E-8	4.739736E-3
2.880000E-8	5.407787E-3
2.885000E-8	6.014171E-3
2.890000E-8	6.512640E-3
2.895000E-8	6.875785E-3
2.900000E-8	7.088191E-3
2.905000E-8	7.141292E-3
2.910000E-8	7.041941E-3
2.915000E-8	6.791851E-3
2.920000E-8	6.401298E-3
2.925000E-8	5.883987E-3
2.930000E-8	5.269038E-3
2.935000E-8	4.588997E-3
2.940000E-8	3.893539E-3
2.945000E-8	3.215211E-3
2.950000E-8	2.572855E-3
2.955000E-8	1.993877E-3
2.960000E-8	1.507400E-3
2.965000E-8	1.140828E-3
2.970000E-8	9.112930E-4
2.975000E-8	8.290714E-4
2.980000E-8	8.907376E-4
2.985000E-8	1.091153E-3
2.990000E-8	1.423465E-3
2.995000E-8	1.875684E-3
3.000000E-8	2.418689E-3
3.005000E-8	3.030212E-3
3.010000E-8	3.674281E-3
3.015000E-8	4.306360E-3
3.020000E-8	4.900754E-3
3.025000E-8	5.431768E-3
3.030000E-8	5.854867E-3
3.035000E-8	6.127226E-3
3.040000E-8	6.241994E-3
3.045000E-8	6.212873E-3
3.050000E-8	6.026162E-3
3.055000E-8	5.676720E-3
3.060000E-8	5.193668E-3
3.065000E-8	4.614691E-3
3.070000E-8	3.963770E-3
3.075000E-8	3.285442E-3
3.080000E-8	2.629382E-3
3.085000E-8	2.036701E-3
3.090000E-8	1.534807E-3
3.095000E-8	1.144254E-3
3.100000E-8	8.873117E-4
3.105000E-8	7.948124E-4
3.110000E-8	8.753211E-4
3.115000E-8	1.108282E-3
3.120000E-8	1.471428E-3
3.125000E-8	1.957906E-3
3.130000E-8	2.531744E-3
3.135000E-8	3.141554E-3
3.140000E-8	3.758216E-3
3.145000E-8	4.344045E-3
3.150000E-8	4.864782E-3
3.155000E-8	5.310149E-3
3.160000E-8	5.666442E-3
3.165000E-8	5.904542E-3
3.170000E-8	6.009032E-3
3.175000E-8	5.986764E-3
3.180000E-8	5.830886E-3
3.185000E-8	5.543110E-3
3.190000E-8	5.135428E-3
3.195000E-8	4.638672E-3
3.200000E-8	4.081964E-3
3.205000E-8	3.494422E-3
3.210000E-8	2.889750E-3
3.215000E-8	2.302208E-3
3.220000E-8	1.767768E-3
3.225000E-8	1.320688E-3
3.230000E-8	9.780981E-4
3.235000E-8	7.639793E-4
3.240000E-8	6.886095E-4
3.245000E-8	7.554146E-4
3.250000E-8	9.592556E-4
3.255000E-8	1.284716E-3
3.260000E-8	1.718093E-3
3.265000E-8	2.261098E-3
3.270000E-8	2.882899E-3
3.275000E-8	3.513264E-3
3.280000E-8	4.117936E-3
3.285000E-8	4.691774E-3
3.290000E-8	5.202233E-3
3.295000E-8	5.589360E-3
3.300000E-8	5.836024E-3
3.305000E-8	5.942227E-3
3.310000E-8	5.880561E-3
3.315000E-8	5.651026E-3
3.320000E-8	5.282742E-3
3.325000E-8	4.794551E-3
3.330000E-8	4.195018E-3
3.335000E-8	3.535533E-3
3.340000E-8	2.869195E-3
3.345000E-8	2.228552E-3
3.350000E-8	1.654713E-3
3.355000E-8	1.202495E-3
3.360000E-8	8.890247E-4
3.365000E-8	7.228685E-4
3.370000E-8	7.314333E-4
3.375000E-8	8.993024E-4
3.380000E-8	1.188791E-3
3.385000E-8	1.579344E-3
3.390000E-8	2.053831E-3
3.395000E-8	2.562577E-3
3.400000E-8	3.074749E-3
3.405000E-8	3.580069E-3
3.410000E-8	4.061408E-3
3.415000E-8	4.494785E-3
3.420000E-8	4.866495E-3
3.425000E-8	5.149131E-3
3.430000E-8	5.315288E-3
3.435000E-8	5.366676E-3
3.440000E-8	5.330704E-3
3.445000E-8	5.205659E-3
3.450000E-8	4.989827E-3
3.455000E-8	4.679783E-3
3.460000E-8	4.282379E-3
3.465000E-8	3.830160E-3
3.470000E-8	3.343682E-3
3.475000E-8	2.840075E-3
3.480000E-8	2.351884E-3
3.485000E-8	1.903091E-3
3.490000E-8	1.505687E-3
3.495000E-8	1.187078E-3
3.500000E-8	9.883758E-4
3.505000E-8	9.130060E-4
3.510000E-8	9.404132E-4
3.515000E-8	1.074023E-3
3.520000E-8	1.310410E-3
3.525000E-8	1.642723E-3
3.530000E-8	2.043553E-3
3.535000E-8	2.488920E-3
3.540000E-8	2.966833E-3
3.545000E-8	3.472153E-3
3.550000E-8	3.963770E-3
3.555000E-8	4.392008E-3
3.560000E-8	4.743162E-3
3.565000E-8	5.018947E-3
3.570000E-8	5.190242E-3
3.575000E-8	5.221075E-3
3.580000E-8	5.121724E-3
3.585000E-8	4.907605E-3
3.590000E-8	4.580432E-3
3.595000E-8	4.150482E-3
3.600000E-8	3.650300E-3
3.605000E-8	3.127850E-3
3.610000E-8	2.617391E-3
3.615000E-8	2.142904E-3
3.620000E-8	1.742074E-3
3.625000E-8	1.442308E-3
3.630000E-8	1.238466E-3
3.635000E-8	1.121986E-3
3.640000E-8	1.123699E-3
3.645000E-8	1.259022E-3
3.650000E-8	1.497122E-3
3.655000E-8	1.812305E-3
3.660000E-8	2.206283E-3
3.665000E-8	2.663641E-3
3.670000E-8	3.148406E-3
3.675000E-8	3.626319E-3
3.680000E-8	4.066547E-3
3.685000E-8	4.460526E-3
3.690000E-8	4.794551E-3
3.695000E-8	5.030938E-3
3.700000E-8	5.159409E-3
3.705000E-8	5.198807E-3
3.710000E-8	5.142280E-3
3.715000E-8	4.974411E-3
3.720000E-8	4.717468E-3
3.725000E-8	4.393720E-3
3.730000E-8	3.994603E-3
3.735000E-8	3.532107E-3
3.740000E-8	3.045629E-3
3.745000E-8	2.572855E-3
3.750000E-8	2.134339E-3
3.755000E-8	1.762629E-3
3.760000E-8	1.476567E-3
3.765000E-8	1.279577E-3
3.770000E-8	1.178513E-3
3.775000E-8	1.181939E-3
3.780000E-8	1.288142E-3
3.785000E-8	1.495409E-3
3.790000E-8	1.793462E-3
3.795000E-8	2.166885E-3
3.800000E-8	2.591697E-3
3.805000E-8	3.043916E-3
3.810000E-8	3.499561E-3
3.815000E-8	3.927798E-3
3.820000E-8	4.297795E-3
3.825000E-8	4.594136E-3
3.830000E-8	4.815106E-3
3.835000E-8	4.945290E-3
3.840000E-8	4.982975E-3
3.845000E-8	4.936726E-3
3.850000E-8	4.796264E-3
3.855000E-8	4.556451E-3
3.860000E-8	4.234416E-3
3.865000E-8	3.849002E-3
3.870000E-8	3.420765E-3
3.875000E-8	2.975398E-3
3.880000E-8	2.540309E-3
3.885000E-8	2.136052E-3
3.890000E-8	1.778046E-3
3.895000E-8	1.490270E-3
3.900000E-8	1.300133E-3
3.905000E-8	1.216198E-3
3.910000E-8	1.241892E-3
3.915000E-8	1.370364E-3
3.920000E-8	1.589621E-3
3.925000E-8	1.879110E-3
3.930000E-8	2.237116E-3
3.935000E-8	2.667067E-3
3.940000E-8	3.115860E-3
3.945000E-8	3.545810E-3
3.950000E-8	3.955205E-3
3.955000E-8	4.314925E-3
3.960000E-8	4.565015E-3
3.965000E-8	4.710616E-3
3.970000E-8	4.775708E-3
3.975000E-8	4.726033E-3
3.980000E-8	4.547886E-3
3.985000E-8	4.290943E-3
3.990000E-8	3.977474E-3
3.995000E-8	3.592060E-3
4.000000E-8	3.170674E-3
4.005000E-8	2.752714E-3
4.010000E-8	2.350171E-3
4.015000E-8	1.987026E-3
4.020000E-8	1.695824E-3
4.025000E-8	1.474854E-3
4.030000E-8	1.320688E-3
4.035000E-8	1.250457E-3
4.040000E-8	1.245318E-3
4.045000E-8	1.298420E-3
4.050000E-8	1.423465E-3
4.055000E-8	1.623880E-3
4.060000E-8	1.870545E-3
4.065000E-8	2.168598E-3
4.070000E-8	2.526605E-3
4.075000E-8	2.908593E-3
4.080000E-8	3.280303E-3
4.085000E-8	3.641735E-3
4.090000E-8	3.970622E-3
4.095000E-8	4.222425E-3
4.100000E-8	4.388582E-3
4.105000E-8	4.475942E-3
4.110000E-8	4.455387E-3
4.115000E-8	4.308073E-3
4.120000E-8	4.064834E-3
4.125000E-8	3.744512E-3
4.130000E-8	3.362525E-3
4.135000E-8	2.946278E-3
4.140000E-8	2.521466E-3
4.145000E-8	2.086377E-3
4.150000E-8	1.678695E-3
4.155000E-8	1.356660E-3
4.160000E-8	1.127125E-3
4.165000E-8	9.746722E-4
4.170000E-8	9.147189E-4
4.175000E-8	9.609686E-4
4.180000E-8	1.089440E-3
4.185000E-8	1.281290E-3
4.190000E-8	1.527955E-3
4.195000E-8	1.826008E-3
4.200000E-8	2.163460E-3
4.205000E-8	2.521466E-3
4.210000E-8	2.893176E-3
4.215000E-8	3.283729E-3
4.220000E-8	3.665717E-3
4.225000E-8	3.998029E-3
4.230000E-8	4.265249E-3
4.235000E-8	4.469090E-3
4.240000E-8	4.585571E-3
4.245000E-8	4.595849E-3
4.250000E-8	4.511914E-3
4.255000E-8	4.340619E-3
4.260000E-8	4.088815E-3
4.265000E-8	3.763355E-3
4.270000E-8	3.379654E-3
4.275000E-8	2.963407E-3
4.280000E-8	2.548873E-3
4.285000E-8	2.148043E-3
4.290000E-8	1.784898E-3
4.295000E-8	1.485131E-3
4.300000E-8	1.262448E-3
4.305000E-8	1.125412E-3
4.310000E-8	1.096292E-3
4.315000E-8	1.176800E-3
4.320000E-8	1.334392E-3
4.325000E-8	1.562214E-3
4.330000E-8	1.856841E-3
4.335000E-8	2.190867E-3
4.340000E-8	2.547160E-3
4.345000E-8	2.903454E-3
4.350000E-8	3.228914E-3
4.355000E-8	3.513264E-3
4.360000E-8	3.765068E-3
4.365000E-8	3.956918E-3
4.370000E-8	4.061408E-3
4.375000E-8	4.087102E-3
4.380000E-8	4.034001E-3
4.385000E-8	3.881548E-3
4.390000E-8	3.646874E-3
4.395000E-8	3.374515E-3
4.400000E-8	3.067897E-3
4.405000E-8	2.733872E-3
4.410000E-8	2.410124E-3
4.415000E-8	2.115497E-3
4.420000E-8	1.846564E-3
4.425000E-8	1.615315E-3
4.430000E-8	1.449159E-3
4.435000E-8	1.361799E-3
4.440000E-8	1.360086E-3
4.445000E-8	1.433743E-3
4.450000E-8	1.567353E-3
4.455000E-8	1.767768E-3
4.460000E-8	2.036701E-3
4.465000E-8	2.345032E-3
4.470000E-8	2.660215E-3
4.475000E-8	2.971972E-3
4.480000E-8	3.276877E-3
4.485000E-8	3.544097E-3
4.490000E-8	3.751364E-3
4.495000E-8	3.893539E-3
4.500000E-8	3.965483E-3
4.505000E-8	3.955205E-3
4.510000E-8	3.876410E-3
4.515000E-8	3.734235E-3
4.520000E-8	3.525255E-3
4.525000E-8	3.258035E-3
4.530000E-8	2.953129E-3
4.535000E-8	2.627669E-3
4.540000E-8	2.291931E-3
4.545000E-8	1.973322E-3
4.550000E-8	1.700963E-3
4.555000E-8	1.488557E-3
4.560000E-8	1.330966E-3
4.565000E-8	1.231615E-3
4.570000E-8	1.207633E-3
4.575000E-8	1.272725E-3
4.580000E-8	1.413187E-3
4.585000E-8	1.615315E-3
4.590000E-8	1.877397E-3
4.595000E-8	2.178876E-3
4.600000E-8	2.488920E-3
4.605000E-8	2.798964E-3
4.610000E-8	3.109008E-3
4.615000E-8	3.391645E-3
4.620000E-8	3.622893E-3
4.625000E-8	3.813030E-3
4.630000E-8	3.951779E-3
4.635000E-8	4.018584E-3
4.640000E-8	4.016871E-3
4.645000E-8	3.974048E-3
4.650000E-8	3.888400E-3
4.655000E-8	3.751364E-3
4.660000E-8	3.562940E-3
4.665000E-8	3.314562E-3
4.670000E-8	3.018222E-3
4.675000E-8	2.703039E-3
4.680000E-8	2.392995E-3
4.685000E-8	2.091516E-3
4.690000E-8	1.819157E-3
4.695000E-8	1.601612E-3
4.700000E-8	1.449159E-3
4.705000E-8	1.366938E-3
4.710000E-8	1.354947E-3
4.715000E-8	1.406336E-3
4.720000E-8	1.514251E-3
4.725000E-8	1.683834E-3
4.730000E-8	1.906517E-3
4.735000E-8	2.153182E-3
4.740000E-8	2.406698E-3
4.745000E-8	2.658502E-3
4.750000E-8	2.889750E-3
4.755000E-8	3.085027E-3
4.760000E-8	3.239192E-3
4.765000E-8	3.338543E-3
4.770000E-8	3.371089E-3
4.775000E-8	3.348821E-3
4.780000E-8	3.285442E-3
4.785000E-8	3.182665E-3
4.790000E-8	3.054194E-3
4.795000E-8	2.905167E-3
4.800000E-8	2.730446E-3
4.805000E-8	2.531744E-3
4.810000E-8	2.322764E-3
4.815000E-8	2.117210E-3
4.820000E-8	1.921934E-3
4.825000E-8	1.764342E-3
4.830000E-8	1.653000E-3
4.835000E-8	1.579344E-3
4.840000E-8	1.558788E-3
4.845000E-8	1.615315E-3
4.850000E-8	1.740361E-3
4.855000E-8	1.913369E-3
4.860000E-8	2.139478E-3
4.865000E-8	2.425541E-3
4.870000E-8	2.740724E-3
4.875000E-8	3.059332E-3
4.880000E-8	3.367663E-3
4.885000E-8	3.640022E-3
4.890000E-8	3.850715E-3
4.895000E-8	3.992890E-3
4.900000E-8	4.057982E-3
4.905000E-8	4.034001E-3
4.910000E-8	3.926085E-3
4.915000E-8	3.737661E-3
4.920000E-8	3.473866E-3
4.925000E-8	3.158683E-3
4.930000E-8	2.816093E-3
4.935000E-8	2.468365E-3
4.940000E-8	2.142904E-3
4.945000E-8	1.855129E-3
4.950000E-8	1.611890E-3
4.955000E-8	1.421752E-3
4.960000E-8	1.305272E-3
4.965000E-8	1.260735E-3
4.970000E-8	1.279577E-3
4.975000E-8	1.372077E-3
4.980000E-8	1.545085E-3
4.985000E-8	1.766055E-3
4.990000E-8	1.997303E-3
4.995000E-8	2.247394E-3
5.000000E-8	2.518040E-3
5.005000E-8	2.785260E-3
5.010000E-8	3.023360E-3
5.015000E-8	3.240905E-3
5.020000E-8	3.434468E-3
5.025000E-8	3.583495E-3
5.030000E-8	3.675994E-3
5.035000E-8	3.715392E-3
5.040000E-8	3.701689E-3
5.045000E-8	3.631458E-3
5.050000E-8	3.504699E-3
5.055000E-8	3.321414E-3
5.060000E-8	3.090165E-3
5.065000E-8	2.841788E-3
5.070000E-8	2.595123E-3
5.075000E-8	2.350171E-3
5.080000E-8	2.122349E-3
5.085000E-8	1.942489E-3
5.090000E-8	1.824295E-3
5.095000E-8	1.754064E-3
5.100000E-8	1.728370E-3
5.105000E-8	1.755777E-3
5.110000E-8	1.832860E-3
5.115000E-8	1.944202E-3
5.120000E-8	2.079525E-3
5.125000E-8	2.235403E-3
5.130000E-8	2.404985E-3
5.135000E-8	2.577993E-3
5.140000E-8	2.749288E-3
5.145000E-8	2.910306E-3
5.150000E-8	3.062758E-3
5.155000E-8	3.201507E-3
5.160000E-8	3.317988E-3
5.165000E-8	3.396784E-3
5.170000E-8	3.439607E-3
5.175000E-8	3.448172E-3
5.180000E-8	3.422478E-3
5.185000E-8	3.350534E-3
5.190000E-8	3.235766E-3
5.195000E-8	3.090165E-3
5.200000E-8	2.936000E-3
5.205000E-8	2.785260E-3
5.210000E-8	2.646511E-3
5.215000E-8	2.528318E-3
5.220000E-8	2.434106E-3
5.225000E-8	2.358736E-3
5.230000E-8	2.303921E-3
5.235000E-8	2.266237E-3
5.240000E-8	2.267949E-3
5.245000E-8	2.317625E-3
5.250000E-8	2.396421E-3
5.255000E-8	2.494059E-3
5.260000E-8	2.617391E-3
5.265000E-8	2.754427E-3
5.270000E-8	2.872621E-3
5.275000E-8	2.965120E-3
5.280000E-8	3.057619E-3
5.285000E-8	3.150119E-3
5.290000E-8	3.222063E-3
5.295000E-8	3.266599E-3
5.300000E-8	3.285442E-3
5.305000E-8	3.270025E-3
5.310000E-8	3.210072E-3
5.315000E-8	3.119286E-3
5.320000E-8	3.009657E-3
5.325000E-8	2.886324E-3
5.330000E-8	2.761279E-3
5.335000E-8	2.632808E-3
5.340000E-8	2.492346E-3
5.345000E-8	2.341606E-3
5.350000E-8	2.199431E-3
5.355000E-8	2.070960E-3
5.360000E-8	1.963044E-3
5.365000E-8	1.885962E-3
5.370000E-8	1.855129E-3
5.375000E-8	1.879110E-3
5.380000E-8	1.951054E-3
5.385000E-8	2.062395E-3
5.390000E-8	2.207996E-3
5.395000E-8	2.379291E-3
5.400000E-8	2.564290E-3
5.405000E-8	2.745863E-3
5.410000E-8	2.917158E-3
5.415000E-8	3.090165E-3
5.420000E-8	3.252896E-3
5.425000E-8	3.369376E-3
5.430000E-8	3.424191E-3
5.435000E-8	3.432756E-3
5.440000E-8	3.393358E-3
5.445000E-8	3.297432E-3
5.450000E-8	3.143267E-3
5.455000E-8	2.941139E-3
5.460000E-8	2.728733E-3
5.465000E-8	2.530031E-3
5.470000E-8	2.339893E-3
5.475000E-8	2.161747E-3
5.480000E-8	2.012720E-3
5.485000E-8	1.897952E-3
5.490000E-8	1.826008E-3
5.495000E-8	1.807166E-3
5.500000E-8	1.831147E-3
5.505000E-8	1.891100E-3
5.510000E-8	2.000729E-3
5.515000E-8	2.151469E-3
5.520000E-8	2.298783E-3
5.525000E-8	2.440957E-3
5.530000E-8	2.603688E-3
5.535000E-8	2.761279E-3
5.540000E-8	2.894889E-3
5.545000E-8	3.007944E-3
5.550000E-8	3.105582E-3
5.555000E-8	3.177526E-3
5.560000E-8	3.223776E-3
5.565000E-8	3.247757E-3
5.570000E-8	3.242618E-3
5.575000E-8	3.215211E-3
5.580000E-8	3.165535E-3
5.585000E-8	3.071323E-3
5.590000E-8	2.930861E-3
5.595000E-8	2.762992E-3
5.600000E-8	2.574568E-3
5.605000E-8	2.381004E-3
5.610000E-8	2.201144E-3
5.615000E-8	2.034988E-3
5.620000E-8	1.884249E-3
5.625000E-8	1.767768E-3
5.630000E-8	1.704389E-3
5.635000E-8	1.697537E-3
5.640000E-8	1.752352E-3
5.645000E-8	1.858554E-3
5.650000E-8	1.997303E-3
5.655000E-8	2.161747E-3
5.660000E-8	2.339893E-3
5.665000E-8	2.514614E-3
5.670000E-8	2.673919E-3
5.675000E-8	2.802390E-3
5.680000E-8	2.882899E-3
5.685000E-8	2.912019E-3
5.690000E-8	2.901741E-3
5.695000E-8	2.857204E-3
5.700000E-8	2.773270E-3
5.705000E-8	2.667067E-3
5.710000E-8	2.564290E-3
5.715000E-8	2.463226E-3
5.720000E-8	2.367301E-3
5.725000E-8	2.298783E-3
5.730000E-8	2.249107E-3
5.735000E-8	2.202857E-3
5.740000E-8	2.170311E-3
5.745000E-8	2.160034E-3
5.750000E-8	2.158321E-3
5.755000E-8	2.161747E-3
5.760000E-8	2.178876E-3
5.765000E-8	2.194293E-3
5.770000E-8	2.206283E-3
5.775000E-8	2.238829E-3
5.780000E-8	2.297070E-3
5.785000E-8	2.355310E-3
5.790000E-8	2.420402E-3
5.795000E-8	2.494059E-3
5.800000E-8	2.560864E-3
5.805000E-8	2.627669E-3
5.810000E-8	2.709891E-3
5.815000E-8	2.781834E-3
5.820000E-8	2.819519E-3
5.825000E-8	2.834936E-3
5.830000E-8	2.838362E-3
5.835000E-8	2.805816E-3
5.840000E-8	2.747575E-3
5.845000E-8	2.692761E-3
5.850000E-8	2.637947E-3
5.855000E-8	2.566003E-3
5.860000E-8	2.482068E-3
5.865000E-8	2.398134E-3
5.870000E-8	2.310773E-3
5.875000E-8	2.221700E-3
5.880000E-8	2.146330E-3
5.885000E-8	2.072673E-3
5.890000E-8	1.995590E-3
5.895000E-8	1.944202E-3
5.900000E-8	1.925359E-3
5.905000E-8	1.915082E-3
5.910000E-8	1.918508E-3
5.915000E-8	1.944202E-3
5.920000E-8	1.973322E-3
5.925000E-8	2.000729E-3
5.930000E-8	2.055544E-3
5.935000E-8	2.142904E-3
5.940000E-8	2.233690E-3
5.945000E-8	2.322764E-3
5.950000E-8	2.406698E-3
5.955000E-8	2.475216E-3
5.960000E-8	2.530031E-3
5.965000E-8	2.571142E-3
5.970000E-8	2.591697E-3
5.975000E-8	2.589984E-3
5.980000E-8	2.562577E-3
5.985000E-8	2.504337E-3
5.990000E-8	2.422115E-3
5.995000E-8	2.326190E-3
6.000000E-8	2.207996E-3
6.005000E-8	2.067534E-3
6.010000E-8	1.928785E-3
6.015000E-8	1.808879E-3
6.020000E-8	1.709528E-3
6.025000E-8	1.635871E-3
6.030000E-8	1.582769E-3
6.035000E-8	1.543372E-3
6.040000E-8	1.529668E-3
6.045000E-8	1.567353E-3
6.050000E-8	1.649575E-3
6.055000E-8	1.760916E-3
6.060000E-8	1.904804E-3
6.065000E-8	2.072673E-3
6.070000E-8	2.243968E-3
6.075000E-8	2.410124E-3
6.080000E-8	2.572855E-3
6.085000E-8	2.732159E-3
6.090000E-8	2.872621E-3
6.095000E-8	3.004518E-3
6.100000E-8	3.129563E-3
6.105000E-8	3.230627E-3
6.110000E-8	3.288868E-3
6.115000E-8	3.311136E-3
6.120000E-8	3.302571E-3
6.125000E-8	3.256322E-3
6.130000E-8	3.174100E-3
6.135000E-8	3.071323E-3
6.140000E-8	2.958268E-3
6.145000E-8	2.838362E-3
6.150000E-8	2.725307E-3
6.155000E-8	2.617391E-3
6.160000E-8	2.506050E-3
6.165000E-8	2.396421E-3
6.170000E-8	2.314199E-3
6.175000E-8	2.271375E-3
6.180000E-8	2.252533E-3
6.185000E-8	2.250820E-3
6.190000E-8	2.274801E-3
6.195000E-8	2.317625E-3
6.200000E-8	2.367301E-3
6.205000E-8	2.415263E-3
6.210000E-8	2.468365E-3
6.215000E-8	2.519753E-3
6.220000E-8	2.552299E-3
6.225000E-8	2.567716E-3
6.230000E-8	2.574568E-3
6.235000E-8	2.577993E-3
6.240000E-8	2.552299E-3
6.245000E-8	2.494059E-3
6.250000E-8	2.425541E-3
6.255000E-8	2.367301E-3
6.260000E-8	2.303921E-3
6.265000E-8	2.240542E-3
6.270000E-8	2.199431E-3
6.275000E-8	2.185728E-3
6.280000E-8	2.187441E-3
6.285000E-8	2.206283E-3
6.290000E-8	2.243968E-3
6.295000E-8	2.286792E-3
6.300000E-8	2.331329E-3
6.305000E-8	2.370726E-3
6.310000E-8	2.396421E-3
6.315000E-8	2.418689E-3
6.320000E-8	2.446096E-3
6.325000E-8	2.466652E-3
6.330000E-8	2.475216E-3
6.335000E-8	2.482068E-3
6.340000E-8	2.483781E-3
6.345000E-8	2.492346E-3
6.350000E-8	2.521466E-3
6.355000E-8	2.557438E-3
6.360000E-8	2.574568E-3
6.365000E-8	2.588271E-3
6.370000E-8	2.603688E-3
6.375000E-8	2.596836E-3
6.380000E-8	2.555725E-3
6.385000E-8	2.494059E-3
6.390000E-8	2.406698E-3
6.395000E-8	2.293644E-3
6.400000E-8	2.180589E-3
6.405000E-8	2.084664E-3
6.410000E-8	1.995590E-3
6.415000E-8	1.918508E-3
6.420000E-8	1.867119E-3
6.425000E-8	1.839712E-3
6.430000E-8	1.837999E-3
6.435000E-8	1.867119E-3
6.440000E-8	1.925359E-3
6.445000E-8	2.002442E-3
6.450000E-8	2.093229E-3
6.455000E-8	2.187441E-3
6.460000E-8	2.285079E-3
6.465000E-8	2.391282E-3
6.470000E-8	2.490633E-3
6.475000E-8	2.554012E-3
6.480000E-8	2.595123E-3
6.485000E-8	2.631095E-3
6.490000E-8	2.655076E-3
6.495000E-8	2.661928E-3
6.500000E-8	2.673919E-3
6.505000E-8	2.689335E-3
6.510000E-8	2.682483E-3
6.515000E-8	2.646511E-3
6.520000E-8	2.603688E-3
6.525000E-8	2.560864E-3
6.530000E-8	2.518040E-3
6.535000E-8	2.473503E-3
6.540000E-8	2.428967E-3
6.545000E-8	2.387856E-3
6.550000E-8	2.351884E-3
6.555000E-8	2.305634E-3
6.560000E-8	2.254246E-3
6.565000E-8	2.214848E-3
6.570000E-8	2.185728E-3
6.575000E-8	2.161747E-3
6.580000E-8	2.149756E-3
6.585000E-8	2.156608E-3
6.590000E-8	2.173737E-3
6.595000E-8	2.201144E-3
6.600000E-8	2.250820E-3
6.605000E-8	2.314199E-3
6.610000E-8	2.384430E-3
6.615000E-8	2.461513E-3
6.620000E-8	2.548873E-3
6.625000E-8	2.625956E-3
6.630000E-8	2.689335E-3
6.635000E-8	2.723594E-3
6.640000E-8	2.716742E-3
6.645000E-8	2.685909E-3
6.650000E-8	2.644798E-3
6.655000E-8	2.581419E-3
6.660000E-8	2.482068E-3
6.665000E-8	2.363875E-3
6.670000E-8	2.240542E-3
6.675000E-8	2.108645E-3
6.680000E-8	1.990452E-3
6.685000E-8	1.909943E-3
6.690000E-8	1.863693E-3
6.695000E-8	1.844851E-3
6.700000E-8	1.853416E-3
6.705000E-8	1.875684E-3
6.710000E-8	1.899665E-3
6.715000E-8	1.940776E-3
6.720000E-8	2.002442E-3
6.725000E-8	2.064108E-3
6.730000E-8	2.125775E-3
6.735000E-8	2.197719E-3
6.740000E-8	2.259385E-3
6.745000E-8	2.303921E-3
6.750000E-8	2.353597E-3
6.755000E-8	2.410124E-3
6.760000E-8	2.454661E-3
6.765000E-8	2.494059E-3
6.770000E-8	2.542021E-3
6.775000E-8	2.579706E-3
6.780000E-8	2.579706E-3
6.785000E-8	2.550586E-3
6.790000E-8	2.509475E-3
6.795000E-8	2.459800E-3
6.800000E-8	2.394708E-3
6.805000E-8	2.315912E-3
6.810000E-8	2.237116E-3
6.815000E-8	2.156608E-3
6.820000E-8	2.065821E-3
6.825000E-8	1.971609E-3
6.830000E-8	1.896239E-3
6.835000E-8	1.843138E-3
6.840000E-8	1.810592E-3
6.845000E-8	1.802027E-3
6.850000E-8	1.820870E-3
6.855000E-8	1.865406E-3
6.860000E-8	1.920221E-3
6.865000E-8	1.981887E-3
6.870000E-8	2.053831E-3
6.875000E-8	2.120636E-3
6.880000E-8	2.151469E-3
6.885000E-8	2.149756E-3
6.890000E-8	2.141191E-3
6.895000E-8	2.117210E-3
6.900000E-8	2.079525E-3
6.905000E-8	2.055544E-3
6.910000E-8	2.045266E-3
6.915000E-8	2.024711E-3
6.920000E-8	2.000729E-3
6.925000E-8	1.993877E-3
6.930000E-8	1.995590E-3
6.935000E-8	1.993877E-3
6.940000E-8	1.997303E-3
6.945000E-8	2.005868E-3
6.950000E-8	2.004155E-3
6.955000E-8	1.997303E-3
6.960000E-8	1.990452E-3
6.965000E-8	1.963044E-3
6.970000E-8	1.913369E-3
6.975000E-8	1.853416E-3
6.980000E-8	1.788323E-3
6.985000E-8	1.730083E-3
6.990000E-8	1.694111E-3
6.995000E-8	1.682121E-3
7.000000E-8	1.697537E-3
7.005000E-8	1.750639E-3
7.010000E-8	1.822582E-3
7.015000E-8	1.908230E-3
7.020000E-8	2.017859E-3
7.025000E-8	2.141191E-3
7.030000E-8	2.233690E-3
7.035000E-8	2.293644E-3
7.040000E-8	2.334755E-3
7.045000E-8	2.355310E-3
7.050000E-8	2.357023E-3
7.055000E-8	2.362162E-3
7.060000E-8	2.365588E-3
7.065000E-8	2.357023E-3
7.070000E-8	2.348458E-3
7.075000E-8	2.329616E-3
7.080000E-8	2.295357E-3
7.085000E-8	2.262811E-3
7.090000E-8	2.242255E-3
7.095000E-8	2.207996E-3
7.100000E-8	2.166885E-3
7.105000E-8	2.146330E-3
7.110000E-8	2.139478E-3
7.115000E-8	2.132626E-3
7.120000E-8	2.136052E-3
7.125000E-8	2.161747E-3
7.130000E-8	2.190867E-3
7.135000E-8	2.214848E-3
7.140000E-8	2.247394E-3
7.145000E-8	2.286792E-3
7.150000E-8	2.322764E-3
7.155000E-8	2.358736E-3
7.160000E-8	2.386143E-3
7.165000E-8	2.398134E-3
7.170000E-8	2.398134E-3
7.175000E-8	2.389569E-3
7.180000E-8	2.363875E-3
7.185000E-8	2.324477E-3
7.190000E-8	2.297070E-3
7.195000E-8	2.281653E-3
7.200000E-8	2.255959E-3
7.205000E-8	2.228552E-3
7.210000E-8	2.221700E-3
7.215000E-8	2.213135E-3
7.220000E-8	2.185728E-3
7.225000E-8	2.161747E-3
7.230000E-8	2.153182E-3
7.235000E-8	2.146330E-3
7.240000E-8	2.146330E-3
7.245000E-8	2.161747E-3
7.250000E-8	2.168598E-3
7.255000E-8	2.149756E-3
7.260000E-8	2.120636E-3
7.265000E-8	2.110358E-3
7.270000E-8	2.112071E-3
7.275000E-8	2.118923E-3
7.280000E-8	2.142904E-3
7.285000E-8	2.199431E-3
7.290000E-8	2.266237E-3
7.295000E-8	2.324477E-3
7.300000E-8	2.391282E-3
7.305000E-8	2.468365E-3
7.310000E-8	2.547160E-3
7.315000E-8	2.624243E-3
7.320000E-8	2.687622E-3
7.325000E-8	2.721881E-3
7.330000E-8	2.744150E-3
7.335000E-8	2.757853E-3
7.340000E-8	2.737298E-3
7.345000E-8	2.684196E-3
7.350000E-8	2.624243E-3
7.355000E-8	2.547160E-3
7.360000E-8	2.456374E-3
7.365000E-8	2.384430E-3
7.370000E-8	2.315912E-3
7.375000E-8	2.228552E-3
7.380000E-8	2.151469E-3
7.385000E-8	2.120636E-3
7.390000E-8	2.118923E-3
7.395000E-8	2.151469E-3
7.400000E-8	2.237116E-3
7.405000E-8	2.339893E-3
7.410000E-8	2.423828E-3
7.415000E-8	2.500911E-3
7.420000E-8	2.571142E-3
7.425000E-8	2.603688E-3
7.430000E-8	2.595123E-3
7.435000E-8	2.572855E-3
7.440000E-8	2.530031E-3
7.445000E-8	2.468365E-3
7.450000E-8	2.411837E-3
7.455000E-8	2.363875E-3
7.460000E-8	2.315912E-3
7.465000E-8	2.266237E-3
7.470000E-8	2.245681E-3
7.475000E-8	2.249107E-3
7.480000E-8	2.252533E-3
7.485000E-8	2.250820E-3
7.490000E-8	2.249107E-3
7.495000E-8	2.233690E-3
7.500000E-8	2.190867E-3
7.505000E-8	2.132626E-3
7.510000E-8	2.076099E-3
7.515000E-8	2.024711E-3
7.520000E-8	1.988739E-3
7.525000E-8	1.976748E-3
7.530000E-8	1.988739E-3
7.535000E-8	2.022998E-3
7.540000E-8	2.074386E-3
7.545000E-8	2.148043E-3
7.550000E-8	2.235403E-3
7.555000E-8	2.321051E-3
7.560000E-8	2.403273E-3
7.565000E-8	2.471791E-3
7.570000E-8	2.506050E-3
7.575000E-8	2.494059E-3
7.580000E-8	2.459800E-3
7.585000E-8	2.416976E-3
7.590000E-8	2.360449E-3
7.595000E-8	2.291931E-3
7.600000E-8	2.230265E-3
7.605000E-8	2.180589E-3
7.610000E-8	2.149756E-3
7.615000E-8	2.154895E-3
7.620000E-8	2.189154E-3
7.625000E-8	2.231978E-3
7.630000E-8	2.281653E-3
7.635000E-8	2.336467E-3
7.640000E-8	2.379291E-3
7.645000E-8	2.411837E-3
7.650000E-8	2.440957E-3
7.655000E-8	2.452948E-3
7.660000E-8	2.447809E-3
7.665000E-8	2.432393E-3
7.670000E-8	2.408411E-3
7.675000E-8	2.372439E-3
7.680000E-8	2.329616E-3
7.685000E-8	2.278227E-3
7.690000E-8	2.213135E-3
7.695000E-8	2.146330E-3
7.700000E-8	2.093229E-3
7.705000E-8	2.043553E-3
7.710000E-8	1.992165E-3
7.715000E-8	1.944202E-3
7.720000E-8	1.909943E-3
7.725000E-8	1.892813E-3
7.730000E-8	1.901378E-3
7.735000E-8	1.927072E-3
7.740000E-8	1.956193E-3
7.745000E-8	1.985313E-3
7.750000E-8	2.026424E-3
7.755000E-8	2.070960E-3
7.760000E-8	2.098367E-3
7.765000E-8	2.113784E-3
7.770000E-8	2.141191E-3
7.775000E-8	2.175450E-3
7.780000E-8	2.197719E-3
7.785000E-8	2.207996E-3
7.790000E-8	2.207996E-3
7.795000E-8	2.202857E-3
7.800000E-8	2.194293E-3
7.805000E-8	2.178876E-3
7.810000E-8	2.151469E-3
7.815000E-8	2.129201E-3
7.820000E-8	2.132626E-3
7.825000E-8	2.144617E-3
7.830000E-8	2.142904E-3
7.835000E-8	2.132626E-3
7.840000E-8	2.127488E-3
7.845000E-8	2.117210E-3
7.850000E-8	2.088090E-3
7.855000E-8	2.052118E-3
7.860000E-8	2.028136E-3
7.865000E-8	2.024711E-3
7.870000E-8	2.043553E-3
7.875000E-8	2.076099E-3
7.880000E-8	2.115497E-3
7.885000E-8	2.160034E-3
7.890000E-8	2.204570E-3
7.895000E-8	2.254246E-3
7.900000E-8	2.312486E-3
7.905000E-8	2.372439E-3
7.910000E-8	2.432393E-3
7.915000E-8	2.492346E-3
7.920000E-8	2.547160E-3
7.925000E-8	2.572855E-3
7.930000E-8	2.576280E-3
7.935000E-8	2.574568E-3
7.940000E-8	2.559151E-3
7.945000E-8	2.526605E-3
7.950000E-8	2.483781E-3
7.955000E-8	2.444383E-3
7.960000E-8	2.406698E-3
7.965000E-8	2.379291E-3
7.970000E-8	2.350171E-3
7.975000E-8	2.315912E-3
7.980000E-8	2.279940E-3
7.985000E-8	2.243968E-3
7.990000E-8	2.204570E-3
7.995000E-8	2.172024E-3
8.000000E-8	2.139478E-3
8.005000E-8	2.100080E-3
8.010000E-8	2.062395E-3
8.015000E-8	2.029849E-3
8.020000E-8	1.981887E-3
8.025000E-8	1.932211E-3
8.030000E-8	1.916795E-3
8.035000E-8	1.927072E-3
8.040000E-8	1.940776E-3
8.045000E-8	1.980174E-3
8.050000E-8	2.053831E-3
8.055000E-8	2.130913E-3
8.060000E-8	2.202857E-3
8.065000E-8	2.278227E-3
8.070000E-8	2.345032E-3
8.075000E-8	2.382717E-3
8.080000E-8	2.398134E-3
8.085000E-8	2.392995E-3
8.090000E-8	2.370726E-3
8.095000E-8	2.333042E-3
8.100000E-8	2.271375E-3
8.105000E-8	2.192580E-3
8.110000E-8	2.120636E-3
8.115000E-8	2.064108E-3
8.120000E-8	2.016146E-3
8.125000E-8	1.993877E-3
8.130000E-8	2.011007E-3
8.135000E-8	2.062395E-3
8.140000E-8	2.130913E-3
8.145000E-8	2.207996E-3
8.150000E-8	2.279940E-3
8.155000E-8	2.329616E-3
8.160000E-8	2.358736E-3
8.165000E-8	2.370726E-3
8.170000E-8	2.363875E-3
8.175000E-8	2.331329E-3
8.180000E-8	2.281653E-3
8.185000E-8	2.225126E-3
8.190000E-8	2.160034E-3
8.195000E-8	2.096654E-3
8.200000E-8	2.050405E-3
8.205000E-8	2.029849E-3
8.210000E-8	2.028136E-3
8.215000E-8	2.043553E-3
8.220000E-8	2.072673E-3
8.225000E-8	2.115497E-3
8.230000E-8	2.158321E-3
8.235000E-8	2.196006E-3
8.240000E-8	2.223413E-3
8.245000E-8	2.233690E-3
8.250000E-8	2.223413E-3
8.255000E-8	2.206283E-3
8.260000E-8	2.192580E-3
8.265000E-8	2.173737E-3
8.270000E-8	2.153182E-3
8.275000E-8	2.142904E-3
8.280000E-8	2.134339E-3
8.285000E-8	2.110358E-3
8.290000E-8	2.069247E-3
8.295000E-8	2.029849E-3
8.300000E-8	1.988739E-3
8.305000E-8	1.942489E-3
8.310000E-8	1.903091E-3
8.315000E-8	1.884249E-3
8.320000E-8	1.882536E-3
8.325000E-8	1.897952E-3
8.330000E-8	1.923647E-3
8.335000E-8	1.959618E-3
8.340000E-8	1.999016E-3
8.345000E-8	2.029849E-3
8.350000E-8	2.038414E-3
8.355000E-8	2.031562E-3
8.360000E-8	2.012720E-3
8.365000E-8	1.971609E-3
8.370000E-8	1.915082E-3
8.375000E-8	1.863693E-3
8.380000E-8	1.810592E-3
8.385000E-8	1.754064E-3
8.390000E-8	1.709528E-3
8.395000E-8	1.699250E-3
8.400000E-8	1.714667E-3
8.405000E-8	1.748926E-3
8.410000E-8	1.802027E-3
8.415000E-8	1.861980E-3
8.420000E-8	1.935637E-3
8.425000E-8	2.024711E-3
8.430000E-8	2.103506E-3
8.435000E-8	2.154895E-3
8.440000E-8	2.187441E-3
8.445000E-8	2.207996E-3
8.450000E-8	2.213135E-3
8.455000E-8	2.197719E-3
8.460000E-8	2.177163E-3
8.465000E-8	2.170311E-3
8.470000E-8	2.175450E-3
8.475000E-8	2.182302E-3
8.480000E-8	2.185728E-3
8.485000E-8	2.202857E-3
8.490000E-8	2.233690E-3
8.495000E-8	2.255959E-3
8.500000E-8	2.266237E-3
8.505000E-8	2.269662E-3
8.510000E-8	2.249107E-3
8.515000E-8	2.197719E-3
8.520000E-8	2.137765E-3
8.525000E-8	2.081238E-3
8.530000E-8	2.019572E-3
8.535000E-8	1.966470E-3
8.540000E-8	1.935637E-3
8.545000E-8	1.932211E-3
8.550000E-8	1.940776E-3
8.555000E-8	1.949341E-3
8.560000E-8	1.961331E-3
8.565000E-8	1.983600E-3
8.570000E-8	2.012720E-3
8.575000E-8	2.029849E-3
8.580000E-8	2.031562E-3
8.585000E-8	2.012720E-3
8.590000E-8	1.971609E-3
8.595000E-8	1.928785E-3
8.600000E-8	1.908230E-3
8.605000E-8	1.894526E-3
8.610000E-8	1.882536E-3
8.615000E-8	1.891100E-3
8.620000E-8	1.913369E-3
8.625000E-8	1.932211E-3
8.630000E-8	1.956193E-3
8.635000E-8	2.002442E-3
8.640000E-8	2.043553E-3
8.645000E-8	2.058970E-3
8.650000E-8	2.057257E-3
8.655000E-8	2.057257E-3
8.660000E-8	2.064108E-3
8.665000E-8	2.076099E-3
8.670000E-8	2.076099E-3
8.675000E-8	2.060683E-3
8.680000E-8	2.040127E-3
8.685000E-8	2.017859E-3
8.690000E-8	1.993877E-3
8.695000E-8	1.978461E-3
8.700000E-8	1.961331E-3
8.705000E-8	1.932211E-3
8.710000E-8	1.909943E-3
8.715000E-8	1.903091E-3
8.720000E-8	1.903091E-3
8.725000E-8	1.911656E-3
8.730000E-8	1.942489E-3
8.735000E-8	1.976748E-3
8.740000E-8	1.993877E-3
8.745000E-8	2.000729E-3
8.750000E-8	2.014433E-3
8.755000E-8	2.026424E-3
8.760000E-8	2.019572E-3
8.765000E-8	2.005868E-3
8.770000E-8	1.993877E-3
8.775000E-8	1.978461E-3
8.780000E-8	1.954480E-3
8.785000E-8	1.932211E-3
8.790000E-8	1.911656E-3
8.795000E-8	1.880823E-3
8.800000E-8	1.848277E-3
8.805000E-8	1.836286E-3
8.810000E-8	1.834573E-3
8.815000E-8	1.827721E-3
8.820000E-8	1.836286E-3
8.825000E-8	1.868832E-3
8.830000E-8	1.899665E-3
8.835000E-8	1.920221E-3
8.840000E-8	1.945915E-3
8.845000E-8	1.983600E-3
8.850000E-8	2.007581E-3
8.855000E-8	2.005868E-3
8.860000E-8	2.004155E-3
8.865000E-8	2.014433E-3
8.870000E-8	2.011007E-3
8.875000E-8	1.980174E-3
8.880000E-8	1.947628E-3
8.885000E-8	1.925359E-3
8.890000E-8	1.904804E-3
8.895000E-8	1.896239E-3
8.900000E-8	1.915082E-3
8.905000E-8	1.952767E-3
8.910000E-8	1.988739E-3
8.915000E-8	2.017859E-3
8.920000E-8	2.050405E-3
8.925000E-8	2.074386E-3
8.930000E-8	2.079525E-3
8.935000E-8	2.081238E-3
8.940000E-8	2.093229E-3
8.945000E-8	2.101793E-3
8.950000E-8	2.089803E-3
8.955000E-8	2.072673E-3
8.960000E-8	2.070960E-3
8.965000E-8	2.076099E-3
8.970000E-8	2.076099E-3
8.975000E-8	2.077812E-3
8.980000E-8	2.086377E-3
8.985000E-8	2.106932E-3
8.990000E-8	2.146330E-3
8.995000E-8	2.192580E-3
9.000000E-8	2.230265E-3
9.005000E-8	2.266237E-3
9.010000E-8	2.310773E-3
9.015000E-8	2.351884E-3
9.020000E-8	2.381004E-3
9.025000E-8	2.404985E-3
9.030000E-8	2.413550E-3
9.035000E-8	2.389569E-3
9.040000E-8	2.339893E-3
9.045000E-8	2.276514E-3
9.050000E-8	2.194293E-3
9.055000E-8	2.091516E-3
9.060000E-8	1.975035E-3
9.065000E-8	1.861980E-3
9.070000E-8	1.778046E-3
9.075000E-8	1.730083E-3
9.080000E-8	1.712954E-3
9.085000E-8	1.721518E-3
9.090000E-8	1.760916E-3
9.095000E-8	1.829434E-3
9.100000E-8	1.918508E-3
9.105000E-8	2.016146E-3
9.110000E-8	2.117210E-3
9.115000E-8	2.216561E-3
9.120000E-8	2.307347E-3
9.125000E-8	2.370726E-3
9.130000E-8	2.406698E-3
9.135000E-8	2.435819E-3
9.140000E-8	2.459800E-3
9.145000E-8	2.466652E-3
9.150000E-8	2.454661E-3
9.155000E-8	2.427254E-3
9.160000E-8	2.386143E-3
9.165000E-8	2.343319E-3
9.170000E-8	2.303921E-3
9.175000E-8	2.259385E-3
9.180000E-8	2.214848E-3
9.185000E-8	2.178876E-3
9.190000E-8	2.144617E-3
9.195000E-8	2.108645E-3
9.200000E-8	2.081238E-3
9.205000E-8	2.058970E-3
9.210000E-8	2.038414E-3
9.215000E-8	2.021285E-3
9.220000E-8	2.014433E-3
9.225000E-8	2.016146E-3
9.230000E-8	2.021285E-3
9.235000E-8	2.024711E-3
9.240000E-8	2.016146E-3
9.245000E-8	2.004155E-3
9.250000E-8	1.995590E-3
9.255000E-8	1.985313E-3
9.260000E-8	1.981887E-3
9.265000E-8	2.009294E-3
9.270000E-8	2.057257E-3
9.275000E-8	2.093229E-3
9.280000E-8	2.117210E-3
9.285000E-8	2.148043E-3
9.290000E-8	2.180589E-3
9.295000E-8	2.197719E-3
9.300000E-8	2.190867E-3
9.305000E-8	2.170311E-3
9.310000E-8	2.132626E-3
9.315000E-8	2.084664E-3
9.320000E-8	2.024711E-3
9.325000E-8	1.957906E-3
9.330000E-8	1.891100E-3
9.335000E-8	1.843138E-3
9.340000E-8	1.815731E-3
9.345000E-8	1.810592E-3
9.350000E-8	1.839712E-3
9.355000E-8	1.911656E-3
9.360000E-8	1.993877E-3
9.365000E-8	2.065821E-3
9.370000E-8	2.129201E-3
9.375000E-8	2.182302E-3
9.380000E-8	2.196006E-3
9.385000E-8	2.172024E-3
9.390000E-8	2.137765E-3
9.395000E-8	2.098367E-3
9.400000E-8	2.033275E-3
9.405000E-8	1.951054E-3
9.410000E-8	1.880823E-3
9.415000E-8	1.829434E-3
9.420000E-8	1.781472E-3
9.425000E-8	1.752352E-3
9.430000E-8	1.757490E-3
9.435000E-8	1.791749E-3
9.440000E-8	1.827721E-3
9.445000E-8	1.870545E-3
9.450000E-8	1.918508E-3
9.455000E-8	1.957906E-3
9.460000E-8	1.985313E-3
9.465000E-8	1.995590E-3
9.470000E-8	1.983600E-3
9.475000E-8	1.964757E-3
9.480000E-8	1.949341E-3
9.485000E-8	1.935637E-3
9.490000E-8	1.916795E-3
9.495000E-8	1.908230E-3
9.500000E-8	1.920221E-3
9.505000E-8	1.947628E-3
9.510000E-8	1.983600E-3
9.515000E-8	2.021285E-3
9.520000E-8	2.041840E-3
9.525000E-8	2.053831E-3
9.530000E-8	2.076099E-3
9.535000E-8	2.096654E-3
9.540000E-8	2.093229E-3
9.545000E-8	2.072673E-3
9.550000E-8	2.045266E-3
9.555000E-8	2.000729E-3
9.560000E-8	1.944202E-3
9.565000E-8	1.885962E-3
9.570000E-8	1.827721E-3
9.575000E-8	1.778046E-3
9.580000E-8	1.747213E-3
9.585000E-8	1.730083E-3
9.590000E-8	1.714667E-3
9.595000E-8	1.714667E-3
9.600000E-8	1.742074E-3
9.605000E-8	1.786611E-3
9.610000E-8	1.848277E-3
9.615000E-8	1.927072E-3
9.620000E-8	2.004155E-3
9.625000E-8	2.058970E-3
9.630000E-8	2.084664E-3
9.635000E-8	2.089803E-3
9.640000E-8	2.076099E-3
9.645000E-8	2.048692E-3
9.650000E-8	2.004155E-3
9.655000E-8	1.944202E-3
9.660000E-8	1.879110E-3
9.665000E-8	1.822582E-3
9.670000E-8	1.778046E-3
9.675000E-8	1.745500E-3
9.680000E-8	1.723231E-3
9.685000E-8	1.709528E-3
9.690000E-8	1.716380E-3
9.695000E-8	1.743787E-3
9.700000E-8	1.786611E-3
9.705000E-8	1.843138E-3
9.710000E-8	1.909943E-3
9.715000E-8	1.961331E-3
9.720000E-8	1.992165E-3
9.725000E-8	2.022998E-3
9.730000E-8	2.048692E-3
9.735000E-8	2.053831E-3
9.740000E-8	2.029849E-3
9.745000E-8	1.988739E-3
9.750000E-8	1.932211E-3
9.755000E-8	1.858554E-3
9.760000E-8	1.771194E-3
9.765000E-8	1.687259E-3
9.770000E-8	1.617028E-3
9.775000E-8	1.567353E-3
9.780000E-8	1.539946E-3
9.785000E-8	1.553649E-3
9.790000E-8	1.610177E-3
9.795000E-8	1.694111E-3
9.800000E-8	1.793462E-3
9.805000E-8	1.909943E-3
9.810000E-8	2.024711E-3
9.815000E-8	2.129201E-3
9.820000E-8	2.216561E-3
9.825000E-8	2.281653E-3
9.830000E-8	2.307347E-3
9.835000E-8	2.303921E-3
9.840000E-8	2.278227E-3
9.845000E-8	2.228552E-3
9.850000E-8	2.165172E-3
9.855000E-8	2.100080E-3
9.860000E-8	2.041840E-3
9.865000E-8	2.000729E-3
9.870000E-8	1.975035E-3
9.875000E-8	1.956193E-3
9.880000E-8	1.949341E-3
9.885000E-8	1.964757E-3
9.890000E-8	1.995590E-3
9.895000E-8	2.026424E-3
9.900000E-8	2.045266E-3
9.905000E-8	2.052118E-3
9.910000E-8	2.048692E-3
9.915000E-8	2.034988E-3
9.920000E-8	2.009294E-3
9.925000E-8	1.978461E-3
9.930000E-8	1.959618E-3
9.935000E-8	1.945915E-3
9.940000E-8	1.913369E-3
9.945000E-8	1.860267E-3
9.950000E-8	1.810592E-3
9.955000E-8	1.767768E-3
9.960000E-8	1.719805E-3
9.965000E-8	1.688972E-3
9.970000E-8	1.688972E-3
9.975000E-8	1.707815E-3
9.980000E-8	1.735222E-3
9.985000E-8	1.778046E-3
9.990000E-8	1.822582E-3
9.995000E-8	1.858554E-3
1.000000E-7	1.901378E-3
1.000500E-7	1.951054E-3
1.001000E-7	1.993877E-3
1.001500E-7	2.029849E-3
1.002000E-7	2.067534E-3
1.002500E-7	2.077812E-3
1.003000E-7	2.058970E-3
1.003500E-7	2.033275E-3
1.004000E-7	1.999016E-3
1.004500E-7	1.940776E-3
1.005000E-7	1.875684E-3
1.005500E-7	1.812305E-3
1.006000E-7	1.743787E-3
1.006500E-7	1.675269E-3
1.007000E-7	1.622167E-3
1.007500E-7	1.581056E-3
1.008000E-7	1.560501E-3
1.008500E-7	1.572492E-3
1.009000E-7	1.603325E-3
1.009500E-7	1.649575E-3
1.010000E-7	1.716380E-3
1.010500E-7	1.788323E-3
1.011000E-7	1.856841E-3
1.011500E-7	1.930498E-3
1.012000E-7	1.999016E-3
1.012500E-7	2.050405E-3
1.013000E-7	2.091516E-3
1.013500E-7	2.117210E-3
1.014000E-7	2.105219E-3
1.014500E-7	2.076099E-3
1.015000E-7	2.038414E-3
1.015500E-7	1.968183E-3
1.016000E-7	1.884249E-3
1.016500E-7	1.820870E-3
1.017000E-7	1.764342E-3
1.017500E-7	1.706102E-3
1.018000E-7	1.668417E-3
1.018500E-7	1.668417E-3
1.019000E-7	1.687259E-3
1.019500E-7	1.719805E-3
1.020000E-7	1.772907E-3
1.020500E-7	1.824295E-3
1.021000E-7	1.860267E-3
1.021500E-7	1.884249E-3
1.022000E-7	1.906517E-3
1.022500E-7	1.920221E-3
1.023000E-7	1.918508E-3
1.023500E-7	1.901378E-3
1.024000E-7	1.875684E-3
1.024500E-7	1.858554E-3
1.025000E-7	1.844851E-3
1.025500E-7	1.822582E-3
1.026000E-7	1.802027E-3
1.026500E-7	1.800314E-3
1.027000E-7	1.800314E-3
1.027500E-7	1.784898E-3
1.028000E-7	1.760916E-3
1.028500E-7	1.738648E-3
1.029000E-7	1.706102E-3
1.029500E-7	1.668417E-3
1.030000E-7	1.637584E-3
1.030500E-7	1.608464E-3
1.031000E-7	1.584482E-3
1.031500E-7	1.579344E-3
1.032000E-7	1.599899E-3
1.032500E-7	1.630732E-3
1.033000E-7	1.670130E-3
1.033500E-7	1.726657E-3
1.034000E-7	1.814018E-3
1.034500E-7	1.920221E-3
1.035000E-7	2.021285E-3
1.035500E-7	2.098367E-3
1.036000E-7	2.151469E-3
1.036500E-7	2.187441E-3
1.037000E-7	2.206283E-3
1.037500E-7	2.197719E-3
1.038000E-7	2.170311E-3
1.038500E-7	2.141191E-3
1.039000E-7	2.113784E-3
1.039500E-7	2.077812E-3
1.040000E-7	2.043553E-3
1.040500E-7	2.034988E-3
1.041000E-7	2.050405E-3
1.041500E-7	2.070960E-3
1.042000E-7	2.084664E-3
1.042500E-7	2.100080E-3
1.043000E-7	2.118923E-3
1.043500E-7	2.124062E-3
1.044000E-7	2.103506E-3
1.044500E-7	2.065821E-3
1.045000E-7	2.011007E-3
1.045500E-7	1.928785E-3
1.046000E-7	1.831147E-3
1.046500E-7	1.747213E-3
1.047000E-7	1.683834E-3
1.047500E-7	1.641010E-3
1.048000E-7	1.632445E-3
1.048500E-7	1.663278E-3
1.049000E-7	1.719805E-3
1.049500E-7	1.796888E-3
1.050000E-7	1.894526E-3
1.050500E-7	1.995590E-3
1.051000E-7	2.088090E-3
1.051500E-7	2.154895E-3
1.052000E-7	2.184015E-3
1.052500E-7	2.165172E-3
1.053000E-7	2.100080E-3
1.053500E-7	1.997303E-3
1.054000E-7	1.873971E-3
1.054500E-7	1.759203E-3
1.055000E-7	1.661565E-3
1.055500E-7	1.589621E-3
1.056000E-7	1.550223E-3
1.056500E-7	1.555362E-3
1.057000E-7	1.601612E-3
1.057500E-7	1.676982E-3
1.058000E-7	1.752352E-3
1.058500E-7	1.829434E-3
1.059000E-7	1.916795E-3
1.059500E-7	1.983600E-3
1.060000E-7	2.002442E-3
1.060500E-7	1.988739E-3
1.061000E-7	1.963044E-3
1.061500E-7	1.920221E-3
1.062000E-7	1.858554E-3
1.062500E-7	1.808879E-3
1.063000E-7	1.776333E-3
1.063500E-7	1.767768E-3
1.064000E-7	1.791749E-3
1.064500E-7	1.849990E-3
1.065000E-7	1.937350E-3
1.065500E-7	2.048692E-3
1.066000E-7	2.170311E-3
1.066500E-7	2.286792E-3
1.067000E-7	2.381004E-3
1.067500E-7	2.435819E-3
1.068000E-7	2.444383E-3
1.068500E-7	2.420402E-3
1.069000E-7	2.367301E-3
1.069500E-7	2.281653E-3
1.070000E-7	2.178876E-3
1.070500E-7	2.052118E-3
1.071000E-7	1.908230E-3
1.071500E-7	1.778046E-3
1.072000E-7	1.697537E-3
1.072500E-7	1.653000E-3
1.073000E-7	1.632445E-3
1.073500E-7	1.630732E-3
1.074000E-7	1.642723E-3
1.074500E-7	1.656426E-3
1.075000E-7	1.661565E-3
1.075500E-7	1.661565E-3
1.076000E-7	1.661565E-3
1.076500E-7	1.675269E-3
1.077000E-7	1.695824E-3
1.077500E-7	1.697537E-3
1.078000E-7	1.692398E-3
1.078500E-7	1.712954E-3
1.079000E-7	1.771194E-3
1.079500E-7	1.841425E-3
1.080000E-7	1.903091E-3
1.080500E-7	1.966470E-3
1.081000E-7	2.031562E-3
1.081500E-7	2.070960E-3
1.082000E-7	2.076099E-3
1.082500E-7	2.076099E-3
1.083000E-7	2.076099E-3
1.083500E-7	2.069247E-3
1.084000E-7	2.062395E-3
1.084500E-7	2.064108E-3
1.085000E-7	2.069247E-3
1.085500E-7	2.070960E-3
1.086000E-7	2.070960E-3
1.086500E-7	2.067534E-3
1.087000E-7	2.058970E-3
1.087500E-7	2.034988E-3
1.088000E-7	1.990452E-3
1.088500E-7	1.932211E-3
1.089000E-7	1.858554E-3
1.089500E-7	1.759203E-3
1.090000E-7	1.654713E-3
1.090500E-7	1.579344E-3
1.091000E-7	1.543372E-3
1.091500E-7	1.548510E-3
1.092000E-7	1.593047E-3
1.092500E-7	1.661565E-3
1.093000E-7	1.750639E-3
1.093500E-7	1.868832E-3
1.094000E-7	1.985313E-3
1.094500E-7	2.058970E-3
1.095000E-7	2.094942E-3
1.095500E-7	2.108645E-3
1.096000E-7	2.093229E-3
1.096500E-7	2.033275E-3
1.097000E-7	1.942489E-3
1.097500E-7	1.832860E-3
1.098000E-7	1.716380E-3
1.098500E-7	1.611890E-3
1.099000E-7	1.526242E-3
1.099500E-7	1.469715E-3
1.100000E-7	1.447446E-3
1.100500E-7	1.444020E-3
1.101000E-7	1.454298E-3
1.101500E-7	1.490270E-3
1.102000E-7	1.548510E-3
1.102500E-7	1.623880E-3
1.103000E-7	1.728370E-3
1.103500E-7	1.855129E-3
1.104000E-7	1.975035E-3
1.104500E-7	2.079525E-3
1.105000E-7	2.172024E-3
1.105500E-7	2.240542E-3
1.106000E-7	2.262811E-3
1.106500E-7	2.247394E-3
1.107000E-7	2.211422E-3
1.107500E-7	2.156608E-3
1.108000E-7	2.082951E-3
1.108500E-7	2.002442E-3
1.109000E-7	1.935637E-3
1.109500E-7	1.877397E-3
1.110000E-7	1.820870E-3
1.110500E-7	1.764342E-3
1.111000E-7	1.719805E-3
1.111500E-7	1.694111E-3
1.112000E-7	1.683834E-3
1.112500E-7	1.680408E-3
1.113000E-7	1.688972E-3
1.113500E-7	1.723231E-3
1.114000E-7	1.759203E-3
1.114500E-7	1.772907E-3
1.115000E-7	1.774620E-3
1.115500E-7	1.784898E-3
1.116000E-7	1.790036E-3
1.116500E-7	1.786611E-3
1.117000E-7	1.783185E-3
1.117500E-7	1.795175E-3
1.118000E-7	1.824295E-3
1.118500E-7	1.858554E-3
1.119000E-7	1.879110E-3
1.119500E-7	1.894526E-3
1.120000E-7	1.918508E-3
1.120500E-7	1.928785E-3
1.121000E-7	1.916795E-3
1.121500E-7	1.913369E-3
1.122000E-7	1.921934E-3
1.122500E-7	1.921934E-3
1.123000E-7	1.921934E-3
1.123500E-7	1.923647E-3
1.124000E-7	1.901378E-3
1.124500E-7	1.853416E-3
1.125000E-7	1.812305E-3
1.125500E-7	1.784898E-3
1.126000E-7	1.750639E-3
1.126500E-7	1.707815E-3
1.127000E-7	1.675269E-3
1.127500E-7	1.653000E-3
1.128000E-7	1.654713E-3
1.128500E-7	1.676982E-3
1.129000E-7	1.711241E-3
1.129500E-7	1.757490E-3
1.130000E-7	1.817444E-3
1.130500E-7	1.880823E-3
1.131000E-7	1.949341E-3
1.131500E-7	2.011007E-3
1.132000E-7	2.038414E-3
1.132500E-7	2.026424E-3
1.133000E-7	2.011007E-3
1.133500E-7	1.992165E-3
1.134000E-7	1.944202E-3
1.134500E-7	1.873971E-3
1.135000E-7	1.805453E-3
1.135500E-7	1.742074E-3
1.136000E-7	1.692398E-3
1.136500E-7	1.666704E-3
1.137000E-7	1.654713E-3
1.137500E-7	1.646149E-3
1.138000E-7	1.654713E-3
1.138500E-7	1.676982E-3
1.139000E-7	1.695824E-3
1.139500E-7	1.712954E-3
1.140000E-7	1.733509E-3
1.140500E-7	1.750639E-3
1.141000E-7	1.759203E-3
1.141500E-7	1.769481E-3
1.142000E-7	1.774620E-3
1.142500E-7	1.776333E-3
1.143000E-7	1.784898E-3
1.143500E-7	1.795175E-3
1.144000E-7	1.802027E-3
1.144500E-7	1.807166E-3
1.145000E-7	1.807166E-3
1.145500E-7	1.796888E-3
1.146000E-7	1.803740E-3
1.146500E-7	1.846564E-3
1.147000E-7	1.909943E-3
1.147500E-7	1.983600E-3
1.148000E-7	2.065821E-3
1.148500E-7	2.146330E-3
1.149000E-7	2.226839E-3
1.149500E-7	2.307347E-3
1.150000E-7	2.362162E-3
1.150500E-7	2.372439E-3
1.151000E-7	2.358736E-3
1.151500E-7	2.322764E-3
1.152000E-7	2.254246E-3
1.152500E-7	2.173737E-3
1.153000E-7	2.098367E-3
1.153500E-7	2.002442E-3
1.154000E-7	1.887675E-3
1.154500E-7	1.790036E-3
1.155000E-7	1.714667E-3
1.155500E-7	1.639297E-3
1.156000E-7	1.586195E-3
1.156500E-7	1.567353E-3
1.157000E-7	1.563927E-3
1.157500E-7	1.565640E-3
1.158000E-7	1.575918E-3
1.158500E-7	1.589621E-3
1.159000E-7	1.598186E-3
1.159500E-7	1.610177E-3
1.160000E-7	1.629019E-3
1.160500E-7	1.658139E-3
1.161000E-7	1.680408E-3
1.161500E-7	1.683834E-3
1.162000E-7	1.692398E-3
1.162500E-7	1.738648E-3
1.163000E-7	1.808879E-3
1.163500E-7	1.875684E-3
1.164000E-7	1.949341E-3
1.164500E-7	2.029849E-3
1.165000E-7	2.096654E-3
1.165500E-7	2.142904E-3
1.166000E-7	2.175450E-3
1.166500E-7	2.182302E-3
1.167000E-7	2.153182E-3
1.167500E-7	2.091516E-3
1.168000E-7	2.005868E-3
1.168500E-7	1.903091E-3
1.169000E-7	1.807166E-3
1.169500E-7	1.730083E-3
1.170000E-7	1.664991E-3
1.170500E-7	1.625593E-3
1.171000E-7	1.625593E-3
1.171500E-7	1.663278E-3
1.172000E-7	1.726657E-3
1.172500E-7	1.808879E-3
1.173000E-7	1.894526E-3
1.173500E-7	1.973322E-3
1.174000E-7	2.043553E-3
1.174500E-7	2.093229E-3
1.175000E-7	2.108645E-3
1.175500E-7	2.093229E-3
1.176000E-7	2.055544E-3
1.176500E-7	1.997303E-3
1.177000E-7	1.925359E-3
1.177500E-7	1.839712E-3
1.178000E-7	1.743787E-3
1.178500E-7	1.661565E-3
1.179000E-7	1.610177E-3
1.179500E-7	1.584482E-3
1.180000E-7	1.570779E-3
1.180500E-7	1.584482E-3
1.181000E-7	1.625593E-3
1.181500E-7	1.673556E-3
1.182000E-7	1.718093E-3
1.182500E-7	1.764342E-3
1.183000E-7	1.822582E-3
1.183500E-7	1.887675E-3
1.184000E-7	1.947628E-3
1.184500E-7	2.004155E-3
1.185000E-7	2.069247E-3
1.185500E-7	2.141191E-3
1.186000E-7	2.182302E-3
1.186500E-7	2.180589E-3
1.187000E-7	2.154895E-3
1.187500E-7	2.124062E-3
1.188000E-7	2.077812E-3
1.188500E-7	2.004155E-3
1.189000E-7	1.909943E-3
1.189500E-7	1.812305E-3
1.190000E-7	1.726657E-3
1.190500E-7	1.656426E-3
1.191000E-7	1.599899E-3
1.191500E-7	1.557075E-3
1.192000E-7	1.538233E-3
1.192500E-7	1.538233E-3
1.193000E-7	1.543372E-3
1.193500E-7	1.550223E-3
1.194000E-7	1.563927E-3
1.194500E-7	1.581056E-3
1.195000E-7	1.587908E-3
1.195500E-7	1.582769E-3
1.196000E-7	1.579344E-3
1.196500E-7	1.587908E-3
1.197000E-7	1.599899E-3
1.197500E-7	1.617028E-3
1.198000E-7	1.649575E-3
1.198500E-7	1.688972E-3
1.199000E-7	1.716380E-3
1.199500E-7	1.735222E-3
1.200000E-7	1.747213E-3
1.200500E-7	1.745500E-3
1.201000E-7	1.733509E-3
1.201500E-7	1.712954E-3
1.202000E-7	1.673556E-3
1.202500E-7	1.615315E-3
1.203000E-7	1.570779E-3
1.203500E-7	1.546797E-3
1.204000E-7	1.512538E-3
1.204500E-7	1.488557E-3
1.205000E-7	1.505687E-3
1.205500E-7	1.534807E-3
1.206000E-7	1.546797E-3
1.206500E-7	1.562214E-3
1.207000E-7	1.594760E-3
1.207500E-7	1.618741E-3
1.208000E-7	1.629019E-3
1.208500E-7	1.641010E-3
1.209000E-7	1.654713E-3
1.209500E-7	1.659852E-3
1.210000E-7	1.659852E-3
1.210500E-7	1.661565E-3
1.211000E-7	1.678695E-3
1.211500E-7	1.719805E-3
1.212000E-7	1.755777E-3
1.212500E-7	1.781472E-3
1.213000E-7	1.807166E-3
1.213500E-7	1.807166E-3
1.214000E-7	1.771194E-3
1.214500E-7	1.724944E-3
1.215000E-7	1.682121E-3
1.215500E-7	1.630732E-3
1.216000E-7	1.598186E-3
1.216500E-7	1.603325E-3
1.217000E-7	1.611890E-3
1.217500E-7	1.618741E-3
1.218000E-7	1.653000E-3
1.218500E-7	1.709528E-3
1.219000E-7	1.760916E-3
1.219500E-7	1.814018E-3
1.220000E-7	1.863693E-3
1.220500E-7	1.879110E-3
1.221000E-7	1.855129E-3
1.221500E-7	1.817444E-3
1.222000E-7	1.779759E-3
1.222500E-7	1.735222E-3
1.223000E-7	1.692398E-3
1.223500E-7	1.671843E-3
1.224000E-7	1.687259E-3
1.224500E-7	1.730083E-3
1.225000E-7	1.784898E-3
1.225500E-7	1.853416E-3
1.226000E-7	1.937350E-3
1.226500E-7	2.019572E-3
1.227000E-7	2.086377E-3
1.227500E-7	2.134339E-3
1.228000E-7	2.158321E-3
1.228500E-7	2.160034E-3
1.229000E-7	2.142904E-3
1.229500E-7	2.103506E-3
1.230000E-7	2.036701E-3
1.230500E-7	1.961331E-3
1.231000E-7	1.896239E-3
1.231500E-7	1.837999E-3
1.232000E-7	1.784898E-3
1.232500E-7	1.752352E-3
1.233000E-7	1.748926E-3
1.233500E-7	1.759203E-3
1.234000E-7	1.776333E-3
1.234500E-7	1.802027E-3
1.235000E-7	1.831147E-3
1.235500E-7	1.846564E-3
1.236000E-7	1.846564E-3
1.236500E-7	1.841425E-3
1.237000E-7	1.836286E-3
1.237500E-7	1.824295E-3
1.238000E-7	1.817444E-3
1.238500E-7	1.832860E-3
1.239000E-7	1.868832E-3
1.239500E-7	1.901378E-3
1.240000E-7	1.932211E-3
1.240500E-7	1.990452E-3
1.241000E-7	2.082951E-3
1.241500E-7	2.177163E-3
1.242000E-7	2.266237E-3
1.242500E-7	2.363875E-3
1.243000E-7	2.458087E-3
1.243500E-7	2.506050E-3
1.244000E-7	2.516327E-3
1.244500E-7	2.516327E-3
1.245000E-7	2.495772E-3
1.245500E-7	2.442670E-3
1.246000E-7	2.372439E-3
1.246500E-7	2.297070E-3
1.247000E-7	2.213135E-3
1.247500E-7	2.134339E-3
1.248000E-7	2.067534E-3
1.248500E-7	2.011007E-3
1.249000E-7	1.966470E-3
1.249500E-7	1.930498E-3
1.250000E-7	1.894526E-3
1.250500E-7	1.877397E-3
1.251000E-7	1.873971E-3
1.251500E-7	1.858554E-3
1.252000E-7	1.827721E-3
1.252500E-7	1.808879E-3
1.253000E-7	1.798601E-3
1.253500E-7	1.778046E-3
1.254000E-7	1.747213E-3
1.254500E-7	1.716380E-3
1.255000E-7	1.688972E-3
1.255500E-7	1.663278E-3
1.256000E-7	1.634158E-3
1.256500E-7	1.603325E-3
1.257000E-7	1.586195E-3
1.257500E-7	1.598186E-3
1.258000E-7	1.625593E-3
1.258500E-7	1.671843E-3
1.259000E-7	1.738648E-3
1.259500E-7	1.817444E-3
1.260000E-7	1.891100E-3
1.260500E-7	1.961331E-3
1.261000E-7	2.011007E-3
1.261500E-7	2.028136E-3
1.262000E-7	2.011007E-3
1.262500E-7	1.963044E-3
1.263000E-7	1.884249E-3
1.263500E-7	1.781472E-3
1.264000E-7	1.680408E-3
1.264500E-7	1.596473E-3
1.265000E-7	1.545085E-3
1.265500E-7	1.533094E-3
1.266000E-7	1.562214E-3
1.266500E-7	1.637584E-3
1.267000E-7	1.754064E-3
1.267500E-7	1.897952E-3
1.268000E-7	2.043553E-3
1.268500E-7	2.170311E-3
1.269000E-7	2.269662E-3
1.269500E-7	2.339893E-3
1.270000E-7	2.363875E-3
1.270500E-7	2.339893E-3
1.271000E-7	2.293644E-3
1.271500E-7	2.226839E-3
1.272000E-7	2.125775E-3
1.272500E-7	2.012720E-3
1.273000E-7	1.918508E-3
1.273500E-7	1.843138E-3
1.274000E-7	1.772907E-3
1.274500E-7	1.719805E-3
1.275000E-7	1.699250E-3
1.275500E-7	1.697537E-3
1.276000E-7	1.702676E-3
1.276500E-7	1.716380E-3
1.277000E-7	1.743787E-3
1.277500E-7	1.776333E-3
1.278000E-7	1.803740E-3
1.278500E-7	1.826008E-3
1.279000E-7	1.848277E-3
1.279500E-7	1.880823E-3
1.280000E-7	1.930498E-3
1.280500E-7	1.988739E-3
1.281000E-7	2.041840E-3
1.281500E-7	2.086377E-3
1.282000E-7	2.129201E-3
1.282500E-7	2.161747E-3
1.283000E-7	2.173737E-3
1.283500E-7	2.160034E-3
1.284000E-7	2.117210E-3
1.284500E-7	2.045266E-3
1.285000E-7	1.959618E-3
1.285500E-7	1.873971E-3
1.286000E-7	1.779759E-3
1.286500E-7	1.683834E-3
1.287000E-7	1.603325E-3
1.287500E-7	1.551936E-3
1.288000E-7	1.519390E-3
1.288500E-7	1.485131E-3
1.289000E-7	1.459437E-3
1.289500E-7	1.456011E-3
1.290000E-7	1.454298E-3
1.290500E-7	1.438882E-3
1.291000E-7	1.420039E-3
1.291500E-7	1.396058E-3
1.292000E-7	1.361799E-3
1.292500E-7	1.337818E-3
1.293000E-7	1.336105E-3
1.293500E-7	1.337818E-3
1.294000E-7	1.344669E-3
1.294500E-7	1.387493E-3
1.295000E-7	1.456011E-3
1.295500E-7	1.534807E-3
1.296000E-7	1.630732E-3
1.296500E-7	1.730083E-3
1.297000E-7	1.807166E-3
1.297500E-7	1.863693E-3
1.298000E-7	1.913369E-3
1.298500E-7	1.947628E-3
1.299000E-7	1.956193E-3
1.299500E-7	1.944202E-3
1.300000E-7	1.920221E-3
1.300500E-7	1.897952E-3
1.301000E-7	1.884249E-3
1.301500E-7	1.872258E-3
1.302000E-7	1.861980E-3
1.302500E-7	1.868832E-3
1.303000E-7	1.885962E-3
1.303500E-7	1.901378E-3
1.304000E-7	1.921934E-3
1.304500E-7	1.957906E-3
1.305000E-7	2.002442E-3
1.305500E-7	2.041840E-3
1.306000E-7	2.050405E-3
1.306500E-7	2.028136E-3
1.307000E-7	2.004155E-3
1.307500E-7	1.988739E-3
1.308000E-7	1.969896E-3
1.308500E-7	1.942489E-3
1.309000E-7	1.928785E-3
1.309500E-7	1.937350E-3
1.310000E-7	1.956193E-3
1.310500E-7	1.975035E-3
1.311000E-7	1.990452E-3
1.311500E-7	2.002442E-3
1.312000E-7	2.007581E-3
1.312500E-7	2.000729E-3
1.313000E-7	1.969896E-3
1.313500E-7	1.915082E-3
1.314000E-7	1.849990E-3
1.314500E-7	1.784898E-3
1.315000E-7	1.714667E-3
1.315500E-7	1.639297E-3
1.316000E-7	1.579344E-3
1.316500E-7	1.543372E-3
1.317000E-7	1.517677E-3
1.317500E-7	1.498835E-3
1.318000E-7	1.509113E-3
1.318500E-7	1.560501E-3
1.319000E-7	1.630732E-3
1.319500E-7	1.694111E-3
1.320000E-7	1.740361E-3
1.320500E-7	1.778046E-3
1.321000E-7	1.805453E-3
1.321500E-7	1.812305E-3
1.322000E-7	1.795175E-3
1.322500E-7	1.771194E-3
1.323000E-7	1.752352E-3
1.323500E-7	1.743787E-3
1.324000E-7	1.754064E-3
1.324500E-7	1.786611E-3
1.325000E-7	1.826008E-3
1.325500E-7	1.858554E-3
1.326000E-7	1.894526E-3
1.326500E-7	1.937350E-3
1.327000E-7	1.964757E-3
1.327500E-7	1.968183E-3
1.328000E-7	1.945915E-3
1.328500E-7	1.897952E-3
1.329000E-7	1.836286E-3
1.329500E-7	1.776333E-3
1.330000E-7	1.714667E-3
1.330500E-7	1.653000E-3
1.331000E-7	1.608464E-3
1.331500E-7	1.584482E-3
1.332000E-7	1.572492E-3
1.332500E-7	1.579344E-3
1.333000E-7	1.605038E-3
1.333500E-7	1.641010E-3
1.334000E-7	1.680408E-3
1.334500E-7	1.718093E-3
1.335000E-7	1.743787E-3
1.335500E-7	1.766055E-3
1.336000E-7	1.798601E-3
1.336500E-7	1.841425E-3
1.337000E-7	1.872258E-3
1.337500E-7	1.885962E-3
1.338000E-7	1.889388E-3
1.338500E-7	1.885962E-3
1.339000E-7	1.885962E-3
1.339500E-7	1.892813E-3
1.340000E-7	1.897952E-3
1.340500E-7	1.904804E-3
1.341000E-7	1.908230E-3
1.341500E-7	1.899665E-3
1.342000E-7	1.887675E-3
1.342500E-7	1.884249E-3
1.343000E-7	1.880823E-3
1.343500E-7	1.873971E-3
1.344000E-7	1.880823E-3
1.344500E-7	1.901378E-3
1.345000E-7	1.913369E-3
1.345500E-7	1.925359E-3
1.346000E-7	1.957906E-3
1.346500E-7	2.005868E-3
1.347000E-7	2.058970E-3
1.347500E-7	2.124062E-3
1.348000E-7	2.202857E-3
1.348500E-7	2.264524E-3
1.349000E-7	2.290218E-3
1.349500E-7	2.288505E-3
1.350000E-7	2.266237E-3
1.350500E-7	2.221700E-3
1.351000E-7	2.154895E-3
1.351500E-7	2.070960E-3
1.352000E-7	1.980174E-3
1.352500E-7	1.887675E-3
1.353000E-7	1.803740E-3
1.353500E-7	1.733509E-3
1.354000E-7	1.688972E-3
1.354500E-7	1.673556E-3
1.355000E-7	1.695824E-3
1.355500E-7	1.762629E-3
1.356000E-7	1.849990E-3
1.356500E-7	1.928785E-3
1.357000E-7	2.002442E-3
1.357500E-7	2.084664E-3
1.358000E-7	2.146330E-3
1.358500E-7	2.170311E-3
1.359000E-7	2.185728E-3
1.359500E-7	2.192580E-3
1.360000E-7	2.158321E-3
1.360500E-7	2.084664E-3
1.361000E-7	2.000729E-3
1.361500E-7	1.913369E-3
1.362000E-7	1.824295E-3
1.362500E-7	1.742074E-3
1.363000E-7	1.678695E-3
1.363500E-7	1.637584E-3
1.364000E-7	1.617028E-3
1.364500E-7	1.611890E-3
1.365000E-7	1.615315E-3
1.365500E-7	1.658139E-3
1.366000E-7	1.750639E-3
1.366500E-7	1.873971E-3
1.367000E-7	2.000729E-3
1.367500E-7	2.112071E-3
1.368000E-7	2.192580E-3
1.368500E-7	2.245681E-3
1.369000E-7	2.288505E-3
1.369500E-7	2.314199E-3
1.370000E-7	2.312486E-3
1.370500E-7	2.298783E-3
1.371000E-7	2.266237E-3
1.371500E-7	2.207996E-3
1.372000E-7	2.137765E-3
1.372500E-7	2.072673E-3
1.373000E-7	2.004155E-3
1.373500E-7	1.928785E-3
1.374000E-7	1.851703E-3
1.374500E-7	1.784898E-3
1.375000E-7	1.735222E-3
1.375500E-7	1.716380E-3
1.376000E-7	1.721518E-3
1.376500E-7	1.736935E-3
1.377000E-7	1.762629E-3
1.377500E-7	1.795175E-3
1.378000E-7	1.820870E-3
1.378500E-7	1.839712E-3
1.379000E-7	1.863693E-3
1.379500E-7	1.880823E-3
1.380000E-7	1.887675E-3
1.380500E-7	1.897952E-3
1.381000E-7	1.906517E-3
1.381500E-7	1.899665E-3
1.382000E-7	1.884249E-3
1.382500E-7	1.880823E-3
1.383000E-7	1.897952E-3
1.383500E-7	1.928785E-3
1.384000E-7	1.959618E-3
1.384500E-7	1.990452E-3
1.385000E-7	2.021285E-3
1.385500E-7	2.046979E-3
1.386000E-7	2.053831E-3
1.386500E-7	2.055544E-3
1.387000E-7	2.057257E-3
1.387500E-7	2.053831E-3
1.388000E-7	2.053831E-3
1.388500E-7	2.070960E-3
1.389000E-7	2.079525E-3
1.389500E-7	2.062395E-3
1.390000E-7	2.043553E-3
1.390500E-7	2.034988E-3
1.391000E-7	2.026424E-3
1.391500E-7	2.017859E-3
1.392000E-7	2.016146E-3
1.392500E-7	2.009294E-3
1.393000E-7	1.997303E-3
1.393500E-7	1.978461E-3
1.394000E-7	1.944202E-3
1.394500E-7	1.899665E-3
1.395000E-7	1.858554E-3
1.395500E-7	1.814018E-3
1.396000E-7	1.772907E-3
1.396500E-7	1.742074E-3
1.397000E-7	1.714667E-3
1.397500E-7	1.683834E-3
1.398000E-7	1.670130E-3
1.398500E-7	1.682121E-3
1.399000E-7	1.704389E-3
1.399500E-7	1.719805E-3
1.400000E-7	1.730083E-3
1.400500E-7	1.733509E-3
1.401000E-7	1.743787E-3
1.401500E-7	1.764342E-3
1.402000E-7	1.784898E-3
1.402500E-7	1.807166E-3
1.403000E-7	1.846564E-3
1.403500E-7	1.899665E-3
1.404000E-7	1.951054E-3
1.404500E-7	1.995590E-3
1.405000E-7	2.034988E-3
1.405500E-7	2.064108E-3
1.406000E-7	2.081238E-3
1.406500E-7	2.086377E-3
1.407000E-7	2.058970E-3
1.407500E-7	1.992165E-3
1.408000E-7	1.918508E-3
1.408500E-7	1.855129E-3
1.409000E-7	1.784898E-3
1.409500E-7	1.709528E-3
1.410000E-7	1.661565E-3
1.410500E-7	1.653000E-3
1.411000E-7	1.664991E-3
1.411500E-7	1.685546E-3
1.412000E-7	1.724944E-3
1.412500E-7	1.784898E-3
1.413000E-7	1.848277E-3
1.413500E-7	1.903091E-3
1.414000E-7	1.956193E-3
1.414500E-7	2.004155E-3
1.415000E-7	2.031562E-3
1.415500E-7	2.038414E-3
1.416000E-7	2.026424E-3
1.416500E-7	1.983600E-3
1.417000E-7	1.908230E-3
1.417500E-7	1.829434E-3
1.418000E-7	1.776333E-3
1.418500E-7	1.736935E-3
1.419000E-7	1.709528E-3
1.419500E-7	1.700963E-3
1.420000E-7	1.712954E-3
1.420500E-7	1.752352E-3
1.421000E-7	1.824295E-3
1.421500E-7	1.911656E-3
1.422000E-7	2.005868E-3
1.422500E-7	2.115497E-3
1.423000E-7	2.225126E-3
1.423500E-7	2.314199E-3
1.424000E-7	2.384430E-3
1.424500E-7	2.439244E-3
1.425000E-7	2.470078E-3
1.425500E-7	2.475216E-3
1.426000E-7	2.454661E-3
1.426500E-7	2.398134E-3
1.427000E-7	2.314199E-3
1.427500E-7	2.233690E-3
1.428000E-7	2.158321E-3
1.428500E-7	2.076099E-3
1.429000E-7	1.985313E-3
1.429500E-7	1.901378E-3
1.430000E-7	1.837999E-3
1.430500E-7	1.798601E-3
1.431000E-7	1.786611E-3
1.431500E-7	1.795175E-3
1.432000E-7	1.796888E-3
1.432500E-7	1.786611E-3
1.433000E-7	1.781472E-3
1.433500E-7	1.769481E-3
1.434000E-7	1.736935E-3
1.434500E-7	1.697537E-3
1.435000E-7	1.663278E-3
1.435500E-7	1.622167E-3
1.436000E-7	1.577631E-3
1.436500E-7	1.555362E-3
1.437000E-7	1.569066E-3
1.437500E-7	1.605038E-3
1.438000E-7	1.653000E-3
1.438500E-7	1.709528E-3
1.439000E-7	1.776333E-3
1.439500E-7	1.843138E-3
1.440000E-7	1.884249E-3
1.440500E-7	1.889388E-3
1.441000E-7	1.872258E-3
1.441500E-7	1.839712E-3
1.442000E-7	1.784898E-3
1.442500E-7	1.709528E-3
1.443000E-7	1.625593E-3
1.443500E-7	1.551936E-3
1.444000E-7	1.495409E-3
1.444500E-7	1.462863E-3
1.445000E-7	1.445733E-3
1.445500E-7	1.438882E-3
1.446000E-7	1.450872E-3
1.446500E-7	1.490270E-3
1.447000E-7	1.536520E-3
1.447500E-7	1.567353E-3
1.448000E-7	1.589621E-3
1.448500E-7	1.610177E-3
1.449000E-7	1.627306E-3
1.449500E-7	1.630732E-3
1.450000E-7	1.625593E-3
1.450500E-7	1.620454E-3
1.451000E-7	1.627306E-3
1.451500E-7	1.649575E-3
1.452000E-7	1.680408E-3
1.452500E-7	1.723231E-3
1.453000E-7	1.779759E-3
1.453500E-7	1.831147E-3
1.454000E-7	1.861980E-3
1.454500E-7	1.879110E-3
1.455000E-7	1.891100E-3
1.455500E-7	1.879110E-3
1.456000E-7	1.841425E-3
1.456500E-7	1.803740E-3
1.457000E-7	1.774620E-3
1.457500E-7	1.738648E-3
1.458000E-7	1.695824E-3
1.458500E-7	1.666704E-3
1.459000E-7	1.666704E-3
1.459500E-7	1.694111E-3
1.460000E-7	1.738648E-3
1.460500E-7	1.791749E-3
1.461000E-7	1.837999E-3
1.461500E-7	1.870545E-3
1.462000E-7	1.892813E-3
1.462500E-7	1.901378E-3
1.463000E-7	1.875684E-3
1.463500E-7	1.826008E-3
1.464000E-7	1.779759E-3
1.464500E-7	1.736935E-3
1.465000E-7	1.682121E-3
1.465500E-7	1.630732E-3
1.466000E-7	1.593047E-3
1.466500E-7	1.569066E-3
1.467000E-7	1.577631E-3
1.467500E-7	1.620454E-3
1.468000E-7	1.688972E-3
1.468500E-7	1.774620E-3
1.469000E-7	1.868832E-3
1.469500E-7	1.942489E-3
1.470000E-7	2.004155E-3
1.470500E-7	2.067534E-3
1.471000E-7	2.101793E-3
1.471500E-7	2.088090E-3
1.472000E-7	2.048692E-3
1.472500E-7	1.997303E-3
1.473000E-7	1.916795E-3
1.473500E-7	1.819157E-3
1.474000E-7	1.735222E-3
1.474500E-7	1.675269E-3
1.475000E-7	1.641010E-3
1.475500E-7	1.634158E-3
1.476000E-7	1.649575E-3
1.476500E-7	1.687259E-3
1.477000E-7	1.748926E-3
1.477500E-7	1.808879E-3
1.478000E-7	1.853416E-3
1.478500E-7	1.897952E-3
1.479000E-7	1.939063E-3
1.479500E-7	1.961331E-3
1.480000E-7	1.963044E-3
1.480500E-7	1.954480E-3
1.481000E-7	1.932211E-3
1.481500E-7	1.894526E-3
1.482000E-7	1.855129E-3
1.482500E-7	1.824295E-3
1.483000E-7	1.802027E-3
1.483500E-7	1.803740E-3
1.484000E-7	1.815731E-3
1.484500E-7	1.820870E-3
1.485000E-7	1.832860E-3
1.485500E-7	1.860267E-3
1.486000E-7	1.882536E-3
1.486500E-7	1.887675E-3
1.487000E-7	1.897952E-3
1.487500E-7	1.916795E-3
1.488000E-7	1.921934E-3
1.488500E-7	1.921934E-3
1.489000E-7	1.930498E-3
1.489500E-7	1.920221E-3
1.490000E-7	1.889388E-3
1.490500E-7	1.877397E-3
1.491000E-7	1.880823E-3
1.491500E-7	1.877397E-3
1.492000E-7	1.872258E-3
1.492500E-7	1.877397E-3
1.493000E-7	1.889388E-3
1.493500E-7	1.901378E-3
1.494000E-7	1.901378E-3
1.494500E-7	1.877397E-3
1.495000E-7	1.853416E-3
1.495500E-7	1.855129E-3
1.496000E-7	1.873971E-3
1.496500E-7	1.891100E-3
1.497000E-7	1.903091E-3
1.497500E-7	1.916795E-3
1.498000E-7	1.940776E-3
1.498500E-7	1.968183E-3
1.499000E-7	1.975035E-3
1.499500E-7	1.968183E-3
1.500000E-7	1.969896E-3
1.500500E-7	1.961331E-3
1.501000E-7	1.920221E-3
1.501500E-7	1.880823E-3
1.502000E-7	1.879110E-3
1.502500E-7	1.899665E-3
1.503000E-7	1.916795E-3
1.503500E-7	1.928785E-3
1.504000E-7	1.944202E-3
1.504500E-7	1.952767E-3
1.505000E-7	1.947628E-3
1.505500E-7	1.935637E-3
1.506000E-7	1.930498E-3
1.506500E-7	1.928785E-3
1.507000E-7	1.911656E-3
1.507500E-7	1.865406E-3
1.508000E-7	1.803740E-3
1.508500E-7	1.743787E-3
1.509000E-7	1.680408E-3
1.509500E-7	1.603325E-3
1.510000E-7	1.531381E-3
1.510500E-7	1.498835E-3
1.511000E-7	1.503974E-3
1.511500E-7	1.522816E-3
1.512000E-7	1.560501E-3
1.512500E-7	1.637584E-3
1.513000E-7	1.740361E-3
1.513500E-7	1.848277E-3
1.514000E-7	1.957906E-3
1.514500E-7	2.060683E-3
1.515000E-7	2.137765E-3
1.515500E-7	2.189154E-3
1.516000E-7	2.213135E-3
1.516500E-7	2.201144E-3
1.517000E-7	2.151469E-3
1.517500E-7	2.079525E-3
1.518000E-7	1.990452E-3
1.518500E-7	1.880823E-3
1.519000E-7	1.754064E-3
1.519500E-7	1.629019E-3
1.520000E-7	1.545085E-3
1.520500E-7	1.509113E-3
1.521000E-7	1.514251E-3
1.521500E-7	1.558788E-3
1.522000E-7	1.644436E-3
1.522500E-7	1.752352E-3
1.523000E-7	1.870545E-3
1.523500E-7	1.993877E-3
1.524000E-7	2.094942E-3
1.524500E-7	2.165172E-3
1.525000E-7	2.211422E-3
1.525500E-7	2.223413E-3
1.526000E-7	2.184015E-3
1.526500E-7	2.103506E-3
1.527000E-7	2.004155E-3
1.527500E-7	1.882536E-3
1.528000E-7	1.747213E-3
1.528500E-7	1.622167E-3
1.529000E-7	1.533094E-3
1.529500E-7	1.490270E-3
1.530000E-7	1.476567E-3
1.530500E-7	1.468002E-3
1.531000E-7	1.478279E-3
1.531500E-7	1.527955E-3
1.532000E-7	1.594760E-3
1.532500E-7	1.653000E-3
1.533000E-7	1.714667E-3
1.533500E-7	1.784898E-3
1.534000E-7	1.837999E-3
1.534500E-7	1.853416E-3
1.535000E-7	1.858554E-3
1.535500E-7	1.867119E-3
1.536000E-7	1.863693E-3
1.536500E-7	1.848277E-3
1.537000E-7	1.851703E-3
1.537500E-7	1.867119E-3
1.538000E-7	1.872258E-3
1.538500E-7	1.873971E-3
1.539000E-7	1.889388E-3
1.539500E-7	1.891100E-3
1.540000E-7	1.860267E-3
1.540500E-7	1.817444E-3
1.541000E-7	1.788323E-3
1.541500E-7	1.774620E-3
1.542000E-7	1.766055E-3
1.542500E-7	1.762629E-3
1.543000E-7	1.762629E-3
1.543500E-7	1.769481E-3
1.544000E-7	1.776333E-3
1.544500E-7	1.769481E-3
1.545000E-7	1.759203E-3
1.545500E-7	1.757490E-3
1.546000E-7	1.754064E-3
1.546500E-7	1.752352E-3
1.547000E-7	1.760916E-3
1.547500E-7	1.776333E-3
1.548000E-7	1.786611E-3
1.548500E-7	1.798601E-3
1.549000E-7	1.817444E-3
1.549500E-7	1.841425E-3
1.550000E-7	1.867119E-3
1.550500E-7	1.880823E-3
1.551000E-7	1.882536E-3
1.551500E-7	1.877397E-3
1.552000E-7	1.861980E-3
1.552500E-7	1.841425E-3
1.553000E-7	1.831147E-3
1.553500E-7	1.819157E-3
1.554000E-7	1.783185E-3
1.554500E-7	1.750639E-3
1.555000E-7	1.745500E-3
1.555500E-7	1.745500E-3
1.556000E-7	1.752352E-3
1.556500E-7	1.783185E-3
1.557000E-7	1.807166E-3
1.557500E-7	1.796888E-3
1.558000E-7	1.783185E-3
1.558500E-7	1.767768E-3
1.559000E-7	1.726657E-3
1.559500E-7	1.675269E-3
1.560000E-7	1.635871E-3
1.560500E-7	1.594760E-3
1.561000E-7	1.558788E-3
1.561500E-7	1.553649E-3
1.562000E-7	1.565640E-3
1.562500E-7	1.570779E-3
1.563000E-7	1.584482E-3
1.563500E-7	1.618741E-3
1.564000E-7	1.653000E-3
1.564500E-7	1.692398E-3
1.565000E-7	1.755777E-3
1.565500E-7	1.829434E-3
1.566000E-7	1.894526E-3
1.566500E-7	1.961331E-3
1.567000E-7	2.026424E-3
1.567500E-7	2.062395E-3
1.568000E-7	2.081238E-3
1.568500E-7	2.098367E-3
1.569000E-7	2.101793E-3
1.569500E-7	2.070960E-3
1.570000E-7	2.029849E-3
1.570500E-7	1.995590E-3
1.571000E-7	1.956193E-3
1.571500E-7	1.894526E-3
1.572000E-7	1.820870E-3
1.572500E-7	1.742074E-3
1.573000E-7	1.670130E-3
1.573500E-7	1.615315E-3
1.574000E-7	1.587908E-3
1.574500E-7	1.579344E-3
1.575000E-7	1.594760E-3
1.575500E-7	1.630732E-3
1.576000E-7	1.682121E-3
1.576500E-7	1.743787E-3
1.577000E-7	1.803740E-3
1.577500E-7	1.858554E-3
1.578000E-7	1.904804E-3
1.578500E-7	1.930498E-3
1.579000E-7	1.920221E-3
1.579500E-7	1.868832E-3
1.580000E-7	1.783185E-3
1.580500E-7	1.658139E-3
1.581000E-7	1.515964E-3
1.581500E-7	1.384067E-3
1.582000E-7	1.296707E-3
1.582500E-7	1.267587E-3
1.583000E-7	1.289855E-3
1.583500E-7	1.354947E-3
1.584000E-7	1.471428E-3
1.584500E-7	1.632445E-3
1.585000E-7	1.810592E-3
1.585500E-7	1.993877E-3
1.586000E-7	2.165172E-3
1.586500E-7	2.290218E-3
1.587000E-7	2.353597E-3
1.587500E-7	2.363875E-3
1.588000E-7	2.324477E-3
1.588500E-7	2.237116E-3
1.589000E-7	2.115497E-3
1.589500E-7	1.964757E-3
1.590000E-7	1.800314E-3
1.590500E-7	1.654713E-3
1.591000E-7	1.541659E-3
1.591500E-7	1.457724E-3
1.592000E-7	1.428604E-3
1.592500E-7	1.466289E-3
1.593000E-7	1.524529E-3
1.593500E-7	1.577631E-3
1.594000E-7	1.646149E-3
1.594500E-7	1.730083E-3
1.595000E-7	1.791749E-3
1.595500E-7	1.815731E-3
1.596000E-7	1.812305E-3
1.596500E-7	1.783185E-3
1.597000E-7	1.726657E-3
1.597500E-7	1.666704E-3
1.598000E-7	1.615315E-3
1.598500E-7	1.567353E-3
1.599000E-7	1.510826E-3
1.599500E-7	1.459437E-3
1.600000E-7	1.432030E-3
1.600500E-7	1.423465E-3
1.601000E-7	1.413187E-3
1.601500E-7	1.411474E-3
1.602000E-7	1.445733E-3
1.602500E-7	1.498835E-3
1.603000E-7	1.533094E-3
1.603500E-7	1.550223E-3
1.604000E-7	1.575918E-3
1.604500E-7	1.605038E-3
1.605000E-7	1.627306E-3
1.605500E-7	1.661565E-3
1.606000E-7	1.700963E-3
1.606500E-7	1.714667E-3
1.607000E-7	1.707815E-3
1.607500E-7	1.697537E-3
1.608000E-7	1.675269E-3
1.608500E-7	1.627306E-3
1.609000E-7	1.584482E-3
1.609500E-7	1.562214E-3
1.610000E-7	1.546797E-3
1.610500E-7	1.531381E-3
1.611000E-7	1.531381E-3
1.611500E-7	1.550223E-3
1.612000E-7	1.582769E-3
1.612500E-7	1.622167E-3
1.613000E-7	1.666704E-3
1.613500E-7	1.714667E-3
1.614000E-7	1.762629E-3
1.614500E-7	1.812305E-3
1.615000E-7	1.855129E-3
1.615500E-7	1.877397E-3
1.616000E-7	1.882536E-3
1.616500E-7	1.885962E-3
1.617000E-7	1.882536E-3
1.617500E-7	1.853416E-3
1.618000E-7	1.817444E-3
1.618500E-7	1.805453E-3
1.619000E-7	1.812305E-3
1.619500E-7	1.829434E-3
1.620000E-7	1.853416E-3
1.620500E-7	1.875684E-3
1.621000E-7	1.889388E-3
1.621500E-7	1.897952E-3
1.622000E-7	1.901378E-3
1.622500E-7	1.894526E-3
1.623000E-7	1.880823E-3
1.623500E-7	1.868832E-3
1.624000E-7	1.856841E-3
1.624500E-7	1.846564E-3
1.625000E-7	1.851703E-3
1.625500E-7	1.873971E-3
1.626000E-7	1.889388E-3
1.626500E-7	1.889388E-3
1.627000E-7	1.894526E-3
1.627500E-7	1.906517E-3
1.628000E-7	1.904804E-3
1.628500E-7	1.896239E-3
1.629000E-7	1.892813E-3
1.629500E-7	1.884249E-3
1.630000E-7	1.873971E-3
1.630500E-7	1.865406E-3
1.631000E-7	1.861980E-3
1.631500E-7	1.863693E-3
1.632000E-7	1.877397E-3
1.632500E-7	1.903091E-3
1.633000E-7	1.927072E-3
1.633500E-7	1.957906E-3
1.634000E-7	1.999016E-3
1.634500E-7	2.036701E-3
1.635000E-7	2.055544E-3
1.635500E-7	2.048692E-3
1.636000E-7	2.012720E-3
1.636500E-7	1.944202E-3
1.637000E-7	1.851703E-3
1.637500E-7	1.754064E-3
1.638000E-7	1.671843E-3
1.638500E-7	1.615315E-3
1.639000E-7	1.563927E-3
1.639500E-7	1.510826E-3
1.640000E-7	1.468002E-3
1.640500E-7	1.438882E-3
1.641000E-7	1.411474E-3
1.641500E-7	1.392632E-3
1.642000E-7	1.390919E-3
1.642500E-7	1.402910E-3
1.643000E-7	1.420039E-3
1.643500E-7	1.437169E-3
1.644000E-7	1.442308E-3
1.644500E-7	1.438882E-3
1.645000E-7	1.435456E-3
1.645500E-7	1.428604E-3
1.646000E-7	1.421752E-3
1.646500E-7	1.442308E-3
1.647000E-7	1.495409E-3
1.647500E-7	1.557075E-3
1.648000E-7	1.617028E-3
1.648500E-7	1.687259E-3
1.649000E-7	1.762629E-3
1.649500E-7	1.815731E-3
1.650000E-7	1.853416E-3
1.650500E-7	1.887675E-3
1.651000E-7	1.933924E-3
1.651500E-7	1.985313E-3
1.652000E-7	2.034988E-3
1.652500E-7	2.074386E-3
1.653000E-7	2.110358E-3
1.653500E-7	2.146330E-3
1.654000E-7	2.175450E-3
1.654500E-7	2.194293E-3
1.655000E-7	2.206283E-3
1.655500E-7	2.211422E-3
1.656000E-7	2.207996E-3
1.656500E-7	2.201144E-3
1.657000E-7	2.177163E-3
1.657500E-7	2.136052E-3
1.658000E-7	2.096654E-3
1.658500E-7	2.053831E-3
1.659000E-7	2.000729E-3
1.659500E-7	1.957906E-3
1.660000E-7	1.932211E-3
1.660500E-7	1.911656E-3
1.661000E-7	1.896239E-3
1.661500E-7	1.901378E-3
1.662000E-7	1.913369E-3
1.662500E-7	1.937350E-3
1.663000E-7	1.990452E-3
1.663500E-7	2.045266E-3
1.664000E-7	2.067534E-3
1.664500E-7	2.074386E-3
1.665000E-7	2.076099E-3
1.665500E-7	2.046979E-3
1.666000E-7	1.992165E-3
1.666500E-7	1.944202E-3
1.667000E-7	1.899665E-3
1.667500E-7	1.855129E-3
1.668000E-7	1.832860E-3
1.668500E-7	1.826008E-3
1.669000E-7	1.819157E-3
1.669500E-7	1.815731E-3
1.670000E-7	1.819157E-3
1.670500E-7	1.807166E-3
1.671000E-7	1.798601E-3
1.671500E-7	1.810592E-3
1.672000E-7	1.819157E-3
1.672500E-7	1.802027E-3
1.673000E-7	1.781472E-3
1.673500E-7	1.766055E-3
1.674000E-7	1.736935E-3
1.674500E-7	1.694111E-3
1.675000E-7	1.653000E-3
1.675500E-7	1.629019E-3
1.676000E-7	1.629019E-3
1.676500E-7	1.649575E-3
1.677000E-7	1.690685E-3
1.677500E-7	1.757490E-3
1.678000E-7	1.836286E-3
1.678500E-7	1.899665E-3
1.679000E-7	1.945915E-3
1.679500E-7	1.987026E-3
1.680000E-7	2.009294E-3
1.680500E-7	1.990452E-3
1.681000E-7	1.942489E-3
1.681500E-7	1.879110E-3
1.682000E-7	1.803740E-3
1.682500E-7	1.719805E-3
1.683000E-7	1.639297E-3
1.683500E-7	1.572492E-3
1.684000E-7	1.503974E-3
1.684500E-7	1.438882E-3
1.685000E-7	1.396058E-3
1.685500E-7	1.389206E-3
1.686000E-7	1.397771E-3
1.686500E-7	1.406336E-3
1.687000E-7	1.423465E-3
1.687500E-7	1.461150E-3
1.688000E-7	1.500548E-3
1.688500E-7	1.519390E-3
1.689000E-7	1.517677E-3
1.689500E-7	1.515964E-3
1.690000E-7	1.524529E-3
1.690500E-7	1.539946E-3
1.691000E-7	1.558788E-3
1.691500E-7	1.581056E-3
1.692000E-7	1.608464E-3
1.692500E-7	1.639297E-3
1.693000E-7	1.682121E-3
1.693500E-7	1.733509E-3
1.694000E-7	1.776333E-3
1.694500E-7	1.793462E-3
1.695000E-7	1.803740E-3
1.695500E-7	1.824295E-3
1.696000E-7	1.841425E-3
1.696500E-7	1.841425E-3
1.697000E-7	1.831147E-3
1.697500E-7	1.812305E-3
1.698000E-7	1.774620E-3
1.698500E-7	1.740361E-3
1.699000E-7	1.736935E-3
1.699500E-7	1.747213E-3
1.700000E-7	1.762629E-3
1.700500E-7	1.791749E-3
1.701000E-7	1.831147E-3
1.701500E-7	1.870545E-3
1.702000E-7	1.918508E-3
1.702500E-7	1.971609E-3
1.703000E-7	2.011007E-3
1.703500E-7	2.036701E-3
1.704000E-7	2.045266E-3
1.704500E-7	2.021285E-3
1.705000E-7	1.978461E-3
1.705500E-7	1.928785E-3
1.706000E-7	1.867119E-3
1.706500E-7	1.791749E-3
1.707000E-7	1.730083E-3
1.707500E-7	1.687259E-3
1.708000E-7	1.653000E-3
1.708500E-7	1.637584E-3
1.709000E-7	1.659852E-3
1.709500E-7	1.714667E-3
1.710000E-7	1.784898E-3
1.710500E-7	1.865406E-3
1.711000E-7	1.951054E-3
1.711500E-7	2.033275E-3
1.712000E-7	2.100080E-3
1.712500E-7	2.142904E-3
1.713000E-7	2.168598E-3
1.713500E-7	2.175450E-3
1.714000E-7	2.151469E-3
1.714500E-7	2.096654E-3
1.715000E-7	2.011007E-3
1.715500E-7	1.908230E-3
1.716000E-7	1.803740E-3
1.716500E-7	1.714667E-3
1.717000E-7	1.646149E-3
1.717500E-7	1.598186E-3
1.718000E-7	1.574205E-3
1.718500E-7	1.575918E-3
1.719000E-7	1.587908E-3
1.719500E-7	1.599899E-3
1.720000E-7	1.613603E-3
1.720500E-7	1.634158E-3
1.721000E-7	1.651287E-3
1.721500E-7	1.659852E-3
1.722000E-7	1.668417E-3
1.722500E-7	1.675269E-3
1.723000E-7	1.675269E-3
1.723500E-7	1.680408E-3
1.724000E-7	1.697537E-3
1.724500E-7	1.721518E-3
1.725000E-7	1.752352E-3
1.725500E-7	1.791749E-3
1.726000E-7	1.839712E-3
1.726500E-7	1.884249E-3
1.727000E-7	1.920221E-3
1.727500E-7	1.947628E-3
1.728000E-7	1.964757E-3
1.728500E-7	1.966470E-3
1.729000E-7	1.952767E-3
1.729500E-7	1.933924E-3
1.730000E-7	1.911656E-3
1.730500E-7	1.894526E-3
1.731000E-7	1.880823E-3
1.731500E-7	1.867119E-3
1.732000E-7	1.839712E-3
1.732500E-7	1.803740E-3
1.733000E-7	1.783185E-3
1.733500E-7	1.783185E-3
1.734000E-7	1.798601E-3
1.734500E-7	1.812305E-3
1.735000E-7	1.808879E-3
1.735500E-7	1.805453E-3
1.736000E-7	1.815731E-3
1.736500E-7	1.822582E-3
1.737000E-7	1.814018E-3
1.737500E-7	1.805453E-3
1.738000E-7	1.805453E-3
1.738500E-7	1.810592E-3
1.739000E-7	1.820870E-3
1.739500E-7	1.836286E-3
1.740000E-7	1.848277E-3
1.740500E-7	1.855129E-3
1.741000E-7	1.839712E-3
1.741500E-7	1.790036E-3
1.742000E-7	1.724944E-3
1.742500E-7	1.670130E-3
1.743000E-7	1.615315E-3
1.743500E-7	1.567353E-3
1.744000E-7	1.550223E-3
1.744500E-7	1.546797E-3
1.745000E-7	1.539946E-3
1.745500E-7	1.543372E-3
1.746000E-7	1.567353E-3
1.746500E-7	1.586195E-3
1.747000E-7	1.593047E-3
1.747500E-7	1.599899E-3
1.748000E-7	1.615315E-3
1.748500E-7	1.632445E-3
1.749000E-7	1.644436E-3
1.749500E-7	1.658139E-3
1.750000E-7	1.678695E-3
1.750500E-7	1.700963E-3
1.751000E-7	1.706102E-3
1.751500E-7	1.690685E-3
1.752000E-7	1.671843E-3
1.752500E-7	1.653000E-3
1.753000E-7	1.635871E-3
1.753500E-7	1.632445E-3
1.754000E-7	1.649575E-3
1.754500E-7	1.668417E-3
1.755000E-7	1.664991E-3
1.755500E-7	1.646149E-3
1.756000E-7	1.632445E-3
1.756500E-7	1.635871E-3
1.757000E-7	1.647862E-3
1.757500E-7	1.656426E-3
1.758000E-7	1.668417E-3
1.758500E-7	1.697537E-3
1.759000E-7	1.733509E-3
1.759500E-7	1.764342E-3
1.760000E-7	1.784898E-3
1.760500E-7	1.790036E-3
1.761000E-7	1.786611E-3
1.761500E-7	1.776333E-3
1.762000E-7	1.766055E-3
1.762500E-7	1.755777E-3
1.763000E-7	1.755777E-3
1.763500E-7	1.769481E-3
1.764000E-7	1.793462E-3
1.764500E-7	1.831147E-3
1.765000E-7	1.885962E-3
1.765500E-7	1.937350E-3
1.766000E-7	1.978461E-3
1.766500E-7	2.019572E-3
1.767000E-7	2.055544E-3
1.767500E-7	2.069247E-3
1.768000E-7	2.060683E-3
1.768500E-7	2.046979E-3
1.769000E-7	2.024711E-3
1.769500E-7	1.978461E-3
1.770000E-7	1.925359E-3
1.770500E-7	1.887675E-3
1.771000E-7	1.865406E-3
1.771500E-7	1.853416E-3
1.772000E-7	1.865406E-3
1.772500E-7	1.904804E-3
1.773000E-7	1.952767E-3
1.773500E-7	1.992165E-3
1.774000E-7	2.046979E-3
1.774500E-7	2.122349E-3
1.775000E-7	2.194293E-3
1.775500E-7	2.245681E-3
1.776000E-7	2.281653E-3
1.776500E-7	2.297070E-3
1.777000E-7	2.283366E-3
1.777500E-7	2.254246E-3
1.778000E-7	2.218274E-3
1.778500E-7	2.156608E-3
1.779000E-7	2.053831E-3
1.779500E-7	1.940776E-3
1.780000E-7	1.834573E-3
1.780500E-7	1.721518E-3
1.781000E-7	1.622167E-3
1.781500E-7	1.563927E-3
1.782000E-7	1.519390E-3
1.782500E-7	1.486844E-3
1.783000E-7	1.500548E-3
1.783500E-7	1.558788E-3
1.784000E-7	1.620454E-3
1.784500E-7	1.690685E-3
1.785000E-7	1.781472E-3
1.785500E-7	1.861980E-3
1.786000E-7	1.918508E-3
1.786500E-7	1.968183E-3
1.787000E-7	1.993877E-3
1.787500E-7	1.978461E-3
1.788000E-7	1.945915E-3
1.788500E-7	1.904804E-3
1.789000E-7	1.841425E-3
1.789500E-7	1.766055E-3
1.790000E-7	1.714667E-3
1.790500E-7	1.682121E-3
1.791000E-7	1.654713E-3
1.791500E-7	1.634158E-3
1.792000E-7	1.617028E-3
1.792500E-7	1.601612E-3
1.793000E-7	1.598186E-3
1.793500E-7	1.596473E-3
1.794000E-7	1.587908E-3
1.794500E-7	1.584482E-3
1.795000E-7	1.593047E-3
1.795500E-7	1.599899E-3
1.796000E-7	1.605038E-3
1.796500E-7	1.617028E-3
1.797000E-7	1.632445E-3
1.797500E-7	1.644436E-3
1.798000E-7	1.663278E-3
1.798500E-7	1.688972E-3
1.799000E-7	1.721518E-3
1.799500E-7	1.759203E-3
1.800000E-7	1.796888E-3
1.800500E-7	1.822582E-3
1.801000E-7	1.837999E-3
1.801500E-7	1.846564E-3
1.802000E-7	1.843138E-3
1.802500E-7	1.820870E-3
1.803000E-7	1.791749E-3
1.803500E-7	1.762629E-3
1.804000E-7	1.726657E-3
1.804500E-7	1.683834E-3
1.805000E-7	1.658139E-3
1.805500E-7	1.663278E-3
1.806000E-7	1.690685E-3
1.806500E-7	1.719805E-3
1.807000E-7	1.743787E-3
1.807500E-7	1.771194E-3
1.808000E-7	1.805453E-3
1.808500E-7	1.834573E-3
1.809000E-7	1.846564E-3
1.809500E-7	1.853416E-3
1.810000E-7	1.853416E-3
1.810500E-7	1.837999E-3
1.811000E-7	1.812305E-3
1.811500E-7	1.788323E-3
1.812000E-7	1.760916E-3
1.812500E-7	1.736935E-3
1.813000E-7	1.724944E-3
1.813500E-7	1.723231E-3
1.814000E-7	1.723231E-3
1.814500E-7	1.731796E-3
1.815000E-7	1.754064E-3
1.815500E-7	1.776333E-3
1.816000E-7	1.800314E-3
1.816500E-7	1.822582E-3
1.817000E-7	1.829434E-3
1.817500E-7	1.817444E-3
1.818000E-7	1.812305E-3
1.818500E-7	1.817444E-3
1.819000E-7	1.812305E-3
1.819500E-7	1.791749E-3
1.820000E-7	1.764342E-3
1.820500E-7	1.742074E-3
1.821000E-7	1.730083E-3
1.821500E-7	1.721518E-3
1.822000E-7	1.707815E-3
1.822500E-7	1.690685E-3
1.823000E-7	1.666704E-3
1.823500E-7	1.634158E-3
1.824000E-7	1.601612E-3
1.824500E-7	1.575918E-3
1.825000E-7	1.557075E-3
1.825500E-7	1.543372E-3
1.826000E-7	1.546797E-3
1.826500E-7	1.575918E-3
1.827000E-7	1.622167E-3
1.827500E-7	1.678695E-3
1.828000E-7	1.752352E-3
1.828500E-7	1.843138E-3
1.829000E-7	1.923647E-3
1.829500E-7	1.981887E-3
1.830000E-7	2.022998E-3
1.830500E-7	2.040127E-3
1.831000E-7	2.022998E-3
1.831500E-7	1.980174E-3
1.832000E-7	1.918508E-3
1.832500E-7	1.848277E-3
1.833000E-7	1.776333E-3
1.833500E-7	1.700963E-3
1.834000E-7	1.637584E-3
1.834500E-7	1.610177E-3
1.835000E-7	1.615315E-3
1.835500E-7	1.629019E-3
1.836000E-7	1.659852E-3
1.836500E-7	1.726657E-3
1.837000E-7	1.812305E-3
1.837500E-7	1.899665E-3
1.838000E-7	1.992165E-3
1.838500E-7	2.081238E-3
1.839000E-7	2.144617E-3
1.839500E-7	2.182302E-3
1.840000E-7	2.202857E-3
1.840500E-7	2.204570E-3
1.841000E-7	2.192580E-3
1.841500E-7	2.172024E-3
1.842000E-7	2.146330E-3
1.842500E-7	2.124062E-3
1.843000E-7	2.110358E-3
1.843500E-7	2.101793E-3
1.844000E-7	2.103506E-3
1.844500E-7	2.108645E-3
1.845000E-7	2.105219E-3
1.845500E-7	2.091516E-3
1.846000E-7	2.057257E-3
1.846500E-7	1.987026E-3
1.847000E-7	1.892813E-3
1.847500E-7	1.820870E-3
1.848000E-7	1.771194E-3
1.848500E-7	1.716380E-3
1.849000E-7	1.656426E-3
1.849500E-7	1.622167E-3
1.850000E-7	1.613603E-3
1.850500E-7	1.613603E-3
1.851000E-7	1.629019E-3
1.851500E-7	1.661565E-3
1.852000E-7	1.695824E-3
1.852500E-7	1.730083E-3
1.853000E-7	1.769481E-3
1.853500E-7	1.805453E-3
1.854000E-7	1.824295E-3
1.854500E-7	1.824295E-3
1.855000E-7	1.810592E-3
1.855500E-7	1.793462E-3
1.856000E-7	1.786611E-3
1.856500E-7	1.790036E-3
1.857000E-7	1.805453E-3
1.857500E-7	1.836286E-3
1.858000E-7	1.868832E-3
1.858500E-7	1.884249E-3
1.859000E-7	1.908230E-3
1.859500E-7	1.959618E-3
1.860000E-7	1.993877E-3
1.860500E-7	1.992165E-3
1.861000E-7	2.000729E-3
1.861500E-7	2.028136E-3
1.862000E-7	2.031562E-3
1.862500E-7	2.004155E-3
1.863000E-7	1.963044E-3
1.863500E-7	1.918508E-3
1.864000E-7	1.882536E-3
1.864500E-7	1.855129E-3
1.865000E-7	1.819157E-3
1.865500E-7	1.771194E-3
1.866000E-7	1.721518E-3
1.866500E-7	1.663278E-3
1.867000E-7	1.598186E-3
1.867500E-7	1.558788E-3
1.868000E-7	1.546797E-3
1.868500E-7	1.533094E-3
1.869000E-7	1.526242E-3
1.869500E-7	1.541659E-3
1.870000E-7	1.555362E-3
1.870500E-7	1.553649E-3
1.871000E-7	1.558788E-3
1.871500E-7	1.582769E-3
1.872000E-7	1.611890E-3
1.872500E-7	1.644436E-3
1.873000E-7	1.687259E-3
1.873500E-7	1.742074E-3
1.874000E-7	1.805453E-3
1.874500E-7	1.877397E-3
1.875000E-7	1.961331E-3
1.875500E-7	2.046979E-3
1.876000E-7	2.118923E-3
1.876500E-7	2.178876E-3
1.877000E-7	2.233690E-3
1.877500E-7	2.266237E-3
1.878000E-7	2.255959E-3
1.878500E-7	2.221700E-3
1.879000E-7	2.177163E-3
1.879500E-7	2.113784E-3
1.880000E-7	2.026424E-3
1.880500E-7	1.928785E-3
1.881000E-7	1.839712E-3
1.881500E-7	1.764342E-3
1.882000E-7	1.706102E-3
1.882500E-7	1.670130E-3
1.883000E-7	1.675269E-3
1.883500E-7	1.726657E-3
1.884000E-7	1.798601E-3
1.884500E-7	1.875684E-3
1.885000E-7	1.961331E-3
1.885500E-7	2.052118E-3
1.886000E-7	2.112071E-3
1.886500E-7	2.129201E-3
1.887000E-7	2.120636E-3
1.887500E-7	2.081238E-3
1.888000E-7	2.004155E-3
1.888500E-7	1.908230E-3
1.889000E-7	1.814018E-3
1.889500E-7	1.723231E-3
1.890000E-7	1.635871E-3
1.890500E-7	1.565640E-3
1.891000E-7	1.512538E-3
1.891500E-7	1.481705E-3
1.892000E-7	1.483418E-3
1.892500E-7	1.514251E-3
1.893000E-7	1.563927E-3
1.893500E-7	1.641010E-3
1.894000E-7	1.730083E-3
1.894500E-7	1.807166E-3
1.895000E-7	1.873971E-3
1.895500E-7	1.935637E-3
1.896000E-7	1.997303E-3
1.896500E-7	2.050405E-3
1.897000E-7	2.086377E-3
1.897500E-7	2.106932E-3
1.898000E-7	2.125775E-3
1.898500E-7	2.136052E-3
1.899000E-7	2.118923E-3
1.899500E-7	2.076099E-3
1.900000E-7	2.036701E-3
1.900500E-7	2.000729E-3
1.901000E-7	1.968183E-3
1.901500E-7	1.940776E-3
1.902000E-7	1.918508E-3
1.902500E-7	1.906517E-3
1.903000E-7	1.921934E-3
1.903500E-7	1.949341E-3
1.904000E-7	1.963044E-3
1.904500E-7	1.975035E-3
1.905000E-7	1.993877E-3
1.905500E-7	1.993877E-3
1.906000E-7	1.973322E-3
1.906500E-7	1.949341E-3
1.907000E-7	1.915082E-3
1.907500E-7	1.867119E-3
1.908000E-7	1.831147E-3
1.908500E-7	1.805453E-3
1.909000E-7	1.771194E-3
1.909500E-7	1.743787E-3
1.910000E-7	1.750639E-3
1.910500E-7	1.779759E-3
1.911000E-7	1.810592E-3
1.911500E-7	1.855129E-3
1.912000E-7	1.915082E-3
1.912500E-7	1.971609E-3
1.913000E-7	2.022998E-3
1.913500E-7	2.067534E-3
1.914000E-7	2.091516E-3
1.914500E-7	2.101793E-3
1.915000E-7	2.101793E-3
1.915500E-7	2.076099E-3
1.916000E-7	2.038414E-3
1.916500E-7	2.004155E-3
1.917000E-7	1.963044E-3
1.917500E-7	1.915082E-3
1.918000E-7	1.885962E-3
1.918500E-7	1.880823E-3
1.919000E-7	1.872258E-3
1.919500E-7	1.863693E-3
1.920000E-7	1.863693E-3
1.920500E-7	1.861980E-3
1.921000E-7	1.856841E-3
1.921500E-7	1.868832E-3
1.922000E-7	1.882536E-3
1.922500E-7	1.868832E-3
1.923000E-7	1.820870E-3
1.923500E-7	1.747213E-3
1.924000E-7	1.653000E-3
1.924500E-7	1.545085E-3
1.925000E-7	1.428604E-3
1.925500E-7	1.325827E-3
1.926000E-7	1.257309E-3
1.926500E-7	1.223050E-3
1.927000E-7	1.221337E-3
1.927500E-7	1.259022E-3
1.928000E-7	1.322401E-3
1.928500E-7	1.390919E-3
1.929000E-7	1.486844E-3
1.929500E-7	1.610177E-3
1.930000E-7	1.726657E-3
1.930500E-7	1.822582E-3
1.931000E-7	1.904804E-3
1.931500E-7	1.971609E-3
1.932000E-7	2.004155E-3
1.932500E-7	1.999016E-3
1.933000E-7	1.971609E-3
1.933500E-7	1.927072E-3
1.934000E-7	1.865406E-3
1.934500E-7	1.778046E-3
1.935000E-7	1.673556E-3
1.935500E-7	1.586195E-3
1.936000E-7	1.527955E-3
1.936500E-7	1.505687E-3
1.937000E-7	1.522816E-3
1.937500E-7	1.572492E-3
1.938000E-7	1.639297E-3
1.938500E-7	1.730083E-3
1.939000E-7	1.855129E-3
1.939500E-7	1.992165E-3
1.940000E-7	2.120636E-3
1.940500E-7	2.240542E-3
1.941000E-7	2.348458E-3
1.941500E-7	2.422115E-3
1.942000E-7	2.466652E-3
1.942500E-7	2.499198E-3
1.943000E-7	2.512901E-3
1.943500E-7	2.497485E-3
1.944000E-7	2.463226E-3
1.944500E-7	2.420402E-3
1.945000E-7	2.363875E-3
1.945500E-7	2.297070E-3
1.946000E-7	2.216561E-3
1.946500E-7	2.129201E-3
1.947000E-7	2.058970E-3
1.947500E-7	2.019572E-3
1.948000E-7	1.981887E-3
1.948500E-7	1.920221E-3
1.949000E-7	1.848277E-3
1.949500E-7	1.776333E-3
1.950000E-7	1.695824E-3
1.950500E-7	1.617028E-3
1.951000E-7	1.548510E-3
1.951500E-7	1.486844E-3
1.952000E-7	1.449159E-3
1.952500E-7	1.450872E-3
1.953000E-7	1.476567E-3
1.953500E-7	1.515964E-3
1.954000E-7	1.586195E-3
1.954500E-7	1.673556E-3
1.955000E-7	1.757490E-3
1.955500E-7	1.834573E-3
1.956000E-7	1.909943E-3
1.956500E-7	1.971609E-3
1.957000E-7	2.019572E-3
1.957500E-7	2.043553E-3
1.958000E-7	2.028136E-3
1.958500E-7	1.981887E-3
1.959000E-7	1.935637E-3
1.959500E-7	1.884249E-3
1.960000E-7	1.817444E-3
1.960500E-7	1.754064E-3
1.961000E-7	1.706102E-3
1.961500E-7	1.663278E-3
1.962000E-7	1.615315E-3
1.962500E-7	1.574205E-3
1.963000E-7	1.558788E-3
1.963500E-7	1.570779E-3
1.964000E-7	1.611890E-3
1.964500E-7	1.666704E-3
1.965000E-7	1.728370E-3
1.965500E-7	1.796888E-3
1.966000E-7	1.875684E-3
1.966500E-7	1.952767E-3
1.967000E-7	2.007581E-3
1.967500E-7	2.034988E-3
1.968000E-7	2.031562E-3
1.968500E-7	1.999016E-3
1.969000E-7	1.942489E-3
1.969500E-7	1.861980E-3
1.970000E-7	1.769481E-3
1.970500E-7	1.683834E-3
1.971000E-7	1.611890E-3
1.971500E-7	1.546797E-3
1.972000E-7	1.503974E-3
1.972500E-7	1.500548E-3
1.973000E-7	1.522816E-3
1.973500E-7	1.560501E-3
1.974000E-7	1.615315E-3
1.974500E-7	1.676982E-3
1.975000E-7	1.728370E-3
1.975500E-7	1.781472E-3
1.976000E-7	1.851703E-3
1.976500E-7	1.908230E-3
1.977000E-7	1.923647E-3
1.977500E-7	1.913369E-3
1.978000E-7	1.904804E-3
1.978500E-7	1.884249E-3
1.979000E-7	1.855129E-3
1.979500E-7	1.844851E-3
1.980000E-7	1.856841E-3
1.980500E-7	1.855129E-3
1.981000E-7	1.831147E-3
1.981500E-7	1.796888E-3
1.982000E-7	1.760916E-3
1.982500E-7	1.736935E-3
1.983000E-7	1.728370E-3
1.983500E-7	1.716380E-3
1.984000E-7	1.697537E-3
1.984500E-7	1.680408E-3
1.985000E-7	1.671843E-3
1.985500E-7	1.664991E-3
1.986000E-7	1.659852E-3
1.986500E-7	1.654713E-3
1.987000E-7	1.639297E-3
1.987500E-7	1.622167E-3
1.988000E-7	1.606751E-3
1.988500E-7	1.582769E-3
1.989000E-7	1.538233E-3
1.989500E-7	1.474854E-3
1.990000E-7	1.418326E-3
1.990500E-7	1.378928E-3
1.991000E-7	1.354947E-3
1.991500E-7	1.344669E-3
1.992000E-7	1.354947E-3
1.992500E-7	1.385780E-3
1.993000E-7	1.442308E-3
1.993500E-7	1.531381E-3
1.994000E-7	1.630732E-3
1.994500E-7	1.712954E-3
1.995000E-7	1.788323E-3
1.995500E-7	1.856841E-3
1.996000E-7	1.896239E-3
1.996500E-7	1.903091E-3
1.997000E-7	1.896239E-3
1.997500E-7	1.865406E-3
1.998000E-7	1.798601E-3
1.998500E-7	1.718093E-3
1.999000E-7	1.642723E-3
1.999500E-7	1.575918E-3
2.000000E-7	1.522816E-3
