Study Name	Tungsten_Kyocera
Sample Name	2024-02-05
Run Name	spot03
Operator	Angus+Samantha
Date	2/5/2024
Time	16:26
Sign	FIX
Grating Spacing	03.40um
Channel	3
Number Traces	10000
Files in Batch	1
Batch Number	105
dt	50.000001E-12
time stamp (ms)	6:15:08 PM
	
Time	Amplitude
0.000000E+0	8.479158E-4
5.000000E-11	9.284241E-4
1.000000E-10	9.455534E-4
1.500000E-10	9.421273E-4
2.000000E-10	9.215716E-4
2.500000E-10	8.307852E-4
3.000000E-10	7.125915E-4
3.500000E-10	6.218051E-4
4.000000E-10	5.567129E-4
4.500000E-10	4.899079E-4
5.000000E-10	4.350936E-4
5.500000E-10	4.059734E-4
6.000000E-10	4.128252E-4
6.500000E-10	4.796302E-4
7.000000E-10	5.738424E-4
7.500000E-10	6.646287E-4
8.000000E-10	7.417114E-4
8.500000E-10	7.691187E-4
9.000000E-10	7.691188E-4
9.500000E-10	7.639801E-4
1.000000E-9	7.280083E-4
1.050000E-9	6.149539E-4
1.100000E-9	4.813441E-4
1.150000E-9	3.939839E-4
1.200000E-9	3.237532E-4
1.250000E-9	2.620872E-4
1.300000E-9	2.586615E-4
1.350000E-9	2.860687E-4
1.400000E-9	2.826429E-4
1.450000E-9	2.912077E-4
1.500000E-9	3.408831E-4
1.550000E-9	3.785680E-4
1.600000E-9	3.854197E-4
1.650000E-9	4.059750E-4
1.700000E-9	4.231044E-4
1.750000E-9	3.974101E-4
1.800000E-9	3.631510E-4
1.850000E-9	3.682897E-4
1.900000E-9	3.939839E-4
1.950000E-9	4.436593E-4
2.000000E-9	5.241678E-4
2.050000E-9	6.303705E-4
2.100000E-9	7.451381E-4
2.150000E-9	8.633316E-4
2.200000E-9	9.626826E-4
2.250000E-9	1.051756E-3
2.300000E-9	1.130552E-3
2.350000E-9	1.178514E-3
2.400000E-9	1.152820E-3
2.450000E-9	1.062034E-3
2.500000E-9	9.729608E-4
2.550000E-9	9.112946E-4
2.600000E-9	8.479155E-4
2.650000E-9	7.776845E-4
2.700000E-9	7.314349E-4
2.750000E-9	7.417125E-4
2.800000E-9	7.896749E-4
2.850000E-9	8.513409E-4
2.900000E-9	9.318494E-4
2.950000E-9	1.048330E-3
3.000000E-9	1.185366E-3
3.050000E-9	1.277865E-3
3.100000E-9	1.318976E-3
3.150000E-9	1.363513E-3
3.200000E-9	1.387494E-3
3.250000E-9	1.329254E-3
3.300000E-9	1.188792E-3
3.350000E-9	1.029488E-3
3.400000E-9	8.907393E-4
3.450000E-9	7.537034E-4
3.500000E-9	5.892602E-4
3.550000E-9	4.248171E-4
3.600000E-9	3.134753E-4
3.650000E-9	2.603736E-4
3.700000E-9	2.346792E-4
3.750000E-9	2.535214E-4
3.800000E-9	3.391686E-4
3.850000E-9	4.522231E-4
3.900000E-9	5.361576E-4
3.950000E-9	6.046756E-4
4.000000E-9	6.646290E-4
4.050000E-9	6.988882E-4
4.100000E-9	7.057403E-4
4.150000E-9	7.160182E-4
4.200000E-9	7.108797E-4
4.250000E-9	6.800468E-4
4.300000E-9	6.320843E-4
4.350000E-9	6.012513E-4
4.400000E-9	6.183808E-4
4.450000E-9	6.612044E-4
4.500000E-9	6.971763E-4
4.550000E-9	7.365740E-4
4.600000E-9	8.102308E-4
4.650000E-9	8.804616E-4
4.700000E-9	8.958782E-4
4.750000E-9	9.061559E-4
4.800000E-9	9.215724E-4
4.850000E-9	9.164336E-4
4.900000E-9	8.838876E-4
4.950000E-9	8.530545E-4
5.000000E-9	8.324991E-4
5.050000E-9	8.187954E-4
5.100000E-9	8.273599E-4
5.150000E-9	8.530540E-4
5.200000E-9	8.804610E-4
5.250000E-9	9.181458E-4
5.300000E-9	9.643953E-4
5.350000E-9	1.014071E-3
5.400000E-9	1.043191E-3
5.450000E-9	1.027774E-3
5.500000E-9	9.558306E-4
5.550000E-9	8.513409E-4
5.600000E-9	7.434253E-4
5.650000E-9	6.046766E-4
5.700000E-9	4.402337E-4
5.750000E-9	3.100498E-4
5.800000E-9	2.603743E-4
5.850000E-9	2.449578E-4
5.900000E-9	2.466708E-4
5.950000E-9	3.100499E-4
6.000000E-9	4.556504E-4
6.050000E-9	6.337969E-4
6.100000E-9	8.273599E-4
6.150000E-9	1.036339E-3
6.200000E-9	1.224764E-3
6.250000E-9	1.346383E-3
6.300000E-9	1.406336E-3
6.350000E-9	1.425178E-3
6.400000E-9	1.397771E-3
6.450000E-9	1.329253E-3
6.500000E-9	1.223050E-3
6.550000E-9	1.096292E-3
6.600000E-9	9.986542E-4
6.650000E-9	9.541175E-4
6.700000E-9	9.472658E-4
6.750000E-9	9.729600E-4
6.800000E-9	1.039765E-3
6.850000E-9	1.103144E-3
6.900000E-9	1.157958E-3
6.950000E-9	1.212772E-3
7.000000E-9	1.267586E-3
7.050000E-9	1.269299E-3
7.100000E-9	1.224763E-3
7.150000E-9	1.157958E-3
7.200000E-9	1.074024E-3
7.250000E-9	9.541174E-4
7.300000E-9	8.307854E-4
7.350000E-9	7.554160E-4
7.400000E-9	7.399997E-4
7.450000E-9	7.348611E-4
7.500000E-9	7.314354E-4
7.550000E-9	7.639815E-4
7.600000E-9	8.170829E-4
7.650000E-9	8.256475E-4
7.700000E-9	8.033791E-4
7.750000E-9	7.999530E-4
7.800000E-9	8.085175E-4
7.850000E-9	8.102301E-4
7.900000E-9	8.205075E-4
7.950000E-9	8.564791E-4
8.000000E-9	9.284227E-4
8.050000E-9	1.027773E-3
8.100000E-9	1.149393E-3
8.150000E-9	1.289854E-3
8.200000E-9	1.426890E-3
8.250000E-9	1.546797E-3
8.300000E-9	1.634157E-3
8.350000E-9	1.680407E-3
8.400000E-9	1.656426E-3
8.450000E-9	1.545084E-3
8.500000E-9	1.366938E-3
8.550000E-9	1.173375E-3
8.600000E-9	9.849509E-4
8.650000E-9	8.153692E-4
8.700000E-9	6.577780E-4
8.750000E-9	5.464364E-4
8.800000E-9	5.070386E-4
8.850000E-9	5.241681E-4
8.900000E-9	5.824083E-4
8.950000E-9	6.988888E-4
9.000000E-9	8.427764E-4
9.050000E-9	9.729604E-4
9.100000E-9	1.098006E-3
9.150000E-9	1.226477E-3
9.200000E-9	1.336105E-3
9.250000E-9	1.392633E-3
9.300000E-9	1.399485E-3
9.350000E-9	1.344670E-3
9.400000E-9	1.260736E-3
9.450000E-9	1.169950E-3
9.500000E-9	1.053469E-3
9.550000E-9	9.112945E-4
9.600000E-9	8.016659E-4
9.650000E-9	7.348609E-4
9.700000E-9	6.714819E-4
9.750000E-9	6.218064E-4
9.800000E-9	6.218064E-4
9.850000E-9	6.475007E-4
9.900000E-9	7.023151E-4
9.950000E-9	8.033790E-4
1.000000E-8	9.249982E-4
1.005000E-8	1.031201E-3
1.010000E-8	1.111709E-3
1.015000E-8	1.180227E-3
1.020000E-8	1.214486E-3
1.025000E-8	1.192217E-3
1.030000E-8	1.106570E-3
1.035000E-8	9.661080E-4
1.040000E-8	8.016649E-4
1.045000E-8	6.269441E-4
1.050000E-8	4.419457E-4
1.055000E-8	2.963452E-4
1.060000E-8	2.055589E-4
1.065000E-8	1.456058E-4
1.070000E-8	1.113470E-4
1.075000E-8	1.490320E-4
1.080000E-8	2.757903E-4
1.085000E-8	4.539370E-4
1.090000E-8	6.509261E-4
1.095000E-8	8.633317E-4
1.100000E-8	1.063747E-3
1.105000E-8	1.229903E-3
1.110000E-8	1.339531E-3
1.115000E-8	1.394346E-3
1.120000E-8	1.414901E-3
1.125000E-8	1.392633E-3
1.130000E-8	1.344670E-3
1.135000E-8	1.317263E-3
1.140000E-8	1.322401E-3
1.145000E-8	1.342957E-3
1.150000E-8	1.409761E-3
1.155000E-8	1.584482E-3
1.160000E-8	1.915080E-3
1.165000E-8	2.451232E-3
1.170000E-8	3.234048E-3
1.175000E-8	4.313204E-3
1.180000E-8	5.776059E-3
1.185000E-8	7.679141E-3
1.190000E-8	1.007384E-2
1.195000E-8	1.297728E-2
1.200000E-8	1.641859E-2
1.205000E-8	2.039262E-2
1.210000E-8	2.485656E-2
1.215000E-8	2.975045E-2
1.220000E-8	3.502290E-2
1.225000E-8	4.059511E-2
1.230000E-8	4.630265E-2
1.235000E-8	5.196052E-2
1.240000E-8	5.740255E-2
1.245000E-8	6.250371E-2
1.250000E-8	6.708413E-2
1.255000E-8	7.099136E-2
1.260000E-8	7.416203E-2
1.265000E-8	7.659442E-2
1.270000E-8	7.822343E-2
1.275000E-8	7.901310E-2
1.280000E-8	7.899940E-2
1.285000E-8	7.821830E-2
1.290000E-8	7.667323E-2
1.295000E-8	7.448066E-2
1.300000E-8	7.181703E-2
1.305000E-8	6.875085E-2
1.310000E-8	6.538492E-2
1.315000E-8	6.196587E-2
1.320000E-8	5.867359E-2
1.325000E-8	5.554404E-2
1.330000E-8	5.270911E-2
1.335000E-8	5.035038E-2
1.340000E-8	4.849526E-2
1.345000E-8	4.716258E-2
1.350000E-8	4.639689E-2
1.355000E-8	4.623073E-2
1.360000E-8	4.659388E-2
1.365000E-8	4.744521E-2
1.370000E-8	4.868367E-2
1.375000E-8	5.016194E-2
1.380000E-8	5.177724E-2
1.385000E-8	5.345764E-2
1.390000E-8	5.509351E-2
1.395000E-8	5.655123E-2
1.400000E-8	5.777941E-2
1.405000E-8	5.868899E-2
1.410000E-8	5.916519E-2
1.415000E-8	5.917547E-2
1.420000E-8	5.874723E-2
1.425000E-8	5.786849E-2
1.430000E-8	5.652212E-2
1.435000E-8	5.479547E-2
1.440000E-8	5.281873E-2
1.445000E-8	5.062616E-2
1.450000E-8	4.822632E-2
1.455000E-8	4.574255E-2
1.460000E-8	4.335470E-2
1.465000E-8	4.111931E-2
1.470000E-8	3.909118E-2
1.475000E-8	3.744161E-2
1.480000E-8	3.625111E-2
1.485000E-8	3.549912E-2
1.490000E-8	3.523875E-2
1.495000E-8	3.552653E-2
1.500000E-8	3.632304E-2
1.505000E-8	3.755122E-2
1.510000E-8	3.913570E-2
1.515000E-8	4.095485E-2
1.520000E-8	4.287848E-2
1.525000E-8	4.479185E-2
1.530000E-8	4.654590E-2
1.535000E-8	4.799334E-2
1.540000E-8	4.905366E-2
1.545000E-8	4.965491E-2
1.550000E-8	4.969773E-2
1.555000E-8	4.919584E-2
1.560000E-8	4.819719E-2
1.565000E-8	4.668124E-2
1.570000E-8	4.470107E-2
1.575000E-8	4.244170E-2
1.580000E-8	4.002987E-2
1.585000E-8	3.749129E-2
1.590000E-8	3.492872E-2
1.595000E-8	3.254087E-2
1.600000E-8	3.043223E-2
1.605000E-8	2.865248E-2
1.610000E-8	2.728726E-2
1.615000E-8	2.641879E-2
1.620000E-8	2.606935E-2
1.625000E-8	2.625606E-2
1.630000E-8	2.696693E-2
1.635000E-8	2.813858E-2
1.640000E-8	2.972134E-2
1.645000E-8	3.165697E-2
1.650000E-8	3.379301E-2
1.655000E-8	3.594790E-2
1.660000E-8	3.801714E-2
1.665000E-8	3.989110E-2
1.670000E-8	4.142077E-2
1.675000E-8	4.250506E-2
1.680000E-8	4.309089E-2
1.685000E-8	4.311830E-2
1.690000E-8	4.255475E-2
1.695000E-8	4.146017E-2
1.700000E-8	3.991339E-2
1.705000E-8	3.796234E-2
1.710000E-8	3.568584E-2
1.715000E-8	3.320378E-2
1.720000E-8	3.066005E-2
1.725000E-8	2.818313E-2
1.730000E-8	2.587751E-2
1.735000E-8	2.384253E-2
1.740000E-8	2.219810E-2
1.745000E-8	2.101445E-2
1.750000E-8	2.032755E-2
1.755000E-8	2.016996E-2
1.760000E-8	2.053824E-2
1.765000E-8	2.139814E-2
1.770000E-8	2.267428E-2
1.775000E-8	2.428787E-2
1.780000E-8	2.614471E-2
1.785000E-8	2.812659E-2
1.790000E-8	3.012559E-2
1.795000E-8	3.199442E-2
1.800000E-8	3.361829E-2
1.805000E-8	3.493726E-2
1.810000E-8	3.586740E-2
1.815000E-8	3.632989E-2
1.820000E-8	3.629906E-2
1.825000E-8	3.579888E-2
1.830000E-8	3.482936E-2
1.835000E-8	3.342474E-2
1.840000E-8	3.167069E-2
1.845000E-8	2.964427E-2
1.850000E-8	2.743286E-2
1.855000E-8	2.515807E-2
1.860000E-8	2.295008E-2
1.865000E-8	2.090311E-2
1.870000E-8	1.912164E-2
1.875000E-8	1.771189E-2
1.880000E-8	1.671838E-2
1.885000E-8	1.616681E-2
1.890000E-8	1.611713E-2
1.895000E-8	1.661731E-2
1.900000E-8	1.761081E-2
1.905000E-8	1.900001E-2
1.910000E-8	2.072323E-2
1.915000E-8	2.269826E-2
1.920000E-8	2.476578E-2
1.925000E-8	2.678535E-2
1.930000E-8	2.867473E-2
1.935000E-8	3.030374E-2
1.940000E-8	3.151480E-2
1.945000E-8	3.224965E-2
1.950000E-8	3.252030E-2
1.955000E-8	3.228392E-2
1.960000E-8	3.149768E-2
1.965000E-8	3.022667E-2
1.970000E-8	2.854456E-2
1.975000E-8	2.649759E-2
1.980000E-8	2.420224E-2
1.985000E-8	2.181782E-2
1.990000E-8	1.944711E-2
1.995000E-8	1.719287E-2
2.000000E-8	1.523154E-2
2.005000E-8	1.365221E-2
2.010000E-8	1.249083E-2
2.015000E-8	1.183477E-2
2.020000E-8	1.175083E-2
2.025000E-8	1.218591E-2
2.030000E-8	1.308863E-2
2.035000E-8	1.446927E-2
2.040000E-8	1.623874E-2
2.045000E-8	1.825145E-2
2.050000E-8	2.039606E-2
2.055000E-8	2.257493E-2
2.060000E-8	2.464930E-2
2.065000E-8	2.646845E-2
2.070000E-8	2.793302E-2
2.075000E-8	2.895052E-2
2.080000E-8	2.947639E-2
2.085000E-8	2.949524E-2
2.090000E-8	2.897450E-2
2.095000E-8	2.789535E-2
2.100000E-8	2.634000E-2
2.105000E-8	2.442150E-2
2.110000E-8	2.221694E-2
2.115000E-8	1.983252E-2
2.120000E-8	1.742240E-2
2.125000E-8	1.512877E-2
2.130000E-8	1.304754E-2
2.135000E-8	1.128491E-2
2.140000E-8	9.948814E-3
2.145000E-8	9.104329E-3
2.150000E-8	8.782293E-3
2.155000E-8	8.979279E-3
2.160000E-8	9.671307E-3
2.165000E-8	1.079328E-2
2.170000E-8	1.225443E-2
2.175000E-8	1.398107E-2
2.180000E-8	1.591156E-2
2.185000E-8	1.790886E-2
2.190000E-8	1.980509E-2
2.195000E-8	2.152146E-2
2.200000E-8	2.302886E-2
2.205000E-8	2.422278E-2
2.210000E-8	2.500731E-2
2.215000E-8	2.537217E-2
2.220000E-8	2.530880E-2
2.225000E-8	2.477950E-2
2.230000E-8	2.380997E-2
2.235000E-8	2.244304E-2
2.240000E-8	2.072496E-2
2.245000E-8	1.873623E-2
2.250000E-8	1.660533E-2
2.255000E-8	1.444530E-2
2.260000E-8	1.237263E-2
2.265000E-8	1.051409E-2
2.270000E-8	8.953592E-3
2.275000E-8	7.742537E-3
2.280000E-8	6.983700E-3
2.285000E-8	6.713052E-3
2.290000E-8	6.910039E-3
2.295000E-8	7.602067E-3
2.300000E-8	8.797702E-3
2.305000E-8	1.035477E-2
2.310000E-8	1.215850E-2
2.315000E-8	1.419005E-2
2.320000E-8	1.632781E-2
2.325000E-8	1.835251E-2
2.330000E-8	2.015796E-2
2.335000E-8	2.171674E-2
2.340000E-8	2.291238E-2
2.345000E-8	2.364210E-2
2.350000E-8	2.387506E-2
2.355000E-8	2.359414E-2
2.360000E-8	2.279933E-2
2.365000E-8	2.154546E-2
2.370000E-8	1.989589E-2
2.375000E-8	1.791402E-2
2.380000E-8	1.574029E-2
2.385000E-8	1.351688E-2
2.390000E-8	1.133288E-2
2.395000E-8	9.318451E-3
2.400000E-8	7.600365E-3
2.405000E-8	6.223154E-3
2.410000E-8	5.231356E-3
2.415000E-8	4.705480E-3
2.420000E-8	4.683209E-3
2.425000E-8	5.128573E-3
2.430000E-8	6.021016E-3
2.435000E-8	7.339983E-3
2.440000E-8	8.980984E-3
2.445000E-8	1.083953E-2
2.450000E-8	1.281970E-2
2.455000E-8	1.481357E-2
2.460000E-8	1.666697E-2
2.465000E-8	1.827714E-2
2.470000E-8	1.956186E-2
2.475000E-8	2.043889E-2
2.480000E-8	2.086199E-2
2.485000E-8	2.079347E-2
2.490000E-8	2.022820E-2
2.495000E-8	1.920729E-2
2.500000E-8	1.780781E-2
2.505000E-8	1.611199E-2
2.510000E-8	1.421062E-2
2.515000E-8	1.222189E-2
2.520000E-8	1.026057E-2
2.525000E-8	8.412302E-3
2.530000E-8	6.786716E-3
2.535000E-8	5.467746E-3
2.540000E-8	4.503355E-3
2.545000E-8	3.896971E-3
2.550000E-8	3.696554E-3
2.555000E-8	3.922661E-3
2.560000E-8	4.561588E-3
2.565000E-8	5.555095E-3
2.570000E-8	6.851793E-3
2.575000E-8	8.393444E-3
2.580000E-8	1.009440E-2
2.585000E-8	1.186045E-2
2.590000E-8	1.360423E-2
2.595000E-8	1.525208E-2
2.600000E-8	1.667383E-2
2.605000E-8	1.777011E-2
2.610000E-8	1.851525E-2
2.615000E-8	1.889724E-2
2.620000E-8	1.886298E-2
2.625000E-8	1.837822E-2
2.630000E-8	1.747721E-2
2.635000E-8	1.621477E-2
2.640000E-8	1.466798E-2
2.645000E-8	1.291564E-2
2.650000E-8	1.102797E-2
2.655000E-8	9.136878E-3
2.660000E-8	7.391385E-3
2.665000E-8	5.846307E-3
2.670000E-8	4.525624E-3
2.675000E-8	3.554382E-3
2.680000E-8	3.004524E-3
2.685000E-8	2.817811E-3
2.690000E-8	3.013085E-3
2.695000E-8	3.655438E-3
2.700000E-8	4.660936E-3
2.705000E-8	5.918237E-3
2.710000E-8	7.408499E-3
2.715000E-8	9.085473E-3
2.720000E-8	1.081555E-2
2.725000E-8	1.248396E-2
2.730000E-8	1.401019E-2
2.735000E-8	1.532403E-2
2.740000E-8	1.633980E-2
2.745000E-8	1.698387E-2
2.750000E-8	1.718772E-2
2.755000E-8	1.697531E-2
2.760000E-8	1.638777E-2
2.765000E-8	1.539598E-2
2.770000E-8	1.404789E-2
2.775000E-8	1.249082E-2
2.780000E-8	1.081042E-2
2.785000E-8	9.025535E-3
2.790000E-8	7.220089E-3
2.795000E-8	5.539688E-3
2.800000E-8	4.068267E-3
2.805000E-8	2.862351E-3
2.810000E-8	1.973330E-3
2.815000E-8	1.471435E-3
2.820000E-8	1.404629E-3
2.825000E-8	1.762633E-3
2.830000E-8	2.526605E-3
2.835000E-8	3.650297E-3
2.840000E-8	5.070328E-3
2.845000E-8	6.694200E-3
2.850000E-8	8.441405E-3
2.855000E-8	1.021773E-2
2.860000E-8	1.193068E-2
2.865000E-8	1.346890E-2
2.870000E-8	1.471250E-2
2.875000E-8	1.557583E-2
2.880000E-8	1.605374E-2
2.885000E-8	1.612226E-2
2.890000E-8	1.573000E-2
2.895000E-8	1.492492E-2
2.900000E-8	1.378752E-2
2.905000E-8	1.234351E-2
2.910000E-8	1.065626E-2
2.915000E-8	8.866230E-3
2.920000E-8	7.074488E-3
2.925000E-8	5.349551E-3
2.930000E-8	3.794195E-3
2.935000E-8	2.512910E-3
2.940000E-8	1.543381E-3
2.945000E-8	9.421355E-4
2.950000E-8	7.657004E-4
2.955000E-8	9.883818E-4
2.960000E-8	1.574208E-3
2.965000E-8	2.548873E-3
2.970000E-8	3.876405E-3
2.975000E-8	5.409491E-3
2.980000E-8	7.021373E-3
2.985000E-8	8.681218E-3
2.990000E-8	1.030509E-2
2.995000E-8	1.173711E-2
3.000000E-8	1.291048E-2
3.005000E-8	1.382177E-2
3.010000E-8	1.441445E-2
3.015000E-8	1.460802E-2
3.020000E-8	1.442987E-2
3.025000E-8	1.395539E-2
3.030000E-8	1.316058E-2
3.035000E-8	1.204888E-2
3.040000E-8	1.069908E-2
3.045000E-8	9.193402E-3
3.050000E-8	7.586659E-3
3.055000E-8	5.973064E-3
3.060000E-8	4.445116E-3
3.065000E-8	3.054203E-3
3.070000E-8	1.877408E-3
3.075000E-8	9.986652E-4
3.080000E-8	4.625115E-4
3.085000E-8	2.963542E-4
3.090000E-8	5.224614E-4
3.095000E-8	1.137407E-3
3.100000E-8	2.106934E-3
3.105000E-8	3.388216E-3
3.110000E-8	4.883617E-3
3.115000E-8	6.493786E-3
3.120000E-8	8.162195E-3
3.125000E-8	9.789494E-3
3.130000E-8	1.124207E-2
3.135000E-8	1.245484E-2
3.140000E-8	1.340553E-2
3.145000E-8	1.402219E-2
3.150000E-8	1.422432E-2
3.155000E-8	1.403076E-2
3.160000E-8	1.348947E-2
3.165000E-8	1.260901E-2
3.170000E-8	1.140824E-2
3.175000E-8	9.981357E-3
3.180000E-8	8.429428E-3
3.185000E-8	6.812408E-3
3.190000E-8	5.207377E-3
3.195000E-8	3.730817E-3
3.200000E-8	2.458097E-3
3.205000E-8	1.408060E-3
3.210000E-8	6.834821E-4
3.215000E-8	3.682985E-4
3.220000E-8	4.368149E-4
3.225000E-8	8.530594E-4
3.230000E-8	1.623884E-3
3.235000E-8	2.709891E-3
3.240000E-8	3.991173E-3
3.245000E-8	5.382085E-3
3.250000E-8	6.838089E-3
3.255000E-8	8.285529E-3
3.260000E-8	9.611349E-3
3.265000E-8	1.071963E-2
3.270000E-8	1.158809E-2
3.275000E-8	1.219105E-2
3.280000E-8	1.248739E-2
3.285000E-8	1.242572E-2
3.290000E-8	1.202318E-2
3.295000E-8	1.133458E-2
3.300000E-8	1.040959E-2
3.305000E-8	9.280760E-3
3.310000E-8	7.982348E-3
3.315000E-8	6.570881E-3
3.320000E-8	5.135432E-3
3.325000E-8	3.753084E-3
3.330000E-8	2.487217E-3
3.335000E-8	1.421763E-3
3.340000E-8	6.320939E-4
3.345000E-8	1.524677E-4
3.350000E-8	1.371765E-5
3.355000E-8	2.329733E-4
3.360000E-8	7.794018E-4
3.365000E-8	1.572495E-3
3.370000E-8	2.600261E-3
3.375000E-8	3.848998E-3
3.380000E-8	5.207364E-3
3.385000E-8	6.576008E-3
3.390000E-8	7.898403E-3
3.395000E-8	9.124873E-3
3.400000E-8	1.014236E-2
3.405000E-8	1.089092E-2
3.410000E-8	1.135342E-2
3.415000E-8	1.149559E-2
3.420000E-8	1.129689E-2
3.425000E-8	1.077959E-2
3.430000E-8	1.000533E-2
3.435000E-8	9.027244E-3
3.440000E-8	7.841886E-3
3.445000E-8	6.504075E-3
3.450000E-8	5.113163E-3
3.455000E-8	3.770213E-3
3.460000E-8	2.538605E-3
3.465000E-8	1.461161E-3
3.470000E-8	5.841316E-4
3.475000E-8	-2.739141E-5
3.480000E-8	-3.134548E-4
3.485000E-8	-2.466513E-4
3.490000E-8	1.216308E-4
3.495000E-8	7.519937E-4
3.500000E-8	1.656428E-3
3.505000E-8	2.800675E-3
3.510000E-8	4.066542E-3
3.515000E-8	5.382084E-3
3.520000E-8	6.699340E-3
3.525000E-8	7.960069E-3
3.530000E-8	9.082049E-3
3.535000E-8	1.001389E-2
3.540000E-8	1.070250E-2
3.545000E-8	1.112046E-2
3.550000E-8	1.123694E-2
3.555000E-8	1.102454E-2
3.560000E-8	1.049352E-2
3.565000E-8	9.707282E-3
3.570000E-8	8.710349E-3
3.575000E-8	7.547259E-3
3.580000E-8	6.283105E-3
3.585000E-8	4.984692E-3
3.590000E-8	3.715399E-3
3.595000E-8	2.550595E-3
3.600000E-8	1.582780E-3
3.605000E-8	8.427864E-4
3.610000E-8	3.289015E-4
3.615000E-8	9.251381E-5
3.620000E-8	1.987153E-4
3.625000E-8	5.944047E-4
3.630000E-8	1.224768E-3
3.635000E-8	2.100082E-3
3.640000E-8	3.182663E-3
3.645000E-8	4.366308E-3
3.650000E-8	5.587639E-3
3.655000E-8	6.844941E-3
3.660000E-8	8.069698E-3
3.665000E-8	9.172836E-3
3.670000E-8	1.008584E-2
3.675000E-8	1.076416E-2
3.680000E-8	1.117013E-2
3.685000E-8	1.126949E-2
3.690000E-8	1.104852E-2
3.695000E-8	1.052436E-2
3.700000E-8	9.727839E-3
3.705000E-8	8.669239E-3
3.710000E-8	7.386243E-3
3.715000E-8	5.988479E-3
3.720000E-8	4.563308E-3
3.725000E-8	3.163831E-3
3.730000E-8	1.882546E-3
3.735000E-8	8.462131E-4
3.740000E-8	9.080275E-5
3.745000E-8	-3.956752E-4
3.750000E-8	-5.429900E-4
3.755000E-8	-3.151695E-4
3.760000E-8	2.381108E-4
3.765000E-8	1.046620E-3
3.770000E-8	2.079526E-3
3.775000E-8	3.307707E-3
3.780000E-8	4.640379E-3
3.785000E-8	5.990180E-3
3.790000E-8	7.261187E-3
3.795000E-8	8.400297E-3
3.800000E-8	9.361260E-3
3.805000E-8	1.006528E-2
3.810000E-8	1.045583E-2
3.815000E-8	1.054148E-2
3.820000E-8	1.031880E-2
3.825000E-8	9.792928E-3
3.830000E-8	9.015251E-3
3.835000E-8	8.033734E-3
3.840000E-8	6.870644E-3
3.845000E-8	5.599638E-3
3.850000E-8	4.318354E-3
3.855000E-8	3.097024E-3
3.860000E-8	1.995599E-3
3.865000E-8	1.074033E-3
3.870000E-8	3.631598E-4
3.875000E-8	-1.233177E-4
3.880000E-8	-3.665570E-4
3.885000E-8	-3.460026E-4
3.890000E-8	-6.165438E-5
3.895000E-8	4.710710E-4
3.900000E-8	1.204211E-3
3.905000E-8	2.089804E-3
3.910000E-8	3.122710E-3
3.915000E-8	4.260106E-3
3.920000E-8	5.430048E-3
3.925000E-8	6.569158E-3
3.930000E-8	7.646601E-3
3.935000E-8	8.587010E-3
3.940000E-8	9.335568E-3
3.945000E-8	9.852879E-3
3.950000E-8	1.008927E-2
3.955000E-8	1.002418E-2
3.960000E-8	9.666171E-3
3.965000E-8	9.027243E-3
3.970000E-8	8.136511E-3
3.975000E-8	7.065920E-3
3.980000E-8	5.853155E-3
3.985000E-8	4.571871E-3
3.990000E-8	3.341975E-3
3.995000E-8	2.223421E-3
4.000000E-8	1.226485E-3
4.005000E-8	4.213998E-4
4.010000E-8	-1.130404E-4
4.015000E-8	-4.042422E-4
4.020000E-8	-4.590575E-4
4.025000E-8	-2.123942E-4
4.030000E-8	3.237571E-4
4.035000E-8	1.056897E-3
4.040000E-8	1.940777E-3
4.045000E-8	2.954841E-3
4.050000E-8	4.028858E-3
4.055000E-8	5.116579E-3
4.060000E-8	6.182032E-3
4.065000E-8	7.122440E-3
4.070000E-8	7.850443E-3
4.075000E-8	8.384883E-3
4.080000E-8	8.724047E-3
4.085000E-8	8.789140E-3
4.090000E-8	8.563032E-3
4.095000E-8	8.083408E-3
4.100000E-8	7.391379E-3
4.105000E-8	6.522916E-3
4.110000E-8	5.539685E-3
4.115000E-8	4.470807E-3
4.120000E-8	3.353966E-3
4.125000E-8	2.250829E-3
4.130000E-8	1.223060E-3
4.135000E-8	3.408925E-4
4.140000E-8	-3.168796E-4
4.145000E-8	-7.177099E-4
4.150000E-8	-8.633113E-4
4.155000E-8	-7.159988E-4
4.160000E-8	-2.809114E-4
4.165000E-8	3.802851E-4
4.170000E-8	1.252174E-3
4.175000E-8	2.346746E-3
4.180000E-8	3.562938E-3
4.185000E-8	4.794546E-3
4.190000E-8	5.979905E-3
4.195000E-8	7.035080E-3
4.200000E-8	7.900118E-3
4.205000E-8	8.549326E-3
4.210000E-8	8.931313E-3
4.215000E-8	8.998119E-3
4.220000E-8	8.787427E-3
4.225000E-8	8.326646E-3
4.230000E-8	7.615774E-3
4.235000E-8	6.718190E-3
4.240000E-8	5.752089E-3
4.245000E-8	4.736313E-3
4.250000E-8	3.718823E-3
4.255000E-8	2.795545E-3
4.260000E-8	2.019580E-3
4.265000E-8	1.384077E-3
4.270000E-8	9.130165E-4
4.275000E-8	6.389446E-4
4.280000E-8	5.721390E-4
4.285000E-8	6.954704E-4
4.290000E-8	9.952351E-4
4.295000E-8	1.454304E-3
4.300000E-8	2.053834E-3
4.305000E-8	2.749290E-3
4.310000E-8	3.499559E-3
4.315000E-8	4.306357E-3
4.320000E-8	5.143987E-3
4.325000E-8	5.935368E-3
4.330000E-8	6.625686E-3
4.335000E-8	7.228643E-3
4.340000E-8	7.708269E-3
4.345000E-8	7.984054E-3
4.350000E-8	8.033730E-3
4.355000E-8	7.905260E-3
4.360000E-8	7.586653E-3
4.365000E-8	7.029946E-3
4.370000E-8	6.260834E-3
4.375000E-8	5.375242E-3
4.380000E-8	4.395437E-3
4.385000E-8	3.362530E-3
4.390000E-8	2.360457E-3
4.395000E-8	1.459447E-3
4.400000E-8	6.509357E-4
4.405000E-8	1.556282E-8
4.410000E-8	-4.076663E-4
4.415000E-8	-5.772488E-4
4.420000E-8	-5.172964E-4
4.425000E-8	-2.038280E-4
4.430000E-8	3.511658E-4
4.435000E-8	1.089445E-3
4.440000E-8	1.997306E-3
4.445000E-8	3.016509E-3
4.450000E-8	4.059693E-3
4.455000E-8	5.078896E-3
4.460000E-8	6.048424E-3
4.465000E-8	6.880916E-3
4.470000E-8	7.507855E-3
4.475000E-8	7.920676E-3
4.480000E-8	8.121091E-3
4.485000E-8	8.086833E-3
4.490000E-8	7.817902E-3
4.495000E-8	7.329713E-3
4.500000E-8	6.644535E-3
4.505000E-8	5.801765E-3
4.510000E-8	4.847655E-3
4.515000E-8	3.849007E-3
4.520000E-8	2.884618E-3
4.525000E-8	2.016154E-3
4.530000E-8	1.274448E-3
4.535000E-8	7.091751E-4
4.540000E-8	3.528815E-4
4.545000E-8	2.038544E-4
4.550000E-8	2.466773E-4
4.555000E-8	5.019056E-4
4.560000E-8	9.644003E-4
4.565000E-8	1.558792E-3
4.570000E-8	2.240544E-3
4.575000E-8	3.023360E-3
4.580000E-8	3.847287E-3
4.585000E-8	4.607835E-3
4.590000E-8	5.311856E-3
4.595000E-8	5.964489E-3
4.600000E-8	6.478373E-3
4.605000E-8	6.807260E-3
4.610000E-8	6.995684E-3
4.615000E-8	7.033370E-3
4.620000E-8	6.867215E-3
4.625000E-8	6.507497E-3
4.630000E-8	5.995327E-3
4.635000E-8	5.358111E-3
4.640000E-8	4.616406E-3
4.645000E-8	3.787340E-3
4.650000E-8	2.922302E-3
4.655000E-8	2.101801E-3
4.660000E-8	1.368660E-3
4.665000E-8	7.331563E-4
4.670000E-8	2.449663E-4
4.675000E-8	-7.192927E-5
4.680000E-8	-2.089655E-4
4.685000E-8	-1.318835E-4
4.690000E-8	1.713074E-4
4.695000E-8	6.440799E-4
4.700000E-8	1.238472E-3
4.705000E-8	1.971612E-3
4.710000E-8	2.792113E-3
4.715000E-8	3.614327E-3
4.720000E-8	4.434828E-3
4.725000E-8	5.214219E-3
4.730000E-8	5.832593E-3
4.735000E-8	6.295088E-3
4.740000E-8	6.659946E-3
4.745000E-8	6.850084E-3
4.750000E-8	6.783280E-3
4.755000E-8	6.570875E-3
4.760000E-8	6.267685E-3
4.765000E-8	5.781208E-3
4.770000E-8	5.137141E-3
4.775000E-8	4.458815E-3
4.780000E-8	3.761646E-3
4.785000E-8	3.011376E-3
4.790000E-8	2.266244E-3
4.795000E-8	1.593056E-3
4.800000E-8	9.952373E-4
4.805000E-8	5.241766E-4
4.810000E-8	2.295492E-4
4.815000E-8	7.880924E-5
4.820000E-8	8.394735E-5
4.825000E-8	3.049167E-4
4.830000E-8	7.194491E-4
4.835000E-8	1.252175E-3
4.840000E-8	1.923649E-3
4.845000E-8	2.703039E-3
4.850000E-8	3.497846E-3
4.855000E-8	4.278950E-3
4.860000E-8	5.058340E-3
4.865000E-8	5.748658E-3
4.870000E-8	6.279672E-3
4.875000E-8	6.656520E-3
4.880000E-8	6.863787E-3
4.885000E-8	6.839807E-3
4.890000E-8	6.603421E-3
4.895000E-8	6.188889E-3
4.900000E-8	5.597923E-3
4.905000E-8	4.875060E-3
4.910000E-8	4.112799E-3
4.915000E-8	3.335122E-3
4.920000E-8	2.557445E-3
4.925000E-8	1.843146E-3
4.930000E-8	1.264170E-3
4.935000E-8	8.393586E-4
4.940000E-8	6.046844E-4
4.945000E-8	5.550082E-4
4.950000E-8	6.663490E-4
4.955000E-8	9.318549E-4
4.960000E-8	1.368655E-3
4.965000E-8	1.935640E-3
4.970000E-8	2.559152E-3
4.975000E-8	3.204933E-3
4.980000E-8	3.881546E-3
4.985000E-8	4.582142E-3
4.990000E-8	5.221071E-3
4.995000E-8	5.752085E-3
5.000000E-8	6.182035E-3
5.005000E-8	6.500644E-3
5.010000E-8	6.644532E-3
5.015000E-8	6.598283E-3
5.020000E-8	6.387591E-3
5.025000E-8	6.022734E-3
5.030000E-8	5.531119E-3
5.035000E-8	4.955569E-3
5.040000E-8	4.316640E-3
5.045000E-8	3.610906E-3
5.050000E-8	2.893182E-3
5.055000E-8	2.250827E-3
5.060000E-8	1.697545E-3
5.065000E-8	1.247039E-3
5.070000E-8	9.387087E-4
5.075000E-8	7.896820E-4
5.080000E-8	7.691261E-4
5.085000E-8	8.821801E-4
5.090000E-8	1.130557E-3
5.095000E-8	1.490275E-3
5.100000E-8	1.945918E-3
5.105000E-8	2.471792E-3
5.110000E-8	3.030213E-3
5.115000E-8	3.592059E-3
5.120000E-8	4.153905E-3
5.125000E-8	4.647234E-3
5.130000E-8	5.042925E-3
5.135000E-8	5.371811E-3
5.140000E-8	5.615050E-3
5.145000E-8	5.707549E-3
5.150000E-8	5.654449E-3
5.155000E-8	5.496858E-3
5.160000E-8	5.217648E-3
5.165000E-8	4.820245E-3
5.170000E-8	4.342334E-3
5.175000E-8	3.804469E-3
5.180000E-8	3.234058E-3
5.185000E-8	2.684202E-3
5.190000E-8	2.168605E-3
5.195000E-8	1.702683E-3
5.200000E-8	1.339539E-3
5.205000E-8	1.086022E-3
5.210000E-8	9.267180E-4
5.215000E-8	8.941717E-4
5.220000E-8	1.020929E-3
5.225000E-8	1.259028E-3
5.230000E-8	1.587914E-3
5.235000E-8	2.069251E-3
5.240000E-8	2.670495E-3
5.245000E-8	3.300859E-3
5.250000E-8	3.914094E-3
5.255000E-8	4.511912E-3
5.260000E-8	5.066906E-3
5.265000E-8	5.519124E-3
5.270000E-8	5.825742E-3
5.275000E-8	5.976481E-3
5.280000E-8	5.997037E-3
5.285000E-8	5.883983E-3
5.290000E-8	5.651023E-3
5.295000E-8	5.301583E-3
5.300000E-8	4.849365E-3
5.305000E-8	4.330343E-3
5.310000E-8	3.789053E-3
5.315000E-8	3.240910E-3
5.320000E-8	2.709897E-3
5.325000E-8	2.226846E-3
5.330000E-8	1.810600E-3
5.335000E-8	1.473149E-3
5.340000E-8	1.259031E-3
5.345000E-8	1.180234E-3
5.350000E-8	1.193937E-3
5.355000E-8	1.301852E-3
5.360000E-8	1.553655E-3
5.365000E-8	1.908234E-3
5.370000E-8	2.309063E-3
5.375000E-8	2.764706E-3
5.380000E-8	3.266599E-3
5.385000E-8	3.746224E-3
5.390000E-8	4.191591E-3
5.395000E-8	4.597559E-3
5.400000E-8	4.892187E-3
5.405000E-8	5.041214E-3
5.410000E-8	5.101167E-3
5.415000E-8	5.113158E-3
5.420000E-8	5.022373E-3
5.425000E-8	4.815107E-3
5.430000E-8	4.510203E-3
5.435000E-8	4.141919E-3
5.440000E-8	3.718822E-3
5.445000E-8	3.228919E-3
5.450000E-8	2.694480E-3
5.455000E-8	2.184022E-3
5.460000E-8	1.752359E-3
5.465000E-8	1.421760E-3
5.470000E-8	1.190512E-3
5.475000E-8	1.091160E-3
5.480000E-8	1.110002E-3
5.485000E-8	1.219631E-3
5.490000E-8	1.452591E-3
5.495000E-8	1.838004E-3
5.500000E-8	2.315915E-3
5.505000E-8	2.797253E-3
5.510000E-8	3.268313E-3
5.515000E-8	3.734234E-3
5.520000E-8	4.152193E-3
5.525000E-8	4.493069E-3
5.530000E-8	4.768854E-3
5.535000E-8	4.988111E-3
5.540000E-8	5.128573E-3
5.545000E-8	5.173109E-3
5.550000E-8	5.135425E-3
5.555000E-8	5.041213E-3
5.560000E-8	4.873345E-3
5.565000E-8	4.583857E-3
5.570000E-8	4.200158E-3
5.575000E-8	3.799329E-3
5.580000E-8	3.386509E-3
5.585000E-8	2.930866E-3
5.590000E-8	2.456380E-3
5.595000E-8	2.024717E-3
5.600000E-8	1.658147E-3
5.605000E-8	1.363520E-3
5.610000E-8	1.169956E-3
5.615000E-8	1.096299E-3
5.620000E-8	1.151113E-3
5.625000E-8	1.325833E-3
5.630000E-8	1.605043E-3
5.635000E-8	1.964761E-3
5.640000E-8	2.396423E-3
5.645000E-8	2.840076E-3
5.650000E-8	3.263174E-3
5.655000E-8	3.679420E-3
5.660000E-8	4.083675E-3
5.665000E-8	4.403996E-3
5.670000E-8	4.614689E-3
5.675000E-8	4.732882E-3
5.680000E-8	4.748299E-3
5.685000E-8	4.650662E-3
5.690000E-8	4.462238E-3
5.695000E-8	4.189880E-3
5.700000E-8	3.811319E-3
5.705000E-8	3.345398E-3
5.710000E-8	2.864060E-3
5.715000E-8	2.404990E-3
5.720000E-8	1.981893E-3
5.725000E-8	1.593054E-3
5.730000E-8	1.274446E-3
5.735000E-8	1.056902E-3
5.740000E-8	9.369957E-4
5.745000E-8	9.250050E-4
5.750000E-8	1.032921E-3
5.755000E-8	1.245326E-3
5.760000E-8	1.533101E-3
5.765000E-8	1.882541E-3
5.770000E-8	2.274806E-3
5.775000E-8	2.703042E-3
5.780000E-8	3.146695E-3
5.785000E-8	3.559514E-3
5.790000E-8	3.903816E-3
5.795000E-8	4.215572E-3
5.800000E-8	4.491357E-3
5.805000E-8	4.655800E-3
5.810000E-8	4.691772E-3
5.815000E-8	4.666078E-3
5.820000E-8	4.594134E-3
5.825000E-8	4.414276E-3
5.830000E-8	4.148769E-3
5.835000E-8	3.860995E-3
5.840000E-8	3.540674E-3
5.845000E-8	3.184382E-3
5.850000E-8	2.840080E-3
5.855000E-8	2.540314E-3
5.860000E-8	2.276520E-3
5.865000E-8	2.055550E-3
5.870000E-8	1.879116E-3
5.875000E-8	1.750645E-3
5.880000E-8	1.688978E-3
5.885000E-8	1.706108E-3
5.890000E-8	1.764347E-3
5.895000E-8	1.846569E-3
5.900000E-8	1.966475E-3
5.905000E-8	2.132630E-3
5.910000E-8	2.317628E-3
5.915000E-8	2.524895E-3
5.920000E-8	2.757855E-3
5.925000E-8	2.994242E-3
5.930000E-8	3.213499E-3
5.935000E-8	3.410488E-3
5.940000E-8	3.573218E-3
5.945000E-8	3.665718E-3
5.950000E-8	3.687986E-3
5.955000E-8	3.655440E-3
5.960000E-8	3.580071E-3
5.965000E-8	3.456739E-3
5.970000E-8	3.280306E-3
5.975000E-8	3.049058E-3
5.980000E-8	2.780126E-3
5.985000E-8	2.495777E-3
5.990000E-8	2.190872E-3
5.995000E-8	1.909949E-3
6.000000E-8	1.699257E-3
6.005000E-8	1.531388E-3
6.010000E-8	1.392639E-3
6.015000E-8	1.344676E-3
6.020000E-8	1.401203E-3
6.025000E-8	1.502267E-3
6.030000E-8	1.649580E-3
6.035000E-8	1.891105E-3
6.040000E-8	2.202861E-3
6.045000E-8	2.531747E-3
6.050000E-8	2.879475E-3
6.055000E-8	3.254610E-3
6.060000E-8	3.619468E-3
6.065000E-8	3.934650E-3
6.070000E-8	4.171036E-3
6.075000E-8	4.311498E-3
6.080000E-8	4.340619E-3
6.085000E-8	4.248120E-3
6.090000E-8	4.039140E-3
6.095000E-8	3.747940E-3
6.100000E-8	3.403638E-3
6.105000E-8	3.026790E-3
6.110000E-8	2.620821E-3
6.115000E-8	2.219992E-3
6.120000E-8	1.856847E-3
6.125000E-8	1.529674E-3
6.130000E-8	1.264168E-3
6.135000E-8	1.127132E-3
6.140000E-8	1.110002E-3
6.145000E-8	1.154539E-3
6.150000E-8	1.293287E-3
6.155000E-8	1.555368E-3
6.160000E-8	1.879114E-3
6.165000E-8	2.226842E-3
6.170000E-8	2.622533E-3
6.175000E-8	3.043917E-3
6.180000E-8	3.436182E-3
6.185000E-8	3.795900E-3
6.190000E-8	4.138490E-3
6.195000E-8	4.400571E-3
6.200000E-8	4.547884E-3
6.205000E-8	4.611263E-3
6.210000E-8	4.585569E-3
6.215000E-8	4.457099E-3
6.220000E-8	4.256684E-3
6.225000E-8	3.996317E-3
6.230000E-8	3.664005E-3
6.235000E-8	3.300861E-3
6.240000E-8	2.965124E-3
6.245000E-8	2.665358E-3
6.250000E-8	2.396426E-3
6.255000E-8	2.194298E-3
6.260000E-8	2.077818E-3
6.265000E-8	2.004161E-3
6.270000E-8	1.985319E-3
6.275000E-8	2.055549E-3
6.280000E-8	2.180594E-3
6.285000E-8	2.317630E-3
6.290000E-8	2.463230E-3
6.295000E-8	2.622534E-3
6.300000E-8	2.783550E-3
6.305000E-8	2.953132E-3
6.310000E-8	3.119287E-3
6.315000E-8	3.258036E-3
6.320000E-8	3.420765E-3
6.325000E-8	3.605763E-3
6.330000E-8	3.730808E-3
6.335000E-8	3.790761E-3
6.340000E-8	3.842150E-3
6.345000E-8	3.850715E-3
6.350000E-8	3.759929E-3
6.355000E-8	3.605764E-3
6.360000E-8	3.424193E-3
6.365000E-8	3.179242E-3
6.370000E-8	2.872625E-3
6.375000E-8	2.547165E-3
6.380000E-8	2.201150E-3
6.385000E-8	1.848283E-3
6.390000E-8	1.538240E-3
6.395000E-8	1.305279E-3
6.400000E-8	1.149401E-3
6.405000E-8	1.092873E-3
6.410000E-8	1.130557E-3
6.415000E-8	1.286435E-3
6.420000E-8	1.553654E-3
6.425000E-8	1.884253E-3
6.430000E-8	2.240545E-3
6.435000E-8	2.637949E-3
6.440000E-8	3.069611E-3
6.445000E-8	3.429330E-3
6.450000E-8	3.684559E-3
6.455000E-8	3.876409E-3
6.460000E-8	4.006593E-3
6.465000E-8	4.016871E-3
6.470000E-8	3.931224E-3
6.475000E-8	3.790763E-3
6.480000E-8	3.592061E-3
6.485000E-8	3.319703E-3
6.490000E-8	3.047345E-3
6.495000E-8	2.814384E-3
6.500000E-8	2.615682E-3
6.505000E-8	2.427258E-3
6.510000E-8	2.293648E-3
6.515000E-8	2.218279E-3
6.520000E-8	2.166890E-3
6.525000E-8	2.110363E-3
6.530000E-8	2.048697E-3
6.535000E-8	2.007586E-3
6.540000E-8	2.009299E-3
6.545000E-8	2.058974E-3
6.550000E-8	2.156612E-3
6.555000E-8	2.291935E-3
6.560000E-8	2.466655E-3
6.565000E-8	2.670496E-3
6.570000E-8	2.896605E-3
6.575000E-8	3.141556E-3
6.580000E-8	3.372803E-3
6.585000E-8	3.550950E-3
6.590000E-8	3.675995E-3
6.595000E-8	3.770207E-3
6.600000E-8	3.828447E-3
6.605000E-8	3.813030E-3
6.610000E-8	3.715393E-3
6.615000E-8	3.588635E-3
6.620000E-8	3.484145E-3
6.625000E-8	3.379656E-3
6.630000E-8	3.259750E-3
6.635000E-8	3.158686E-3
6.640000E-8	3.088456E-3
6.645000E-8	3.035355E-3
6.650000E-8	2.978828E-3
6.655000E-8	2.912023E-3
6.660000E-8	2.841792E-3
6.665000E-8	2.773274E-3
6.670000E-8	2.665358E-3
6.675000E-8	2.519758E-3
6.680000E-8	2.391287E-3
6.685000E-8	2.312491E-3
6.690000E-8	2.266241E-3
6.695000E-8	2.262815E-3
6.700000E-8	2.326194E-3
6.705000E-8	2.439248E-3
6.710000E-8	2.598552E-3
6.715000E-8	2.805819E-3
6.720000E-8	3.040492E-3
6.725000E-8	3.273453E-3
6.730000E-8	3.492710E-3
6.735000E-8	3.689699E-3
6.740000E-8	3.838725E-3
6.745000E-8	3.905530E-3
6.750000E-8	3.879835E-3
6.755000E-8	3.773633E-3
6.760000E-8	3.605764E-3
6.765000E-8	3.389933E-3
6.770000E-8	3.127852E-3
6.775000E-8	2.852068E-3
6.780000E-8	2.612256E-3
6.785000E-8	2.425545E-3
6.790000E-8	2.285084E-3
6.795000E-8	2.201150E-3
6.800000E-8	2.196011E-3
6.805000E-8	2.238835E-3
6.810000E-8	2.307353E-3
6.815000E-8	2.404991E-3
6.820000E-8	2.524897E-3
6.825000E-8	2.634525E-3
6.830000E-8	2.728737E-3
6.835000E-8	2.833226E-3
6.840000E-8	2.930864E-3
6.845000E-8	2.990817E-3
6.850000E-8	3.030214E-3
6.855000E-8	3.083315E-3
6.860000E-8	3.139842E-3
6.865000E-8	3.191230E-3
6.870000E-8	3.246045E-3
6.875000E-8	3.305998E-3
6.880000E-8	3.348822E-3
6.885000E-8	3.353961E-3
6.890000E-8	3.321415E-3
6.895000E-8	3.261463E-3
6.900000E-8	3.172390E-3
6.905000E-8	3.043919E-3
6.910000E-8	2.877764E-3
6.915000E-8	2.687627E-3
6.920000E-8	2.497490E-3
6.925000E-8	2.307353E-3
6.930000E-8	2.139484E-3
6.935000E-8	2.026429E-3
6.940000E-8	1.975041E-3
6.945000E-8	1.975041E-3
6.950000E-8	2.033281E-3
6.955000E-8	2.166890E-3
6.960000E-8	2.357027E-3
6.965000E-8	2.577997E-3
6.970000E-8	2.821235E-3
6.975000E-8	3.074751E-3
6.980000E-8	3.305999E-3
6.985000E-8	3.497849E-3
6.990000E-8	3.643449E-3
6.995000E-8	3.763355E-3
7.000000E-8	3.859280E-3
7.005000E-8	3.905530E-3
7.010000E-8	3.893539E-3
7.015000E-8	3.850716E-3
7.020000E-8	3.766781E-3
7.025000E-8	3.619468E-3
7.030000E-8	3.458452E-3
7.035000E-8	3.324842E-3
7.040000E-8	3.180955E-3
7.045000E-8	3.019938E-3
7.050000E-8	2.891468E-3
7.055000E-8	2.785265E-3
7.060000E-8	2.673923E-3
7.065000E-8	2.593415E-3
7.070000E-8	2.569434E-3
7.075000E-8	2.576285E-3
7.080000E-8	2.625960E-3
7.085000E-8	2.703043E-3
7.090000E-8	2.769847E-3
7.095000E-8	2.848642E-3
7.100000E-8	2.977113E-3
7.105000E-8	3.129565E-3
7.110000E-8	3.240906E-3
7.115000E-8	3.335118E-3
7.120000E-8	3.424192E-3
7.125000E-8	3.479006E-3
7.130000E-8	3.472154E-3
7.135000E-8	3.449886E-3
7.140000E-8	3.449886E-3
7.145000E-8	3.465302E-3
7.150000E-8	3.460163E-3
7.155000E-8	3.437895E-3
7.160000E-8	3.407062E-3
7.165000E-8	3.347109E-3
7.170000E-8	3.244332E-3
7.175000E-8	3.122713E-3
7.180000E-8	3.019936E-3
7.185000E-8	2.929150E-3
7.190000E-8	2.816096E-3
7.195000E-8	2.687625E-3
7.200000E-8	2.593413E-3
7.205000E-8	2.542024E-3
7.210000E-8	2.512904E-3
7.215000E-8	2.514617E-3
7.220000E-8	2.562580E-3
7.225000E-8	2.617394E-3
7.230000E-8	2.672208E-3
7.235000E-8	2.751004E-3
7.240000E-8	2.836651E-3
7.245000E-8	2.857206E-3
7.250000E-8	2.845215E-3
7.255000E-8	2.848641E-3
7.260000E-8	2.838363E-3
7.265000E-8	2.781836E-3
7.270000E-8	2.706466E-3
7.275000E-8	2.653365E-3
7.280000E-8	2.613967E-3
7.285000E-8	2.564292E-3
7.290000E-8	2.504339E-3
7.295000E-8	2.470080E-3
7.300000E-8	2.442673E-3
7.305000E-8	2.392998E-3
7.310000E-8	2.326193E-3
7.315000E-8	2.269666E-3
7.320000E-8	2.233695E-3
7.325000E-8	2.214852E-3
7.330000E-8	2.201149E-3
7.335000E-8	2.175454E-3
7.340000E-8	2.153186E-3
7.345000E-8	2.172028E-3
7.350000E-8	2.206287E-3
7.355000E-8	2.218278E-3
7.360000E-8	2.247398E-3
7.365000E-8	2.291934E-3
7.370000E-8	2.329619E-3
7.375000E-8	2.369017E-3
7.380000E-8	2.451238E-3
7.385000E-8	2.576283E-3
7.390000E-8	2.723597E-3
7.395000E-8	2.888040E-3
7.400000E-8	3.050769E-3
7.405000E-8	3.192944E-3
7.410000E-8	3.317989E-3
7.415000E-8	3.410488E-3
7.420000E-8	3.465302E-3
7.425000E-8	3.458451E-3
7.430000E-8	3.376229E-3
7.435000E-8	3.210073E-3
7.440000E-8	2.990816E-3
7.445000E-8	2.725309E-3
7.450000E-8	2.411840E-3
7.455000E-8	2.117213E-3
7.460000E-8	1.896243E-3
7.465000E-8	1.736939E-3
7.470000E-8	1.630736E-3
7.475000E-8	1.620459E-3
7.480000E-8	1.706106E-3
7.485000E-8	1.848281E-3
7.490000E-8	2.043556E-3
7.495000E-8	2.290221E-3
7.500000E-8	2.543737E-3
7.505000E-8	2.773272E-3
7.510000E-8	2.987390E-3
7.515000E-8	3.174101E-3
7.520000E-8	3.295721E-3
7.525000E-8	3.335119E-3
7.530000E-8	3.314563E-3
7.535000E-8	3.249472E-3
7.540000E-8	3.131278E-3
7.545000E-8	2.968548E-3
7.550000E-8	2.793828E-3
7.555000E-8	2.619108E-3
7.560000E-8	2.449526E-3
7.565000E-8	2.293648E-3
7.570000E-8	2.146334E-3
7.575000E-8	2.012725E-3
7.580000E-8	1.928790E-3
7.585000E-8	1.882540E-3
7.590000E-8	1.858559E-3
7.595000E-8	1.855133E-3
7.600000E-8	1.884253E-3
7.605000E-8	1.925364E-3
7.610000E-8	1.985317E-3
7.615000E-8	2.070965E-3
7.620000E-8	2.151473E-3
7.625000E-8	2.206288E-3
7.630000E-8	2.262815E-3
7.635000E-8	2.333046E-3
7.640000E-8	2.392999E-3
7.645000E-8	2.435822E-3
7.650000E-8	2.464942E-3
7.655000E-8	2.514617E-3
7.660000E-8	2.584848E-3
7.665000E-8	2.656792E-3
7.670000E-8	2.730448E-3
7.675000E-8	2.857206E-3
7.680000E-8	3.014798E-3
7.685000E-8	3.138130E-3
7.690000E-8	3.213500E-3
7.695000E-8	3.263176E-3
7.700000E-8	3.268315E-3
7.705000E-8	3.227204E-3
7.710000E-8	3.155261E-3
7.715000E-8	3.064475E-3
7.720000E-8	2.961698E-3
7.725000E-8	2.841792E-3
7.730000E-8	2.709895E-3
7.735000E-8	2.607117E-3
7.740000E-8	2.567719E-3
7.745000E-8	2.567719E-3
7.750000E-8	2.610543E-3
7.755000E-8	2.709894E-3
7.760000E-8	2.828087E-3
7.765000E-8	2.920586E-3
7.770000E-8	2.980539E-3
7.775000E-8	3.050770E-3
7.780000E-8	3.126140E-3
7.785000E-8	3.148408E-3
7.790000E-8	3.095307E-3
7.795000E-8	3.038779E-3
7.800000E-8	3.001095E-3
7.805000E-8	2.936003E-3
7.810000E-8	2.848642E-3
7.815000E-8	2.800680E-3
7.820000E-8	2.807531E-3
7.825000E-8	2.819522E-3
7.830000E-8	2.826374E-3
7.835000E-8	2.836651E-3
7.840000E-8	2.843503E-3
7.845000E-8	2.855494E-3
7.850000E-8	2.867485E-3
7.855000E-8	2.841790E-3
7.860000E-8	2.783550E-3
7.865000E-8	2.704755E-3
7.870000E-8	2.612255E-3
7.875000E-8	2.526608E-3
7.880000E-8	2.482071E-3
7.885000E-8	2.449525E-3
7.890000E-8	2.401563E-3
7.895000E-8	2.382720E-3
7.900000E-8	2.406701E-3
7.905000E-8	2.463228E-3
7.910000E-8	2.524894E-3
7.915000E-8	2.595125E-3
7.920000E-8	2.668782E-3
7.925000E-8	2.718457E-3
7.930000E-8	2.745864E-3
7.935000E-8	2.780123E-3
7.940000E-8	2.812669E-3
7.945000E-8	2.831512E-3
7.950000E-8	2.834938E-3
7.955000E-8	2.853780E-3
7.960000E-8	2.882901E-3
7.965000E-8	2.894891E-3
7.970000E-8	2.874336E-3
7.975000E-8	2.821235E-3
7.980000E-8	2.744152E-3
7.985000E-8	2.660218E-3
7.990000E-8	2.596839E-3
7.995000E-8	2.523182E-3
8.000000E-8	2.423832E-3
8.005000E-8	2.314203E-3
8.010000E-8	2.219991E-3
8.015000E-8	2.144621E-3
8.020000E-8	2.081242E-3
8.025000E-8	2.034992E-3
8.030000E-8	2.009298E-3
8.035000E-8	2.048695E-3
8.040000E-8	2.151472E-3
8.045000E-8	2.276517E-3
8.050000E-8	2.384433E-3
8.055000E-8	2.516330E-3
8.060000E-8	2.684198E-3
8.065000E-8	2.810957E-3
8.070000E-8	2.855493E-3
8.075000E-8	2.882901E-3
8.080000E-8	2.920586E-3
8.085000E-8	2.901744E-3
8.090000E-8	2.826374E-3
8.095000E-8	2.742440E-3
8.100000E-8	2.624247E-3
8.105000E-8	2.459804E-3
8.110000E-8	2.317629E-3
8.115000E-8	2.240547E-3
8.120000E-8	2.178881E-3
8.125000E-8	2.124066E-3
8.130000E-8	2.084668E-3
8.135000E-8	2.067538E-3
8.140000E-8	2.094945E-3
8.145000E-8	2.146334E-3
8.150000E-8	2.166889E-3
8.155000E-8	2.175454E-3
8.160000E-8	2.223416E-3
8.165000E-8	2.274805E-3
8.170000E-8	2.279943E-3
8.175000E-8	2.293647E-3
8.180000E-8	2.348462E-3
8.185000E-8	2.389572E-3
8.190000E-8	2.408415E-3
8.195000E-8	2.434109E-3
8.200000E-8	2.478646E-3
8.205000E-8	2.531747E-3
8.210000E-8	2.591700E-3
8.215000E-8	2.644801E-3
8.220000E-8	2.697903E-3
8.225000E-8	2.751004E-3
8.230000E-8	2.788688E-3
8.235000E-8	2.804105E-3
8.240000E-8	2.817808E-3
8.245000E-8	2.792114E-3
8.250000E-8	2.720170E-3
8.255000E-8	2.663643E-3
8.260000E-8	2.646514E-3
8.265000E-8	2.591699E-3
8.270000E-8	2.500913E-3
8.275000E-8	2.458090E-3
8.280000E-8	2.490636E-3
8.285000E-8	2.536886E-3
8.290000E-8	2.567719E-3
8.295000E-8	2.624246E-3
8.300000E-8	2.711606E-3
8.305000E-8	2.785263E-3
8.310000E-8	2.829799E-3
8.315000E-8	2.869197E-3
8.320000E-8	2.908594E-3
8.325000E-8	2.917159E-3
8.330000E-8	2.884613E-3
8.335000E-8	2.845215E-3
8.340000E-8	2.836650E-3
8.345000E-8	2.838363E-3
8.350000E-8	2.829799E-3
8.355000E-8	2.857206E-3
8.360000E-8	2.932576E-3
8.365000E-8	2.990816E-3
8.370000E-8	3.021649E-3
8.375000E-8	3.095306E-3
8.380000E-8	3.189518E-3
8.385000E-8	3.227203E-3
8.390000E-8	3.213500E-3
8.395000E-8	3.187805E-3
8.400000E-8	3.129565E-3
8.405000E-8	3.030214E-3
8.410000E-8	2.920585E-3
8.415000E-8	2.805818E-3
8.420000E-8	2.684198E-3
8.425000E-8	2.588273E-3
8.430000E-8	2.521468E-3
8.435000E-8	2.485496E-3
8.440000E-8	2.490635E-3
8.445000E-8	2.538598E-3
8.450000E-8	2.598551E-3
8.455000E-8	2.677347E-3
8.460000E-8	2.785263E-3
8.465000E-8	2.891466E-3
8.470000E-8	2.989104E-3
8.475000E-8	3.090168E-3
8.480000E-8	3.170676E-3
8.485000E-8	3.213500E-3
8.490000E-8	3.247759E-3
8.495000E-8	3.280305E-3
8.500000E-8	3.278592E-3
8.505000E-8	3.234055E-3
8.510000E-8	3.172389E-3
8.515000E-8	3.093593E-3
8.520000E-8	3.006233E-3
8.525000E-8	2.906882E-3
8.530000E-8	2.812670E-3
8.535000E-8	2.747578E-3
8.540000E-8	2.721884E-3
8.545000E-8	2.708180E-3
8.550000E-8	2.699615E-3
8.555000E-8	2.704754E-3
8.560000E-8	2.709893E-3
8.565000E-8	2.694476E-3
8.570000E-8	2.680773E-3
8.575000E-8	2.673921E-3
8.580000E-8	2.673921E-3
8.585000E-8	2.670495E-3
8.590000E-8	2.665356E-3
8.595000E-8	2.661930E-3
8.600000E-8	2.668782E-3
8.605000E-8	2.677347E-3
8.610000E-8	2.663643E-3
8.615000E-8	2.656792E-3
8.620000E-8	2.692764E-3
8.625000E-8	2.742439E-3
8.630000E-8	2.742439E-3
8.635000E-8	2.718458E-3
8.640000E-8	2.706467E-3
8.645000E-8	2.656792E-3
8.650000E-8	2.540312E-3
8.655000E-8	2.440961E-3
8.660000E-8	2.398137E-3
8.665000E-8	2.357026E-3
8.670000E-8	2.314203E-3
8.675000E-8	2.333045E-3
8.680000E-8	2.415266E-3
8.685000E-8	2.504340E-3
8.690000E-8	2.591700E-3
8.695000E-8	2.701329E-3
8.700000E-8	2.812670E-3
8.705000E-8	2.906882E-3
8.710000E-8	2.970261E-3
8.715000E-8	3.019937E-3
8.720000E-8	3.054196E-3
8.725000E-8	3.050770E-3
8.730000E-8	3.018224E-3
8.735000E-8	2.999381E-3
8.740000E-8	2.983965E-3
8.745000E-8	2.930864E-3
8.750000E-8	2.840078E-3
8.755000E-8	2.744153E-3
8.760000E-8	2.667070E-3
8.765000E-8	2.588275E-3
8.770000E-8	2.516331E-3
8.775000E-8	2.464943E-3
8.780000E-8	2.439249E-3
8.785000E-8	2.434110E-3
8.790000E-8	2.459804E-3
8.795000E-8	2.524896E-3
8.800000E-8	2.637950E-3
8.805000E-8	2.773273E-3
8.810000E-8	2.898318E-3
8.815000E-8	3.009660E-3
8.820000E-8	3.129566E-3
8.825000E-8	3.227204E-3
8.830000E-8	3.230629E-3
8.835000E-8	3.167250E-3
8.840000E-8	3.105584E-3
8.845000E-8	3.037066E-3
8.850000E-8	2.922299E-3
8.855000E-8	2.783550E-3
8.860000E-8	2.692764E-3
8.865000E-8	2.660218E-3
8.870000E-8	2.641375E-3
8.875000E-8	2.663643E-3
8.880000E-8	2.756143E-3
8.885000E-8	2.857207E-3
8.890000E-8	2.930863E-3
8.895000E-8	3.037066E-3
8.900000E-8	3.186093E-3
8.905000E-8	3.278592E-3
8.910000E-8	3.300860E-3
8.915000E-8	3.328267E-3
8.920000E-8	3.364239E-3
8.925000E-8	3.348822E-3
8.930000E-8	3.311137E-3
8.935000E-8	3.258036E-3
8.940000E-8	3.168962E-3
8.945000E-8	3.066185E-3
8.950000E-8	2.975399E-3
8.955000E-8	2.862344E-3
8.960000E-8	2.764706E-3
8.965000E-8	2.709892E-3
8.970000E-8	2.660217E-3
8.975000E-8	2.615681E-3
8.980000E-8	2.627672E-3
8.985000E-8	2.661931E-3
8.990000E-8	2.675635E-3
8.995000E-8	2.735588E-3
9.000000E-8	2.865772E-3
9.005000E-8	2.965123E-3
9.010000E-8	3.013085E-3
9.015000E-8	3.059335E-3
9.020000E-8	3.095307E-3
9.025000E-8	3.085029E-3
9.030000E-8	3.035353E-3
9.035000E-8	2.978825E-3
9.040000E-8	2.886326E-3
9.045000E-8	2.735586E-3
9.050000E-8	2.574569E-3
9.055000E-8	2.461515E-3
9.060000E-8	2.410126E-3
9.065000E-8	2.379293E-3
9.070000E-8	2.370729E-3
9.075000E-8	2.406701E-3
9.080000E-8	2.463228E-3
9.085000E-8	2.485497E-3
9.090000E-8	2.495775E-3
9.095000E-8	2.533460E-3
9.100000E-8	2.567719E-3
9.105000E-8	2.545451E-3
9.110000E-8	2.495776E-3
9.115000E-8	2.466655E-3
9.120000E-8	2.459804E-3
9.125000E-8	2.452952E-3
9.130000E-8	2.468368E-3
9.135000E-8	2.547163E-3
9.140000E-8	2.667070E-3
9.145000E-8	2.788689E-3
9.150000E-8	2.906882E-3
9.155000E-8	3.045631E-3
9.160000E-8	3.182667E-3
9.165000E-8	3.275166E-3
9.170000E-8	3.319702E-3
9.175000E-8	3.331693E-3
9.180000E-8	3.287156E-3
9.185000E-8	3.156972E-3
9.190000E-8	2.971974E-3
9.195000E-8	2.776698E-3
9.200000E-8	2.572857E-3
9.205000E-8	2.370730E-3
9.210000E-8	2.218277E-3
9.215000E-8	2.139482E-3
9.220000E-8	2.122353E-3
9.225000E-8	2.151473E-3
9.230000E-8	2.228556E-3
9.235000E-8	2.338184E-3
9.240000E-8	2.480359E-3
9.245000E-8	2.632811E-3
9.250000E-8	2.778411E-3
9.255000E-8	2.924012E-3
9.260000E-8	3.055908E-3
9.265000E-8	3.119287E-3
9.270000E-8	3.109009E-3
9.275000E-8	3.067899E-3
9.280000E-8	2.995955E-3
9.285000E-8	2.872623E-3
9.290000E-8	2.725309E-3
9.295000E-8	2.586561E-3
9.300000E-8	2.459803E-3
9.305000E-8	2.358739E-3
9.310000E-8	2.303925E-3
9.315000E-8	2.307351E-3
9.320000E-8	2.369017E-3
9.325000E-8	2.487211E-3
9.330000E-8	2.631099E-3
9.335000E-8	2.774986E-3
9.340000E-8	2.912022E-3
9.345000E-8	3.009660E-3
9.350000E-8	3.043919E-3
9.355000E-8	3.064474E-3
9.360000E-8	3.081603E-3
9.365000E-8	3.067899E-3
9.370000E-8	3.033640E-3
9.375000E-8	3.006233E-3
9.380000E-8	2.997668E-3
9.385000E-8	3.004520E-3
9.390000E-8	3.031927E-3
9.395000E-8	3.071325E-3
9.400000E-8	3.124426E-3
9.405000E-8	3.198083E-3
9.410000E-8	3.266601E-3
9.415000E-8	3.305999E-3
9.420000E-8	3.333406E-3
9.425000E-8	3.324841E-3
9.430000E-8	3.249471E-3
9.435000E-8	3.134703E-3
9.440000E-8	3.001093E-3
9.445000E-8	2.853780E-3
9.450000E-8	2.703041E-3
9.455000E-8	2.566005E-3
9.460000E-8	2.439247E-3
9.465000E-8	2.338183E-3
9.470000E-8	2.285082E-3
9.475000E-8	2.252536E-3
9.480000E-8	2.237120E-3
9.485000E-8	2.264527E-3
9.490000E-8	2.322767E-3
9.495000E-8	2.374156E-3
9.500000E-8	2.410128E-3
9.505000E-8	2.454664E-3
9.510000E-8	2.488923E-3
9.515000E-8	2.526607E-3
9.520000E-8	2.572857E-3
9.525000E-8	2.610541E-3
9.530000E-8	2.619106E-3
9.535000E-8	2.620819E-3
9.540000E-8	2.637948E-3
9.545000E-8	2.673920E-3
9.550000E-8	2.716743E-3
9.555000E-8	2.727021E-3
9.560000E-8	2.701327E-3
9.565000E-8	2.644800E-3
9.570000E-8	2.547163E-3
9.575000E-8	2.427257E-3
9.580000E-8	2.293647E-3
9.585000E-8	2.144621E-3
9.590000E-8	1.968187E-3
9.595000E-8	1.831152E-3
9.600000E-8	1.750643E-3
9.605000E-8	1.704393E-3
9.610000E-8	1.688977E-3
9.615000E-8	1.745504E-3
9.620000E-8	1.887678E-3
9.625000E-8	2.079528E-3
9.630000E-8	2.302211E-3
9.635000E-8	2.536885E-3
9.640000E-8	2.749290E-3
9.645000E-8	2.922298E-3
9.650000E-8	3.050769E-3
9.655000E-8	3.107296E-3
9.660000E-8	3.105583E-3
9.665000E-8	3.078176E-3
9.670000E-8	3.009658E-3
9.675000E-8	2.894891E-3
9.680000E-8	2.766420E-3
9.685000E-8	2.656791E-3
9.690000E-8	2.571144E-3
9.695000E-8	2.523182E-3
9.700000E-8	2.536885E-3
9.705000E-8	2.595125E-3
9.710000E-8	2.673921E-3
9.715000E-8	2.768133E-3
9.720000E-8	2.867484E-3
9.725000E-8	2.929150E-3
9.730000E-8	2.941141E-3
9.735000E-8	2.936002E-3
9.740000E-8	2.912021E-3
9.745000E-8	2.843503E-3
9.750000E-8	2.744152E-3
9.755000E-8	2.631097E-3
9.760000E-8	2.528320E-3
9.765000E-8	2.452950E-3
9.770000E-8	2.411840E-3
9.775000E-8	2.382720E-3
9.780000E-8	2.362164E-3
9.785000E-8	2.367303E-3
9.790000E-8	2.398136E-3
9.795000E-8	2.446099E-3
9.800000E-8	2.500913E-3
9.805000E-8	2.545450E-3
9.810000E-8	2.571144E-3
9.815000E-8	2.593413E-3
9.820000E-8	2.624246E-3
9.825000E-8	2.658505E-3
9.830000E-8	2.672208E-3
9.835000E-8	2.672208E-3
9.840000E-8	2.711606E-3
9.845000E-8	2.776698E-3
9.850000E-8	2.816095E-3
9.855000E-8	2.843502E-3
9.860000E-8	2.891465E-3
9.865000E-8	2.898317E-3
9.870000E-8	2.833225E-3
9.875000E-8	2.769845E-3
9.880000E-8	2.740725E-3
9.885000E-8	2.668781E-3
9.890000E-8	2.574569E-3
9.895000E-8	2.531746E-3
9.900000E-8	2.538597E-3
9.905000E-8	2.528319E-3
9.910000E-8	2.511190E-3
9.915000E-8	2.535171E-3
9.920000E-8	2.588272E-3
9.925000E-8	2.629383E-3
9.930000E-8	2.631096E-3
9.935000E-8	2.605402E-3
9.940000E-8	2.589985E-3
9.945000E-8	2.567717E-3
9.950000E-8	2.509477E-3
9.955000E-8	2.427256E-3
9.960000E-8	2.377581E-3
9.965000E-8	2.348461E-3
9.970000E-8	2.333045E-3
9.975000E-8	2.362165E-3
9.980000E-8	2.425544E-3
9.985000E-8	2.487210E-3
9.990000E-8	2.555728E-3
9.995000E-8	2.649940E-3
1.000000E-7	2.706467E-3
1.000500E-7	2.708180E-3
1.001000E-7	2.704754E-3
1.001500E-7	2.708180E-3
1.002000E-7	2.677347E-3
1.002500E-7	2.619107E-3
1.003000E-7	2.552302E-3
1.003500E-7	2.485497E-3
1.004000E-7	2.391285E-3
1.004500E-7	2.259388E-3
1.005000E-7	2.112074E-3
1.005500E-7	1.995594E-3
1.006000E-7	1.918511E-3
1.006500E-7	1.873975E-3
1.007000E-7	1.868836E-3
1.007500E-7	1.906521E-3
1.008000E-7	1.971613E-3
1.008500E-7	2.057260E-3
1.009000E-7	2.161750E-3
1.009500E-7	2.273091E-3
1.010000E-7	2.360451E-3
1.010500E-7	2.399849E-3
1.011000E-7	2.396423E-3
1.011500E-7	2.369016E-3
1.012000E-7	2.317628E-3
1.012500E-7	2.249110E-3
1.013000E-7	2.168601E-3
1.013500E-7	2.101797E-3
1.014000E-7	2.069251E-3
1.014500E-7	2.101797E-3
1.015000E-7	2.192583E-3
1.015500E-7	2.322767E-3
1.016000E-7	2.483784E-3
1.016500E-7	2.667069E-3
1.017000E-7	2.872623E-3
1.017500E-7	3.067899E-3
1.018000E-7	3.235767E-3
1.018500E-7	3.347109E-3
1.019000E-7	3.393359E-3
1.019500E-7	3.377942E-3
1.020000E-7	3.307712E-3
1.020500E-7	3.192944E-3
1.021000E-7	3.059334E-3
1.021500E-7	2.908595E-3
1.022000E-7	2.749291E-3
1.022500E-7	2.600265E-3
1.023000E-7	2.470080E-3
1.023500E-7	2.346748E-3
1.024000E-7	2.238833E-3
1.024500E-7	2.153185E-3
1.025000E-7	2.084667E-3
1.025500E-7	2.009298E-3
1.026000E-7	1.949345E-3
1.026500E-7	1.928789E-3
1.027000E-7	1.947632E-3
1.027500E-7	1.990456E-3
1.028000E-7	2.028141E-3
1.028500E-7	2.077816E-3
1.029000E-7	2.168602E-3
1.029500E-7	2.271379E-3
1.030000E-7	2.360453E-3
1.030500E-7	2.463229E-3
1.031000E-7	2.593413E-3
1.031500E-7	2.685912E-3
1.032000E-7	2.749291E-3
1.032500E-7	2.807531E-3
1.033000E-7	2.841790E-3
1.033500E-7	2.860633E-3
1.034000E-7	2.898317E-3
1.034500E-7	2.925724E-3
1.035000E-7	2.912021E-3
1.035500E-7	2.879475E-3
1.036000E-7	2.845215E-3
1.036500E-7	2.768133E-3
1.037000E-7	2.680772E-3
1.037500E-7	2.608828E-3
1.038000E-7	2.562579E-3
1.038500E-7	2.538597E-3
1.039000E-7	2.528320E-3
1.039500E-7	2.536884E-3
1.040000E-7	2.576282E-3
1.040500E-7	2.631097E-3
1.041000E-7	2.692763E-3
1.041500E-7	2.771558E-3
1.042000E-7	2.855493E-3
1.042500E-7	2.901743E-3
1.043000E-7	2.913733E-3
1.043500E-7	2.936002E-3
1.044000E-7	2.958270E-3
1.044500E-7	2.937715E-3
1.045000E-7	2.891465E-3
1.045500E-7	2.848642E-3
1.046000E-7	2.814383E-3
1.046500E-7	2.757856E-3
1.047000E-7	2.684199E-3
1.047500E-7	2.624246E-3
1.048000E-7	2.598552E-3
1.048500E-7	2.576283E-3
1.049000E-7	2.545450E-3
1.049500E-7	2.528321E-3
1.050000E-7	2.521469E-3
1.050500E-7	2.512904E-3
1.051000E-7	2.476932E-3
1.051500E-7	2.432395E-3
1.052000E-7	2.394710E-3
1.052500E-7	2.353600E-3
1.053000E-7	2.293646E-3
1.053500E-7	2.242258E-3
1.054000E-7	2.230267E-3
1.054500E-7	2.240545E-3
1.055000E-7	2.240545E-3
1.055500E-7	2.257675E-3
1.056000E-7	2.317628E-3
1.056500E-7	2.410127E-3
1.057000E-7	2.512904E-3
1.057500E-7	2.636236E-3
1.058000E-7	2.747578E-3
1.058500E-7	2.821235E-3
1.059000E-7	2.864058E-3
1.059500E-7	2.882901E-3
1.060000E-7	2.884614E-3
1.060500E-7	2.850355E-3
1.061000E-7	2.771559E-3
1.061500E-7	2.684199E-3
1.062000E-7	2.617394E-3
1.062500E-7	2.530034E-3
1.063000E-7	2.420405E-3
1.063500E-7	2.367304E-3
1.064000E-7	2.367303E-3
1.064500E-7	2.336470E-3
1.065000E-7	2.302211E-3
1.065500E-7	2.319341E-3
1.066000E-7	2.345035E-3
1.066500E-7	2.353599E-3
1.067000E-7	2.375868E-3
1.067500E-7	2.415266E-3
1.068000E-7	2.422117E-3
1.068500E-7	2.416979E-3
1.069000E-7	2.422118E-3
1.069500E-7	2.432396E-3
1.070000E-7	2.454664E-3
1.070500E-7	2.480358E-3
1.071000E-7	2.487210E-3
1.071500E-7	2.519756E-3
1.072000E-7	2.619107E-3
1.072500E-7	2.732162E-3
1.073000E-7	2.788689E-3
1.073500E-7	2.846930E-3
1.074000E-7	2.941142E-3
1.074500E-7	3.026789E-3
1.075000E-7	3.091881E-3
1.075500E-7	3.167251E-3
1.076000E-7	3.249472E-3
1.076500E-7	3.282018E-3
1.077000E-7	3.288870E-3
1.077500E-7	3.294009E-3
1.078000E-7	3.270028E-3
1.078500E-7	3.216926E-3
1.079000E-7	3.174103E-3
1.079500E-7	3.131279E-3
1.080000E-7	3.066187E-3
1.080500E-7	2.992531E-3
1.081000E-7	2.918874E-3
1.081500E-7	2.809246E-3
1.082000E-7	2.672210E-3
1.082500E-7	2.526609E-3
1.083000E-7	2.387860E-3
1.083500E-7	2.273092E-3
1.084000E-7	2.182306E-3
1.084500E-7	2.094945E-3
1.085000E-7	2.021288E-3
1.085500E-7	1.999020E-3
1.086000E-7	2.038417E-3
1.086500E-7	2.103509E-3
1.087000E-7	2.184018E-3
1.087500E-7	2.288508E-3
1.088000E-7	2.394710E-3
1.088500E-7	2.475219E-3
1.089000E-7	2.509478E-3
1.089500E-7	2.494062E-3
1.090000E-7	2.432396E-3
1.090500E-7	2.322768E-3
1.091000E-7	2.170315E-3
1.091500E-7	2.024715E-3
1.092000E-7	1.927077E-3
1.092500E-7	1.848281E-3
1.093000E-7	1.793467E-3
1.093500E-7	1.824300E-3
1.094000E-7	1.949345E-3
1.094500E-7	2.089807E-3
1.095000E-7	2.219991E-3
1.095500E-7	2.386147E-3
1.096000E-7	2.569432E-3
1.096500E-7	2.699616E-3
1.097000E-7	2.769846E-3
1.097500E-7	2.795540E-3
1.098000E-7	2.764707E-3
1.098500E-7	2.677347E-3
1.099000E-7	2.562579E-3
1.099500E-7	2.451237E-3
1.100000E-7	2.372442E-3
1.100500E-7	2.322766E-3
1.101000E-7	2.305637E-3
1.101500E-7	2.343322E-3
1.102000E-7	2.458089E-3
1.102500E-7	2.607116E-3
1.103000E-7	2.754430E-3
1.103500E-7	2.908595E-3
1.104000E-7	3.061047E-3
1.104500E-7	3.163824E-3
1.105000E-7	3.223777E-3
1.105500E-7	3.266600E-3
1.106000E-7	3.275165E-3
1.106500E-7	3.206647E-3
1.107000E-7	3.093592E-3
1.107500E-7	2.997667E-3
1.108000E-7	2.924010E-3
1.108500E-7	2.848640E-3
1.109000E-7	2.774983E-3
1.109500E-7	2.730447E-3
1.110000E-7	2.706466E-3
1.110500E-7	2.703040E-3
1.111000E-7	2.721883E-3
1.111500E-7	2.732160E-3
1.112000E-7	2.713318E-3
1.112500E-7	2.706467E-3
1.113000E-7	2.739013E-3
1.113500E-7	2.768133E-3
1.114000E-7	2.774985E-3
1.114500E-7	2.774985E-3
1.115000E-7	2.776698E-3
1.115500E-7	2.785262E-3
1.116000E-7	2.786975E-3
1.116500E-7	2.768133E-3
1.117000E-7	2.728735E-3
1.117500E-7	2.703040E-3
1.118000E-7	2.685911E-3
1.118500E-7	2.660217E-3
1.119000E-7	2.637948E-3
1.119500E-7	2.637948E-3
1.120000E-7	2.649939E-3
1.120500E-7	2.679059E-3
1.121000E-7	2.713318E-3
1.121500E-7	2.721883E-3
1.122000E-7	2.694476E-3
1.122500E-7	2.660217E-3
1.123000E-7	2.622533E-3
1.123500E-7	2.562579E-3
1.124000E-7	2.492349E-3
1.124500E-7	2.420405E-3
1.125000E-7	2.331331E-3
1.125500E-7	2.225129E-3
1.126000E-7	2.129204E-3
1.126500E-7	2.077815E-3
1.127000E-7	2.067537E-3
1.127500E-7	2.072676E-3
1.128000E-7	2.093231E-3
1.128500E-7	2.137768E-3
1.129000E-7	2.209712E-3
1.129500E-7	2.298786E-3
1.130000E-7	2.404988E-3
1.130500E-7	2.507766E-3
1.131000E-7	2.596839E-3
1.131500E-7	2.672209E-3
1.132000E-7	2.715032E-3
1.132500E-7	2.706468E-3
1.133000E-7	2.677348E-3
1.133500E-7	2.673922E-3
1.134000E-7	2.665357E-3
1.134500E-7	2.648227E-3
1.135000E-7	2.639662E-3
1.135500E-7	2.643088E-3
1.136000E-7	2.655079E-3
1.136500E-7	2.682486E-3
1.137000E-7	2.704754E-3
1.137500E-7	2.713319E-3
1.138000E-7	2.745865E-3
1.138500E-7	2.783549E-3
1.139000E-7	2.788688E-3
1.139500E-7	2.785262E-3
1.140000E-7	2.780123E-3
1.140500E-7	2.737300E-3
1.141000E-7	2.675634E-3
1.141500E-7	2.661930E-3
1.142000E-7	2.661930E-3
1.142500E-7	2.627671E-3
1.143000E-7	2.615681E-3
1.143500E-7	2.668782E-3
1.144000E-7	2.749291E-3
1.144500E-7	2.805818E-3
1.145000E-7	2.841790E-3
1.145500E-7	2.867484E-3
1.146000E-7	2.888040E-3
1.146500E-7	2.903456E-3
1.147000E-7	2.879475E-3
1.147500E-7	2.840077E-3
1.148000E-7	2.812669E-3
1.148500E-7	2.780123E-3
1.149000E-7	2.733873E-3
1.149500E-7	2.713318E-3
1.150000E-7	2.742438E-3
1.150500E-7	2.771558E-3
1.151000E-7	2.778409E-3
1.151500E-7	2.814381E-3
1.152000E-7	2.879473E-3
1.152500E-7	2.924010E-3
1.153000E-7	2.922297E-3
1.153500E-7	2.882900E-3
1.154000E-7	2.814382E-3
1.154500E-7	2.716744E-3
1.155000E-7	2.577996E-3
1.155500E-7	2.410127E-3
1.156000E-7	2.252536E-3
1.156500E-7	2.127491E-3
1.157000E-7	2.023001E-3
1.157500E-7	1.949345E-3
1.158000E-7	1.947632E-3
1.158500E-7	2.019576E-3
1.159000E-7	2.142908E-3
1.159500E-7	2.310777E-3
1.160000E-7	2.482071E-3
1.160500E-7	2.631098E-3
1.161000E-7	2.774985E-3
1.161500E-7	2.929151E-3
1.162000E-7	3.021650E-3
1.162500E-7	3.028501E-3
1.163000E-7	2.994242E-3
1.163500E-7	2.934289E-3
1.164000E-7	2.831512E-3
1.164500E-7	2.706467E-3
1.165000E-7	2.603690E-3
1.165500E-7	2.533459E-3
1.166000E-7	2.497487E-3
1.166500E-7	2.504339E-3
1.167000E-7	2.559154E-3
1.167500E-7	2.663643E-3
1.168000E-7	2.802392E-3
1.168500E-7	2.917159E-3
1.169000E-7	2.994242E-3
1.169500E-7	3.067898E-3
1.170000E-7	3.134703E-3
1.170500E-7	3.156971E-3
1.171000E-7	3.141555E-3
1.171500E-7	3.119287E-3
1.172000E-7	3.074750E-3
1.172500E-7	3.023362E-3
1.173000E-7	2.994242E-3
1.173500E-7	2.973686E-3
1.174000E-7	2.951418E-3
1.174500E-7	2.961696E-3
1.175000E-7	2.994242E-3
1.175500E-7	3.016510E-3
1.176000E-7	3.067899E-3
1.176500E-7	3.144981E-3
1.177000E-7	3.189518E-3
1.177500E-7	3.204934E-3
1.178000E-7	3.215212E-3
1.178500E-7	3.196369E-3
1.179000E-7	3.138129E-3
1.179500E-7	3.088454E-3
1.180000E-7	3.037065E-3
1.180500E-7	2.975400E-3
1.181000E-7	2.941141E-3
1.181500E-7	2.932576E-3
1.182000E-7	2.894891E-3
1.182500E-7	2.841790E-3
1.183000E-7	2.810957E-3
1.183500E-7	2.773272E-3
1.184000E-7	2.716745E-3
1.184500E-7	2.658504E-3
1.185000E-7	2.605403E-3
1.185500E-7	2.530033E-3
1.186000E-7	2.446099E-3
1.186500E-7	2.372442E-3
1.187000E-7	2.290221E-3
1.187500E-7	2.196009E-3
1.188000E-7	2.149759E-3
1.188500E-7	2.154898E-3
1.189000E-7	2.184018E-3
1.189500E-7	2.252536E-3
1.190000E-7	2.350174E-3
1.190500E-7	2.425544E-3
1.191000E-7	2.495775E-3
1.191500E-7	2.610542E-3
1.192000E-7	2.737300E-3
1.192500E-7	2.817808E-3
1.193000E-7	2.850354E-3
1.193500E-7	2.845215E-3
1.194000E-7	2.814382E-3
1.194500E-7	2.780123E-3
1.195000E-7	2.730447E-3
1.195500E-7	2.692762E-3
1.196000E-7	2.692762E-3
1.196500E-7	2.696188E-3
1.197000E-7	2.663643E-3
1.197500E-7	2.651652E-3
1.198000E-7	2.682485E-3
1.198500E-7	2.685911E-3
1.199000E-7	2.644801E-3
1.199500E-7	2.625958E-3
1.200000E-7	2.624245E-3
1.200500E-7	2.581422E-3
1.201000E-7	2.536885E-3
1.201500E-7	2.518043E-3
1.202000E-7	2.495774E-3
1.202500E-7	2.487209E-3
1.203000E-7	2.509478E-3
1.203500E-7	2.533459E-3
1.204000E-7	2.577996E-3
1.204500E-7	2.656791E-3
1.205000E-7	2.725309E-3
1.205500E-7	2.757855E-3
1.206000E-7	2.802392E-3
1.206500E-7	2.843502E-3
1.207000E-7	2.838363E-3
1.207500E-7	2.798966E-3
1.208000E-7	2.754429E-3
1.208500E-7	2.696189E-3
1.209000E-7	2.636236E-3
1.209500E-7	2.567718E-3
1.210000E-7	2.464941E-3
1.210500E-7	2.363877E-3
1.211000E-7	2.319341E-3
1.211500E-7	2.298785E-3
1.212000E-7	2.266239E-3
1.212500E-7	2.237119E-3
1.213000E-7	2.240545E-3
1.213500E-7	2.267952E-3
1.214000E-7	2.305637E-3
1.214500E-7	2.336470E-3
1.215000E-7	2.351886E-3
1.215500E-7	2.379293E-3
1.216000E-7	2.437534E-3
1.216500E-7	2.476931E-3
1.217000E-7	2.473505E-3
1.217500E-7	2.461515E-3
1.218000E-7	2.442672E-3
1.218500E-7	2.394710E-3
1.219000E-7	2.343321E-3
1.219500E-7	2.305636E-3
1.220000E-7	2.250822E-3
1.220500E-7	2.185730E-3
1.221000E-7	2.158323E-3
1.221500E-7	2.151471E-3
1.222000E-7	2.134342E-3
1.222500E-7	2.124064E-3
1.223000E-7	2.153184E-3
1.223500E-7	2.204573E-3
1.224000E-7	2.269665E-3
1.224500E-7	2.324479E-3
1.225000E-7	2.358738E-3
1.225500E-7	2.398136E-3
1.226000E-7	2.423830E-3
1.226500E-7	2.398136E-3
1.227000E-7	2.346748E-3
1.227500E-7	2.317628E-3
1.228000E-7	2.298786E-3
1.228500E-7	2.290221E-3
1.229000E-7	2.317629E-3
1.229500E-7	2.363878E-3
1.230000E-7	2.399850E-3
1.230500E-7	2.458090E-3
1.231000E-7	2.530034E-3
1.231500E-7	2.584848E-3
1.232000E-7	2.634524E-3
1.232500E-7	2.684199E-3
1.233000E-7	2.706467E-3
1.233500E-7	2.706467E-3
1.234000E-7	2.704754E-3
1.234500E-7	2.663643E-3
1.235000E-7	2.588274E-3
1.235500E-7	2.511191E-3
1.236000E-7	2.439247E-3
1.236500E-7	2.377581E-3
1.237000E-7	2.358739E-3
1.237500E-7	2.379294E-3
1.238000E-7	2.406701E-3
1.238500E-7	2.435821E-3
1.239000E-7	2.463228E-3
1.239500E-7	2.478645E-3
1.240000E-7	2.459802E-3
1.240500E-7	2.425543E-3
1.241000E-7	2.375868E-3
1.241500E-7	2.309063E-3
1.242000E-7	2.221702E-3
1.242500E-7	2.122352E-3
1.243000E-7	2.024714E-3
1.243500E-7	1.956196E-3
1.244000E-7	1.942492E-3
1.244500E-7	1.947631E-3
1.245000E-7	1.973325E-3
1.245500E-7	2.072676E-3
1.246000E-7	2.223416E-3
1.246500E-7	2.362164E-3
1.247000E-7	2.495774E-3
1.247500E-7	2.653365E-3
1.248000E-7	2.773271E-3
1.248500E-7	2.805817E-3
1.249000E-7	2.766419E-3
1.249500E-7	2.684198E-3
1.250000E-7	2.543736E-3
1.250500E-7	2.355312E-3
1.251000E-7	2.134342E-3
1.251500E-7	1.935640E-3
1.252000E-7	1.796891E-3
1.252500E-7	1.690689E-3
1.253000E-7	1.618745E-3
1.253500E-7	1.632449E-3
1.254000E-7	1.752355E-3
1.254500E-7	1.908234E-3
1.255000E-7	2.081241E-3
1.255500E-7	2.309063E-3
1.256000E-7	2.535172E-3
1.256500E-7	2.697902E-3
1.257000E-7	2.826373E-3
1.257500E-7	2.906882E-3
1.258000E-7	2.889752E-3
1.258500E-7	2.833225E-3
1.259000E-7	2.793828E-3
1.259500E-7	2.735587E-3
1.260000E-7	2.648227E-3
1.260500E-7	2.600265E-3
1.261000E-7	2.610542E-3
1.261500E-7	2.649940E-3
1.262000E-7	2.730448E-3
1.262500E-7	2.840077E-3
1.263000E-7	2.925724E-3
1.263500E-7	3.013084E-3
1.264000E-7	3.115861E-3
1.264500E-7	3.170675E-3
1.265000E-7	3.136416E-3
1.265500E-7	3.078175E-3
1.266000E-7	3.030213E-3
1.266500E-7	2.939427E-3
1.267000E-7	2.810956E-3
1.267500E-7	2.723596E-3
1.268000E-7	2.684198E-3
1.268500E-7	2.643087E-3
1.269000E-7	2.617393E-3
1.269500E-7	2.639662E-3
1.270000E-7	2.682485E-3
1.270500E-7	2.703041E-3
1.271000E-7	2.696189E-3
1.271500E-7	2.691050E-3
1.272000E-7	2.680773E-3
1.272500E-7	2.639662E-3
1.273000E-7	2.567718E-3
1.273500E-7	2.476932E-3
1.274000E-7	2.360451E-3
1.274500E-7	2.219990E-3
1.275000E-7	2.077815E-3
1.275500E-7	1.985316E-3
1.276000E-7	1.964761E-3
1.276500E-7	1.980177E-3
1.277000E-7	2.012724E-3
1.277500E-7	2.074390E-3
1.278000E-7	2.180593E-3
1.278500E-7	2.300499E-3
1.279000E-7	2.401563E-3
1.279500E-7	2.482072E-3
1.280000E-7	2.559155E-3
1.280500E-7	2.605404E-3
1.281000E-7	2.581423E-3
1.281500E-7	2.502627E-3
1.282000E-7	2.399850E-3
1.282500E-7	2.290221E-3
1.283000E-7	2.170315E-3
1.283500E-7	2.074389E-3
1.284000E-7	2.021288E-3
1.284500E-7	1.990455E-3
1.285000E-7	1.976751E-3
1.285500E-7	2.009297E-3
1.286000E-7	2.093231E-3
1.286500E-7	2.184018E-3
1.287000E-7	2.240545E-3
1.287500E-7	2.283369E-3
1.288000E-7	2.348461E-3
1.288500E-7	2.398136E-3
1.289000E-7	2.384433E-3
1.289500E-7	2.353600E-3
1.290000E-7	2.370730E-3
1.290500E-7	2.403276E-3
1.291000E-7	2.425544E-3
1.291500E-7	2.470081E-3
1.292000E-7	2.557441E-3
1.292500E-7	2.641376E-3
1.293000E-7	2.740727E-3
1.293500E-7	2.879475E-3
1.294000E-7	3.019937E-3
1.294500E-7	3.126139E-3
1.295000E-7	3.201509E-3
1.295500E-7	3.252897E-3
1.296000E-7	3.290582E-3
1.296500E-7	3.331692E-3
1.297000E-7	3.357386E-3
1.297500E-7	3.340257E-3
1.298000E-7	3.304285E-3
1.298500E-7	3.261461E-3
1.299000E-7	3.192943E-3
1.299500E-7	3.102157E-3
1.300000E-7	3.025074E-3
1.300500E-7	2.956556E-3
1.301000E-7	2.879474E-3
1.301500E-7	2.795539E-3
1.302000E-7	2.720170E-3
1.302500E-7	2.651652E-3
1.303000E-7	2.586560E-3
1.303500E-7	2.528320E-3
1.304000E-7	2.471793E-3
1.304500E-7	2.399849E-3
1.305000E-7	2.312489E-3
1.305500E-7	2.242258E-3
1.306000E-7	2.206287E-3
1.306500E-7	2.177167E-3
1.307000E-7	2.141195E-3
1.307500E-7	2.127491E-3
1.308000E-7	2.149760E-3
1.308500E-7	2.214851E-3
1.309000E-7	2.317628E-3
1.309500E-7	2.449525E-3
1.310000E-7	2.610541E-3
1.310500E-7	2.798965E-3
1.311000E-7	3.014796E-3
1.311500E-7	3.237479E-3
1.312000E-7	3.408774E-3
1.312500E-7	3.508125E-3
1.313000E-7	3.542384E-3
1.313500E-7	3.514977E-3
1.314000E-7	3.427617E-3
1.314500E-7	3.294008E-3
1.315000E-7	3.129565E-3
1.315500E-7	2.939428E-3
1.316000E-7	2.730449E-3
1.316500E-7	2.540311E-3
1.317000E-7	2.401563E-3
1.317500E-7	2.295360E-3
1.318000E-7	2.235406E-3
1.318500E-7	2.230267E-3
1.319000E-7	2.257674E-3
1.319500E-7	2.307350E-3
1.320000E-7	2.403275E-3
1.320500E-7	2.518042E-3
1.321000E-7	2.615680E-3
1.321500E-7	2.709892E-3
1.322000E-7	2.793827E-3
1.322500E-7	2.828086E-3
1.323000E-7	2.802392E-3
1.323500E-7	2.754429E-3
1.324000E-7	2.687624E-3
1.324500E-7	2.584848E-3
1.325000E-7	2.471793E-3
1.325500E-7	2.396424E-3
1.326000E-7	2.327906E-3
1.326500E-7	2.231980E-3
1.327000E-7	2.144620E-3
1.327500E-7	2.096657E-3
1.328000E-7	2.064111E-3
1.328500E-7	2.048694E-3
1.329000E-7	2.076101E-3
1.329500E-7	2.127490E-3
1.330000E-7	2.189156E-3
1.330500E-7	2.261100E-3
1.331000E-7	2.357025E-3
1.331500E-7	2.428969E-3
1.332000E-7	2.452950E-3
1.332500E-7	2.466654E-3
1.333000E-7	2.473506E-3
1.333500E-7	2.473506E-3
1.334000E-7	2.494062E-3
1.334500E-7	2.533460E-3
1.335000E-7	2.569432E-3
1.335500E-7	2.603690E-3
1.336000E-7	2.648227E-3
1.336500E-7	2.672208E-3
1.337000E-7	2.648227E-3
1.337500E-7	2.607116E-3
1.338000E-7	2.552301E-3
1.338500E-7	2.473505E-3
1.339000E-7	2.372441E-3
1.339500E-7	2.267951E-3
1.340000E-7	2.168600E-3
1.340500E-7	2.082953E-3
1.341000E-7	2.031565E-3
1.341500E-7	2.016149E-3
1.342000E-7	2.028139E-3
1.342500E-7	2.052121E-3
1.343000E-7	2.082954E-3
1.343500E-7	2.142907E-3
1.344000E-7	2.213138E-3
1.344500E-7	2.264527E-3
1.345000E-7	2.295360E-3
1.345500E-7	2.326193E-3
1.346000E-7	2.329619E-3
1.346500E-7	2.281656E-3
1.347000E-7	2.237120E-3
1.347500E-7	2.218277E-3
1.348000E-7	2.204574E-3
1.348500E-7	2.213138E-3
1.349000E-7	2.266240E-3
1.349500E-7	2.348461E-3
1.350000E-7	2.449525E-3
1.350500E-7	2.562579E-3
1.351000E-7	2.668782E-3
1.351500E-7	2.773272E-3
1.352000E-7	2.882900E-3
1.352500E-7	2.989103E-3
1.353000E-7	3.069611E-3
1.353500E-7	3.134703E-3
1.354000E-7	3.180953E-3
1.354500E-7	3.210073E-3
1.355000E-7	3.220350E-3
1.355500E-7	3.206647E-3
1.356000E-7	3.165536E-3
1.356500E-7	3.136416E-3
1.357000E-7	3.136416E-3
1.357500E-7	3.126139E-3
1.358000E-7	3.105583E-3
1.358500E-7	3.114148E-3
1.359000E-7	3.141555E-3
1.359500E-7	3.156972E-3
1.360000E-7	3.165536E-3
1.360500E-7	3.174101E-3
1.361000E-7	3.163823E-3
1.361500E-7	3.151833E-3
1.362000E-7	3.124425E-3
1.362500E-7	3.037065E-3
1.363000E-7	2.925724E-3
1.363500E-7	2.855493E-3
1.364000E-7	2.804104E-3
1.364500E-7	2.732161E-3
1.365000E-7	2.663643E-3
1.365500E-7	2.644800E-3
1.366000E-7	2.655078E-3
1.366500E-7	2.673921E-3
1.367000E-7	2.718458E-3
1.367500E-7	2.790401E-3
1.368000E-7	2.872623E-3
1.368500E-7	2.944567E-3
1.369000E-7	3.011372E-3
1.369500E-7	3.050769E-3
1.370000E-7	3.059334E-3
1.370500E-7	3.037066E-3
1.371000E-7	2.980539E-3
1.371500E-7	2.908595E-3
1.372000E-7	2.822948E-3
1.372500E-7	2.679060E-3
1.373000E-7	2.490636E-3
1.373500E-7	2.336471E-3
1.374000E-7	2.214852E-3
1.374500E-7	2.072677E-3
1.375000E-7	1.968188E-3
1.375500E-7	1.933929E-3
1.376000E-7	1.921938E-3
1.376500E-7	1.913373E-3
1.377000E-7	1.966475E-3
1.377500E-7	2.052122E-3
1.378000E-7	2.139482E-3
1.378500E-7	2.250823E-3
1.379000E-7	2.377581E-3
1.379500E-7	2.483784E-3
1.380000E-7	2.596838E-3
1.380500E-7	2.723596E-3
1.381000E-7	2.824660E-3
1.381500E-7	2.893178E-3
1.382000E-7	2.956557E-3
1.382500E-7	2.995955E-3
1.383000E-7	3.028501E-3
1.383500E-7	3.073038E-3
1.384000E-7	3.088454E-3
1.384500E-7	3.050769E-3
1.385000E-7	2.997668E-3
1.385500E-7	2.942854E-3
1.386000E-7	2.869197E-3
1.386500E-7	2.786975E-3
1.387000E-7	2.718458E-3
1.387500E-7	2.646514E-3
1.388000E-7	2.555727E-3
1.388500E-7	2.468367E-3
1.389000E-7	2.411839E-3
1.389500E-7	2.408413E-3
1.390000E-7	2.434107E-3
1.390500E-7	2.461514E-3
1.391000E-7	2.502625E-3
1.391500E-7	2.595124E-3
1.392000E-7	2.716743E-3
1.392500E-7	2.838363E-3
1.393000E-7	2.971973E-3
1.393500E-7	3.115860E-3
1.394000E-7	3.256322E-3
1.394500E-7	3.374516E-3
1.395000E-7	3.482431E-3
1.395500E-7	3.569792E-3
1.396000E-7	3.624606E-3
1.396500E-7	3.633171E-3
1.397000E-7	3.609190E-3
1.397500E-7	3.573218E-3
1.398000E-7	3.528682E-3
1.398500E-7	3.461877E-3
1.399000E-7	3.379655E-3
1.399500E-7	3.300860E-3
1.400000E-7	3.232342E-3
1.400500E-7	3.148408E-3
1.401000E-7	3.050770E-3
1.401500E-7	2.982252E-3
1.402000E-7	2.946280E-3
1.402500E-7	2.910309E-3
1.403000E-7	2.881189E-3
1.403500E-7	2.865772E-3
1.404000E-7	2.834939E-3
1.404500E-7	2.802393E-3
1.405000E-7	2.819522E-3
1.405500E-7	2.852068E-3
1.406000E-7	2.850355E-3
1.406500E-7	2.858920E-3
1.407000E-7	2.929150E-3
1.407500E-7	3.018223E-3
1.408000E-7	3.095306E-3
1.408500E-7	3.174101E-3
1.409000E-7	3.232341E-3
1.409500E-7	3.259748E-3
1.410000E-7	3.256323E-3
1.410500E-7	3.230628E-3
1.411000E-7	3.192943E-3
1.411500E-7	3.170675E-3
1.412000E-7	3.138129E-3
1.412500E-7	3.061046E-3
1.413000E-7	2.970260E-3
1.413500E-7	2.898317E-3
1.414000E-7	2.838363E-3
1.414500E-7	2.778410E-3
1.415000E-7	2.739013E-3
1.415500E-7	2.744152E-3
1.416000E-7	2.771559E-3
1.416500E-7	2.804105E-3
1.417000E-7	2.848641E-3
1.417500E-7	2.888039E-3
1.418000E-7	2.893178E-3
1.418500E-7	2.874335E-3
1.419000E-7	2.846928E-3
1.419500E-7	2.793827E-3
1.420000E-7	2.691050E-3
1.420500E-7	2.571144E-3
1.421000E-7	2.471793E-3
1.421500E-7	2.382720E-3
1.422000E-7	2.295359E-3
1.422500E-7	2.230268E-3
1.423000E-7	2.225129E-3
1.423500E-7	2.259388E-3
1.424000E-7	2.302212E-3
1.424500E-7	2.369017E-3
1.425000E-7	2.483784E-3
1.425500E-7	2.619107E-3
1.426000E-7	2.730448E-3
1.426500E-7	2.817809E-3
1.427000E-7	2.903456E-3
1.427500E-7	2.990816E-3
1.428000E-7	3.062760E-3
1.428500E-7	3.095305E-3
1.429000E-7	3.112435E-3
1.429500E-7	3.134703E-3
1.430000E-7	3.143268E-3
1.430500E-7	3.107296E-3
1.431000E-7	3.040491E-3
1.431500E-7	2.987389E-3
1.432000E-7	2.920584E-3
1.432500E-7	2.788687E-3
1.433000E-7	2.649939E-3
1.433500E-7	2.581421E-3
1.434000E-7	2.566004E-3
1.434500E-7	2.543736E-3
1.435000E-7	2.512903E-3
1.435500E-7	2.518042E-3
1.436000E-7	2.557440E-3
1.436500E-7	2.598551E-3
1.437000E-7	2.631097E-3
1.437500E-7	2.677347E-3
1.438000E-7	2.739013E-3
1.438500E-7	2.781837E-3
1.439000E-7	2.793827E-3
1.439500E-7	2.819521E-3
1.440000E-7	2.886326E-3
1.440500E-7	2.953131E-3
1.441000E-7	3.001094E-3
1.441500E-7	3.067899E-3
1.442000E-7	3.184379E-3
1.442500E-7	3.290582E-3
1.443000E-7	3.357387E-3
1.443500E-7	3.389933E-3
1.444000E-7	3.379655E-3
1.444500E-7	3.297434E-3
1.445000E-7	3.168963E-3
1.445500E-7	3.011371E-3
1.446000E-7	2.833225E-3
1.446500E-7	2.660217E-3
1.447000E-7	2.533459E-3
1.447500E-7	2.432395E-3
1.448000E-7	2.341609E-3
1.448500E-7	2.285081E-3
1.449000E-7	2.274803E-3
1.449500E-7	2.300497E-3
1.450000E-7	2.362163E-3
1.450500E-7	2.432394E-3
1.451000E-7	2.526606E-3
1.451500E-7	2.629383E-3
1.452000E-7	2.694475E-3
1.452500E-7	2.687623E-3
1.453000E-7	2.643087E-3
1.453500E-7	2.581421E-3
1.454000E-7	2.485496E-3
1.454500E-7	2.386145E-3
1.455000E-7	2.303923E-3
1.455500E-7	2.231979E-3
1.456000E-7	2.189156E-3
1.456500E-7	2.172026E-3
1.457000E-7	2.178878E-3
1.457500E-7	2.238832E-3
1.458000E-7	2.365590E-3
1.458500E-7	2.504339E-3
1.459000E-7	2.612255E-3
1.459500E-7	2.728736E-3
1.460000E-7	2.833226E-3
1.460500E-7	2.893179E-3
1.461000E-7	2.908596E-3
1.461500E-7	2.877763E-3
1.462000E-7	2.781838E-3
1.462500E-7	2.646515E-3
1.463000E-7	2.492349E-3
1.463500E-7	2.312490E-3
1.464000E-7	2.148047E-3
1.464500E-7	2.060686E-3
1.465000E-7	2.021289E-3
1.465500E-7	1.985317E-3
1.466000E-7	1.993882E-3
1.466500E-7	2.079529E-3
1.467000E-7	2.213139E-3
1.467500E-7	2.379295E-3
1.468000E-7	2.557441E-3
1.468500E-7	2.723597E-3
1.469000E-7	2.862345E-3
1.469500E-7	2.980538E-3
1.470000E-7	3.050769E-3
1.470500E-7	3.049056E-3
1.471000E-7	3.001093E-3
1.471500E-7	2.947992E-3
1.472000E-7	2.857206E-3
1.472500E-7	2.715031E-3
1.473000E-7	2.572857E-3
1.473500E-7	2.473506E-3
1.474000E-7	2.394711E-3
1.474500E-7	2.339897E-3
1.475000E-7	2.312490E-3
1.475500E-7	2.317629E-3
1.476000E-7	2.355314E-3
1.476500E-7	2.422119E-3
1.477000E-7	2.464942E-3
1.477500E-7	2.504340E-3
1.478000E-7	2.572857E-3
1.478500E-7	2.615681E-3
1.479000E-7	2.596838E-3
1.479500E-7	2.574570E-3
1.480000E-7	2.564292E-3
1.480500E-7	2.514616E-3
1.481000E-7	2.422117E-3
1.481500E-7	2.350173E-3
1.482000E-7	2.307349E-3
1.482500E-7	2.269664E-3
1.483000E-7	2.249109E-3
1.483500E-7	2.247396E-3
1.484000E-7	2.279942E-3
1.484500E-7	2.336470E-3
1.485000E-7	2.391284E-3
1.485500E-7	2.442673E-3
1.486000E-7	2.506052E-3
1.486500E-7	2.555728E-3
1.487000E-7	2.564292E-3
1.487500E-7	2.554015E-3
1.488000E-7	2.524895E-3
1.488500E-7	2.476932E-3
1.489000E-7	2.427257E-3
1.489500E-7	2.381007E-3
1.490000E-7	2.343322E-3
1.490500E-7	2.321054E-3
1.491000E-7	2.309063E-3
1.491500E-7	2.319341E-3
1.492000E-7	2.362165E-3
1.492500E-7	2.430683E-3
1.493000E-7	2.487210E-3
1.493500E-7	2.547163E-3
1.494000E-7	2.617394E-3
1.494500E-7	2.673921E-3
1.495000E-7	2.699615E-3
1.495500E-7	2.711605E-3
1.496000E-7	2.704753E-3
1.496500E-7	2.687624E-3
1.497000E-7	2.684198E-3
1.497500E-7	2.689337E-3
1.498000E-7	2.687624E-3
1.498500E-7	2.679059E-3
1.499000E-7	2.682485E-3
1.499500E-7	2.701328E-3
1.500000E-7	2.732161E-3
1.500500E-7	2.752717E-3
1.501000E-7	2.761281E-3
1.501500E-7	2.762995E-3
1.502000E-7	2.766420E-3
1.502500E-7	2.766420E-3
1.503000E-7	2.761282E-3
1.503500E-7	2.737300E-3
1.504000E-7	2.701328E-3
1.504500E-7	2.675634E-3
1.505000E-7	2.656791E-3
1.505500E-7	2.634523E-3
1.506000E-7	2.593412E-3
1.506500E-7	2.528320E-3
1.507000E-7	2.423830E-3
1.507500E-7	2.334757E-3
1.508000E-7	2.302211E-3
1.508500E-7	2.273091E-3
1.509000E-7	2.243971E-3
1.509500E-7	2.290220E-3
1.510000E-7	2.403275E-3
1.510500E-7	2.492348E-3
1.511000E-7	2.533459E-3
1.511500E-7	2.581422E-3
1.512000E-7	2.649940E-3
1.512500E-7	2.685912E-3
1.513000E-7	2.682486E-3
1.513500E-7	2.672208E-3
1.514000E-7	2.653365E-3
1.514500E-7	2.612254E-3
1.515000E-7	2.572856E-3
1.515500E-7	2.554014E-3
1.516000E-7	2.564291E-3
1.516500E-7	2.605402E-3
1.517000E-7	2.684198E-3
1.517500E-7	2.785262E-3
1.518000E-7	2.896603E-3
1.518500E-7	3.002806E-3
1.519000E-7	3.086740E-3
1.519500E-7	3.131277E-3
1.520000E-7	3.141555E-3
1.520500E-7	3.117574E-3
1.521000E-7	3.055908E-3
1.521500E-7	2.971973E-3
1.522000E-7	2.860632E-3
1.522500E-7	2.735586E-3
1.523000E-7	2.634523E-3
1.523500E-7	2.572856E-3
1.524000E-7	2.514616E-3
1.524500E-7	2.480357E-3
1.525000E-7	2.504338E-3
1.525500E-7	2.560866E-3
1.526000E-7	2.619106E-3
1.526500E-7	2.687624E-3
1.527000E-7	2.790401E-3
1.527500E-7	2.906882E-3
1.528000E-7	2.994242E-3
1.528500E-7	3.040492E-3
1.529000E-7	3.081603E-3
1.529500E-7	3.127853E-3
1.530000E-7	3.179241E-3
1.530500E-7	3.232343E-3
1.531000E-7	3.276879E-3
1.531500E-7	3.304286E-3
1.532000E-7	3.326554E-3
1.532500E-7	3.343684E-3
1.533000E-7	3.331693E-3
1.533500E-7	3.275165E-3
1.534000E-7	3.192943E-3
1.534500E-7	3.067898E-3
1.535000E-7	2.908594E-3
1.535500E-7	2.745864E-3
1.536000E-7	2.569430E-3
1.536500E-7	2.372441E-3
1.537000E-7	2.204572E-3
1.537500E-7	2.093231E-3
1.538000E-7	1.999019E-3
1.538500E-7	1.911659E-3
1.539000E-7	1.879113E-3
1.539500E-7	1.925363E-3
1.540000E-7	2.017862E-3
1.540500E-7	2.113787E-3
1.541000E-7	2.199435E-3
1.541500E-7	2.286795E-3
1.542000E-7	2.379294E-3
1.542500E-7	2.435822E-3
1.543000E-7	2.440961E-3
1.543500E-7	2.425544E-3
1.544000E-7	2.408415E-3
1.544500E-7	2.358739E-3
1.545000E-7	2.303925E-3
1.545500E-7	2.278231E-3
1.546000E-7	2.273092E-3
1.546500E-7	2.271379E-3
1.547000E-7	2.302212E-3
1.547500E-7	2.355313E-3
1.548000E-7	2.422118E-3
1.548500E-7	2.516330E-3
1.549000E-7	2.641375E-3
1.549500E-7	2.749291E-3
1.550000E-7	2.836651E-3
1.550500E-7	2.910308E-3
1.551000E-7	2.956557E-3
1.551500E-7	2.978825E-3
1.552000E-7	2.989103E-3
1.552500E-7	2.971974E-3
1.553000E-7	2.929150E-3
1.553500E-7	2.884613E-3
1.554000E-7	2.846928E-3
1.554500E-7	2.804105E-3
1.555000E-7	2.751003E-3
1.555500E-7	2.732161E-3
1.556000E-7	2.749290E-3
1.556500E-7	2.761281E-3
1.557000E-7	2.754429E-3
1.557500E-7	2.754429E-3
1.558000E-7	2.757855E-3
1.558500E-7	2.721883E-3
1.559000E-7	2.651653E-3
1.559500E-7	2.598551E-3
1.560000E-7	2.574570E-3
1.560500E-7	2.542024E-3
1.561000E-7	2.488923E-3
1.561500E-7	2.454664E-3
1.562000E-7	2.439247E-3
1.562500E-7	2.416979E-3
1.563000E-7	2.401562E-3
1.563500E-7	2.434108E-3
1.564000E-7	2.468367E-3
1.564500E-7	2.459803E-3
1.565000E-7	2.459803E-3
1.565500E-7	2.512904E-3
1.566000E-7	2.564293E-3
1.566500E-7	2.586561E-3
1.567000E-7	2.601978E-3
1.567500E-7	2.634524E-3
1.568000E-7	2.668783E-3
1.568500E-7	2.682486E-3
1.569000E-7	2.665357E-3
1.569500E-7	2.639662E-3
1.570000E-7	2.632810E-3
1.570500E-7	2.620820E-3
1.571000E-7	2.586560E-3
1.571500E-7	2.564292E-3
1.572000E-7	2.554014E-3
1.572500E-7	2.511191E-3
1.573000E-7	2.482071E-3
1.573500E-7	2.536885E-3
1.574000E-7	2.639662E-3
1.574500E-7	2.713319E-3
1.575000E-7	2.771559E-3
1.575500E-7	2.857207E-3
1.576000E-7	2.942854E-3
1.576500E-7	2.983965E-3
1.577000E-7	2.966835E-3
1.577500E-7	2.894892E-3
1.578000E-7	2.785263E-3
1.578500E-7	2.656792E-3
1.579000E-7	2.511191E-3
1.579500E-7	2.363878E-3
1.580000E-7	2.240545E-3
1.580500E-7	2.163463E-3
1.581000E-7	2.142907E-3
1.581500E-7	2.187444E-3
1.582000E-7	2.271378E-3
1.582500E-7	2.389572E-3
1.583000E-7	2.550589E-3
1.583500E-7	2.737300E-3
1.584000E-7	2.881187E-3
1.584500E-7	2.978825E-3
1.585000E-7	3.054195E-3
1.585500E-7	3.090167E-3
1.586000E-7	3.049056E-3
1.586500E-7	2.959983E-3
1.587000E-7	2.872623E-3
1.587500E-7	2.781837E-3
1.588000E-7	2.665356E-3
1.588500E-7	2.559154E-3
1.589000E-7	2.500913E-3
1.589500E-7	2.470080E-3
1.590000E-7	2.463229E-3
1.590500E-7	2.507765E-3
1.591000E-7	2.576283E-3
1.591500E-7	2.644801E-3
1.592000E-7	2.706467E-3
1.592500E-7	2.759568E-3
1.593000E-7	2.783549E-3
1.593500E-7	2.816095E-3
1.594000E-7	2.860632E-3
1.594500E-7	2.881187E-3
1.595000E-7	2.867483E-3
1.595500E-7	2.855493E-3
1.596000E-7	2.829799E-3
1.596500E-7	2.785262E-3
1.597000E-7	2.757855E-3
1.597500E-7	2.737300E-3
1.598000E-7	2.703041E-3
1.598500E-7	2.692763E-3
1.599000E-7	2.709893E-3
1.599500E-7	2.704754E-3
1.600000E-7	2.691051E-3
1.600500E-7	2.696190E-3
1.601000E-7	2.660218E-3
1.601500E-7	2.567719E-3
1.602000E-7	2.490636E-3
1.602500E-7	2.408415E-3
1.603000E-7	2.271380E-3
1.603500E-7	2.137770E-3
1.604000E-7	2.062400E-3
1.604500E-7	1.992169E-3
1.605000E-7	1.908235E-3
1.605500E-7	1.872262E-3
1.606000E-7	1.889392E-3
1.606500E-7	1.913373E-3
1.607000E-7	1.969900E-3
1.607500E-7	2.077815E-3
1.608000E-7	2.201147E-3
1.608500E-7	2.324479E-3
1.609000E-7	2.461515E-3
1.609500E-7	2.610541E-3
1.610000E-7	2.739012E-3
1.610500E-7	2.833224E-3
1.611000E-7	2.888039E-3
1.611500E-7	2.918872E-3
1.612000E-7	2.922298E-3
1.612500E-7	2.898317E-3
1.613000E-7	2.841790E-3
1.613500E-7	2.786976E-3
1.614000E-7	2.745865E-3
1.614500E-7	2.692764E-3
1.615000E-7	2.627672E-3
1.615500E-7	2.584848E-3
1.616000E-7	2.564292E-3
1.616500E-7	2.548876E-3
1.617000E-7	2.567718E-3
1.617500E-7	2.622532E-3
1.618000E-7	2.663643E-3
1.618500E-7	2.692763E-3
1.619000E-7	2.757855E-3
1.619500E-7	2.819521E-3
1.620000E-7	2.852067E-3
1.620500E-7	2.881187E-3
1.621000E-7	2.910307E-3
1.621500E-7	2.908594E-3
1.622000E-7	2.894890E-3
1.622500E-7	2.903455E-3
1.623000E-7	2.889752E-3
1.623500E-7	2.852067E-3
1.624000E-7	2.829798E-3
1.624500E-7	2.798965E-3
1.625000E-7	2.720170E-3
1.625500E-7	2.641374E-3
1.626000E-7	2.598550E-3
1.626500E-7	2.538597E-3
1.627000E-7	2.452950E-3
1.627500E-7	2.398135E-3
1.628000E-7	2.377580E-3
1.628500E-7	2.345034E-3
1.629000E-7	2.319340E-3
1.629500E-7	2.334756E-3
1.630000E-7	2.367302E-3
1.630500E-7	2.403275E-3
1.631000E-7	2.449524E-3
1.631500E-7	2.523181E-3
1.632000E-7	2.601977E-3
1.632500E-7	2.679059E-3
1.633000E-7	2.757855E-3
1.633500E-7	2.872622E-3
1.634000E-7	3.001093E-3
1.634500E-7	3.086740E-3
1.635000E-7	3.160397E-3
1.635500E-7	3.276877E-3
1.636000E-7	3.398496E-3
1.636500E-7	3.455024E-3
1.637000E-7	3.473866E-3
1.637500E-7	3.463589E-3
1.638000E-7	3.391645E-3
1.638500E-7	3.263174E-3
1.639000E-7	3.131277E-3
1.639500E-7	3.021649E-3
1.640000E-7	2.922298E-3
1.640500E-7	2.841790E-3
1.641000E-7	2.831512E-3
1.641500E-7	2.860632E-3
1.642000E-7	2.894891E-3
1.642500E-7	2.954844E-3
1.643000E-7	3.073037E-3
1.643500E-7	3.218637E-3
1.644000E-7	3.343682E-3
1.644500E-7	3.437894E-3
1.645000E-7	3.485857E-3
1.645500E-7	3.475579E-3
1.646000E-7	3.420765E-3
1.646500E-7	3.299145E-3
1.647000E-7	3.115860E-3
1.647500E-7	2.932575E-3
1.648000E-7	2.781836E-3
1.648500E-7	2.641374E-3
1.649000E-7	2.526607E-3
1.649500E-7	2.480357E-3
1.650000E-7	2.451237E-3
1.650500E-7	2.425543E-3
1.651000E-7	2.446098E-3
1.651500E-7	2.521468E-3
1.652000E-7	2.591698E-3
1.652500E-7	2.643087E-3
1.653000E-7	2.673920E-3
1.653500E-7	2.682484E-3
1.654000E-7	2.685910E-3
1.654500E-7	2.691049E-3
1.655000E-7	2.641374E-3
1.655500E-7	2.548875E-3
1.656000E-7	2.492348E-3
1.656500E-7	2.458089E-3
1.657000E-7	2.406701E-3
1.657500E-7	2.382720E-3
1.658000E-7	2.415266E-3
1.658500E-7	2.456377E-3
1.659000E-7	2.483784E-3
1.659500E-7	2.521469E-3
1.660000E-7	2.562579E-3
1.660500E-7	2.583135E-3
1.661000E-7	2.560866E-3
1.661500E-7	2.519755E-3
1.662000E-7	2.487209E-3
1.662500E-7	2.428969E-3
1.663000E-7	2.326192E-3
1.663500E-7	2.223415E-3
1.664000E-7	2.168601E-3
1.664500E-7	2.139481E-3
1.665000E-7	2.137768E-3
1.665500E-7	2.182305E-3
1.666000E-7	2.238832E-3
1.666500E-7	2.288507E-3
1.667000E-7	2.363877E-3
1.667500E-7	2.470080E-3
1.668000E-7	2.564292E-3
1.668500E-7	2.644800E-3
1.669000E-7	2.697901E-3
1.669500E-7	2.708179E-3
1.670000E-7	2.701327E-3
1.670500E-7	2.684198E-3
1.671000E-7	2.636235E-3
1.671500E-7	2.577995E-3
1.672000E-7	2.591699E-3
1.672500E-7	2.656791E-3
1.673000E-7	2.694476E-3
1.673500E-7	2.727022E-3
1.674000E-7	2.822947E-3
1.674500E-7	2.929150E-3
1.675000E-7	2.971973E-3
1.675500E-7	2.970260E-3
1.676000E-7	2.978825E-3
1.676500E-7	2.958270E-3
1.677000E-7	2.882900E-3
1.677500E-7	2.785262E-3
1.678000E-7	2.691050E-3
1.678500E-7	2.566005E-3
1.679000E-7	2.418691E-3
1.679500E-7	2.315915E-3
1.680000E-7	2.249110E-3
1.680500E-7	2.197721E-3
1.681000E-7	2.168601E-3
1.681500E-7	2.175453E-3
1.682000E-7	2.207999E-3
1.682500E-7	2.235406E-3
1.683000E-7	2.242257E-3
1.683500E-7	2.240545E-3
1.684000E-7	2.240545E-3
1.684500E-7	2.243971E-3
1.685000E-7	2.252536E-3
1.685500E-7	2.286795E-3
1.686000E-7	2.329619E-3
1.686500E-7	2.369016E-3
1.687000E-7	2.423831E-3
1.687500E-7	2.495775E-3
1.688000E-7	2.557441E-3
1.688500E-7	2.605403E-3
1.689000E-7	2.660217E-3
1.689500E-7	2.692763E-3
1.690000E-7	2.670495E-3
1.690500E-7	2.607115E-3
1.691000E-7	2.540310E-3
1.691500E-7	2.471792E-3
1.692000E-7	2.404987E-3
1.692500E-7	2.341608E-3
1.693000E-7	2.278229E-3
1.693500E-7	2.219988E-3
1.694000E-7	2.197720E-3
1.694500E-7	2.197720E-3
1.695000E-7	2.184017E-3
1.695500E-7	2.184017E-3
1.696000E-7	2.238831E-3
1.696500E-7	2.327905E-3
1.697000E-7	2.381007E-3
1.697500E-7	2.396423E-3
1.698000E-7	2.416979E-3
1.698500E-7	2.454664E-3
1.699000E-7	2.459803E-3
1.699500E-7	2.440961E-3
1.700000E-7	2.456377E-3
1.700500E-7	2.500914E-3
1.701000E-7	2.545450E-3
1.701500E-7	2.610542E-3
1.702000E-7	2.713319E-3
1.702500E-7	2.816095E-3
1.703000E-7	2.906881E-3
1.703500E-7	2.999380E-3
1.704000E-7	3.107296E-3
1.704500E-7	3.198082E-3
1.705000E-7	3.244332E-3
1.705500E-7	3.251183E-3
1.706000E-7	3.228915E-3
1.706500E-7	3.156971E-3
1.707000E-7	3.025074E-3
1.707500E-7	2.881187E-3
1.708000E-7	2.776697E-3
1.708500E-7	2.696189E-3
1.709000E-7	2.625958E-3
1.709500E-7	2.583134E-3
1.710000E-7	2.588273E-3
1.710500E-7	2.622532E-3
1.711000E-7	2.684198E-3
1.711500E-7	2.776697E-3
1.712000E-7	2.888039E-3
1.712500E-7	2.963408E-3
1.713000E-7	2.970260E-3
1.713500E-7	2.947992E-3
1.714000E-7	2.939427E-3
1.714500E-7	2.896604E-3
1.715000E-7	2.776697E-3
1.715500E-7	2.637949E-3
1.716000E-7	2.552301E-3
1.716500E-7	2.478645E-3
1.717000E-7	2.387858E-3
1.717500E-7	2.327905E-3
1.718000E-7	2.297072E-3
1.718500E-7	2.262813E-3
1.719000E-7	2.261100E-3
1.719500E-7	2.307350E-3
1.720000E-7	2.372442E-3
1.720500E-7	2.430682E-3
1.721000E-7	2.488923E-3
1.721500E-7	2.530033E-3
1.722000E-7	2.564292E-3
1.722500E-7	2.588274E-3
1.723000E-7	2.559154E-3
1.723500E-7	2.502626E-3
1.724000E-7	2.499200E-3
1.724500E-7	2.511191E-3
1.725000E-7	2.459802E-3
1.725500E-7	2.404988E-3
1.726000E-7	2.425543E-3
1.726500E-7	2.466654E-3
1.727000E-7	2.487209E-3
1.727500E-7	2.524894E-3
1.728000E-7	2.581421E-3
1.728500E-7	2.603690E-3
1.729000E-7	2.617393E-3
1.729500E-7	2.663643E-3
1.730000E-7	2.684198E-3
1.730500E-7	2.663643E-3
1.731000E-7	2.668782E-3
1.731500E-7	2.694476E-3
1.732000E-7	2.689337E-3
1.732500E-7	2.687624E-3
1.733000E-7	2.725309E-3
1.733500E-7	2.771558E-3
1.734000E-7	2.812669E-3
1.734500E-7	2.853780E-3
1.735000E-7	2.882900E-3
1.735500E-7	2.857205E-3
1.736000E-7	2.802391E-3
1.736500E-7	2.720169E-3
1.737000E-7	2.613967E-3
1.737500E-7	2.497486E-3
1.738000E-7	2.379293E-3
1.738500E-7	2.249109E-3
1.739000E-7	2.139481E-3
1.739500E-7	2.084667E-3
1.740000E-7	2.069250E-3
1.740500E-7	2.094945E-3
1.741000E-7	2.184018E-3
1.741500E-7	2.314202E-3
1.742000E-7	2.449525E-3
1.742500E-7	2.593413E-3
1.743000E-7	2.735587E-3
1.743500E-7	2.881187E-3
1.744000E-7	3.018223E-3
1.744500E-7	3.139842E-3
1.745000E-7	3.204934E-3
1.745500E-7	3.227202E-3
1.746000E-7	3.223776E-3
1.746500E-7	3.182665E-3
1.747000E-7	3.119286E-3
1.747500E-7	3.061046E-3
1.748000E-7	3.030213E-3
1.748500E-7	3.018223E-3
1.749000E-7	3.035353E-3
1.749500E-7	3.085028E-3
1.750000E-7	3.165537E-3
1.750500E-7	3.254610E-3
1.751000E-7	3.345397E-3
1.751500E-7	3.453312E-3
1.752000E-7	3.585209E-3
1.752500E-7	3.703402E-3
1.753000E-7	3.771920E-3
1.753500E-7	3.799327E-3
1.754000E-7	3.833586E-3
1.754500E-7	3.857567E-3
1.755000E-7	3.843864E-3
1.755500E-7	3.813030E-3
1.756000E-7	3.770207E-3
1.756500E-7	3.665717E-3
1.757000E-7	3.485858E-3
1.757500E-7	3.300859E-3
1.758000E-7	3.124426E-3
1.758500E-7	2.912021E-3
1.759000E-7	2.680773E-3
1.759500E-7	2.482071E-3
1.760000E-7	2.309063E-3
1.760500E-7	2.137768E-3
1.761000E-7	2.024714E-3
1.761500E-7	2.011010E-3
1.762000E-7	2.052121E-3
1.762500E-7	2.106935E-3
1.763000E-7	2.199434E-3
1.763500E-7	2.324479E-3
1.764000E-7	2.423830E-3
1.764500E-7	2.494061E-3
1.765000E-7	2.543737E-3
1.765500E-7	2.557440E-3
1.766000E-7	2.521469E-3
1.766500E-7	2.444386E-3
1.767000E-7	2.341609E-3
1.767500E-7	2.225129E-3
1.768000E-7	2.105222E-3
1.768500E-7	2.004158E-3
1.769000E-7	1.939066E-3
1.769500E-7	1.928788E-3
1.770000E-7	1.980177E-3
1.770500E-7	2.093231E-3
1.771000E-7	2.271378E-3
1.771500E-7	2.488922E-3
1.772000E-7	2.704753E-3
1.772500E-7	2.901742E-3
1.773000E-7	3.066185E-3
1.773500E-7	3.187804E-3
1.774000E-7	3.270026E-3
1.774500E-7	3.300859E-3
1.775000E-7	3.261461E-3
1.775500E-7	3.182665E-3
1.776000E-7	3.086740E-3
1.776500E-7	2.959982E-3
1.777000E-7	2.778409E-3
1.777500E-7	2.591698E-3
1.778000E-7	2.447811E-3
1.778500E-7	2.331330E-3
1.779000E-7	2.262813E-3
1.779500E-7	2.261100E-3
1.780000E-7	2.312488E-3
1.780500E-7	2.372442E-3
1.781000E-7	2.432395E-3
1.781500E-7	2.492348E-3
1.782000E-7	2.545449E-3
1.782500E-7	2.584847E-3
1.783000E-7	2.601977E-3
1.783500E-7	2.596838E-3
1.784000E-7	2.591699E-3
1.784500E-7	2.593412E-3
1.785000E-7	2.579708E-3
1.785500E-7	2.538598E-3
1.786000E-7	2.495774E-3
1.786500E-7	2.447812E-3
1.787000E-7	2.401562E-3
1.787500E-7	2.374155E-3
1.788000E-7	2.367303E-3
1.788500E-7	2.362165E-3
1.789000E-7	2.374155E-3
1.789500E-7	2.404988E-3
1.790000E-7	2.437534E-3
1.790500E-7	2.440960E-3
1.791000E-7	2.434108E-3
1.791500E-7	2.425543E-3
1.792000E-7	2.422116E-3
1.792500E-7	2.401561E-3
1.793000E-7	2.367302E-3
1.793500E-7	2.322765E-3
1.794000E-7	2.295358E-3
1.794500E-7	2.271377E-3
1.795000E-7	2.230266E-3
1.795500E-7	2.190869E-3
1.796000E-7	2.173739E-3
1.796500E-7	2.168601E-3
1.797000E-7	2.166888E-3
1.797500E-7	2.170314E-3
1.798000E-7	2.187444E-3
1.798500E-7	2.219990E-3
1.799000E-7	2.297072E-3
1.799500E-7	2.410127E-3
1.800000E-7	2.518042E-3
1.800500E-7	2.615680E-3
1.801000E-7	2.747577E-3
1.801500E-7	2.917159E-3
1.802000E-7	3.081602E-3
1.802500E-7	3.199795E-3
1.803000E-7	3.295720E-3
1.803500E-7	3.372803E-3
1.804000E-7	3.417340E-3
1.804500E-7	3.424191E-3
1.805000E-7	3.374516E-3
1.805500E-7	3.259749E-3
1.806000E-7	3.100445E-3
1.806500E-7	2.889752E-3
1.807000E-7	2.643088E-3
1.807500E-7	2.423831E-3
1.808000E-7	2.255962E-3
1.808500E-7	2.110361E-3
1.809000E-7	1.995594E-3
1.809500E-7	1.976751E-3
1.810000E-7	2.033279E-3
1.810500E-7	2.115500E-3
1.811000E-7	2.247397E-3
1.811500E-7	2.413553E-3
1.812000E-7	2.576283E-3
1.812500E-7	2.735587E-3
1.813000E-7	2.882901E-3
1.813500E-7	2.968548E-3
1.814000E-7	2.973687E-3
1.814500E-7	2.946280E-3
1.815000E-7	2.874336E-3
1.815500E-7	2.764708E-3
1.816000E-7	2.648227E-3
1.816500E-7	2.530034E-3
1.817000E-7	2.415266E-3
1.817500E-7	2.350174E-3
1.818000E-7	2.334757E-3
1.818500E-7	2.333044E-3
1.819000E-7	2.382720E-3
1.819500E-7	2.500913E-3
1.820000E-7	2.620819E-3
1.820500E-7	2.706466E-3
1.821000E-7	2.795540E-3
1.821500E-7	2.865771E-3
1.822000E-7	2.881187E-3
1.822500E-7	2.872623E-3
1.823000E-7	2.855493E-3
1.823500E-7	2.795540E-3
1.824000E-7	2.692763E-3
1.824500E-7	2.589987E-3
1.825000E-7	2.490636E-3
1.825500E-7	2.379294E-3
1.826000E-7	2.290221E-3
1.826500E-7	2.223416E-3
1.827000E-7	2.142908E-3
1.827500E-7	2.084668E-3
1.828000E-7	2.086380E-3
1.828500E-7	2.100084E-3
1.829000E-7	2.096658E-3
1.829500E-7	2.112075E-3
1.830000E-7	2.172028E-3
1.830500E-7	2.209713E-3
1.831000E-7	2.214851E-3
1.831500E-7	2.237120E-3
1.832000E-7	2.262814E-3
1.832500E-7	2.254249E-3
1.833000E-7	2.218277E-3
1.833500E-7	2.185731E-3
1.834000E-7	2.151472E-3
1.834500E-7	2.124065E-3
1.835000E-7	2.120639E-3
1.835500E-7	2.115500E-3
1.836000E-7	2.113787E-3
1.836500E-7	2.132630E-3
1.837000E-7	2.177166E-3
1.837500E-7	2.257675E-3
1.838000E-7	2.374155E-3
1.838500E-7	2.497487E-3
1.839000E-7	2.605402E-3
1.839500E-7	2.716743E-3
1.840000E-7	2.846927E-3
1.840500E-7	2.947991E-3
1.841000E-7	2.985675E-3
1.841500E-7	2.983962E-3
1.842000E-7	2.966833E-3
1.842500E-7	2.888037E-3
1.843000E-7	2.742437E-3
1.843500E-7	2.588272E-3
1.844000E-7	2.452950E-3
1.844500E-7	2.321053E-3
1.845000E-7	2.207999E-3
1.845500E-7	2.148047E-3
1.846000E-7	2.137769E-3
1.846500E-7	2.154899E-3
1.847000E-7	2.208000E-3
1.847500E-7	2.300499E-3
1.848000E-7	2.432396E-3
1.848500E-7	2.584848E-3
1.849000E-7	2.725309E-3
1.849500E-7	2.850354E-3
1.850000E-7	2.958270E-3
1.850500E-7	3.014797E-3
1.851000E-7	3.026787E-3
1.851500E-7	3.018223E-3
1.852000E-7	2.992528E-3
1.852500E-7	2.934288E-3
1.853000E-7	2.874335E-3
1.853500E-7	2.841789E-3
1.854000E-7	2.793827E-3
1.854500E-7	2.737299E-3
1.855000E-7	2.704753E-3
1.855500E-7	2.684198E-3
1.856000E-7	2.655078E-3
1.856500E-7	2.612254E-3
1.857000E-7	2.547162E-3
1.857500E-7	2.468367E-3
1.858000E-7	2.420405E-3
1.858500E-7	2.389572E-3
1.859000E-7	2.336470E-3
1.859500E-7	2.315915E-3
1.860000E-7	2.387859E-3
1.860500E-7	2.495775E-3
1.861000E-7	2.595125E-3
1.861500E-7	2.721883E-3
1.862000E-7	2.881187E-3
1.862500E-7	3.016510E-3
1.863000E-7	3.115861E-3
1.863500E-7	3.199795E-3
1.864000E-7	3.259748E-3
1.864500E-7	3.285442E-3
1.865000E-7	3.256322E-3
1.865500E-7	3.174101E-3
1.866000E-7	3.067898E-3
1.866500E-7	2.954844E-3
1.867000E-7	2.850354E-3
1.867500E-7	2.761281E-3
1.868000E-7	2.697902E-3
1.868500E-7	2.677347E-3
1.869000E-7	2.679060E-3
1.869500E-7	2.682486E-3
1.870000E-7	2.692764E-3
1.870500E-7	2.716745E-3
1.871000E-7	2.732161E-3
1.871500E-7	2.740726E-3
1.872000E-7	2.740726E-3
1.872500E-7	2.732161E-3
1.873000E-7	2.709893E-3
1.873500E-7	2.667069E-3
1.874000E-7	2.586561E-3
1.874500E-7	2.495774E-3
1.875000E-7	2.434108E-3
1.875500E-7	2.408414E-3
1.876000E-7	2.399849E-3
1.876500E-7	2.392998E-3
1.877000E-7	2.386146E-3
1.877500E-7	2.394711E-3
1.878000E-7	2.420405E-3
1.878500E-7	2.430683E-3
1.879000E-7	2.420405E-3
1.879500E-7	2.440960E-3
1.880000E-7	2.485497E-3
1.880500E-7	2.473506E-3
1.881000E-7	2.430683E-3
1.881500E-7	2.442673E-3
1.882000E-7	2.470080E-3
1.882500E-7	2.442673E-3
1.883000E-7	2.408414E-3
1.883500E-7	2.432395E-3
1.884000E-7	2.482071E-3
1.884500E-7	2.562579E-3
1.885000E-7	2.696189E-3
1.885500E-7	2.853780E-3
1.886000E-7	2.997668E-3
1.886500E-7	3.124426E-3
1.887000E-7	3.208360E-3
1.887500E-7	3.230628E-3
1.888000E-7	3.203221E-3
1.888500E-7	3.139842E-3
1.889000E-7	3.030213E-3
1.889500E-7	2.884613E-3
1.890000E-7	2.730448E-3
1.890500E-7	2.589986E-3
1.891000E-7	2.485496E-3
1.891500E-7	2.422117E-3
1.892000E-7	2.392997E-3
1.892500E-7	2.410127E-3
1.893000E-7	2.499200E-3
1.893500E-7	2.648226E-3
1.894000E-7	2.812669E-3
1.894500E-7	2.982251E-3
1.895000E-7	3.122713E-3
1.895500E-7	3.223777E-3
1.896000E-7	3.294008E-3
1.896500E-7	3.314563E-3
1.897000E-7	3.270026E-3
1.897500E-7	3.186092E-3
1.898000E-7	3.093593E-3
1.898500E-7	2.980538E-3
1.899000E-7	2.852067E-3
1.899500E-7	2.735587E-3
1.900000E-7	2.658504E-3
1.900500E-7	2.612254E-3
1.901000E-7	2.584847E-3
1.901500E-7	2.619106E-3
1.902000E-7	2.720170E-3
1.902500E-7	2.834938E-3
1.903000E-7	2.934288E-3
1.903500E-7	3.045630E-3
1.904000E-7	3.129564E-3
1.904500E-7	3.151833E-3
1.905000E-7	3.153545E-3
1.905500E-7	3.150120E-3
1.906000E-7	3.090166E-3
1.906500E-7	2.987389E-3
1.907000E-7	2.903455E-3
1.907500E-7	2.809243E-3
1.908000E-7	2.680772E-3
1.908500E-7	2.601976E-3
1.909000E-7	2.595124E-3
1.909500E-7	2.598550E-3
1.910000E-7	2.601976E-3
1.910500E-7	2.667068E-3
1.911000E-7	2.773271E-3
1.911500E-7	2.879474E-3
1.912000E-7	2.963409E-3
1.912500E-7	3.016510E-3
1.913000E-7	3.011371E-3
1.913500E-7	2.980538E-3
1.914000E-7	2.939427E-3
1.914500E-7	2.865771E-3
1.915000E-7	2.761281E-3
1.915500E-7	2.655078E-3
1.916000E-7	2.562579E-3
1.916500E-7	2.492348E-3
1.917000E-7	2.458089E-3
1.917500E-7	2.468367E-3
1.918000E-7	2.487210E-3
1.918500E-7	2.499201E-3
1.919000E-7	2.524895E-3
1.919500E-7	2.576283E-3
1.920000E-7	2.625959E-3
1.920500E-7	2.663644E-3
1.921000E-7	2.682486E-3
1.921500E-7	2.691051E-3
1.922000E-7	2.692764E-3
1.922500E-7	2.696190E-3
1.923000E-7	2.687625E-3
1.923500E-7	2.680773E-3
1.924000E-7	2.708180E-3
1.924500E-7	2.730448E-3
1.925000E-7	2.708180E-3
1.925500E-7	2.685912E-3
1.926000E-7	2.699615E-3
1.926500E-7	2.716745E-3
1.927000E-7	2.703041E-3
1.927500E-7	2.667070E-3
1.928000E-7	2.619107E-3
1.928500E-7	2.574571E-3
1.929000E-7	2.550589E-3
1.929500E-7	2.530034E-3
1.930000E-7	2.480358E-3
1.930500E-7	2.444386E-3
1.931000E-7	2.470081E-3
1.931500E-7	2.514617E-3
1.932000E-7	2.543737E-3
1.932500E-7	2.584848E-3
1.933000E-7	2.624246E-3
1.933500E-7	2.653366E-3
1.934000E-7	2.691050E-3
1.934500E-7	2.730448E-3
1.935000E-7	2.745865E-3
1.935500E-7	2.749291E-3
1.936000E-7	2.766420E-3
1.936500E-7	2.762994E-3
1.937000E-7	2.723597E-3
1.937500E-7	2.682486E-3
1.938000E-7	2.627672E-3
1.938500E-7	2.533460E-3
1.939000E-7	2.423831E-3
1.939500E-7	2.309063E-3
1.940000E-7	2.196009E-3
1.940500E-7	2.115500E-3
1.941000E-7	2.070963E-3
1.941500E-7	2.034992E-3
1.942000E-7	2.028140E-3
1.942500E-7	2.084667E-3
1.943000E-7	2.177166E-3
1.943500E-7	2.274804E-3
1.944000E-7	2.384432E-3
1.944500E-7	2.483783E-3
1.945000E-7	2.557440E-3
1.945500E-7	2.603689E-3
1.946000E-7	2.639661E-3
1.946500E-7	2.656791E-3
1.947000E-7	2.656791E-3
1.947500E-7	2.632809E-3
1.948000E-7	2.584847E-3
1.948500E-7	2.507764E-3
1.949000E-7	2.435820E-3
1.949500E-7	2.391284E-3
1.950000E-7	2.370728E-3
1.950500E-7	2.355312E-3
1.951000E-7	2.338183E-3
1.951500E-7	2.345034E-3
1.952000E-7	2.363877E-3
1.952500E-7	2.355312E-3
1.953000E-7	2.303924E-3
1.953500E-7	2.262813E-3
1.954000E-7	2.249110E-3
1.954500E-7	2.216564E-3
1.955000E-7	2.166889E-3
1.955500E-7	2.144621E-3
1.956000E-7	2.153185E-3
1.956500E-7	2.154898E-3
1.957000E-7	2.156611E-3
1.957500E-7	2.194296E-3
1.958000E-7	2.274805E-3
1.958500E-7	2.379294E-3
1.959000E-7	2.500913E-3
1.959500E-7	2.636236E-3
1.960000E-7	2.780123E-3
1.960500E-7	2.908594E-3
1.961000E-7	3.009658E-3
1.961500E-7	3.105583E-3
1.962000E-7	3.215211E-3
1.962500E-7	3.338543E-3
1.963000E-7	3.420765E-3
1.963500E-7	3.437894E-3
1.964000E-7	3.436181E-3
1.964500E-7	3.419052E-3
1.965000E-7	3.347109E-3
1.965500E-7	3.230628E-3
1.966000E-7	3.139842E-3
1.966500E-7	3.061047E-3
1.967000E-7	2.963409E-3
1.967500E-7	2.865771E-3
1.968000E-7	2.809244E-3
1.968500E-7	2.778411E-3
1.969000E-7	2.764707E-3
1.969500E-7	2.781836E-3
1.970000E-7	2.816095E-3
1.970500E-7	2.848640E-3
1.971000E-7	2.886325E-3
1.971500E-7	2.930861E-3
1.972000E-7	2.963407E-3
1.972500E-7	2.975398E-3
1.973000E-7	2.994240E-3
1.973500E-7	3.021648E-3
1.974000E-7	3.047342E-3
1.974500E-7	3.071324E-3
1.975000E-7	3.090166E-3
1.975500E-7	3.069611E-3
1.976000E-7	3.040491E-3
1.976500E-7	3.023362E-3
1.977000E-7	2.978825E-3
1.977500E-7	2.905168E-3
1.978000E-7	2.840076E-3
1.978500E-7	2.778410E-3
1.979000E-7	2.706466E-3
1.979500E-7	2.632809E-3
1.980000E-7	2.567717E-3
1.980500E-7	2.509477E-3
1.981000E-7	2.487209E-3
1.981500E-7	2.499199E-3
1.982000E-7	2.485496E-3
1.982500E-7	2.456376E-3
1.983000E-7	2.475218E-3
1.983500E-7	2.516329E-3
1.984000E-7	2.526607E-3
1.984500E-7	2.511191E-3
1.985000E-7	2.492348E-3
1.985500E-7	2.451238E-3
1.986000E-7	2.423831E-3
1.986500E-7	2.418692E-3
1.987000E-7	2.420405E-3
1.987500E-7	2.428970E-3
1.988000E-7	2.471794E-3
1.988500E-7	2.528321E-3
1.989000E-7	2.586561E-3
1.989500E-7	2.665357E-3
1.990000E-7	2.759569E-3
1.990500E-7	2.841790E-3
1.991000E-7	2.893178E-3
1.991500E-7	2.917159E-3
1.992000E-7	2.917159E-3
1.992500E-7	2.901742E-3
1.993000E-7	2.896603E-3
1.993500E-7	2.891464E-3
1.994000E-7	2.893177E-3
1.994500E-7	2.917159E-3
1.995000E-7	2.932575E-3
1.995500E-7	2.917159E-3
1.996000E-7	2.893177E-3
1.996500E-7	2.870909E-3
1.997000E-7	2.824660E-3
1.997500E-7	2.749290E-3
1.998000E-7	2.672208E-3
1.998500E-7	2.595125E-3
1.999000E-7	2.487210E-3
1.999500E-7	2.367303E-3
2.000000E-7	2.269665E-3
