Study Name	Tungsten_Kyocera
Sample Name	2024-02-05
Run Name	spot03
Operator	Angus+Samantha
Date	2/5/2024
Time	16:26
Sign	FIX
Grating Spacing	03.40um
Channel	3
Number Traces	10000
Files in Batch	1
Batch Number	275
dt	50.000001E-12
time stamp (ms)	9:11:53 PM
	
Time	Amplitude
0.000000E+0	2.021323E-4
5.000000E-11	3.991213E-4
1.000000E-10	5.926844E-4
1.500000E-10	7.348590E-4
2.000000E-10	8.050898E-4
2.500000E-10	8.153673E-4
3.000000E-10	7.811082E-4
3.500000E-10	7.228677E-4
4.000000E-10	6.423590E-4
4.500000E-10	5.412950E-4
5.000000E-10	4.402310E-4
5.500000E-10	3.631482E-4
6.000000E-10	3.186116E-4
6.500000E-10	2.980562E-4
7.000000E-10	2.980562E-4
7.500000E-10	3.134727E-4
8.000000E-10	3.460187E-4
8.500000E-10	3.922683E-4
9.000000E-10	4.556472E-4
9.500000E-10	5.156003E-4
1.000000E-9	5.584239E-4
1.050000E-9	5.909698E-4
1.100000E-9	6.337934E-4
1.150000E-9	6.457840E-4
1.200000E-9	5.961086E-4
1.250000E-9	5.173131E-4
1.300000E-9	4.676377E-4
1.350000E-9	4.505084E-4
1.400000E-9	4.333790E-4
1.450000E-9	4.179626E-4
1.500000E-9	4.299534E-4
1.550000E-9	4.779160E-4
1.600000E-9	5.361562E-4
1.650000E-9	5.704152E-4
1.700000E-9	5.772670E-4
1.750000E-9	5.772669E-4
1.800000E-9	5.824058E-4
1.850000E-9	5.721281E-4
1.900000E-9	5.241657E-4
1.950000E-9	4.573609E-4
2.000000E-9	3.717137E-4
2.050000E-9	2.929183E-4
2.100000E-9	2.244006E-4
2.150000E-9	1.850029E-4
2.200000E-9	1.798642E-4
2.250000E-9	2.021325E-4
2.300000E-9	2.637986E-4
2.350000E-9	3.477329E-4
2.400000E-9	4.248154E-4
2.450000E-9	4.830555E-4
2.500000E-9	5.498603E-4
2.550000E-9	6.183780E-4
2.600000E-9	6.560627E-4
2.650000E-9	6.612014E-4
2.700000E-9	6.612012E-4
2.750000E-9	6.423587E-4
2.800000E-9	5.858315E-4
2.850000E-9	5.275912E-4
2.900000E-9	4.864804E-4
2.950000E-9	4.487955E-4
3.000000E-9	4.042588E-4
3.050000E-9	3.391668E-4
3.100000E-9	2.535194E-4
3.150000E-9	1.832884E-4
3.200000E-9	1.147705E-4
3.250000E-9	1.028068E-5
3.300000E-9	-9.078320E-5
3.350000E-9	-1.558752E-4
3.400000E-9	-2.415224E-4
3.450000E-9	-3.682804E-4
3.500000E-9	-4.590664E-4
3.550000E-9	-4.813345E-4
3.600000E-9	-4.727696E-4
3.650000E-9	-4.265197E-4
3.700000E-9	-2.946226E-4
3.750000E-9	-9.934648E-5
3.800000E-9	1.233368E-4
3.850000E-9	3.562977E-4
3.900000E-9	5.772678E-4
3.950000E-9	7.588401E-4
4.000000E-9	8.958758E-4
4.050000E-9	9.712453E-4
4.100000E-9	9.918004E-4
4.150000E-9	9.524024E-4
4.200000E-9	8.393476E-4
4.250000E-9	6.766175E-4
4.300000E-9	5.310168E-4
4.350000E-9	3.939809E-4
4.400000E-9	2.672228E-4
4.450000E-9	1.969921E-4
4.500000E-9	1.918534E-4
4.550000E-9	1.918536E-4
4.600000E-9	2.038445E-4
4.650000E-9	2.775015E-4
4.700000E-9	3.580102E-4
4.750000E-9	3.785658E-4
4.800000E-9	3.871307E-4
4.850000E-9	4.316673E-4
4.900000E-9	4.744910E-4
4.950000E-9	4.830557E-4
5.000000E-9	4.762038E-4
5.050000E-9	4.625000E-4
5.100000E-9	4.539351E-4
5.150000E-9	4.744904E-4
5.200000E-9	5.241657E-4
5.250000E-9	5.738411E-4
5.300000E-9	6.423590E-4
5.350000E-9	7.348581E-4
5.400000E-9	7.828206E-4
5.450000E-9	7.811077E-4
5.500000E-9	7.708300E-4
5.550000E-9	7.639783E-4
5.600000E-9	7.143029E-4
5.650000E-9	6.389333E-4
5.700000E-9	5.806931E-4
5.750000E-9	5.378694E-4
5.800000E-9	4.916199E-4
5.850000E-9	4.607868E-4
5.900000E-9	4.505091E-4
5.950000E-9	4.539350E-4
6.000000E-9	4.727774E-4
6.050000E-9	4.967587E-4
6.100000E-9	5.275917E-4
6.150000E-9	5.618506E-4
6.200000E-9	5.961096E-4
6.250000E-9	6.132391E-4
6.300000E-9	6.149521E-4
6.350000E-9	6.081004E-4
6.400000E-9	5.738417E-4
6.450000E-9	5.275923E-4
6.500000E-9	4.693523E-4
6.550000E-9	4.162511E-4
6.600000E-9	3.717146E-4
6.650000E-9	3.494464E-4
6.700000E-9	3.408816E-4
6.750000E-9	3.460204E-4
6.800000E-9	3.700014E-4
6.850000E-9	3.974083E-4
6.900000E-9	4.350929E-4
6.950000E-9	5.018977E-4
7.000000E-9	5.515729E-4
7.050000E-9	5.412950E-4
7.100000E-9	5.001841E-4
7.150000E-9	4.573603E-4
7.200000E-9	3.854165E-4
7.250000E-9	2.997691E-4
7.300000E-9	2.295382E-4
7.350000E-9	1.884275E-4
7.400000E-9	1.781498E-4
7.450000E-9	2.004181E-4
7.500000E-9	2.175476E-4
7.550000E-9	2.449547E-4
7.600000E-9	3.288892E-4
7.650000E-9	4.196754E-4
7.700000E-9	4.333791E-4
7.750000E-9	3.871297E-4
7.800000E-9	3.357415E-4
7.850000E-9	2.723626E-4
7.900000E-9	2.261133E-4
7.950000E-9	2.055582E-4
8.000000E-9	1.850031E-4
8.050000E-9	1.815774E-4
8.100000E-9	2.312529E-4
8.150000E-9	3.134744E-4
8.200000E-9	4.111124E-4
8.250000E-9	5.481481E-4
8.300000E-9	6.886096E-4
8.350000E-9	7.759697E-4
8.400000E-9	8.256450E-4
8.450000E-9	8.616167E-4
8.500000E-9	8.410611E-4
8.550000E-9	7.776819E-4
8.600000E-9	7.211545E-4
8.650000E-9	6.731919E-4
8.700000E-9	6.269423E-4
8.750000E-9	6.029610E-4
8.800000E-9	6.200905E-4
8.850000E-9	6.577753E-4
8.900000E-9	7.023119E-4
8.950000E-9	7.862463E-4
9.000000E-9	8.941620E-4
9.050000E-9	9.866612E-4
9.100000E-9	1.051753E-3
9.150000E-9	1.087725E-3
9.200000E-9	1.084299E-3
9.250000E-9	1.044902E-3
9.300000E-9	9.661060E-4
9.350000E-9	8.342091E-4
9.400000E-9	6.492108E-4
9.450000E-9	4.693514E-4
9.500000E-9	3.083343E-4
9.550000E-9	1.421785E-4
9.600000E-9	-5.134822E-6
9.650000E-9	-8.393032E-5
9.700000E-9	-1.096244E-4
9.750000E-9	-9.592071E-5
9.800000E-9	-3.254153E-5
9.850000E-9	7.708714E-5
9.900000E-9	2.021323E-4
9.950000E-9	3.374551E-4
1.000000E-8	4.779167E-4
1.005000E-8	6.218042E-4
1.010000E-8	7.622658E-4
1.015000E-8	8.564778E-4
1.020000E-8	8.787460E-4
1.025000E-8	8.564776E-4
1.030000E-8	7.879596E-4
1.035000E-8	6.526368E-4
1.040000E-8	4.967587E-4
1.045000E-8	3.545842E-4
1.050000E-8	1.935672E-4
1.055000E-8	1.713380E-5
1.060000E-8	-1.096241E-4
1.065000E-8	-1.730030E-4
1.070000E-8	-2.072618E-4
1.075000E-8	-2.106876E-4
1.080000E-8	-1.832803E-4
1.085000E-8	-1.490214E-4
1.090000E-8	-1.010589E-4
1.095000E-8	-1.198568E-5
1.100000E-8	8.907810E-5
1.105000E-8	1.730124E-4
1.110000E-8	2.432430E-4
1.115000E-8	3.288902E-4
1.120000E-8	4.093985E-4
1.125000E-8	4.676386E-4
1.130000E-8	5.395822E-4
1.135000E-8	6.440717E-4
1.140000E-8	7.502743E-4
1.145000E-8	8.479122E-4
1.150000E-8	9.952255E-4
1.155000E-8	1.240177E-3
1.160000E-8	1.584479E-3
1.165000E-8	2.052113E-3
1.170000E-8	2.713311E-3
1.175000E-8	3.641727E-3
1.180000E-8	4.881900E-3
1.185000E-8	6.474939E-3
1.190000E-8	8.477372E-3
1.195000E-8	1.094573E-2
1.200000E-8	1.390912E-2
1.205000E-8	1.737099E-2
1.210000E-8	2.134673E-2
1.215000E-8	2.582095E-2
1.220000E-8	3.070114E-2
1.225000E-8	3.590335E-2
1.230000E-8	4.135567E-2
1.235000E-8	4.689020E-2
1.240000E-8	5.231510E-2
1.245000E-8	5.751904E-2
1.250000E-8	6.234612E-2
1.255000E-8	6.655141E-2
1.260000E-8	6.999444E-2
1.265000E-8	7.264437E-2
1.270000E-8	7.445496E-2
1.275000E-8	7.537138E-2
1.280000E-8	7.545703E-2
1.285000E-8	7.472561E-2
1.290000E-8	7.319937E-2
1.295000E-8	7.099481E-2
1.300000E-8	6.829007E-2
1.305000E-8	6.513825E-2
1.310000E-8	6.168495E-2
1.315000E-8	5.817170E-2
1.320000E-8	5.476294E-2
1.325000E-8	5.152033E-2
1.330000E-8	4.858947E-2
1.335000E-8	4.618621E-2
1.340000E-8	4.435164E-2
1.345000E-8	4.303267E-2
1.350000E-8	4.230466E-2
1.355000E-8	4.216763E-2
1.360000E-8	4.251535E-2
1.365000E-8	4.326733E-2
1.370000E-8	4.438246E-2
1.375000E-8	4.574939E-2
1.380000E-8	4.722252E-2
1.385000E-8	4.872820E-2
1.390000E-8	5.020476E-2
1.395000E-8	5.154257E-2
1.400000E-8	5.264742E-2
1.405000E-8	5.346964E-2
1.410000E-8	5.396126E-2
1.415000E-8	5.405033E-2
1.420000E-8	5.371288E-2
1.425000E-8	5.294377E-2
1.430000E-8	5.176013E-2
1.435000E-8	5.018079E-2
1.440000E-8	4.825202E-2
1.445000E-8	4.604745E-2
1.450000E-8	4.368188E-2
1.455000E-8	4.126320E-2
1.460000E-8	3.888049E-2
1.465000E-8	3.663653E-2
1.470000E-8	3.469062E-2
1.475000E-8	3.314211E-2
1.480000E-8	3.201842E-2
1.485000E-8	3.137263E-2
1.490000E-8	3.128698E-2
1.495000E-8	3.173749E-2
1.500000E-8	3.264021E-2
1.505000E-8	3.393519E-2
1.510000E-8	3.550596E-2
1.515000E-8	3.723261E-2
1.520000E-8	3.902778E-2
1.525000E-8	4.078355E-2
1.530000E-8	4.233548E-2
1.535000E-8	4.359450E-2
1.540000E-8	4.450750E-2
1.545000E-8	4.498541E-2
1.550000E-8	4.495972E-2
1.555000E-8	4.446811E-2
1.560000E-8	4.355168E-2
1.565000E-8	4.223786E-2
1.570000E-8	4.058829E-2
1.575000E-8	3.870576E-2
1.580000E-8	3.664509E-2
1.585000E-8	3.446965E-2
1.590000E-8	3.229421E-2
1.595000E-8	3.022325E-2
1.600000E-8	2.834758E-2
1.605000E-8	2.677166E-2
1.610000E-8	2.559144E-2
1.615000E-8	2.482918E-2
1.620000E-8	2.449686E-2
1.625000E-8	2.463561E-2
1.630000E-8	2.524028E-2
1.635000E-8	2.619953E-2
1.640000E-8	2.746539E-2
1.645000E-8	2.901218E-2
1.650000E-8	3.073541E-2
1.655000E-8	3.247918E-2
1.660000E-8	3.415616E-2
1.665000E-8	3.567383E-2
1.670000E-8	3.691229E-2
1.675000E-8	3.777390E-2
1.680000E-8	3.820728E-2
1.685000E-8	3.820043E-2
1.690000E-8	3.773622E-2
1.695000E-8	3.681466E-2
1.700000E-8	3.547171E-2
1.705000E-8	3.378446E-2
1.710000E-8	3.182657E-2
1.715000E-8	2.967682E-2
1.720000E-8	2.746883E-2
1.725000E-8	2.532765E-2
1.730000E-8	2.332521E-2
1.735000E-8	2.155403E-2
1.740000E-8	2.013913E-2
1.745000E-8	1.913706E-2
1.750000E-8	1.854951E-2
1.755000E-8	1.841076E-2
1.760000E-8	1.873280E-2
1.765000E-8	1.948649E-2
1.770000E-8	2.064615E-2
1.775000E-8	2.213641E-2
1.780000E-8	2.385792E-2
1.785000E-8	2.570791E-2
1.790000E-8	2.758529E-2
1.795000E-8	2.934620E-2
1.800000E-8	3.089642E-2
1.805000E-8	3.217599E-2
1.810000E-8	3.308043E-2
1.815000E-8	3.350010E-2
1.820000E-8	3.341789E-2
1.825000E-8	3.286974E-2
1.830000E-8	3.187281E-2
1.835000E-8	3.047162E-2
1.840000E-8	2.875525E-2
1.845000E-8	2.677851E-2
1.850000E-8	2.462705E-2
1.855000E-8	2.241050E-2
1.860000E-8	2.025219E-2
1.865000E-8	1.825661E-2
1.870000E-8	1.654023E-2
1.875000E-8	1.520584E-2
1.880000E-8	1.430312E-2
1.885000E-8	1.382863E-2
1.890000E-8	1.380807E-2
1.895000E-8	1.428427E-2
1.900000E-8	1.522125E-2
1.905000E-8	1.653165E-2
1.910000E-8	1.814867E-2
1.915000E-8	1.998838E-2
1.920000E-8	2.192914E-2
1.925000E-8	2.386649E-2
1.930000E-8	2.570105E-2
1.935000E-8	2.730437E-2
1.940000E-8	2.855654E-2
1.945000E-8	2.937019E-2
1.950000E-8	2.971107E-2
1.955000E-8	2.955348E-2
1.960000E-8	2.887515E-2
1.965000E-8	2.771892E-2
1.970000E-8	2.617727E-2
1.975000E-8	2.433414E-2
1.980000E-8	2.224434E-2
1.985000E-8	2.000895E-2
1.990000E-8	1.774957E-2
1.995000E-8	1.557413E-2
2.000000E-8	1.361109E-2
2.005000E-8	1.199750E-2
2.010000E-8	1.080528E-2
2.015000E-8	1.006700E-2
2.020000E-8	9.839177E-3
2.025000E-8	1.012866E-2
2.030000E-8	1.090291E-2
2.035000E-8	1.212595E-2
2.040000E-8	1.375668E-2
2.045000E-8	1.567518E-2
2.050000E-8	1.771872E-2
2.055000E-8	1.977768E-2
2.060000E-8	2.175442E-2
2.065000E-8	2.352561E-2
2.070000E-8	2.498847E-2
2.075000E-8	2.605564E-2
2.080000E-8	2.664489E-2
2.085000E-8	2.674596E-2
2.090000E-8	2.638967E-2
2.095000E-8	2.555204E-2
2.100000E-8	2.422451E-2
2.105000E-8	2.252869E-2
2.110000E-8	2.059820E-2
2.115000E-8	1.850841E-2
2.120000E-8	1.635695E-2
2.125000E-8	1.427400E-2
2.130000E-8	1.235037E-2
2.135000E-8	1.065797E-2
2.140000E-8	9.299605E-3
2.145000E-8	8.371186E-3
2.150000E-8	7.901836E-3
2.155000E-8	7.891556E-3
2.160000E-8	8.335207E-3
2.165000E-8	9.217372E-3
2.170000E-8	1.048666E-2
2.175000E-8	1.207285E-2
2.180000E-8	1.387487E-2
2.185000E-8	1.575568E-2
2.190000E-8	1.760738E-2
2.195000E-8	1.937685E-2
2.200000E-8	2.097332E-2
2.205000E-8	2.225289E-2
2.210000E-8	2.312136E-2
2.215000E-8	2.355474E-2
2.220000E-8	2.353076E-2
2.225000E-8	2.306312E-2
2.230000E-8	2.219124E-2
2.235000E-8	2.094250E-2
2.240000E-8	1.933576E-2
2.245000E-8	1.746180E-2
2.250000E-8	1.547307E-2
2.255000E-8	1.345864E-2
2.260000E-8	1.148704E-2
2.265000E-8	9.645621E-3
2.270000E-8	8.062857E-3
2.275000E-8	6.832960E-3
2.280000E-8	6.000466E-3
2.285000E-8	5.594496E-3
2.290000E-8	5.661298E-3
2.295000E-8	6.214578E-3
2.300000E-8	7.180678E-3
2.305000E-8	8.497933E-3
2.310000E-8	1.012866E-2
2.315000E-8	1.195980E-2
2.320000E-8	1.384232E-2
2.325000E-8	1.569573E-2
2.330000E-8	1.743609E-2
2.335000E-8	1.893491E-2
2.340000E-8	2.007060E-2
2.345000E-8	2.079518E-2
2.350000E-8	2.106240E-2
2.355000E-8	2.086199E-2
2.360000E-8	2.020250E-2
2.365000E-8	1.911821E-2
2.370000E-8	1.764850E-2
2.375000E-8	1.586019E-2
2.380000E-8	1.385947E-2
2.385000E-8	1.179879E-2
2.390000E-8	9.794648E-3
2.395000E-8	7.910406E-3
2.400000E-8	6.204311E-3
2.405000E-8	4.775712E-3
2.410000E-8	3.723961E-3
2.415000E-8	3.126141E-3
2.420000E-8	3.004519E-3
2.425000E-8	3.341968E-3
2.430000E-8	4.128208E-3
2.435000E-8	5.335834E-3
2.440000E-8	6.877484E-3
2.445000E-8	8.640105E-3
2.450000E-8	1.056717E-2
2.455000E-8	1.253877E-2
2.460000E-8	1.441959E-2
2.465000E-8	1.612397E-2
2.470000E-8	1.755085E-2
2.475000E-8	1.858548E-2
2.480000E-8	1.916445E-2
2.485000E-8	1.930149E-2
2.490000E-8	1.896404E-2
2.495000E-8	1.815553E-2
2.500000E-8	1.694962E-2
2.505000E-8	1.543880E-2
2.510000E-8	1.368989E-2
2.515000E-8	1.180393E-2
2.520000E-8	9.924831E-3
2.525000E-8	8.107395E-3
2.530000E-8	6.409864E-3
2.535000E-8	4.936730E-3
2.540000E-8	3.756508E-3
2.545000E-8	2.920589E-3
2.550000E-8	2.487212E-3
2.555000E-8	2.488923E-3
2.560000E-8	2.879473E-3
2.565000E-8	3.633167E-3
2.570000E-8	4.729452E-3
2.575000E-8	6.098094E-3
2.580000E-8	7.650023E-3
2.585000E-8	9.326997E-3
2.590000E-8	1.105193E-2
2.595000E-8	1.270664E-2
2.600000E-8	1.419005E-2
2.605000E-8	1.541824E-2
2.610000E-8	1.631753E-2
2.615000E-8	1.682799E-2
2.620000E-8	1.689480E-2
2.625000E-8	1.650768E-2
2.630000E-8	1.569917E-2
2.635000E-8	1.451210E-2
2.640000E-8	1.301156E-2
2.645000E-8	1.130204E-2
2.650000E-8	9.491455E-3
2.655000E-8	7.670593E-3
2.660000E-8	5.938804E-3
2.665000E-8	4.400577E-3
2.670000E-8	3.132996E-3
2.675000E-8	2.175457E-3
2.680000E-8	1.575924E-3
2.685000E-8	1.382360E-3
2.690000E-8	1.599902E-3
2.695000E-8	2.226838E-3
2.700000E-8	3.213494E-3
2.705000E-8	4.457092E-3
2.710000E-8	5.880549E-3
2.715000E-8	7.444469E-3
2.720000E-8	9.040935E-3
2.725000E-8	1.056374E-2
2.730000E-8	1.197179E-2
2.735000E-8	1.320168E-2
2.740000E-8	1.414381E-2
2.745000E-8	1.475190E-2
2.750000E-8	1.502255E-2
2.755000E-8	1.493177E-2
2.760000E-8	1.446071E-2
2.765000E-8	1.365220E-2
2.770000E-8	1.256448E-2
2.775000E-8	1.124037E-2
2.780000E-8	9.726127E-3
2.785000E-8	8.112532E-3
2.790000E-8	6.495511E-3
2.795000E-8	4.964136E-3
2.800000E-8	3.585214E-3
2.805000E-8	2.418696E-3
2.810000E-8	1.517685E-3
2.815000E-8	9.250042E-4
2.820000E-8	6.766255E-4
2.825000E-8	8.187984E-4
2.830000E-8	1.358375E-3
2.835000E-8	2.228550E-3
2.840000E-8	3.372797E-3
2.845000E-8	4.760283E-3
2.850000E-8	6.322489E-3
2.855000E-8	7.949788E-3
2.860000E-8	9.534263E-3
2.865000E-8	1.100397E-2
2.870000E-8	1.226470E-2
2.875000E-8	1.322395E-2
2.880000E-8	1.383376E-2
2.885000E-8	1.405987E-2
2.890000E-8	1.388858E-2
2.895000E-8	1.331646E-2
2.900000E-8	1.239318E-2
2.905000E-8	1.115644E-2
2.910000E-8	9.674738E-3
2.915000E-8	8.057718E-3
2.920000E-8	6.399586E-3
2.925000E-8	4.775713E-3
2.930000E-8	3.271745E-3
2.935000E-8	1.976757E-3
2.940000E-8	9.558396E-4
2.945000E-8	2.740853E-4
2.950000E-8	-3.253393E-5
2.955000E-8	1.200081E-5
2.960000E-8	3.991249E-4
2.965000E-8	1.116848E-3
2.970000E-8	2.108642E-3
2.975000E-8	3.311129E-3
2.980000E-8	4.696902E-3
2.985000E-8	6.188878E-3
2.990000E-8	7.675716E-3
2.995000E-8	9.082045E-3
3.000000E-8	1.035990E-2
3.005000E-8	1.142536E-2
3.010000E-8	1.219276E-2
3.015000E-8	1.263641E-2
3.020000E-8	1.275461E-2
3.025000E-8	1.251651E-2
3.030000E-8	1.188786E-2
3.035000E-8	1.092690E-2
3.040000E-8	9.722700E-3
3.045000E-8	8.324937E-3
3.050000E-8	6.762730E-3
3.055000E-8	5.130292E-3
3.060000E-8	3.554381E-3
3.065000E-8	2.122357E-3
3.070000E-8	9.215806E-4
3.075000E-8	3.256024E-5
3.080000E-8	-5.138710E-4
3.085000E-8	-6.834542E-4
3.090000E-8	-4.556338E-4
3.095000E-8	1.421830E-4
3.100000E-8	1.065460E-3
3.105000E-8	2.286789E-3
3.110000E-8	3.723950E-3
3.115000E-8	5.233055E-3
3.120000E-8	6.750725E-3
3.125000E-8	8.235850E-3
3.130000E-8	9.604494E-3
3.135000E-8	1.073504E-2
3.140000E-8	1.158466E-2
3.145000E-8	1.213281E-2
3.150000E-8	1.236406E-2
3.155000E-8	1.224244E-2
3.160000E-8	1.175939E-2
3.165000E-8	1.097829E-2
3.170000E-8	9.955659E-3
3.175000E-8	8.710348E-3
3.180000E-8	7.302307E-3
3.185000E-8	5.818896E-3
3.190000E-8	4.318355E-3
3.195000E-8	2.869202E-3
3.200000E-8	1.572501E-3
3.205000E-8	5.019081E-4
3.210000E-8	-3.014651E-4
3.215000E-8	-7.673878E-4
3.220000E-8	-8.341941E-4
3.225000E-8	-5.087356E-4
3.230000E-8	1.730158E-4
3.235000E-8	1.183653E-3
3.240000E-8	2.434103E-3
3.245000E-8	3.845570E-3
3.250000E-8	5.351250E-3
3.255000E-8	6.856930E-3
3.260000E-8	8.249555E-3
3.265000E-8	9.446905E-3
3.270000E-8	1.038389E-2
3.275000E-8	1.100740E-2
3.280000E-8	1.131059E-2
3.285000E-8	1.127291E-2
3.290000E-8	1.087037E-2
3.295000E-8	1.015607E-2
3.300000E-8	9.195110E-3
3.305000E-8	8.016604E-3
3.310000E-8	6.694210E-3
3.315000E-8	5.315288E-3
3.320000E-8	3.950070E-3
3.325000E-8	2.667073E-3
3.330000E-8	1.539954E-3
3.335000E-8	5.978326E-4
3.340000E-8	-1.473000E-4
3.345000E-8	-6.286390E-4
3.350000E-8	-8.067866E-4
3.355000E-8	-7.416959E-4
3.360000E-8	-4.402186E-4
3.365000E-8	1.438950E-4
3.370000E-8	1.000367E-3
3.375000E-8	2.057254E-3
3.380000E-8	3.239187E-3
3.385000E-8	4.506767E-3
3.390000E-8	5.796616E-3
3.395000E-8	7.045355E-3
3.400000E-8	8.172474E-3
3.405000E-8	9.112883E-3
3.410000E-8	9.801488E-3
3.415000E-8	1.018862E-2
3.420000E-8	1.026570E-2
3.425000E-8	1.004816E-2
3.430000E-8	9.520570E-3
3.435000E-8	8.670950E-3
3.440000E-8	7.566100E-3
3.445000E-8	6.331066E-3
3.450000E-8	5.025801E-3
3.455000E-8	3.681138E-3
3.460000E-8	2.391289E-3
3.465000E-8	1.245328E-3
3.470000E-8	2.980674E-4
3.475000E-8	-4.076676E-4
3.480000E-8	-8.204888E-4
3.485000E-8	-9.352574E-4
3.490000E-8	-7.656769E-4
3.495000E-8	-2.860531E-4
3.500000E-8	4.676422E-4
3.505000E-8	1.411475E-3
3.510000E-8	2.487204E-3
3.515000E-8	3.645156E-3
3.520000E-8	4.821949E-3
3.525000E-8	5.967910E-3
3.530000E-8	7.043641E-3
3.535000E-8	7.968633E-3
3.540000E-8	8.669229E-3
3.545000E-8	9.130012E-3
3.550000E-8	9.378391E-3
3.555000E-8	9.397234E-3
3.560000E-8	9.147145E-3
3.565000E-8	8.638402E-3
3.570000E-8	7.925817E-3
3.575000E-8	7.055641E-3
3.580000E-8	6.038152E-3
3.585000E-8	4.904182E-3
3.590000E-8	3.758221E-3
3.595000E-8	2.653370E-3
3.600000E-8	1.601621E-3
3.605000E-8	6.492217E-4
3.610000E-8	-9.762398E-5
3.615000E-8	-6.012314E-4
3.620000E-8	-8.616006E-4
3.625000E-8	-8.256300E-4
3.630000E-8	-4.607736E-4
3.635000E-8	1.935709E-4
3.640000E-8	1.103145E-3
3.645000E-8	2.216559E-3
3.650000E-8	3.446454E-3
3.655000E-8	4.715748E-3
3.660000E-8	5.971338E-3
3.665000E-8	7.112160E-3
3.670000E-8	8.049143E-3
3.675000E-8	8.734322E-3
3.680000E-8	9.123162E-3
3.685000E-8	9.213949E-3
3.690000E-8	9.015248E-3
3.695000E-8	8.528772E-3
3.700000E-8	7.781929E-3
3.705000E-8	6.851800E-3
3.710000E-8	5.796625E-3
3.715000E-8	4.652378E-3
3.720000E-8	3.489287E-3
3.725000E-8	2.411844E-3
3.730000E-8	1.454307E-3
3.735000E-8	6.338049E-4
3.740000E-8	1.885636E-5
3.745000E-8	-3.597057E-4
3.750000E-8	-5.155849E-4
3.755000E-8	-4.282258E-4
3.760000E-8	-1.061931E-4
3.765000E-8	4.196804E-4
3.770000E-8	1.140830E-3
3.775000E-8	2.050404E-3
3.780000E-8	3.038773E-3
3.785000E-8	4.040846E-3
3.790000E-8	5.073753E-3
3.795000E-8	6.098095E-3
3.800000E-8	6.981976E-3
3.805000E-8	7.697988E-3
3.810000E-8	8.244419E-3
3.815000E-8	8.537334E-3
3.820000E-8	8.523631E-3
3.825000E-8	8.261552E-3
3.830000E-8	7.804196E-3
3.835000E-8	7.100176E-3
3.840000E-8	6.140927E-3
3.845000E-8	5.046355E-3
3.850000E-8	3.926088E-3
3.855000E-8	2.810960E-3
3.860000E-8	1.752359E-3
3.865000E-8	8.359322E-4
3.870000E-8	1.113553E-4
3.875000E-8	-4.059553E-4
3.880000E-8	-6.920183E-4
3.885000E-8	-7.074359E-4
3.890000E-8	-4.659116E-4
3.895000E-8	-2.397254E-5
3.900000E-8	5.858353E-4
3.905000E-8	1.361799E-3
3.910000E-8	2.264521E-3
3.915000E-8	3.208354E-3
3.920000E-8	4.140197E-3
3.925000E-8	5.048058E-3
3.930000E-8	5.901106E-3
3.935000E-8	6.637674E-3
3.940000E-8	7.197808E-3
3.945000E-8	7.540398E-3
3.950000E-8	7.667157E-3
3.955000E-8	7.572946E-3
3.960000E-8	7.238923E-3
3.965000E-8	6.677078E-3
3.970000E-8	5.952503E-3
3.975000E-8	5.097743E-3
3.980000E-8	4.128216E-3
3.985000E-8	3.088458E-3
3.990000E-8	2.048700E-3
3.995000E-8	1.075746E-3
4.000000E-8	2.552440E-4
4.005000E-8	-3.545655E-4
4.010000E-8	-7.331274E-4
4.015000E-8	-8.598863E-4
4.020000E-8	-7.142867E-4
4.025000E-8	-3.203100E-4
4.030000E-8	2.638039E-4
4.035000E-8	1.000370E-3
4.040000E-8	1.846565E-3
4.045000E-8	2.735583E-3
4.050000E-8	3.626315E-3
4.055000E-8	4.484501E-3
4.060000E-8	5.233058E-3
4.065000E-8	5.824025E-3
4.070000E-8	6.267679E-3
4.075000E-8	6.550315E-3
4.080000E-8	6.644528E-3
4.085000E-8	6.567446E-3
4.090000E-8	6.348190E-3
4.095000E-8	5.997037E-3
4.100000E-8	5.522552E-3
4.105000E-8	4.958994E-3
4.110000E-8	4.361176E-3
4.115000E-8	3.725674E-3
4.120000E-8	3.033644E-3
4.125000E-8	2.319345E-3
4.130000E-8	1.654722E-3
4.135000E-8	1.058616E-3
4.140000E-8	5.241760E-4
4.145000E-8	1.216326E-4
4.150000E-8	-8.906092E-5
4.155000E-8	-1.061915E-4
4.160000E-8	6.852788E-5
4.165000E-8	4.368103E-4
4.170000E-8	9.832393E-4
4.175000E-8	1.671843E-3
4.180000E-8	2.466650E-3
4.185000E-8	3.333400E-3
4.190000E-8	4.210429E-3
4.195000E-8	5.036069E-3
4.200000E-8	5.753794E-3
4.205000E-8	6.344761E-3
4.210000E-8	6.757582E-3
4.215000E-8	6.947720E-3
4.220000E-8	6.920313E-3
4.225000E-8	6.697631E-3
4.230000E-8	6.289951E-3
4.235000E-8	5.726392E-3
4.240000E-8	5.049779E-3
4.245000E-8	4.254973E-3
4.250000E-8	3.379658E-3
4.255000E-8	2.506055E-3
4.260000E-8	1.690693E-3
4.265000E-8	9.455610E-4
4.270000E-8	3.374646E-4
4.275000E-8	-5.480062E-5
4.280000E-8	-2.706325E-4
4.285000E-8	-3.374382E-4
4.290000E-8	-1.952644E-4
4.295000E-8	1.678794E-4
4.300000E-8	7.040309E-4
4.305000E-8	1.385783E-3
4.310000E-8	2.178876E-3
4.315000E-8	2.992525E-3
4.320000E-8	3.787332E-3
4.325000E-8	4.547880E-3
4.330000E-8	5.227920E-3
4.335000E-8	5.776063E-3
4.340000E-8	6.197448E-3
4.345000E-8	6.474946E-3
4.350000E-8	6.596566E-3
4.355000E-8	6.546891E-3
4.360000E-8	6.324209E-3
4.365000E-8	5.945648E-3
4.370000E-8	5.436904E-3
4.375000E-8	4.818531E-3
4.380000E-8	4.112798E-3
4.385000E-8	3.372805E-3
4.390000E-8	2.619109E-3
4.395000E-8	1.863699E-3
4.400000E-8	1.157965E-3
4.405000E-8	5.550073E-4
4.410000E-8	6.167798E-5
4.415000E-8	-3.083193E-4
4.420000E-8	-4.847536E-4
4.425000E-8	-4.350790E-4
4.430000E-8	-1.969802E-4
4.435000E-8	1.850062E-4
4.440000E-8	7.297228E-4
4.445000E-8	1.435456E-3
4.450000E-8	2.247393E-3
4.455000E-8	3.085024E-3
4.460000E-8	3.919229E-3
4.465000E-8	4.712324E-3
4.470000E-8	5.370096E-3
4.475000E-8	5.844583E-3
4.480000E-8	6.140923E-3
4.485000E-8	6.245413E-3
4.490000E-8	6.098101E-3
4.495000E-8	5.705836E-3
4.500000E-8	5.121722E-3
4.505000E-8	4.403998E-3
4.510000E-8	3.617756E-3
4.515000E-8	2.797254E-3
4.520000E-8	1.980179E-3
4.525000E-8	1.209353E-3
4.530000E-8	5.601463E-4
4.535000E-8	7.024330E-5
4.540000E-8	-2.740593E-4
4.545000E-8	-4.556321E-4
4.550000E-8	-4.385033E-4
4.555000E-8	-2.432280E-4
4.560000E-8	8.223116E-5
4.565000E-8	4.984764E-4
4.570000E-8	9.986560E-4
4.575000E-8	1.574205E-3
4.580000E-8	2.211421E-3
4.585000E-8	2.888034E-3
4.590000E-8	3.552658E-3
4.595000E-8	4.167605E-3
4.600000E-8	4.726026E-3
4.605000E-8	5.207365E-3
4.610000E-8	5.553381E-3
4.615000E-8	5.769213E-3
4.620000E-8	5.866852E-3
4.625000E-8	5.820603E-3
4.630000E-8	5.594495E-3
4.635000E-8	5.222786E-3
4.640000E-8	4.734597E-3
4.645000E-8	4.129927E-3
4.650000E-8	3.431045E-3
4.655000E-8	2.713320E-3
4.660000E-8	2.026429E-3
4.665000E-8	1.416620E-3
4.670000E-8	9.027355E-4
4.675000E-8	4.813502E-4
4.680000E-8	2.107042E-4
4.685000E-8	1.284824E-4
4.690000E-8	2.244069E-4
4.695000E-8	4.693577E-4
4.700000E-8	8.564831E-4
4.705000E-8	1.365228E-3
4.710000E-8	1.975036E-3
4.715000E-8	2.644798E-3
4.720000E-8	3.307708E-3
4.725000E-8	3.927794E-3
4.730000E-8	4.506770E-3
4.735000E-8	5.006951E-3
4.740000E-8	5.344401E-3
4.745000E-8	5.515696E-3
4.750000E-8	5.544817E-3
4.755000E-8	5.424911E-3
4.760000E-8	5.167970E-3
4.765000E-8	4.797974E-3
4.770000E-8	4.314924E-3
4.775000E-8	3.739374E-3
4.780000E-8	3.151834E-3
4.785000E-8	2.591701E-3
4.790000E-8	2.029855E-3
4.795000E-8	1.491989E-3
4.800000E-8	1.058614E-3
4.805000E-8	7.639865E-4
4.810000E-8	5.824137E-4
4.815000E-8	5.138953E-4
4.820000E-8	5.858386E-4
4.825000E-8	7.896786E-4
4.830000E-8	1.067175E-3
4.835000E-8	1.430319E-3
4.840000E-8	1.875685E-3
4.845000E-8	2.348458E-3
4.850000E-8	2.821231E-3
4.855000E-8	3.290578E-3
4.860000E-8	3.711963E-3
4.865000E-8	4.059691E-3
4.870000E-8	4.371447E-3
4.875000E-8	4.633529E-3
4.880000E-8	4.768852E-3
4.885000E-8	4.789408E-3
4.890000E-8	4.726030E-3
4.895000E-8	4.547884E-3
4.900000E-8	4.249832E-3
4.905000E-8	3.871271E-3
4.910000E-8	3.422480E-3
4.915000E-8	2.891467E-3
4.920000E-8	2.333047E-3
4.925000E-8	1.800320E-3
4.930000E-8	1.296714E-3
4.935000E-8	8.479216E-4
4.940000E-8	4.813507E-4
4.945000E-8	2.295471E-4
4.950000E-8	1.319086E-4
4.955000E-8	2.021388E-4
4.960000E-8	4.094047E-4
4.965000E-8	7.331511E-4
4.970000E-8	1.185368E-3
4.975000E-8	1.721520E-3
4.980000E-8	2.276515E-3
4.985000E-8	2.824657E-3
4.990000E-8	3.369374E-3
4.995000E-8	3.867842E-3
5.000000E-8	4.265245E-3
5.005000E-8	4.547882E-3
5.010000E-8	4.743158E-3
5.015000E-8	4.827093E-3
5.020000E-8	4.753437E-3
5.025000E-8	4.549597E-3
5.030000E-8	4.273813E-3
5.035000E-8	3.926085E-3
5.040000E-8	3.511552E-3
5.045000E-8	3.054196E-3
5.050000E-8	2.569432E-3
5.055000E-8	2.046984E-3
5.060000E-8	1.507405E-3
5.065000E-8	1.017503E-3
5.070000E-8	6.081080E-4
5.075000E-8	2.826479E-4
5.080000E-8	5.139973E-5
5.085000E-8	-5.994218E-5
5.090000E-8	-3.082249E-5
5.095000E-8	1.387588E-4
5.100000E-8	4.299594E-4
5.105000E-8	8.547698E-4
5.110000E-8	1.399487E-3
5.115000E-8	2.005869E-3
5.120000E-8	2.620817E-3
5.125000E-8	3.264885E-3
5.130000E-8	3.919231E-3
5.135000E-8	4.479364E-3
5.140000E-8	4.897324E-3
5.145000E-8	5.190238E-3
5.150000E-8	5.347830E-3
5.155000E-8	5.323849E-3
5.160000E-8	5.145703E-3
5.165000E-8	4.832234E-3
5.170000E-8	4.359461E-3
5.175000E-8	3.768495E-3
5.180000E-8	3.139844E-3
5.185000E-8	2.476933E-3
5.190000E-8	1.778051E-3
5.195000E-8	1.120279E-3
5.200000E-8	5.567195E-4
5.205000E-8	1.130659E-4
5.210000E-8	-1.661449E-4
5.215000E-8	-2.398020E-4
5.220000E-8	-1.353126E-4
5.225000E-8	1.164902E-4
5.230000E-8	5.258842E-4
5.235000E-8	1.032916E-3
5.240000E-8	1.569068E-3
5.245000E-8	2.118924E-3
5.250000E-8	2.675631E-3
5.255000E-8	3.170673E-3
5.260000E-8	3.573215E-3
5.265000E-8	3.896962E-3
5.270000E-8	4.153905E-3
5.275000E-8	4.320061E-3
5.280000E-8	4.368023E-3
5.285000E-8	4.321774E-3
5.290000E-8	4.220711E-3
5.295000E-8	4.073398E-3
5.300000E-8	3.852428E-3
5.305000E-8	3.569793E-3
5.310000E-8	3.259750E-3
5.315000E-8	2.903457E-3
5.320000E-8	2.459804E-3
5.325000E-8	1.978466E-3
5.330000E-8	1.521110E-3
5.335000E-8	1.110002E-3
5.340000E-8	7.605611E-4
5.345000E-8	5.087576E-4
5.350000E-8	3.631566E-4
5.355000E-8	3.203324E-4
5.360000E-8	4.094050E-4
5.365000E-8	6.629205E-4
5.370000E-8	1.044907E-3
5.375000E-8	1.543374E-3
5.380000E-8	2.141192E-3
5.385000E-8	2.762992E-3
5.390000E-8	3.336829E-3
5.395000E-8	3.876407E-3
5.400000E-8	4.361171E-3
5.405000E-8	4.695196E-3
5.410000E-8	4.866491E-3
5.415000E-8	4.929871E-3
5.420000E-8	4.857927E-3
5.425000E-8	4.618115E-3
5.430000E-8	4.278952E-3
5.435000E-8	3.895252E-3
5.440000E-8	3.441322E-3
5.445000E-8	2.936002E-3
5.450000E-8	2.423831E-3
5.455000E-8	1.916799E-3
5.460000E-8	1.408054E-3
5.465000E-8	9.301415E-4
5.470000E-8	5.224599E-4
5.475000E-8	2.209809E-4
5.480000E-8	4.454708E-5
5.485000E-8	-5.128720E-6
5.490000E-8	5.824995E-5
5.495000E-8	2.449608E-4
5.500000E-8	5.344485E-4
5.505000E-8	9.130095E-4
5.510000E-8	1.351524E-3
5.515000E-8	1.832861E-3
5.520000E-8	2.336468E-3
5.525000E-8	2.833222E-3
5.530000E-8	3.305996E-3
5.535000E-8	3.715390E-3
5.540000E-8	4.028860E-3
5.545000E-8	4.242978E-3
5.550000E-8	4.345756E-3
5.555000E-8	4.340617E-3
5.560000E-8	4.241267E-3
5.565000E-8	4.028862E-3
5.570000E-8	3.722245E-3
5.575000E-8	3.359100E-3
5.580000E-8	2.932577E-3
5.585000E-8	2.442674E-3
5.590000E-8	1.927078E-3
5.595000E-8	1.444026E-3
5.600000E-8	9.986602E-4
5.605000E-8	6.355153E-4
5.610000E-8	4.025543E-4
5.615000E-8	2.860736E-4
5.620000E-8	2.655180E-4
5.625000E-8	3.734333E-4
5.630000E-8	6.183844E-4
5.635000E-8	9.609734E-4
5.640000E-8	1.378932E-3
5.645000E-8	1.856844E-3
5.650000E-8	2.345034E-3
5.655000E-8	2.798964E-3
5.660000E-8	3.220349E-3
5.665000E-8	3.564652E-3
5.670000E-8	3.790761E-3
5.675000E-8	3.907241E-3
5.680000E-8	3.938074E-3
5.685000E-8	3.890112E-3
5.690000E-8	3.737660E-3
5.695000E-8	3.480718E-3
5.700000E-8	3.168962E-3
5.705000E-8	2.850355E-3
5.710000E-8	2.542025E-3
5.715000E-8	2.233694E-3
5.720000E-8	1.925364E-3
5.725000E-8	1.637589E-3
5.730000E-8	1.408054E-3
5.735000E-8	1.214491E-3
5.740000E-8	1.038057E-3
5.745000E-8	9.027342E-4
5.750000E-8	8.359289E-4
5.755000E-8	8.307896E-4
5.760000E-8	8.804647E-4
5.765000E-8	1.005509E-3
5.770000E-8	1.217914E-3
5.775000E-8	1.476569E-3
5.780000E-8	1.774622E-3
5.785000E-8	2.106933E-3
5.790000E-8	2.464939E-3
5.795000E-8	2.809241E-3
5.800000E-8	3.127849E-3
5.805000E-8	3.403634E-3
5.810000E-8	3.605762E-3
5.815000E-8	3.699975E-3
5.820000E-8	3.684558E-3
5.825000E-8	3.578356E-3
5.830000E-8	3.371090E-3
5.835000E-8	3.061047E-3
5.840000E-8	2.682486E-3
5.845000E-8	2.274805E-3
5.850000E-8	1.861985E-3
5.855000E-8	1.486850E-3
5.860000E-8	1.175093E-3
5.865000E-8	9.095866E-4
5.870000E-8	7.143106E-4
5.875000E-8	6.149596E-4
5.880000E-8	5.995429E-4
5.885000E-8	6.475052E-4
5.890000E-8	7.811148E-4
5.895000E-8	9.883810E-4
5.900000E-8	1.226480E-3
5.905000E-8	1.500552E-3
5.910000E-8	1.812308E-3
5.915000E-8	2.130915E-3
5.920000E-8	2.440958E-3
5.925000E-8	2.745863E-3
5.930000E-8	3.033638E-3
5.935000E-8	3.285441E-3
5.940000E-8	3.487569E-3
5.945000E-8	3.628030E-3
5.950000E-8	3.705113E-3
5.955000E-8	3.713678E-3
5.960000E-8	3.621179E-3
5.965000E-8	3.424190E-3
5.970000E-8	3.174100E-3
5.975000E-8	2.886325E-3
5.980000E-8	2.542023E-3
5.985000E-8	2.184018E-3
5.990000E-8	1.853419E-3
5.995000E-8	1.536524E-3
6.000000E-8	1.228194E-3
6.005000E-8	9.815300E-4
6.010000E-8	8.170870E-4
6.015000E-8	7.348654E-4
6.020000E-8	7.348651E-4
6.025000E-8	8.153733E-4
6.030000E-8	9.883805E-4
6.035000E-8	1.243609E-3
6.040000E-8	1.536523E-3
6.045000E-8	1.846566E-3
6.050000E-8	2.166887E-3
6.055000E-8	2.475217E-3
6.060000E-8	2.747576E-3
6.065000E-8	2.971972E-3
6.070000E-8	3.155257E-3
6.075000E-8	3.271738E-3
6.080000E-8	3.312849E-3
6.085000E-8	3.287154E-3
6.090000E-8	3.187804E-3
6.095000E-8	3.028500E-3
6.100000E-8	2.814382E-3
6.105000E-8	2.548875E-3
6.110000E-8	2.242258E-3
6.115000E-8	1.923649E-3
6.120000E-8	1.599902E-3
6.125000E-8	1.296711E-3
6.130000E-8	1.056898E-3
6.135000E-8	8.787517E-4
6.140000E-8	7.194476E-4
6.145000E-8	6.063930E-4
6.150000E-8	5.944022E-4
6.155000E-8	6.714846E-4
6.160000E-8	7.913907E-4
6.165000E-8	9.575462E-4
6.170000E-8	1.178516E-3
6.175000E-8	1.425180E-3
6.180000E-8	1.649576E-3
6.185000E-8	1.867120E-3
6.190000E-8	2.098368E-3
6.195000E-8	2.315912E-3
6.200000E-8	2.470077E-3
6.205000E-8	2.560863E-3
6.210000E-8	2.620816E-3
6.215000E-8	2.644798E-3
6.220000E-8	2.601975E-3
6.225000E-8	2.494059E-3
6.230000E-8	2.360450E-3
6.235000E-8	2.219989E-3
6.240000E-8	2.041843E-3
6.245000E-8	1.834576E-3
6.250000E-8	1.647866E-3
6.255000E-8	1.486849E-3
6.260000E-8	1.318980E-3
6.265000E-8	1.144260E-3
6.270000E-8	1.012363E-3
6.275000E-8	9.284282E-4
6.280000E-8	8.650490E-4
6.285000E-8	8.410674E-4
6.290000E-8	8.787519E-4
6.295000E-8	9.592600E-4
6.300000E-8	1.104860E-3
6.305000E-8	1.329256E-3
6.310000E-8	1.606753E-3
6.315000E-8	1.887676E-3
6.320000E-8	2.177164E-3
6.325000E-8	2.497485E-3
6.330000E-8	2.810954E-3
6.335000E-8	3.079886E-3
6.340000E-8	3.282014E-3
6.345000E-8	3.407060E-3
6.350000E-8	3.449884E-3
6.355000E-8	3.412199E-3
6.360000E-8	3.295719E-3
6.365000E-8	3.105583E-3
6.370000E-8	2.845215E-3
6.375000E-8	2.535172E-3
6.380000E-8	2.173741E-3
6.385000E-8	1.783189E-3
6.390000E-8	1.447452E-3
6.395000E-8	1.207639E-3
6.400000E-8	1.005511E-3
6.405000E-8	8.307905E-4
6.410000E-8	7.656983E-4
6.415000E-8	8.136606E-4
6.420000E-8	8.924559E-4
6.425000E-8	1.014075E-3
6.430000E-8	1.231619E-3
6.435000E-8	1.483422E-3
6.440000E-8	1.716383E-3
6.445000E-8	1.963047E-3
6.450000E-8	2.194295E-3
6.455000E-8	2.338182E-3
6.460000E-8	2.437533E-3
6.465000E-8	2.555726E-3
6.470000E-8	2.644799E-3
6.475000E-8	2.684197E-3
6.480000E-8	2.713317E-3
6.485000E-8	2.721882E-3
6.490000E-8	2.677345E-3
6.495000E-8	2.610540E-3
6.500000E-8	2.531745E-3
6.505000E-8	2.427255E-3
6.510000E-8	2.291933E-3
6.515000E-8	2.144620E-3
6.520000E-8	1.968186E-3
6.525000E-8	1.778049E-3
6.530000E-8	1.598190E-3
6.535000E-8	1.421757E-3
6.540000E-8	1.252175E-3
6.545000E-8	1.139120E-3
6.550000E-8	1.096296E-3
6.555000E-8	1.086019E-3
6.560000E-8	1.118564E-3
6.565000E-8	1.211063E-3
6.570000E-8	1.337821E-3
6.575000E-8	1.486848E-3
6.580000E-8	1.682124E-3
6.585000E-8	1.901381E-3
6.590000E-8	2.091518E-3
6.595000E-8	2.262813E-3
6.600000E-8	2.439246E-3
6.605000E-8	2.567717E-3
6.610000E-8	2.619105E-3
6.615000E-8	2.620818E-3
6.620000E-8	2.567717E-3
6.625000E-8	2.456375E-3
6.630000E-8	2.314201E-3
6.635000E-8	2.137767E-3
6.640000E-8	1.901380E-3
6.645000E-8	1.649577E-3
6.650000E-8	1.435459E-3
6.655000E-8	1.241896E-3
6.660000E-8	1.039768E-3
6.665000E-8	8.753255E-4
6.670000E-8	7.674098E-4
6.675000E-8	6.971790E-4
6.680000E-8	6.800494E-4
6.685000E-8	7.074564E-4
6.690000E-8	7.622705E-4
6.695000E-8	8.599083E-4
6.700000E-8	9.883790E-4
6.705000E-8	1.120276E-3
6.710000E-8	1.262450E-3
6.715000E-8	1.420041E-3
6.720000E-8	1.551938E-3
6.725000E-8	1.651289E-3
6.730000E-8	1.755778E-3
6.735000E-8	1.843139E-3
6.740000E-8	1.884250E-3
6.745000E-8	1.933925E-3
6.750000E-8	2.012721E-3
6.755000E-8	2.072674E-3
6.760000E-8	2.118924E-3
6.765000E-8	2.185729E-3
6.770000E-8	2.237118E-3
6.775000E-8	2.237118E-3
6.780000E-8	2.218276E-3
6.785000E-8	2.178878E-3
6.790000E-8	2.082952E-3
6.795000E-8	1.945917E-3
6.800000E-8	1.808881E-3
6.805000E-8	1.654715E-3
6.810000E-8	1.509115E-3
6.815000E-8	1.418329E-3
6.820000E-8	1.380644E-3
6.825000E-8	1.380644E-3
6.830000E-8	1.440597E-3
6.835000E-8	1.555364E-3
6.840000E-8	1.697539E-3
6.845000E-8	1.887676E-3
6.850000E-8	2.125776E-3
6.855000E-8	2.365588E-3
6.860000E-8	2.569429E-3
6.865000E-8	2.752714E-3
6.870000E-8	2.906880E-3
6.875000E-8	3.004518E-3
6.880000E-8	3.043916E-3
6.885000E-8	3.016509E-3
6.890000E-8	2.930861E-3
6.895000E-8	2.795539E-3
6.900000E-8	2.637948E-3
6.905000E-8	2.458088E-3
6.910000E-8	2.271377E-3
6.915000E-8	2.081240E-3
6.920000E-8	1.887677E-3
6.925000E-8	1.709531E-3
6.930000E-8	1.574208E-3
6.935000E-8	1.488561E-3
6.940000E-8	1.430320E-3
6.945000E-8	1.416617E-3
6.950000E-8	1.449162E-3
6.955000E-8	1.509115E-3
6.960000E-8	1.570781E-3
6.965000E-8	1.678697E-3
6.970000E-8	1.827723E-3
6.975000E-8	1.976750E-3
6.980000E-8	2.093230E-3
6.985000E-8	2.194294E-3
6.990000E-8	2.297071E-3
6.995000E-8	2.396422E-3
7.000000E-8	2.459801E-3
7.005000E-8	2.492347E-3
7.010000E-8	2.516328E-3
7.015000E-8	2.547162E-3
7.020000E-8	2.552300E-3
7.025000E-8	2.523180E-3
7.030000E-8	2.506051E-3
7.035000E-8	2.483783E-3
7.040000E-8	2.387858E-3
7.045000E-8	2.266238E-3
7.050000E-8	2.180591E-3
7.055000E-8	2.106934E-3
7.060000E-8	2.005870E-3
7.065000E-8	1.911658E-3
7.070000E-8	1.855131E-3
7.075000E-8	1.824298E-3
7.080000E-8	1.805455E-3
7.085000E-8	1.819159E-3
7.090000E-8	1.875686E-3
7.095000E-8	1.935639E-3
7.100000E-8	1.987027E-3
7.105000E-8	2.031564E-3
7.110000E-8	2.046980E-3
7.115000E-8	2.012721E-3
7.120000E-8	1.932213E-3
7.125000E-8	1.839713E-3
7.130000E-8	1.740362E-3
7.135000E-8	1.630734E-3
7.140000E-8	1.514253E-3
7.145000E-8	1.426893E-3
7.150000E-8	1.390921E-3
7.155000E-8	1.394348E-3
7.160000E-8	1.416616E-3
7.165000E-8	1.485134E-3
7.170000E-8	1.625596E-3
7.175000E-8	1.774623E-3
7.180000E-8	1.884252E-3
7.185000E-8	1.975038E-3
7.190000E-8	2.046982E-3
7.195000E-8	2.062399E-3
7.200000E-8	2.002445E-3
7.205000E-8	1.884252E-3
7.210000E-8	1.718096E-3
7.215000E-8	1.514255E-3
7.220000E-8	1.313840E-3
7.225000E-8	1.132267E-3
7.230000E-8	9.832403E-4
7.235000E-8	8.736115E-4
7.240000E-8	8.170841E-4
7.245000E-8	8.547688E-4
7.250000E-8	9.883785E-4
7.255000E-8	1.183655E-3
7.260000E-8	1.396060E-3
7.265000E-8	1.623882E-3
7.270000E-8	1.856843E-3
7.275000E-8	2.041842E-3
7.280000E-8	2.154896E-3
7.285000E-8	2.199433E-3
7.290000E-8	2.168600E-3
7.295000E-8	2.052120E-3
7.300000E-8	1.875687E-3
7.305000E-8	1.666707E-3
7.310000E-8	1.445737E-3
7.315000E-8	1.224767E-3
7.320000E-8	1.024352E-3
7.325000E-8	8.736128E-4
7.330000E-8	8.085208E-4
7.335000E-8	8.307891E-4
7.340000E-8	8.907422E-4
7.345000E-8	9.643988E-4
7.350000E-8	1.077453E-3
7.355000E-8	1.214489E-3
7.360000E-8	1.348099E-3
7.365000E-8	1.485135E-3
7.370000E-8	1.635874E-3
7.375000E-8	1.776336E-3
7.380000E-8	1.904807E-3
7.385000E-8	2.065824E-3
7.390000E-8	2.257673E-3
7.395000E-8	2.442672E-3
7.400000E-8	2.632809E-3
7.405000E-8	2.845214E-3
7.410000E-8	3.028499E-3
7.415000E-8	3.131276E-3
7.420000E-8	3.168961E-3
7.425000E-8	3.151832E-3
7.430000E-8	3.090166E-3
7.435000E-8	2.977111E-3
7.440000E-8	2.790400E-3
7.445000E-8	2.533458E-3
7.450000E-8	2.286794E-3
7.455000E-8	2.096657E-3
7.460000E-8	1.925362E-3
7.465000E-8	1.781474E-3
7.470000E-8	1.706104E-3
7.475000E-8	1.702678E-3
7.480000E-8	1.752354E-3
7.485000E-8	1.860269E-3
7.490000E-8	1.978463E-3
7.495000E-8	2.086378E-3
7.500000E-8	2.216562E-3
7.505000E-8	2.357024E-3
7.510000E-8	2.466653E-3
7.515000E-8	2.547161E-3
7.520000E-8	2.631096E-3
7.525000E-8	2.703039E-3
7.530000E-8	2.752715E-3
7.535000E-8	2.783548E-3
7.540000E-8	2.785261E-3
7.545000E-8	2.759567E-3
7.550000E-8	2.711604E-3
7.555000E-8	2.608827E-3
7.560000E-8	2.454662E-3
7.565000E-8	2.283367E-3
7.570000E-8	2.113785E-3
7.575000E-8	1.939064E-3
7.580000E-8	1.767770E-3
7.585000E-8	1.589623E-3
7.590000E-8	1.421754E-3
7.595000E-8	1.332681E-3
7.600000E-8	1.346384E-3
7.605000E-8	1.408051E-3
7.610000E-8	1.505689E-3
7.615000E-8	1.663280E-3
7.620000E-8	1.851704E-3
7.625000E-8	2.034990E-3
7.630000E-8	2.235405E-3
7.635000E-8	2.449523E-3
7.640000E-8	2.615679E-3
7.645000E-8	2.718456E-3
7.650000E-8	2.762992E-3
7.655000E-8	2.745863E-3
7.660000E-8	2.653364E-3
7.665000E-8	2.514615E-3
7.670000E-8	2.357024E-3
7.675000E-8	2.196007E-3
7.680000E-8	2.038416E-3
7.685000E-8	1.901380E-3
7.690000E-8	1.819159E-3
7.695000E-8	1.826011E-3
7.700000E-8	1.909945E-3
7.705000E-8	2.040129E-3
7.710000E-8	2.201147E-3
7.715000E-8	2.415265E-3
7.720000E-8	2.627671E-3
7.725000E-8	2.773271E-3
7.730000E-8	2.845215E-3
7.735000E-8	2.840076E-3
7.740000E-8	2.725309E-3
7.745000E-8	2.528320E-3
7.750000E-8	2.293646E-3
7.755000E-8	2.041843E-3
7.760000E-8	1.779762E-3
7.765000E-8	1.563930E-3
7.770000E-8	1.411478E-3
7.775000E-8	1.313840E-3
7.780000E-8	1.286432E-3
7.785000E-8	1.322404E-3
7.790000E-8	1.392635E-3
7.795000E-8	1.502264E-3
7.800000E-8	1.670133E-3
7.805000E-8	1.812307E-3
7.810000E-8	1.853418E-3
7.815000E-8	1.841427E-3
7.820000E-8	1.815733E-3
7.825000E-8	1.740363E-3
7.830000E-8	1.632447E-3
7.835000E-8	1.565642E-3
7.840000E-8	1.548513E-3
7.845000E-8	1.550226E-3
7.850000E-8	1.575920E-3
7.855000E-8	1.635873E-3
7.860000E-8	1.704391E-3
7.865000E-8	1.781473E-3
7.870000E-8	1.894528E-3
7.875000E-8	2.005869E-3
7.880000E-8	2.093230E-3
7.885000E-8	2.182303E-3
7.890000E-8	2.266238E-3
7.895000E-8	2.326191E-3
7.900000E-8	2.379292E-3
7.905000E-8	2.435820E-3
7.910000E-8	2.447811E-3
7.915000E-8	2.404987E-3
7.920000E-8	2.348460E-3
7.925000E-8	2.283368E-3
7.930000E-8	2.168600E-3
7.935000E-8	2.000731E-3
7.940000E-8	1.808881E-3
7.945000E-8	1.601615E-3
7.950000E-8	1.387496E-3
7.955000E-8	1.171665E-3
7.960000E-8	9.558335E-4
7.965000E-8	7.742612E-4
7.970000E-8	6.629196E-4
7.975000E-8	6.218089E-4
7.980000E-8	6.457902E-4
7.985000E-8	7.434283E-4
7.990000E-8	9.027324E-4
7.995000E-8	1.077453E-3
8.000000E-8	1.253887E-3
8.005000E-8	1.447450E-3
8.010000E-8	1.651290E-3
8.015000E-8	1.831149E-3
8.020000E-8	1.956194E-3
8.025000E-8	2.019573E-3
8.030000E-8	2.060684E-3
8.035000E-8	2.077814E-3
8.040000E-8	2.034990E-3
8.045000E-8	1.930500E-3
8.050000E-8	1.819159E-3
8.055000E-8	1.721521E-3
8.060000E-8	1.641013E-3
8.065000E-8	1.584486E-3
8.070000E-8	1.570782E-3
8.075000E-8	1.586199E-3
8.080000E-8	1.635874E-3
8.085000E-8	1.707818E-3
8.090000E-8	1.786613E-3
8.095000E-8	1.843140E-3
8.100000E-8	1.873973E-3
8.105000E-8	1.887677E-3
8.110000E-8	1.906519E-3
8.115000E-8	1.925362E-3
8.120000E-8	1.918510E-3
8.125000E-8	1.868835E-3
8.130000E-8	1.790039E-3
8.135000E-8	1.718095E-3
8.140000E-8	1.656430E-3
8.145000E-8	1.606754E-3
8.150000E-8	1.584486E-3
8.155000E-8	1.611893E-3
8.160000E-8	1.666707E-3
8.165000E-8	1.757493E-3
8.170000E-8	1.909946E-3
8.175000E-8	2.076101E-3
8.180000E-8	2.219989E-3
8.185000E-8	2.360450E-3
8.190000E-8	2.490634E-3
8.195000E-8	2.567717E-3
8.200000E-8	2.593411E-3
8.205000E-8	2.612254E-3
8.210000E-8	2.598550E-3
8.215000E-8	2.543736E-3
8.220000E-8	2.461515E-3
8.225000E-8	2.343321E-3
8.230000E-8	2.196008E-3
8.235000E-8	2.055546E-3
8.240000E-8	1.925362E-3
8.245000E-8	1.781474E-3
8.250000E-8	1.653003E-3
8.255000E-8	1.558791E-3
8.260000E-8	1.471430E-3
8.265000E-8	1.411477E-3
8.270000E-8	1.399486E-3
8.275000E-8	1.409764E-3
8.280000E-8	1.433745E-3
8.285000E-8	1.509115E-3
8.290000E-8	1.611892E-3
8.295000E-8	1.695826E-3
8.300000E-8	1.796890E-3
8.305000E-8	1.932213E-3
8.310000E-8	2.048694E-3
8.315000E-8	2.136054E-3
8.320000E-8	2.199433E-3
8.325000E-8	2.219989E-3
8.330000E-8	2.194294E-3
8.335000E-8	2.178878E-3
8.340000E-8	2.148045E-3
8.345000E-8	2.070962E-3
8.350000E-8	2.007583E-3
8.355000E-8	1.981889E-3
8.360000E-8	1.935639E-3
8.365000E-8	1.879112E-3
8.370000E-8	1.877399E-3
8.375000E-8	1.904806E-3
8.380000E-8	1.911658E-3
8.385000E-8	1.935639E-3
8.390000E-8	2.002444E-3
8.395000E-8	2.055546E-3
8.400000E-8	2.101796E-3
8.405000E-8	2.173740E-3
8.410000E-8	2.238832E-3
8.415000E-8	2.283369E-3
8.420000E-8	2.341609E-3
8.425000E-8	2.416979E-3
8.430000E-8	2.454663E-3
8.435000E-8	2.473506E-3
8.440000E-8	2.464941E-3
8.445000E-8	2.386145E-3
8.450000E-8	2.276516E-3
8.455000E-8	2.178878E-3
8.460000E-8	2.069249E-3
8.465000E-8	1.939065E-3
8.470000E-8	1.851704E-3
8.475000E-8	1.807168E-3
8.480000E-8	1.762631E-3
8.485000E-8	1.731798E-3
8.490000E-8	1.747215E-3
8.495000E-8	1.795177E-3
8.500000E-8	1.838001E-3
8.505000E-8	1.848279E-3
8.510000E-8	1.844853E-3
8.515000E-8	1.841427E-3
8.520000E-8	1.808881E-3
8.525000E-8	1.728372E-3
8.530000E-8	1.641012E-3
8.535000E-8	1.569068E-3
8.540000E-8	1.459440E-3
8.545000E-8	1.329256E-3
8.550000E-8	1.250460E-3
8.555000E-8	1.235044E-3
8.560000E-8	1.253887E-3
8.565000E-8	1.301849E-3
8.570000E-8	1.404626E-3
8.575000E-8	1.545088E-3
8.580000E-8	1.700966E-3
8.585000E-8	1.867122E-3
8.590000E-8	2.017861E-3
8.595000E-8	2.124063E-3
8.600000E-8	2.197720E-3
8.605000E-8	2.237118E-3
8.610000E-8	2.228553E-3
8.615000E-8	2.168600E-3
8.620000E-8	2.081240E-3
8.625000E-8	1.997305E-3
8.630000E-8	1.916797E-3
8.635000E-8	1.858557E-3
8.640000E-8	1.812307E-3
8.645000E-8	1.769484E-3
8.650000E-8	1.724947E-3
8.655000E-8	1.687262E-3
8.660000E-8	1.666707E-3
8.665000E-8	1.653003E-3
8.670000E-8	1.637587E-3
8.675000E-8	1.605041E-3
8.680000E-8	1.565643E-3
8.685000E-8	1.546801E-3
8.690000E-8	1.574208E-3
8.695000E-8	1.637587E-3
8.700000E-8	1.718095E-3
8.705000E-8	1.822585E-3
8.710000E-8	1.973324E-3
8.715000E-8	2.158323E-3
8.720000E-8	2.345034E-3
8.725000E-8	2.516329E-3
8.730000E-8	2.663642E-3
8.735000E-8	2.749289E-3
8.740000E-8	2.773270E-3
8.745000E-8	2.761280E-3
8.750000E-8	2.692762E-3
8.755000E-8	2.542022E-3
8.760000E-8	2.346746E-3
8.765000E-8	2.172025E-3
8.770000E-8	2.004156E-3
8.775000E-8	1.814019E-3
8.780000E-8	1.635873E-3
8.785000E-8	1.497124E-3
8.790000E-8	1.361801E-3
8.795000E-8	1.231617E-3
8.800000E-8	1.123702E-3
8.805000E-8	1.024351E-3
8.810000E-8	9.335647E-4
8.815000E-8	8.667599E-4
8.820000E-8	8.205104E-4
8.825000E-8	8.085199E-4
8.830000E-8	8.359271E-4
8.835000E-8	9.130098E-4
8.840000E-8	1.029490E-3
8.845000E-8	1.200785E-3
8.850000E-8	1.401200E-3
8.855000E-8	1.598189E-3
8.860000E-8	1.817446E-3
8.865000E-8	2.069250E-3
8.870000E-8	2.274803E-3
8.875000E-8	2.365590E-3
8.880000E-8	2.370728E-3
8.885000E-8	2.339895E-3
8.890000E-8	2.267951E-3
8.895000E-8	2.154897E-3
8.900000E-8	2.031564E-3
8.905000E-8	1.899667E-3
8.910000E-8	1.755779E-3
8.915000E-8	1.654715E-3
8.920000E-8	1.615317E-3
8.925000E-8	1.618743E-3
8.930000E-8	1.635872E-3
8.935000E-8	1.661566E-3
8.940000E-8	1.683835E-3
8.945000E-8	1.678696E-3
8.950000E-8	1.644437E-3
8.955000E-8	1.589623E-3
8.960000E-8	1.526244E-3
8.965000E-8	1.466291E-3
8.970000E-8	1.414903E-3
8.975000E-8	1.392635E-3
8.980000E-8	1.404626E-3
8.985000E-8	1.440598E-3
8.990000E-8	1.514254E-3
8.995000E-8	1.632448E-3
9.000000E-8	1.759206E-3
9.005000E-8	1.849992E-3
9.010000E-8	1.911658E-3
9.015000E-8	1.945916E-3
9.020000E-8	1.935638E-3
9.025000E-8	1.889389E-3
9.030000E-8	1.810593E-3
9.035000E-8	1.709529E-3
9.040000E-8	1.632446E-3
9.045000E-8	1.586197E-3
9.050000E-8	1.548512E-3
9.055000E-8	1.517679E-3
9.060000E-8	1.526244E-3
9.065000E-8	1.586198E-3
9.070000E-8	1.675271E-3
9.075000E-8	1.778048E-3
9.080000E-8	1.858557E-3
9.085000E-8	1.904806E-3
9.090000E-8	1.942491E-3
9.095000E-8	1.983602E-3
9.100000E-8	2.011009E-3
9.105000E-8	2.023000E-3
9.110000E-8	2.017861E-3
9.115000E-8	1.990453E-3
9.120000E-8	1.969898E-3
9.125000E-8	1.976750E-3
9.130000E-8	1.992166E-3
9.135000E-8	1.997305E-3
9.140000E-8	2.014434E-3
9.145000E-8	2.016147E-3
9.150000E-8	1.975037E-3
9.155000E-8	1.930500E-3
9.160000E-8	1.889389E-3
9.165000E-8	1.795177E-3
9.170000E-8	1.678697E-3
9.175000E-8	1.606753E-3
9.180000E-8	1.534810E-3
9.185000E-8	1.409765E-3
9.190000E-8	1.296710E-3
9.195000E-8	1.229905E-3
9.200000E-8	1.180230E-3
9.205000E-8	1.164813E-3
9.210000E-8	1.204211E-3
9.215000E-8	1.281293E-3
9.220000E-8	1.378931E-3
9.225000E-8	1.507402E-3
9.230000E-8	1.635873E-3
9.235000E-8	1.733511E-3
9.240000E-8	1.807168E-3
9.245000E-8	1.875686E-3
9.250000E-8	1.918510E-3
9.255000E-8	1.940778E-3
9.260000E-8	1.937352E-3
9.265000E-8	1.887677E-3
9.270000E-8	1.814020E-3
9.275000E-8	1.745502E-3
9.280000E-8	1.658142E-3
9.285000E-8	1.565643E-3
9.290000E-8	1.509116E-3
9.295000E-8	1.490274E-3
9.300000E-8	1.481709E-3
9.305000E-8	1.478283E-3
9.310000E-8	1.466292E-3
9.315000E-8	1.452589E-3
9.320000E-8	1.449163E-3
9.325000E-8	1.481709E-3
9.330000E-8	1.567356E-3
9.335000E-8	1.685549E-3
9.340000E-8	1.817446E-3
9.345000E-8	1.945917E-3
9.350000E-8	2.058971E-3
9.355000E-8	2.146332E-3
9.360000E-8	2.185729E-3
9.365000E-8	2.206285E-3
9.370000E-8	2.225127E-3
9.375000E-8	2.219989E-3
9.380000E-8	2.190868E-3
9.385000E-8	2.178878E-3
9.390000E-8	2.190868E-3
9.395000E-8	2.207998E-3
9.400000E-8	2.261099E-3
9.405000E-8	2.355311E-3
9.410000E-8	2.444384E-3
9.415000E-8	2.514614E-3
9.420000E-8	2.605400E-3
9.425000E-8	2.689335E-3
9.430000E-8	2.737297E-3
9.435000E-8	2.737297E-3
9.440000E-8	2.675631E-3
9.445000E-8	2.555725E-3
9.450000E-8	2.406698E-3
9.455000E-8	2.228552E-3
9.460000E-8	2.007582E-3
9.465000E-8	1.784899E-3
9.470000E-8	1.623882E-3
9.475000E-8	1.498837E-3
9.480000E-8	1.366941E-3
9.485000E-8	1.238470E-3
9.490000E-8	1.147683E-3
9.495000E-8	1.103147E-3
9.500000E-8	1.094582E-3
9.505000E-8	1.120276E-3
9.510000E-8	1.190507E-3
9.515000E-8	1.308700E-3
9.520000E-8	1.447449E-3
9.525000E-8	1.570781E-3
9.530000E-8	1.706103E-3
9.535000E-8	1.846565E-3
9.540000E-8	1.949342E-3
9.545000E-8	2.026424E-3
9.550000E-8	2.103507E-3
9.555000E-8	2.151470E-3
9.560000E-8	2.153183E-3
9.565000E-8	2.134341E-3
9.570000E-8	2.077813E-3
9.575000E-8	1.987027E-3
9.580000E-8	1.913371E-3
9.585000E-8	1.877399E-3
9.590000E-8	1.838001E-3
9.595000E-8	1.802030E-3
9.600000E-8	1.814020E-3
9.605000E-8	1.880825E-3
9.610000E-8	1.978463E-3
9.615000E-8	2.093230E-3
9.620000E-8	2.187443E-3
9.625000E-8	2.269664E-3
9.630000E-8	2.365589E-3
9.635000E-8	2.440959E-3
9.640000E-8	2.459801E-3
9.645000E-8	2.468366E-3
9.650000E-8	2.483783E-3
9.655000E-8	2.452950E-3
9.660000E-8	2.379293E-3
9.665000E-8	2.326192E-3
9.670000E-8	2.283368E-3
9.675000E-8	2.218276E-3
9.680000E-8	2.156610E-3
9.685000E-8	2.117212E-3
9.690000E-8	2.088092E-3
9.695000E-8	2.084666E-3
9.700000E-8	2.118924E-3
9.705000E-8	2.148044E-3
9.710000E-8	2.148044E-3
9.715000E-8	2.137767E-3
9.720000E-8	2.149757E-3
9.725000E-8	2.175451E-3
9.730000E-8	2.189155E-3
9.735000E-8	2.178877E-3
9.740000E-8	2.142906E-3
9.745000E-8	2.100082E-3
9.750000E-8	2.053832E-3
9.755000E-8	1.981889E-3
9.760000E-8	1.884251E-3
9.765000E-8	1.776335E-3
9.770000E-8	1.671845E-3
9.775000E-8	1.569068E-3
9.780000E-8	1.497125E-3
9.785000E-8	1.479995E-3
9.790000E-8	1.488560E-3
9.795000E-8	1.498838E-3
9.800000E-8	1.522819E-3
9.805000E-8	1.574207E-3
9.810000E-8	1.641012E-3
9.815000E-8	1.697539E-3
9.820000E-8	1.718095E-3
9.825000E-8	1.712956E-3
9.830000E-8	1.712956E-3
9.835000E-8	1.712956E-3
9.840000E-8	1.680410E-3
9.845000E-8	1.639299E-3
9.850000E-8	1.617031E-3
9.855000E-8	1.606753E-3
9.860000E-8	1.587911E-3
9.865000E-8	1.574207E-3
9.870000E-8	1.574207E-3
9.875000E-8	1.575920E-3
9.880000E-8	1.567356E-3
9.885000E-8	1.565643E-3
9.890000E-8	1.565643E-3
9.895000E-8	1.558791E-3
9.900000E-8	1.531384E-3
9.905000E-8	1.500551E-3
9.910000E-8	1.457727E-3
9.915000E-8	1.396060E-3
9.920000E-8	1.325829E-3
9.925000E-8	1.272728E-3
9.930000E-8	1.247034E-3
9.935000E-8	1.243608E-3
9.940000E-8	1.294996E-3
9.945000E-8	1.406338E-3
9.950000E-8	1.536522E-3
9.955000E-8	1.682123E-3
9.960000E-8	1.860270E-3
9.965000E-8	2.057259E-3
9.970000E-8	2.219989E-3
9.975000E-8	2.357024E-3
9.980000E-8	2.459801E-3
9.985000E-8	2.514615E-3
9.990000E-8	2.531745E-3
9.995000E-8	2.540310E-3
1.000000E-7	2.511189E-3
1.000500E-7	2.422116E-3
1.001000E-7	2.310775E-3
1.001500E-7	2.197720E-3
1.002000E-7	2.072675E-3
1.002500E-7	1.959621E-3
1.003000E-7	1.887677E-3
1.003500E-7	1.834576E-3
1.004000E-7	1.793465E-3
1.004500E-7	1.805456E-3
1.005000E-7	1.873973E-3
1.005500E-7	1.937352E-3
1.006000E-7	1.987028E-3
1.006500E-7	2.050407E-3
1.007000E-7	2.101795E-3
1.007500E-7	2.117212E-3
1.008000E-7	2.098369E-3
1.008500E-7	2.050407E-3
1.009000E-7	1.975037E-3
1.009500E-7	1.891103E-3
1.010000E-7	1.795178E-3
1.010500E-7	1.690688E-3
1.011000E-7	1.623883E-3
1.011500E-7	1.617031E-3
1.012000E-7	1.632447E-3
1.012500E-7	1.687262E-3
1.013000E-7	1.796890E-3
1.013500E-7	1.920222E-3
1.014000E-7	2.000730E-3
1.014500E-7	2.067535E-3
1.015000E-7	2.141192E-3
1.015500E-7	2.165173E-3
1.016000E-7	2.125775E-3
1.016500E-7	2.050405E-3
1.017000E-7	1.935638E-3
1.017500E-7	1.784899E-3
1.018000E-7	1.618743E-3
1.018500E-7	1.442309E-3
1.019000E-7	1.277867E-3
1.019500E-7	1.183654E-3
1.020000E-7	1.175090E-3
1.020500E-7	1.228191E-3
1.021000E-7	1.351523E-3
1.021500E-7	1.538235E-3
1.022000E-7	1.726659E-3
1.022500E-7	1.889389E-3
1.023000E-7	2.045267E-3
1.023500E-7	2.177164E-3
1.024000E-7	2.226840E-3
1.024500E-7	2.199433E-3
1.025000E-7	2.130915E-3
1.025500E-7	2.045267E-3
1.026000E-7	1.954481E-3
1.026500E-7	1.879112E-3
1.027000E-7	1.829436E-3
1.027500E-7	1.808881E-3
1.028000E-7	1.815733E-3
1.028500E-7	1.855130E-3
1.029000E-7	1.933926E-3
1.029500E-7	2.038416E-3
1.030000E-7	2.153183E-3
1.030500E-7	2.252534E-3
1.031000E-7	2.314200E-3
1.031500E-7	2.315913E-3
1.032000E-7	2.266237E-3
1.032500E-7	2.194294E-3
1.033000E-7	2.115498E-3
1.033500E-7	2.038415E-3
1.034000E-7	1.976749E-3
1.034500E-7	1.933926E-3
1.035000E-7	1.906519E-3
1.035500E-7	1.887676E-3
1.036000E-7	1.894528E-3
1.036500E-7	1.927074E-3
1.037000E-7	1.968185E-3
1.037500E-7	1.987028E-3
1.038000E-7	1.973324E-3
1.038500E-7	1.944204E-3
1.039000E-7	1.916797E-3
1.039500E-7	1.877400E-3
1.040000E-7	1.822585E-3
1.040500E-7	1.759206E-3
1.041000E-7	1.730086E-3
1.041500E-7	1.738650E-3
1.042000E-7	1.759206E-3
1.042500E-7	1.800316E-3
1.043000E-7	1.872260E-3
1.043500E-7	1.940778E-3
1.044000E-7	1.987027E-3
1.044500E-7	2.045268E-3
1.045000E-7	2.094943E-3
1.045500E-7	2.089804E-3
1.046000E-7	2.057258E-3
1.046500E-7	2.038416E-3
1.047000E-7	2.014434E-3
1.047500E-7	1.969898E-3
1.048000E-7	1.947630E-3
1.048500E-7	1.944204E-3
1.049000E-7	1.927075E-3
1.049500E-7	1.892816E-3
1.050000E-7	1.858557E-3
1.050500E-7	1.839714E-3
1.051000E-7	1.824298E-3
1.051500E-7	1.790039E-3
1.052000E-7	1.745502E-3
1.052500E-7	1.736937E-3
1.053000E-7	1.747215E-3
1.053500E-7	1.730085E-3
1.054000E-7	1.692400E-3
1.054500E-7	1.706104E-3
1.055000E-7	1.760918E-3
1.055500E-7	1.814019E-3
1.056000E-7	1.860269E-3
1.056500E-7	1.920222E-3
1.057000E-7	1.966471E-3
1.057500E-7	1.971610E-3
1.058000E-7	1.933926E-3
1.058500E-7	1.887676E-3
1.059000E-7	1.839714E-3
1.059500E-7	1.759205E-3
1.060000E-7	1.659854E-3
1.060500E-7	1.565642E-3
1.061000E-7	1.485134E-3
1.061500E-7	1.420042E-3
1.062000E-7	1.394347E-3
1.062500E-7	1.414903E-3
1.063000E-7	1.457726E-3
1.063500E-7	1.503976E-3
1.064000E-7	1.567355E-3
1.064500E-7	1.622169E-3
1.065000E-7	1.659854E-3
1.065500E-7	1.712955E-3
1.066000E-7	1.783186E-3
1.066500E-7	1.829436E-3
1.067000E-7	1.848278E-3
1.067500E-7	1.873973E-3
1.068000E-7	1.899667E-3
1.068500E-7	1.915084E-3
1.069000E-7	1.939065E-3
1.069500E-7	1.988741E-3
1.070000E-7	2.040129E-3
1.070500E-7	2.074388E-3
1.071000E-7	2.103508E-3
1.071500E-7	2.096657E-3
1.072000E-7	2.045268E-3
1.072500E-7	1.995593E-3
1.073000E-7	1.978463E-3
1.073500E-7	1.952769E-3
1.074000E-7	1.894528E-3
1.074500E-7	1.848279E-3
1.075000E-7	1.824297E-3
1.075500E-7	1.788325E-3
1.076000E-7	1.735224E-3
1.076500E-7	1.714668E-3
1.077000E-7	1.754066E-3
1.077500E-7	1.817445E-3
1.078000E-7	1.861982E-3
1.078500E-7	1.897954E-3
1.079000E-7	1.940778E-3
1.079500E-7	1.935639E-3
1.080000E-7	1.858556E-3
1.080500E-7	1.769483E-3
1.081000E-7	1.706104E-3
1.081500E-7	1.627308E-3
1.082000E-7	1.509115E-3
1.082500E-7	1.397774E-3
1.083000E-7	1.312126E-3
1.083500E-7	1.238470E-3
1.084000E-7	1.175090E-3
1.084500E-7	1.140832E-3
1.085000E-7	1.130554E-3
1.085500E-7	1.116850E-3
1.086000E-7	1.092869E-3
1.086500E-7	1.072313E-3
1.087000E-7	1.063748E-3
1.087500E-7	1.039767E-3
1.088000E-7	9.900914E-4
1.088500E-7	9.541195E-4
1.089000E-7	9.609713E-4
1.089500E-7	1.010647E-3
1.090000E-7	1.087729E-3
1.090500E-7	1.185368E-3
1.091000E-7	1.300135E-3
1.091500E-7	1.426894E-3
1.092000E-7	1.562217E-3
1.092500E-7	1.700966E-3
1.093000E-7	1.829437E-3
1.093500E-7	1.916797E-3
1.094000E-7	1.961334E-3
1.094500E-7	1.966473E-3
1.095000E-7	1.932213E-3
1.095500E-7	1.865408E-3
1.096000E-7	1.790038E-3
1.096500E-7	1.719807E-3
1.097000E-7	1.659854E-3
1.097500E-7	1.622169E-3
1.098000E-7	1.620456E-3
1.098500E-7	1.644437E-3
1.099000E-7	1.683835E-3
1.099500E-7	1.738649E-3
1.100000E-7	1.812306E-3
1.100500E-7	1.903092E-3
1.101000E-7	1.981887E-3
1.101500E-7	2.048692E-3
1.102000E-7	2.122349E-3
1.102500E-7	2.190867E-3
1.103000E-7	2.218275E-3
1.103500E-7	2.207997E-3
1.104000E-7	2.184016E-3
1.104500E-7	2.156609E-3
1.105000E-7	2.115498E-3
1.105500E-7	2.082952E-3
1.106000E-7	2.033277E-3
1.106500E-7	1.969898E-3
1.107000E-7	1.928787E-3
1.107500E-7	1.928787E-3
1.108000E-7	1.927074E-3
1.108500E-7	1.932213E-3
1.109000E-7	1.947629E-3
1.109500E-7	1.933926E-3
1.110000E-7	1.906519E-3
1.110500E-7	1.918509E-3
1.111000E-7	1.940778E-3
1.111500E-7	1.927074E-3
1.112000E-7	1.892815E-3
1.112500E-7	1.853418E-3
1.113000E-7	1.776335E-3
1.113500E-7	1.687262E-3
1.114000E-7	1.606753E-3
1.114500E-7	1.536523E-3
1.115000E-7	1.493699E-3
1.115500E-7	1.507402E-3
1.116000E-7	1.536522E-3
1.116500E-7	1.565642E-3
1.117000E-7	1.651290E-3
1.117500E-7	1.750640E-3
1.118000E-7	1.817445E-3
1.118500E-7	1.877398E-3
1.119000E-7	1.954481E-3
1.119500E-7	2.007582E-3
1.120000E-7	2.012720E-3
1.120500E-7	1.971610E-3
1.121000E-7	1.877397E-3
1.121500E-7	1.750639E-3
1.122000E-7	1.630733E-3
1.122500E-7	1.517679E-3
1.123000E-7	1.413189E-3
1.123500E-7	1.365227E-3
1.124000E-7	1.377218E-3
1.124500E-7	1.404625E-3
1.125000E-7	1.457727E-3
1.125500E-7	1.560504E-3
1.126000E-7	1.663281E-3
1.126500E-7	1.748928E-3
1.127000E-7	1.853418E-3
1.127500E-7	1.966472E-3
1.128000E-7	2.009296E-3
1.128500E-7	1.983601E-3
1.129000E-7	1.935639E-3
1.129500E-7	1.841427E-3
1.130000E-7	1.700965E-3
1.130500E-7	1.570781E-3
1.131000E-7	1.485133E-3
1.131500E-7	1.416616E-3
1.132000E-7	1.375505E-3
1.132500E-7	1.382357E-3
1.133000E-7	1.408051E-3
1.133500E-7	1.444023E-3
1.134000E-7	1.524532E-3
1.134500E-7	1.629022E-3
1.135000E-7	1.723234E-3
1.135500E-7	1.802029E-3
1.136000E-7	1.870547E-3
1.136500E-7	1.916797E-3
1.137000E-7	1.945917E-3
1.137500E-7	1.956194E-3
1.138000E-7	1.937352E-3
1.138500E-7	1.928787E-3
1.139000E-7	1.942491E-3
1.139500E-7	1.966472E-3
1.140000E-7	1.985314E-3
1.140500E-7	2.009295E-3
1.141000E-7	2.050406E-3
1.141500E-7	2.112072E-3
1.142000E-7	2.168599E-3
1.142500E-7	2.192581E-3
1.143000E-7	2.182303E-3
1.143500E-7	2.146331E-3
1.144000E-7	2.084665E-3
1.144500E-7	1.987027E-3
1.145000E-7	1.870547E-3
1.145500E-7	1.754066E-3
1.146000E-7	1.634160E-3
1.146500E-7	1.527957E-3
1.147000E-7	1.456013E-3
1.147500E-7	1.421754E-3
1.148000E-7	1.435458E-3
1.148500E-7	1.490272E-3
1.149000E-7	1.579345E-3
1.149500E-7	1.687261E-3
1.150000E-7	1.796890E-3
1.150500E-7	1.908231E-3
1.151000E-7	2.024712E-3
1.151500E-7	2.139479E-3
1.152000E-7	2.214849E-3
1.152500E-7	2.214849E-3
1.153000E-7	2.178877E-3
1.153500E-7	2.125776E-3
1.154000E-7	2.052119E-3
1.154500E-7	1.949342E-3
1.155000E-7	1.827723E-3
1.155500E-7	1.714668E-3
1.156000E-7	1.608466E-3
1.156500E-7	1.510828E-3
1.157000E-7	1.438884E-3
1.157500E-7	1.408051E-3
1.158000E-7	1.377218E-3
1.158500E-7	1.337820E-3
1.159000E-7	1.324117E-3
1.159500E-7	1.327543E-3
1.160000E-7	1.300135E-3
1.160500E-7	1.253886E-3
1.161000E-7	1.238469E-3
1.161500E-7	1.238469E-3
1.162000E-7	1.221340E-3
1.162500E-7	1.200784E-3
1.163000E-7	1.180229E-3
1.163500E-7	1.133980E-3
1.164000E-7	1.096295E-3
1.164500E-7	1.091156E-3
1.165000E-7	1.121989E-3
1.165500E-7	1.178516E-3
1.166000E-7	1.276154E-3
1.166500E-7	1.411477E-3
1.167000E-7	1.581058E-3
1.167500E-7	1.779760E-3
1.168000E-7	1.983601E-3
1.168500E-7	2.163460E-3
1.169000E-7	2.327903E-3
1.169500E-7	2.449522E-3
1.170000E-7	2.500911E-3
1.170500E-7	2.506050E-3
1.171000E-7	2.475217E-3
1.171500E-7	2.375866E-3
1.172000E-7	2.185729E-3
1.172500E-7	1.964759E-3
1.173000E-7	1.755779E-3
1.173500E-7	1.567355E-3
1.174000E-7	1.397773E-3
1.174500E-7	1.279580E-3
1.175000E-7	1.241895E-3
1.175500E-7	1.284719E-3
1.176000E-7	1.375505E-3
1.176500E-7	1.476569E-3
1.177000E-7	1.606753E-3
1.177500E-7	1.757492E-3
1.178000E-7	1.884250E-3
1.178500E-7	1.976749E-3
1.179000E-7	2.048693E-3
1.179500E-7	2.096656E-3
1.180000E-7	2.096656E-3
1.180500E-7	2.070962E-3
1.181000E-7	2.053832E-3
1.181500E-7	2.028138E-3
1.182000E-7	1.978463E-3
1.182500E-7	1.930500E-3
1.183000E-7	1.920222E-3
1.183500E-7	1.951055E-3
1.184000E-7	2.000731E-3
1.184500E-7	2.043554E-3
1.185000E-7	2.086378E-3
1.185500E-7	2.106933E-3
1.186000E-7	2.089804E-3
1.186500E-7	2.034990E-3
1.187000E-7	1.949342E-3
1.187500E-7	1.832862E-3
1.188000E-7	1.695826E-3
1.188500E-7	1.572494E-3
1.189000E-7	1.486847E-3
1.189500E-7	1.414903E-3
1.190000E-7	1.358376E-3
1.190500E-7	1.344672E-3
1.191000E-7	1.384070E-3
1.191500E-7	1.462865E-3
1.192000E-7	1.581059E-3
1.192500E-7	1.736937E-3
1.193000E-7	1.892815E-3
1.193500E-7	2.017860E-3
1.194000E-7	2.105220E-3
1.194500E-7	2.168599E-3
1.195000E-7	2.223414E-3
1.195500E-7	2.259385E-3
1.196000E-7	2.250821E-3
1.196500E-7	2.223413E-3
1.197000E-7	2.207997E-3
1.197500E-7	2.189154E-3
1.198000E-7	2.141192E-3
1.198500E-7	2.117211E-3
1.199000E-7	2.141192E-3
1.199500E-7	2.166887E-3
1.200000E-7	2.192581E-3
1.200500E-7	2.245682E-3
1.201000E-7	2.317626E-3
1.201500E-7	2.375866E-3
1.202000E-7	2.440958E-3
1.202500E-7	2.519754E-3
1.203000E-7	2.571142E-3
1.203500E-7	2.576281E-3
1.204000E-7	2.536883E-3
1.204500E-7	2.464940E-3
1.205000E-7	2.369015E-3
1.205500E-7	2.247395E-3
1.206000E-7	2.098369E-3
1.206500E-7	1.944204E-3
1.207000E-7	1.810594E-3
1.207500E-7	1.711243E-3
1.208000E-7	1.649576E-3
1.208500E-7	1.610178E-3
1.209000E-7	1.596475E-3
1.209500E-7	1.632447E-3
1.210000E-7	1.731797E-3
1.210500E-7	1.853417E-3
1.211000E-7	1.959619E-3
1.211500E-7	2.046980E-3
1.212000E-7	2.117211E-3
1.212500E-7	2.175451E-3
1.213000E-7	2.213136E-3
1.213500E-7	2.216562E-3
1.214000E-7	2.173738E-3
1.214500E-7	2.108646E-3
1.215000E-7	2.043554E-3
1.215500E-7	1.968185E-3
1.216000E-7	1.867121E-3
1.216500E-7	1.738650E-3
1.217000E-7	1.611892E-3
1.217500E-7	1.502263E-3
1.218000E-7	1.399486E-3
1.218500E-7	1.305274E-3
1.219000E-7	1.250460E-3
1.219500E-7	1.224766E-3
1.220000E-7	1.193933E-3
1.220500E-7	1.204210E-3
1.221000E-7	1.288145E-3
1.221500E-7	1.385783E-3
1.222000E-7	1.466291E-3
1.222500E-7	1.584485E-3
1.223000E-7	1.755779E-3
1.223500E-7	1.867121E-3
1.224000E-7	1.885963E-3
1.224500E-7	1.891102E-3
1.225000E-7	1.916796E-3
1.225500E-7	1.915083E-3
1.226000E-7	1.884250E-3
1.226500E-7	1.851705E-3
1.227000E-7	1.848279E-3
1.227500E-7	1.882538E-3
1.228000E-7	1.930500E-3
1.228500E-7	1.983602E-3
1.229000E-7	2.053832E-3
1.229500E-7	2.137767E-3
1.230000E-7	2.192581E-3
1.230500E-7	2.213136E-3
1.231000E-7	2.235404E-3
1.231500E-7	2.249107E-3
1.232000E-7	2.216561E-3
1.232500E-7	2.170311E-3
1.233000E-7	2.139478E-3
1.233500E-7	2.105219E-3
1.234000E-7	2.050405E-3
1.234500E-7	1.993878E-3
1.235000E-7	1.947629E-3
1.235500E-7	1.911657E-3
1.236000E-7	1.891102E-3
1.236500E-7	1.865408E-3
1.237000E-7	1.853418E-3
1.237500E-7	1.861983E-3
1.238000E-7	1.882538E-3
1.238500E-7	1.901381E-3
1.239000E-7	1.916797E-3
1.239500E-7	1.927075E-3
1.240000E-7	1.928788E-3
1.240500E-7	1.933926E-3
1.241000E-7	1.915083E-3
1.241500E-7	1.860269E-3
1.242000E-7	1.784899E-3
1.242500E-7	1.730085E-3
1.243000E-7	1.695826E-3
1.243500E-7	1.659854E-3
1.244000E-7	1.611891E-3
1.244500E-7	1.593049E-3
1.245000E-7	1.644438E-3
1.245500E-7	1.742076E-3
1.246000E-7	1.822585E-3
1.246500E-7	1.908232E-3
1.247000E-7	2.045268E-3
1.247500E-7	2.194294E-3
1.248000E-7	2.314200E-3
1.248500E-7	2.427255E-3
1.249000E-7	2.571142E-3
1.249500E-7	2.696187E-3
1.250000E-7	2.778408E-3
1.250500E-7	2.840074E-3
1.251000E-7	2.891462E-3
1.251500E-7	2.894888E-3
1.252000E-7	2.843500E-3
1.252500E-7	2.757853E-3
1.253000E-7	2.673918E-3
1.253500E-7	2.564290E-3
1.254000E-7	2.389569E-3
1.254500E-7	2.187441E-3
1.255000E-7	2.017860E-3
1.255500E-7	1.838000E-3
1.256000E-7	1.620456E-3
1.256500E-7	1.392634E-3
1.257000E-7	1.180228E-3
1.257500E-7	9.626840E-4
1.258000E-7	7.965280E-4
1.258500E-7	7.006028E-4
1.259000E-7	6.406497E-4
1.259500E-7	6.183814E-4
1.260000E-7	6.749088E-4
1.260500E-7	7.896764E-4
1.261000E-7	9.335640E-4
1.261500E-7	1.099720E-3
1.262000E-7	1.284719E-3
1.262500E-7	1.481708E-3
1.263000E-7	1.659854E-3
1.263500E-7	1.822584E-3
1.264000E-7	1.957907E-3
1.264500E-7	2.052119E-3
1.265000E-7	2.088091E-3
1.265500E-7	2.088091E-3
1.266000E-7	2.048693E-3
1.266500E-7	1.978462E-3
1.267000E-7	1.877398E-3
1.267500E-7	1.788325E-3
1.268000E-7	1.754065E-3
1.268500E-7	1.752352E-3
1.269000E-7	1.754065E-3
1.269500E-7	1.766056E-3
1.270000E-7	1.786611E-3
1.270500E-7	1.827722E-3
1.271000E-7	1.894527E-3
1.271500E-7	1.976748E-3
1.272000E-7	2.031563E-3
1.272500E-7	2.058970E-3
1.273000E-7	2.082951E-3
1.273500E-7	2.094942E-3
1.274000E-7	2.065822E-3
1.274500E-7	2.028137E-3
1.275000E-7	1.999017E-3
1.275500E-7	1.968184E-3
1.276000E-7	1.916795E-3
1.276500E-7	1.867120E-3
1.277000E-7	1.822583E-3
1.277500E-7	1.759205E-3
1.278000E-7	1.706103E-3
1.278500E-7	1.694113E-3
1.279000E-7	1.699252E-3
1.279500E-7	1.694113E-3
1.280000E-7	1.680410E-3
1.280500E-7	1.659855E-3
1.281000E-7	1.639300E-3
1.281500E-7	1.639300E-3
1.282000E-7	1.649578E-3
1.282500E-7	1.641013E-3
1.283000E-7	1.632448E-3
1.283500E-7	1.623883E-3
1.284000E-7	1.584485E-3
1.284500E-7	1.517680E-3
1.285000E-7	1.444023E-3
1.285500E-7	1.365227E-3
1.286000E-7	1.305274E-3
1.286500E-7	1.276154E-3
1.287000E-7	1.269302E-3
1.287500E-7	1.267589E-3
1.288000E-7	1.315552E-3
1.288500E-7	1.394347E-3
1.289000E-7	1.474856E-3
1.289500E-7	1.562216E-3
1.290000E-7	1.673558E-3
1.290500E-7	1.781474E-3
1.291000E-7	1.884250E-3
1.291500E-7	1.976750E-3
1.292000E-7	2.028138E-3
1.292500E-7	2.028138E-3
1.293000E-7	2.016147E-3
1.293500E-7	1.993879E-3
1.294000E-7	1.942490E-3
1.294500E-7	1.904805E-3
1.295000E-7	1.897953E-3
1.295500E-7	1.880824E-3
1.296000E-7	1.839713E-3
1.296500E-7	1.815732E-3
1.297000E-7	1.817445E-3
1.297500E-7	1.826010E-3
1.298000E-7	1.838000E-3
1.298500E-7	1.838000E-3
1.299000E-7	1.839713E-3
1.299500E-7	1.872260E-3
1.300000E-7	1.928787E-3
1.300500E-7	1.981888E-3
1.301000E-7	2.041842E-3
1.301500E-7	2.115498E-3
1.302000E-7	2.168600E-3
1.302500E-7	2.221701E-3
1.303000E-7	2.300497E-3
1.303500E-7	2.348459E-3
1.304000E-7	2.346746E-3
1.304500E-7	2.345033E-3
1.305000E-7	2.336469E-3
1.305500E-7	2.249108E-3
1.306000E-7	2.151470E-3
1.306500E-7	2.108646E-3
1.307000E-7	2.053832E-3
1.307500E-7	1.930500E-3
1.308000E-7	1.836288E-3
1.308500E-7	1.803742E-3
1.309000E-7	1.769483E-3
1.309500E-7	1.735225E-3
1.310000E-7	1.745502E-3
1.310500E-7	1.771197E-3
1.311000E-7	1.779761E-3
1.311500E-7	1.791752E-3
1.312000E-7	1.819159E-3
1.312500E-7	1.820872E-3
1.313000E-7	1.817446E-3
1.313500E-7	1.834575E-3
1.314000E-7	1.843139E-3
1.314500E-7	1.844852E-3
1.315000E-7	1.849991E-3
1.315500E-7	1.856842E-3
1.316000E-7	1.860268E-3
1.316500E-7	1.870546E-3
1.317000E-7	1.865407E-3
1.317500E-7	1.838000E-3
1.318000E-7	1.827722E-3
1.318500E-7	1.849990E-3
1.319000E-7	1.884249E-3
1.319500E-7	1.904804E-3
1.320000E-7	1.923647E-3
1.320500E-7	1.952767E-3
1.321000E-7	1.966471E-3
1.321500E-7	1.959619E-3
1.322000E-7	1.923648E-3
1.322500E-7	1.880824E-3
1.323000E-7	1.846565E-3
1.323500E-7	1.803742E-3
1.324000E-7	1.740363E-3
1.324500E-7	1.697539E-3
1.325000E-7	1.690688E-3
1.325500E-7	1.682123E-3
1.326000E-7	1.658142E-3
1.326500E-7	1.649577E-3
1.327000E-7	1.675271E-3
1.327500E-7	1.709530E-3
1.328000E-7	1.738649E-3
1.328500E-7	1.762631E-3
1.329000E-7	1.790038E-3
1.329500E-7	1.865407E-3
1.330000E-7	1.976749E-3
1.330500E-7	2.077813E-3
1.331000E-7	2.165173E-3
1.331500E-7	2.274802E-3
1.332000E-7	2.387856E-3
1.332500E-7	2.463226E-3
1.333000E-7	2.524892E-3
1.333500E-7	2.574568E-3
1.334000E-7	2.547160E-3
1.334500E-7	2.422115E-3
1.335000E-7	2.247395E-3
1.335500E-7	2.041841E-3
1.336000E-7	1.796890E-3
1.336500E-7	1.546799E-3
1.337000E-7	1.315551E-3
1.337500E-7	1.091155E-3
1.338000E-7	8.941665E-4
1.338500E-7	7.708343E-4
1.339000E-7	7.228718E-4
1.339500E-7	7.417143E-4
1.340000E-7	8.153710E-4
1.340500E-7	9.489810E-4
1.341000E-7	1.149396E-3
1.341500E-7	1.409764E-3
1.342000E-7	1.653002E-3
1.342500E-7	1.824297E-3
1.343000E-7	1.961333E-3
1.343500E-7	2.067535E-3
1.344000E-7	2.098368E-3
1.344500E-7	2.079526E-3
1.345000E-7	2.060683E-3
1.345500E-7	2.004156E-3
1.346000E-7	1.875685E-3
1.346500E-7	1.743788E-3
1.347000E-7	1.659853E-3
1.347500E-7	1.613604E-3
1.348000E-7	1.599900E-3
1.348500E-7	1.649576E-3
1.349000E-7	1.759205E-3
1.349500E-7	1.882537E-3
1.350000E-7	2.004156E-3
1.350500E-7	2.117211E-3
1.351000E-7	2.211423E-3
1.351500E-7	2.269663E-3
1.352000E-7	2.300496E-3
1.352500E-7	2.297070E-3
1.353000E-7	2.247395E-3
1.353500E-7	2.163460E-3
1.354000E-7	2.064109E-3
1.354500E-7	1.963046E-3
1.355000E-7	1.887676E-3
1.355500E-7	1.848278E-3
1.356000E-7	1.815732E-3
1.356500E-7	1.791751E-3
1.357000E-7	1.793464E-3
1.357500E-7	1.808881E-3
1.358000E-7	1.817445E-3
1.358500E-7	1.851704E-3
1.359000E-7	1.897954E-3
1.359500E-7	1.920222E-3
1.360000E-7	1.906519E-3
1.360500E-7	1.892815E-3
1.361000E-7	1.877399E-3
1.361500E-7	1.838001E-3
1.362000E-7	1.757493E-3
1.362500E-7	1.649577E-3
1.363000E-7	1.550226E-3
1.363500E-7	1.483421E-3
1.364000E-7	1.432033E-3
1.364500E-7	1.385783E-3
1.365000E-7	1.351524E-3
1.365500E-7	1.356663E-3
1.366000E-7	1.380644E-3
1.366500E-7	1.430319E-3
1.367000E-7	1.507402E-3
1.367500E-7	1.596475E-3
1.368000E-7	1.702678E-3
1.368500E-7	1.815732E-3
1.369000E-7	1.899667E-3
1.369500E-7	1.925361E-3
1.370000E-7	1.909945E-3
1.370500E-7	1.872260E-3
1.371000E-7	1.814020E-3
1.371500E-7	1.724946E-3
1.372000E-7	1.630734E-3
1.372500E-7	1.550226E-3
1.373000E-7	1.474856E-3
1.373500E-7	1.418328E-3
1.374000E-7	1.406338E-3
1.374500E-7	1.459439E-3
1.375000E-7	1.548512E-3
1.375500E-7	1.678696E-3
1.376000E-7	1.843139E-3
1.376500E-7	2.034989E-3
1.377000E-7	2.218275E-3
1.377500E-7	2.357024E-3
1.378000E-7	2.437532E-3
1.378500E-7	2.473504E-3
1.379000E-7	2.487208E-3
1.379500E-7	2.476930E-3
1.380000E-7	2.416977E-3
1.380500E-7	2.309062E-3
1.381000E-7	2.180590E-3
1.381500E-7	2.070962E-3
1.382000E-7	1.987027E-3
1.382500E-7	1.908231E-3
1.383000E-7	1.834574E-3
1.383500E-7	1.802028E-3
1.384000E-7	1.802028E-3
1.384500E-7	1.824296E-3
1.385000E-7	1.870546E-3
1.385500E-7	1.949341E-3
1.386000E-7	2.043553E-3
1.386500E-7	2.148043E-3
1.387000E-7	2.237117E-3
1.387500E-7	2.300496E-3
1.388000E-7	2.322764E-3
1.388500E-7	2.317625E-3
1.389000E-7	2.276515E-3
1.389500E-7	2.189154E-3
1.390000E-7	2.081239E-3
1.390500E-7	1.959620E-3
1.391000E-7	1.836287E-3
1.391500E-7	1.723233E-3
1.392000E-7	1.639299E-3
1.392500E-7	1.591336E-3
1.393000E-7	1.575920E-3
1.393500E-7	1.565642E-3
1.394000E-7	1.579346E-3
1.394500E-7	1.641012E-3
1.395000E-7	1.731798E-3
1.395500E-7	1.815733E-3
1.396000E-7	1.885963E-3
1.396500E-7	1.959620E-3
1.397000E-7	2.012721E-3
1.397500E-7	2.036702E-3
1.398000E-7	2.041841E-3
1.398500E-7	2.036702E-3
1.399000E-7	2.028137E-3
1.399500E-7	2.026424E-3
1.400000E-7	2.033276E-3
1.400500E-7	2.022999E-3
1.401000E-7	1.980175E-3
1.401500E-7	1.944203E-3
1.402000E-7	1.935638E-3
1.402500E-7	1.928786E-3
1.403000E-7	1.920222E-3
1.403500E-7	1.947629E-3
1.404000E-7	1.995592E-3
1.404500E-7	2.016147E-3
1.405000E-7	2.022999E-3
1.405500E-7	2.038416E-3
1.406000E-7	2.033277E-3
1.406500E-7	1.987028E-3
1.407000E-7	1.916797E-3
1.407500E-7	1.829437E-3
1.408000E-7	1.736938E-3
1.408500E-7	1.676985E-3
1.409000E-7	1.641013E-3
1.409500E-7	1.620458E-3
1.410000E-7	1.637587E-3
1.410500E-7	1.709530E-3
1.411000E-7	1.831149E-3
1.411500E-7	1.997305E-3
1.412000E-7	2.204571E-3
1.412500E-7	2.403273E-3
1.413000E-7	2.560864E-3
1.413500E-7	2.682483E-3
1.414000E-7	2.730445E-3
1.414500E-7	2.703039E-3
1.415000E-7	2.627669E-3
1.415500E-7	2.502624E-3
1.416000E-7	2.293645E-3
1.416500E-7	2.062397E-3
1.417000E-7	1.875686E-3
1.417500E-7	1.745503E-3
1.418000E-7	1.671846E-3
1.418500E-7	1.668420E-3
1.419000E-7	1.724947E-3
1.419500E-7	1.827723E-3
1.420000E-7	1.973324E-3
1.420500E-7	2.153183E-3
1.421000E-7	2.324477E-3
1.421500E-7	2.468365E-3
1.422000E-7	2.572855E-3
1.422500E-7	2.612252E-3
1.423000E-7	2.566003E-3
1.423500E-7	2.442671E-3
1.424000E-7	2.262811E-3
1.424500E-7	2.055545E-3
1.425000E-7	1.870547E-3
1.425500E-7	1.700965E-3
1.426000E-7	1.546800E-3
1.426500E-7	1.421755E-3
1.427000E-7	1.320691E-3
1.427500E-7	1.243608E-3
1.428000E-7	1.224766E-3
1.428500E-7	1.271015E-3
1.429000E-7	1.303561E-3
1.429500E-7	1.317265E-3
1.430000E-7	1.356662E-3
1.430500E-7	1.423467E-3
1.431000E-7	1.459439E-3
1.431500E-7	1.495411E-3
1.432000E-7	1.575919E-3
1.432500E-7	1.673557E-3
1.433000E-7	1.743788E-3
1.433500E-7	1.776334E-3
1.434000E-7	1.764343E-3
1.434500E-7	1.711242E-3
1.435000E-7	1.642724E-3
1.435500E-7	1.545086E-3
1.436000E-7	1.416615E-3
1.436500E-7	1.305274E-3
1.437000E-7	1.240182E-3
1.437500E-7	1.188793E-3
1.438000E-7	1.166525E-3
1.438500E-7	1.212774E-3
1.439000E-7	1.315551E-3
1.439500E-7	1.454300E-3
1.440000E-7	1.623881E-3
1.440500E-7	1.800315E-3
1.441000E-7	1.949341E-3
1.441500E-7	2.069247E-3
1.442000E-7	2.148043E-3
1.442500E-7	2.175450E-3
1.443000E-7	2.165173E-3
1.443500E-7	2.105220E-3
1.444000E-7	2.000731E-3
1.444500E-7	1.906519E-3
1.445000E-7	1.836288E-3
1.445500E-7	1.771196E-3
1.446000E-7	1.735225E-3
1.446500E-7	1.766058E-3
1.447000E-7	1.832863E-3
1.447500E-7	1.901380E-3
1.448000E-7	1.973324E-3
1.448500E-7	2.029851E-3
1.449000E-7	2.058971E-3
1.449500E-7	2.077813E-3
1.450000E-7	2.072674E-3
1.450500E-7	2.007582E-3
1.451000E-7	1.904805E-3
1.451500E-7	1.819157E-3
1.452000E-7	1.748926E-3
1.452500E-7	1.678696E-3
1.453000E-7	1.623882E-3
1.453500E-7	1.611891E-3
1.454000E-7	1.647863E-3
1.454500E-7	1.723233E-3
1.455000E-7	1.829436E-3
1.455500E-7	1.942491E-3
1.456000E-7	2.043555E-3
1.456500E-7	2.127489E-3
1.457000E-7	2.189155E-3
1.457500E-7	2.206285E-3
1.458000E-7	2.206285E-3
1.458500E-7	2.219988E-3
1.459000E-7	2.218275E-3
1.459500E-7	2.170312E-3
1.460000E-7	2.136053E-3
1.460500E-7	2.122349E-3
1.461000E-7	2.101794E-3
1.461500E-7	2.093229E-3
1.462000E-7	2.129201E-3
1.462500E-7	2.180589E-3
1.463000E-7	2.235404E-3
1.463500E-7	2.315912E-3
1.464000E-7	2.386143E-3
1.464500E-7	2.411838E-3
1.465000E-7	2.447810E-3
1.465500E-7	2.507763E-3
1.466000E-7	2.512902E-3
1.466500E-7	2.475217E-3
1.467000E-7	2.466652E-3
1.467500E-7	2.447810E-3
1.468000E-7	2.353598E-3
1.468500E-7	2.245682E-3
1.469000E-7	2.190868E-3
1.469500E-7	2.154896E-3
1.470000E-7	2.105221E-3
1.470500E-7	2.065823E-3
1.471000E-7	2.021286E-3
1.471500E-7	1.973323E-3
1.472000E-7	1.939064E-3
1.472500E-7	1.913370E-3
1.473000E-7	1.889388E-3
1.473500E-7	1.882536E-3
1.474000E-7	1.873972E-3
1.474500E-7	1.851703E-3
1.475000E-7	1.843139E-3
1.475500E-7	1.851704E-3
1.476000E-7	1.817445E-3
1.476500E-7	1.762631E-3
1.477000E-7	1.743789E-3
1.477500E-7	1.747215E-3
1.478000E-7	1.724947E-3
1.478500E-7	1.690688E-3
1.479000E-7	1.687263E-3
1.479500E-7	1.685549E-3
1.480000E-7	1.694114E-3
1.480500E-7	1.730086E-3
1.481000E-7	1.788326E-3
1.481500E-7	1.848278E-3
1.482000E-7	1.903093E-3
1.482500E-7	1.964758E-3
1.483000E-7	2.038415E-3
1.483500E-7	2.112072E-3
1.484000E-7	2.154895E-3
1.484500E-7	2.177163E-3
1.485000E-7	2.201145E-3
1.485500E-7	2.207996E-3
1.486000E-7	2.168599E-3
1.486500E-7	2.113784E-3
1.487000E-7	2.100081E-3
1.487500E-7	2.105220E-3
1.488000E-7	2.096655E-3
1.488500E-7	2.089803E-3
1.489000E-7	2.112072E-3
1.489500E-7	2.168599E-3
1.490000E-7	2.243969E-3
1.490500E-7	2.338181E-3
1.491000E-7	2.434106E-3
1.491500E-7	2.526606E-3
1.492000E-7	2.576281E-3
1.492500E-7	2.567716E-3
1.493000E-7	2.535170E-3
1.493500E-7	2.478643E-3
1.494000E-7	2.351885E-3
1.494500E-7	2.160035E-3
1.495000E-7	1.973323E-3
1.495500E-7	1.796890E-3
1.496000E-7	1.589623E-3
1.496500E-7	1.389209E-3
1.497000E-7	1.264164E-3
1.497500E-7	1.197359E-3
1.498000E-7	1.163100E-3
1.498500E-7	1.202498E-3
1.499000E-7	1.332682E-3
1.499500E-7	1.502263E-3
1.500000E-7	1.675271E-3
1.500500E-7	1.870547E-3
1.501000E-7	2.064110E-3
1.501500E-7	2.204571E-3
1.502000E-7	2.252534E-3
1.502500E-7	2.230265E-3
1.503000E-7	2.170312E-3
1.503500E-7	2.072674E-3
1.504000E-7	1.940777E-3
1.504500E-7	1.810593E-3
1.505000E-7	1.709529E-3
1.505500E-7	1.651289E-3
1.506000E-7	1.627308E-3
1.506500E-7	1.647864E-3
1.507000E-7	1.735224E-3
1.507500E-7	1.877399E-3
1.508000E-7	2.021286E-3
1.508500E-7	2.118924E-3
1.509000E-7	2.178877E-3
1.509500E-7	2.196007E-3
1.510000E-7	2.146331E-3
1.510500E-7	2.036702E-3
1.511000E-7	1.928786E-3
1.511500E-7	1.817445E-3
1.512000E-7	1.666705E-3
1.512500E-7	1.526244E-3
1.513000E-7	1.456013E-3
1.513500E-7	1.428606E-3
1.514000E-7	1.447448E-3
1.514500E-7	1.529670E-3
1.515000E-7	1.639299E-3
1.515500E-7	1.743789E-3
1.516000E-7	1.855131E-3
1.516500E-7	1.968185E-3
1.517000E-7	2.028139E-3
1.517500E-7	2.050407E-3
1.518000E-7	2.069249E-3
1.518500E-7	2.070962E-3
1.519000E-7	2.052120E-3
1.519500E-7	2.026425E-3
1.520000E-7	2.007583E-3
1.520500E-7	2.002444E-3
1.521000E-7	2.004156E-3
1.521500E-7	2.014434E-3
1.522000E-7	2.060683E-3
1.522500E-7	2.161747E-3
1.523000E-7	2.290218E-3
1.523500E-7	2.394708E-3
1.524000E-7	2.499198E-3
1.524500E-7	2.600262E-3
1.525000E-7	2.656789E-3
1.525500E-7	2.649937E-3
1.526000E-7	2.625956E-3
1.526500E-7	2.566003E-3
1.527000E-7	2.461513E-3
1.527500E-7	2.348459E-3
1.528000E-7	2.238831E-3
1.528500E-7	2.105221E-3
1.529000E-7	1.981889E-3
1.529500E-7	1.923648E-3
1.530000E-7	1.884251E-3
1.530500E-7	1.861982E-3
1.531000E-7	1.894528E-3
1.531500E-7	1.961333E-3
1.532000E-7	1.990453E-3
1.532500E-7	2.016147E-3
1.533000E-7	2.058971E-3
1.533500E-7	2.086378E-3
1.534000E-7	2.076100E-3
1.534500E-7	2.041841E-3
1.535000E-7	1.999017E-3
1.535500E-7	1.975036E-3
1.536000E-7	1.969897E-3
1.536500E-7	1.956194E-3
1.537000E-7	1.942490E-3
1.537500E-7	1.961333E-3
1.538000E-7	1.992166E-3
1.538500E-7	2.021286E-3
1.539000E-7	2.086378E-3
1.539500E-7	2.180590E-3
1.540000E-7	2.259386E-3
1.540500E-7	2.339895E-3
1.541000E-7	2.432394E-3
1.541500E-7	2.514615E-3
1.542000E-7	2.577994E-3
1.542500E-7	2.615679E-3
1.543000E-7	2.595124E-3
1.543500E-7	2.511189E-3
1.544000E-7	2.394709E-3
1.544500E-7	2.266238E-3
1.545000E-7	2.098369E-3
1.545500E-7	1.903093E-3
1.546000E-7	1.730085E-3
1.546500E-7	1.574207E-3
1.547000E-7	1.438884E-3
1.547500E-7	1.348098E-3
1.548000E-7	1.313839E-3
1.548500E-7	1.342959E-3
1.549000E-7	1.435458E-3
1.549500E-7	1.555365E-3
1.550000E-7	1.664993E-3
1.550500E-7	1.767770E-3
1.551000E-7	1.879111E-3
1.551500E-7	1.963046E-3
1.552000E-7	1.999018E-3
1.552500E-7	1.983601E-3
1.553000E-7	1.935639E-3
1.553500E-7	1.860269E-3
1.554000E-7	1.781474E-3
1.554500E-7	1.699252E-3
1.555000E-7	1.642725E-3
1.555500E-7	1.630734E-3
1.556000E-7	1.651290E-3
1.556500E-7	1.678697E-3
1.557000E-7	1.752353E-3
1.557500E-7	1.877398E-3
1.558000E-7	2.007582E-3
1.558500E-7	2.113785E-3
1.559000E-7	2.214848E-3
1.559500E-7	2.274801E-3
1.560000E-7	2.262811E-3
1.560500E-7	2.219987E-3
1.561000E-7	2.148043E-3
1.561500E-7	2.021285E-3
1.562000E-7	1.851704E-3
1.562500E-7	1.704390E-3
1.563000E-7	1.594762E-3
1.563500E-7	1.497124E-3
1.564000E-7	1.413190E-3
1.564500E-7	1.358375E-3
1.565000E-7	1.339533E-3
1.565500E-7	1.380644E-3
1.566000E-7	1.483420E-3
1.566500E-7	1.634160E-3
1.567000E-7	1.795176E-3
1.567500E-7	1.940777E-3
1.568000E-7	2.064109E-3
1.568500E-7	2.170312E-3
1.569000E-7	2.221700E-3
1.569500E-7	2.206284E-3
1.570000E-7	2.154895E-3
1.570500E-7	2.100081E-3
1.571000E-7	2.019573E-3
1.571500E-7	1.899667E-3
1.572000E-7	1.781473E-3
1.572500E-7	1.680410E-3
1.573000E-7	1.599901E-3
1.573500E-7	1.531383E-3
1.574000E-7	1.466291E-3
1.574500E-7	1.399486E-3
1.575000E-7	1.344672E-3
1.575500E-7	1.342959E-3
1.576000E-7	1.370366E-3
1.576500E-7	1.397773E-3
1.577000E-7	1.435457E-3
1.577500E-7	1.478281E-3
1.578000E-7	1.514253E-3
1.578500E-7	1.539947E-3
1.579000E-7	1.563928E-3
1.579500E-7	1.599900E-3
1.580000E-7	1.649576E-3
1.580500E-7	1.709529E-3
1.581000E-7	1.760918E-3
1.581500E-7	1.784899E-3
1.582000E-7	1.812306E-3
1.582500E-7	1.848278E-3
1.583000E-7	1.868833E-3
1.583500E-7	1.858555E-3
1.584000E-7	1.856842E-3
1.584500E-7	1.873972E-3
1.585000E-7	1.863694E-3
1.585500E-7	1.812305E-3
1.586000E-7	1.772907E-3
1.586500E-7	1.740361E-3
1.587000E-7	1.671843E-3
1.587500E-7	1.553650E-3
1.588000E-7	1.442309E-3
1.588500E-7	1.368652E-3
1.589000E-7	1.267589E-3
1.589500E-7	1.108285E-3
1.590000E-7	9.678237E-4
1.590500E-7	9.181484E-4
1.591000E-7	9.335650E-4
1.591500E-7	9.815276E-4
1.592000E-7	1.072314E-3
1.592500E-7	1.223053E-3
1.593000E-7	1.409764E-3
1.593500E-7	1.613605E-3
1.594000E-7	1.807168E-3
1.594500E-7	1.981888E-3
1.595000E-7	2.154896E-3
1.595500E-7	2.312487E-3
1.596000E-7	2.403273E-3
1.596500E-7	2.420403E-3
1.597000E-7	2.394709E-3
1.597500E-7	2.309061E-3
1.598000E-7	2.149757E-3
1.598500E-7	1.964759E-3
1.599000E-7	1.819158E-3
1.599500E-7	1.711242E-3
1.600000E-7	1.603326E-3
1.600500E-7	1.510827E-3
1.601000E-7	1.461152E-3
1.601500E-7	1.449161E-3
1.602000E-7	1.430319E-3
1.602500E-7	1.423467E-3
1.603000E-7	1.449161E-3
1.603500E-7	1.486846E-3
1.604000E-7	1.505689E-3
1.604500E-7	1.533096E-3
1.605000E-7	1.593050E-3
1.605500E-7	1.671845E-3
1.606000E-7	1.745502E-3
1.606500E-7	1.817446E-3
1.607000E-7	1.906519E-3
1.607500E-7	2.014434E-3
1.608000E-7	2.132628E-3
1.608500E-7	2.261098E-3
1.609000E-7	2.415264E-3
1.609500E-7	2.584845E-3
1.610000E-7	2.727020E-3
1.610500E-7	2.826371E-3
1.611000E-7	2.877759E-3
1.611500E-7	2.862342E-3
1.612000E-7	2.798964E-3
1.612500E-7	2.699613E-3
1.613000E-7	2.547161E-3
1.613500E-7	2.351885E-3
1.614000E-7	2.154896E-3
1.614500E-7	1.978462E-3
1.615000E-7	1.815732E-3
1.615500E-7	1.694113E-3
1.616000E-7	1.610179E-3
1.616500E-7	1.553651E-3
1.617000E-7	1.526244E-3
1.617500E-7	1.526244E-3
1.618000E-7	1.526244E-3
1.618500E-7	1.533096E-3
1.619000E-7	1.565642E-3
1.619500E-7	1.586198E-3
1.620000E-7	1.574207E-3
1.620500E-7	1.570781E-3
1.621000E-7	1.596476E-3
1.621500E-7	1.639300E-3
1.622000E-7	1.682123E-3
1.622500E-7	1.743789E-3
1.623000E-7	1.812307E-3
1.623500E-7	1.892816E-3
1.624000E-7	1.969898E-3
1.624500E-7	2.031564E-3
1.625000E-7	2.060684E-3
1.625500E-7	2.055545E-3
1.626000E-7	2.009295E-3
1.626500E-7	1.916796E-3
1.627000E-7	1.812306E-3
1.627500E-7	1.700964E-3
1.628000E-7	1.579345E-3
1.628500E-7	1.469716E-3
1.629000E-7	1.392634E-3
1.629500E-7	1.330967E-3
1.630000E-7	1.250459E-3
1.630500E-7	1.207636E-3
1.631000E-7	1.250459E-3
1.631500E-7	1.327542E-3
1.632000E-7	1.385783E-3
1.632500E-7	1.473143E-3
1.633000E-7	1.623882E-3
1.633500E-7	1.788325E-3
1.634000E-7	1.916796E-3
1.634500E-7	2.021286E-3
1.635000E-7	2.141192E-3
1.635500E-7	2.252533E-3
1.636000E-7	2.314200E-3
1.636500E-7	2.353597E-3
1.637000E-7	2.404986E-3
1.637500E-7	2.428967E-3
1.638000E-7	2.384430E-3
1.638500E-7	2.305635E-3
1.639000E-7	2.230265E-3
1.639500E-7	2.149757E-3
1.640000E-7	2.062396E-3
1.640500E-7	2.002443E-3
1.641000E-7	1.976749E-3
1.641500E-7	1.963046E-3
1.642000E-7	2.004156E-3
1.642500E-7	2.106933E-3
1.643000E-7	2.202858E-3
1.643500E-7	2.252534E-3
1.644000E-7	2.267950E-3
1.644500E-7	2.259385E-3
1.645000E-7	2.219988E-3
1.645500E-7	2.146331E-3
1.646000E-7	2.016147E-3
1.646500E-7	1.851704E-3
1.647000E-7	1.694113E-3
1.647500E-7	1.548512E-3
1.648000E-7	1.409764E-3
1.648500E-7	1.317264E-3
1.649000E-7	1.281292E-3
1.649500E-7	1.288144E-3
1.650000E-7	1.342959E-3
1.650500E-7	1.440597E-3
1.651000E-7	1.534809E-3
1.651500E-7	1.608466E-3
1.652000E-7	1.682122E-3
1.652500E-7	1.733511E-3
1.653000E-7	1.726659E-3
1.653500E-7	1.675271E-3
1.654000E-7	1.618743E-3
1.654500E-7	1.539948E-3
1.655000E-7	1.456014E-3
1.655500E-7	1.390922E-3
1.656000E-7	1.341246E-3
1.656500E-7	1.305274E-3
1.657000E-7	1.330969E-3
1.657500E-7	1.426894E-3
1.658000E-7	1.553652E-3
1.658500E-7	1.687261E-3
1.659000E-7	1.838001E-3
1.659500E-7	1.993879E-3
1.660000E-7	2.124063E-3
1.660500E-7	2.194293E-3
1.661000E-7	2.219988E-3
1.661500E-7	2.202858E-3
1.662000E-7	2.146331E-3
1.662500E-7	2.065822E-3
1.663000E-7	1.999018E-3
1.663500E-7	1.921935E-3
1.664000E-7	1.820871E-3
1.664500E-7	1.766057E-3
1.665000E-7	1.788326E-3
1.665500E-7	1.812307E-3
1.666000E-7	1.790039E-3
1.666500E-7	1.791752E-3
1.667000E-7	1.858556E-3
1.667500E-7	1.923648E-3
1.668000E-7	1.959620E-3
1.668500E-7	2.007583E-3
1.669000E-7	2.052119E-3
1.669500E-7	2.040128E-3
1.670000E-7	1.980175E-3
1.670500E-7	1.909944E-3
1.671000E-7	1.826009E-3
1.671500E-7	1.742075E-3
1.672000E-7	1.688974E-3
1.672500E-7	1.659853E-3
1.673000E-7	1.646150E-3
1.673500E-7	1.653002E-3
1.674000E-7	1.676983E-3
1.674500E-7	1.714668E-3
1.675000E-7	1.784899E-3
1.675500E-7	1.867121E-3
1.676000E-7	1.920222E-3
1.676500E-7	1.961333E-3
1.677000E-7	2.002444E-3
1.677500E-7	2.009296E-3
1.678000E-7	1.963046E-3
1.678500E-7	1.904806E-3
1.679000E-7	1.832862E-3
1.679500E-7	1.718095E-3
1.680000E-7	1.591337E-3
1.680500E-7	1.469717E-3
1.681000E-7	1.363515E-3
1.681500E-7	1.284719E-3
1.682000E-7	1.255599E-3
1.682500E-7	1.277867E-3
1.683000E-7	1.334394E-3
1.683500E-7	1.421754E-3
1.684000E-7	1.534809E-3
1.684500E-7	1.668419E-3
1.685000E-7	1.819158E-3
1.685500E-7	1.959620E-3
1.686000E-7	2.069249E-3
1.686500E-7	2.141192E-3
1.687000E-7	2.185729E-3
1.687500E-7	2.189155E-3
1.688000E-7	2.142905E-3
1.688500E-7	2.058971E-3
1.689000E-7	1.963046E-3
1.689500E-7	1.868833E-3
1.690000E-7	1.755779E-3
1.690500E-7	1.641011E-3
1.691000E-7	1.550224E-3
1.691500E-7	1.479994E-3
1.692000E-7	1.390920E-3
1.692500E-7	1.329254E-3
1.693000E-7	1.318976E-3
1.693500E-7	1.315551E-3
1.694000E-7	1.296708E-3
1.694500E-7	1.324116E-3
1.695000E-7	1.401199E-3
1.695500E-7	1.498837E-3
1.696000E-7	1.610179E-3
1.696500E-7	1.735224E-3
1.697000E-7	1.848278E-3
1.697500E-7	1.947629E-3
1.698000E-7	2.028138E-3
1.698500E-7	2.086378E-3
1.699000E-7	2.132628E-3
1.699500E-7	2.153183E-3
1.700000E-7	2.134341E-3
1.700500E-7	2.076101E-3
1.701000E-7	2.007583E-3
1.701500E-7	1.909945E-3
1.702000E-7	1.796891E-3
1.702500E-7	1.694114E-3
1.703000E-7	1.601615E-3
1.703500E-7	1.503977E-3
1.704000E-7	1.425181E-3
1.704500E-7	1.385784E-3
1.705000E-7	1.385783E-3
1.705500E-7	1.389209E-3
1.706000E-7	1.414903E-3
1.706500E-7	1.486847E-3
1.707000E-7	1.599901E-3
1.707500E-7	1.735224E-3
1.708000E-7	1.899667E-3
1.708500E-7	2.086378E-3
1.709000E-7	2.264524E-3
1.709500E-7	2.410125E-3
1.710000E-7	2.535170E-3
1.710500E-7	2.610539E-3
1.711000E-7	2.593410E-3
1.711500E-7	2.504337E-3
1.712000E-7	2.396421E-3
1.712500E-7	2.269663E-3
1.713000E-7	2.112072E-3
1.713500E-7	1.957906E-3
1.714000E-7	1.824296E-3
1.714500E-7	1.726658E-3
1.715000E-7	1.688974E-3
1.715500E-7	1.714668E-3
1.716000E-7	1.760918E-3
1.716500E-7	1.832861E-3
1.717000E-7	1.937351E-3
1.717500E-7	2.040128E-3
1.718000E-7	2.103507E-3
1.718500E-7	2.115498E-3
1.719000E-7	2.098368E-3
1.719500E-7	2.053831E-3
1.720000E-7	1.983601E-3
1.720500E-7	1.877398E-3
1.721000E-7	1.754066E-3
1.721500E-7	1.651289E-3
1.722000E-7	1.594762E-3
1.722500E-7	1.572493E-3
1.723000E-7	1.574206E-3
1.723500E-7	1.608466E-3
1.724000E-7	1.683835E-3
1.724500E-7	1.784899E-3
1.725000E-7	1.897954E-3
1.725500E-7	1.976750E-3
1.726000E-7	2.022999E-3
1.726500E-7	2.072675E-3
1.727000E-7	2.142905E-3
1.727500E-7	2.196006E-3
1.728000E-7	2.223413E-3
1.728500E-7	2.243969E-3
1.729000E-7	2.254246E-3
1.729500E-7	2.249107E-3
1.730000E-7	2.259385E-3
1.730500E-7	2.293644E-3
1.731000E-7	2.324477E-3
1.731500E-7	2.333042E-3
1.732000E-7	2.343320E-3
1.732500E-7	2.370727E-3
1.733000E-7	2.389570E-3
1.733500E-7	2.370727E-3
1.734000E-7	2.305635E-3
1.734500E-7	2.231979E-3
1.735000E-7	2.177164E-3
1.735500E-7	2.120637E-3
1.736000E-7	2.038415E-3
1.736500E-7	1.957906E-3
1.737000E-7	1.906518E-3
1.737500E-7	1.856842E-3
1.738000E-7	1.793463E-3
1.738500E-7	1.759204E-3
1.739000E-7	1.776334E-3
1.739500E-7	1.812306E-3
1.740000E-7	1.817445E-3
1.740500E-7	1.802028E-3
1.741000E-7	1.795176E-3
1.741500E-7	1.784899E-3
1.742000E-7	1.733511E-3
1.742500E-7	1.661567E-3
1.743000E-7	1.610179E-3
1.743500E-7	1.551939E-3
1.744000E-7	1.462865E-3
1.744500E-7	1.409764E-3
1.745000E-7	1.411477E-3
1.745500E-7	1.411477E-3
1.746000E-7	1.377218E-3
1.746500E-7	1.370366E-3
1.747000E-7	1.408051E-3
1.747500E-7	1.440597E-3
1.748000E-7	1.433745E-3
1.748500E-7	1.406338E-3
1.749000E-7	1.372079E-3
1.749500E-7	1.351523E-3
1.750000E-7	1.336106E-3
1.750500E-7	1.318977E-3
1.751000E-7	1.320690E-3
1.751500E-7	1.358374E-3
1.752000E-7	1.378930E-3
1.752500E-7	1.370365E-3
1.753000E-7	1.373790E-3
1.753500E-7	1.389207E-3
1.754000E-7	1.372077E-3
1.754500E-7	1.353235E-3
1.755000E-7	1.349809E-3
1.755500E-7	1.305272E-3
1.756000E-7	1.217912E-3
1.756500E-7	1.157959E-3
1.757000E-7	1.111709E-3
1.757500E-7	1.034627E-3
1.758000E-7	9.763866E-4
1.758500E-7	1.005507E-3
1.759000E-7	1.111710E-3
1.759500E-7	1.259023E-3
1.760000E-7	1.459438E-3
1.760500E-7	1.704390E-3
1.761000E-7	1.961332E-3
1.761500E-7	2.218274E-3
1.762000E-7	2.459800E-3
1.762500E-7	2.643086E-3
1.763000E-7	2.756140E-3
1.763500E-7	2.810955E-3
1.764000E-7	2.771557E-3
1.764500E-7	2.643086E-3
1.765000E-7	2.475217E-3
1.765500E-7	2.291932E-3
1.766000E-7	2.076100E-3
1.766500E-7	1.858556E-3
1.767000E-7	1.683836E-3
1.767500E-7	1.570781E-3
1.768000E-7	1.502263E-3
1.768500E-7	1.485134E-3
1.769000E-7	1.533096E-3
1.769500E-7	1.635873E-3
1.770000E-7	1.750640E-3
1.770500E-7	1.853417E-3
1.771000E-7	1.959620E-3
1.771500E-7	2.053832E-3
1.772000E-7	2.082952E-3
1.772500E-7	2.053832E-3
1.773000E-7	1.992166E-3
1.773500E-7	1.906518E-3
1.774000E-7	1.764344E-3
1.774500E-7	1.608466E-3
1.775000E-7	1.491985E-3
1.775500E-7	1.397773E-3
1.776000E-7	1.303561E-3
1.776500E-7	1.259024E-3
1.777000E-7	1.310413E-3
1.777500E-7	1.409764E-3
1.778000E-7	1.524531E-3
1.778500E-7	1.670132E-3
1.779000E-7	1.849991E-3
1.779500E-7	2.004156E-3
1.780000E-7	2.127488E-3
1.780500E-7	2.240543E-3
1.781000E-7	2.319338E-3
1.781500E-7	2.346745E-3
1.782000E-7	2.339893E-3
1.782500E-7	2.319338E-3
1.783000E-7	2.273089E-3
1.783500E-7	2.211422E-3
1.784000E-7	2.134340E-3
1.784500E-7	2.043554E-3
1.785000E-7	1.959619E-3
1.785500E-7	1.882537E-3
1.786000E-7	1.805454E-3
1.786500E-7	1.745501E-3
1.787000E-7	1.733510E-3
1.787500E-7	1.742075E-3
1.788000E-7	1.728371E-3
1.788500E-7	1.712955E-3
1.789000E-7	1.709529E-3
1.789500E-7	1.707816E-3
1.790000E-7	1.690687E-3
1.790500E-7	1.656428E-3
1.791000E-7	1.634159E-3
1.791500E-7	1.625595E-3
1.792000E-7	1.630733E-3
1.792500E-7	1.654715E-3
1.793000E-7	1.702677E-3
1.793500E-7	1.733510E-3
1.794000E-7	1.735223E-3
1.794500E-7	1.778047E-3
1.795000E-7	1.868833E-3
1.795500E-7	1.957906E-3
1.796000E-7	2.004156E-3
1.796500E-7	2.019573E-3
1.797000E-7	2.026425E-3
1.797500E-7	2.031564E-3
1.798000E-7	2.005870E-3
1.798500E-7	1.932213E-3
1.799000E-7	1.846566E-3
1.799500E-7	1.786613E-3
1.800000E-7	1.716382E-3
1.800500E-7	1.629022E-3
1.801000E-7	1.599902E-3
1.801500E-7	1.649577E-3
1.802000E-7	1.718095E-3
1.802500E-7	1.802029E-3
1.803000E-7	1.928787E-3
1.803500E-7	2.060684E-3
1.804000E-7	2.141192E-3
1.804500E-7	2.189154E-3
1.805000E-7	2.213136E-3
1.805500E-7	2.206284E-3
1.806000E-7	2.158322E-3
1.806500E-7	2.088091E-3
1.807000E-7	2.029851E-3
1.807500E-7	1.987027E-3
1.808000E-7	1.963046E-3
1.808500E-7	1.954481E-3
1.809000E-7	1.952768E-3
1.809500E-7	1.964759E-3
1.810000E-7	2.012721E-3
1.810500E-7	2.101794E-3
1.811000E-7	2.192581E-3
1.811500E-7	2.274802E-3
1.812000E-7	2.346745E-3
1.812500E-7	2.389569E-3
1.813000E-7	2.403272E-3
1.813500E-7	2.392995E-3
1.814000E-7	2.346745E-3
1.814500E-7	2.286792E-3
1.815000E-7	2.261097E-3
1.815500E-7	2.226838E-3
1.816000E-7	2.136052E-3
1.816500E-7	2.050405E-3
1.817000E-7	2.012720E-3
1.817500E-7	1.997304E-3
1.818000E-7	2.002443E-3
1.818500E-7	2.055545E-3
1.819000E-7	2.125776E-3
1.819500E-7	2.190868E-3
1.820000E-7	2.255960E-3
1.820500E-7	2.302210E-3
1.821000E-7	2.309062E-3
1.821500E-7	2.291932E-3
1.822000E-7	2.266238E-3
1.822500E-7	2.214849E-3
1.823000E-7	2.146331E-3
1.823500E-7	2.064109E-3
1.824000E-7	1.957906E-3
1.824500E-7	1.865407E-3
1.825000E-7	1.820870E-3
1.825500E-7	1.802028E-3
1.826000E-7	1.796889E-3
1.826500E-7	1.810593E-3
1.827000E-7	1.848278E-3
1.827500E-7	1.896241E-3
1.828000E-7	1.951055E-3
1.828500E-7	2.005870E-3
1.829000E-7	2.038416E-3
1.829500E-7	2.036703E-3
1.830000E-7	2.000731E-3
1.830500E-7	1.963046E-3
1.831000E-7	1.940777E-3
1.831500E-7	1.927074E-3
1.832000E-7	1.911657E-3
1.832500E-7	1.903092E-3
1.833000E-7	1.901379E-3
1.833500E-7	1.882537E-3
1.834000E-7	1.870546E-3
1.834500E-7	1.882537E-3
1.835000E-7	1.928786E-3
1.835500E-7	1.999017E-3
1.836000E-7	2.046980E-3
1.836500E-7	2.055544E-3
1.837000E-7	2.065822E-3
1.837500E-7	2.093229E-3
1.838000E-7	2.077813E-3
1.838500E-7	1.999017E-3
1.839000E-7	1.937351E-3
1.839500E-7	1.901379E-3
1.840000E-7	1.848278E-3
1.840500E-7	1.814019E-3
1.841000E-7	1.843139E-3
1.841500E-7	1.879111E-3
1.842000E-7	1.879111E-3
1.842500E-7	1.887676E-3
1.843000E-7	1.920222E-3
1.843500E-7	1.933925E-3
1.844000E-7	1.913370E-3
1.844500E-7	1.894528E-3
1.845000E-7	1.875685E-3
1.845500E-7	1.831148E-3
1.846000E-7	1.757491E-3
1.846500E-7	1.690686E-3
1.847000E-7	1.651288E-3
1.847500E-7	1.637585E-3
1.848000E-7	1.647862E-3
1.848500E-7	1.694112E-3
1.849000E-7	1.779759E-3
1.849500E-7	1.879110E-3
1.850000E-7	1.971610E-3
1.850500E-7	2.052118E-3
1.851000E-7	2.103507E-3
1.851500E-7	2.127489E-3
1.852000E-7	2.122350E-3
1.852500E-7	2.086378E-3
1.853000E-7	2.029851E-3
1.853500E-7	1.966472E-3
1.854000E-7	1.884251E-3
1.854500E-7	1.810594E-3
1.855000E-7	1.772909E-3
1.855500E-7	1.786613E-3
1.856000E-7	1.831149E-3
1.856500E-7	1.918509E-3
1.857000E-7	2.050406E-3
1.857500E-7	2.192580E-3
1.858000E-7	2.307348E-3
1.858500E-7	2.404985E-3
1.859000E-7	2.495771E-3
1.859500E-7	2.536882E-3
1.860000E-7	2.506049E-3
1.860500E-7	2.442670E-3
1.861000E-7	2.382717E-3
1.861500E-7	2.302208E-3
1.862000E-7	2.185728E-3
1.862500E-7	2.058970E-3
1.863000E-7	1.930499E-3
1.863500E-7	1.820871E-3
1.864000E-7	1.745502E-3
1.864500E-7	1.688975E-3
1.865000E-7	1.646151E-3
1.865500E-7	1.637586E-3
1.866000E-7	1.653003E-3
1.866500E-7	1.659855E-3
1.867000E-7	1.685549E-3
1.867500E-7	1.747215E-3
1.868000E-7	1.803742E-3
1.868500E-7	1.826010E-3
1.869000E-7	1.849991E-3
1.869500E-7	1.879111E-3
1.870000E-7	1.892814E-3
1.870500E-7	1.899666E-3
1.871000E-7	1.928786E-3
1.871500E-7	1.947629E-3
1.872000E-7	1.935638E-3
1.872500E-7	1.920221E-3
1.873000E-7	1.944203E-3
1.873500E-7	1.969897E-3
1.874000E-7	1.964758E-3
1.874500E-7	1.968184E-3
1.875000E-7	2.000730E-3
1.875500E-7	2.007582E-3
1.876000E-7	1.964758E-3
1.876500E-7	1.944203E-3
1.877000E-7	1.942490E-3
1.877500E-7	1.908231E-3
1.878000E-7	1.868834E-3
1.878500E-7	1.851704E-3
1.879000E-7	1.802029E-3
1.879500E-7	1.726659E-3
1.880000E-7	1.699252E-3
1.880500E-7	1.687262E-3
1.881000E-7	1.642725E-3
1.881500E-7	1.608466E-3
1.882000E-7	1.618744E-3
1.882500E-7	1.642725E-3
1.883000E-7	1.673558E-3
1.883500E-7	1.714668E-3
1.884000E-7	1.767770E-3
1.884500E-7	1.838000E-3
1.885000E-7	1.918509E-3
1.885500E-7	1.985314E-3
1.886000E-7	2.048693E-3
1.886500E-7	2.120637E-3
1.887000E-7	2.153183E-3
1.887500E-7	2.146331E-3
1.888000E-7	2.136054E-3
1.888500E-7	2.093230E-3
1.889000E-7	2.024712E-3
1.889500E-7	1.985314E-3
1.890000E-7	1.963046E-3
1.890500E-7	1.901380E-3
1.891000E-7	1.860269E-3
1.891500E-7	1.882537E-3
1.892000E-7	1.896240E-3
1.892500E-7	1.892814E-3
1.893000E-7	1.928786E-3
1.893500E-7	1.990452E-3
1.894000E-7	2.026424E-3
1.894500E-7	2.046980E-3
1.895000E-7	2.084664E-3
1.895500E-7	2.124062E-3
1.896000E-7	2.148044E-3
1.896500E-7	2.160034E-3
1.897000E-7	2.173738E-3
1.897500E-7	2.187442E-3
1.898000E-7	2.175451E-3
1.898500E-7	2.144618E-3
1.899000E-7	2.139479E-3
1.899500E-7	2.134340E-3
1.900000E-7	2.062397E-3
1.900500E-7	1.939064E-3
1.901000E-7	1.819158E-3
1.901500E-7	1.692400E-3
1.902000E-7	1.534809E-3
1.902500E-7	1.363514E-3
1.903000E-7	1.200784E-3
1.903500E-7	1.055184E-3
1.904000E-7	9.489807E-4
1.904500E-7	8.958792E-4
1.905000E-7	9.061568E-4
1.905500E-7	9.729616E-4
1.906000E-7	1.121988E-3
1.906500E-7	1.339532E-3
1.907000E-7	1.586197E-3
1.907500E-7	1.832861E-3
1.908000E-7	2.077813E-3
1.908500E-7	2.305635E-3
1.909000E-7	2.488921E-3
1.909500E-7	2.619105E-3
1.910000E-7	2.680771E-3
1.910500E-7	2.677345E-3
1.911000E-7	2.619105E-3
1.911500E-7	2.516328E-3
1.912000E-7	2.353598E-3
1.912500E-7	2.168600E-3
1.913000E-7	1.999018E-3
1.913500E-7	1.848278E-3
1.914000E-7	1.676983E-3
1.914500E-7	1.527957E-3
1.915000E-7	1.474856E-3
1.915500E-7	1.497124E-3
1.916000E-7	1.529670E-3
1.916500E-7	1.581058E-3
1.917000E-7	1.707817E-3
1.917500E-7	1.867121E-3
1.918000E-7	1.976749E-3
1.918500E-7	2.040128E-3
1.919000E-7	2.101794E-3
1.919500E-7	2.136053E-3
1.920000E-7	2.120637E-3
1.920500E-7	2.088090E-3
1.921000E-7	2.060683E-3
1.921500E-7	2.029850E-3
1.922000E-7	2.012721E-3
1.922500E-7	2.034989E-3
1.923000E-7	2.084665E-3
1.923500E-7	2.154896E-3
1.924000E-7	2.252534E-3
1.924500E-7	2.338181E-3
1.925000E-7	2.410125E-3
1.925500E-7	2.473504E-3
1.926000E-7	2.507763E-3
1.926500E-7	2.492346E-3
1.927000E-7	2.454661E-3
1.927500E-7	2.404986E-3
1.928000E-7	2.312487E-3
1.928500E-7	2.192580E-3
1.929000E-7	2.094942E-3
1.929500E-7	2.014434E-3
1.930000E-7	1.944203E-3
1.930500E-7	1.894528E-3
1.931000E-7	1.882538E-3
1.931500E-7	1.901380E-3
1.932000E-7	1.923649E-3
1.932500E-7	1.971611E-3
1.933000E-7	2.046981E-3
1.933500E-7	2.094943E-3
1.934000E-7	2.093230E-3
1.934500E-7	2.094943E-3
1.935000E-7	2.127489E-3
1.935500E-7	2.132627E-3
1.936000E-7	2.112072E-3
1.936500E-7	2.125776E-3
1.937000E-7	2.165173E-3
1.937500E-7	2.172025E-3
1.938000E-7	2.158321E-3
1.938500E-7	2.166886E-3
1.939000E-7	2.173738E-3
1.939500E-7	2.173738E-3
1.940000E-7	2.180590E-3
1.940500E-7	2.189155E-3
1.941000E-7	2.156609E-3
1.941500E-7	2.089804E-3
1.942000E-7	2.016147E-3
1.942500E-7	1.942490E-3
1.943000E-7	1.868834E-3
1.943500E-7	1.802029E-3
1.944000E-7	1.748927E-3
1.944500E-7	1.719807E-3
1.945000E-7	1.724946E-3
1.945500E-7	1.752353E-3
1.946000E-7	1.796890E-3
1.946500E-7	1.861982E-3
1.947000E-7	1.964759E-3
1.947500E-7	2.064109E-3
1.948000E-7	2.144618E-3
1.948500E-7	2.235404E-3
1.949000E-7	2.329616E-3
1.949500E-7	2.377579E-3
1.950000E-7	2.377579E-3
1.950500E-7	2.382718E-3
1.951000E-7	2.386144E-3
1.951500E-7	2.350172E-3
1.952000E-7	2.297070E-3
1.952500E-7	2.273089E-3
1.953000E-7	2.279941E-3
1.953500E-7	2.286792E-3
1.954000E-7	2.295357E-3
1.954500E-7	2.303922E-3
1.955000E-7	2.303922E-3
1.955500E-7	2.283366E-3
1.956000E-7	2.228552E-3
1.956500E-7	2.160034E-3
1.957000E-7	2.086377E-3
1.957500E-7	1.999017E-3
1.958000E-7	1.906518E-3
1.958500E-7	1.815732E-3
1.959000E-7	1.724946E-3
1.959500E-7	1.649576E-3
1.960000E-7	1.593049E-3
1.960500E-7	1.581058E-3
1.961000E-7	1.637585E-3
1.961500E-7	1.723233E-3
1.962000E-7	1.766056E-3
1.962500E-7	1.779760E-3
1.963000E-7	1.832861E-3
1.963500E-7	1.901379E-3
1.964000E-7	1.939064E-3
1.964500E-7	1.971610E-3
1.965000E-7	2.021285E-3
1.965500E-7	2.038415E-3
1.966000E-7	2.028137E-3
1.966500E-7	2.045267E-3
1.967000E-7	2.079526E-3
1.967500E-7	2.081239E-3
1.968000E-7	2.074387E-3
1.968500E-7	2.084665E-3
1.969000E-7	2.096656E-3
1.969500E-7	2.105221E-3
1.970000E-7	2.122350E-3
1.970500E-7	2.132628E-3
1.971000E-7	2.101795E-3
1.971500E-7	2.062397E-3
1.972000E-7	2.017860E-3
1.972500E-7	1.959620E-3
1.973000E-7	1.925360E-3
1.973500E-7	1.920221E-3
1.974000E-7	1.901379E-3
1.974500E-7	1.870545E-3
1.975000E-7	1.892814E-3
1.975500E-7	1.939063E-3
1.976000E-7	1.930498E-3
1.976500E-7	1.891101E-3
1.977000E-7	1.897952E-3
1.977500E-7	1.932211E-3
1.978000E-7	1.957906E-3
1.978500E-7	1.966471E-3
1.979000E-7	1.959619E-3
1.979500E-7	1.935638E-3
1.980000E-7	1.899666E-3
1.980500E-7	1.846565E-3
1.981000E-7	1.767770E-3
1.981500E-7	1.694113E-3
1.982000E-7	1.625595E-3
1.982500E-7	1.574207E-3
1.983000E-7	1.555364E-3
1.983500E-7	1.560503E-3
1.984000E-7	1.575920E-3
1.984500E-7	1.623882E-3
1.985000E-7	1.724946E-3
1.985500E-7	1.846565E-3
1.986000E-7	1.971611E-3
1.986500E-7	2.125776E-3
1.987000E-7	2.291932E-3
1.987500E-7	2.427254E-3
1.988000E-7	2.524893E-3
1.988500E-7	2.601975E-3
1.989000E-7	2.637947E-3
1.989500E-7	2.617392E-3
1.990000E-7	2.552300E-3
1.990500E-7	2.461513E-3
1.991000E-7	2.360449E-3
1.991500E-7	2.243969E-3
1.992000E-7	2.105220E-3
1.992500E-7	1.969897E-3
1.993000E-7	1.885963E-3
1.993500E-7	1.846565E-3
1.994000E-7	1.824297E-3
1.994500E-7	1.836287E-3
1.995000E-7	1.865407E-3
1.995500E-7	1.887676E-3
1.996000E-7	1.920222E-3
1.996500E-7	1.976749E-3
1.997000E-7	2.011008E-3
1.997500E-7	1.999017E-3
1.998000E-7	1.968184E-3
1.998500E-7	1.939064E-3
1.999000E-7	1.892815E-3
1.999500E-7	1.848278E-3
2.000000E-7	1.808880E-3
