Study Name	Tungsten_Kyocera
Sample Name	2024-02-05
Run Name	spot00
Operator	Angus+Samantha
Date	2/5/2024
Time	15:26
Sign	FIX
Grating Spacing	03.40um
Channel	3
Number Traces	10000
Files in Batch	1
Batch Number	8
dt	50.000001E-12
time stamp (ms)	3:34:50 PM
	
Time	Amplitude
0.000000E+0	-2.134343E-3
5.000000E-11	-1.964761E-3
1.000000E-10	-1.877401E-3
1.500000E-10	-1.879114E-3
2.000000E-10	-1.930502E-3
2.500000E-10	-1.992169E-3
3.000000E-10	-2.048696E-3
3.500000E-10	-2.082955E-3
4.000000E-10	-2.137769E-3
4.500000E-10	-2.218278E-3
5.000000E-10	-2.291935E-3
5.500000E-10	-2.348462E-3
6.000000E-10	-2.415267E-3
6.500000E-10	-2.507767E-3
7.000000E-10	-2.605405E-3
7.500000E-10	-2.715034E-3
8.000000E-10	-2.838366E-3
8.500000E-10	-2.959985E-3
9.000000E-10	-3.059336E-3
9.500000E-10	-3.136419E-3
1.000000E-9	-3.179243E-3
1.050000E-9	-3.189521E-3
1.100000E-9	-3.191234E-3
1.150000E-9	-3.182669E-3
1.200000E-9	-3.148410E-3
1.250000E-9	-3.114151E-3
1.300000E-9	-3.085031E-3
1.350000E-9	-3.023365E-3
1.400000E-9	-2.934291E-3
1.450000E-9	-2.860634E-3
1.500000E-9	-2.800681E-3
1.550000E-9	-2.759570E-3
1.600000E-9	-2.764709E-3
1.650000E-9	-2.771561E-3
1.700000E-9	-2.757857E-3
1.750000E-9	-2.800681E-3
1.800000E-9	-2.886329E-3
1.850000E-9	-2.920588E-3
1.900000E-9	-2.876051E-3
1.950000E-9	-2.819523E-3
2.000000E-9	-2.759570E-3
2.050000E-9	-2.673923E-3
2.100000E-9	-2.610544E-3
2.150000E-9	-2.566007E-3
2.200000E-9	-2.526609E-3
2.250000E-9	-2.502628E-3
2.300000E-9	-2.535174E-3
2.350000E-9	-2.576285E-3
2.400000E-9	-2.601979E-3
2.450000E-9	-2.615682E-3
2.500000E-9	-2.620821E-3
2.550000E-9	-2.625960E-3
2.600000E-9	-2.641377E-3
2.650000E-9	-2.675636E-3
2.700000E-9	-2.720172E-3
2.750000E-9	-2.733876E-3
2.800000E-9	-2.699617E-3
2.850000E-9	-2.625960E-3
2.900000E-9	-2.531748E-3
2.950000E-9	-2.413554E-3
3.000000E-9	-2.283370E-3
3.050000E-9	-2.178880E-3
3.100000E-9	-2.120640E-3
3.150000E-9	-2.081242E-3
3.200000E-9	-2.086381E-3
3.250000E-9	-2.177167E-3
3.300000E-9	-2.324481E-3
3.350000E-9	-2.490637E-3
3.400000E-9	-2.668784E-3
3.450000E-9	-2.852070E-3
3.500000E-9	-3.013087E-3
3.550000E-9	-3.117577E-3
3.600000E-9	-3.163826E-3
3.650000E-9	-3.158688E-3
3.700000E-9	-3.117577E-3
3.750000E-9	-3.045633E-3
3.800000E-9	-2.913736E-3
3.850000E-9	-2.742441E-3
3.900000E-9	-2.577998E-3
3.950000E-9	-2.434110E-3
4.000000E-9	-2.295361E-3
4.050000E-9	-2.199436E-3
4.100000E-9	-2.175454E-3
4.150000E-9	-2.153186E-3
4.200000E-9	-2.098372E-3
4.250000E-9	-2.053835E-3
4.300000E-9	-2.067538E-3
4.350000E-9	-2.113788E-3
4.400000E-9	-2.146334E-3
4.450000E-9	-2.196010E-3
4.500000E-9	-2.309064E-3
4.550000E-9	-2.483785E-3
4.600000E-9	-2.670497E-3
4.650000E-9	-2.829801E-3
4.700000E-9	-2.966837E-3
4.750000E-9	-3.086744E-3
4.800000E-9	-3.170678E-3
4.850000E-9	-3.208363E-3
4.900000E-9	-3.196373E-3
4.950000E-9	-3.150123E-3
5.000000E-9	-3.067901E-3
5.050000E-9	-2.932578E-3
5.100000E-9	-2.749293E-3
5.150000E-9	-2.533461E-3
5.200000E-9	-2.305638E-3
5.250000E-9	-2.079529E-3
5.300000E-9	-1.882540E-3
5.350000E-9	-1.735226E-3
5.400000E-9	-1.627310E-3
5.450000E-9	-1.601616E-3
5.500000E-9	-1.700967E-3
5.550000E-9	-1.880827E-3
5.600000E-9	-2.118927E-3
5.650000E-9	-2.425545E-3
5.700000E-9	-2.761283E-3
5.750000E-9	-3.028503E-3
5.800000E-9	-3.227206E-3
5.850000E-9	-3.371093E-3
5.900000E-9	-3.439611E-3
5.950000E-9	-3.432760E-3
6.000000E-9	-3.425908E-3
6.050000E-9	-3.425908E-3
6.100000E-9	-3.345399E-3
6.150000E-9	-3.175817E-3
6.200000E-9	-2.980541E-3
6.250000E-9	-2.800681E-3
6.300000E-9	-2.627673E-3
6.350000E-9	-2.476933E-3
6.400000E-9	-2.363879E-3
6.450000E-9	-2.290222E-3
6.500000E-9	-2.247398E-3
6.550000E-9	-2.218278E-3
6.600000E-9	-2.214852E-3
6.650000E-9	-2.245685E-3
6.700000E-9	-2.298787E-3
6.750000E-9	-2.367305E-3
6.800000E-9	-2.468369E-3
6.850000E-9	-2.554016E-3
6.900000E-9	-2.572859E-3
6.950000E-9	-2.535174E-3
7.000000E-9	-2.495776E-3
7.050000E-9	-2.418693E-3
7.100000E-9	-2.254250E-3
7.150000E-9	-2.046983E-3
7.200000E-9	-1.889392E-3
7.250000E-9	-1.790041E-3
7.300000E-9	-1.723235E-3
7.350000E-9	-1.700967E-3
7.400000E-9	-1.711245E-3
7.450000E-9	-1.718097E-3
7.500000E-9	-1.764346E-3
7.550000E-9	-1.873975E-3
7.600000E-9	-1.992169E-3
7.650000E-9	-2.091520E-3
7.700000E-9	-2.178880E-3
7.750000E-9	-2.233695E-3
7.800000E-9	-2.230269E-3
7.850000E-9	-2.192584E-3
7.900000E-9	-2.148047E-3
7.950000E-9	-2.079529E-3
8.000000E-9	-1.995595E-3
8.050000E-9	-1.949345E-3
8.100000E-9	-1.973326E-3
8.150000E-9	-2.043557E-3
8.200000E-9	-2.122353E-3
8.250000E-9	-2.201149E-3
8.300000E-9	-2.298787E-3
8.350000E-9	-2.403277E-3
8.400000E-9	-2.471795E-3
8.450000E-9	-2.506054E-3
8.500000E-9	-2.528322E-3
8.550000E-9	-2.536887E-3
8.600000E-9	-2.506054E-3
8.650000E-9	-2.434110E-3
8.700000E-9	-2.363879E-3
8.750000E-9	-2.314203E-3
8.800000E-9	-2.281657E-3
8.850000E-9	-2.279944E-3
8.900000E-9	-2.322768E-3
8.950000E-9	-2.389573E-3
9.000000E-9	-2.434110E-3
9.050000E-9	-2.440962E-3
9.100000E-9	-2.442674E-3
9.150000E-9	-2.461517E-3
9.200000E-9	-2.463230E-3
9.250000E-9	-2.437536E-3
9.300000E-9	-2.420406E-3
9.350000E-9	-2.411841E-3
9.400000E-9	-2.389573E-3
9.450000E-9	-2.357027E-3
9.500000E-9	-2.350175E-3
9.550000E-9	-2.372444E-3
9.600000E-9	-2.389573E-3
9.650000E-9	-2.401564E-3
9.700000E-9	-2.415267E-3
9.750000E-9	-2.398138E-3
9.800000E-9	-2.367305E-3
9.850000E-9	-2.362166E-3
9.900000E-9	-2.363879E-3
9.950000E-9	-2.338185E-3
1.000000E-8	-2.350175E-3
1.005000E-8	-2.384434E-3
1.010000E-8	-2.372444E-3
1.015000E-8	-2.326194E-3
1.020000E-8	-2.317629E-3
1.025000E-8	-2.338185E-3
1.030000E-8	-2.375869E-3
1.035000E-8	-2.442674E-3
1.040000E-8	-2.497489E-3
1.045000E-8	-2.499202E-3
1.050000E-8	-2.480359E-3
1.055000E-8	-2.476933E-3
1.060000E-8	-2.461517E-3
1.065000E-8	-2.422119E-3
1.070000E-8	-2.422119E-3
1.075000E-8	-2.471795E-3
1.080000E-8	-2.550590E-3
1.085000E-8	-2.620821E-3
1.090000E-8	-2.656793E-3
1.095000E-8	-2.660219E-3
1.100000E-8	-2.649941E-3
1.105000E-8	-2.619108E-3
1.110000E-8	-2.552303E-3
1.115000E-8	-2.468369E-3
1.120000E-8	-2.408415E-3
1.125000E-8	-2.387860E-3
1.130000E-8	-2.386147E-3
1.135000E-8	-2.372444E-3
1.140000E-8	-2.345036E-3
1.145000E-8	-2.334759E-3
1.150000E-8	-2.392999E-3
1.155000E-8	-2.483785E-3
1.160000E-8	-2.495776E-3
1.165000E-8	-2.386147E-3
1.170000E-8	-2.202861E-3
1.175000E-8	-1.911660E-3
1.180000E-8	-1.426895E-3
1.185000E-8	-7.262985E-4
1.190000E-8	2.192499E-4
1.195000E-8	1.521092E-3
1.200000E-8	3.249459E-3
1.205000E-8	5.424905E-3
1.210000E-8	8.091968E-3
1.215000E-8	1.127977E-2
1.220000E-8	1.494719E-2
1.225000E-8	1.906855E-2
1.230000E-8	2.359245E-2
1.235000E-8	2.837158E-2
1.240000E-8	3.323465E-2
1.245000E-8	3.800350E-2
1.250000E-8	4.248115E-2
1.255000E-8	4.652372E-2
1.260000E-8	5.003869E-2
1.265000E-8	5.292501E-2
1.270000E-8	5.511930E-2
1.275000E-8	5.665410E-2
1.280000E-8	5.756368E-2
1.285000E-8	5.784803E-2
1.290000E-8	5.751572E-2
1.295000E-8	5.662670E-2
1.300000E-8	5.519124E-2
1.305000E-8	5.330015E-2
1.310000E-8	5.104248E-2
1.315000E-8	4.847477E-2
1.320000E-8	4.570664E-2
1.325000E-8	4.283231E-2
1.330000E-8	4.000251E-2
1.335000E-8	3.737142E-2
1.340000E-8	3.496815E-2
1.345000E-8	3.285266E-2
1.350000E-8	3.109517E-2
1.355000E-8	2.977963E-2
1.360000E-8	2.902079E-2
1.365000E-8	2.883408E-2
1.370000E-8	2.914926E-2
1.375000E-8	2.976764E-2
1.380000E-8	3.063953E-2
1.385000E-8	3.180605E-2
1.390000E-8	3.316956E-2
1.395000E-8	3.455876E-2
1.400000E-8	3.589829E-2
1.405000E-8	3.715045E-2
1.410000E-8	3.818679E-2
1.415000E-8	3.886512E-2
1.420000E-8	3.918886E-2
1.425000E-8	3.915289E-2
1.430000E-8	3.872294E-2
1.435000E-8	3.790586E-2
1.440000E-8	3.675134E-2
1.445000E-8	3.521825E-2
1.450000E-8	3.334770E-2
1.455000E-8	3.126647E-2
1.460000E-8	2.909445E-2
1.465000E-8	2.685391E-2
1.470000E-8	2.464420E-2
1.475000E-8	2.261436E-2
1.480000E-8	2.082433E-2
1.485000E-8	1.935633E-2
1.490000E-8	1.833027E-2
1.495000E-8	1.773930E-2
1.500000E-8	1.756287E-2
1.505000E-8	1.783180E-2
1.510000E-8	1.856323E-2
1.515000E-8	1.966637E-2
1.520000E-8	2.101275E-2
1.525000E-8	2.247390E-2
1.530000E-8	2.395389E-2
1.535000E-8	2.541161E-2
1.540000E-8	2.676312E-2
1.545000E-8	2.783714E-2
1.550000E-8	2.854973E-2
1.555000E-8	2.891802E-2
1.560000E-8	2.891116E-2
1.565000E-8	2.845552E-2
1.570000E-8	2.761103E-2
1.575000E-8	2.644965E-2
1.580000E-8	2.498337E-2
1.585000E-8	2.323445E-2
1.590000E-8	2.131937E-2
1.595000E-8	1.937517E-2
1.600000E-8	1.743954E-2
1.605000E-8	1.556728E-2
1.610000E-8	1.386118E-2
1.615000E-8	1.238805E-2
1.620000E-8	1.120782E-2
1.625000E-8	1.038047E-2
1.630000E-8	9.933390E-3
1.635000E-8	9.875149E-3
1.640000E-8	1.023144E-2
1.645000E-8	1.100056E-2
1.650000E-8	1.212083E-2
1.655000E-8	1.352031E-2
1.660000E-8	1.513562E-2
1.665000E-8	1.683829E-2
1.670000E-8	1.850328E-2
1.675000E-8	2.005350E-2
1.680000E-8	2.136562E-2
1.685000E-8	2.228547E-2
1.690000E-8	2.278223E-2
1.695000E-8	2.287473E-2
1.700000E-8	2.250130E-2
1.705000E-8	2.162599E-2
1.710000E-8	2.038238E-2
1.715000E-8	1.886129E-2
1.720000E-8	1.708324E-2
1.725000E-8	1.509793E-2
1.730000E-8	1.300300E-2
1.735000E-8	1.091662E-2
1.740000E-8	8.933027E-3
1.745000E-8	7.178966E-3
1.750000E-8	5.779486E-3
1.755000E-8	4.753429E-3
1.760000E-8	4.104221E-3
1.765000E-8	3.869546E-3
1.770000E-8	4.092230E-3
1.775000E-8	4.748290E-3
1.780000E-8	5.791476E-3
1.785000E-8	7.180679E-3
1.790000E-8	8.828537E-3
1.795000E-8	1.059973E-2
1.800000E-8	1.241032E-2
1.805000E-8	1.420549E-2
1.810000E-8	1.583108E-2
1.815000E-8	1.718088E-2
1.820000E-8	1.818810E-2
1.825000E-8	1.877392E-2
1.830000E-8	1.886985E-2
1.835000E-8	1.850842E-2
1.840000E-8	1.773759E-2
1.845000E-8	1.658991E-2
1.850000E-8	1.507395E-2
1.855000E-8	1.328563E-2
1.860000E-8	1.132259E-2
1.865000E-8	9.277330E-3
1.870000E-8	7.226929E-3
1.875000E-8	5.293008E-3
1.880000E-8	3.562928E-3
1.885000E-8	2.125763E-3
1.890000E-8	1.039753E-3
1.895000E-8	4.145262E-4
1.900000E-8	2.740643E-4
1.905000E-8	5.738306E-4
1.910000E-8	1.274427E-3
1.915000E-8	2.372428E-3
1.920000E-8	3.821584E-3
1.925000E-8	5.496849E-3
1.930000E-8	7.274891E-3
1.935000E-8	9.056359E-3
1.940000E-8	1.076588E-2
1.945000E-8	1.230411E-2
1.950000E-8	1.359396E-2
1.955000E-8	1.456521E-2
1.960000E-8	1.512020E-2
1.965000E-8	1.519215E-2
1.970000E-8	1.478618E-2
1.975000E-8	1.391086E-2
1.980000E-8	1.259360E-2
1.985000E-8	1.095259E-2
1.990000E-8	9.114600E-3
1.995000E-8	7.113874E-3
2.000000E-8	5.029214E-3
2.005000E-8	3.047330E-3
2.010000E-8	1.269288E-3
2.015000E-8	-2.586632E-4
2.020000E-8	-1.457728E-3
2.025000E-8	-2.237120E-3
2.030000E-8	-2.586562E-3
2.035000E-8	-2.482072E-3
2.040000E-8	-1.903095E-3
2.045000E-8	-9.181489E-4
2.050000E-8	4.093874E-4
2.055000E-8	2.022986E-3
2.060000E-8	3.816445E-3
2.065000E-8	5.654440E-3
2.070000E-8	7.439334E-3
2.075000E-8	9.112887E-3
2.080000E-8	1.057232E-2
2.085000E-8	1.171828E-2
2.090000E-8	1.247883E-2
2.095000E-8	1.281628E-2
2.100000E-8	1.270494E-2
2.105000E-8	1.212939E-2
2.110000E-8	1.111019E-2
2.115000E-8	9.746678E-3
2.120000E-8	8.126227E-3
2.125000E-8	6.305361E-3
2.130000E-8	4.344034E-3
2.135000E-8	2.384419E-3
2.140000E-8	5.618399E-4
2.145000E-8	-1.058611E-3
2.150000E-8	-2.392999E-3
2.155000E-8	-3.312853E-3
2.160000E-8	-3.746229E-3
2.165000E-8	-3.718822E-3
2.170000E-8	-3.261465E-3
2.175000E-8	-2.369018E-3
2.180000E-8	-1.101435E-3
2.185000E-8	4.230910E-4
2.190000E-8	2.127476E-3
2.195000E-8	3.922648E-3
2.200000E-8	5.674996E-3
2.205000E-8	7.295447E-3
2.210000E-8	8.694927E-3
2.215000E-8	9.787789E-3
2.220000E-8	1.051065E-2
2.225000E-8	1.083440E-2
2.230000E-8	1.075218E-2
2.235000E-8	1.025200E-2
2.240000E-8	9.381820E-3
2.245000E-8	8.187894E-3
2.250000E-8	6.706192E-3
2.255000E-8	5.024075E-3
2.260000E-8	3.242607E-3
2.265000E-8	1.387482E-3
2.270000E-8	-4.796337E-4
2.275000E-8	-2.216565E-3
2.280000E-8	-3.706832E-3
2.285000E-8	-4.899045E-3
2.290000E-8	-5.733252E-3
2.295000E-8	-6.087832E-3
2.300000E-8	-5.978203E-3
2.305000E-8	-5.517420E-3
2.310000E-8	-4.720898E-3
2.315000E-8	-3.513268E-3
2.320000E-8	-1.954484E-3
2.325000E-8	-2.278301E-4
2.330000E-8	1.569055E-3
2.335000E-8	3.405337E-3
2.340000E-8	5.173101E-3
2.345000E-8	6.699340E-3
2.350000E-8	7.927525E-3
2.355000E-8	8.859370E-3
2.360000E-8	9.385246E-3
2.365000E-8	9.392097E-3
2.370000E-8	8.951869E-3
2.375000E-8	8.181042E-3
2.380000E-8	7.072763E-3
2.385000E-8	5.640737E-3
2.390000E-8	3.996305E-3
2.395000E-8	2.269651E-3
2.400000E-8	5.001737E-4
2.405000E-8	-1.255600E-3
2.410000E-8	-2.857208E-3
2.415000E-8	-4.205300E-3
2.420000E-8	-5.246774E-3
2.425000E-8	-5.928528E-3
2.430000E-8	-6.171767E-3
2.435000E-8	-5.954222E-3
2.440000E-8	-5.332421E-3
2.445000E-8	-4.345762E-3
2.450000E-8	-3.009661E-3
2.455000E-8	-1.423469E-3
2.460000E-8	2.517960E-4
2.465000E-8	1.899654E-3
2.470000E-8	3.468716E-3
2.475000E-8	4.892178E-3
2.480000E-8	6.092956E-3
2.485000E-8	7.017949E-3
2.490000E-8	7.612342E-3
2.495000E-8	7.836739E-3
2.500000E-8	7.679147E-3
2.505000E-8	7.165262E-3
2.510000E-8	6.301936E-3
2.515000E-8	5.130278E-3
2.520000E-8	3.729085E-3
2.525000E-8	2.175439E-3
2.530000E-8	5.104514E-4
2.535000E-8	-1.149397E-3
2.540000E-8	-2.680775E-3
2.545000E-8	-4.040857E-3
2.550000E-8	-5.210802E-3
2.555000E-8	-6.056999E-3
2.560000E-8	-6.516070E-3
2.565000E-8	-6.623986E-3
2.570000E-8	-6.391024E-3
2.575000E-8	-5.788066E-3
2.580000E-8	-4.847656E-3
2.585000E-8	-3.629749E-3
2.590000E-8	-2.190871E-3
2.595000E-8	-6.098179E-4
2.600000E-8	9.832256E-4
2.605000E-8	2.485483E-3
2.610000E-8	3.843852E-3
2.615000E-8	4.979538E-3
2.620000E-8	5.806893E-3
2.625000E-8	6.279667E-3
2.630000E-8	6.401287E-3
2.635000E-8	6.173464E-3
2.640000E-8	5.620181E-3
2.645000E-8	4.791114E-3
2.650000E-8	3.720520E-3
2.655000E-8	2.439233E-3
2.660000E-8	1.039753E-3
2.665000E-8	-4.025510E-4
2.670000E-8	-1.851707E-3
2.675000E-8	-3.225493E-3
2.680000E-8	-4.383447E-3
2.685000E-8	-5.291310E-3
2.690000E-8	-5.955935E-3
2.695000E-8	-6.336210E-3
2.700000E-8	-6.373895E-3
2.705000E-8	-6.074129E-3
2.710000E-8	-5.447189E-3
2.715000E-8	-4.508492E-3
2.720000E-8	-3.326557E-3
2.725000E-8	-1.961336E-3
2.730000E-8	-4.539395E-4
2.735000E-8	1.106558E-3
2.740000E-8	2.622519E-3
2.745000E-8	4.001444E-3
2.750000E-8	5.174814E-3
2.755000E-8	6.058697E-3
2.760000E-8	6.598276E-3
2.765000E-8	6.740451E-3
2.770000E-8	6.490360E-3
2.775000E-8	5.866846E-3
2.780000E-8	4.899029E-3
2.785000E-8	3.643437E-3
2.790000E-8	2.177152E-3
2.795000E-8	5.858212E-4
2.800000E-8	-1.041481E-3
2.805000E-8	-2.593414E-3
2.810000E-8	-3.967200E-3
2.815000E-8	-5.118302E-3
2.820000E-8	-5.993620E-3
2.825000E-8	-6.514357E-3
2.830000E-8	-6.663383E-3
2.835000E-8	-6.456116E-3
2.840000E-8	-5.904547E-3
2.845000E-8	-5.000109E-3
2.850000E-8	-3.850719E-3
2.855000E-8	-2.581423E-3
2.860000E-8	-1.219628E-3
2.865000E-8	2.158240E-4
2.870000E-8	1.629008E-3
2.875000E-8	2.932563E-3
2.880000E-8	4.059684E-3
2.885000E-8	4.924724E-3
2.890000E-8	5.459164E-3
2.895000E-8	5.681848E-3
2.900000E-8	5.597913E-3
2.905000E-8	5.178240E-3
2.910000E-8	4.450237E-3
2.915000E-8	3.484133E-3
2.920000E-8	2.297058E-3
2.925000E-8	9.095688E-4
2.930000E-8	-5.944014E-4
2.935000E-8	-2.106936E-3
2.940000E-8	-3.547527E-3
2.945000E-8	-4.820249E-3
2.950000E-8	-5.849732E-3
2.955000E-8	-6.605143E-3
2.960000E-8	-7.057362E-3
2.965000E-8	-7.204676E-3
2.970000E-8	-7.055649E-3
2.975000E-8	-6.579449E-3
2.980000E-8	-5.750381E-3
2.985000E-8	-4.642102E-3
2.990000E-8	-3.367668E-3
2.995000E-8	-1.999020E-3
3.000000E-8	-6.012532E-4
3.005000E-8	7.519774E-4
3.010000E-8	1.983588E-3
3.015000E-8	3.006220E-3
3.020000E-8	3.773621E-3
3.025000E-8	4.246395E-3
3.030000E-8	4.374867E-3
3.035000E-8	4.155609E-3
3.040000E-8	3.626308E-3
3.045000E-8	2.843489E-3
3.050000E-8	1.856830E-3
3.055000E-8	7.177184E-4
3.060000E-8	-5.156057E-4
3.065000E-8	-1.791753E-3
3.070000E-8	-3.025077E-3
3.075000E-8	-4.155625E-3
3.080000E-8	-5.161126E-3
3.085000E-8	-6.019314E-3
3.090000E-8	-6.666809E-3
3.095000E-8	-7.086482E-3
3.100000E-8	-7.233796E-3
3.105000E-8	-7.040232E-3
3.110000E-8	-6.541764E-3
3.115000E-8	-5.817186E-3
3.120000E-8	-4.854508E-3
3.125000E-8	-3.650304E-3
3.130000E-8	-2.326194E-3
3.135000E-8	-9.935187E-4
3.140000E-8	3.048974E-4
3.145000E-8	1.497111E-3
3.150000E-8	2.456363E-3
3.155000E-8	3.156959E-3
3.160000E-8	3.616030E-3
3.165000E-8	3.789038E-3
3.170000E-8	3.578345E-3
3.175000E-8	3.016497E-3
3.180000E-8	2.213124E-3
3.185000E-8	1.235029E-3
3.190000E-8	1.164729E-4
3.195000E-8	-1.089444E-3
3.200000E-8	-2.255963E-3
3.205000E-8	-3.326557E-3
3.210000E-8	-4.308077E-3
3.215000E-8	-5.171404E-3
3.220000E-8	-5.815473E-3
3.225000E-8	-6.190609E-3
3.230000E-8	-6.301951E-3
3.235000E-8	-6.159776E-3
3.240000E-8	-5.765798E-3
3.245000E-8	-5.155987E-3
3.250000E-8	-4.393725E-3
3.255000E-8	-3.463593E-3
3.260000E-8	-2.389573E-3
3.265000E-8	-1.241896E-3
3.270000E-8	-8.736816E-5
3.275000E-8	1.017485E-3
3.280000E-8	1.969885E-3
3.285000E-8	2.670481E-3
3.290000E-8	3.107284E-3
3.295000E-8	3.292282E-3
3.300000E-8	3.186079E-3
3.305000E-8	2.783536E-3
3.310000E-8	2.130902E-3
3.315000E-8	1.262436E-3
3.320000E-8	2.141110E-4
3.325000E-8	-9.112971E-4
3.330000E-8	-2.026428E-3
3.335000E-8	-3.117577E-3
3.340000E-8	-4.135069E-3
3.345000E-8	-4.984692E-3
3.350000E-8	-5.604780E-3
3.355000E-8	-6.017601E-3
3.360000E-8	-6.211165E-3
3.365000E-8	-6.168341E-3
3.370000E-8	-5.894269E-3
3.375000E-8	-5.430059E-3
3.380000E-8	-4.787703E-3
3.385000E-8	-3.968913E-3
3.390000E-8	-3.007948E-3
3.395000E-8	-1.942493E-3
3.400000E-8	-8.290755E-4
3.405000E-8	2.826291E-4
3.410000E-8	1.332667E-3
3.415000E-8	2.219976E-3
3.420000E-8	2.855480E-3
3.425000E-8	3.235755E-3
3.430000E-8	3.386495E-3
3.435000E-8	3.290569E-3
3.440000E-8	2.908581E-3
3.445000E-8	2.255948E-3
3.450000E-8	1.406324E-3
3.455000E-8	3.905449E-4
3.460000E-8	-7.348633E-4
3.465000E-8	-1.901382E-3
3.470000E-8	-3.007948E-3
3.475000E-8	-3.984330E-3
3.480000E-8	-4.784277E-3
3.485000E-8	-5.416356E-3
3.490000E-8	-5.853158E-3
3.495000E-8	-6.048434E-3
3.500000E-8	-5.974777E-3
3.505000E-8	-5.680150E-3
3.510000E-8	-5.178256E-3
3.515000E-8	-4.491363E-3
3.520000E-8	-3.657156E-3
3.525000E-8	-2.745867E-3
3.530000E-8	-1.800318E-3
3.535000E-8	-8.650475E-4
3.540000E-8	-3.084081E-5
3.545000E-8	6.423486E-4
3.550000E-8	1.197344E-3
3.555000E-8	1.663267E-3
3.560000E-8	1.966459E-3
3.565000E-8	2.041829E-3
3.570000E-8	1.901367E-3
3.575000E-8	1.541647E-3
3.580000E-8	9.695220E-4
3.585000E-8	2.261017E-4
3.590000E-8	-6.252345E-4
3.595000E-8	-1.538237E-3
3.600000E-8	-2.473508E-3
3.605000E-8	-3.422482E-3
3.610000E-8	-4.340623E-3
3.615000E-8	-5.164552E-3
3.620000E-8	-5.830890E-3
3.625000E-8	-6.303664E-3
3.630000E-8	-6.516070E-3
3.635000E-8	-6.459542E-3
3.640000E-8	-6.156350E-3
3.645000E-8	-5.644178E-3
3.650000E-8	-4.928165E-3
3.655000E-8	-4.054560E-3
3.660000E-8	-3.079892E-3
3.665000E-8	-2.034992E-3
3.670000E-8	-9.609727E-4
3.675000E-8	5.823260E-5
3.680000E-8	9.558184E-4
3.685000E-8	1.690674E-3
3.690000E-8	2.226827E-3
3.695000E-8	2.523168E-3
3.700000E-8	2.567704E-3
3.705000E-8	2.350160E-3
3.710000E-8	1.870534E-3
3.715000E-8	1.173363E-3
3.720000E-8	2.894809E-4
3.725000E-8	-7.485669E-4
3.730000E-8	-1.885966E-3
3.735000E-8	-3.021652E-3
3.740000E-8	-4.066551E-3
3.745000E-8	-4.976128E-3
3.750000E-8	-5.717835E-3
3.755000E-8	-6.200887E-3
3.760000E-8	-6.387598E-3
3.765000E-8	-6.313942E-3
3.770000E-8	-6.022740E-3
3.775000E-8	-5.512281E-3
3.780000E-8	-4.806546E-3
3.785000E-8	-3.951783E-3
3.790000E-8	-2.999383E-3
3.795000E-8	-2.017863E-3
3.800000E-8	-1.034630E-3
3.805000E-8	-1.062106E-4
3.810000E-8	7.091536E-4
3.815000E-8	1.351510E-3
3.820000E-8	1.803729E-3
3.825000E-8	2.045255E-3
3.830000E-8	2.115486E-3
3.835000E-8	2.017847E-3
3.840000E-8	1.730072E-3
3.845000E-8	1.248733E-3
3.850000E-8	6.337838E-4
3.855000E-8	-8.394226E-5
3.860000E-8	-9.284266E-4
3.865000E-8	-1.834577E-3
3.870000E-8	-2.728737E-3
3.875000E-8	-3.571509E-3
3.880000E-8	-4.297799E-3
3.885000E-8	-4.845943E-3
3.890000E-8	-5.267329E-3
3.895000E-8	-5.558531E-3
3.900000E-8	-5.596216E-3
3.905000E-8	-5.370106E-3
3.910000E-8	-4.981266E-3
3.915000E-8	-4.433122E-3
3.920000E-8	-3.706832E-3
3.925000E-8	-2.912023E-3
3.930000E-8	-2.115501E-3
3.935000E-8	-1.272730E-3
3.940000E-8	-4.488006E-4
3.945000E-8	2.346665E-4
3.950000E-8	7.639680E-4
3.955000E-8	1.154521E-3
3.960000E-8	1.337806E-3
3.965000E-8	1.293270E-3
3.970000E-8	1.094567E-3
3.975000E-8	7.451256E-4
3.980000E-8	2.329535E-4
3.985000E-8	-3.306071E-4
3.990000E-8	-9.044453E-4
3.995000E-8	-1.548515E-3
4.000000E-8	-2.247398E-3
4.005000E-8	-2.924013E-3
4.010000E-8	-3.550953E-3
4.015000E-8	-4.104236E-3
4.020000E-8	-4.520483E-3
4.025000E-8	-4.789416E-3
4.030000E-8	-4.899045E-3
4.035000E-8	-4.813397E-3
4.040000E-8	-4.547890E-3
4.045000E-8	-4.155625E-3
4.050000E-8	-3.614332E-3
4.055000E-8	-2.953134E-3
4.060000E-8	-2.267954E-3
4.065000E-8	-1.605042E-3
4.070000E-8	-9.198619E-4
4.075000E-8	-2.209783E-4
4.080000E-8	4.316557E-4
4.085000E-8	9.780868E-4
4.090000E-8	1.370352E-3
4.095000E-8	1.593036E-3
4.100000E-8	1.647850E-3
4.105000E-8	1.548499E-3
4.110000E-8	1.303547E-3
4.115000E-8	9.147076E-4
4.120000E-8	4.111003E-4
4.125000E-8	-2.072747E-4
4.130000E-8	-9.215748E-4
4.135000E-8	-1.676986E-3
4.140000E-8	-2.430684E-3
4.145000E-8	-3.143271E-3
4.150000E-8	-3.737665E-3
4.155000E-8	-4.183032E-3
4.160000E-8	-4.503353E-3
4.165000E-8	-4.664371E-3
4.170000E-8	-4.609556E-3
4.175000E-8	-4.390299E-3
4.180000E-8	-4.063125E-3
4.185000E-8	-3.595490E-3
4.190000E-8	-2.959985E-3
4.195000E-8	-2.245685E-3
4.200000E-8	-1.497126E-3
4.205000E-8	-6.834748E-4
4.210000E-8	1.233247E-4
4.215000E-8	7.879493E-4
4.220000E-8	1.277853E-3
4.225000E-8	1.599888E-3
4.230000E-8	1.747201E-3
4.235000E-8	1.721507E-3
4.240000E-8	1.503962E-3
4.245000E-8	1.068873E-3
4.250000E-8	4.898960E-4
4.255000E-8	-1.507473E-4
4.260000E-8	-8.718993E-4
4.265000E-8	-1.676986E-3
4.270000E-8	-2.451239E-3
4.275000E-8	-3.103873E-3
4.280000E-8	-3.670860E-3
4.285000E-8	-4.153912E-3
4.290000E-8	-4.477659E-3
4.295000E-8	-4.594140E-3
4.300000E-8	-4.558168E-3
4.305000E-8	-4.400576E-3
4.310000E-8	-4.095671E-3
4.315000E-8	-3.657156E-3
4.320000E-8	-3.144984E-3
4.325000E-8	-2.586562E-3
4.330000E-8	-1.980178E-3
4.335000E-8	-1.392636E-3
4.340000E-8	-8.736122E-4
4.345000E-8	-4.059769E-4
4.350000E-8	1.369589E-5
4.355000E-8	3.357305E-4
4.360000E-8	5.532752E-4
4.365000E-8	6.766076E-4
4.370000E-8	7.228572E-4
4.375000E-8	6.851723E-4
4.380000E-8	5.053126E-4
4.385000E-8	1.764261E-4
4.390000E-8	-2.363948E-4
4.395000E-8	-7.091690E-4
4.400000E-8	-1.283007E-3
4.405000E-8	-1.933928E-3
4.410000E-8	-2.566007E-3
4.415000E-8	-3.146697E-3
4.420000E-8	-3.665721E-3
4.425000E-8	-4.095671E-3
4.430000E-8	-4.414280E-3
4.435000E-8	-4.600992E-3
4.440000E-8	-4.635251E-3
4.445000E-8	-4.520483E-3
4.450000E-8	-4.258402E-3
4.455000E-8	-3.825025E-3
4.460000E-8	-3.232344E-3
4.465000E-8	-2.560868E-3
4.470000E-8	-1.849994E-3
4.475000E-8	-1.142545E-3
4.480000E-8	-5.087539E-4
4.485000E-8	2.739949E-5
4.490000E-8	4.607759E-4
4.495000E-8	7.485515E-4
4.500000E-8	8.581803E-4
4.505000E-8	8.033659E-4
4.510000E-8	6.063766E-4
4.515000E-8	2.586478E-4
4.520000E-8	-2.226912E-4
4.525000E-8	-7.965295E-4
4.530000E-8	-1.416617E-3
4.535000E-8	-2.019576E-3
4.540000E-8	-2.566007E-3
4.545000E-8	-3.040494E-3
4.550000E-8	-3.400214E-3
4.555000E-8	-3.624610E-3
4.560000E-8	-3.703406E-3
4.565000E-8	-3.660582E-3
4.570000E-8	-3.513268E-3
4.575000E-8	-3.283733E-3
4.580000E-8	-2.985680E-3
4.585000E-8	-2.637951E-3
4.590000E-8	-2.249111E-3
4.595000E-8	-1.819161E-3
4.600000E-8	-1.366942E-3
4.605000E-8	-9.301396E-4
4.610000E-8	-5.156057E-4
4.615000E-8	-1.301919E-4
4.620000E-8	1.764261E-4
4.625000E-8	3.579989E-4
4.630000E-8	4.744795E-4
4.635000E-8	5.275809E-4
4.640000E-8	4.744795E-4
4.645000E-8	2.877679E-4
4.650000E-8	1.540884E-5
4.655000E-8	-3.169035E-4
4.660000E-8	-7.331503E-4
4.665000E-8	-1.219628E-3
4.670000E-8	-1.738652E-3
4.675000E-8	-2.235408E-3
4.680000E-8	-2.675636E-3
4.685000E-8	-3.081605E-3
4.690000E-8	-3.489287E-3
4.695000E-8	-3.854145E-3
4.700000E-8	-4.092245E-3
4.705000E-8	-4.201874E-3
4.710000E-8	-4.203587E-3
4.715000E-8	-4.049422E-3
4.720000E-8	-3.706832E-3
4.725000E-8	-3.285446E-3
4.730000E-8	-2.840079E-3
4.735000E-8	-2.341610E-3
4.740000E-8	-1.807170E-3
4.745000E-8	-1.306989E-3
4.750000E-8	-8.342144E-4
4.755000E-8	-4.059769E-4
4.760000E-8	-1.062106E-4
4.765000E-8	4.795489E-5
4.770000E-8	1.147599E-4
4.775000E-8	7.193620E-5
4.780000E-8	-1.319049E-4
4.785000E-8	-4.659301E-4
4.790000E-8	-8.770381E-4
4.795000E-8	-1.368655E-3
4.800000E-8	-1.920225E-3
4.805000E-8	-2.471795E-3
4.810000E-8	-2.959985E-3
4.815000E-8	-3.362529E-3
4.820000E-8	-3.694841E-3
4.825000E-8	-3.950071E-3
4.830000E-8	-4.085394E-3
4.835000E-8	-4.068264E-3
4.840000E-8	-3.917524E-3
4.845000E-8	-3.652017E-3
4.850000E-8	-3.271742E-3
4.855000E-8	-2.824662E-3
4.860000E-8	-2.357027E-3
4.865000E-8	-1.843142E-3
4.870000E-8	-1.306989E-3
4.875000E-8	-8.187978E-4
4.880000E-8	-4.145416E-4
4.885000E-8	-1.044977E-4
4.890000E-8	1.027693E-4
4.895000E-8	1.832779E-4
4.900000E-8	1.353153E-4
4.905000E-8	-2.912786E-5
4.910000E-8	-3.186164E-4
4.915000E-8	-6.594935E-4
4.920000E-8	-1.010648E-3
4.925000E-8	-1.382358E-3
4.930000E-8	-1.790041E-3
4.935000E-8	-2.158325E-3
4.940000E-8	-2.452952E-3
4.945000E-8	-2.704756E-3
4.950000E-8	-2.905171E-3
4.955000E-8	-3.006235E-3
4.960000E-8	-3.030216E-3
4.965000E-8	-2.995957E-3
4.970000E-8	-2.879477E-3
4.975000E-8	-2.718459E-3
4.980000E-8	-2.526609E-3
4.985000E-8	-2.278231E-3
4.990000E-8	-1.988743E-3
4.995000E-8	-1.719810E-3
5.000000E-8	-1.447451E-3
5.005000E-8	-1.161388E-3
5.010000E-8	-9.112971E-4
5.015000E-8	-6.886136E-4
5.020000E-8	-4.727819E-4
5.025000E-8	-3.323200E-4
5.030000E-8	-2.946351E-4
5.035000E-8	-2.946351E-4
5.040000E-8	-3.306071E-4
5.045000E-8	-4.864855E-4
5.050000E-8	-7.451410E-4
5.055000E-8	-1.043194E-3
5.060000E-8	-1.378932E-3
5.065000E-8	-1.769485E-3
5.070000E-8	-2.168602E-3
5.075000E-8	-2.562581E-3
5.080000E-8	-2.958272E-3
5.085000E-8	-3.352251E-3
5.090000E-8	-3.708545E-3
5.095000E-8	-3.989468E-3
5.100000E-8	-4.174467E-3
5.105000E-8	-4.265253E-3
5.110000E-8	-4.246411E-3
5.115000E-8	-4.081968E-3
5.120000E-8	-3.794192E-3
5.125000E-8	-3.448176E-3
5.130000E-8	-3.043920E-3
5.135000E-8	-2.569433E-3
5.140000E-8	-2.064113E-3
5.145000E-8	-1.541663E-3
5.150000E-8	-1.029491E-3
5.155000E-8	-5.926884E-4
5.160000E-8	-2.877833E-4
5.165000E-8	-1.062106E-4
5.170000E-8	-7.195161E-5
5.175000E-8	-2.278301E-4
5.180000E-8	-5.053280E-4
5.185000E-8	-8.564827E-4
5.190000E-8	-1.300137E-3
5.195000E-8	-1.815735E-3
5.200000E-8	-2.338185E-3
5.205000E-8	-2.822949E-3
5.210000E-8	-3.246048E-3
5.215000E-8	-3.552666E-3
5.220000E-8	-3.754794E-3
5.225000E-8	-3.864423E-3
5.230000E-8	-3.831877E-3
5.235000E-8	-3.643452E-3
5.240000E-8	-3.372806E-3
5.245000E-8	-3.064475E-3
5.250000E-8	-2.696191E-3
5.255000E-8	-2.281657E-3
5.260000E-8	-1.913373E-3
5.265000E-8	-1.620458E-3
5.270000E-8	-1.404627E-3
5.275000E-8	-1.240184E-3
5.280000E-8	-1.089444E-3
5.285000E-8	-9.712504E-4
5.290000E-8	-9.421302E-4
5.295000E-8	-9.781022E-4
5.300000E-8	-1.019213E-3
5.305000E-8	-1.084305E-3
5.310000E-8	-1.207637E-3
5.315000E-8	-1.332683E-3
5.320000E-8	-1.435460E-3
5.325000E-8	-1.575922E-3
5.330000E-8	-1.743791E-3
5.335000E-8	-1.909947E-3
5.340000E-8	-2.118927E-3
5.345000E-8	-2.355314E-3
5.350000E-8	-2.531748E-3
5.355000E-8	-2.651654E-3
5.360000E-8	-2.819523E-3
5.365000E-8	-2.965124E-3
5.370000E-8	-2.977115E-3
5.375000E-8	-2.884616E-3
5.380000E-8	-2.766422E-3
5.385000E-8	-2.598553E-3
5.390000E-8	-2.345036E-3
5.395000E-8	-2.024715E-3
5.400000E-8	-1.656430E-3
5.405000E-8	-1.288146E-3
5.410000E-8	-9.609727E-4
5.415000E-8	-6.646323E-4
5.420000E-8	-4.025510E-4
5.425000E-8	-2.329689E-4
5.430000E-8	-2.004229E-4
5.435000E-8	-2.723668E-4
5.440000E-8	-4.282452E-4
5.445000E-8	-6.971784E-4
5.450000E-8	-1.074027E-3
5.455000E-8	-1.507404E-3
5.460000E-8	-1.947632E-3
5.465000E-8	-2.396425E-3
5.470000E-8	-2.836653E-3
5.475000E-8	-3.227206E-3
5.480000E-8	-3.508129E-3
5.485000E-8	-3.684563E-3
5.490000E-8	-3.759933E-3
5.495000E-8	-3.699980E-3
5.500000E-8	-3.499565E-3
5.505000E-8	-3.192947E-3
5.510000E-8	-2.814385E-3
5.515000E-8	-2.351888E-3
5.520000E-8	-1.872262E-3
5.525000E-8	-1.430321E-3
5.530000E-8	-1.027778E-3
5.535000E-8	-6.372251E-4
5.540000E-8	-3.203294E-4
5.545000E-8	-1.164883E-4
5.550000E-8	4.110309E-5
5.555000E-8	1.678614E-4
5.560000E-8	1.610096E-4
5.565000E-8	3.253834E-5
5.570000E-8	-1.250531E-4
5.575000E-8	-3.408848E-4
5.580000E-8	-6.663453E-4
5.585000E-8	-1.024352E-3
5.590000E-8	-1.354951E-3
5.595000E-8	-1.671847E-3
5.600000E-8	-1.983604E-3
5.605000E-8	-2.278231E-3
5.610000E-8	-2.547164E-3
5.615000E-8	-2.768135E-3
5.620000E-8	-2.934291E-3
5.625000E-8	-3.038781E-3
5.630000E-8	-3.043920E-3
5.635000E-8	-2.917162E-3
5.640000E-8	-2.751005E-3
5.645000E-8	-2.564294E-3
5.650000E-8	-2.281657E-3
5.655000E-8	-1.944206E-3
5.660000E-8	-1.635875E-3
5.665000E-8	-1.351525E-3
5.670000E-8	-1.043194E-3
5.675000E-8	-7.811129E-4
5.680000E-8	-5.961143E-4
5.685000E-8	-4.488006E-4
5.690000E-8	-3.528754E-4
5.695000E-8	-3.477366E-4
5.700000E-8	-4.076898E-4
5.705000E-8	-5.327352E-4
5.710000E-8	-7.588446E-4
5.715000E-8	-1.056898E-3
5.720000E-8	-1.354951E-3
5.725000E-8	-1.644440E-3
5.730000E-8	-1.932215E-3
5.735000E-8	-2.185732E-3
5.740000E-8	-2.384434E-3
5.745000E-8	-2.536887E-3
5.750000E-8	-2.637951E-3
5.755000E-8	-2.675636E-3
5.760000E-8	-2.675636E-3
5.765000E-8	-2.625960E-3
5.770000E-8	-2.518044E-3
5.775000E-8	-2.391286E-3
5.780000E-8	-2.290222E-3
5.785000E-8	-2.172028E-3
5.790000E-8	-2.017863E-3
5.795000E-8	-1.870549E-3
5.800000E-8	-1.736939E-3
5.805000E-8	-1.569070E-3
5.810000E-8	-1.384071E-3
5.815000E-8	-1.233332E-3
5.820000E-8	-1.094583E-3
5.825000E-8	-9.387043E-4
5.830000E-8	-8.136590E-4
5.835000E-8	-7.382892E-4
5.840000E-8	-6.714841E-4
5.845000E-8	-6.320863E-4
5.850000E-8	-6.526417E-4
5.855000E-8	-7.262985E-4
5.860000E-8	-8.513439E-4
5.865000E-8	-1.022639E-3
5.870000E-8	-1.171666E-3
5.875000E-8	-1.301850E-3
5.880000E-8	-1.485135E-3
5.885000E-8	-1.704393E-3
5.890000E-8	-1.846568E-3
5.895000E-8	-1.918512E-3
5.900000E-8	-2.004159E-3
5.905000E-8	-2.082955E-3
5.910000E-8	-2.084668E-3
5.915000E-8	-2.012724E-3
5.920000E-8	-1.911660E-3
5.925000E-8	-1.781476E-3
5.930000E-8	-1.622171E-3
5.935000E-8	-1.461154E-3
5.940000E-8	-1.306989E-3
5.945000E-8	-1.149397E-3
5.950000E-8	-1.012361E-3
5.955000E-8	-9.387043E-4
5.960000E-8	-9.284266E-4
5.965000E-8	-9.592597E-4
5.970000E-8	-1.038055E-3
5.975000E-8	-1.164814E-3
5.980000E-8	-1.296711E-3
5.985000E-8	-1.428608E-3
5.990000E-8	-1.577635E-3
5.995000E-8	-1.733513E-3
6.000000E-8	-1.880827E-3
6.005000E-8	-2.019576E-3
6.010000E-8	-2.149760E-3
6.015000E-8	-2.218278E-3
6.020000E-8	-2.218278E-3
6.025000E-8	-2.178880E-3
6.030000E-8	-2.105223E-3
6.035000E-8	-1.990456E-3
6.040000E-8	-1.885966E-3
6.045000E-8	-1.805457E-3
6.050000E-8	-1.702680E-3
6.055000E-8	-1.551940E-3
6.060000E-8	-1.406340E-3
6.065000E-8	-1.301850E-3
6.070000E-8	-1.209350E-3
6.075000E-8	-1.120277E-3
6.080000E-8	-1.084305E-3
6.085000E-8	-1.128842E-3
6.090000E-8	-1.219628E-3
6.095000E-8	-1.342961E-3
6.100000E-8	-1.522820E-3
6.105000E-8	-1.714671E-3
6.110000E-8	-1.851707E-3
6.115000E-8	-1.913373E-3
6.120000E-8	-1.935641E-3
6.125000E-8	-1.963048E-3
6.130000E-8	-1.981891E-3
6.135000E-8	-1.980178E-3
6.140000E-8	-1.952771E-3
6.145000E-8	-1.897956E-3
6.150000E-8	-1.836290E-3
6.155000E-8	-1.786615E-3
6.160000E-8	-1.759207E-3
6.165000E-8	-1.764346E-3
6.170000E-8	-1.800318E-3
6.175000E-8	-1.826012E-3
6.180000E-8	-1.807170E-3
6.185000E-8	-1.755782E-3
6.190000E-8	-1.659856E-3
6.195000E-8	-1.515969E-3
6.200000E-8	-1.370368E-3
6.205000E-8	-1.279581E-3
6.210000E-8	-1.226480E-3
6.215000E-8	-1.164814E-3
6.220000E-8	-1.156249E-3
6.225000E-8	-1.250461E-3
6.230000E-8	-1.406340E-3
6.235000E-8	-1.562218E-3
6.240000E-8	-1.733513E-3
6.245000E-8	-1.945919E-3
6.250000E-8	-2.160038E-3
6.255000E-8	-2.343323E-3
6.260000E-8	-2.523183E-3
6.265000E-8	-2.680775E-3
6.270000E-8	-2.792116E-3
6.275000E-8	-2.826375E-3
6.280000E-8	-2.848644E-3
6.285000E-8	-2.884616E-3
6.290000E-8	-2.881190E-3
6.295000E-8	-2.822949E-3
6.300000E-8	-2.757857E-3
6.305000E-8	-2.665358E-3
6.310000E-8	-2.514618E-3
6.315000E-8	-2.338185E-3
6.320000E-8	-2.175454E-3
6.325000E-8	-1.980178E-3
6.330000E-8	-1.728374E-3
6.335000E-8	-1.468006E-3
6.340000E-8	-1.219628E-3
6.345000E-8	-9.455561E-4
6.350000E-8	-6.954654E-4
6.355000E-8	-5.584294E-4
6.360000E-8	-5.293093E-4
6.365000E-8	-5.567165E-4
6.370000E-8	-6.355122E-4
6.375000E-8	-7.708352E-4
6.380000E-8	-9.455561E-4
6.385000E-8	-1.180230E-3
6.390000E-8	-1.457728E-3
6.395000E-8	-1.766059E-3
6.400000E-8	-2.050409E-3
6.405000E-8	-2.281657E-3
6.410000E-8	-2.444387E-3
6.415000E-8	-2.548877E-3
6.420000E-8	-2.588275E-3
6.425000E-8	-2.557442E-3
6.430000E-8	-2.482072E-3
6.435000E-8	-2.389573E-3
6.440000E-8	-2.269667E-3
6.445000E-8	-2.134343E-3
6.450000E-8	-1.988743E-3
6.455000E-8	-1.826012E-3
6.460000E-8	-1.646153E-3
6.465000E-8	-1.459441E-3
6.470000E-8	-1.271017E-3
6.475000E-8	-1.108286E-3
6.480000E-8	-1.017500E-3
6.485000E-8	-9.986576E-4
6.490000E-8	-1.027778E-3
6.495000E-8	-1.084305E-3
6.500000E-8	-1.132268E-3
6.505000E-8	-1.156249E-3
6.510000E-8	-1.176804E-3
6.515000E-8	-1.209350E-3
6.520000E-8	-1.243609E-3
6.525000E-8	-1.271017E-3
6.530000E-8	-1.300137E-3
6.535000E-8	-1.353238E-3
6.540000E-8	-1.433747E-3
6.545000E-8	-1.534811E-3
6.550000E-8	-1.663282E-3
6.555000E-8	-1.776337E-3
6.560000E-8	-1.875688E-3
6.565000E-8	-1.980178E-3
6.570000E-8	-2.096659E-3
6.575000E-8	-2.202861E-3
6.580000E-8	-2.286796E-3
6.585000E-8	-2.346749E-3
6.590000E-8	-2.386147E-3
6.595000E-8	-2.370731E-3
6.600000E-8	-2.295361E-3
6.605000E-8	-2.231982E-3
6.610000E-8	-2.204574E-3
6.615000E-8	-2.136056E-3
6.620000E-8	-2.019576E-3
6.625000E-8	-1.916799E-3
6.630000E-8	-1.827725E-3
6.635000E-8	-1.694115E-3
6.640000E-8	-1.570783E-3
6.645000E-8	-1.527959E-3
6.650000E-8	-1.491987E-3
6.655000E-8	-1.399488E-3
6.660000E-8	-1.308702E-3
6.665000E-8	-1.324118E-3
6.670000E-8	-1.397775E-3
6.675000E-8	-1.474858E-3
6.680000E-8	-1.565644E-3
6.685000E-8	-1.692402E-3
6.690000E-8	-1.832864E-3
6.695000E-8	-1.942493E-3
6.700000E-8	-2.021289E-3
6.705000E-8	-2.070964E-3
6.710000E-8	-2.076103E-3
6.715000E-8	-2.029854E-3
6.720000E-8	-1.949345E-3
6.725000E-8	-1.865410E-3
6.730000E-8	-1.779763E-3
6.735000E-8	-1.711245E-3
6.740000E-8	-1.687264E-3
6.745000E-8	-1.678699E-3
6.750000E-8	-1.671847E-3
6.755000E-8	-1.694115E-3
6.760000E-8	-1.769485E-3
6.765000E-8	-1.832864E-3
6.770000E-8	-1.812309E-3
6.775000E-8	-1.767772E-3
6.780000E-8	-1.762633E-3
6.785000E-8	-1.807170E-3
6.790000E-8	-1.885966E-3
6.795000E-8	-1.976752E-3
6.800000E-8	-2.055548E-3
6.805000E-8	-2.103510E-3
6.810000E-8	-2.158325E-3
6.815000E-8	-2.266241E-3
6.820000E-8	-2.420406E-3
6.825000E-8	-2.619108E-3
6.830000E-8	-2.814385E-3
6.835000E-8	-2.975402E-3
6.840000E-8	-3.083318E-3
6.845000E-8	-3.139845E-3
6.850000E-8	-3.151836E-3
6.855000E-8	-3.117577E-3
6.860000E-8	-3.016513E-3
6.865000E-8	-2.855495E-3
6.870000E-8	-2.684200E-3
6.875000E-8	-2.514618E-3
6.880000E-8	-2.303926E-3
6.885000E-8	-2.105223E-3
6.890000E-8	-1.957910E-3
6.895000E-8	-1.788328E-3
6.900000E-8	-1.591338E-3
6.905000E-8	-1.462867E-3
6.910000E-8	-1.409766E-3
6.915000E-8	-1.341248E-3
6.920000E-8	-1.257313E-3
6.925000E-8	-1.205925E-3
6.930000E-8	-1.163101E-3
6.935000E-8	-1.149397E-3
6.940000E-8	-1.197360E-3
6.945000E-8	-1.317266E-3
6.950000E-8	-1.452589E-3
6.955000E-8	-1.562218E-3
6.960000E-8	-1.647866E-3
6.965000E-8	-1.723235E-3
6.970000E-8	-1.786615E-3
6.975000E-8	-1.839716E-3
6.980000E-8	-1.873975E-3
6.985000E-8	-1.875688E-3
6.990000E-8	-1.820874E-3
6.995000E-8	-1.748930E-3
7.000000E-8	-1.675273E-3
7.005000E-8	-1.550228E-3
7.010000E-8	-1.392636E-3
7.015000E-8	-1.293285E-3
7.020000E-8	-1.269304E-3
7.025000E-8	-1.267591E-3
7.030000E-8	-1.293285E-3
7.035000E-8	-1.348099E-3
7.040000E-8	-1.416617E-3
7.045000E-8	-1.478284E-3
7.050000E-8	-1.538237E-3
7.055000E-8	-1.593051E-3
7.060000E-8	-1.649579E-3
7.065000E-8	-1.724948E-3
7.070000E-8	-1.815735E-3
7.075000E-8	-1.894530E-3
7.080000E-8	-1.944206E-3
7.085000E-8	-1.968187E-3
7.090000E-8	-1.956197E-3
7.095000E-8	-1.920225E-3
7.100000E-8	-1.867123E-3
7.105000E-8	-1.831151E-3
7.110000E-8	-1.814022E-3
7.115000E-8	-1.827725E-3
7.120000E-8	-1.875688E-3
7.125000E-8	-1.940780E-3
7.130000E-8	-1.971613E-3
7.135000E-8	-1.947632E-3
7.140000E-8	-1.908234E-3
7.145000E-8	-1.872262E-3
7.150000E-8	-1.834577E-3
7.155000E-8	-1.798605E-3
7.160000E-8	-1.748930E-3
7.165000E-8	-1.687264E-3
7.170000E-8	-1.653005E-3
7.175000E-8	-1.663282E-3
7.180000E-8	-1.659856E-3
7.185000E-8	-1.664995E-3
7.190000E-8	-1.733513E-3
7.195000E-8	-1.814022E-3
7.200000E-8	-1.858559E-3
7.205000E-8	-1.908234E-3
7.210000E-8	-1.969900E-3
7.215000E-8	-1.980178E-3
7.220000E-8	-1.959623E-3
7.225000E-8	-1.990456E-3
7.230000E-8	-2.058974E-3
7.235000E-8	-2.100084E-3
7.240000E-8	-2.134343E-3
7.245000E-8	-2.163464E-3
7.250000E-8	-2.165177E-3
7.255000E-8	-2.166890E-3
7.260000E-8	-2.180593E-3
7.265000E-8	-2.141195E-3
7.270000E-8	-2.038418E-3
7.275000E-8	-1.923651E-3
7.280000E-8	-1.795179E-3
7.285000E-8	-1.658143E-3
7.290000E-8	-1.562218E-3
7.295000E-8	-1.490274E-3
7.300000E-8	-1.413191E-3
7.305000E-8	-1.373794E-3
7.310000E-8	-1.387497E-3
7.315000E-8	-1.409766E-3
7.320000E-8	-1.471432E-3
7.325000E-8	-1.594764E-3
7.330000E-8	-1.735226E-3
7.335000E-8	-1.897956E-3
7.340000E-8	-2.094946E-3
7.345000E-8	-2.271379E-3
7.350000E-8	-2.408415E-3
7.355000E-8	-2.554016E-3
7.360000E-8	-2.663645E-3
7.365000E-8	-2.680775E-3
7.370000E-8	-2.641377E-3
7.375000E-8	-2.574572E-3
7.380000E-8	-2.451239E-3
7.385000E-8	-2.283370E-3
7.390000E-8	-2.105223E-3
7.395000E-8	-1.899669E-3
7.400000E-8	-1.661569E-3
7.405000E-8	-1.413191E-3
7.410000E-8	-1.166527E-3
7.415000E-8	-9.541209E-4
7.420000E-8	-8.119460E-4
7.425000E-8	-7.228726E-4
7.430000E-8	-6.731971E-4
7.435000E-8	-6.783359E-4
7.440000E-8	-7.434280E-4
7.445000E-8	-8.205108E-4
7.450000E-8	-8.924547E-4
7.455000E-8	-9.935187E-4
7.460000E-8	-1.123703E-3
7.465000E-8	-1.305276E-3
7.470000E-8	-1.531385E-3
7.475000E-8	-1.788328E-3
7.480000E-8	-2.036705E-3
7.485000E-8	-2.255963E-3
7.490000E-8	-2.456378E-3
7.495000E-8	-2.624247E-3
7.500000E-8	-2.728737E-3
7.505000E-8	-2.761283E-3
7.510000E-8	-2.730450E-3
7.515000E-8	-2.644803E-3
7.520000E-8	-2.511192E-3
7.525000E-8	-2.285083E-3
7.530000E-8	-1.959623E-3
7.535000E-8	-1.613607E-3
7.540000E-8	-1.336109E-3
7.545000E-8	-1.109999E-3
7.550000E-8	-9.181489E-4
7.555000E-8	-8.273626E-4
7.560000E-8	-8.410662E-4
7.565000E-8	-9.232878E-4
7.570000E-8	-1.053472E-3
7.575000E-8	-1.223054E-3
7.580000E-8	-1.423469E-3
7.585000E-8	-1.630736E-3
7.590000E-8	-1.839716E-3
7.595000E-8	-2.012724E-3
7.600000E-8	-2.153186E-3
7.605000E-8	-2.247398E-3
7.610000E-8	-2.261102E-3
7.615000E-8	-2.259389E-3
7.620000E-8	-2.298787E-3
7.625000E-8	-2.288509E-3
7.630000E-8	-2.184019E-3
7.635000E-8	-2.089807E-3
7.640000E-8	-2.038418E-3
7.645000E-8	-1.968187E-3
7.650000E-8	-1.873975E-3
7.655000E-8	-1.784902E-3
7.660000E-8	-1.644440E-3
7.665000E-8	-1.454302E-3
7.670000E-8	-1.274443E-3
7.675000E-8	-1.133981E-3
7.680000E-8	-1.027778E-3
7.685000E-8	-9.729633E-4
7.690000E-8	-9.438432E-4
7.695000E-8	-9.404173E-4
7.700000E-8	-9.969446E-4
7.705000E-8	-1.087731E-3
7.710000E-8	-1.180230E-3
7.715000E-8	-1.291572E-3
7.720000E-8	-1.440599E-3
7.725000E-8	-1.579348E-3
7.730000E-8	-1.659856E-3
7.735000E-8	-1.673560E-3
7.740000E-8	-1.603329E-3
7.745000E-8	-1.461154E-3
7.750000E-8	-1.294998E-3
7.755000E-8	-1.156249E-3
7.760000E-8	-1.051759E-3
7.765000E-8	-9.798151E-4
7.770000E-8	-9.866669E-4
7.775000E-8	-1.058611E-3
7.780000E-8	-1.169953E-3
7.785000E-8	-1.330970E-3
7.790000E-8	-1.553653E-3
7.795000E-8	-1.766059E-3
7.800000E-8	-1.959623E-3
7.805000E-8	-2.204574E-3
7.810000E-8	-2.476933E-3
7.815000E-8	-2.639664E-3
7.820000E-8	-2.670497E-3
7.825000E-8	-2.610544E-3
7.830000E-8	-2.425545E-3
7.835000E-8	-2.115501E-3
7.840000E-8	-1.791753E-3
7.845000E-8	-1.507404E-3
7.850000E-8	-1.248748E-3
7.855000E-8	-1.038055E-3
7.860000E-8	-9.061583E-4
7.865000E-8	-8.701863E-4
7.870000E-8	-9.095842E-4
7.875000E-8	-1.010648E-3
7.880000E-8	-1.164814E-3
7.885000E-8	-1.373794E-3
7.890000E-8	-1.605042E-3
7.895000E-8	-1.834577E-3
7.900000E-8	-2.067538E-3
7.905000E-8	-2.297074E-3
7.910000E-8	-2.456378E-3
7.915000E-8	-2.560868E-3
7.920000E-8	-2.677349E-3
7.925000E-8	-2.781839E-3
7.930000E-8	-2.805820E-3
7.935000E-8	-2.769848E-3
7.940000E-8	-2.711608E-3
7.945000E-8	-2.622534E-3
7.950000E-8	-2.495776E-3
7.955000E-8	-2.322768E-3
7.960000E-8	-2.139482E-3
7.965000E-8	-1.959623E-3
7.970000E-8	-1.786615E-3
7.975000E-8	-1.637588E-3
7.980000E-8	-1.569070E-3
7.985000E-8	-1.575922E-3
7.990000E-8	-1.587912E-3
7.995000E-8	-1.596477E-3
8.000000E-8	-1.635875E-3
8.005000E-8	-1.714671E-3
8.010000E-8	-1.793466E-3
8.015000E-8	-1.875688E-3
8.020000E-8	-1.949345E-3
8.025000E-8	-1.997307E-3
8.030000E-8	-2.029854E-3
8.035000E-8	-2.055548E-3
8.040000E-8	-2.052122E-3
8.045000E-8	-1.993882E-3
8.050000E-8	-1.921938E-3
8.055000E-8	-1.844855E-3
8.060000E-8	-1.764346E-3
8.065000E-8	-1.718097E-3
8.070000E-8	-1.733513E-3
8.075000E-8	-1.754069E-3
8.080000E-8	-1.760920E-3
8.085000E-8	-1.810596E-3
8.090000E-8	-1.918512E-3
8.095000E-8	-2.016150E-3
8.100000E-8	-2.077816E-3
8.105000E-8	-2.153186E-3
8.110000E-8	-2.257676E-3
8.115000E-8	-2.339897E-3
8.120000E-8	-2.374156E-3
8.125000E-8	-2.403277E-3
8.130000E-8	-2.434110E-3
8.135000E-8	-2.440962E-3
8.140000E-8	-2.408415E-3
8.145000E-8	-2.372444E-3
8.150000E-8	-2.329620E-3
8.155000E-8	-2.255963E-3
8.160000E-8	-2.165177E-3
8.165000E-8	-2.086381E-3
8.170000E-8	-1.993882E-3
8.175000E-8	-1.891105E-3
8.180000E-8	-1.819161E-3
8.185000E-8	-1.771198E-3
8.190000E-8	-1.700967E-3
8.195000E-8	-1.603329E-3
8.200000E-8	-1.500552E-3
8.205000E-8	-1.447451E-3
8.210000E-8	-1.452589E-3
8.215000E-8	-1.491987E-3
8.220000E-8	-1.527959E-3
8.225000E-8	-1.553653E-3
8.230000E-8	-1.560505E-3
8.235000E-8	-1.536524E-3
8.240000E-8	-1.526246E-3
8.245000E-8	-1.591338E-3
8.250000E-8	-1.692402E-3
8.255000E-8	-1.731800E-3
8.260000E-8	-1.709532E-3
8.265000E-8	-1.714671E-3
8.270000E-8	-1.769485E-3
8.275000E-8	-1.772911E-3
8.280000E-8	-1.706106E-3
8.285000E-8	-1.664995E-3
8.290000E-8	-1.642727E-3
8.295000E-8	-1.593051E-3
8.300000E-8	-1.521107E-3
8.305000E-8	-1.478284E-3
8.310000E-8	-1.423469E-3
8.315000E-8	-1.373794E-3
8.320000E-8	-1.361803E-3
8.325000E-8	-1.380645E-3
8.330000E-8	-1.433747E-3
8.335000E-8	-1.517681E-3
8.340000E-8	-1.605042E-3
8.345000E-8	-1.685551E-3
8.350000E-8	-1.796892E-3
8.355000E-8	-1.920225E-3
8.360000E-8	-1.966474E-3
8.365000E-8	-1.925364E-3
8.370000E-8	-1.829438E-3
8.375000E-8	-1.675273E-3
8.380000E-8	-1.500552E-3
8.385000E-8	-1.404627E-3
8.390000E-8	-1.375507E-3
8.395000E-8	-1.339535E-3
8.400000E-8	-1.293285E-3
8.405000E-8	-1.320692E-3
8.410000E-8	-1.401201E-3
8.415000E-8	-1.486848E-3
8.420000E-8	-1.610181E-3
8.425000E-8	-1.807170E-3
8.430000E-8	-2.004159E-3
8.435000E-8	-2.124066E-3
8.440000E-8	-2.196010E-3
8.445000E-8	-2.225130E-3
8.450000E-8	-2.189158E-3
8.455000E-8	-2.115501E-3
8.460000E-8	-2.045270E-3
8.465000E-8	-1.988743E-3
8.470000E-8	-1.932215E-3
8.475000E-8	-1.865410E-3
8.480000E-8	-1.788328E-3
8.485000E-8	-1.724948E-3
8.490000E-8	-1.730087E-3
8.495000E-8	-1.755782E-3
8.500000E-8	-1.778050E-3
8.505000E-8	-1.834577E-3
8.510000E-8	-1.935641E-3
8.515000E-8	-2.012724E-3
8.520000E-8	-2.057261E-3
8.525000E-8	-2.089807E-3
8.530000E-8	-2.096659E-3
8.535000E-8	-2.086381E-3
8.540000E-8	-2.088094E-3
8.545000E-8	-2.072677E-3
8.550000E-8	-2.053835E-3
8.555000E-8	-2.086381E-3
8.560000E-8	-2.156612E-3
8.565000E-8	-2.184019E-3
8.570000E-8	-2.187445E-3
8.575000E-8	-2.199436E-3
8.580000E-8	-2.165177E-3
8.585000E-8	-2.058974E-3
8.590000E-8	-1.937354E-3
8.595000E-8	-1.861984E-3
8.600000E-8	-1.836290E-3
8.605000E-8	-1.822587E-3
8.610000E-8	-1.778050E-3
8.615000E-8	-1.723235E-3
8.620000E-8	-1.690689E-3
8.625000E-8	-1.675273E-3
8.630000E-8	-1.634162E-3
8.635000E-8	-1.584487E-3
8.640000E-8	-1.565644E-3
8.645000E-8	-1.560505E-3
8.650000E-8	-1.548515E-3
8.655000E-8	-1.538237E-3
8.660000E-8	-1.533098E-3
8.665000E-8	-1.507404E-3
8.670000E-8	-1.497126E-3
8.675000E-8	-1.539950E-3
8.680000E-8	-1.599903E-3
8.685000E-8	-1.646153E-3
8.690000E-8	-1.687264E-3
8.695000E-8	-1.726661E-3
8.700000E-8	-1.754069E-3
8.705000E-8	-1.791753E-3
8.710000E-8	-1.834577E-3
8.715000E-8	-1.815735E-3
8.720000E-8	-1.716384E-3
8.725000E-8	-1.584487E-3
8.730000E-8	-1.432034E-3
8.735000E-8	-1.265878E-3
8.740000E-8	-1.121990E-3
8.745000E-8	-1.012361E-3
8.750000E-8	-9.626856E-4
8.755000E-8	-1.007222E-3
8.760000E-8	-1.128842E-3
8.765000E-8	-1.257313E-3
8.770000E-8	-1.418330E-3
8.775000E-8	-1.630736E-3
8.780000E-8	-1.829438E-3
8.785000E-8	-1.978465E-3
8.790000E-8	-2.108649E-3
8.795000E-8	-2.194297E-3
8.800000E-8	-2.180593E-3
8.805000E-8	-2.146334E-3
8.810000E-8	-2.139482E-3
8.815000E-8	-2.113788E-3
8.820000E-8	-2.079529E-3
8.825000E-8	-2.076103E-3
8.830000E-8	-2.067538E-3
8.835000E-8	-2.029854E-3
8.840000E-8	-1.999020E-3
8.845000E-8	-1.954484E-3
8.850000E-8	-1.906521E-3
8.855000E-8	-1.892818E-3
8.860000E-8	-1.892818E-3
8.865000E-8	-1.836290E-3
8.870000E-8	-1.754069E-3
8.875000E-8	-1.666708E-3
8.880000E-8	-1.553653E-3
8.885000E-8	-1.442312E-3
8.890000E-8	-1.368655E-3
8.895000E-8	-1.303563E-3
8.900000E-8	-1.255600E-3
8.905000E-8	-1.264165E-3
8.910000E-8	-1.293285E-3
8.915000E-8	-1.283007E-3
8.920000E-8	-1.317266E-3
8.925000E-8	-1.456015E-3
8.930000E-8	-1.605042E-3
8.935000E-8	-1.688976E-3
8.940000E-8	-1.755782E-3
8.945000E-8	-1.803744E-3
8.950000E-8	-1.748930E-3
8.955000E-8	-1.598190E-3
8.960000E-8	-1.450876E-3
8.965000E-8	-1.329257E-3
8.970000E-8	-1.200786E-3
8.975000E-8	-1.086018E-3
8.980000E-8	-1.005509E-3
8.985000E-8	-9.626856E-4
8.990000E-8	-9.729633E-4
8.995000E-8	-1.046620E-3
9.000000E-8	-1.140832E-3
9.005000E-8	-1.247035E-3
9.010000E-8	-1.358377E-3
9.015000E-8	-1.466293E-3
9.020000E-8	-1.598190E-3
9.025000E-8	-1.779763E-3
9.030000E-8	-1.925364E-3
9.035000E-8	-1.980178E-3
9.040000E-8	-2.005872E-3
9.045000E-8	-2.024715E-3
9.050000E-8	-1.985317E-3
9.055000E-8	-1.947632E-3
9.060000E-8	-1.939067E-3
9.065000E-8	-1.928789E-3
9.070000E-8	-1.930502E-3
9.075000E-8	-2.011011E-3
9.080000E-8	-2.124066E-3
9.085000E-8	-2.172028E-3
9.090000E-8	-2.170315E-3
9.095000E-8	-2.158325E-3
9.100000E-8	-2.130918E-3
9.105000E-8	-2.096659E-3
9.110000E-8	-2.096659E-3
9.115000E-8	-2.120640E-3
9.120000E-8	-2.175454E-3
9.125000E-8	-2.257676E-3
9.130000E-8	-2.322768E-3
9.135000E-8	-2.386147E-3
9.140000E-8	-2.466656E-3
9.145000E-8	-2.536887E-3
9.150000E-8	-2.518044E-3
9.155000E-8	-2.458091E-3
9.160000E-8	-2.394712E-3
9.165000E-8	-2.283370E-3
9.170000E-8	-2.113788E-3
9.175000E-8	-1.939067E-3
9.180000E-8	-1.788328E-3
9.185000E-8	-1.639301E-3
9.190000E-8	-1.529672E-3
9.195000E-8	-1.476571E-3
9.200000E-8	-1.473145E-3
9.205000E-8	-1.526246E-3
9.210000E-8	-1.647866E-3
9.215000E-8	-1.776337E-3
9.220000E-8	-1.891105E-3
9.225000E-8	-2.029854E-3
9.230000E-8	-2.154899E-3
9.235000E-8	-2.170315E-3
9.240000E-8	-2.125779E-3
9.245000E-8	-2.089807E-3
9.250000E-8	-1.985317E-3
9.255000E-8	-1.783189E-3
9.260000E-8	-1.586199E-3
9.265000E-8	-1.438886E-3
9.270000E-8	-1.277868E-3
9.275000E-8	-1.104860E-3
9.280000E-8	-1.010648E-3
9.285000E-8	-1.003796E-3
9.290000E-8	-1.062037E-3
9.295000E-8	-1.187082E-3
9.300000E-8	-1.351525E-3
9.305000E-8	-1.517681E-3
9.310000E-8	-1.709532E-3
9.315000E-8	-1.928789E-3
9.320000E-8	-2.115501E-3
9.325000E-8	-2.245685E-3
9.330000E-8	-2.362166E-3
9.335000E-8	-2.442674E-3
9.340000E-8	-2.452952E-3
9.345000E-8	-2.413554E-3
9.350000E-8	-2.369018E-3
9.355000E-8	-2.309064E-3
9.360000E-8	-2.242259E-3
9.365000E-8	-2.199436E-3
9.370000E-8	-2.175454E-3
9.375000E-8	-2.175454E-3
9.380000E-8	-2.189158E-3
9.385000E-8	-2.182306E-3
9.390000E-8	-2.158325E-3
9.395000E-8	-2.153186E-3
9.400000E-8	-2.160038E-3
9.405000E-8	-2.118927E-3
9.410000E-8	-2.065825E-3
9.415000E-8	-2.012724E-3
9.420000E-8	-1.968187E-3
9.425000E-8	-1.968187E-3
9.430000E-8	-2.041844E-3
9.435000E-8	-2.139482E-3
9.440000E-8	-2.223417E-3
9.445000E-8	-2.293648E-3
9.450000E-8	-2.351888E-3
9.455000E-8	-2.391286E-3
9.460000E-8	-2.413554E-3
9.465000E-8	-2.363879E-3
9.470000E-8	-2.223417E-3
9.475000E-8	-2.094946E-3
9.480000E-8	-2.012724E-3
9.485000E-8	-1.887679E-3
9.490000E-8	-1.697541E-3
9.495000E-8	-1.517681E-3
9.500000E-8	-1.377220E-3
9.505000E-8	-1.250461E-3
9.510000E-8	-1.163101E-3
9.515000E-8	-1.120277E-3
9.520000E-8	-1.098009E-3
9.525000E-8	-1.108286E-3
9.530000E-8	-1.163101E-3
9.535000E-8	-1.219628E-3
9.540000E-8	-1.293285E-3
9.545000E-8	-1.432034E-3
9.550000E-8	-1.594764E-3
9.555000E-8	-1.733513E-3
9.560000E-8	-1.908234E-3
9.565000E-8	-2.118927E-3
9.570000E-8	-2.276518E-3
9.575000E-8	-2.370731E-3
9.580000E-8	-2.487211E-3
9.585000E-8	-2.620821E-3
9.590000E-8	-2.672210E-3
9.595000E-8	-2.649941E-3
9.600000E-8	-2.613969E-3
9.605000E-8	-2.533461E-3
9.610000E-8	-2.377582E-3
9.615000E-8	-2.208000E-3
9.620000E-8	-2.040131E-3
9.625000E-8	-1.877401E-3
9.630000E-8	-1.783189E-3
9.635000E-8	-1.793466E-3
9.640000E-8	-1.838003E-3
9.645000E-8	-1.867123E-3
9.650000E-8	-1.897956E-3
9.655000E-8	-1.930502E-3
9.660000E-8	-1.932215E-3
9.665000E-8	-1.923651E-3
9.670000E-8	-1.940780E-3
9.675000E-8	-1.951058E-3
9.680000E-8	-1.923651E-3
9.685000E-8	-1.855133E-3
9.690000E-8	-1.766059E-3
9.695000E-8	-1.654717E-3
9.700000E-8	-1.563931E-3
9.705000E-8	-1.517681E-3
9.710000E-8	-1.502265E-3
9.715000E-8	-1.474858E-3
9.720000E-8	-1.490274E-3
9.725000E-8	-1.570783E-3
9.730000E-8	-1.671847E-3
9.735000E-8	-1.762633E-3
9.740000E-8	-1.851707E-3
9.745000E-8	-1.966474E-3
9.750000E-8	-2.106936E-3
9.755000E-8	-2.290222E-3
9.760000E-8	-2.488924E-3
9.765000E-8	-2.663645E-3
9.770000E-8	-2.759570E-3
9.775000E-8	-2.769848E-3
9.780000E-8	-2.711608E-3
9.785000E-8	-2.610544E-3
9.790000E-8	-2.504341E-3
9.795000E-8	-2.384434E-3
9.800000E-8	-2.231982E-3
9.805000E-8	-2.029854E-3
9.810000E-8	-1.808883E-3
9.815000E-8	-1.615320E-3
9.820000E-8	-1.462867E-3
9.825000E-8	-1.342961E-3
9.830000E-8	-1.313840E-3
9.835000E-8	-1.397775E-3
9.840000E-8	-1.517681E-3
9.845000E-8	-1.593051E-3
9.850000E-8	-1.651292E-3
9.855000E-8	-1.711245E-3
9.860000E-8	-1.740365E-3
9.865000E-8	-1.747217E-3
9.870000E-8	-1.760920E-3
9.875000E-8	-1.759207E-3
9.880000E-8	-1.733513E-3
9.885000E-8	-1.714671E-3
9.890000E-8	-1.700967E-3
9.895000E-8	-1.661569E-3
9.900000E-8	-1.617033E-3
9.905000E-8	-1.610181E-3
9.910000E-8	-1.617033E-3
9.915000E-8	-1.618746E-3
9.920000E-8	-1.642727E-3
9.925000E-8	-1.683838E-3
9.930000E-8	-1.719810E-3
9.935000E-8	-1.759207E-3
9.940000E-8	-1.826012E-3
9.945000E-8	-1.880827E-3
9.950000E-8	-1.891105E-3
9.955000E-8	-1.884253E-3
9.960000E-8	-1.889392E-3
9.965000E-8	-1.903095E-3
9.970000E-8	-1.891105E-3
9.975000E-8	-1.853420E-3
9.980000E-8	-1.798605E-3
9.985000E-8	-1.712958E-3
9.990000E-8	-1.599903E-3
9.995000E-8	-1.449163E-3
1.000000E-7	-1.277868E-3
1.000500E-7	-1.140832E-3
1.001000E-7	-1.060324E-3
1.001500E-7	-1.015787E-3
1.002000E-7	-1.012361E-3
1.002500E-7	-1.058611E-3
1.003000E-7	-1.154536E-3
1.003500E-7	-1.240184E-3
1.004000E-7	-1.336109E-3
1.004500E-7	-1.430321E-3
1.005000E-7	-1.526246E-3
1.005500E-7	-1.641014E-3
1.006000E-7	-1.755782E-3
1.006500E-7	-1.832864E-3
1.007000E-7	-1.873975E-3
1.007500E-7	-1.882540E-3
1.008000E-7	-1.841429E-3
1.008500E-7	-1.771198E-3
1.009000E-7	-1.748930E-3
1.009500E-7	-1.790041E-3
1.010000E-7	-1.868836E-3
1.010500E-7	-1.985317E-3
1.011000E-7	-2.130918E-3
1.011500E-7	-2.254250E-3
1.012000E-7	-2.329620E-3
1.012500E-7	-2.396425E-3
1.013000E-7	-2.463230E-3
1.013500E-7	-2.535174E-3
1.014000E-7	-2.574572E-3
1.014500E-7	-2.536887E-3
1.015000E-7	-2.425545E-3
1.015500E-7	-2.259389E-3
1.016000E-7	-2.048696E-3
1.016500E-7	-1.836290E-3
1.017000E-7	-1.673560E-3
1.017500E-7	-1.557079E-3
1.018000E-7	-1.444025E-3
1.018500E-7	-1.348099E-3
1.019000E-7	-1.286433E-3
1.019500E-7	-1.269304E-3
1.020000E-7	-1.320692E-3
1.020500E-7	-1.387497E-3
1.021000E-7	-1.420043E-3
1.021500E-7	-1.396062E-3
1.022000E-7	-1.360090E-3
1.022500E-7	-1.354951E-3
1.023000E-7	-1.399488E-3
1.023500E-7	-1.452589E-3
1.024000E-7	-1.452589E-3
1.024500E-7	-1.437173E-3
1.025000E-7	-1.444025E-3
1.025500E-7	-1.452589E-3
1.026000E-7	-1.481710E-3
1.026500E-7	-1.611894E-3
1.027000E-7	-1.798605E-3
1.027500E-7	-1.949345E-3
1.028000E-7	-2.081242E-3
1.028500E-7	-2.209713E-3
1.029000E-7	-2.283370E-3
1.029500E-7	-2.309064E-3
1.030000E-7	-2.339897E-3
1.030500E-7	-2.355314E-3
1.031000E-7	-2.305638E-3
1.031500E-7	-2.216565E-3
1.032000E-7	-2.117214E-3
1.032500E-7	-2.007585E-3
1.033000E-7	-1.891105E-3
1.033500E-7	-1.793466E-3
1.034000E-7	-1.697541E-3
1.034500E-7	-1.587912E-3
1.035000E-7	-1.524533E-3
1.035500E-7	-1.505691E-3
1.036000E-7	-1.462867E-3
1.036500E-7	-1.390923E-3
1.037000E-7	-1.329257E-3
1.037500E-7	-1.298424E-3
1.038000E-7	-1.291572E-3
1.038500E-7	-1.313840E-3
1.039000E-7	-1.356664E-3
1.039500E-7	-1.421756E-3
1.040000E-7	-1.519394E-3
1.040500E-7	-1.618746E-3
1.041000E-7	-1.704393E-3
1.041500E-7	-1.795179E-3
1.042000E-7	-1.909947E-3
1.042500E-7	-2.007585E-3
1.043000E-7	-2.064113E-3
1.043500E-7	-2.062400E-3
1.044000E-7	-2.014437E-3
1.044500E-7	-1.976752E-3
1.045000E-7	-1.976752E-3
1.045500E-7	-1.983604E-3
1.046000E-7	-2.002446E-3
1.046500E-7	-2.069251E-3
1.047000E-7	-2.158325E-3
1.047500E-7	-2.252537E-3
1.048000E-7	-2.399851E-3
1.048500E-7	-2.564294E-3
1.049000E-7	-2.619108E-3
1.049500E-7	-2.571146E-3
1.050000E-7	-2.500915E-3
1.050500E-7	-2.411841E-3
1.051000E-7	-2.281657E-3
1.051500E-7	-2.130918E-3
1.052000E-7	-1.952771E-3
1.052500E-7	-1.750643E-3
1.053000E-7	-1.605042E-3
1.053500E-7	-1.514256E-3
1.054000E-7	-1.408053E-3
1.054500E-7	-1.310414E-3
1.055000E-7	-1.296711E-3
1.055500E-7	-1.322405E-3
1.056000E-7	-1.305276E-3
1.056500E-7	-1.262452E-3
1.057000E-7	-1.248748E-3
1.057500E-7	-1.217915E-3
1.058000E-7	-1.115138E-3
1.058500E-7	-1.002083E-3
1.059000E-7	-9.352784E-4
1.059500E-7	-9.181489E-4
1.060000E-7	-9.301396E-4
1.060500E-7	-9.866669E-4
1.061000E-7	-1.098009E-3
1.061500E-7	-1.240184E-3
1.062000E-7	-1.396062E-3
1.062500E-7	-1.603329E-3
1.063000E-7	-1.865410E-3
1.063500E-7	-2.125779E-3
1.064000E-7	-2.353601E-3
1.064500E-7	-2.540313E-3
1.065000E-7	-2.643090E-3
1.065500E-7	-2.668784E-3
1.066000E-7	-2.661932E-3
1.066500E-7	-2.644803E-3
1.067000E-7	-2.598553E-3
1.067500E-7	-2.516331E-3
1.068000E-7	-2.440962E-3
1.068500E-7	-2.365592E-3
1.069000E-7	-2.266241E-3
1.069500E-7	-2.127492E-3
1.070000E-7	-1.945919E-3
1.070500E-7	-1.760920E-3
1.071000E-7	-1.656430E-3
1.071500E-7	-1.615320E-3
1.072000E-7	-1.560505E-3
1.072500E-7	-1.502265E-3
1.073000E-7	-1.493700E-3
1.073500E-7	-1.497126E-3
1.074000E-7	-1.514256E-3
1.074500E-7	-1.577635E-3
1.075000E-7	-1.687264E-3
1.075500E-7	-1.800318E-3
1.076000E-7	-1.949345E-3
1.076500E-7	-2.136056E-3
1.077000E-7	-2.267954E-3
1.077500E-7	-2.363879E-3
1.078000E-7	-2.480359E-3
1.078500E-7	-2.574572E-3
1.079000E-7	-2.535174E-3
1.079500E-7	-2.403277E-3
1.080000E-7	-2.283370E-3
1.080500E-7	-2.190871E-3
1.081000E-7	-2.091520E-3
1.081500E-7	-1.980178E-3
1.082000E-7	-1.868836E-3
1.082500E-7	-1.772911E-3
1.083000E-7	-1.680412E-3
1.083500E-7	-1.617033E-3
1.084000E-7	-1.615320E-3
1.084500E-7	-1.690689E-3
1.085000E-7	-1.774624E-3
1.085500E-7	-1.867123E-3
1.086000E-7	-1.956197E-3
1.086500E-7	-2.052122E-3
1.087000E-7	-2.130918E-3
1.087500E-7	-2.190871E-3
1.088000E-7	-2.221704E-3
1.088500E-7	-2.208000E-3
1.089000E-7	-2.161751E-3
1.089500E-7	-2.096659E-3
1.090000E-7	-2.009298E-3
1.090500E-7	-1.904808E-3
1.091000E-7	-1.796892E-3
1.091500E-7	-1.676986E-3
1.092000E-7	-1.572496E-3
1.092500E-7	-1.527959E-3
1.093000E-7	-1.550228E-3
1.093500E-7	-1.579348E-3
1.094000E-7	-1.582774E-3
1.094500E-7	-1.618746E-3
1.095000E-7	-1.688976E-3
1.095500E-7	-1.750643E-3
1.096000E-7	-1.779763E-3
1.096500E-7	-1.803744E-3
1.097000E-7	-1.764346E-3
1.097500E-7	-1.625597E-3
1.098000E-7	-1.449163E-3
1.098500E-7	-1.288146E-3
1.099000E-7	-1.106573E-3
1.099500E-7	-8.856029E-4
1.100000E-7	-6.869007E-4
1.100500E-7	-5.550035E-4
1.101000E-7	-4.899114E-4
1.101500E-7	-4.830596E-4
1.102000E-7	-5.378740E-4
1.102500E-7	-6.714841E-4
1.103000E-7	-8.444921E-4
1.103500E-7	-1.012361E-3
1.104000E-7	-1.159675E-3
1.104500E-7	-1.317266E-3
1.105000E-7	-1.471432E-3
1.105500E-7	-1.587912E-3
1.106000E-7	-1.673560E-3
1.106500E-7	-1.723235E-3
1.107000E-7	-1.718097E-3
1.107500E-7	-1.676986E-3
1.108000E-7	-1.630736E-3
1.108500E-7	-1.579348E-3
1.109000E-7	-1.538237E-3
1.109500E-7	-1.524533E-3
1.110000E-7	-1.553653E-3
1.110500E-7	-1.606755E-3
1.111000E-7	-1.670134E-3
1.111500E-7	-1.748930E-3
1.112000E-7	-1.860271E-3
1.112500E-7	-1.988743E-3
1.113000E-7	-2.103510E-3
1.113500E-7	-2.190871E-3
1.114000E-7	-2.238833E-3
1.114500E-7	-2.252537E-3
1.115000E-7	-2.237120E-3
1.115500E-7	-2.219991E-3
1.116000E-7	-2.192584E-3
1.116500E-7	-2.141195E-3
1.117000E-7	-2.086381E-3
1.117500E-7	-2.026428E-3
1.118000E-7	-1.949345E-3
1.118500E-7	-1.868836E-3
1.119000E-7	-1.803744E-3
1.119500E-7	-1.754069E-3
1.120000E-7	-1.709532E-3
1.120500E-7	-1.663282E-3
1.121000E-7	-1.627310E-3
1.121500E-7	-1.610181E-3
1.122000E-7	-1.589625E-3
1.122500E-7	-1.582774E-3
1.123000E-7	-1.586199E-3
1.123500E-7	-1.598190E-3
1.124000E-7	-1.623884E-3
1.124500E-7	-1.663282E-3
1.125000E-7	-1.706106E-3
1.125500E-7	-1.731800E-3
1.126000E-7	-1.774624E-3
1.126500E-7	-1.824300E-3
1.127000E-7	-1.844855E-3
1.127500E-7	-1.851707E-3
1.128000E-7	-1.897956E-3
1.128500E-7	-1.956197E-3
1.129000E-7	-1.980178E-3
1.129500E-7	-2.021289E-3
1.130000E-7	-2.103510E-3
1.130500E-7	-2.163464E-3
1.131000E-7	-2.175454E-3
1.131500E-7	-2.190871E-3
1.132000E-7	-2.250824E-3
1.132500E-7	-2.315916E-3
1.133000E-7	-2.358740E-3
1.133500E-7	-2.353601E-3
1.134000E-7	-2.298787E-3
1.134500E-7	-2.211426E-3
1.135000E-7	-2.094946E-3
1.135500E-7	-1.956197E-3
1.136000E-7	-1.824300E-3
1.136500E-7	-1.709532E-3
1.137000E-7	-1.584487E-3
1.137500E-7	-1.449163E-3
1.138000E-7	-1.344673E-3
1.138500E-7	-1.276155E-3
1.139000E-7	-1.224767E-3
1.139500E-7	-1.181943E-3
1.140000E-7	-1.166527E-3
1.140500E-7	-1.202499E-3
1.141000E-7	-1.310414E-3
1.141500E-7	-1.486848E-3
1.142000E-7	-1.707819E-3
1.142500E-7	-1.954484E-3
1.143000E-7	-2.187445E-3
1.143500E-7	-2.377582E-3
1.144000E-7	-2.552303E-3
1.144500E-7	-2.725311E-3
1.145000E-7	-2.858921E-3
1.145500E-7	-2.917162E-3
1.146000E-7	-2.920588E-3
1.146500E-7	-2.927439E-3
1.147000E-7	-2.900032E-3
1.147500E-7	-2.795542E-3
1.148000E-7	-2.655080E-3
1.148500E-7	-2.526609E-3
1.149000E-7	-2.391286E-3
1.149500E-7	-2.221704E-3
1.150000E-7	-2.055548E-3
1.150500E-7	-1.940780E-3
1.151000E-7	-1.815735E-3
1.151500E-7	-1.668421E-3
1.152000E-7	-1.565644E-3
1.152500E-7	-1.553653E-3
1.153000E-7	-1.570783E-3
1.153500E-7	-1.575922E-3
1.154000E-7	-1.613607E-3
1.154500E-7	-1.690689E-3
1.155000E-7	-1.764346E-3
1.155500E-7	-1.843142E-3
1.156000E-7	-1.973326E-3
1.156500E-7	-2.101797E-3
1.157000E-7	-2.178880E-3
1.157500E-7	-2.250824E-3
1.158000E-7	-2.327907E-3
1.158500E-7	-2.336472E-3
1.159000E-7	-2.285083E-3
1.159500E-7	-2.247398E-3
1.160000E-7	-2.231982E-3
1.160500E-7	-2.175454E-3
1.161000E-7	-2.077816E-3
1.161500E-7	-1.988743E-3
1.162000E-7	-1.918512E-3
1.162500E-7	-1.861984E-3
1.163000E-7	-1.817448E-3
1.163500E-7	-1.779763E-3
1.164000E-7	-1.779763E-3
1.164500E-7	-1.807170E-3
1.165000E-7	-1.822587E-3
1.165500E-7	-1.820874E-3
1.166000E-7	-1.839716E-3
1.166500E-7	-1.882540E-3
1.167000E-7	-1.925364E-3
1.167500E-7	-1.957910E-3
1.168000E-7	-1.993882E-3
1.168500E-7	-2.053835E-3
1.169000E-7	-2.108649E-3
1.169500E-7	-2.137769E-3
1.170000E-7	-2.136056E-3
1.170500E-7	-2.117214E-3
1.171000E-7	-2.089807E-3
1.171500E-7	-2.050409E-3
1.172000E-7	-2.048696E-3
1.172500E-7	-2.086381E-3
1.173000E-7	-2.112075E-3
1.173500E-7	-2.142908E-3
1.174000E-7	-2.218278E-3
1.174500E-7	-2.314203E-3
1.175000E-7	-2.370731E-3
1.175500E-7	-2.386147E-3
1.176000E-7	-2.369018E-3
1.176500E-7	-2.321055E-3
1.177000E-7	-2.290222E-3
1.177500E-7	-2.303926E-3
1.178000E-7	-2.338185E-3
1.178500E-7	-2.391286E-3
1.179000E-7	-2.466656E-3
1.179500E-7	-2.524896E-3
1.180000E-7	-2.543739E-3
1.180500E-7	-2.531748E-3
1.181000E-7	-2.466656E-3
1.181500E-7	-2.345036E-3
1.182000E-7	-2.247398E-3
1.182500E-7	-2.189158E-3
1.183000E-7	-2.086381E-3
1.183500E-7	-1.923651E-3
1.184000E-7	-1.774624E-3
1.184500E-7	-1.654717E-3
1.185000E-7	-1.531385E-3
1.185500E-7	-1.432034E-3
1.186000E-7	-1.366942E-3
1.186500E-7	-1.313840E-3
1.187000E-7	-1.281294E-3
1.187500E-7	-1.312127E-3
1.188000E-7	-1.373794E-3
1.188500E-7	-1.438886E-3
1.189000E-7	-1.550228E-3
1.189500E-7	-1.678699E-3
1.190000E-7	-1.786615E-3
1.190500E-7	-1.880827E-3
1.191000E-7	-1.937354E-3
1.191500E-7	-1.909947E-3
1.192000E-7	-1.848281E-3
1.192500E-7	-1.815735E-3
1.193000E-7	-1.778050E-3
1.193500E-7	-1.718097E-3
1.194000E-7	-1.714671E-3
1.194500E-7	-1.747217E-3
1.195000E-7	-1.735226E-3
1.195500E-7	-1.721523E-3
1.196000E-7	-1.772911E-3
1.196500E-7	-1.875688E-3
1.197000E-7	-1.999020E-3
1.197500E-7	-2.154899E-3
1.198000E-7	-2.326194E-3
1.198500E-7	-2.475221E-3
1.199000E-7	-2.632812E-3
1.199500E-7	-2.774987E-3
1.200000E-7	-2.836653E-3
1.200500E-7	-2.831514E-3
1.201000E-7	-2.805820E-3
1.201500E-7	-2.747580E-3
1.202000E-7	-2.646516E-3
1.202500E-7	-2.545451E-3
1.203000E-7	-2.439249E-3
1.203500E-7	-2.286796E-3
1.204000E-7	-2.118927E-3
1.204500E-7	-2.000733E-3
1.205000E-7	-1.947632E-3
1.205500E-7	-1.942493E-3
1.206000E-7	-1.995595E-3
1.206500E-7	-2.094946E-3
1.207000E-7	-2.204574E-3
1.207500E-7	-2.339897E-3
1.208000E-7	-2.506054E-3
1.208500E-7	-2.649941E-3
1.209000E-7	-2.730450E-3
1.209500E-7	-2.771561E-3
1.210000E-7	-2.761283E-3
1.210500E-7	-2.696191E-3
1.211000E-7	-2.601979E-3
1.211500E-7	-2.487211E-3
1.212000E-7	-2.338185E-3
1.212500E-7	-2.173741E-3
1.213000E-7	-2.031566E-3
1.213500E-7	-1.889392E-3
1.214000E-7	-1.764346E-3
1.214500E-7	-1.714671E-3
1.215000E-7	-1.716384E-3
1.215500E-7	-1.709532E-3
1.216000E-7	-1.721523E-3
1.216500E-7	-1.781476E-3
1.217000E-7	-1.824300E-3
1.217500E-7	-1.841429E-3
1.218000E-7	-1.906521E-3
1.218500E-7	-2.023002E-3
1.219000E-7	-2.103510E-3
1.219500E-7	-2.134343E-3
1.220000E-7	-2.158325E-3
1.220500E-7	-2.178880E-3
1.221000E-7	-2.153186E-3
1.221500E-7	-2.081242E-3
1.222000E-7	-2.005872E-3
1.222500E-7	-1.957910E-3
1.223000E-7	-1.932215E-3
1.223500E-7	-1.882540E-3
1.224000E-7	-1.838003E-3
1.224500E-7	-1.849994E-3
1.225000E-7	-1.909947E-3
1.225500E-7	-1.944206E-3
1.226000E-7	-1.976752E-3
1.226500E-7	-2.055548E-3
1.227000E-7	-2.106936E-3
1.227500E-7	-2.089807E-3
1.228000E-7	-2.050409E-3
1.228500E-7	-2.031566E-3
1.229000E-7	-1.985317E-3
1.229500E-7	-1.932215E-3
1.230000E-7	-1.923651E-3
1.230500E-7	-1.908234E-3
1.231000E-7	-1.867123E-3
1.231500E-7	-1.848281E-3
1.232000E-7	-1.853420E-3
1.232500E-7	-1.831151E-3
1.233000E-7	-1.788328E-3
1.233500E-7	-1.743791E-3
1.234000E-7	-1.699254E-3
1.234500E-7	-1.673560E-3
1.235000E-7	-1.680412E-3
1.235500E-7	-1.666708E-3
1.236000E-7	-1.646153E-3
1.236500E-7	-1.678699E-3
1.237000E-7	-1.738652E-3
1.237500E-7	-1.772911E-3
1.238000E-7	-1.827725E-3
1.238500E-7	-1.939067E-3
1.239000E-7	-2.026428E-3
1.239500E-7	-2.036705E-3
1.240000E-7	-2.005872E-3
1.240500E-7	-1.971613E-3
1.241000E-7	-1.909947E-3
1.241500E-7	-1.824300E-3
1.242000E-7	-1.748930E-3
1.242500E-7	-1.694115E-3
1.243000E-7	-1.680412E-3
1.243500E-7	-1.711245E-3
1.244000E-7	-1.754069E-3
1.244500E-7	-1.802031E-3
1.245000E-7	-1.889392E-3
1.245500E-7	-1.987030E-3
1.246000E-7	-2.067538E-3
1.246500E-7	-2.146334E-3
1.247000E-7	-2.216565E-3
1.247500E-7	-2.243972E-3
1.248000E-7	-2.255963E-3
1.248500E-7	-2.267954E-3
1.249000E-7	-2.238833E-3
1.249500E-7	-2.148047E-3
1.250000E-7	-2.077816E-3
1.250500E-7	-2.050409E-3
1.251000E-7	-2.036705E-3
1.251500E-7	-2.024715E-3
1.252000E-7	-2.016150E-3
1.252500E-7	-2.023002E-3
1.253000E-7	-2.048696E-3
1.253500E-7	-2.081242E-3
1.254000E-7	-2.127492E-3
1.254500E-7	-2.209713E-3
1.255000E-7	-2.303926E-3
1.255500E-7	-2.355314E-3
1.256000E-7	-2.329620E-3
1.256500E-7	-2.259389E-3
1.257000E-7	-2.172028E-3
1.257500E-7	-2.077816E-3
1.258000E-7	-1.993882E-3
1.258500E-7	-1.930502E-3
1.259000E-7	-1.849994E-3
1.259500E-7	-1.760920E-3
1.260000E-7	-1.726661E-3
1.260500E-7	-1.754069E-3
1.261000E-7	-1.776337E-3
1.261500E-7	-1.767772E-3
1.262000E-7	-1.779763E-3
1.262500E-7	-1.807170E-3
1.263000E-7	-1.814022E-3
1.263500E-7	-1.796892E-3
1.264000E-7	-1.786615E-3
1.264500E-7	-1.769485E-3
1.265000E-7	-1.712958E-3
1.265500E-7	-1.627310E-3
1.266000E-7	-1.558792E-3
1.266500E-7	-1.531385E-3
1.267000E-7	-1.524533E-3
1.267500E-7	-1.514256E-3
1.268000E-7	-1.543376E-3
1.268500E-7	-1.637588E-3
1.269000E-7	-1.743791E-3
1.269500E-7	-1.860271E-3
1.270000E-7	-2.019576E-3
1.270500E-7	-2.214852E-3
1.271000E-7	-2.375869E-3
1.271500E-7	-2.502628E-3
1.272000E-7	-2.605405E-3
1.272500E-7	-2.655080E-3
1.273000E-7	-2.632812E-3
1.273500E-7	-2.607118E-3
1.274000E-7	-2.589988E-3
1.274500E-7	-2.536887E-3
1.275000E-7	-2.447813E-3
1.275500E-7	-2.374156E-3
1.276000E-7	-2.326194E-3
1.276500E-7	-2.303926E-3
1.277000E-7	-2.285083E-3
1.277500E-7	-2.261102E-3
1.278000E-7	-2.223417E-3
1.278500E-7	-2.204574E-3
1.279000E-7	-2.221704E-3
1.279500E-7	-2.208000E-3
1.280000E-7	-2.118927E-3
1.280500E-7	-2.029854E-3
1.281000E-7	-1.980178E-3
1.281500E-7	-1.903095E-3
1.282000E-7	-1.783189E-3
1.282500E-7	-1.685551E-3
1.283000E-7	-1.617033E-3
1.283500E-7	-1.546802E-3
1.284000E-7	-1.512543E-3
1.284500E-7	-1.517681E-3
1.285000E-7	-1.531385E-3
1.285500E-7	-1.546802E-3
1.286000E-7	-1.575922E-3
1.286500E-7	-1.598190E-3
1.287000E-7	-1.599903E-3
1.287500E-7	-1.610181E-3
1.288000E-7	-1.644440E-3
1.288500E-7	-1.726661E-3
1.289000E-7	-1.829438E-3
1.289500E-7	-1.916799E-3
1.290000E-7	-1.964761E-3
1.290500E-7	-1.987030E-3
1.291000E-7	-2.033279E-3
1.291500E-7	-2.112075E-3
1.292000E-7	-2.218278E-3
1.292500E-7	-2.341610E-3
1.293000E-7	-2.471795E-3
1.293500E-7	-2.583136E-3
1.294000E-7	-2.665358E-3
1.294500E-7	-2.732163E-3
1.295000E-7	-2.793829E-3
1.295500E-7	-2.816098E-3
1.296000E-7	-2.792116E-3
1.296500E-7	-2.728737E-3
1.297000E-7	-2.605405E-3
1.297500E-7	-2.428971E-3
1.298000E-7	-2.243972E-3
1.298500E-7	-2.122353E-3
1.299000E-7	-2.082955E-3
1.299500E-7	-2.110362E-3
1.300000E-7	-2.180593E-3
1.300500E-7	-2.249111E-3
1.301000E-7	-2.291935E-3
1.301500E-7	-2.336472E-3
1.302000E-7	-2.408415E-3
1.302500E-7	-2.458091E-3
1.303000E-7	-2.459804E-3
1.303500E-7	-2.423832E-3
1.304000E-7	-2.353601E-3
1.304500E-7	-2.240546E-3
1.305000E-7	-2.098372E-3
1.305500E-7	-1.954484E-3
1.306000E-7	-1.848281E-3
1.306500E-7	-1.808883E-3
1.307000E-7	-1.798605E-3
1.307500E-7	-1.778050E-3
1.308000E-7	-1.798605E-3
1.308500E-7	-1.904808E-3
1.309000E-7	-2.062400E-3
1.309500E-7	-2.187445E-3
1.310000E-7	-2.302213E-3
1.310500E-7	-2.440962E-3
1.311000E-7	-2.530035E-3
1.311500E-7	-2.507767E-3
1.312000E-7	-2.406703E-3
1.312500E-7	-2.271379E-3
1.313000E-7	-2.074390E-3
1.313500E-7	-1.832864E-3
1.314000E-7	-1.627310E-3
1.314500E-7	-1.469719E-3
1.315000E-7	-1.308702E-3
1.315500E-7	-1.168240E-3
1.316000E-7	-1.109999E-3
1.316500E-7	-1.087731E-3
1.317000E-7	-1.065463E-3
1.317500E-7	-1.101435E-3
1.318000E-7	-1.204212E-3
1.318500E-7	-1.320692E-3
1.319000E-7	-1.426895E-3
1.319500E-7	-1.533098E-3
1.320000E-7	-1.591338E-3
1.320500E-7	-1.610181E-3
1.321000E-7	-1.664995E-3
1.321500E-7	-1.752356E-3
1.322000E-7	-1.836290E-3
1.322500E-7	-1.908234E-3
1.323000E-7	-2.007585E-3
1.323500E-7	-2.122353E-3
1.324000E-7	-2.262815E-3
1.324500E-7	-2.432397E-3
1.325000E-7	-2.605405E-3
1.325500E-7	-2.721885E-3
1.326000E-7	-2.781839E-3
1.326500E-7	-2.812672E-3
1.327000E-7	-2.831514E-3
1.327500E-7	-2.800681E-3
1.328000E-7	-2.715034E-3
1.328500E-7	-2.598553E-3
1.329000E-7	-2.463230E-3
1.329500E-7	-2.274805E-3
1.330000E-7	-2.062400E-3
1.330500E-7	-1.867123E-3
1.331000E-7	-1.712958E-3
1.331500E-7	-1.605042E-3
1.332000E-7	-1.567357E-3
1.332500E-7	-1.586199E-3
1.333000E-7	-1.663282E-3
1.333500E-7	-1.810596E-3
1.334000E-7	-2.017863E-3
1.334500E-7	-2.230269E-3
1.335000E-7	-2.442674E-3
1.335500E-7	-2.634525E-3
1.336000E-7	-2.768135E-3
1.336500E-7	-2.810959E-3
1.337000E-7	-2.773274E-3
1.337500E-7	-2.667071E-3
1.338000E-7	-2.502628E-3
1.338500E-7	-2.324481E-3
1.339000E-7	-2.178880E-3
1.339500E-7	-2.065825E-3
1.340000E-7	-1.987030E-3
1.340500E-7	-1.940780E-3
1.341000E-7	-1.963048E-3
1.341500E-7	-2.064113E-3
1.342000E-7	-2.206287E-3
1.342500E-7	-2.341610E-3
1.343000E-7	-2.463230E-3
1.343500E-7	-2.593414E-3
1.344000E-7	-2.692765E-3
1.344500E-7	-2.723598E-3
1.345000E-7	-2.716746E-3
1.345500E-7	-2.679062E-3
1.346000E-7	-2.601979E-3
1.346500E-7	-2.511192E-3
1.347000E-7	-2.430684E-3
1.347500E-7	-2.336472E-3
1.348000E-7	-2.230269E-3
1.348500E-7	-2.156612E-3
1.349000E-7	-2.118927E-3
1.349500E-7	-2.110362E-3
1.350000E-7	-2.139482E-3
1.350500E-7	-2.185732E-3
1.351000E-7	-2.192584E-3
1.351500E-7	-2.166890E-3
1.352000E-7	-2.118927E-3
1.352500E-7	-2.017863E-3
1.353000E-7	-1.901382E-3
1.353500E-7	-1.814022E-3
1.354000E-7	-1.736939E-3
1.354500E-7	-1.653005E-3
1.355000E-7	-1.605042E-3
1.355500E-7	-1.582774E-3
1.356000E-7	-1.538237E-3
1.356500E-7	-1.562218E-3
1.357000E-7	-1.658143E-3
1.357500E-7	-1.712958E-3
1.358000E-7	-1.726661E-3
1.358500E-7	-1.803744E-3
1.359000E-7	-1.897956E-3
1.359500E-7	-1.877401E-3
1.360000E-7	-1.795179E-3
1.360500E-7	-1.733513E-3
1.361000E-7	-1.659856E-3
1.361500E-7	-1.584487E-3
1.362000E-7	-1.584487E-3
1.362500E-7	-1.622171E-3
1.363000E-7	-1.634162E-3
1.363500E-7	-1.664995E-3
1.364000E-7	-1.742078E-3
1.364500E-7	-1.838003E-3
1.365000E-7	-1.939067E-3
1.365500E-7	-2.043557E-3
1.366000E-7	-2.113788E-3
1.366500E-7	-2.148047E-3
1.367000E-7	-2.173741E-3
1.367500E-7	-2.180593E-3
1.368000E-7	-2.148047E-3
1.368500E-7	-2.105223E-3
1.369000E-7	-2.031566E-3
1.369500E-7	-1.942493E-3
1.370000E-7	-1.894530E-3
1.370500E-7	-1.899669E-3
1.371000E-7	-1.921938E-3
1.371500E-7	-1.949345E-3
1.372000E-7	-2.009298E-3
1.372500E-7	-2.069251E-3
1.373000E-7	-2.108649E-3
1.373500E-7	-2.142908E-3
1.374000E-7	-2.173741E-3
1.374500E-7	-2.175454E-3
1.375000E-7	-2.151473E-3
1.375500E-7	-2.139482E-3
1.376000E-7	-2.146334E-3
1.376500E-7	-2.161751E-3
1.377000E-7	-2.158325E-3
1.377500E-7	-2.139482E-3
1.378000E-7	-2.106936E-3
1.378500E-7	-2.060687E-3
1.379000E-7	-2.017863E-3
1.379500E-7	-1.995595E-3
1.380000E-7	-1.992169E-3
1.380500E-7	-2.026428E-3
1.381000E-7	-2.088094E-3
1.381500E-7	-2.115501E-3
1.382000E-7	-2.065825E-3
1.382500E-7	-1.978465E-3
1.383000E-7	-1.901382E-3
1.383500E-7	-1.841429E-3
1.384000E-7	-1.778050E-3
1.384500E-7	-1.731800E-3
1.385000E-7	-1.718097E-3
1.385500E-7	-1.726661E-3
1.386000E-7	-1.740365E-3
1.386500E-7	-1.757494E-3
1.387000E-7	-1.793466E-3
1.387500E-7	-1.829438E-3
1.388000E-7	-1.877401E-3
1.388500E-7	-1.957910E-3
1.389000E-7	-2.016150E-3
1.389500E-7	-2.031566E-3
1.390000E-7	-2.079529E-3
1.390500E-7	-2.148047E-3
1.391000E-7	-2.158325E-3
1.391500E-7	-2.115501E-3
1.392000E-7	-2.082955E-3
1.392500E-7	-2.026428E-3
1.393000E-7	-1.927077E-3
1.393500E-7	-1.836290E-3
1.394000E-7	-1.766059E-3
1.394500E-7	-1.688976E-3
1.395000E-7	-1.627310E-3
1.395500E-7	-1.591338E-3
1.396000E-7	-1.572496E-3
1.396500E-7	-1.594764E-3
1.397000E-7	-1.666708E-3
1.397500E-7	-1.747217E-3
1.398000E-7	-1.832864E-3
1.398500E-7	-1.947632E-3
1.399000E-7	-2.084668E-3
1.399500E-7	-2.218278E-3
1.400000E-7	-2.365592E-3
1.400500E-7	-2.488924E-3
1.401000E-7	-2.540313E-3
1.401500E-7	-2.569433E-3
1.402000E-7	-2.619108E-3
1.402500E-7	-2.660219E-3
1.403000E-7	-2.646516E-3
1.403500E-7	-2.639664E-3
1.404000E-7	-2.661932E-3
1.404500E-7	-2.684200E-3
1.405000E-7	-2.713321E-3
1.405500E-7	-2.745867E-3
1.406000E-7	-2.781839E-3
1.406500E-7	-2.828088E-3
1.407000E-7	-2.884616E-3
1.407500E-7	-2.915449E-3
1.408000E-7	-2.906884E-3
1.408500E-7	-2.889754E-3
1.409000E-7	-2.838366E-3
1.409500E-7	-2.747580E-3
1.410000E-7	-2.632812E-3
1.410500E-7	-2.482072E-3
1.411000E-7	-2.267954E-3
1.411500E-7	-2.043557E-3
1.412000E-7	-1.867123E-3
1.412500E-7	-1.709532E-3
1.413000E-7	-1.586199E-3
1.413500E-7	-1.550228E-3
1.414000E-7	-1.563931E-3
1.414500E-7	-1.591338E-3
1.415000E-7	-1.630736E-3
1.415500E-7	-1.688976E-3
1.416000E-7	-1.769485E-3
1.416500E-7	-1.879114E-3
1.417000E-7	-1.987030E-3
1.417500E-7	-2.040131E-3
1.418000E-7	-2.070964E-3
1.418500E-7	-2.105223E-3
1.419000E-7	-2.067538E-3
1.419500E-7	-1.927077E-3
1.420000E-7	-1.798605E-3
1.420500E-7	-1.699254E-3
1.421000E-7	-1.584487E-3
1.421500E-7	-1.495413E-3
1.422000E-7	-1.498839E-3
1.422500E-7	-1.534811E-3
1.423000E-7	-1.522820E-3
1.423500E-7	-1.512543E-3
1.424000E-7	-1.539950E-3
1.424500E-7	-1.570783E-3
1.425000E-7	-1.572496E-3
1.425500E-7	-1.569070E-3
1.426000E-7	-1.613607E-3
1.426500E-7	-1.721523E-3
1.427000E-7	-1.832864E-3
1.427500E-7	-1.906521E-3
1.428000E-7	-1.980178E-3
1.428500E-7	-2.070964E-3
1.429000E-7	-2.139482E-3
1.429500E-7	-2.170315E-3
1.430000E-7	-2.199436E-3
1.430500E-7	-2.192584E-3
1.431000E-7	-2.146334E-3
1.431500E-7	-2.106936E-3
1.432000E-7	-2.076103E-3
1.432500E-7	-1.981891E-3
1.433000E-7	-1.829438E-3
1.433500E-7	-1.685551E-3
1.434000E-7	-1.560505E-3
1.434500E-7	-1.468006E-3
1.435000E-7	-1.435460E-3
1.435500E-7	-1.449163E-3
1.436000E-7	-1.452589E-3
1.436500E-7	-1.469719E-3
1.437000E-7	-1.526246E-3
1.437500E-7	-1.574209E-3
1.438000E-7	-1.582774E-3
1.438500E-7	-1.594764E-3
1.439000E-7	-1.603329E-3
1.439500E-7	-1.611894E-3
1.440000E-7	-1.606755E-3
1.440500E-7	-1.598190E-3
1.441000E-7	-1.593051E-3
1.441500E-7	-1.632449E-3
1.442000E-7	-1.697541E-3
1.442500E-7	-1.767772E-3
1.443000E-7	-1.849994E-3
1.443500E-7	-1.942493E-3
1.444000E-7	-2.011011E-3
1.444500E-7	-2.062400E-3
1.445000E-7	-2.096659E-3
1.445500E-7	-2.067538E-3
1.446000E-7	-1.964761E-3
1.446500E-7	-1.822587E-3
1.447000E-7	-1.683838E-3
1.447500E-7	-1.557079E-3
1.448000E-7	-1.438886E-3
1.448500E-7	-1.322405E-3
1.449000E-7	-1.245322E-3
1.449500E-7	-1.240184E-3
1.450000E-7	-1.315553E-3
1.450500E-7	-1.464580E-3
1.451000E-7	-1.664995E-3
1.451500E-7	-1.870549E-3
1.452000E-7	-2.058974E-3
1.452500E-7	-2.262815E-3
1.453000E-7	-2.451239E-3
1.453500E-7	-2.550590E-3
1.454000E-7	-2.572859E-3
1.454500E-7	-2.589988E-3
1.455000E-7	-2.574572E-3
1.455500E-7	-2.502628E-3
1.456000E-7	-2.410128E-3
1.456500E-7	-2.331333E-3
1.457000E-7	-2.230269E-3
1.457500E-7	-2.108649E-3
1.458000E-7	-2.017863E-3
1.458500E-7	-1.956197E-3
1.459000E-7	-1.915086E-3
1.459500E-7	-1.937354E-3
1.460000E-7	-2.023002E-3
1.460500E-7	-2.086381E-3
1.461000E-7	-2.094946E-3
1.461500E-7	-2.101797E-3
1.462000E-7	-2.100084E-3
1.462500E-7	-2.057261E-3
1.463000E-7	-2.005872E-3
1.463500E-7	-1.930502E-3
1.464000E-7	-1.841429E-3
1.464500E-7	-1.786615E-3
1.465000E-7	-1.748930E-3
1.465500E-7	-1.642727E-3
1.466000E-7	-1.539950E-3
1.466500E-7	-1.529672E-3
1.467000E-7	-1.539950E-3
1.467500E-7	-1.488561E-3
1.468000E-7	-1.445738E-3
1.468500E-7	-1.442312E-3
1.469000E-7	-1.437173E-3
1.469500E-7	-1.440599E-3
1.470000E-7	-1.478284E-3
1.470500E-7	-1.486848E-3
1.471000E-7	-1.452589E-3
1.471500E-7	-1.396062E-3
1.472000E-7	-1.324118E-3
1.472500E-7	-1.260739E-3
1.473000E-7	-1.240184E-3
1.473500E-7	-1.259026E-3
1.474000E-7	-1.322405E-3
1.474500E-7	-1.442312E-3
1.475000E-7	-1.575922E-3
1.475500E-7	-1.690689E-3
1.476000E-7	-1.817448E-3
1.476500E-7	-1.933928E-3
1.477000E-7	-2.014437E-3
1.477500E-7	-2.103510E-3
1.478000E-7	-2.190871E-3
1.478500E-7	-2.192584E-3
1.479000E-7	-2.160038E-3
1.479500E-7	-2.211426E-3
1.480000E-7	-2.283370E-3
1.480500E-7	-2.303926E-3
1.481000E-7	-2.336472E-3
1.481500E-7	-2.399851E-3
1.482000E-7	-2.439249E-3
1.482500E-7	-2.470082E-3
1.483000E-7	-2.545451E-3
1.483500E-7	-2.619108E-3
1.484000E-7	-2.670497E-3
1.484500E-7	-2.749293E-3
1.485000E-7	-2.816098E-3
1.485500E-7	-2.797255E-3
1.486000E-7	-2.715034E-3
1.486500E-7	-2.620821E-3
1.487000E-7	-2.490637E-3
1.487500E-7	-2.348462E-3
1.488000E-7	-2.245685E-3
1.488500E-7	-2.172028E-3
1.489000E-7	-2.110362E-3
1.489500E-7	-2.081242E-3
1.490000E-7	-2.098372E-3
1.490500E-7	-2.130918E-3
1.491000E-7	-2.177167E-3
1.491500E-7	-2.240546E-3
1.492000E-7	-2.281657E-3
1.492500E-7	-2.281657E-3
1.493000E-7	-2.264528E-3
1.493500E-7	-2.228556E-3
1.494000E-7	-2.115501E-3
1.494500E-7	-1.937354E-3
1.495000E-7	-1.772911E-3
1.495500E-7	-1.642727E-3
1.496000E-7	-1.476571E-3
1.496500E-7	-1.269304E-3
1.497000E-7	-1.084305E-3
1.497500E-7	-9.798151E-4
1.498000E-7	-9.369914E-4
1.498500E-7	-8.993065E-4
1.499000E-7	-8.907417E-4
1.499500E-7	-9.900928E-4
1.500000E-7	-1.207637E-3
1.500500E-7	-1.468006E-3
1.501000E-7	-1.757494E-3
1.501500E-7	-2.091520E-3
1.502000E-7	-2.394712E-3
1.502500E-7	-2.595127E-3
1.503000E-7	-2.685913E-3
1.503500E-7	-2.739015E-3
1.504000E-7	-2.756144E-3
1.504500E-7	-2.721885E-3
1.505000E-7	-2.612257E-3
1.505500E-7	-2.420406E-3
1.506000E-7	-2.211426E-3
1.506500E-7	-2.055548E-3
1.507000E-7	-1.944206E-3
1.507500E-7	-1.872262E-3
1.508000E-7	-1.848281E-3
1.508500E-7	-1.860271E-3
1.509000E-7	-1.875688E-3
1.509500E-7	-1.940780E-3
1.510000E-7	-2.060687E-3
1.510500E-7	-2.177167E-3
1.511000E-7	-2.266241E-3
1.511500E-7	-2.379295E-3
1.512000E-7	-2.506054E-3
1.512500E-7	-2.589988E-3
1.513000E-7	-2.601979E-3
1.513500E-7	-2.548877E-3
1.514000E-7	-2.427258E-3
1.514500E-7	-2.279944E-3
1.515000E-7	-2.165177E-3
1.515500E-7	-2.069251E-3
1.516000E-7	-1.954484E-3
1.516500E-7	-1.838003E-3
1.517000E-7	-1.774624E-3
1.517500E-7	-1.760920E-3
1.518000E-7	-1.766059E-3
1.518500E-7	-1.807170E-3
1.519000E-7	-1.896243E-3
1.519500E-7	-2.012724E-3
1.520000E-7	-2.127492E-3
1.520500E-7	-2.249111E-3
1.521000E-7	-2.387860E-3
1.521500E-7	-2.506054E-3
1.522000E-7	-2.586562E-3
1.522500E-7	-2.636238E-3
1.523000E-7	-2.655080E-3
1.523500E-7	-2.660219E-3
1.524000E-7	-2.658506E-3
1.524500E-7	-2.641377E-3
1.525000E-7	-2.591701E-3
1.525500E-7	-2.530035E-3
1.526000E-7	-2.487211E-3
1.526500E-7	-2.437536E-3
1.527000E-7	-2.379295E-3
1.527500E-7	-2.336472E-3
1.528000E-7	-2.336472E-3
1.528500E-7	-2.375869E-3
1.529000E-7	-2.446100E-3
1.529500E-7	-2.514618E-3
1.530000E-7	-2.547164E-3
1.530500E-7	-2.560868E-3
1.531000E-7	-2.550590E-3
1.531500E-7	-2.483785E-3
1.532000E-7	-2.374156E-3
1.532500E-7	-2.238833E-3
1.533000E-7	-2.108649E-3
1.533500E-7	-2.016150E-3
1.534000E-7	-1.954484E-3
1.534500E-7	-1.906521E-3
1.535000E-7	-1.870549E-3
1.535500E-7	-1.851707E-3
1.536000E-7	-1.834577E-3
1.536500E-7	-1.805457E-3
1.537000E-7	-1.802031E-3
1.537500E-7	-1.817448E-3
1.538000E-7	-1.838003E-3
1.538500E-7	-1.861984E-3
1.539000E-7	-1.865410E-3
1.539500E-7	-1.841429E-3
1.540000E-7	-1.803744E-3
1.540500E-7	-1.774624E-3
1.541000E-7	-1.774624E-3
1.541500E-7	-1.784902E-3
1.542000E-7	-1.795179E-3
1.542500E-7	-1.807170E-3
1.543000E-7	-1.831151E-3
1.543500E-7	-1.880827E-3
1.544000E-7	-1.925364E-3
1.544500E-7	-1.959623E-3
1.545000E-7	-2.009298E-3
1.545500E-7	-2.086381E-3
1.546000E-7	-2.154899E-3
1.546500E-7	-2.189158E-3
1.547000E-7	-2.226843E-3
1.547500E-7	-2.297074E-3
1.548000E-7	-2.357027E-3
1.548500E-7	-2.362166E-3
1.549000E-7	-2.327907E-3
1.549500E-7	-2.293648E-3
1.550000E-7	-2.237120E-3
1.550500E-7	-2.149760E-3
1.551000E-7	-2.060687E-3
1.551500E-7	-1.997307E-3
1.552000E-7	-1.954484E-3
1.552500E-7	-1.944206E-3
1.553000E-7	-1.976752E-3
1.553500E-7	-2.036705E-3
1.554000E-7	-2.122353E-3
1.554500E-7	-2.237120E-3
1.555000E-7	-2.353601E-3
1.555500E-7	-2.413554E-3
1.556000E-7	-2.427258E-3
1.556500E-7	-2.435823E-3
1.557000E-7	-2.427258E-3
1.557500E-7	-2.357027E-3
1.558000E-7	-2.226843E-3
1.558500E-7	-2.096659E-3
1.559000E-7	-1.980178E-3
1.559500E-7	-1.863697E-3
1.560000E-7	-1.742078E-3
1.560500E-7	-1.651292E-3
1.561000E-7	-1.646153E-3
1.561500E-7	-1.697541E-3
1.562000E-7	-1.738652E-3
1.562500E-7	-1.748930E-3
1.563000E-7	-1.788328E-3
1.563500E-7	-1.853420E-3
1.564000E-7	-1.901382E-3
1.564500E-7	-1.909947E-3
1.565000E-7	-1.932215E-3
1.565500E-7	-1.987030E-3
1.566000E-7	-2.021289E-3
1.566500E-7	-2.028141E-3
1.567000E-7	-2.031566E-3
1.567500E-7	-2.053835E-3
1.568000E-7	-2.074390E-3
1.568500E-7	-2.069251E-3
1.569000E-7	-2.077816E-3
1.569500E-7	-2.105223E-3
1.570000E-7	-2.125779E-3
1.570500E-7	-2.125779E-3
1.571000E-7	-2.100084E-3
1.571500E-7	-2.029854E-3
1.572000E-7	-1.963048E-3
1.572500E-7	-1.944206E-3
1.573000E-7	-1.928789E-3
1.573500E-7	-1.865410E-3
1.574000E-7	-1.803744E-3
1.574500E-7	-1.778050E-3
1.575000E-7	-1.736939E-3
1.575500E-7	-1.692402E-3
1.576000E-7	-1.733513E-3
1.576500E-7	-1.817448E-3
1.577000E-7	-1.873975E-3
1.577500E-7	-1.923651E-3
1.578000E-7	-1.971613E-3
1.578500E-7	-1.959623E-3
1.579000E-7	-1.908234E-3
1.579500E-7	-1.861984E-3
1.580000E-7	-1.798605E-3
1.580500E-7	-1.724948E-3
1.581000E-7	-1.709532E-3
1.581500E-7	-1.721523E-3
1.582000E-7	-1.706106E-3
1.582500E-7	-1.700967E-3
1.583000E-7	-1.721523E-3
1.583500E-7	-1.735226E-3
1.584000E-7	-1.726661E-3
1.584500E-7	-1.719810E-3
1.585000E-7	-1.716384E-3
1.585500E-7	-1.730087E-3
1.586000E-7	-1.740365E-3
1.586500E-7	-1.728374E-3
1.587000E-7	-1.712958E-3
1.587500E-7	-1.714671E-3
1.588000E-7	-1.723235E-3
1.588500E-7	-1.750643E-3
1.589000E-7	-1.805457E-3
1.589500E-7	-1.875688E-3
1.590000E-7	-1.983604E-3
1.590500E-7	-2.161751E-3
1.591000E-7	-2.381008E-3
1.591500E-7	-2.586562E-3
1.592000E-7	-2.769848E-3
1.592500E-7	-2.927439E-3
1.593000E-7	-3.055911E-3
1.593500E-7	-3.151836E-3
1.594000E-7	-3.216928E-3
1.594500E-7	-3.211789E-3
1.595000E-7	-3.158688E-3
1.595500E-7	-3.088457E-3
1.596000E-7	-2.968550E-3
1.596500E-7	-2.798968E-3
1.597000E-7	-2.615682E-3
1.597500E-7	-2.478646E-3
1.598000E-7	-2.406703E-3
1.598500E-7	-2.394712E-3
1.599000E-7	-2.425545E-3
1.599500E-7	-2.461517E-3
1.600000E-7	-2.476933E-3
1.600500E-7	-2.482072E-3
1.601000E-7	-2.518044E-3
1.601500E-7	-2.552303E-3
1.602000E-7	-2.566007E-3
1.602500E-7	-2.559155E-3
1.603000E-7	-2.523183E-3
1.603500E-7	-2.411841E-3
1.604000E-7	-2.264528E-3
1.604500E-7	-2.117214E-3
1.605000E-7	-1.961336E-3
1.605500E-7	-1.783189E-3
1.606000E-7	-1.632449E-3
1.606500E-7	-1.514256E-3
1.607000E-7	-1.389210E-3
1.607500E-7	-1.267591E-3
1.608000E-7	-1.219628E-3
1.608500E-7	-1.241896E-3
1.609000E-7	-1.284720E-3
1.609500E-7	-1.365229E-3
1.610000E-7	-1.479997E-3
1.610500E-7	-1.605042E-3
1.611000E-7	-1.700967E-3
1.611500E-7	-1.779763E-3
1.612000E-7	-1.853420E-3
1.612500E-7	-1.889392E-3
1.613000E-7	-1.904808E-3
1.613500E-7	-1.928789E-3
1.614000E-7	-1.945919E-3
1.614500E-7	-1.933928E-3
1.615000E-7	-1.911660E-3
1.615500E-7	-1.867123E-3
1.616000E-7	-1.793466E-3
1.616500E-7	-1.742078E-3
1.617000E-7	-1.755782E-3
1.617500E-7	-1.796892E-3
1.618000E-7	-1.834577E-3
1.618500E-7	-1.872262E-3
1.619000E-7	-1.908234E-3
1.619500E-7	-1.933928E-3
1.620000E-7	-1.942493E-3
1.620500E-7	-1.942493E-3
1.621000E-7	-1.889392E-3
1.621500E-7	-1.786615E-3
1.622000E-7	-1.676986E-3
1.622500E-7	-1.570783E-3
1.623000E-7	-1.479997E-3
1.623500E-7	-1.423469E-3
1.624000E-7	-1.402914E-3
1.624500E-7	-1.401201E-3
1.625000E-7	-1.411479E-3
1.625500E-7	-1.449163E-3
1.626000E-7	-1.502265E-3
1.626500E-7	-1.567357E-3
1.627000E-7	-1.653005E-3
1.627500E-7	-1.724948E-3
1.628000E-7	-1.774624E-3
1.628500E-7	-1.843142E-3
1.629000E-7	-1.925364E-3
1.629500E-7	-1.961336E-3
1.630000E-7	-1.930502E-3
1.630500E-7	-1.882540E-3
1.631000E-7	-1.851707E-3
1.631500E-7	-1.817448E-3
1.632000E-7	-1.778050E-3
1.632500E-7	-1.745504E-3
1.633000E-7	-1.735226E-3
1.633500E-7	-1.733513E-3
1.634000E-7	-1.718097E-3
1.634500E-7	-1.700967E-3
1.635000E-7	-1.748930E-3
1.635500E-7	-1.831151E-3
1.636000E-7	-1.880827E-3
1.636500E-7	-1.906521E-3
1.637000E-7	-1.945919E-3
1.637500E-7	-1.959623E-3
1.638000E-7	-1.903095E-3
1.638500E-7	-1.827725E-3
1.639000E-7	-1.757494E-3
1.639500E-7	-1.601616E-3
1.640000E-7	-1.392636E-3
1.640500E-7	-1.257313E-3
1.641000E-7	-1.236758E-3
1.641500E-7	-1.264165E-3
1.642000E-7	-1.325831E-3
1.642500E-7	-1.442312E-3
1.643000E-7	-1.589625E-3
1.643500E-7	-1.711245E-3
1.644000E-7	-1.808883E-3
1.644500E-7	-1.901382E-3
1.645000E-7	-1.990456E-3
1.645500E-7	-2.048696E-3
1.646000E-7	-2.048696E-3
1.646500E-7	-2.033279E-3
1.647000E-7	-2.041844E-3
1.647500E-7	-2.031566E-3
1.648000E-7	-1.963048E-3
1.648500E-7	-1.901382E-3
1.649000E-7	-1.889392E-3
1.649500E-7	-1.921938E-3
1.650000E-7	-2.004159E-3
1.650500E-7	-2.108649E-3
1.651000E-7	-2.199436E-3
1.651500E-7	-2.305638E-3
1.652000E-7	-2.442674E-3
1.652500E-7	-2.547164E-3
1.653000E-7	-2.632812E-3
1.653500E-7	-2.749293E-3
1.654000E-7	-2.850357E-3
1.654500E-7	-2.877764E-3
1.655000E-7	-2.872625E-3
1.655500E-7	-2.879477E-3
1.656000E-7	-2.900032E-3
1.656500E-7	-2.949708E-3
1.657000E-7	-3.011374E-3
1.657500E-7	-3.066188E-3
1.658000E-7	-3.105586E-3
1.658500E-7	-3.127855E-3
1.659000E-7	-3.093596E-3
1.659500E-7	-3.007948E-3
1.660000E-7	-2.922300E-3
1.660500E-7	-2.848644E-3
1.661000E-7	-2.752718E-3
1.661500E-7	-2.641377E-3
1.662000E-7	-2.528322E-3
1.662500E-7	-2.408415E-3
1.663000E-7	-2.273092E-3
1.663500E-7	-2.141195E-3
1.664000E-7	-2.023002E-3
1.664500E-7	-1.920225E-3
1.665000E-7	-1.843142E-3
1.665500E-7	-1.776337E-3
1.666000E-7	-1.726661E-3
1.666500E-7	-1.718097E-3
1.667000E-7	-1.733513E-3
1.667500E-7	-1.721523E-3
1.668000E-7	-1.702680E-3
1.668500E-7	-1.730087E-3
1.669000E-7	-1.795179E-3
1.669500E-7	-1.841429E-3
1.670000E-7	-1.877401E-3
1.670500E-7	-1.916799E-3
1.671000E-7	-1.935641E-3
1.671500E-7	-1.920225E-3
1.672000E-7	-1.879114E-3
1.672500E-7	-1.820874E-3
1.673000E-7	-1.760920E-3
1.673500E-7	-1.685551E-3
1.674000E-7	-1.586199E-3
1.674500E-7	-1.495413E-3
1.675000E-7	-1.433747E-3
1.675500E-7	-1.354951E-3
1.676000E-7	-1.283007E-3
1.676500E-7	-1.301850E-3
1.677000E-7	-1.396062E-3
1.677500E-7	-1.505691E-3
1.678000E-7	-1.632449E-3
1.678500E-7	-1.808883E-3
1.679000E-7	-1.971613E-3
1.679500E-7	-2.088094E-3
1.680000E-7	-2.194297E-3
1.680500E-7	-2.288509E-3
1.681000E-7	-2.319342E-3
1.681500E-7	-2.303926E-3
1.682000E-7	-2.283370E-3
1.682500E-7	-2.269667E-3
1.683000E-7	-2.233695E-3
1.683500E-7	-2.158325E-3
1.684000E-7	-2.057261E-3
1.684500E-7	-1.981891E-3
1.685000E-7	-1.939067E-3
1.685500E-7	-1.911660E-3
1.686000E-7	-1.918512E-3
1.686500E-7	-1.969900E-3
1.687000E-7	-2.029854E-3
1.687500E-7	-2.093233E-3
1.688000E-7	-2.166890E-3
1.688500E-7	-2.250824E-3
1.689000E-7	-2.334759E-3
1.689500E-7	-2.406703E-3
1.690000E-7	-2.449526E-3
1.690500E-7	-2.466656E-3
1.691000E-7	-2.471795E-3
1.691500E-7	-2.461517E-3
1.692000E-7	-2.406703E-3
1.692500E-7	-2.315916E-3
1.693000E-7	-2.209713E-3
1.693500E-7	-2.113788E-3
1.694000E-7	-2.055548E-3
1.694500E-7	-2.036705E-3
1.695000E-7	-2.019576E-3
1.695500E-7	-1.985317E-3
1.696000E-7	-1.961336E-3
1.696500E-7	-1.947632E-3
1.697000E-7	-1.945919E-3
1.697500E-7	-1.933928E-3
1.698000E-7	-1.916799E-3
1.698500E-7	-1.906521E-3
1.699000E-7	-1.875688E-3
1.699500E-7	-1.820874E-3
1.700000E-7	-1.767772E-3
1.700500E-7	-1.752356E-3
1.701000E-7	-1.791753E-3
1.701500E-7	-1.848281E-3
1.702000E-7	-1.891105E-3
1.702500E-7	-1.909947E-3
1.703000E-7	-1.918512E-3
1.703500E-7	-1.925364E-3
1.704000E-7	-1.944206E-3
1.704500E-7	-1.997307E-3
1.705000E-7	-2.040131E-3
1.705500E-7	-2.067538E-3
1.706000E-7	-2.103510E-3
1.706500E-7	-2.158325E-3
1.707000E-7	-2.161751E-3
1.707500E-7	-2.093233E-3
1.708000E-7	-2.017863E-3
1.708500E-7	-1.976752E-3
1.709000E-7	-1.933928E-3
1.709500E-7	-1.872262E-3
1.710000E-7	-1.795179E-3
1.710500E-7	-1.716384E-3
1.711000E-7	-1.651292E-3
1.711500E-7	-1.577635E-3
1.712000E-7	-1.509117E-3
1.712500E-7	-1.491987E-3
1.713000E-7	-1.541663E-3
1.713500E-7	-1.610181E-3
1.714000E-7	-1.707819E-3
1.714500E-7	-1.860271E-3
1.715000E-7	-2.012724E-3
1.715500E-7	-2.144621E-3
1.716000E-7	-2.286796E-3
1.716500E-7	-2.410128E-3
1.717000E-7	-2.446100E-3
1.717500E-7	-2.422119E-3
1.718000E-7	-2.367305E-3
1.718500E-7	-2.266241E-3
1.719000E-7	-2.156612E-3
1.719500E-7	-2.069251E-3
1.720000E-7	-1.980178E-3
1.720500E-7	-1.909947E-3
1.721000E-7	-1.896243E-3
1.721500E-7	-1.906521E-3
1.722000E-7	-1.916799E-3
1.722500E-7	-1.957910E-3
1.723000E-7	-2.007585E-3
1.723500E-7	-2.052122E-3
1.724000E-7	-2.137769E-3
1.724500E-7	-2.247398E-3
1.725000E-7	-2.324481E-3
1.725500E-7	-2.351888E-3
1.726000E-7	-2.331333E-3
1.726500E-7	-2.247398E-3
1.727000E-7	-2.124066E-3
1.727500E-7	-2.017863E-3
1.728000E-7	-1.935641E-3
1.728500E-7	-1.851707E-3
1.729000E-7	-1.791753E-3
1.729500E-7	-1.781476E-3
1.730000E-7	-1.783189E-3
1.730500E-7	-1.755782E-3
1.731000E-7	-1.712958E-3
1.731500E-7	-1.695828E-3
1.732000E-7	-1.704393E-3
1.732500E-7	-1.702680E-3
1.733000E-7	-1.687264E-3
1.733500E-7	-1.651292E-3
1.734000E-7	-1.630736E-3
1.734500E-7	-1.639301E-3
1.735000E-7	-1.671847E-3
1.735500E-7	-1.700967E-3
1.736000E-7	-1.728374E-3
1.736500E-7	-1.764346E-3
1.737000E-7	-1.796892E-3
1.737500E-7	-1.814022E-3
1.738000E-7	-1.814022E-3
1.738500E-7	-1.803744E-3
1.739000E-7	-1.808883E-3
1.739500E-7	-1.849994E-3
1.740000E-7	-1.937354E-3
1.740500E-7	-2.065825E-3
1.741000E-7	-2.199436E-3
1.741500E-7	-2.333046E-3
1.742000E-7	-2.464943E-3
1.742500E-7	-2.601979E-3
1.743000E-7	-2.701330E-3
1.743500E-7	-2.739015E-3
1.744000E-7	-2.747580E-3
1.744500E-7	-2.735589E-3
1.745000E-7	-2.675636E-3
1.745500E-7	-2.559155E-3
1.746000E-7	-2.461517E-3
1.746500E-7	-2.401564E-3
1.747000E-7	-2.303926E-3
1.747500E-7	-2.158325E-3
1.748000E-7	-2.048696E-3
1.748500E-7	-2.007585E-3
1.749000E-7	-1.978465E-3
1.749500E-7	-1.935641E-3
1.750000E-7	-1.909947E-3
1.750500E-7	-1.899669E-3
1.751000E-7	-1.903095E-3
1.751500E-7	-1.908234E-3
1.752000E-7	-1.913373E-3
1.752500E-7	-1.954484E-3
1.753000E-7	-2.038418E-3
1.753500E-7	-2.130918E-3
1.754000E-7	-2.177167E-3
1.754500E-7	-2.197723E-3
1.755000E-7	-2.197723E-3
1.755500E-7	-2.166890E-3
1.756000E-7	-2.144621E-3
1.756500E-7	-2.161751E-3
1.757000E-7	-2.165177E-3
1.757500E-7	-2.125779E-3
1.758000E-7	-2.074390E-3
1.758500E-7	-2.024715E-3
1.759000E-7	-1.969900E-3
1.759500E-7	-1.904808E-3
1.760000E-7	-1.846568E-3
1.760500E-7	-1.805457E-3
1.761000E-7	-1.788328E-3
1.761500E-7	-1.776337E-3
1.762000E-7	-1.772911E-3
1.762500E-7	-1.810596E-3
1.763000E-7	-1.884253E-3
1.763500E-7	-1.964761E-3
1.764000E-7	-2.046983E-3
1.764500E-7	-2.120640E-3
1.765000E-7	-2.146334E-3
1.765500E-7	-2.120640E-3
1.766000E-7	-2.084668E-3
1.766500E-7	-2.055548E-3
1.767000E-7	-2.028141E-3
1.767500E-7	-1.983604E-3
1.768000E-7	-1.930502E-3
1.768500E-7	-1.909947E-3
1.769000E-7	-1.940780E-3
1.769500E-7	-2.029854E-3
1.770000E-7	-2.160038E-3
1.770500E-7	-2.319342E-3
1.771000E-7	-2.452952E-3
1.771500E-7	-2.531748E-3
1.772000E-7	-2.584849E-3
1.772500E-7	-2.653367E-3
1.773000E-7	-2.675636E-3
1.773500E-7	-2.619108E-3
1.774000E-7	-2.509480E-3
1.774500E-7	-2.372444E-3
1.775000E-7	-2.209713E-3
1.775500E-7	-2.036705E-3
1.776000E-7	-1.911660E-3
1.776500E-7	-1.855133E-3
1.777000E-7	-1.827725E-3
1.777500E-7	-1.822587E-3
1.778000E-7	-1.870549E-3
1.778500E-7	-1.968187E-3
1.779000E-7	-2.084668E-3
1.779500E-7	-2.211426E-3
1.780000E-7	-2.370731E-3
1.780500E-7	-2.528322E-3
1.781000E-7	-2.619108E-3
1.781500E-7	-2.625960E-3
1.782000E-7	-2.612257E-3
1.782500E-7	-2.595127E-3
1.783000E-7	-2.523183E-3
1.783500E-7	-2.381008E-3
1.784000E-7	-2.249111E-3
1.784500E-7	-2.161751E-3
1.785000E-7	-2.074390E-3
1.785500E-7	-1.993882E-3
1.786000E-7	-1.947632E-3
1.786500E-7	-1.937354E-3
1.787000E-7	-1.935641E-3
1.787500E-7	-1.945919E-3
1.788000E-7	-1.956197E-3
1.788500E-7	-1.990456E-3
1.789000E-7	-2.048696E-3
1.789500E-7	-2.067538E-3
1.790000E-7	-2.012724E-3
1.790500E-7	-1.925364E-3
1.791000E-7	-1.843142E-3
1.791500E-7	-1.757494E-3
1.792000E-7	-1.675273E-3
1.792500E-7	-1.630736E-3
1.793000E-7	-1.623884E-3
1.793500E-7	-1.620458E-3
1.794000E-7	-1.608468E-3
1.794500E-7	-1.617033E-3
1.795000E-7	-1.664995E-3
1.795500E-7	-1.730087E-3
1.796000E-7	-1.800318E-3
1.796500E-7	-1.882540E-3
1.797000E-7	-2.012724E-3
1.797500E-7	-2.192584E-3
1.798000E-7	-2.367305E-3
1.798500E-7	-2.521470E-3
1.799000E-7	-2.648228E-3
1.799500E-7	-2.745867E-3
1.800000E-7	-2.786977E-3
1.800500E-7	-2.762996E-3
1.801000E-7	-2.692765E-3
1.801500E-7	-2.557442E-3
1.802000E-7	-2.350175E-3
1.802500E-7	-2.110362E-3
1.803000E-7	-1.877401E-3
1.803500E-7	-1.651292E-3
1.804000E-7	-1.450876E-3
1.804500E-7	-1.318979E-3
1.805000E-7	-1.241896E-3
1.805500E-7	-1.205925E-3
1.806000E-7	-1.236758E-3
1.806500E-7	-1.329257E-3
1.807000E-7	-1.432034E-3
1.807500E-7	-1.531385E-3
1.808000E-7	-1.606755E-3
1.808500E-7	-1.653005E-3
1.809000E-7	-1.683838E-3
1.809500E-7	-1.697541E-3
1.810000E-7	-1.680412E-3
1.810500E-7	-1.656430E-3
1.811000E-7	-1.661569E-3
1.811500E-7	-1.668421E-3
1.812000E-7	-1.664995E-3
1.812500E-7	-1.687264E-3
1.813000E-7	-1.745504E-3
1.813500E-7	-1.791753E-3
1.814000E-7	-1.824300E-3
1.814500E-7	-1.872262E-3
1.815000E-7	-1.932215E-3
1.815500E-7	-1.944206E-3
1.816000E-7	-1.911660E-3
1.816500E-7	-1.889392E-3
1.817000E-7	-1.880827E-3
1.817500E-7	-1.875688E-3
1.818000E-7	-1.863697E-3
1.818500E-7	-1.815735E-3
1.819000E-7	-1.709532E-3
1.819500E-7	-1.598190E-3
1.820000E-7	-1.541663E-3
1.820500E-7	-1.529672E-3
1.821000E-7	-1.512543E-3
1.821500E-7	-1.486848E-3
1.822000E-7	-1.500552E-3
1.822500E-7	-1.560505E-3
1.823000E-7	-1.627310E-3
1.823500E-7	-1.670134E-3
1.824000E-7	-1.688976E-3
1.824500E-7	-1.736939E-3
1.825000E-7	-1.796892E-3
1.825500E-7	-1.838003E-3
1.826000E-7	-1.836290E-3
1.826500E-7	-1.800318E-3
1.827000E-7	-1.742078E-3
1.827500E-7	-1.676986E-3
1.828000E-7	-1.615320E-3
1.828500E-7	-1.577635E-3
1.829000E-7	-1.603329E-3
1.829500E-7	-1.685551E-3
1.830000E-7	-1.798605E-3
1.830500E-7	-1.915086E-3
1.831000E-7	-2.021289E-3
1.831500E-7	-2.093233E-3
1.832000E-7	-2.132631E-3
1.832500E-7	-2.151473E-3
1.833000E-7	-2.154899E-3
1.833500E-7	-2.122353E-3
1.834000E-7	-2.040131E-3
1.834500E-7	-1.949345E-3
1.835000E-7	-1.899669E-3
1.835500E-7	-1.897956E-3
1.836000E-7	-1.897956E-3
1.836500E-7	-1.868836E-3
1.837000E-7	-1.853420E-3
1.837500E-7	-1.892818E-3
1.838000E-7	-2.014437E-3
1.838500E-7	-2.175454E-3
1.839000E-7	-2.307351E-3
1.839500E-7	-2.396425E-3
1.840000E-7	-2.509480E-3
1.840500E-7	-2.622534E-3
1.841000E-7	-2.653367E-3
1.841500E-7	-2.617395E-3
1.842000E-7	-2.598553E-3
1.842500E-7	-2.601979E-3
1.843000E-7	-2.583136E-3
1.843500E-7	-2.535174E-3
1.844000E-7	-2.468369E-3
1.844500E-7	-2.389573E-3
1.845000E-7	-2.290222E-3
1.845500E-7	-2.156612E-3
1.846000E-7	-1.995595E-3
1.846500E-7	-1.849994E-3
1.847000E-7	-1.767772E-3
1.847500E-7	-1.728374E-3
1.848000E-7	-1.724948E-3
1.848500E-7	-1.706106E-3
1.849000E-7	-1.671847E-3
1.849500E-7	-1.658143E-3
1.850000E-7	-1.663282E-3
1.850500E-7	-1.670134E-3
1.851000E-7	-1.670134E-3
1.851500E-7	-1.697541E-3
1.852000E-7	-1.730087E-3
1.852500E-7	-1.726661E-3
1.853000E-7	-1.712958E-3
1.853500E-7	-1.759207E-3
1.854000E-7	-1.841429E-3
1.854500E-7	-1.915086E-3
1.855000E-7	-2.019576E-3
1.855500E-7	-2.137769E-3
1.856000E-7	-2.240546E-3
1.856500E-7	-2.319342E-3
1.857000E-7	-2.408415E-3
1.857500E-7	-2.461517E-3
1.858000E-7	-2.458091E-3
1.858500E-7	-2.396425E-3
1.859000E-7	-2.274805E-3
1.859500E-7	-2.100084E-3
1.860000E-7	-1.942493E-3
1.860500E-7	-1.836290E-3
1.861000E-7	-1.760920E-3
1.861500E-7	-1.714671E-3
1.862000E-7	-1.730087E-3
1.862500E-7	-1.750643E-3
1.863000E-7	-1.742078E-3
1.863500E-7	-1.740365E-3
1.864000E-7	-1.766059E-3
1.864500E-7	-1.788328E-3
1.865000E-7	-1.774624E-3
1.865500E-7	-1.733513E-3
1.866000E-7	-1.688976E-3
1.866500E-7	-1.683838E-3
1.867000E-7	-1.723235E-3
1.867500E-7	-1.786615E-3
1.868000E-7	-1.884253E-3
1.868500E-7	-2.053835E-3
1.869000E-7	-2.266241E-3
1.869500E-7	-2.442674E-3
1.870000E-7	-2.574572E-3
1.870500E-7	-2.704756E-3
1.871000E-7	-2.809246E-3
1.871500E-7	-2.834940E-3
1.872000E-7	-2.793829E-3
1.872500E-7	-2.716746E-3
1.873000E-7	-2.595127E-3
1.873500E-7	-2.446100E-3
1.874000E-7	-2.312490E-3
1.874500E-7	-2.209713E-3
1.875000E-7	-2.129205E-3
1.875500E-7	-2.079529E-3
1.876000E-7	-2.046983E-3
1.876500E-7	-2.014437E-3
1.877000E-7	-2.004159E-3
1.877500E-7	-2.007585E-3
1.878000E-7	-1.980178E-3
1.878500E-7	-1.932215E-3
1.879000E-7	-1.873975E-3
1.879500E-7	-1.767772E-3
1.880000E-7	-1.642727E-3
1.880500E-7	-1.587912E-3
1.881000E-7	-1.603329E-3
1.881500E-7	-1.630736E-3
1.882000E-7	-1.690689E-3
1.882500E-7	-1.817448E-3
1.883000E-7	-1.987030E-3
1.883500E-7	-2.154899E-3
1.884000E-7	-2.309064E-3
1.884500E-7	-2.423832E-3
1.885000E-7	-2.495776E-3
1.885500E-7	-2.554016E-3
1.886000E-7	-2.560868E-3
1.886500E-7	-2.475221E-3
1.887000E-7	-2.324481E-3
1.887500E-7	-2.137769E-3
1.888000E-7	-1.896243E-3
1.888500E-7	-1.618746E-3
1.889000E-7	-1.375507E-3
1.889500E-7	-1.228193E-3
1.890000E-7	-1.178517E-3
1.890500E-7	-1.211063E-3
1.891000E-7	-1.286433E-3
1.891500E-7	-1.401201E-3
1.892000E-7	-1.553653E-3
1.892500E-7	-1.742078E-3
1.893000E-7	-1.920225E-3
1.893500E-7	-2.065825E-3
1.894000E-7	-2.175454E-3
1.894500E-7	-2.264528E-3
1.895000E-7	-2.305638E-3
1.895500E-7	-2.297074E-3
1.896000E-7	-2.266241E-3
1.896500E-7	-2.221704E-3
1.897000E-7	-2.148047E-3
1.897500E-7	-2.065825E-3
1.898000E-7	-1.988743E-3
1.898500E-7	-1.961336E-3
1.899000E-7	-1.963048E-3
1.899500E-7	-1.976752E-3
1.900000E-7	-1.993882E-3
1.900500E-7	-2.052122E-3
1.901000E-7	-2.122353E-3
1.901500E-7	-2.161751E-3
1.902000E-7	-2.194297E-3
1.902500E-7	-2.230269E-3
1.903000E-7	-2.192584E-3
1.903500E-7	-2.100084E-3
1.904000E-7	-2.023002E-3
1.904500E-7	-1.939067E-3
1.905000E-7	-1.810596E-3
1.905500E-7	-1.726661E-3
1.906000E-7	-1.702680E-3
1.906500E-7	-1.661569E-3
1.907000E-7	-1.622171E-3
1.907500E-7	-1.671847E-3
1.908000E-7	-1.781476E-3
1.908500E-7	-1.858559E-3
1.909000E-7	-1.913373E-3
1.909500E-7	-1.988743E-3
1.910000E-7	-2.058974E-3
1.910500E-7	-2.127492E-3
1.911000E-7	-2.206287E-3
1.911500E-7	-2.312490E-3
1.912000E-7	-2.452952E-3
1.912500E-7	-2.598553E-3
1.913000E-7	-2.665358E-3
1.913500E-7	-2.665358E-3
1.914000E-7	-2.680775E-3
1.914500E-7	-2.703043E-3
1.915000E-7	-2.682487E-3
1.915500E-7	-2.670497E-3
1.916000E-7	-2.684200E-3
1.916500E-7	-2.649941E-3
1.917000E-7	-2.554016E-3
1.917500E-7	-2.437536E-3
1.918000E-7	-2.225130E-3
1.918500E-7	-1.920225E-3
1.919000E-7	-1.658143E-3
1.919500E-7	-1.497126E-3
1.920000E-7	-1.370368E-3
1.920500E-7	-1.286433E-3
1.921000E-7	-1.310414E-3
1.921500E-7	-1.396062E-3
1.922000E-7	-1.459441E-3
1.922500E-7	-1.543376E-3
1.923000E-7	-1.673560E-3
1.923500E-7	-1.808883E-3
1.924000E-7	-1.921938E-3
1.924500E-7	-2.031566E-3
1.925000E-7	-2.105223E-3
1.925500E-7	-2.108649E-3
1.926000E-7	-2.086381E-3
1.926500E-7	-2.084668E-3
1.927000E-7	-2.079529E-3
1.927500E-7	-2.026428E-3
1.928000E-7	-1.949345E-3
1.928500E-7	-1.909947E-3
1.929000E-7	-1.903095E-3
1.929500E-7	-1.915086E-3
1.930000E-7	-1.952771E-3
1.930500E-7	-1.992169E-3
1.931000E-7	-1.988743E-3
1.931500E-7	-1.944206E-3
1.932000E-7	-1.873975E-3
1.932500E-7	-1.788328E-3
1.933000E-7	-1.728374E-3
1.933500E-7	-1.731800E-3
1.934000E-7	-1.771198E-3
1.934500E-7	-1.848281E-3
1.935000E-7	-1.928789E-3
1.935500E-7	-1.964761E-3
1.936000E-7	-1.969900E-3
1.936500E-7	-1.985317E-3
1.937000E-7	-1.992169E-3
1.937500E-7	-1.942493E-3
1.938000E-7	-1.849994E-3
1.938500E-7	-1.759207E-3
1.939000E-7	-1.663282E-3
1.939500E-7	-1.565644E-3
1.940000E-7	-1.514256E-3
1.940500E-7	-1.497126E-3
1.941000E-7	-1.479997E-3
1.941500E-7	-1.493700E-3
1.942000E-7	-1.557079E-3
1.942500E-7	-1.664995E-3
1.943000E-7	-1.815735E-3
1.943500E-7	-2.021289E-3
1.944000E-7	-2.208000E-3
1.944500E-7	-2.324481E-3
1.945000E-7	-2.396425E-3
1.945500E-7	-2.449526E-3
1.946000E-7	-2.449526E-3
1.946500E-7	-2.425545E-3
1.947000E-7	-2.416980E-3
1.947500E-7	-2.420406E-3
1.948000E-7	-2.392999E-3
1.948500E-7	-2.350175E-3
1.949000E-7	-2.334759E-3
1.949500E-7	-2.355314E-3
1.950000E-7	-2.420406E-3
1.950500E-7	-2.495776E-3
1.951000E-7	-2.566007E-3
1.951500E-7	-2.663645E-3
1.952000E-7	-2.744154E-3
1.952500E-7	-2.756144E-3
1.953000E-7	-2.716746E-3
1.953500E-7	-2.656793E-3
1.954000E-7	-2.586562E-3
1.954500E-7	-2.514618E-3
1.955000E-7	-2.459804E-3
1.955500E-7	-2.396425E-3
1.956000E-7	-2.324481E-3
1.956500E-7	-2.288509E-3
1.957000E-7	-2.276518E-3
1.957500E-7	-2.259389E-3
1.958000E-7	-2.261102E-3
1.958500E-7	-2.273092E-3
1.959000E-7	-2.281657E-3
1.959500E-7	-2.283370E-3
1.960000E-7	-2.283370E-3
1.960500E-7	-2.252537E-3
1.961000E-7	-2.201149E-3
1.961500E-7	-2.130918E-3
1.962000E-7	-2.012724E-3
1.962500E-7	-1.851707E-3
1.963000E-7	-1.702680E-3
1.963500E-7	-1.579348E-3
1.964000E-7	-1.478284E-3
1.964500E-7	-1.406340E-3
1.965000E-7	-1.397775E-3
1.965500E-7	-1.454302E-3
1.966000E-7	-1.539950E-3
1.966500E-7	-1.625597E-3
1.967000E-7	-1.699254E-3
1.967500E-7	-1.760920E-3
1.968000E-7	-1.812309E-3
1.968500E-7	-1.870549E-3
1.969000E-7	-1.942493E-3
1.969500E-7	-1.988743E-3
1.970000E-7	-2.016150E-3
1.970500E-7	-2.064113E-3
1.971000E-7	-2.120640E-3
1.971500E-7	-2.173741E-3
1.972000E-7	-2.223417E-3
1.972500E-7	-2.267954E-3
1.973000E-7	-2.312490E-3
1.973500E-7	-2.365592E-3
1.974000E-7	-2.399851E-3
1.974500E-7	-2.396425E-3
1.975000E-7	-2.396425E-3
1.975500E-7	-2.416980E-3
1.976000E-7	-2.387860E-3
1.976500E-7	-2.322768E-3
1.977000E-7	-2.293648E-3
1.977500E-7	-2.252537E-3
1.978000E-7	-2.178880E-3
1.978500E-7	-2.146334E-3
1.979000E-7	-2.160038E-3
1.979500E-7	-2.177167E-3
1.980000E-7	-2.233695E-3
1.980500E-7	-2.355314E-3
1.981000E-7	-2.428971E-3
1.981500E-7	-2.437536E-3
1.982000E-7	-2.446100E-3
1.982500E-7	-2.442674E-3
1.983000E-7	-2.379295E-3
1.983500E-7	-2.298787E-3
1.984000E-7	-2.247398E-3
1.984500E-7	-2.177167E-3
1.985000E-7	-2.026428E-3
1.985500E-7	-1.838003E-3
1.986000E-7	-1.668421E-3
1.986500E-7	-1.538237E-3
1.987000E-7	-1.440599E-3
1.987500E-7	-1.399488E-3
1.988000E-7	-1.414904E-3
1.988500E-7	-1.478284E-3
1.989000E-7	-1.553653E-3
1.989500E-7	-1.635875E-3
1.990000E-7	-1.719810E-3
1.990500E-7	-1.827725E-3
1.991000E-7	-1.976752E-3
1.991500E-7	-2.132631E-3
1.992000E-7	-2.249111E-3
1.992500E-7	-2.319342E-3
1.993000E-7	-2.338185E-3
1.993500E-7	-2.283370E-3
1.994000E-7	-2.178880E-3
1.994500E-7	-2.100084E-3
1.995000E-7	-2.057261E-3
1.995500E-7	-2.036705E-3
1.996000E-7	-2.055548E-3
1.996500E-7	-2.158325E-3
1.997000E-7	-2.285083E-3
1.997500E-7	-2.360453E-3
1.998000E-7	-2.410128E-3
1.998500E-7	-2.476933E-3
1.999000E-7	-2.526609E-3
1.999500E-7	-2.494063E-3
2.000000E-7	-2.411841E-3
