Study Name	Tungsten_Kyocera
Sample Name	2024-02-05
Run Name	spot03
Operator	Angus+Samantha
Date	2/5/2024
Time	16:26
Sign	FIX
Grating Spacing	03.40um
Channel	3
Number Traces	10000
Files in Batch	1
Batch Number	175
dt	50.000001E-12
time stamp (ms)	7:27:54 PM
	
Time	Amplitude
0.000000E+0	1.983602E-3
5.000000E-11	1.909945E-3
1.000000E-10	1.798604E-3
1.500000E-10	1.675272E-3
2.000000E-10	1.560504E-3
2.500000E-10	1.445737E-3
3.000000E-10	1.315553E-3
3.500000E-10	1.204211E-3
4.000000E-10	1.142545E-3
4.500000E-10	1.140832E-3
5.000000E-10	1.178516E-3
5.500000E-10	1.241895E-3
6.000000E-10	1.373792E-3
6.500000E-10	1.558790E-3
7.000000E-10	1.726659E-3
7.500000E-10	1.880825E-3
8.000000E-10	2.053832E-3
8.500000E-10	2.190868E-3
9.000000E-10	2.255961E-3
9.500000E-10	2.293646E-3
1.000000E-9	2.321053E-3
1.050000E-9	2.281655E-3
1.100000E-9	2.175453E-3
1.150000E-9	2.055546E-3
1.200000E-9	1.942492E-3
1.250000E-9	1.802030E-3
1.300000E-9	1.644439E-3
1.350000E-9	1.524533E-3
1.400000E-9	1.483422E-3
1.450000E-9	1.502264E-3
1.500000E-9	1.529672E-3
1.550000E-9	1.577634E-3
1.600000E-9	1.688976E-3
1.650000E-9	1.839715E-3
1.700000E-9	1.959621E-3
1.750000E-9	2.021287E-3
1.800000E-9	2.072676E-3
1.850000E-9	2.117212E-3
1.900000E-9	2.112073E-3
1.950000E-9	2.041842E-3
2.000000E-9	1.985315E-3
2.050000E-9	1.947630E-3
2.100000E-9	1.856844E-3
2.150000E-9	1.714669E-3
2.200000E-9	1.647864E-3
2.250000E-9	1.671846E-3
2.300000E-9	1.680410E-3
2.350000E-9	1.680411E-3
2.400000E-9	1.759206E-3
2.450000E-9	1.873974E-3
2.500000E-9	1.930501E-3
2.550000E-9	1.956195E-3
2.600000E-9	2.002445E-3
2.650000E-9	2.028139E-3
2.700000E-9	1.995593E-3
2.750000E-9	1.918511E-3
2.800000E-9	1.844854E-3
2.850000E-9	1.781475E-3
2.900000E-9	1.711244E-3
2.950000E-9	1.639300E-3
3.000000E-9	1.591337E-3
3.050000E-9	1.565643E-3
3.100000E-9	1.553652E-3
3.150000E-9	1.548514E-3
3.200000E-9	1.567356E-3
3.250000E-9	1.586198E-3
3.300000E-9	1.587911E-3
3.350000E-9	1.567356E-3
3.400000E-9	1.526245E-3
3.450000E-9	1.450875E-3
3.500000E-9	1.337821E-3
3.550000E-9	1.197359E-3
3.600000E-9	1.070601E-3
3.650000E-9	9.626856E-4
3.700000E-9	8.753254E-4
3.750000E-9	8.136594E-4
3.800000E-9	7.982430E-4
3.850000E-9	8.290761E-4
3.900000E-9	8.924553E-4
3.950000E-9	9.678250E-4
4.000000E-9	1.058611E-3
4.050000E-9	1.166527E-3
4.100000E-9	1.286433E-3
4.150000E-9	1.390923E-3
4.200000E-9	1.474858E-3
4.250000E-9	1.548514E-3
4.300000E-9	1.593051E-3
4.350000E-9	1.617032E-3
4.400000E-9	1.670134E-3
4.450000E-9	1.759207E-3
4.500000E-9	1.815734E-3
4.550000E-9	1.831151E-3
4.600000E-9	1.889391E-3
4.650000E-9	1.990455E-3
4.700000E-9	2.041843E-3
4.750000E-9	2.062399E-3
4.800000E-9	2.125778E-3
4.850000E-9	2.196009E-3
4.900000E-9	2.196009E-3
4.950000E-9	2.158324E-3
5.000000E-9	2.154898E-3
5.050000E-9	2.163463E-3
5.100000E-9	2.129204E-3
5.150000E-9	2.076103E-3
5.200000E-9	2.060686E-3
5.250000E-9	2.058973E-3
5.300000E-9	2.004158E-3
5.350000E-9	1.928789E-3
5.400000E-9	1.882539E-3
5.450000E-9	1.841428E-3
5.500000E-9	1.762632E-3
5.550000E-9	1.671846E-3
5.600000E-9	1.618744E-3
5.650000E-9	1.593050E-3
5.700000E-9	1.546800E-3
5.750000E-9	1.486847E-3
5.800000E-9	1.481708E-3
5.850000E-9	1.521106E-3
5.900000E-9	1.548514E-3
5.950000E-9	1.594763E-3
6.000000E-9	1.704392E-3
6.050000E-9	1.832863E-3
6.100000E-9	1.933927E-3
6.150000E-9	2.031565E-3
6.200000E-9	2.122352E-3
6.250000E-9	2.177166E-3
6.300000E-9	2.204573E-3
6.350000E-9	2.211425E-3
6.400000E-9	2.201147E-3
6.450000E-9	2.173740E-3
6.500000E-9	2.122352E-3
6.550000E-9	2.023001E-3
6.600000E-9	1.925363E-3
6.650000E-9	1.865409E-3
6.700000E-9	1.805456E-3
6.750000E-9	1.723235E-3
6.800000E-9	1.659855E-3
6.850000E-9	1.647865E-3
6.900000E-9	1.649577E-3
6.950000E-9	1.656429E-3
7.000000E-9	1.700966E-3
7.050000E-9	1.788326E-3
7.100000E-9	1.879112E-3
7.150000E-9	1.949343E-3
7.200000E-9	2.033277E-3
7.250000E-9	2.124063E-3
7.300000E-9	2.166887E-3
7.350000E-9	2.151471E-3
7.400000E-9	2.141193E-3
7.450000E-9	2.142907E-3
7.500000E-9	2.077815E-3
7.550000E-9	1.966474E-3
7.600000E-9	1.896243E-3
7.650000E-9	1.867123E-3
7.700000E-9	1.807170E-3
7.750000E-9	1.733513E-3
7.800000E-9	1.699254E-3
7.850000E-9	1.694115E-3
7.900000E-9	1.682124E-3
7.950000E-9	1.666707E-3
8.000000E-9	1.668420E-3
8.050000E-9	1.663281E-3
8.100000E-9	1.632447E-3
8.150000E-9	1.611892E-3
8.200000E-9	1.637586E-3
8.250000E-9	1.678697E-3
8.300000E-9	1.716382E-3
8.350000E-9	1.771197E-3
8.400000E-9	1.851705E-3
8.450000E-9	1.949344E-3
8.500000E-9	2.053834E-3
8.550000E-9	2.146333E-3
8.600000E-9	2.207999E-3
8.650000E-9	2.233693E-3
8.700000E-9	2.221703E-3
8.750000E-9	2.187444E-3
8.800000E-9	2.161750E-3
8.850000E-9	2.153185E-3
8.900000E-9	2.101797E-3
8.950000E-9	2.014436E-3
9.000000E-9	1.959622E-3
9.050000E-9	1.942492E-3
9.100000E-9	1.925362E-3
9.150000E-9	1.921936E-3
9.200000E-9	1.976750E-3
9.250000E-9	2.052120E-3
9.300000E-9	2.113786E-3
9.350000E-9	2.175452E-3
9.400000E-9	2.259386E-3
9.450000E-9	2.310774E-3
9.500000E-9	2.295358E-3
9.550000E-9	2.249109E-3
9.600000E-9	2.207998E-3
9.650000E-9	2.137767E-3
9.700000E-9	2.026426E-3
9.750000E-9	1.925362E-3
9.800000E-9	1.856844E-3
9.850000E-9	1.790040E-3
9.900000E-9	1.706105E-3
9.950000E-9	1.637587E-3
1.000000E-8	1.613606E-3
1.005000E-8	1.618745E-3
1.010000E-8	1.634162E-3
1.015000E-8	1.653004E-3
1.020000E-8	1.702680E-3
1.025000E-8	1.791753E-3
1.030000E-8	1.880826E-3
1.035000E-8	1.968186E-3
1.040000E-8	2.065824E-3
1.045000E-8	2.134342E-3
1.050000E-8	2.132629E-3
1.055000E-8	2.113786E-3
1.060000E-8	2.098370E-3
1.065000E-8	2.045268E-3
1.070000E-8	1.963046E-3
1.075000E-8	1.909945E-3
1.080000E-8	1.899667E-3
1.085000E-8	1.901381E-3
1.090000E-8	1.894529E-3
1.095000E-8	1.904807E-3
1.100000E-8	1.937353E-3
1.105000E-8	1.983603E-3
1.110000E-8	2.017862E-3
1.115000E-8	2.028140E-3
1.120000E-8	2.043557E-3
1.125000E-8	2.050408E-3
1.130000E-8	2.019575E-3
1.135000E-8	1.942492E-3
1.140000E-8	1.865409E-3
1.145000E-8	1.836289E-3
1.150000E-8	1.877399E-3
1.155000E-8	2.007583E-3
1.160000E-8	2.252534E-3
1.165000E-8	2.680770E-3
1.170000E-8	3.352244E-3
1.175000E-8	4.325197E-3
1.180000E-8	5.678424E-3
1.185000E-8	7.500998E-3
1.190000E-8	9.816900E-3
1.195000E-8	1.263298E-2
1.200000E-8	1.598864E-2
1.205000E-8	1.990101E-2
1.210000E-8	2.432898E-2
1.215000E-8	2.921259E-2
1.220000E-8	3.449531E-2
1.225000E-8	4.006410E-2
1.230000E-8	4.577164E-2
1.235000E-8	5.147062E-2
1.240000E-8	5.701543E-2
1.245000E-8	6.225704E-2
1.250000E-8	6.700876E-2
1.255000E-8	7.110613E-2
1.260000E-8	7.447208E-2
1.265000E-8	7.705520E-2
1.270000E-8	7.876644E-2
1.275000E-8	7.960065E-2
1.280000E-8	7.960750E-2
1.285000E-8	7.882126E-2
1.290000E-8	7.728989E-2
1.295000E-8	7.509561E-2
1.300000E-8	7.237545E-2
1.305000E-8	6.923733E-2
1.310000E-8	6.579260E-2
1.315000E-8	6.218513E-2
1.320000E-8	5.865304E-2
1.325000E-8	5.540358E-2
1.330000E-8	5.248300E-2
1.335000E-8	4.998210E-2
1.340000E-8	4.805674E-2
1.345000E-8	4.678231E-2
1.350000E-8	4.608342E-2
1.355000E-8	4.595838E-2
1.360000E-8	4.643629E-2
1.365000E-8	4.742808E-2
1.370000E-8	4.878302E-2
1.375000E-8	5.038462E-2
1.380000E-8	5.215752E-2
1.385000E-8	5.397153E-2
1.390000E-8	5.567934E-2
1.395000E-8	5.718673E-2
1.400000E-8	5.841491E-2
1.405000E-8	5.926111E-2
1.410000E-8	5.966023E-2
1.415000E-8	5.958829E-2
1.420000E-8	5.904015E-2
1.425000E-8	5.803122E-2
1.430000E-8	5.656494E-2
1.435000E-8	5.469783E-2
1.440000E-8	5.254809E-2
1.445000E-8	5.017566E-2
1.450000E-8	4.763536E-2
1.455000E-8	4.508478E-2
1.460000E-8	4.271064E-2
1.465000E-8	4.056260E-2
1.470000E-8	3.866980E-2
1.475000E-8	3.717268E-2
1.480000E-8	3.617917E-2
1.485000E-8	3.566871E-2
1.490000E-8	3.560875E-2
1.495000E-8	3.600958E-2
1.500000E-8	3.684036E-2
1.505000E-8	3.803770E-2
1.510000E-8	3.951084E-2
1.515000E-8	4.114670E-2
1.520000E-8	4.286821E-2
1.525000E-8	4.460171E-2
1.530000E-8	4.620674E-2
1.535000E-8	4.755483E-2
1.540000E-8	4.859973E-2
1.545000E-8	4.929861E-2
1.550000E-8	4.953671E-2
1.555000E-8	4.927635E-2
1.560000E-8	4.854835E-2
1.565000E-8	4.738697E-2
1.570000E-8	4.581106E-2
1.575000E-8	4.386687E-2
1.580000E-8	4.161264E-2
1.585000E-8	3.916998E-2
1.590000E-8	3.667764E-2
1.595000E-8	3.425553E-2
1.600000E-8	3.201671E-2
1.605000E-8	3.009478E-2
1.610000E-8	2.857197E-2
1.615000E-8	2.752365E-2
1.620000E-8	2.702860E-2
1.625000E-8	2.715365E-2
1.630000E-8	2.780970E-2
1.635000E-8	2.889399E-2
1.640000E-8	3.040139E-2
1.645000E-8	3.225308E-2
1.650000E-8	3.423838E-2
1.655000E-8	3.621684E-2
1.660000E-8	3.812677E-2
1.665000E-8	3.983458E-2
1.670000E-8	4.117410E-2
1.675000E-8	4.207854E-2
1.680000E-8	4.254275E-2
1.685000E-8	4.252562E-2
1.690000E-8	4.198776E-2
1.695000E-8	4.096513E-2
1.700000E-8	3.954339E-2
1.705000E-8	3.778591E-2
1.710000E-8	3.573209E-2
1.715000E-8	3.346586E-2
1.720000E-8	3.114996E-2
1.725000E-8	2.891970E-2
1.730000E-8	2.679394E-2
1.735000E-8	2.487715E-2
1.740000E-8	2.334577E-2
1.745000E-8	2.225805E-2
1.750000E-8	2.158829E-2
1.755000E-8	2.139643E-2
1.760000E-8	2.173902E-2
1.765000E-8	2.254239E-2
1.770000E-8	2.373289E-2
1.775000E-8	2.528995E-2
1.780000E-8	2.714507E-2
1.785000E-8	2.913551E-2
1.790000E-8	3.111054E-2
1.795000E-8	3.295538E-2
1.800000E-8	3.457926E-2
1.805000E-8	3.588795E-2
1.810000E-8	3.677355E-2
1.815000E-8	3.719493E-2
1.820000E-8	3.714355E-2
1.825000E-8	3.660740E-2
1.830000E-8	3.556764E-2
1.835000E-8	3.407909E-2
1.840000E-8	3.225481E-2
1.845000E-8	3.019413E-2
1.850000E-8	2.796559E-2
1.855000E-8	2.567538E-2
1.860000E-8	2.348452E-2
1.865000E-8	2.149579E-2
1.870000E-8	1.976743E-2
1.875000E-8	1.841077E-2
1.880000E-8	1.754745E-2
1.885000E-8	1.719458E-2
1.890000E-8	1.731277E-2
1.895000E-8	1.794484E-2
1.900000E-8	1.911821E-2
1.905000E-8	2.072838E-2
1.910000E-8	2.259035E-2
1.915000E-8	2.459449E-2
1.920000E-8	2.668086E-2
1.925000E-8	2.872098E-2
1.930000E-8	3.052643E-2
1.935000E-8	3.198415E-2
1.940000E-8	3.304789E-2
1.945000E-8	3.367997E-2
1.950000E-8	3.379302E-2
1.955000E-8	3.336479E-2
1.960000E-8	3.246721E-2
1.965000E-8	3.116879E-2
1.970000E-8	2.949182E-2
1.975000E-8	2.750309E-2
1.980000E-8	2.535335E-2
1.985000E-8	2.310767E-2
1.990000E-8	2.082089E-2
1.995000E-8	1.864031E-2
2.000000E-8	1.674750E-2
2.005000E-8	1.518872E-2
2.010000E-8	1.397938E-2
2.015000E-8	1.324966E-2
2.020000E-8	1.309721E-2
2.025000E-8	1.347405E-2
2.030000E-8	1.432539E-2
2.035000E-8	1.566319E-2
2.040000E-8	1.741725E-2
2.045000E-8	1.945908E-2
2.050000E-8	2.167221E-2
2.055000E-8	2.389561E-2
2.060000E-8	2.596485E-2
2.065000E-8	2.778571E-2
2.070000E-8	2.928283E-2
2.075000E-8	3.031231E-2
2.080000E-8	3.080564E-2
2.085000E-8	3.077995E-2
2.090000E-8	3.019070E-2
2.095000E-8	2.904988E-2
2.100000E-8	2.747739E-2
2.105000E-8	2.555376E-2
2.110000E-8	2.332008E-2
2.115000E-8	2.092709E-2
2.120000E-8	1.857350E-2
2.125000E-8	1.634325E-2
2.130000E-8	1.430313E-2
2.135000E-8	1.260902E-2
2.140000E-8	1.136714E-2
2.145000E-8	1.058774E-2
2.150000E-8	1.027770E-2
2.155000E-8	1.047469E-2
2.160000E-8	1.117699E-2
2.165000E-8	1.231952E-2
2.170000E-8	1.380807E-2
2.175000E-8	1.557755E-2
2.180000E-8	1.757313E-2
2.185000E-8	1.965093E-2
2.190000E-8	2.165336E-2
2.195000E-8	2.349307E-2
2.200000E-8	2.511180E-2
2.205000E-8	2.639651E-2
2.210000E-8	2.721359E-2
2.215000E-8	2.753905E-2
2.220000E-8	2.740031E-2
2.225000E-8	2.677337E-2
2.230000E-8	2.564283E-2
2.235000E-8	2.409261E-2
2.240000E-8	2.224606E-2
2.245000E-8	2.018196E-2
2.250000E-8	1.797911E-2
2.255000E-8	1.575057E-2
2.260000E-8	1.364536E-2
2.265000E-8	1.177482E-2
2.270000E-8	1.020233E-2
2.275000E-8	9.020399E-3
2.280000E-8	8.323228E-3
2.285000E-8	8.138228E-3
2.290000E-8	8.451695E-3
2.295000E-8	9.261917E-3
2.300000E-8	1.052607E-2
2.305000E-8	1.213795E-2
2.310000E-8	1.398622E-2
2.315000E-8	1.601777E-2
2.320000E-8	1.813497E-2
2.325000E-8	2.016139E-2
2.330000E-8	2.194285E-2
2.335000E-8	2.341085E-2
2.340000E-8	2.449343E-2
2.345000E-8	2.509982E-2
2.350000E-8	2.517690E-2
2.355000E-8	2.475038E-2
2.360000E-8	2.384766E-2
2.365000E-8	2.249957E-2
2.370000E-8	2.077292E-2
2.375000E-8	1.876364E-2
2.380000E-8	1.659162E-2
2.385000E-8	1.437678E-2
2.390000E-8	1.222018E-2
2.395000E-8	1.021432E-2
2.400000E-8	8.513368E-3
2.405000E-8	7.225231E-3
2.410000E-8	6.346488E-3
2.415000E-8	5.892556E-3
2.420000E-8	5.967923E-3
2.425000E-8	6.550323E-3
2.430000E-8	7.519848E-3
2.435000E-8	8.857658E-3
2.440000E-8	1.054491E-2
2.445000E-8	1.242915E-2
2.450000E-8	1.434422E-2
2.455000E-8	1.623703E-2
2.460000E-8	1.803048E-2
2.465000E-8	1.959783E-2
2.470000E-8	2.084485E-2
2.475000E-8	2.170989E-2
2.480000E-8	2.215526E-2
2.485000E-8	2.219809E-2
2.490000E-8	2.177842E-2
2.495000E-8	2.087570E-2
2.500000E-8	1.960812E-2
2.505000E-8	1.809216E-2
2.510000E-8	1.632954E-2
2.515000E-8	1.438535E-2
2.520000E-8	1.241546E-2
2.525000E-8	1.050724E-2
2.530000E-8	8.708644E-3
2.535000E-8	7.153287E-3
2.540000E-8	6.002186E-3
2.545000E-8	5.258766E-3
2.550000E-8	4.902471E-3
2.555000E-8	4.979552E-3
2.560000E-8	5.527693E-3
2.565000E-8	6.502357E-3
2.570000E-8	7.802482E-3
2.575000E-8	9.361262E-3
2.580000E-8	1.114273E-2
2.585000E-8	1.304067E-2
2.590000E-8	1.490264E-2
2.595000E-8	1.661559E-2
2.600000E-8	1.813669E-2
2.605000E-8	1.934945E-2
2.610000E-8	2.014255E-2
2.615000E-8	2.049028E-2
2.620000E-8	2.041148E-2
2.625000E-8	1.989589E-2
2.630000E-8	1.892465E-2
2.635000E-8	1.754744E-2
2.640000E-8	1.587732E-2
2.645000E-8	1.398794E-2
2.650000E-8	1.195468E-2
2.655000E-8	9.897428E-3
2.660000E-8	7.968651E-3
2.665000E-8	6.272833E-3
2.670000E-8	4.890485E-3
2.675000E-8	3.890123E-3
2.680000E-8	3.329988E-3
2.685000E-8	3.234061E-3
2.690000E-8	3.612620E-3
2.695000E-8	4.439971E-3
2.700000E-8	5.663013E-3
2.705000E-8	7.204663E-3
2.710000E-8	8.950154E-3
2.715000E-8	1.080185E-2
2.720000E-8	1.268952E-2
2.725000E-8	1.449496E-2
2.730000E-8	1.609314E-2
2.735000E-8	1.743095E-2
2.740000E-8	1.847756E-2
2.745000E-8	1.913020E-2
2.750000E-8	1.930149E-2
2.755000E-8	1.901201E-2
2.760000E-8	1.833026E-2
2.765000E-8	1.728707E-2
2.770000E-8	1.591158E-2
2.775000E-8	1.426887E-2
2.780000E-8	1.247027E-2
2.785000E-8	1.061001E-2
2.790000E-8	8.739476E-3
2.795000E-8	6.944308E-3
2.800000E-8	5.395803E-3
2.805000E-8	4.183036E-3
2.810000E-8	3.321423E-3
2.815000E-8	2.858926E-3
2.820000E-8	2.860637E-3
2.825000E-8	3.300863E-3
2.830000E-8	4.112798E-3
2.835000E-8	5.255332E-3
2.840000E-8	6.706196E-3
2.845000E-8	8.386595E-3
2.850000E-8	1.015778E-2
2.855000E-8	1.189813E-2
2.860000E-8	1.356141E-2
2.865000E-8	1.506880E-2
2.870000E-8	1.627471E-2
2.875000E-8	1.710721E-2
2.880000E-8	1.760910E-2
2.885000E-8	1.774443E-2
2.890000E-8	1.743439E-2
2.895000E-8	1.673379E-2
2.900000E-8	1.571116E-2
2.905000E-8	1.435794E-2
2.910000E-8	1.274777E-2
2.915000E-8	1.102969E-2
2.920000E-8	9.294472E-3
2.925000E-8	7.583238E-3
2.930000E-8	5.978207E-3
2.935000E-8	4.594146E-3
2.940000E-8	3.526979E-3
2.945000E-8	2.828095E-3
2.950000E-8	2.497495E-3
2.955000E-8	2.564298E-3
2.960000E-8	3.079893E-3
2.965000E-8	3.979188E-3
2.970000E-8	5.157694E-3
2.975000E-8	6.593142E-3
2.980000E-8	8.222153E-3
2.985000E-8	9.897414E-3
2.990000E-8	1.152129E-2
2.995000E-8	1.302697E-2
3.000000E-8	1.430483E-2
3.005000E-8	1.529834E-2
3.010000E-8	1.597666E-2
3.015000E-8	1.627472E-2
3.020000E-8	1.617879E-2
3.025000E-8	1.573000E-2
3.030000E-8	1.489580E-2
3.035000E-8	1.367790E-2
3.040000E-8	1.222018E-2
3.045000E-8	1.060316E-2
3.050000E-8	8.807993E-3
3.055000E-8	6.958011E-3
3.060000E-8	5.275898E-3
3.065000E-8	3.785634E-3
3.070000E-8	2.478655E-3
3.075000E-8	1.483432E-3
3.080000E-8	9.335746E-4
3.085000E-8	7.931113E-4
3.090000E-8	1.046626E-3
3.095000E-8	1.740367E-3
3.100000E-8	2.860633E-3
3.105000E-8	4.294367E-3
3.110000E-8	5.952498E-3
3.115000E-8	7.745953E-3
3.120000E-8	9.590796E-3
3.125000E-8	1.136883E-2
3.130000E-8	1.296701E-2
3.135000E-8	1.428427E-2
3.140000E-8	1.525380E-2
3.145000E-8	1.582764E-2
3.150000E-8	1.596296E-2
3.155000E-8	1.567348E-2
3.160000E-8	1.500543E-2
3.165000E-8	1.398451E-2
3.170000E-8	1.262615E-2
3.175000E-8	1.103140E-2
3.180000E-8	9.311599E-3
3.185000E-8	7.560968E-3
3.190000E-8	5.851448E-3
3.195000E-8	4.299518E-3
3.200000E-8	3.009668E-3
3.205000E-8	2.023010E-3
3.210000E-8	1.365238E-3
3.215000E-8	1.092878E-3
3.220000E-8	1.257319E-3
3.225000E-8	1.855136E-3
3.230000E-8	2.790404E-3
3.235000E-8	3.987752E-3
3.240000E-8	5.447181E-3
3.245000E-8	7.079619E-3
3.250000E-8	8.727473E-3
3.255000E-8	1.031880E-2
3.260000E-8	1.183647E-2
3.265000E-8	1.316400E-2
3.270000E-8	1.417464E-2
3.275000E-8	1.485640E-2
3.280000E-8	1.520241E-2
3.285000E-8	1.516302E-2
3.290000E-8	1.474506E-2
3.295000E-8	1.398623E-2
3.300000E-8	1.294647E-2
3.305000E-8	1.168917E-2
3.310000E-8	1.024173E-2
3.315000E-8	8.672670E-3
3.320000E-8	7.122454E-3
3.325000E-8	5.669875E-3
3.330000E-8	4.330351E-3
3.335000E-8	3.187815E-3
3.340000E-8	2.365600E-3
3.345000E-8	1.865418E-3
3.350000E-8	1.683845E-3
3.355000E-8	1.872267E-3
3.360000E-8	2.439251E-3
3.365000E-8	3.333408E-3
3.370000E-8	4.522192E-3
3.375000E-8	5.894261E-3
3.380000E-8	7.358829E-3
3.385000E-8	8.866222E-3
3.390000E-8	1.033764E-2
3.395000E-8	1.165832E-2
3.400000E-8	1.280429E-2
3.405000E-8	1.371900E-2
3.410000E-8	1.424659E-2
3.415000E-8	1.434423E-2
3.420000E-8	1.412326E-2
3.425000E-8	1.359225E-2
3.430000E-8	1.268096E-2
3.435000E-8	1.146991E-2
3.440000E-8	1.006358E-2
3.445000E-8	8.515077E-3
3.450000E-8	6.906621E-3
3.455000E-8	5.351266E-3
3.460000E-8	3.926095E-3
3.465000E-8	2.713328E-3
3.470000E-8	1.793475E-3
3.475000E-8	1.181952E-3
3.480000E-8	9.164443E-4
3.485000E-8	1.032923E-3
3.490000E-8	1.503982E-3
3.495000E-8	2.278233E-3
3.500000E-8	3.321416E-3
3.505000E-8	4.559875E-3
3.510000E-8	5.899398E-3
3.515000E-8	7.300588E-3
3.520000E-8	8.698352E-3
3.525000E-8	1.000876E-2
3.530000E-8	1.118726E-2
3.535000E-8	1.218420E-2
3.540000E-8	1.292933E-2
3.545000E-8	1.339868E-2
3.550000E-8	1.357512E-2
3.555000E-8	1.339868E-2
3.560000E-8	1.288823E-2
3.565000E-8	1.209513E-2
3.570000E-8	1.104167E-2
3.575000E-8	9.755251E-3
3.580000E-8	8.331793E-3
3.585000E-8	6.848382E-3
3.590000E-8	5.344415E-3
3.595000E-8	3.903827E-3
3.600000E-8	2.667079E-3
3.605000E-8	1.694124E-3
3.610000E-8	9.849631E-4
3.615000E-8	6.201043E-4
3.620000E-8	6.560747E-4
3.625000E-8	1.080884E-3
3.630000E-8	1.851709E-3
3.635000E-8	2.922299E-3
3.640000E-8	4.237841E-3
3.645000E-8	5.709262E-3
3.650000E-8	7.237210E-3
3.655000E-8	8.708631E-3
3.660000E-8	1.005843E-2
3.665000E-8	1.125064E-2
3.670000E-8	1.219448E-2
3.675000E-8	1.278373E-2
3.680000E-8	1.303382E-2
3.685000E-8	1.296531E-2
3.690000E-8	1.254392E-2
3.695000E-8	1.177824E-2
3.700000E-8	1.078130E-2
3.705000E-8	9.601084E-3
3.710000E-8	8.254709E-3
3.715000E-8	6.855232E-3
3.720000E-8	5.534551E-3
3.725000E-8	4.314933E-3
3.730000E-8	3.218647E-3
3.735000E-8	2.353609E-3
3.740000E-8	1.769493E-3
3.745000E-8	1.445746E-3
3.750000E-8	1.368662E-3
3.755000E-8	1.562224E-3
3.760000E-8	2.017867E-3
3.765000E-8	2.699619E-3
3.770000E-8	3.544100E-3
3.775000E-8	4.518766E-3
3.780000E-8	5.609912E-3
3.785000E-8	6.790131E-3
3.790000E-8	7.970351E-3
3.795000E-8	9.070063E-3
3.800000E-8	1.006186E-2
3.805000E-8	1.088750E-2
3.810000E-8	1.148361E-2
3.815000E-8	1.182791E-2
3.820000E-8	1.191013E-2
3.825000E-8	1.167375E-2
3.830000E-8	1.109991E-2
3.835000E-8	1.024515E-2
3.840000E-8	9.159144E-3
3.845000E-8	7.852167E-3
3.850000E-8	6.428709E-3
3.855000E-8	5.029231E-3
3.860000E-8	3.703410E-3
3.865000E-8	2.509486E-3
3.870000E-8	1.529680E-3
3.875000E-8	8.564914E-4
3.880000E-8	5.241789E-4
3.885000E-8	5.584369E-4
3.890000E-8	9.301454E-4
3.895000E-8	1.608471E-3
3.900000E-8	2.584850E-3
3.905000E-8	3.792477E-3
3.910000E-8	5.096029E-3
3.915000E-8	6.425275E-3
3.920000E-8	7.766512E-3
3.925000E-8	8.996408E-3
3.930000E-8	1.000876E-2
3.935000E-8	1.082412E-2
3.940000E-8	1.142879E-2
3.945000E-8	1.173198E-2
3.950000E-8	1.170115E-2
3.955000E-8	1.138768E-2
3.960000E-8	1.084126E-2
3.965000E-8	1.008927E-2
3.970000E-8	9.148866E-3
3.975000E-8	8.023460E-3
3.980000E-8	6.766158E-3
3.985000E-8	5.503717E-3
3.990000E-8	4.308081E-3
3.995000E-8	3.206656E-3
4.000000E-8	2.297081E-3
4.005000E-8	1.637596E-3
4.010000E-8	1.217924E-3
4.015000E-8	1.072323E-3
4.020000E-8	1.276162E-3
4.025000E-8	1.779768E-3
4.030000E-8	2.492352E-3
4.035000E-8	3.408778E-3
4.040000E-8	4.541035E-3
4.045000E-8	5.779494E-3
4.050000E-8	7.004251E-3
4.055000E-8	8.170767E-3
4.060000E-8	9.260201E-3
4.065000E-8	1.017491E-2
4.070000E-8	1.085496E-2
4.075000E-8	1.129861E-2
4.080000E-8	1.151273E-2
4.085000E-8	1.147162E-2
4.090000E-8	1.114445E-2
4.095000E-8	1.055177E-2
4.100000E-8	9.774092E-3
4.105000E-8	8.843962E-3
4.110000E-8	7.754529E-3
4.115000E-8	6.576022E-3
4.120000E-8	5.430061E-3
4.125000E-8	4.350905E-3
4.130000E-8	3.319711E-3
4.135000E-8	2.425552E-3
4.140000E-8	1.781484E-3
4.145000E-8	1.375515E-3
4.150000E-8	1.205932E-3
4.155000E-8	1.322412E-3
4.160000E-8	1.726666E-3
4.165000E-8	2.345039E-3
4.170000E-8	3.134706E-3
4.175000E-8	4.073400E-3
4.180000E-8	5.140565E-3
4.185000E-8	6.264257E-3
4.190000E-8	7.350265E-3
4.195000E-8	8.314654E-3
4.200000E-8	9.138582E-3
4.205000E-8	9.796353E-3
4.210000E-8	1.021603E-2
4.215000E-8	1.036334E-2
4.220000E-8	1.028283E-2
4.225000E-8	9.995059E-3
4.230000E-8	9.476037E-3
4.235000E-8	8.722342E-3
4.240000E-8	7.811055E-3
4.245000E-8	6.808982E-3
4.250000E-8	5.748669E-3
4.255000E-8	4.676364E-3
4.260000E-8	3.694846E-3
4.265000E-8	2.864067E-3
4.270000E-8	2.199443E-3
4.275000E-8	1.728382E-3
4.280000E-8	1.531392E-3
4.285000E-8	1.608474E-3
4.290000E-8	1.901387E-3
4.295000E-8	2.399853E-3
4.300000E-8	3.134706E-3
4.305000E-8	4.068262E-3
4.310000E-8	5.094316E-3
4.315000E-8	6.142639E-3
4.320000E-8	7.190962E-3
4.325000E-8	8.182759E-3
4.330000E-8	9.016964E-3
4.335000E-8	9.654180E-3
4.340000E-8	1.010297E-2
4.345000E-8	1.034279E-2
4.350000E-8	1.032737E-2
4.355000E-8	1.007214E-2
4.360000E-8	9.637054E-3
4.365000E-8	9.032385E-3
4.370000E-8	8.263272E-3
4.375000E-8	7.389670E-3
4.380000E-8	6.490374E-3
4.385000E-8	5.584225E-3
4.390000E-8	4.678077E-3
4.395000E-8	3.840446E-3
4.400000E-8	3.143277E-3
4.405000E-8	2.586569E-3
4.410000E-8	2.153192E-3
4.415000E-8	1.903101E-3
4.420000E-8	1.901388E-3
4.425000E-8	2.134347E-3
4.430000E-8	2.555731E-3
4.435000E-8	3.162113E-3
4.440000E-8	3.970623E-3
4.445000E-8	4.931585E-3
4.450000E-8	5.933659E-3
4.455000E-8	6.906612E-3
4.460000E-8	7.819612E-3
4.465000E-8	8.604142E-3
4.470000E-8	9.164276E-3
4.475000E-8	9.458904E-3
4.480000E-8	9.508580E-3
4.485000E-8	9.332147E-3
4.490000E-8	8.905624E-3
4.495000E-8	8.259844E-3
4.500000E-8	7.470177E-3
4.505000E-8	6.567455E-3
4.510000E-8	5.594502E-3
4.515000E-8	4.619836E-3
4.520000E-8	3.729104E-3
4.525000E-8	2.958278E-3
4.530000E-8	2.322775E-3
4.535000E-8	1.870557E-3
4.540000E-8	1.644448E-3
4.545000E-8	1.629031E-3
4.550000E-8	1.786621E-3
4.555000E-8	2.142914E-3
4.560000E-8	2.704759E-3
4.565000E-8	3.398502E-3
4.570000E-8	4.164188E-3
4.575000E-8	4.994967E-3
4.580000E-8	5.875421E-3
4.585000E-8	6.730180E-3
4.590000E-8	7.480451E-3
4.595000E-8	8.119380E-3
4.600000E-8	8.645254E-3
4.605000E-8	9.015251E-3
4.610000E-8	9.181408E-3
4.615000E-8	9.155714E-3
4.620000E-8	8.945023E-3
4.625000E-8	8.525351E-3
4.630000E-8	7.929247E-3
4.635000E-8	7.247495E-3
4.640000E-8	6.543475E-3
4.645000E-8	5.818899E-3
4.650000E-8	5.080619E-3
4.655000E-8	4.385163E-3
4.660000E-8	3.771928E-3
4.665000E-8	3.244341E-3
4.670000E-8	2.792122E-3
4.675000E-8	2.461523E-3
4.680000E-8	2.319348E-3
4.685000E-8	2.353606E-3
4.690000E-8	2.530039E-3
4.695000E-8	2.833230E-3
4.700000E-8	3.237484E-3
4.705000E-8	3.722248E-3
4.710000E-8	4.304649E-3
4.715000E-8	4.986401E-3
4.720000E-8	5.716116E-3
4.725000E-8	6.445830E-3
4.730000E-8	7.132722E-3
4.735000E-8	7.718550E-3
4.740000E-8	8.184472E-3
4.745000E-8	8.521923E-3
4.750000E-8	8.667524E-3
4.755000E-8	8.588729E-3
4.760000E-8	8.345491E-3
4.765000E-8	7.939524E-3
4.770000E-8	7.328003E-3
4.775000E-8	6.565742E-3
4.780000E-8	5.746954E-3
4.785000E-8	4.895620E-3
4.790000E-8	4.039147E-3
4.795000E-8	3.271747E-3
4.800000E-8	2.658512E-3
4.805000E-8	2.182312E-3
4.810000E-8	1.894536E-3
4.815000E-8	1.820879E-3
4.820000E-8	1.968192E-3
4.825000E-8	2.322771E-3
4.830000E-8	2.848645E-3
4.835000E-8	3.484148E-3
4.840000E-8	4.237844E-3
4.845000E-8	5.097742E-3
4.850000E-8	5.962780E-3
4.855000E-8	6.752449E-3
4.860000E-8	7.471886E-3
4.865000E-8	8.076557E-3
4.870000E-8	8.506507E-3
4.875000E-8	8.792569E-3
4.880000E-8	8.955300E-3
4.885000E-8	8.910764E-3
4.890000E-8	8.664100E-3
4.895000E-8	8.312947E-3
4.900000E-8	7.871007E-3
4.905000E-8	7.300597E-3
4.910000E-8	6.653103E-3
4.915000E-8	5.998758E-3
4.920000E-8	5.337561E-3
4.925000E-8	4.693493E-3
4.930000E-8	4.126507E-3
4.935000E-8	3.660585E-3
4.940000E-8	3.321421E-3
4.945000E-8	3.134709E-3
4.950000E-8	3.073043E-3
4.955000E-8	3.114153E-3
4.960000E-8	3.321419E-3
4.965000E-8	3.686275E-3
4.970000E-8	4.111086E-3
4.975000E-8	4.594136E-3
4.980000E-8	5.171399E-3
4.985000E-8	5.772643E-3
4.990000E-8	6.327638E-3
4.995000E-8	6.862077E-3
5.000000E-8	7.353693E-3
5.005000E-8	7.709987E-3
5.010000E-8	7.934383E-3
5.015000E-8	8.066281E-3
5.020000E-8	8.071421E-3
5.025000E-8	7.903553E-3
5.030000E-8	7.588371E-3
5.035000E-8	7.125876E-3
5.040000E-8	6.522920E-3
5.045000E-8	5.834316E-3
5.050000E-8	5.096036E-3
5.055000E-8	4.340627E-3
5.060000E-8	3.628041E-3
5.065000E-8	3.014806E-3
5.070000E-8	2.533467E-3
5.075000E-8	2.242266E-3
5.080000E-8	2.177173E-3
5.085000E-8	2.309069E-3
5.090000E-8	2.612260E-3
5.095000E-8	3.103875E-3
5.100000E-8	3.746230E-3
5.105000E-8	4.451963E-3
5.110000E-8	5.169687E-3
5.115000E-8	5.865143E-3
5.120000E-8	6.502359E-3
5.125000E-8	7.033372E-3
5.130000E-8	7.420499E-3
5.135000E-8	7.665450E-3
5.140000E-8	7.763088E-3
5.145000E-8	7.713413E-3
5.150000E-8	7.509573E-3
5.155000E-8	7.201243E-3
5.160000E-8	6.841525E-3
5.165000E-8	6.438983E-3
5.170000E-8	5.961072E-3
5.175000E-8	5.435198E-3
5.180000E-8	4.933305E-3
5.185000E-8	4.482800E-3
5.190000E-8	4.018592E-3
5.195000E-8	3.533828E-3
5.200000E-8	3.117582E-3
5.205000E-8	2.826380E-3
5.210000E-8	2.600271E-3
5.215000E-8	2.442679E-3
5.220000E-8	2.430688E-3
5.225000E-8	2.560871E-3
5.230000E-8	2.795544E-3
5.235000E-8	3.139846E-3
5.240000E-8	3.580072E-3
5.245000E-8	4.066549E-3
5.250000E-8	4.575293E-3
5.255000E-8	5.077186E-3
5.260000E-8	5.539682E-3
5.265000E-8	5.937086E-3
5.270000E-8	6.230000E-3
5.275000E-8	6.406434E-3
5.280000E-8	6.483517E-3
5.285000E-8	6.459537E-3
5.290000E-8	6.295095E-3
5.295000E-8	6.017598E-3
5.300000E-8	5.692139E-3
5.305000E-8	5.305014E-3
5.310000E-8	4.851083E-3
5.315000E-8	4.400579E-3
5.320000E-8	3.987759E-3
5.325000E-8	3.600633E-3
5.330000E-8	3.244340E-3
5.335000E-8	2.992537E-3
5.340000E-8	2.881195E-3
5.345000E-8	2.872630E-3
5.350000E-8	2.968554E-3
5.355000E-8	3.192950E-3
5.360000E-8	3.532113E-3
5.365000E-8	3.946645E-3
5.370000E-8	4.412566E-3
5.375000E-8	4.931588E-3
5.380000E-8	5.466027E-3
5.385000E-8	5.969633E-3
5.390000E-8	6.414999E-3
5.395000E-8	6.800412E-3
5.400000E-8	7.122446E-3
5.405000E-8	7.374250E-3
5.410000E-8	7.511286E-3
5.415000E-8	7.509573E-3
5.420000E-8	7.406797E-3
5.425000E-8	7.196105E-3
5.430000E-8	6.862081E-3
5.435000E-8	6.459539E-3
5.440000E-8	6.041581E-3
5.445000E-8	5.570521E-3
5.450000E-8	5.051498E-3
5.455000E-8	4.570160E-3
5.460000E-8	4.159053E-3
5.465000E-8	3.785631E-3
5.470000E-8	3.455032E-3
5.475000E-8	3.225496E-3
5.480000E-8	3.155265E-3
5.485000E-8	3.230634E-3
5.490000E-8	3.413919E-3
5.495000E-8	3.689703E-3
5.500000E-8	4.076828E-3
5.505000E-8	4.549601E-3
5.510000E-8	5.041216E-3
5.515000E-8	5.515702E-3
5.520000E-8	5.974772E-3
5.525000E-8	6.399583E-3
5.530000E-8	6.725043E-3
5.535000E-8	6.951152E-3
5.540000E-8	7.108743E-3
5.545000E-8	7.180687E-3
5.550000E-8	7.110457E-3
5.555000E-8	6.911755E-3
5.560000E-8	6.658239E-3
5.565000E-8	6.367039E-3
5.570000E-8	6.002182E-3
5.575000E-8	5.577371E-3
5.580000E-8	5.162838E-3
5.585000E-8	4.772287E-3
5.590000E-8	4.397152E-3
5.595000E-8	4.068266E-3
5.600000E-8	3.806185E-3
5.605000E-8	3.619474E-3
5.610000E-8	3.521836E-3
5.615000E-8	3.518410E-3
5.620000E-8	3.614334E-3
5.625000E-8	3.826739E-3
5.630000E-8	4.143634E-3
5.635000E-8	4.525621E-3
5.640000E-8	4.991542E-3
5.645000E-8	5.525981E-3
5.650000E-8	6.043290E-3
5.655000E-8	6.492082E-3
5.660000E-8	6.877495E-3
5.665000E-8	7.170409E-3
5.670000E-8	7.300593E-3
5.675000E-8	7.271473E-3
5.680000E-8	7.131012E-3
5.685000E-8	6.894626E-3
5.690000E-8	6.548611E-3
5.695000E-8	6.120375E-3
5.700000E-8	5.656167E-3
5.705000E-8	5.179968E-3
5.710000E-8	4.712334E-3
5.715000E-8	4.287524E-3
5.720000E-8	3.941508E-3
5.725000E-8	3.684566E-3
5.730000E-8	3.502994E-3
5.735000E-8	3.398504E-3
5.740000E-8	3.395078E-3
5.745000E-8	3.470447E-3
5.750000E-8	3.578362E-3
5.755000E-8	3.710259E-3
5.760000E-8	3.908960E-3
5.765000E-8	4.141920E-3
5.770000E-8	4.352612E-3
5.775000E-8	4.546175E-3
5.780000E-8	4.775709E-3
5.785000E-8	5.034364E-3
5.790000E-8	5.263899E-3
5.795000E-8	5.460888E-3
5.800000E-8	5.649312E-3
5.805000E-8	5.812043E-3
5.810000E-8	5.930236E-3
5.815000E-8	6.015884E-3
5.820000E-8	6.036440E-3
5.825000E-8	5.969635E-3
5.830000E-8	5.841165E-3
5.835000E-8	5.680148E-3
5.840000E-8	5.466030E-3
5.845000E-8	5.209088E-3
5.850000E-8	4.938443E-3
5.855000E-8	4.678075E-3
5.860000E-8	4.467383E-3
5.865000E-8	4.320070E-3
5.870000E-8	4.183034E-3
5.875000E-8	4.061415E-3
5.880000E-8	4.030581E-3
5.885000E-8	4.083682E-3
5.890000E-8	4.162477E-3
5.895000E-8	4.301226E-3
5.900000E-8	4.534186E-3
5.905000E-8	4.809970E-3
5.910000E-8	5.101170E-3
5.915000E-8	5.418065E-3
5.920000E-8	5.728108E-3
5.925000E-8	6.009031E-3
5.930000E-8	6.272825E-3
5.935000E-8	6.483517E-3
5.940000E-8	6.608562E-3
5.945000E-8	6.671941E-3
5.950000E-8	6.666803E-3
5.955000E-8	6.550323E-3
5.960000E-8	6.356760E-3
5.965000E-8	6.137503E-3
5.970000E-8	5.830886E-3
5.975000E-8	5.421492E-3
5.980000E-8	5.005246E-3
5.985000E-8	4.616408E-3
5.990000E-8	4.234421E-3
5.995000E-8	3.898683E-3
6.000000E-8	3.645167E-3
6.005000E-8	3.473872E-3
6.010000E-8	3.384799E-3
6.015000E-8	3.389937E-3
6.020000E-8	3.470446E-3
6.025000E-8	3.633175E-3
6.030000E-8	3.874701E-3
6.035000E-8	4.165901E-3
6.040000E-8	4.469093E-3
6.045000E-8	4.785988E-3
6.050000E-8	5.073763E-3
6.055000E-8	5.296446E-3
6.060000E-8	5.496861E-3
6.065000E-8	5.698988E-3
6.070000E-8	5.824034E-3
6.075000E-8	5.865145E-3
6.080000E-8	5.904543E-3
6.085000E-8	5.913108E-3
6.090000E-8	5.798341E-3
6.095000E-8	5.585936E-3
6.100000E-8	5.351262E-3
6.105000E-8	5.048071E-3
6.110000E-8	4.655806E-3
6.115000E-8	4.248125E-3
6.120000E-8	3.859286E-3
6.125000E-8	3.470447E-3
6.130000E-8	3.100450E-3
6.135000E-8	2.822953E-3
6.140000E-8	2.660222E-3
6.145000E-8	2.625963E-3
6.150000E-8	2.708184E-3
6.155000E-8	2.900034E-3
6.160000E-8	3.225494E-3
6.165000E-8	3.660582E-3
6.170000E-8	4.143633E-3
6.175000E-8	4.643814E-3
6.180000E-8	5.176540E-3
6.185000E-8	5.685285E-3
6.190000E-8	6.098105E-3
6.195000E-8	6.423565E-3
6.200000E-8	6.666804E-3
6.205000E-8	6.764442E-3
6.210000E-8	6.687359E-3
6.215000E-8	6.500648E-3
6.220000E-8	6.245419E-3
6.225000E-8	5.902830E-3
6.230000E-8	5.493436E-3
6.235000E-8	5.065199E-3
6.240000E-8	4.671222E-3
6.245000E-8	4.302939E-3
6.250000E-8	3.958637E-3
6.255000E-8	3.681140E-3
6.260000E-8	3.520123E-3
6.265000E-8	3.456744E-3
6.270000E-8	3.441328E-3
6.275000E-8	3.508133E-3
6.280000E-8	3.677714E-3
6.285000E-8	3.910674E-3
6.290000E-8	4.153912E-3
6.295000E-8	4.398863E-3
6.300000E-8	4.664370E-3
6.305000E-8	4.938441E-3
6.310000E-8	5.191956E-3
6.315000E-8	5.421491E-3
6.320000E-8	5.642461E-3
6.325000E-8	5.841163E-3
6.330000E-8	5.974772E-3
6.335000E-8	6.045003E-3
6.340000E-8	6.104957E-3
6.345000E-8	6.134077E-3
6.350000E-8	6.075837E-3
6.355000E-8	5.947366E-3
6.360000E-8	5.813756E-3
6.365000E-8	5.645888E-3
6.370000E-8	5.376955E-3
6.375000E-8	5.030940E-3
6.380000E-8	4.696916E-3
6.385000E-8	4.383446E-3
6.390000E-8	4.028867E-3
6.395000E-8	3.676000E-3
6.400000E-8	3.427622E-3
6.405000E-8	3.283735E-3
6.410000E-8	3.170680E-3
6.415000E-8	3.100450E-3
6.420000E-8	3.136421E-3
6.425000E-8	3.295725E-3
6.430000E-8	3.537251E-3
6.435000E-8	3.823313E-3
6.440000E-8	4.141921E-3
6.445000E-8	4.463954E-3
6.450000E-8	4.753442E-3
6.455000E-8	5.005245E-3
6.460000E-8	5.250196E-3
6.465000E-8	5.476305E-3
6.470000E-8	5.603063E-3
6.475000E-8	5.623619E-3
6.480000E-8	5.591073E-3
6.485000E-8	5.524268E-3
6.490000E-8	5.392372E-3
6.495000E-8	5.236494E-3
6.500000E-8	5.078903E-3
6.505000E-8	4.900757E-3
6.510000E-8	4.727750E-3
6.515000E-8	4.578724E-3
6.520000E-8	4.450253E-3
6.525000E-8	4.332059E-3
6.530000E-8	4.232709E-3
6.535000E-8	4.147061E-3
6.540000E-8	4.107663E-3
6.545000E-8	4.123079E-3
6.550000E-8	4.153912E-3
6.555000E-8	4.200161E-3
6.560000E-8	4.299511E-3
6.565000E-8	4.422843E-3
6.570000E-8	4.532471E-3
6.575000E-8	4.700340E-3
6.580000E-8	4.941865E-3
6.585000E-8	5.150844E-3
6.590000E-8	5.291306E-3
6.595000E-8	5.448897E-3
6.600000E-8	5.628757E-3
6.605000E-8	5.733247E-3
6.610000E-8	5.709266E-3
6.615000E-8	5.603063E-3
6.620000E-8	5.455750E-3
6.625000E-8	5.253623E-3
6.630000E-8	4.979551E-3
6.635000E-8	4.655805E-3
6.640000E-8	4.345762E-3
6.645000E-8	4.040857E-3
6.650000E-8	3.718823E-3
6.655000E-8	3.425909E-3
6.660000E-8	3.220356E-3
6.665000E-8	3.112440E-3
6.670000E-8	3.071329E-3
6.675000E-8	3.100449E-3
6.680000E-8	3.204939E-3
6.685000E-8	3.359104E-3
6.690000E-8	3.489288E-3
6.695000E-8	3.607481E-3
6.700000E-8	3.797618E-3
6.705000E-8	4.057986E-3
6.710000E-8	4.302937E-3
6.715000E-8	4.506778E-3
6.720000E-8	4.698628E-3
6.725000E-8	4.878487E-3
6.730000E-8	5.022375E-3
6.735000E-8	5.130290E-3
6.740000E-8	5.214225E-3
6.745000E-8	5.257049E-3
6.750000E-8	5.253623E-3
6.755000E-8	5.185105E-3
6.760000E-8	5.066912E-3
6.765000E-8	4.929876E-3
6.770000E-8	4.780850E-3
6.775000E-8	4.599277E-3
6.780000E-8	4.417705E-3
6.785000E-8	4.260114E-3
6.790000E-8	4.104236E-3
6.795000E-8	3.938080E-3
6.800000E-8	3.795905E-3
6.805000E-8	3.705119E-3
6.810000E-8	3.640027E-3
6.815000E-8	3.612620E-3
6.820000E-8	3.667434E-3
6.825000E-8	3.773636E-3
6.830000E-8	3.879839E-3
6.835000E-8	4.027152E-3
6.840000E-8	4.260113E-3
6.845000E-8	4.515342E-3
6.850000E-8	4.715757E-3
6.855000E-8	4.868209E-3
6.860000E-8	5.030939E-3
6.865000E-8	5.157697E-3
6.870000E-8	5.207373E-3
6.875000E-8	5.179966E-3
6.880000E-8	5.118300E-3
6.885000E-8	5.054921E-3
6.890000E-8	4.953857E-3
6.895000E-8	4.801405E-3
6.900000E-8	4.648952E-3
6.905000E-8	4.534185E-3
6.910000E-8	4.436547E-3
6.915000E-8	4.335483E-3
6.920000E-8	4.282382E-3
6.925000E-8	4.265252E-3
6.930000E-8	4.224142E-3
6.935000E-8	4.186457E-3
6.940000E-8	4.198448E-3
6.945000E-8	4.225855E-3
6.950000E-8	4.225855E-3
6.955000E-8	4.222429E-3
6.960000E-8	4.251549E-3
6.965000E-8	4.292659E-3
6.970000E-8	4.349187E-3
6.975000E-8	4.431408E-3
6.980000E-8	4.530759E-3
6.985000E-8	4.631823E-3
6.990000E-8	4.739738E-3
6.995000E-8	4.859645E-3
7.000000E-8	4.981264E-3
7.005000E-8	5.066912E-3
7.010000E-8	5.078902E-3
7.015000E-8	5.029227E-3
7.020000E-8	4.970987E-3
7.025000E-8	4.900756E-3
7.030000E-8	4.796267E-3
7.035000E-8	4.666083E-3
7.040000E-8	4.544464E-3
7.045000E-8	4.417706E-3
7.050000E-8	4.263541E-3
7.055000E-8	4.090533E-3
7.060000E-8	3.956923E-3
7.065000E-8	3.862711E-3
7.070000E-8	3.741092E-3
7.075000E-8	3.590352E-3
7.080000E-8	3.499566E-3
7.085000E-8	3.480723E-3
7.090000E-8	3.443038E-3
7.095000E-8	3.379658E-3
7.100000E-8	3.384797E-3
7.105000E-8	3.468731E-3
7.110000E-8	3.557805E-3
7.115000E-8	3.669146E-3
7.120000E-8	3.830163E-3
7.125000E-8	4.013449E-3
7.130000E-8	4.195022E-3
7.135000E-8	4.361178E-3
7.140000E-8	4.486223E-3
7.145000E-8	4.559880E-3
7.150000E-8	4.604416E-3
7.155000E-8	4.616407E-3
7.160000E-8	4.587287E-3
7.165000E-8	4.532473E-3
7.170000E-8	4.445112E-3
7.175000E-8	4.338910E-3
7.180000E-8	4.241272E-3
7.185000E-8	4.162476E-3
7.190000E-8	4.064838E-3
7.195000E-8	3.979191E-3
7.200000E-8	3.938080E-3
7.205000E-8	3.917525E-3
7.210000E-8	3.908961E-3
7.215000E-8	3.955210E-3
7.220000E-8	4.018589E-3
7.225000E-8	4.059700E-3
7.230000E-8	4.105950E-3
7.235000E-8	4.184745E-3
7.240000E-8	4.285809E-3
7.245000E-8	4.373169E-3
7.250000E-8	4.433122E-3
7.255000E-8	4.472519E-3
7.260000E-8	4.508491E-3
7.265000E-8	4.532472E-3
7.270000E-8	4.525620E-3
7.275000E-8	4.479370E-3
7.280000E-8	4.431408E-3
7.285000E-8	4.383445E-3
7.290000E-8	4.328631E-3
7.295000E-8	4.265252E-3
7.300000E-8	4.198448E-3
7.305000E-8	4.126504E-3
7.310000E-8	4.040856E-3
7.315000E-8	3.968913E-3
7.320000E-8	3.934654E-3
7.325000E-8	3.929515E-3
7.330000E-8	3.910672E-3
7.335000E-8	3.912385E-3
7.340000E-8	3.970626E-3
7.345000E-8	4.054560E-3
7.350000E-8	4.136781E-3
7.355000E-8	4.251549E-3
7.360000E-8	4.405714E-3
7.365000E-8	4.571870E-3
7.370000E-8	4.708906E-3
7.375000E-8	4.818534E-3
7.380000E-8	4.921311E-3
7.385000E-8	5.024088E-3
7.390000E-8	5.084041E-3
7.395000E-8	5.072051E-3
7.400000E-8	5.015523E-3
7.405000E-8	4.945292E-3
7.410000E-8	4.859645E-3
7.415000E-8	4.750016E-3
7.420000E-8	4.650665E-3
7.425000E-8	4.573583E-3
7.430000E-8	4.477658E-3
7.435000E-8	4.359465E-3
7.440000E-8	4.270391E-3
7.445000E-8	4.198448E-3
7.450000E-8	4.078541E-3
7.455000E-8	3.934654E-3
7.460000E-8	3.850719E-3
7.465000E-8	3.795905E-3
7.470000E-8	3.708545E-3
7.475000E-8	3.622898E-3
7.480000E-8	3.593777E-3
7.485000E-8	3.600629E-3
7.490000E-8	3.631462E-3
7.495000E-8	3.693128E-3
7.500000E-8	3.761646E-3
7.505000E-8	3.835302E-3
7.510000E-8	3.927801E-3
7.515000E-8	4.044281E-3
7.520000E-8	4.176178E-3
7.525000E-8	4.325205E-3
7.530000E-8	4.470805E-3
7.535000E-8	4.590712E-3
7.540000E-8	4.732886E-3
7.545000E-8	4.909320E-3
7.550000E-8	5.053208E-3
7.555000E-8	5.152559E-3
7.560000E-8	5.245058E-3
7.565000E-8	5.337557E-3
7.570000E-8	5.371816E-3
7.575000E-8	5.351261E-3
7.580000E-8	5.301586E-3
7.585000E-8	5.198809E-3
7.590000E-8	5.015523E-3
7.595000E-8	4.777424E-3
7.600000E-8	4.542750E-3
7.605000E-8	4.335483E-3
7.610000E-8	4.143633E-3
7.615000E-8	3.965486E-3
7.620000E-8	3.859283E-3
7.625000E-8	3.831876E-3
7.630000E-8	3.849006E-3
7.635000E-8	3.912385E-3
7.640000E-8	4.047707E-3
7.645000E-8	4.225854E-3
7.650000E-8	4.390297E-3
7.655000E-8	4.544462E-3
7.660000E-8	4.724321E-3
7.665000E-8	4.863070E-3
7.670000E-8	4.888765E-3
7.675000E-8	4.859645E-3
7.680000E-8	4.847654E-3
7.685000E-8	4.809970E-3
7.690000E-8	4.705480E-3
7.695000E-8	4.566731E-3
7.700000E-8	4.446825E-3
7.705000E-8	4.345762E-3
7.710000E-8	4.248124E-3
7.715000E-8	4.188171E-3
7.720000E-8	4.186458E-3
7.725000E-8	4.205300E-3
7.730000E-8	4.222429E-3
7.735000E-8	4.263540E-3
7.740000E-8	4.347474E-3
7.745000E-8	4.434834E-3
7.750000E-8	4.475945E-3
7.755000E-8	4.496500E-3
7.760000E-8	4.537611E-3
7.765000E-8	4.607842E-3
7.770000E-8	4.655805E-3
7.775000E-8	4.695202E-3
7.780000E-8	4.763720E-3
7.785000E-8	4.839090E-3
7.790000E-8	4.876775E-3
7.795000E-8	4.893904E-3
7.800000E-8	4.905895E-3
7.805000E-8	4.899043E-3
7.810000E-8	4.866496E-3
7.815000E-8	4.835663E-3
7.820000E-8	4.813395E-3
7.825000E-8	4.784275E-3
7.830000E-8	4.731174E-3
7.835000E-8	4.642101E-3
7.840000E-8	4.553028E-3
7.845000E-8	4.477658E-3
7.850000E-8	4.405715E-3
7.855000E-8	4.338910E-3
7.860000E-8	4.306364E-3
7.865000E-8	4.297799E-3
7.870000E-8	4.278957E-3
7.875000E-8	4.278957E-3
7.880000E-8	4.292660E-3
7.885000E-8	4.296085E-3
7.890000E-8	4.299511E-3
7.895000E-8	4.318353E-3
7.900000E-8	4.354325E-3
7.905000E-8	4.380019E-3
7.910000E-8	4.381732E-3
7.915000E-8	4.364603E-3
7.920000E-8	4.364603E-3
7.925000E-8	4.354325E-3
7.930000E-8	4.290946E-3
7.935000E-8	4.224142E-3
7.940000E-8	4.230993E-3
7.945000E-8	4.265252E-3
7.950000E-8	4.256688E-3
7.955000E-8	4.244697E-3
7.960000E-8	4.280670E-3
7.965000E-8	4.333771E-3
7.970000E-8	4.352613E-3
7.975000E-8	4.354326E-3
7.980000E-8	4.369743E-3
7.985000E-8	4.395437E-3
7.990000E-8	4.397150E-3
7.995000E-8	4.356039E-3
8.000000E-8	4.318355E-3
8.005000E-8	4.299512E-3
8.010000E-8	4.254975E-3
8.015000E-8	4.176180E-3
8.020000E-8	4.119652E-3
8.025000E-8	4.085393E-3
8.030000E-8	4.049421E-3
8.035000E-8	4.040856E-3
8.040000E-8	4.097384E-3
8.045000E-8	4.189883E-3
8.050000E-8	4.282382E-3
8.055000E-8	4.412566E-3
8.060000E-8	4.588999E-3
8.065000E-8	4.760294E-3
8.070000E-8	4.883626E-3
8.075000E-8	4.988116E-3
8.080000E-8	5.073763E-3
8.085000E-8	5.092606E-3
8.090000E-8	5.041217E-3
8.095000E-8	4.950431E-3
8.100000E-8	4.823673E-3
8.105000E-8	4.676359E-3
8.110000E-8	4.549601E-3
8.115000E-8	4.472518E-3
8.120000E-8	4.415991E-3
8.125000E-8	4.380019E-3
8.130000E-8	4.366316E-3
8.135000E-8	4.393723E-3
8.140000E-8	4.489648E-3
8.145000E-8	4.611267E-3
8.150000E-8	4.690063E-3
8.155000E-8	4.760294E-3
8.160000E-8	4.868209E-3
8.165000E-8	4.964134E-3
8.170000E-8	4.996680E-3
8.175000E-8	5.012097E-3
8.180000E-8	5.032652E-3
8.185000E-8	5.022375E-3
8.190000E-8	4.967560E-3
8.195000E-8	4.904181E-3
8.200000E-8	4.863071E-3
8.205000E-8	4.818534E-3
8.210000E-8	4.731174E-3
8.215000E-8	4.616407E-3
8.220000E-8	4.522195E-3
8.225000E-8	4.429696E-3
8.230000E-8	4.285808E-3
8.235000E-8	4.140208E-3
8.240000E-8	4.059699E-3
8.245000E-8	4.027153E-3
8.250000E-8	3.998033E-3
8.255000E-8	3.980903E-3
8.260000E-8	3.999745E-3
8.265000E-8	4.045995E-3
8.270000E-8	4.102522E-3
8.275000E-8	4.165901E-3
8.280000E-8	4.239558E-3
8.285000E-8	4.313214E-3
8.290000E-8	4.369742E-3
8.295000E-8	4.405714E-3
8.300000E-8	4.460528E-3
8.305000E-8	4.549601E-3
8.310000E-8	4.628397E-3
8.315000E-8	4.690063E-3
8.320000E-8	4.792840E-3
8.325000E-8	4.912747E-3
8.330000E-8	4.994968E-3
8.335000E-8	5.049783E-3
8.340000E-8	5.101171E-3
8.345000E-8	5.118301E-3
8.350000E-8	5.077190E-3
8.355000E-8	5.001820E-3
8.360000E-8	4.917886E-3
8.365000E-8	4.818535E-3
8.370000E-8	4.679786E-3
8.375000E-8	4.541037E-3
8.380000E-8	4.451964E-3
8.385000E-8	4.400575E-3
8.390000E-8	4.340622E-3
8.395000E-8	4.313214E-3
8.400000E-8	4.333770E-3
8.405000E-8	4.366316E-3
8.410000E-8	4.390297E-3
8.415000E-8	4.402288E-3
8.420000E-8	4.393723E-3
8.425000E-8	4.344048E-3
8.430000E-8	4.294372E-3
8.435000E-8	4.251549E-3
8.440000E-8	4.213864E-3
8.445000E-8	4.186457E-3
8.450000E-8	4.153911E-3
8.455000E-8	4.121365E-3
8.460000E-8	4.136782E-3
8.465000E-8	4.189883E-3
8.470000E-8	4.212152E-3
8.475000E-8	4.207013E-3
8.480000E-8	4.213865E-3
8.485000E-8	4.220717E-3
8.490000E-8	4.183032E-3
8.495000E-8	4.124791E-3
8.500000E-8	4.073403E-3
8.505000E-8	3.999746E-3
8.510000E-8	3.910672E-3
8.515000E-8	3.857571E-3
8.520000E-8	3.828451E-3
8.525000E-8	3.792479E-3
8.530000E-8	3.782201E-3
8.535000E-8	3.847293E-3
8.540000E-8	3.970625E-3
8.545000E-8	4.105948E-3
8.550000E-8	4.225854E-3
8.555000E-8	4.338909E-3
8.560000E-8	4.465667E-3
8.565000E-8	4.578721E-3
8.570000E-8	4.619832E-3
8.575000E-8	4.633536E-3
8.580000E-8	4.698628E-3
8.585000E-8	4.765433E-3
8.590000E-8	4.756868E-3
8.595000E-8	4.726035E-3
8.600000E-8	4.715757E-3
8.605000E-8	4.686637E-3
8.610000E-8	4.623258E-3
8.615000E-8	4.590713E-3
8.620000E-8	4.599277E-3
8.625000E-8	4.612981E-3
8.630000E-8	4.642101E-3
8.635000E-8	4.666083E-3
8.640000E-8	4.683212E-3
8.645000E-8	4.717471E-3
8.650000E-8	4.738026E-3
8.655000E-8	4.693490E-3
8.660000E-8	4.619833E-3
8.665000E-8	4.585574E-3
8.670000E-8	4.546176E-3
8.675000E-8	4.472519E-3
8.680000E-8	4.426270E-3
8.685000E-8	4.427983E-3
8.690000E-8	4.438260E-3
8.695000E-8	4.460529E-3
8.700000E-8	4.529046E-3
8.705000E-8	4.607842E-3
8.710000E-8	4.691776E-3
8.715000E-8	4.796266E-3
8.720000E-8	4.873348E-3
8.725000E-8	4.897330E-3
8.730000E-8	4.880200E-3
8.735000E-8	4.833950E-3
8.740000E-8	4.767146E-3
8.745000E-8	4.686637E-3
8.750000E-8	4.570157E-3
8.755000E-8	4.417704E-3
8.760000E-8	4.284095E-3
8.765000E-8	4.179605E-3
8.770000E-8	4.068263E-3
8.775000E-8	3.996320E-3
8.780000E-8	4.016875E-3
8.785000E-8	4.076828E-3
8.790000E-8	4.153911E-3
8.795000E-8	4.290947E-3
8.800000E-8	4.458816E-3
8.805000E-8	4.594138E-3
8.810000E-8	4.714045E-3
8.815000E-8	4.835664E-3
8.820000E-8	4.940154E-3
8.825000E-8	5.030940E-3
8.830000E-8	5.090893E-3
8.835000E-8	5.080615E-3
8.840000E-8	5.042930E-3
8.845000E-8	5.025800E-3
8.850000E-8	4.981264E-3
8.855000E-8	4.904181E-3
8.860000E-8	4.881913E-3
8.865000E-8	4.923024E-3
8.870000E-8	4.924737E-3
8.875000E-8	4.907607E-3
8.880000E-8	4.952144E-3
8.885000E-8	5.036079E-3
8.890000E-8	5.061773E-3
8.895000E-8	5.063486E-3
8.900000E-8	5.097745E-3
8.905000E-8	5.101171E-3
8.910000E-8	5.017237E-3
8.915000E-8	4.887053E-3
8.920000E-8	4.768859E-3
8.925000E-8	4.626685E-3
8.930000E-8	4.446825E-3
8.935000E-8	4.268678E-3
8.940000E-8	4.136781E-3
8.945000E-8	4.037430E-3
8.950000E-8	3.932940E-3
8.955000E-8	3.854144E-3
8.960000E-8	3.852431E-3
8.965000E-8	3.888403E-3
8.970000E-8	3.910671E-3
8.975000E-8	3.950069E-3
8.980000E-8	4.032290E-3
8.985000E-8	4.102521E-3
8.990000E-8	4.135067E-3
8.995000E-8	4.188169E-3
9.000000E-8	4.263538E-3
9.005000E-8	4.325205E-3
9.010000E-8	4.397149E-3
9.015000E-8	4.498213E-3
9.020000E-8	4.585573E-3
9.025000E-8	4.647239E-3
9.030000E-8	4.693489E-3
9.035000E-8	4.681499E-3
9.040000E-8	4.631823E-3
9.045000E-8	4.599277E-3
9.050000E-8	4.539324E-3
9.055000E-8	4.397149E-3
9.060000E-8	4.256688E-3
9.065000E-8	4.167614E-3
9.070000E-8	4.076828E-3
9.075000E-8	3.989468E-3
9.080000E-8	3.972339E-3
9.085000E-8	3.991181E-3
9.090000E-8	4.001459E-3
9.095000E-8	4.063125E-3
9.100000E-8	4.222429E-3
9.105000E-8	4.424557E-3
9.110000E-8	4.623259E-3
9.115000E-8	4.835664E-3
9.120000E-8	5.054922E-3
9.125000E-8	5.245059E-3
9.130000E-8	5.375242E-3
9.135000E-8	5.447186E-3
9.140000E-8	5.478019E-3
9.145000E-8	5.472880E-3
9.150000E-8	5.394084E-3
9.155000E-8	5.251909E-3
9.160000E-8	5.121725E-3
9.165000E-8	5.000106E-3
9.170000E-8	4.813395E-3
9.175000E-8	4.600990E-3
9.180000E-8	4.450250E-3
9.185000E-8	4.335483E-3
9.190000E-8	4.193309E-3
9.195000E-8	4.073403E-3
9.200000E-8	4.040857E-3
9.205000E-8	4.056273E-3
9.210000E-8	4.051135E-3
9.215000E-8	4.056273E-3
9.220000E-8	4.109374E-3
9.225000E-8	4.186457E-3
9.230000E-8	4.256688E-3
9.235000E-8	4.304650E-3
9.240000E-8	4.345760E-3
9.245000E-8	4.393723E-3
9.250000E-8	4.438259E-3
9.255000E-8	4.457102E-3
9.260000E-8	4.482796E-3
9.265000E-8	4.534185E-3
9.270000E-8	4.587286E-3
9.275000E-8	4.640388E-3
9.280000E-8	4.736313E-3
9.285000E-8	4.856219E-3
9.290000E-8	4.958996E-3
9.295000E-8	5.036078E-3
9.300000E-8	5.137142E-3
9.305000E-8	5.241632E-3
9.310000E-8	5.299872E-3
9.315000E-8	5.289594E-3
9.320000E-8	5.250197E-3
9.325000E-8	5.200521E-3
9.330000E-8	5.106309E-3
9.335000E-8	4.982977E-3
9.340000E-8	4.890478E-3
9.345000E-8	4.825386E-3
9.350000E-8	4.732887E-3
9.355000E-8	4.614693E-3
9.360000E-8	4.530759E-3
9.365000E-8	4.469093E-3
9.370000E-8	4.414279E-3
9.375000E-8	4.385158E-3
9.380000E-8	4.392010E-3
9.385000E-8	4.404001E-3
9.390000E-8	4.402288E-3
9.395000E-8	4.410853E-3
9.400000E-8	4.458815E-3
9.405000E-8	4.522194E-3
9.410000E-8	4.544462E-3
9.415000E-8	4.532472E-3
9.420000E-8	4.529046E-3
9.425000E-8	4.541037E-3
9.430000E-8	4.487935E-3
9.435000E-8	4.380020E-3
9.440000E-8	4.301224E-3
9.445000E-8	4.268678E-3
9.450000E-8	4.220716E-3
9.455000E-8	4.159050E-3
9.460000E-8	4.160763E-3
9.465000E-8	4.222429E-3
9.470000E-8	4.265253E-3
9.475000E-8	4.282382E-3
9.480000E-8	4.349187E-3
9.485000E-8	4.451964E-3
9.490000E-8	4.520481E-3
9.495000E-8	4.549601E-3
9.500000E-8	4.590712E-3
9.505000E-8	4.592425E-3
9.510000E-8	4.515342E-3
9.515000E-8	4.412566E-3
9.520000E-8	4.340622E-3
9.525000E-8	4.287521E-3
9.530000E-8	4.236132E-3
9.535000E-8	4.222429E-3
9.540000E-8	4.251549E-3
9.545000E-8	4.304650E-3
9.550000E-8	4.357752E-3
9.555000E-8	4.414279E-3
9.560000E-8	4.501639E-3
9.565000E-8	4.607842E-3
9.570000E-8	4.696915E-3
9.575000E-8	4.756869E-3
9.580000E-8	4.815109E-3
9.585000E-8	4.871636E-3
9.590000E-8	4.904182E-3
9.595000E-8	4.940154E-3
9.600000E-8	4.991542E-3
9.605000E-8	5.044644E-3
9.610000E-8	5.075477E-3
9.615000E-8	5.092606E-3
9.620000E-8	5.108022E-3
9.625000E-8	5.092606E-3
9.630000E-8	5.010384E-3
9.635000E-8	4.893904E-3
9.640000E-8	4.796266E-3
9.645000E-8	4.712331E-3
9.650000E-8	4.583860E-3
9.655000E-8	4.445112E-3
9.660000E-8	4.371455E-3
9.665000E-8	4.330344E-3
9.670000E-8	4.244697E-3
9.675000E-8	4.169327E-3
9.680000E-8	4.164188E-3
9.685000E-8	4.188170E-3
9.690000E-8	4.212151E-3
9.695000E-8	4.270391E-3
9.700000E-8	4.362890E-3
9.705000E-8	4.429695E-3
9.710000E-8	4.446824E-3
9.715000E-8	4.470806E-3
9.720000E-8	4.510203E-3
9.725000E-8	4.535897E-3
9.730000E-8	4.532471E-3
9.735000E-8	4.510203E-3
9.740000E-8	4.470805E-3
9.745000E-8	4.429694E-3
9.750000E-8	4.415991E-3
9.755000E-8	4.429694E-3
9.760000E-8	4.469092E-3
9.765000E-8	4.539323E-3
9.770000E-8	4.597563E-3
9.775000E-8	4.631822E-3
9.780000E-8	4.676359E-3
9.785000E-8	4.738025E-3
9.790000E-8	4.775710E-3
9.795000E-8	4.789413E-3
9.800000E-8	4.809969E-3
9.805000E-8	4.833950E-3
9.810000E-8	4.828811E-3
9.815000E-8	4.782562E-3
9.820000E-8	4.743164E-3
9.825000E-8	4.727748E-3
9.830000E-8	4.684924E-3
9.835000E-8	4.587286E-3
9.840000E-8	4.511916E-3
9.845000E-8	4.489648E-3
9.850000E-8	4.427982E-3
9.855000E-8	4.321779E-3
9.860000E-8	4.287520E-3
9.865000E-8	4.311502E-3
9.870000E-8	4.304650E-3
9.875000E-8	4.275530E-3
9.880000E-8	4.290946E-3
9.885000E-8	4.332056E-3
9.890000E-8	4.369741E-3
9.895000E-8	4.421130E-3
9.900000E-8	4.511916E-3
9.905000E-8	4.611267E-3
9.910000E-8	4.693488E-3
9.915000E-8	4.775710E-3
9.920000E-8	4.868209E-3
9.925000E-8	4.931588E-3
9.930000E-8	4.924736E-3
9.935000E-8	4.893903E-3
9.940000E-8	4.888764E-3
9.945000E-8	4.851079E-3
9.950000E-8	4.729460E-3
9.955000E-8	4.577008E-3
9.960000E-8	4.457102E-3
9.965000E-8	4.345760E-3
9.970000E-8	4.230993E-3
9.975000E-8	4.145345E-3
9.980000E-8	4.111087E-3
9.985000E-8	4.116225E-3
9.990000E-8	4.143633E-3
9.995000E-8	4.188169E-3
1.000000E-7	4.260113E-3
1.000500E-7	4.356038E-3
1.001000E-7	4.419417E-3
1.001500E-7	4.443399E-3
1.002000E-7	4.493074E-3
1.002500E-7	4.578722E-3
1.003000E-7	4.633536E-3
1.003500E-7	4.664369E-3
1.004000E-7	4.702054E-3
1.004500E-7	4.760294E-3
1.005000E-7	4.821960E-3
1.005500E-7	4.863071E-3
1.006000E-7	4.893903E-3
1.006500E-7	4.902468E-3
1.007000E-7	4.878487E-3
1.007500E-7	4.797978E-3
1.008000E-7	4.698627E-3
1.008500E-7	4.577007E-3
1.009000E-7	4.395435E-3
1.009500E-7	4.183030E-3
1.010000E-7	3.999744E-3
1.010500E-7	3.826737E-3
1.011000E-7	3.631461E-3
1.011500E-7	3.485861E-3
1.012000E-7	3.448176E-3
1.012500E-7	3.460167E-3
1.013000E-7	3.494426E-3
1.013500E-7	3.593777E-3
1.014000E-7	3.778775E-3
1.014500E-7	3.975764E-3
1.015000E-7	4.131642E-3
1.015500E-7	4.268678E-3
1.016000E-7	4.410853E-3
1.016500E-7	4.515342E-3
1.017000E-7	4.541036E-3
1.017500E-7	4.513629E-3
1.018000E-7	4.482796E-3
1.018500E-7	4.419417E-3
1.019000E-7	4.292658E-3
1.019500E-7	4.159048E-3
1.020000E-7	4.069975E-3
1.020500E-7	4.016874E-3
1.021000E-7	3.951782E-3
1.021500E-7	3.924375E-3
1.022000E-7	3.965486E-3
1.022500E-7	4.040856E-3
1.023000E-7	4.099096E-3
1.023500E-7	4.145346E-3
1.024000E-7	4.188170E-3
1.024500E-7	4.215577E-3
1.025000E-7	4.220716E-3
1.025500E-7	4.196735E-3
1.026000E-7	4.167614E-3
1.026500E-7	4.153911E-3
1.027000E-7	4.143633E-3
1.027500E-7	4.138494E-3
1.028000E-7	4.143633E-3
1.028500E-7	4.150485E-3
1.029000E-7	4.138494E-3
1.029500E-7	4.145345E-3
1.030000E-7	4.205298E-3
1.030500E-7	4.234418E-3
1.031000E-7	4.205298E-3
1.031500E-7	4.191594E-3
1.032000E-7	4.201872E-3
1.032500E-7	4.176178E-3
1.033000E-7	4.117937E-3
1.033500E-7	4.073401E-3
1.034000E-7	4.054559E-3
1.034500E-7	4.075114E-3
1.035000E-7	4.140206E-3
1.035500E-7	4.230993E-3
1.036000E-7	4.373168E-3
1.036500E-7	4.578721E-3
1.037000E-7	4.775711E-3
1.037500E-7	4.936728E-3
1.038000E-7	5.108022E-3
1.038500E-7	5.246771E-3
1.039000E-7	5.275891E-3
1.039500E-7	5.219364E-3
1.040000E-7	5.120013E-3
1.040500E-7	4.936727E-3
1.041000E-7	4.645526E-3
1.041500E-7	4.308075E-3
1.042000E-7	3.963773E-3
1.042500E-7	3.610906E-3
1.043000E-7	3.300863E-3
1.043500E-7	3.069615E-3
1.044000E-7	2.932579E-3
1.044500E-7	2.910311E-3
1.045000E-7	2.997672E-3
1.045500E-7	3.174105E-3
1.046000E-7	3.420769E-3
1.046500E-7	3.717109E-3
1.047000E-7	4.011736E-3
1.047500E-7	4.265252E-3
1.048000E-7	4.472518E-3
1.048500E-7	4.616405E-3
1.049000E-7	4.674645E-3
1.049500E-7	4.645525E-3
1.050000E-7	4.554739E-3
1.050500E-7	4.431407E-3
1.051000E-7	4.297797E-3
1.051500E-7	4.169326E-3
1.052000E-7	4.063124E-3
1.052500E-7	3.974051E-3
1.053000E-7	3.898681E-3
1.053500E-7	3.845580E-3
1.054000E-7	3.849006E-3
1.054500E-7	3.907247E-3
1.055000E-7	3.972339E-3
1.055500E-7	4.008310E-3
1.056000E-7	4.040856E-3
1.056500E-7	4.087106E-3
1.057000E-7	4.097383E-3
1.057500E-7	4.069976E-3
1.058000E-7	4.073402E-3
1.058500E-7	4.107660E-3
1.059000E-7	4.124790E-3
1.059500E-7	4.150484E-3
1.060000E-7	4.220715E-3
1.060500E-7	4.272103E-3
1.061000E-7	4.277242E-3
1.061500E-7	4.270391E-3
1.062000E-7	4.266965E-3
1.062500E-7	4.256687E-3
1.063000E-7	4.229280E-3
1.063500E-7	4.200160E-3
1.064000E-7	4.196734E-3
1.064500E-7	4.208725E-3
1.065000E-7	4.205299E-3
1.065500E-7	4.207012E-3
1.066000E-7	4.237845E-3
1.066500E-7	4.265252E-3
1.067000E-7	4.244697E-3
1.067500E-7	4.207012E-3
1.068000E-7	4.198447E-3
1.068500E-7	4.203586E-3
1.069000E-7	4.176179E-3
1.069500E-7	4.141920E-3
1.070000E-7	4.150485E-3
1.070500E-7	4.208725E-3
1.071000E-7	4.266965E-3
1.071500E-7	4.320066E-3
1.072000E-7	4.421129E-3
1.072500E-7	4.571868E-3
1.073000E-7	4.681497E-3
1.073500E-7	4.717469E-3
1.074000E-7	4.736311E-3
1.074500E-7	4.744876E-3
1.075000E-7	4.676358E-3
1.075500E-7	4.518767E-3
1.076000E-7	4.344047E-3
1.076500E-7	4.189882E-3
1.077000E-7	4.006597E-3
1.077500E-7	3.787340E-3
1.078000E-7	3.619471E-3
1.078500E-7	3.523546E-3
1.079000E-7	3.455028E-3
1.079500E-7	3.425908E-3
1.080000E-7	3.496139E-3
1.080500E-7	3.626323E-3
1.081000E-7	3.754793E-3
1.081500E-7	3.903820E-3
1.082000E-7	4.075114E-3
1.082500E-7	4.207011E-3
1.083000E-7	4.273816E-3
1.083500E-7	4.323491E-3
1.084000E-7	4.361176E-3
1.084500E-7	4.361176E-3
1.085000E-7	4.308074E-3
1.085500E-7	4.225853E-3
1.086000E-7	4.179603E-3
1.086500E-7	4.179603E-3
1.087000E-7	4.160761E-3
1.087500E-7	4.121364E-3
1.088000E-7	4.128215E-3
1.088500E-7	4.162474E-3
1.089000E-7	4.169326E-3
1.089500E-7	4.183030E-3
1.090000E-7	4.246409E-3
1.090500E-7	4.318353E-3
1.091000E-7	4.349186E-3
1.091500E-7	4.374880E-3
1.092000E-7	4.427982E-3
1.092500E-7	4.472518E-3
1.093000E-7	4.479370E-3
1.093500E-7	4.487935E-3
1.094000E-7	4.513629E-3
1.094500E-7	4.506778E-3
1.095000E-7	4.422843E-3
1.095500E-7	4.304650E-3
1.096000E-7	4.217290E-3
1.096500E-7	4.152198E-3
1.097000E-7	4.061411E-3
1.097500E-7	3.955209E-3
1.098000E-7	3.867848E-3
1.098500E-7	3.830163E-3
1.099000E-7	3.821598E-3
1.099500E-7	3.825024E-3
1.100000E-7	3.869561E-3
1.100500E-7	3.963773E-3
1.101000E-7	4.049420E-3
1.101500E-7	4.117938E-3
1.102000E-7	4.207011E-3
1.102500E-7	4.285807E-3
1.103000E-7	4.292659E-3
1.103500E-7	4.261826E-3
1.104000E-7	4.249835E-3
1.104500E-7	4.215576E-3
1.105000E-7	4.143633E-3
1.105500E-7	4.092244E-3
1.106000E-7	4.075115E-3
1.106500E-7	4.071689E-3
1.107000E-7	4.076828E-3
1.107500E-7	4.102522E-3
1.108000E-7	4.129930E-3
1.108500E-7	4.162476E-3
1.109000E-7	4.208725E-3
1.109500E-7	4.239558E-3
1.110000E-7	4.251549E-3
1.110500E-7	4.278956E-3
1.111000E-7	4.313215E-3
1.111500E-7	4.306363E-3
1.112000E-7	4.277243E-3
1.112500E-7	4.237845E-3
1.113000E-7	4.164188E-3
1.113500E-7	4.083679E-3
1.114000E-7	4.051133E-3
1.114500E-7	4.028865E-3
1.115000E-7	3.970625E-3
1.115500E-7	3.912384E-3
1.116000E-7	3.912385E-3
1.116500E-7	3.936366E-3
1.117000E-7	3.934653E-3
1.117500E-7	3.927801E-3
1.118000E-7	3.965486E-3
1.118500E-7	4.030578E-3
1.119000E-7	4.075115E-3
1.119500E-7	4.102522E-3
1.120000E-7	4.148772E-3
1.120500E-7	4.205299E-3
1.121000E-7	4.232706E-3
1.121500E-7	4.230993E-3
1.122000E-7	4.249835E-3
1.122500E-7	4.280668E-3
1.123000E-7	4.292659E-3
1.123500E-7	4.299511E-3
1.124000E-7	4.321779E-3
1.124500E-7	4.328631E-3
1.125000E-7	4.299511E-3
1.125500E-7	4.258400E-3
1.126000E-7	4.237845E-3
1.126500E-7	4.213864E-3
1.127000E-7	4.155623E-3
1.127500E-7	4.100809E-3
1.128000E-7	4.093957E-3
1.128500E-7	4.112799E-3
1.129000E-7	4.116225E-3
1.129500E-7	4.157336E-3
1.130000E-7	4.270390E-3
1.130500E-7	4.407426E-3
1.131000E-7	4.535897E-3
1.131500E-7	4.683211E-3
1.132000E-7	4.845941E-3
1.132500E-7	5.003532E-3
1.133000E-7	5.097744E-3
1.133500E-7	5.120013E-3
1.134000E-7	5.111448E-3
1.134500E-7	5.085754E-3
1.135000E-7	4.994968E-3
1.135500E-7	4.864784E-3
1.136000E-7	4.775711E-3
1.136500E-7	4.743165E-3
1.137000E-7	4.729461E-3
1.137500E-7	4.738026E-3
1.138000E-7	4.833951E-3
1.138500E-7	4.994968E-3
1.139000E-7	5.142281E-3
1.139500E-7	5.272465E-3
1.140000E-7	5.406075E-3
1.140500E-7	5.505426E-3
1.141000E-7	5.515703E-3
1.141500E-7	5.472880E-3
1.142000E-7	5.394084E-3
1.142500E-7	5.236493E-3
1.143000E-7	5.001819E-3
1.143500E-7	4.758581E-3
1.144000E-7	4.534185E-3
1.144500E-7	4.347474E-3
1.145000E-7	4.215577E-3
1.145500E-7	4.126503E-3
1.146000E-7	4.080254E-3
1.146500E-7	4.128216E-3
1.147000E-7	4.236132E-3
1.147500E-7	4.321779E-3
1.148000E-7	4.400575E-3
1.148500E-7	4.518768E-3
1.149000E-7	4.624971E-3
1.149500E-7	4.678073E-3
1.150000E-7	4.724322E-3
1.150500E-7	4.760294E-3
1.151000E-7	4.753442E-3
1.151500E-7	4.724322E-3
1.152000E-7	4.710619E-3
1.152500E-7	4.698628E-3
1.153000E-7	4.666082E-3
1.153500E-7	4.630110E-3
1.154000E-7	4.619832E-3
1.154500E-7	4.636961E-3
1.155000E-7	4.659230E-3
1.155500E-7	4.672933E-3
1.156000E-7	4.696914E-3
1.156500E-7	4.724321E-3
1.157000E-7	4.726034E-3
1.157500E-7	4.720895E-3
1.158000E-7	4.726034E-3
1.158500E-7	4.707192E-3
1.159000E-7	4.650664E-3
1.159500E-7	4.604415E-3
1.160000E-7	4.573582E-3
1.160500E-7	4.510203E-3
1.161000E-7	4.400575E-3
1.161500E-7	4.270391E-3
1.162000E-7	4.133356E-3
1.162500E-7	4.011736E-3
1.163000E-7	3.912386E-3
1.163500E-7	3.854145E-3
1.164000E-7	3.842155E-3
1.164500E-7	3.881552E-3
1.165000E-7	3.958635E-3
1.165500E-7	4.075115E-3
1.166000E-7	4.232706E-3
1.166500E-7	4.397149E-3
1.167000E-7	4.522194E-3
1.167500E-7	4.635248E-3
1.168000E-7	4.768858E-3
1.168500E-7	4.883625E-3
1.169000E-7	4.929875E-3
1.169500E-7	4.924736E-3
1.170000E-7	4.897329E-3
1.170500E-7	4.839088E-3
1.171000E-7	4.753441E-3
1.171500E-7	4.657516E-3
1.172000E-7	4.561591E-3
1.172500E-7	4.470805E-3
1.173000E-7	4.380019E-3
1.173500E-7	4.278955E-3
1.174000E-7	4.159049E-3
1.174500E-7	4.030578E-3
1.175000E-7	3.903820E-3
1.175500E-7	3.771923E-3
1.176000E-7	3.662294E-3
1.176500E-7	3.602341E-3
1.177000E-7	3.568082E-3
1.177500E-7	3.540675E-3
1.178000E-7	3.544101E-3
1.178500E-7	3.590350E-3
1.179000E-7	3.669146E-3
1.179500E-7	3.789052E-3
1.180000E-7	3.960347E-3
1.180500E-7	4.119651E-3
1.181000E-7	4.229280E-3
1.181500E-7	4.335483E-3
1.182000E-7	4.433121E-3
1.182500E-7	4.463954E-3
1.183000E-7	4.433121E-3
1.183500E-7	4.371454E-3
1.184000E-7	4.282381E-3
1.184500E-7	4.169327E-3
1.185000E-7	4.042568E-3
1.185500E-7	3.926088E-3
1.186000E-7	3.845579E-3
1.186500E-7	3.778774E-3
1.187000E-7	3.715395E-3
1.187500E-7	3.682849E-3
1.188000E-7	3.713682E-3
1.188500E-7	3.778774E-3
1.189000E-7	3.852431E-3
1.189500E-7	3.944930E-3
1.190000E-7	4.064836E-3
1.190500E-7	4.191594E-3
1.191000E-7	4.325204E-3
1.191500E-7	4.457101E-3
1.192000E-7	4.602701E-3
1.192500E-7	4.729459E-3
1.193000E-7	4.791125E-3
1.193500E-7	4.770570E-3
1.194000E-7	4.765431E-3
1.194500E-7	4.779134E-3
1.195000E-7	4.732885E-3
1.195500E-7	4.633534E-3
1.196000E-7	4.554738E-3
1.196500E-7	4.481082E-3
1.197000E-7	4.378305E-3
1.197500E-7	4.299510E-3
1.198000E-7	4.265251E-3
1.198500E-7	4.251548E-3
1.199000E-7	4.263539E-3
1.199500E-7	4.309789E-3
1.200000E-7	4.364603E-3
1.200500E-7	4.417704E-3
1.201000E-7	4.477657E-3
1.201500E-7	4.534184E-3
1.202000E-7	4.585573E-3
1.202500E-7	4.638674E-3
1.203000E-7	4.654090E-3
1.203500E-7	4.623257E-3
1.204000E-7	4.609553E-3
1.204500E-7	4.599275E-3
1.205000E-7	4.535896E-3
1.205500E-7	4.434832E-3
1.206000E-7	4.373166E-3
1.206500E-7	4.342333E-3
1.207000E-7	4.284093E-3
1.207500E-7	4.227566E-3
1.208000E-7	4.236131E-3
1.208500E-7	4.287520E-3
1.209000E-7	4.328631E-3
1.209500E-7	4.371455E-3
1.210000E-7	4.433121E-3
1.210500E-7	4.475945E-3
1.211000E-7	4.470806E-3
1.211500E-7	4.438260E-3
1.212000E-7	4.414279E-3
1.212500E-7	4.390297E-3
1.213000E-7	4.333770E-3
1.213500E-7	4.248122E-3
1.214000E-7	4.172752E-3
1.214500E-7	4.133354E-3
1.215000E-7	4.107660E-3
1.215500E-7	4.078540E-3
1.216000E-7	4.093956E-3
1.216500E-7	4.188168E-3
1.217000E-7	4.314926E-3
1.217500E-7	4.436545E-3
1.218000E-7	4.563304E-3
1.218500E-7	4.693488E-3
1.219000E-7	4.779135E-3
1.219500E-7	4.811681E-3
1.220000E-7	4.823672E-3
1.220500E-7	4.818534E-3
1.221000E-7	4.765432E-3
1.221500E-7	4.679785E-3
1.222000E-7	4.621545E-3
1.222500E-7	4.585573E-3
1.223000E-7	4.505065E-3
1.223500E-7	4.400575E-3
1.224000E-7	4.344048E-3
1.224500E-7	4.311502E-3
1.225000E-7	4.244697E-3
1.225500E-7	4.169327E-3
1.226000E-7	4.131642E-3
1.226500E-7	4.095670E-3
1.227000E-7	4.018587E-3
1.227500E-7	3.948357E-3
1.228000E-7	3.938079E-3
1.228500E-7	3.941505E-3
1.229000E-7	3.912384E-3
1.229500E-7	3.883264E-3
1.230000E-7	3.896968E-3
1.230500E-7	3.917523E-3
1.231000E-7	3.919236E-3
1.231500E-7	3.903820E-3
1.232000E-7	3.893542E-3
1.232500E-7	3.864422E-3
1.233000E-7	3.807895E-3
1.233500E-7	3.751368E-3
1.234000E-7	3.727386E-3
1.234500E-7	3.727386E-3
1.235000E-7	3.722248E-3
1.235500E-7	3.732525E-3
1.236000E-7	3.804469E-3
1.236500E-7	3.919236E-3
1.237000E-7	4.051133E-3
1.237500E-7	4.210437E-3
1.238000E-7	4.402287E-3
1.238500E-7	4.578721E-3
1.239000E-7	4.722608E-3
1.239500E-7	4.868209E-3
1.240000E-7	5.003532E-3
1.240500E-7	5.075475E-3
1.241000E-7	5.072049E-3
1.241500E-7	4.996680E-3
1.242000E-7	4.869922E-3
1.242500E-7	4.705479E-3
1.243000E-7	4.517055E-3
1.243500E-7	4.318353E-3
1.244000E-7	4.133355E-3
1.244500E-7	3.991181E-3
1.245000E-7	3.879839E-3
1.245500E-7	3.783914E-3
1.246000E-7	3.741091E-3
1.246500E-7	3.787340E-3
1.247000E-7	3.866136E-3
1.247500E-7	3.938079E-3
1.248000E-7	4.040856E-3
1.248500E-7	4.177891E-3
1.249000E-7	4.277242E-3
1.249500E-7	4.337195E-3
1.250000E-7	4.419417E-3
1.250500E-7	4.494786E-3
1.251000E-7	4.496499E-3
1.251500E-7	4.443398E-3
1.252000E-7	4.412565E-3
1.252500E-7	4.385158E-3
1.253000E-7	4.296085E-3
1.253500E-7	4.203586E-3
1.254000E-7	4.188170E-3
1.254500E-7	4.215577E-3
1.255000E-7	4.201873E-3
1.255500E-7	4.198447E-3
1.256000E-7	4.258400E-3
1.256500E-7	4.325205E-3
1.257000E-7	4.320067E-3
1.257500E-7	4.306363E-3
1.258000E-7	4.362891E-3
1.258500E-7	4.427983E-3
1.259000E-7	4.441686E-3
1.259500E-7	4.448538E-3
1.260000E-7	4.506779E-3
1.260500E-7	4.585574E-3
1.261000E-7	4.630111E-3
1.261500E-7	4.671221E-3
1.262000E-7	4.755155E-3
1.262500E-7	4.857932E-3
1.263000E-7	4.917885E-3
1.263500E-7	4.926449E-3
1.264000E-7	4.940153E-3
1.264500E-7	4.982976E-3
1.265000E-7	4.974411E-3
1.265500E-7	4.864782E-3
1.266000E-7	4.756867E-3
1.266500E-7	4.691775E-3
1.267000E-7	4.604414E-3
1.267500E-7	4.477656E-3
1.268000E-7	4.395435E-3
1.268500E-7	4.374880E-3
1.269000E-7	4.347473E-3
1.269500E-7	4.323492E-3
1.270000E-7	4.359464E-3
1.270500E-7	4.410852E-3
1.271000E-7	4.429695E-3
1.271500E-7	4.450250E-3
1.272000E-7	4.481084E-3
1.272500E-7	4.470806E-3
1.273000E-7	4.398862E-3
1.273500E-7	4.313214E-3
1.274000E-7	4.236131E-3
1.274500E-7	4.155623E-3
1.275000E-7	4.063123E-3
1.275500E-7	3.982615E-3
1.276000E-7	3.958634E-3
1.276500E-7	3.984328E-3
1.277000E-7	4.023726E-3
1.277500E-7	4.092244E-3
1.278000E-7	4.220715E-3
1.278500E-7	4.368028E-3
1.279000E-7	4.481083E-3
1.279500E-7	4.582147E-3
1.280000E-7	4.684923E-3
1.280500E-7	4.748302E-3
1.281000E-7	4.768858E-3
1.281500E-7	4.763719E-3
1.282000E-7	4.727747E-3
1.282500E-7	4.655803E-3
1.283000E-7	4.565016E-3
1.283500E-7	4.450249E-3
1.284000E-7	4.321778E-3
1.284500E-7	4.234417E-3
1.285000E-7	4.193307E-3
1.285500E-7	4.159048E-3
1.286000E-7	4.160761E-3
1.286500E-7	4.210436E-3
1.287000E-7	4.251547E-3
1.287500E-7	4.289232E-3
1.288000E-7	4.369741E-3
1.288500E-7	4.436546E-3
1.289000E-7	4.443398E-3
1.289500E-7	4.448537E-3
1.290000E-7	4.491360E-3
1.290500E-7	4.520481E-3
1.291000E-7	4.510203E-3
1.291500E-7	4.484509E-3
1.292000E-7	4.470805E-3
1.292500E-7	4.453676E-3
1.293000E-7	4.415991E-3
1.293500E-7	4.357750E-3
1.294000E-7	4.335482E-3
1.294500E-7	4.337195E-3
1.295000E-7	4.306361E-3
1.295500E-7	4.237843E-3
1.296000E-7	4.188168E-3
1.296500E-7	4.176177E-3
1.297000E-7	4.162474E-3
1.297500E-7	4.133354E-3
1.298000E-7	4.105947E-3
1.298500E-7	4.092243E-3
1.299000E-7	4.063123E-3
1.299500E-7	4.025439E-3
1.300000E-7	4.018587E-3
1.300500E-7	4.040855E-3
1.301000E-7	4.073402E-3
1.301500E-7	4.111087E-3
1.302000E-7	4.164188E-3
1.302500E-7	4.222428E-3
1.303000E-7	4.244697E-3
1.303500E-7	4.239558E-3
1.304000E-7	4.229281E-3
1.304500E-7	4.215577E-3
1.305000E-7	4.183031E-3
1.305500E-7	4.159050E-3
1.306000E-7	4.152198E-3
1.306500E-7	4.133356E-3
1.307000E-7	4.061412E-3
1.307500E-7	3.955209E-3
1.308000E-7	3.867848E-3
1.308500E-7	3.795904E-3
1.309000E-7	3.732525E-3
1.309500E-7	3.691414E-3
1.310000E-7	3.694840E-3
1.310500E-7	3.723960E-3
1.311000E-7	3.741089E-3
1.311500E-7	3.768496E-3
1.312000E-7	3.840440E-3
1.312500E-7	3.915810E-3
1.313000E-7	3.944930E-3
1.313500E-7	3.951782E-3
1.314000E-7	3.974050E-3
1.314500E-7	4.006596E-3
1.315000E-7	4.023726E-3
1.315500E-7	4.063124E-3
1.316000E-7	4.131642E-3
1.316500E-7	4.208724E-3
1.317000E-7	4.287520E-3
1.317500E-7	4.357751E-3
1.318000E-7	4.412565E-3
1.318500E-7	4.475944E-3
1.319000E-7	4.553026E-3
1.319500E-7	4.595850E-3
1.320000E-7	4.628396E-3
1.320500E-7	4.678071E-3
1.321000E-7	4.695201E-3
1.321500E-7	4.672933E-3
1.322000E-7	4.684923E-3
1.322500E-7	4.710618E-3
1.323000E-7	4.693488E-3
1.323500E-7	4.688349E-3
1.324000E-7	4.746590E-3
1.324500E-7	4.794552E-3
1.325000E-7	4.773997E-3
1.325500E-7	4.751729E-3
1.326000E-7	4.743164E-3
1.326500E-7	4.698628E-3
1.327000E-7	4.600990E-3
1.327500E-7	4.475945E-3
1.328000E-7	4.345761E-3
1.328500E-7	4.241271E-3
1.329000E-7	4.159050E-3
1.329500E-7	4.093958E-3
1.330000E-7	4.080254E-3
1.330500E-7	4.140207E-3
1.331000E-7	4.213864E-3
1.331500E-7	4.289233E-3
1.332000E-7	4.433121E-3
1.332500E-7	4.619832E-3
1.333000E-7	4.741451E-3
1.333500E-7	4.791127E-3
1.334000E-7	4.845941E-3
1.334500E-7	4.878487E-3
1.335000E-7	4.833950E-3
1.335500E-7	4.746590E-3
1.336000E-7	4.650665E-3
1.336500E-7	4.518768E-3
1.337000E-7	4.359464E-3
1.337500E-7	4.234419E-3
1.338000E-7	4.150484E-3
1.338500E-7	4.083679E-3
1.339000E-7	4.051133E-3
1.339500E-7	4.095670E-3
1.340000E-7	4.196733E-3
1.340500E-7	4.308075E-3
1.341000E-7	4.392009E-3
1.341500E-7	4.460527E-3
1.342000E-7	4.544461E-3
1.342500E-7	4.606128E-3
1.343000E-7	4.597563E-3
1.343500E-7	4.541036E-3
1.344000E-7	4.481083E-3
1.344500E-7	4.378306E-3
1.345000E-7	4.217289E-3
1.345500E-7	4.051133E-3
1.346000E-7	3.920949E-3
1.346500E-7	3.811321E-3
1.347000E-7	3.739377E-3
1.347500E-7	3.723961E-3
1.348000E-7	3.765072E-3
1.348500E-7	3.852432E-3
1.349000E-7	3.967200E-3
1.349500E-7	4.083680E-3
1.350000E-7	4.195022E-3
1.350500E-7	4.309789E-3
1.351000E-7	4.378307E-3
1.351500E-7	4.386872E-3
1.352000E-7	4.386871E-3
1.352500E-7	4.383445E-3
1.353000E-7	4.321779E-3
1.353500E-7	4.215576E-3
1.354000E-7	4.129929E-3
1.354500E-7	4.063124E-3
1.355000E-7	3.974050E-3
1.355500E-7	3.898681E-3
1.356000E-7	3.872986E-3
1.356500E-7	3.891829E-3
1.357000E-7	3.908958E-3
1.357500E-7	3.917523E-3
1.358000E-7	3.946643E-3
1.358500E-7	4.004883E-3
1.359000E-7	4.047707E-3
1.359500E-7	4.081966E-3
1.360000E-7	4.129929E-3
1.360500E-7	4.172752E-3
1.361000E-7	4.184743E-3
1.361500E-7	4.198447E-3
1.362000E-7	4.263539E-3
1.362500E-7	4.333770E-3
1.363000E-7	4.354325E-3
1.363500E-7	4.357751E-3
1.364000E-7	4.369742E-3
1.364500E-7	4.371454E-3
1.365000E-7	4.333770E-3
1.365500E-7	4.304649E-3
1.366000E-7	4.306362E-3
1.366500E-7	4.285806E-3
1.367000E-7	4.210437E-3
1.367500E-7	4.143632E-3
1.368000E-7	4.129928E-3
1.368500E-7	4.119650E-3
1.369000E-7	4.081966E-3
1.369500E-7	4.051133E-3
1.370000E-7	4.056272E-3
1.370500E-7	4.076828E-3
1.371000E-7	4.083680E-3
1.371500E-7	4.078541E-3
1.372000E-7	4.112800E-3
1.372500E-7	4.219003E-3
1.373000E-7	4.349186E-3
1.373500E-7	4.474232E-3
1.374000E-7	4.630110E-3
1.374500E-7	4.808256E-3
1.375000E-7	4.955569E-3
1.375500E-7	5.065198E-3
1.376000E-7	5.181678E-3
1.376500E-7	5.282742E-3
1.377000E-7	5.313575E-3
1.377500E-7	5.272464E-3
1.378000E-7	5.210798E-3
1.378500E-7	5.142280E-3
1.379000E-7	5.053207E-3
1.379500E-7	4.945292E-3
1.380000E-7	4.859644E-3
1.380500E-7	4.808256E-3
1.381000E-7	4.751729E-3
1.381500E-7	4.671220E-3
1.382000E-7	4.602702E-3
1.382500E-7	4.580434E-3
1.383000E-7	4.600989E-3
1.383500E-7	4.618119E-3
1.384000E-7	4.642100E-3
1.384500E-7	4.705480E-3
1.385000E-7	4.758581E-3
1.385500E-7	4.765433E-3
1.386000E-7	4.780849E-3
1.386500E-7	4.823673E-3
1.387000E-7	4.815108E-3
1.387500E-7	4.760294E-3
1.388000E-7	4.727747E-3
1.388500E-7	4.681498E-3
1.389000E-7	4.565017E-3
1.389500E-7	4.441685E-3
1.390000E-7	4.356037E-3
1.390500E-7	4.248122E-3
1.391000E-7	4.109373E-3
1.391500E-7	4.016874E-3
1.392000E-7	4.004884E-3
1.392500E-7	4.045994E-3
1.393000E-7	4.109374E-3
1.393500E-7	4.176179E-3
1.394000E-7	4.260113E-3
1.394500E-7	4.383445E-3
1.395000E-7	4.520481E-3
1.395500E-7	4.616406E-3
1.396000E-7	4.684924E-3
1.396500E-7	4.743164E-3
1.397000E-7	4.770571E-3
1.397500E-7	4.750015E-3
1.398000E-7	4.707192E-3
1.398500E-7	4.652377E-3
1.399000E-7	4.577007E-3
1.399500E-7	4.501638E-3
1.400000E-7	4.441685E-3
1.400500E-7	4.369741E-3
1.401000E-7	4.270390E-3
1.401500E-7	4.184743E-3
1.402000E-7	4.159049E-3
1.402500E-7	4.165901E-3
1.403000E-7	4.131642E-3
1.403500E-7	4.061411E-3
1.404000E-7	4.015162E-3
1.404500E-7	3.987754E-3
1.405000E-7	3.912384E-3
1.405500E-7	3.814746E-3
1.406000E-7	3.782200E-3
1.406500E-7	3.792478E-3
1.407000E-7	3.768496E-3
1.407500E-7	3.729099E-3
1.408000E-7	3.751367E-3
1.408500E-7	3.811320E-3
1.409000E-7	3.833588E-3
1.409500E-7	3.833588E-3
1.410000E-7	3.879838E-3
1.410500E-7	3.977476E-3
1.411000E-7	4.090531E-3
1.411500E-7	4.220715E-3
1.412000E-7	4.352612E-3
1.412500E-7	4.469093E-3
1.413000E-7	4.544462E-3
1.413500E-7	4.618119E-3
1.414000E-7	4.700340E-3
1.414500E-7	4.760294E-3
1.415000E-7	4.768858E-3
1.415500E-7	4.756868E-3
1.416000E-7	4.767145E-3
1.416500E-7	4.756868E-3
1.417000E-7	4.696915E-3
1.417500E-7	4.623258E-3
1.418000E-7	4.570157E-3
1.418500E-7	4.527333E-3
1.419000E-7	4.482797E-3
1.419500E-7	4.460528E-3
1.420000E-7	4.498213E-3
1.420500E-7	4.575296E-3
1.421000E-7	4.640388E-3
1.421500E-7	4.705479E-3
1.422000E-7	4.815108E-3
1.422500E-7	4.931588E-3
1.423000E-7	4.996680E-3
1.423500E-7	5.054920E-3
1.424000E-7	5.143993E-3
1.424500E-7	5.197094E-3
1.425000E-7	5.169687E-3
1.425500E-7	5.108021E-3
1.426000E-7	5.025800E-3
1.426500E-7	4.902467E-3
1.427000E-7	4.748302E-3
1.427500E-7	4.607840E-3
1.428000E-7	4.469092E-3
1.428500E-7	4.323491E-3
1.429000E-7	4.183030E-3
1.429500E-7	4.085392E-3
1.430000E-7	4.039142E-3
1.430500E-7	4.018587E-3
1.431000E-7	4.020300E-3
1.431500E-7	4.087105E-3
1.432000E-7	4.220715E-3
1.432500E-7	4.354325E-3
1.433000E-7	4.441685E-3
1.433500E-7	4.518768E-3
1.434000E-7	4.607841E-3
1.434500E-7	4.662655E-3
1.435000E-7	4.647239E-3
1.435500E-7	4.606128E-3
1.436000E-7	4.559878E-3
1.436500E-7	4.484509E-3
1.437000E-7	4.380019E-3
1.437500E-7	4.258400E-3
1.438000E-7	4.138494E-3
1.438500E-7	4.032291E-3
1.439000E-7	3.934653E-3
1.439500E-7	3.850719E-3
1.440000E-7	3.833589E-3
1.440500E-7	3.883265E-3
1.441000E-7	3.944931E-3
1.441500E-7	4.006597E-3
1.442000E-7	4.131642E-3
1.442500E-7	4.296085E-3
1.443000E-7	4.412565E-3
1.443500E-7	4.493073E-3
1.444000E-7	4.621544E-3
1.444500E-7	4.755154E-3
1.445000E-7	4.806543E-3
1.445500E-7	4.828811E-3
1.446000E-7	4.878486E-3
1.446500E-7	4.904181E-3
1.447000E-7	4.864783E-3
1.447500E-7	4.777423E-3
1.448000E-7	4.667794E-3
1.448500E-7	4.539323E-3
1.449000E-7	4.383445E-3
1.449500E-7	4.196734E-3
1.450000E-7	4.027152E-3
1.450500E-7	3.927801E-3
1.451000E-7	3.862709E-3
1.451500E-7	3.802756E-3
1.452000E-7	3.804468E-3
1.452500E-7	3.871273E-3
1.453000E-7	3.946643E-3
1.453500E-7	4.035716E-3
1.454000E-7	4.171039E-3
1.454500E-7	4.309788E-3
1.455000E-7	4.402287E-3
1.455500E-7	4.441685E-3
1.456000E-7	4.458815E-3
1.456500E-7	4.450250E-3
1.457000E-7	4.388584E-3
1.457500E-7	4.285807E-3
1.458000E-7	4.188169E-3
1.458500E-7	4.129929E-3
1.459000E-7	4.090531E-3
1.459500E-7	4.064836E-3
1.460000E-7	4.083678E-3
1.460500E-7	4.152196E-3
1.461000E-7	4.212149E-3
1.461500E-7	4.258399E-3
1.462000E-7	4.328630E-3
1.462500E-7	4.415990E-3
1.463000E-7	4.467379E-3
1.463500E-7	4.462240E-3
1.464000E-7	4.460527E-3
1.464500E-7	4.460528E-3
1.465000E-7	4.395436E-3
1.465500E-7	4.277243E-3
1.466000E-7	4.193308E-3
1.466500E-7	4.157336E-3
1.467000E-7	4.148771E-3
1.467500E-7	4.188169E-3
1.468000E-7	4.314927E-3
1.468500E-7	4.482796E-3
1.469000E-7	4.635248E-3
1.469500E-7	4.806542E-3
1.470000E-7	5.024087E-3
1.470500E-7	5.233066E-3
1.471000E-7	5.395796E-3
1.471500E-7	5.525980E-3
1.472000E-7	5.630470E-3
1.472500E-7	5.664729E-3
1.473000E-7	5.596211E-3
1.473500E-7	5.457462E-3
1.474000E-7	5.294732E-3
1.474500E-7	5.126864E-3
1.475000E-7	4.940153E-3
1.475500E-7	4.736312E-3
1.476000E-7	4.537610E-3
1.476500E-7	4.357751E-3
1.477000E-7	4.200160E-3
1.477500E-7	4.066550E-3
1.478000E-7	3.987755E-3
1.478500E-7	3.974051E-3
1.479000E-7	4.004884E-3
1.479500E-7	4.051134E-3
1.480000E-7	4.141920E-3
1.480500E-7	4.282382E-3
1.481000E-7	4.414279E-3
1.481500E-7	4.513630E-3
1.482000E-7	4.628397E-3
1.482500E-7	4.756868E-3
1.483000E-7	4.821959E-3
1.483500E-7	4.839089E-3
1.484000E-7	4.852792E-3
1.484500E-7	4.823672E-3
1.485000E-7	4.714043E-3
1.485500E-7	4.570156E-3
1.486000E-7	4.429694E-3
1.486500E-7	4.299510E-3
1.487000E-7	4.171039E-3
1.487500E-7	4.044281E-3
1.488000E-7	3.956921E-3
1.488500E-7	3.950069E-3
1.489000E-7	3.994606E-3
1.489500E-7	4.040855E-3
1.490000E-7	4.092243E-3
1.490500E-7	4.189881E-3
1.491000E-7	4.294371E-3
1.491500E-7	4.352611E-3
1.492000E-7	4.393722E-3
1.492500E-7	4.467379E-3
1.493000E-7	4.515342E-3
1.493500E-7	4.503351E-3
1.494000E-7	4.479370E-3
1.494500E-7	4.472518E-3
1.495000E-7	4.434833E-3
1.495500E-7	4.368028E-3
1.496000E-7	4.313214E-3
1.496500E-7	4.289232E-3
1.497000E-7	4.258399E-3
1.497500E-7	4.236130E-3
1.498000E-7	4.263538E-3
1.498500E-7	4.342333E-3
1.499000E-7	4.388583E-3
1.499500E-7	4.405712E-3
1.500000E-7	4.446823E-3
1.500500E-7	4.489647E-3
1.501000E-7	4.446824E-3
1.501500E-7	4.347473E-3
1.502000E-7	4.277243E-3
1.502500E-7	4.224142E-3
1.503000E-7	4.107661E-3
1.503500E-7	3.972339E-3
1.504000E-7	3.919237E-3
1.504500E-7	3.929515E-3
1.505000E-7	3.938080E-3
1.505500E-7	3.968913E-3
1.506000E-7	4.078541E-3
1.506500E-7	4.230993E-3
1.507000E-7	4.356038E-3
1.507500E-7	4.462241E-3
1.508000E-7	4.559878E-3
1.508500E-7	4.616405E-3
1.509000E-7	4.602702E-3
1.509500E-7	4.534184E-3
1.510000E-7	4.439972E-3
1.510500E-7	4.337195E-3
1.511000E-7	4.224141E-3
1.511500E-7	4.121364E-3
1.512000E-7	4.068263E-3
1.512500E-7	4.059698E-3
1.513000E-7	4.083679E-3
1.513500E-7	4.143633E-3
1.514000E-7	4.254974E-3
1.514500E-7	4.385158E-3
1.515000E-7	4.482796E-3
1.515500E-7	4.541036E-3
1.516000E-7	4.561591E-3
1.516500E-7	4.539323E-3
1.517000E-7	4.451963E-3
1.517500E-7	4.314927E-3
1.518000E-7	4.186456E-3
1.518500E-7	4.080253E-3
1.519000E-7	3.994605E-3
1.519500E-7	3.944930E-3
1.520000E-7	3.943217E-3
1.520500E-7	3.984328E-3
1.521000E-7	4.049420E-3
1.521500E-7	4.133354E-3
1.522000E-7	4.224141E-3
1.522500E-7	4.320066E-3
1.523000E-7	4.398861E-3
1.523500E-7	4.421130E-3
1.524000E-7	4.409139E-3
1.524500E-7	4.404000E-3
1.525000E-7	4.388584E-3
1.525500E-7	4.294371E-3
1.526000E-7	4.159049E-3
1.526500E-7	4.066550E-3
1.527000E-7	3.994606E-3
1.527500E-7	3.893542E-3
1.528000E-7	3.825024E-3
1.528500E-7	3.842153E-3
1.529000E-7	3.886690E-3
1.529500E-7	3.896968E-3
1.530000E-7	3.893542E-3
1.530500E-7	3.915810E-3
1.531000E-7	3.920949E-3
1.531500E-7	3.900394E-3
1.532000E-7	3.879838E-3
1.532500E-7	3.871274E-3
1.533000E-7	3.860996E-3
1.533500E-7	3.842154E-3
1.534000E-7	3.831877E-3
1.534500E-7	3.842154E-3
1.535000E-7	3.849006E-3
1.535500E-7	3.867849E-3
1.536000E-7	3.929515E-3
1.536500E-7	4.015162E-3
1.537000E-7	4.085393E-3
1.537500E-7	4.159050E-3
1.538000E-7	4.277243E-3
1.538500E-7	4.385158E-3
1.539000E-7	4.439973E-3
1.539500E-7	4.487935E-3
1.540000E-7	4.561592E-3
1.540500E-7	4.595850E-3
1.541000E-7	4.565017E-3
1.541500E-7	4.522194E-3
1.542000E-7	4.530758E-3
1.542500E-7	4.542749E-3
1.543000E-7	4.496499E-3
1.543500E-7	4.427981E-3
1.544000E-7	4.395435E-3
1.544500E-7	4.361177E-3
1.545000E-7	4.292659E-3
1.545500E-7	4.236132E-3
1.546000E-7	4.198447E-3
1.546500E-7	4.143633E-3
1.547000E-7	4.083680E-3
1.547500E-7	4.056273E-3
1.548000E-7	4.073402E-3
1.548500E-7	4.078541E-3
1.549000E-7	4.056273E-3
1.549500E-7	4.057986E-3
1.550000E-7	4.121365E-3
1.550500E-7	4.220715E-3
1.551000E-7	4.302937E-3
1.551500E-7	4.378306E-3
1.552000E-7	4.494786E-3
1.552500E-7	4.630109E-3
1.553000E-7	4.708904E-3
1.553500E-7	4.741450E-3
1.554000E-7	4.782561E-3
1.554500E-7	4.809968E-3
1.555000E-7	4.777423E-3
1.555500E-7	4.684924E-3
1.556000E-7	4.571869E-3
1.556500E-7	4.481083E-3
1.557000E-7	4.397149E-3
1.557500E-7	4.285807E-3
1.558000E-7	4.164188E-3
1.558500E-7	4.066550E-3
1.559000E-7	3.980902E-3
1.559500E-7	3.891829E-3
1.560000E-7	3.867847E-3
1.560500E-7	3.914097E-3
1.561000E-7	3.951782E-3
1.561500E-7	3.962060E-3
1.562000E-7	4.018587E-3
1.562500E-7	4.093957E-3
1.563000E-7	4.105948E-3
1.563500E-7	4.099096E-3
1.564000E-7	4.123077E-3
1.564500E-7	4.131642E-3
1.565000E-7	4.116225E-3
1.565500E-7	4.111086E-3
1.566000E-7	4.097383E-3
1.566500E-7	4.044281E-3
1.567000E-7	3.986041E-3
1.567500E-7	3.950069E-3
1.568000E-7	3.926088E-3
1.568500E-7	3.910671E-3
1.569000E-7	3.898681E-3
1.569500E-7	3.890116E-3
1.570000E-7	3.943218E-3
1.570500E-7	4.059698E-3
1.571000E-7	4.171039E-3
1.571500E-7	4.273816E-3
1.572000E-7	4.434833E-3
1.572500E-7	4.623257E-3
1.573000E-7	4.763719E-3
1.573500E-7	4.897329E-3
1.574000E-7	5.058346E-3
1.574500E-7	5.161123E-3
1.575000E-7	5.178252E-3
1.575500E-7	5.152558E-3
1.576000E-7	5.089179E-3
1.576500E-7	4.964134E-3
1.577000E-7	4.806543E-3
1.577500E-7	4.654091E-3
1.578000E-7	4.530759E-3
1.578500E-7	4.436547E-3
1.579000E-7	4.352613E-3
1.579500E-7	4.265252E-3
1.580000E-7	4.217290E-3
1.580500E-7	4.222429E-3
1.581000E-7	4.207012E-3
1.581500E-7	4.172753E-3
1.582000E-7	4.176179E-3
1.582500E-7	4.200160E-3
1.583000E-7	4.186456E-3
1.583500E-7	4.155623E-3
1.584000E-7	4.152197E-3
1.584500E-7	4.165901E-3
1.585000E-7	4.191595E-3
1.585500E-7	4.224141E-3
1.586000E-7	4.256687E-3
1.586500E-7	4.294371E-3
1.587000E-7	4.332056E-3
1.587500E-7	4.354324E-3
1.588000E-7	4.374879E-3
1.588500E-7	4.407425E-3
1.589000E-7	4.398860E-3
1.589500E-7	4.320065E-3
1.590000E-7	4.236130E-3
1.590500E-7	4.171038E-3
1.591000E-7	4.044281E-3
1.591500E-7	3.874699E-3
1.592000E-7	3.753080E-3
1.592500E-7	3.670859E-3
1.593000E-7	3.573221E-3
1.593500E-7	3.516694E-3
1.594000E-7	3.535536E-3
1.594500E-7	3.542388E-3
1.595000E-7	3.542388E-3
1.595500E-7	3.602341E-3
1.596000E-7	3.698266E-3
1.596500E-7	3.765071E-3
1.597000E-7	3.816459E-3
1.597500E-7	3.893542E-3
1.598000E-7	3.965485E-3
1.598500E-7	4.013448E-3
1.599000E-7	4.056272E-3
1.599500E-7	4.102521E-3
1.600000E-7	4.191595E-3
1.600500E-7	4.320066E-3
1.601000E-7	4.400575E-3
1.601500E-7	4.412565E-3
1.602000E-7	4.450250E-3
1.602500E-7	4.527333E-3
1.603000E-7	4.556453E-3
1.603500E-7	4.541037E-3
1.604000E-7	4.535898E-3
1.604500E-7	4.510204E-3
1.605000E-7	4.427982E-3
1.605500E-7	4.333770E-3
1.606000E-7	4.263539E-3
1.606500E-7	4.191595E-3
1.607000E-7	4.080254E-3
1.607500E-7	3.965486E-3
1.608000E-7	3.881552E-3
1.608500E-7	3.843867E-3
1.609000E-7	3.802756E-3
1.609500E-7	3.754794E-3
1.610000E-7	3.754794E-3
1.610500E-7	3.795904E-3
1.611000E-7	3.825024E-3
1.611500E-7	3.843866E-3
1.612000E-7	3.895255E-3
1.612500E-7	3.938078E-3
1.613000E-7	3.931226E-3
1.613500E-7	3.910671E-3
1.614000E-7	3.922661E-3
1.614500E-7	3.936364E-3
1.615000E-7	3.914096E-3
1.615500E-7	3.908957E-3
1.616000E-7	3.926087E-3
1.616500E-7	3.927800E-3
1.617000E-7	3.912383E-3
1.617500E-7	3.931226E-3
1.618000E-7	4.003170E-3
1.618500E-7	4.102522E-3
1.619000E-7	4.196734E-3
1.619500E-7	4.287521E-3
1.620000E-7	4.378307E-3
1.620500E-7	4.470806E-3
1.621000E-7	4.539324E-3
1.621500E-7	4.559879E-3
1.622000E-7	4.570157E-3
1.622500E-7	4.602702E-3
1.623000E-7	4.633535E-3
1.623500E-7	4.647239E-3
1.624000E-7	4.662655E-3
1.624500E-7	4.686636E-3
1.625000E-7	4.712330E-3
1.625500E-7	4.732885E-3
1.626000E-7	4.760293E-3
1.626500E-7	4.785987E-3
1.627000E-7	4.794552E-3
1.627500E-7	4.791126E-3
1.628000E-7	4.791126E-3
1.628500E-7	4.763719E-3
1.629000E-7	4.654090E-3
1.629500E-7	4.513629E-3
1.630000E-7	4.398861E-3
1.630500E-7	4.282381E-3
1.631000E-7	4.150484E-3
1.631500E-7	4.056272E-3
1.632000E-7	4.035717E-3
1.632500E-7	4.042569E-3
1.633000E-7	4.023726E-3
1.633500E-7	4.030578E-3
1.634000E-7	4.102522E-3
1.634500E-7	4.198447E-3
1.635000E-7	4.272104E-3
1.635500E-7	4.344047E-3
1.636000E-7	4.410852E-3
1.636500E-7	4.433120E-3
1.637000E-7	4.381732E-3
1.637500E-7	4.284094E-3
1.638000E-7	4.181317E-3
1.638500E-7	4.085391E-3
1.639000E-7	3.977476E-3
1.639500E-7	3.862708E-3
1.640000E-7	3.773635E-3
1.640500E-7	3.735950E-3
1.641000E-7	3.742802E-3
1.641500E-7	3.785625E-3
1.642000E-7	3.864421E-3
1.642500E-7	3.975763E-3
1.643000E-7	4.111086E-3
1.643500E-7	4.232705E-3
1.644000E-7	4.320065E-3
1.644500E-7	4.385158E-3
1.645000E-7	4.450250E-3
1.645500E-7	4.499925E-3
1.646000E-7	4.515342E-3
1.646500E-7	4.511916E-3
1.647000E-7	4.501638E-3
1.647500E-7	4.479370E-3
1.648000E-7	4.458815E-3
1.648500E-7	4.448537E-3
1.649000E-7	4.414278E-3
1.649500E-7	4.366316E-3
1.650000E-7	4.344047E-3
1.650500E-7	4.326918E-3
1.651000E-7	4.265252E-3
1.651500E-7	4.184743E-3
1.652000E-7	4.131642E-3
1.652500E-7	4.081966E-3
1.653000E-7	4.008310E-3
1.653500E-7	3.931227E-3
1.654000E-7	3.902107E-3
1.654500E-7	3.929514E-3
1.655000E-7	3.972337E-3
1.655500E-7	4.006596E-3
1.656000E-7	4.057984E-3
1.656500E-7	4.128215E-3
1.657000E-7	4.189881E-3
1.657500E-7	4.234418E-3
1.658000E-7	4.258399E-3
1.658500E-7	4.249834E-3
1.659000E-7	4.244696E-3
1.659500E-7	4.251547E-3
1.660000E-7	4.229279E-3
1.660500E-7	4.198446E-3
1.661000E-7	4.201872E-3
1.661500E-7	4.212150E-3
1.662000E-7	4.189881E-3
1.662500E-7	4.184743E-3
1.663000E-7	4.196733E-3
1.663500E-7	4.143632E-3
1.664000E-7	4.061410E-3
1.664500E-7	4.022013E-3
1.665000E-7	3.986041E-3
1.665500E-7	3.902107E-3
1.666000E-7	3.852431E-3
1.666500E-7	3.847292E-3
1.667000E-7	3.831876E-3
1.667500E-7	3.835302E-3
1.668000E-7	3.938079E-3
1.668500E-7	4.083679E-3
1.669000E-7	4.191595E-3
1.669500E-7	4.296084E-3
1.670000E-7	4.451963E-3
1.670500E-7	4.580434E-3
1.671000E-7	4.621544E-3
1.671500E-7	4.621544E-3
1.672000E-7	4.642099E-3
1.672500E-7	4.638674E-3
1.673000E-7	4.590711E-3
1.673500E-7	4.539323E-3
1.674000E-7	4.484508E-3
1.674500E-7	4.404000E-3
1.675000E-7	4.314926E-3
1.675500E-7	4.244696E-3
1.676000E-7	4.171039E-3
1.676500E-7	4.088817E-3
1.677000E-7	3.996318E-3
1.677500E-7	3.884977E-3
1.678000E-7	3.794191E-3
1.678500E-7	3.758219E-3
1.679000E-7	3.718821E-3
1.679500E-7	3.660581E-3
1.680000E-7	3.640026E-3
1.680500E-7	3.657156E-3
1.681000E-7	3.650304E-3
1.681500E-7	3.634887E-3
1.682000E-7	3.675998E-3
1.682500E-7	3.737664E-3
1.683000E-7	3.778774E-3
1.683500E-7	3.799329E-3
1.684000E-7	3.833588E-3
1.684500E-7	3.890116E-3
1.685000E-7	3.941504E-3
1.685500E-7	3.974050E-3
1.686000E-7	3.999744E-3
1.686500E-7	4.018587E-3
1.687000E-7	4.039143E-3
1.687500E-7	4.087105E-3
1.688000E-7	4.153910E-3
1.688500E-7	4.198447E-3
1.689000E-7	4.217289E-3
1.689500E-7	4.261826E-3
1.690000E-7	4.340621E-3
1.690500E-7	4.422843E-3
1.691000E-7	4.487934E-3
1.691500E-7	4.554739E-3
1.692000E-7	4.636961E-3
1.692500E-7	4.726034E-3
1.693000E-7	4.763718E-3
1.693500E-7	4.755154E-3
1.694000E-7	4.772283E-3
1.694500E-7	4.816820E-3
1.695000E-7	4.791126E-3
1.695500E-7	4.700340E-3
1.696000E-7	4.640387E-3
1.696500E-7	4.575295E-3
1.697000E-7	4.450250E-3
1.697500E-7	4.311501E-3
1.698000E-7	4.212150E-3
1.698500E-7	4.126502E-3
1.699000E-7	4.049420E-3
1.699500E-7	3.998031E-3
1.700000E-7	3.994605E-3
1.700500E-7	4.051132E-3
1.701000E-7	4.121363E-3
1.701500E-7	4.189881E-3
1.702000E-7	4.301223E-3
1.702500E-7	4.462240E-3
1.703000E-7	4.607840E-3
1.703500E-7	4.734599E-3
1.704000E-7	4.881912E-3
1.704500E-7	5.012097E-3
1.705000E-7	5.073763E-3
1.705500E-7	5.082328E-3
1.706000E-7	5.066911E-3
1.706500E-7	5.005245E-3
1.707000E-7	4.883626E-3
1.707500E-7	4.708905E-3
1.708000E-7	4.517055E-3
1.708500E-7	4.342334E-3
1.709000E-7	4.162475E-3
1.709500E-7	3.972338E-3
1.710000E-7	3.823311E-3
1.710500E-7	3.715395E-3
1.711000E-7	3.622896E-3
1.711500E-7	3.585211E-3
1.712000E-7	3.636599E-3
1.712500E-7	3.725672E-3
1.713000E-7	3.802755E-3
1.713500E-7	3.896967E-3
1.714000E-7	4.023725E-3
1.714500E-7	4.138493E-3
1.715000E-7	4.232705E-3
1.715500E-7	4.306362E-3
1.716000E-7	4.378306E-3
1.716500E-7	4.419417E-3
1.717000E-7	4.415991E-3
1.717500E-7	4.383445E-3
1.718000E-7	4.332057E-3
1.718500E-7	4.265252E-3
1.719000E-7	4.184744E-3
1.719500E-7	4.116226E-3
1.720000E-7	4.051134E-3
1.720500E-7	3.984329E-3
1.721000E-7	3.943218E-3
1.721500E-7	3.951783E-3
1.722000E-7	4.010023E-3
1.722500E-7	4.087106E-3
1.723000E-7	4.165901E-3
1.723500E-7	4.263539E-3
1.724000E-7	4.392010E-3
1.724500E-7	4.534184E-3
1.725000E-7	4.667794E-3
1.725500E-7	4.796265E-3
1.726000E-7	4.914458E-3
1.726500E-7	4.993254E-3
1.727000E-7	4.998393E-3
1.727500E-7	4.953856E-3
1.728000E-7	4.883625E-3
1.728500E-7	4.806543E-3
1.729000E-7	4.698627E-3
1.729500E-7	4.554739E-3
1.730000E-7	4.407426E-3
1.730500E-7	4.277242E-3
1.731000E-7	4.150484E-3
1.731500E-7	4.020299E-3
1.732000E-7	3.920948E-3
1.732500E-7	3.862708E-3
1.733000E-7	3.823310E-3
1.733500E-7	3.818171E-3
1.734000E-7	3.864421E-3
1.734500E-7	3.939791E-3
1.735000E-7	4.010022E-3
1.735500E-7	4.081965E-3
1.736000E-7	4.176177E-3
1.736500E-7	4.254973E-3
1.737000E-7	4.289232E-3
1.737500E-7	4.268677E-3
1.738000E-7	4.220714E-3
1.738500E-7	4.135067E-3
1.739000E-7	3.992892E-3
1.739500E-7	3.845579E-3
1.740000E-7	3.741089E-3
1.740500E-7	3.657155E-3
1.741000E-7	3.583498E-3
1.741500E-7	3.571508E-3
1.742000E-7	3.641739E-3
1.742500E-7	3.749654E-3
1.743000E-7	3.874700E-3
1.743500E-7	4.018587E-3
1.744000E-7	4.198447E-3
1.744500E-7	4.395435E-3
1.745000E-7	4.544462E-3
1.745500E-7	4.612980E-3
1.746000E-7	4.657516E-3
1.746500E-7	4.676359E-3
1.747000E-7	4.602702E-3
1.747500E-7	4.460527E-3
1.748000E-7	4.316640E-3
1.748500E-7	4.167613E-3
1.749000E-7	4.010022E-3
1.749500E-7	3.890116E-3
1.750000E-7	3.823311E-3
1.750500E-7	3.775349E-3
1.751000E-7	3.754793E-3
1.751500E-7	3.785626E-3
1.752000E-7	3.843867E-3
1.752500E-7	3.929514E-3
1.753000E-7	4.027152E-3
1.753500E-7	4.111086E-3
1.754000E-7	4.203586E-3
1.754500E-7	4.316640E-3
1.755000E-7	4.404000E-3
1.755500E-7	4.479370E-3
1.756000E-7	4.606128E-3
1.756500E-7	4.746590E-3
1.757000E-7	4.811682E-3
1.757500E-7	4.840802E-3
1.758000E-7	4.911033E-3
1.758500E-7	4.955570E-3
1.759000E-7	4.914459E-3
1.759500E-7	4.842516E-3
1.760000E-7	4.785989E-3
1.760500E-7	4.705480E-3
1.761000E-7	4.563305E-3
1.761500E-7	4.385159E-3
1.762000E-7	4.236132E-3
1.762500E-7	4.143633E-3
1.763000E-7	4.071689E-3
1.763500E-7	3.996319E-3
1.764000E-7	3.962060E-3
1.764500E-7	3.989467E-3
1.765000E-7	4.052846E-3
1.765500E-7	4.116225E-3
1.766000E-7	4.179605E-3
1.766500E-7	4.217289E-3
1.767000E-7	4.220715E-3
1.767500E-7	4.210438E-3
1.768000E-7	4.184743E-3
1.768500E-7	4.102522E-3
1.769000E-7	3.965486E-3
1.769500E-7	3.833589E-3
1.770000E-7	3.734238E-3
1.770500E-7	3.643452E-3
1.771000E-7	3.547527E-3
1.771500E-7	3.523546E-3
1.772000E-7	3.600628E-3
1.772500E-7	3.732525E-3
1.773000E-7	3.874700E-3
1.773500E-7	4.045994E-3
1.774000E-7	4.268677E-3
1.774500E-7	4.508490E-3
1.775000E-7	4.700340E-3
1.775500E-7	4.827098E-3
1.776000E-7	4.917884E-3
1.776500E-7	4.943578E-3
1.777000E-7	4.880199E-3
1.777500E-7	4.779135E-3
1.778000E-7	4.686636E-3
1.778500E-7	4.565017E-3
1.779000E-7	4.398861E-3
1.779500E-7	4.251548E-3
1.780000E-7	4.162475E-3
1.780500E-7	4.081966E-3
1.781000E-7	3.979190E-3
1.781500E-7	3.908959E-3
1.782000E-7	3.910672E-3
1.782500E-7	3.931227E-3
1.783000E-7	3.944930E-3
1.783500E-7	3.974051E-3
1.784000E-7	4.039142E-3
1.784500E-7	4.126503E-3
1.785000E-7	4.213863E-3
1.785500E-7	4.280668E-3
1.786000E-7	4.335482E-3
1.786500E-7	4.385157E-3
1.787000E-7	4.426268E-3
1.787500E-7	4.448537E-3
1.788000E-7	4.458815E-3
1.788500E-7	4.434833E-3
1.789000E-7	4.380019E-3
1.789500E-7	4.321779E-3
1.790000E-7	4.285807E-3
1.790500E-7	4.248123E-3
1.791000E-7	4.186456E-3
1.791500E-7	4.136781E-3
1.792000E-7	4.141920E-3
1.792500E-7	4.183030E-3
1.793000E-7	4.217289E-3
1.793500E-7	4.244696E-3
1.794000E-7	4.306362E-3
1.794500E-7	4.385158E-3
1.795000E-7	4.438259E-3
1.795500E-7	4.458814E-3
1.796000E-7	4.472518E-3
1.796500E-7	4.477657E-3
1.797000E-7	4.479370E-3
1.797500E-7	4.475944E-3
1.798000E-7	4.472518E-3
1.798500E-7	4.457102E-3
1.799000E-7	4.434833E-3
1.799500E-7	4.402287E-3
1.800000E-7	4.380019E-3
1.800500E-7	4.338908E-3
1.801000E-7	4.277242E-3
1.801500E-7	4.236131E-3
1.802000E-7	4.242982E-3
1.802500E-7	4.242982E-3
1.803000E-7	4.227566E-3
1.803500E-7	4.230992E-3
1.804000E-7	4.237844E-3
1.804500E-7	4.210436E-3
1.805000E-7	4.181317E-3
1.805500E-7	4.176178E-3
1.806000E-7	4.160761E-3
1.806500E-7	4.107660E-3
1.807000E-7	4.049420E-3
1.807500E-7	4.018587E-3
1.808000E-7	4.008310E-3
1.808500E-7	3.999745E-3
1.809000E-7	3.998032E-3
1.809500E-7	4.045994E-3
1.810000E-7	4.160762E-3
1.810500E-7	4.304649E-3
1.811000E-7	4.429694E-3
1.811500E-7	4.525619E-3
1.812000E-7	4.628396E-3
1.812500E-7	4.722608E-3
1.813000E-7	4.784275E-3
1.813500E-7	4.782562E-3
1.814000E-7	4.734599E-3
1.814500E-7	4.645526E-3
1.815000E-7	4.505064E-3
1.815500E-7	4.299510E-3
1.816000E-7	4.107660E-3
1.816500E-7	3.984328E-3
1.817000E-7	3.891828E-3
1.817500E-7	3.801042E-3
1.818000E-7	3.763357E-3
1.818500E-7	3.799329E-3
1.819000E-7	3.866134E-3
1.819500E-7	3.951781E-3
1.820000E-7	4.090530E-3
1.820500E-7	4.265251E-3
1.821000E-7	4.441684E-3
1.821500E-7	4.600989E-3
1.822000E-7	4.750015E-3
1.822500E-7	4.840801E-3
1.823000E-7	4.873347E-3
1.823500E-7	4.859643E-3
1.824000E-7	4.799690E-3
1.824500E-7	4.695200E-3
1.825000E-7	4.600988E-3
1.825500E-7	4.523905E-3
1.826000E-7	4.429693E-3
1.826500E-7	4.306361E-3
1.827000E-7	4.189880E-3
1.827500E-7	4.090530E-3
1.828000E-7	4.011734E-3
1.828500E-7	3.962059E-3
1.829000E-7	3.914097E-3
1.829500E-7	3.881551E-3
1.830000E-7	3.898680E-3
1.830500E-7	3.914097E-3
1.831000E-7	3.908958E-3
1.831500E-7	3.938078E-3
1.832000E-7	4.011735E-3
1.832500E-7	4.028865E-3
1.833000E-7	3.984328E-3
1.833500E-7	3.968911E-3
1.834000E-7	3.994605E-3
1.834500E-7	4.016874E-3
1.835000E-7	4.027151E-3
1.835500E-7	4.080252E-3
1.836000E-7	4.177890E-3
1.836500E-7	4.290945E-3
1.837000E-7	4.378305E-3
1.837500E-7	4.451962E-3
1.838000E-7	4.541035E-3
1.838500E-7	4.623256E-3
1.839000E-7	4.652377E-3
1.839500E-7	4.660941E-3
1.840000E-7	4.672932E-3
1.840500E-7	4.636960E-3
1.841000E-7	4.525619E-3
1.841500E-7	4.410852E-3
1.842000E-7	4.296084E-3
1.842500E-7	4.135067E-3
1.843000E-7	3.970624E-3
1.843500E-7	3.860996E-3
1.844000E-7	3.801043E-3
1.844500E-7	3.753080E-3
1.845000E-7	3.732525E-3
1.845500E-7	3.747941E-3
1.846000E-7	3.813033E-3
1.846500E-7	3.915810E-3
1.847000E-7	3.996319E-3
1.847500E-7	4.061411E-3
1.848000E-7	4.184743E-3
1.848500E-7	4.366315E-3
1.849000E-7	4.513628E-3
1.849500E-7	4.619831E-3
1.850000E-7	4.738024E-3
1.850500E-7	4.835662E-3
1.851000E-7	4.880199E-3
1.851500E-7	4.914458E-3
1.852000E-7	4.970985E-3
1.852500E-7	5.006957E-3
1.853000E-7	5.003531E-3
1.853500E-7	4.988115E-3
1.854000E-7	4.991541E-3
1.854500E-7	5.008670E-3
1.855000E-7	5.018948E-3
1.855500E-7	5.003531E-3
1.856000E-7	4.986402E-3
1.856500E-7	4.977837E-3
1.857000E-7	4.958995E-3
1.857500E-7	4.924736E-3
1.858000E-7	4.890477E-3
1.858500E-7	4.835663E-3
1.859000E-7	4.729460E-3
1.859500E-7	4.611267E-3
1.860000E-7	4.523907E-3
1.860500E-7	4.422843E-3
1.861000E-7	4.285807E-3
1.861500E-7	4.141920E-3
1.862000E-7	4.027152E-3
1.862500E-7	3.965486E-3
1.863000E-7	3.931227E-3
1.863500E-7	3.902107E-3
1.864000E-7	3.924375E-3
1.864500E-7	4.020300E-3
1.865000E-7	4.104234E-3
1.865500E-7	4.141919E-3
1.866000E-7	4.208724E-3
1.866500E-7	4.335482E-3
1.867000E-7	4.439972E-3
1.867500E-7	4.503351E-3
1.868000E-7	4.587285E-3
1.868500E-7	4.659229E-3
1.869000E-7	4.666081E-3
1.869500E-7	4.655803E-3
1.870000E-7	4.664368E-3
1.870500E-7	4.645526E-3
1.871000E-7	4.597563E-3
1.871500E-7	4.563304E-3
1.872000E-7	4.544462E-3
1.872500E-7	4.527333E-3
1.873000E-7	4.522194E-3
1.873500E-7	4.520481E-3
1.874000E-7	4.534184E-3
1.874500E-7	4.566730E-3
1.875000E-7	4.609554E-3
1.875500E-7	4.633535E-3
1.876000E-7	4.681498E-3
1.876500E-7	4.765432E-3
1.877000E-7	4.828811E-3
1.877500E-7	4.866496E-3
1.878000E-7	4.916171E-3
1.878500E-7	4.960708E-3
1.879000E-7	4.945291E-3
1.879500E-7	4.888764E-3
1.880000E-7	4.837376E-3
1.880500E-7	4.794552E-3
1.881000E-7	4.750016E-3
1.881500E-7	4.698628E-3
1.882000E-7	4.633536E-3
1.882500E-7	4.573583E-3
1.883000E-7	4.522194E-3
1.883500E-7	4.467380E-3
1.884000E-7	4.415992E-3
1.884500E-7	4.369742E-3
1.885000E-7	4.308076E-3
1.885500E-7	4.237845E-3
1.886000E-7	4.179604E-3
1.886500E-7	4.114512E-3
1.887000E-7	4.023726E-3
1.887500E-7	3.943217E-3
1.888000E-7	3.902106E-3
1.888500E-7	3.896967E-3
1.889000E-7	3.924374E-3
1.889500E-7	3.974050E-3
1.890000E-7	4.040855E-3
1.890500E-7	4.133354E-3
1.891000E-7	4.249834E-3
1.891500E-7	4.326917E-3
1.892000E-7	4.371454E-3
1.892500E-7	4.427981E-3
1.893000E-7	4.460528E-3
1.893500E-7	4.409140E-3
1.894000E-7	4.316641E-3
1.894500E-7	4.239558E-3
1.895000E-7	4.136782E-3
1.895500E-7	3.996320E-3
1.896000E-7	3.883265E-3
1.896500E-7	3.799331E-3
1.897000E-7	3.720535E-3
1.897500E-7	3.684563E-3
1.898000E-7	3.737664E-3
1.898500E-7	3.819886E-3
1.899000E-7	3.881552E-3
1.899500E-7	3.972338E-3
1.900000E-7	4.102521E-3
1.900500E-7	4.213863E-3
1.901000E-7	4.268677E-3
1.901500E-7	4.304649E-3
1.902000E-7	4.340620E-3
1.902500E-7	4.335481E-3
1.903000E-7	4.258399E-3
1.903500E-7	4.143631E-3
1.904000E-7	4.044281E-3
1.904500E-7	3.953495E-3
1.905000E-7	3.847292E-3
1.905500E-7	3.756506E-3
1.906000E-7	3.713683E-3
1.906500E-7	3.705118E-3
1.907000E-7	3.687989E-3
1.907500E-7	3.694841E-3
1.908000E-7	3.744516E-3
1.908500E-7	3.802756E-3
1.909000E-7	3.855857E-3
1.909500E-7	3.932940E-3
1.910000E-7	4.022013E-3
1.910500E-7	4.095669E-3
1.911000E-7	4.164187E-3
1.911500E-7	4.253260E-3
1.912000E-7	4.347472E-3
1.912500E-7	4.434833E-3
1.913000E-7	4.499925E-3
1.913500E-7	4.537610E-3
1.914000E-7	4.561591E-3
1.914500E-7	4.551314E-3
1.915000E-7	4.513629E-3
1.915500E-7	4.462241E-3
1.916000E-7	4.424556E-3
1.916500E-7	4.383445E-3
1.917000E-7	4.340622E-3
1.917500E-7	4.323492E-3
1.918000E-7	4.338908E-3
1.918500E-7	4.376593E-3
1.919000E-7	4.438259E-3
1.919500E-7	4.525619E-3
1.920000E-7	4.655803E-3
1.920500E-7	4.813394E-3
1.921000E-7	4.969272E-3
1.921500E-7	5.092604E-3
1.922000E-7	5.190242E-3
1.922500E-7	5.251908E-3
1.923000E-7	5.277602E-3
1.923500E-7	5.270751E-3
1.924000E-7	5.245056E-3
1.924500E-7	5.193668E-3
1.925000E-7	5.120011E-3
1.925500E-7	5.053207E-3
1.926000E-7	5.030938E-3
1.926500E-7	5.046355E-3
1.927000E-7	5.042929E-3
1.927500E-7	5.042930E-3
1.928000E-7	5.097744E-3
1.928500E-7	5.157697E-3
1.929000E-7	5.143994E-3
1.929500E-7	5.090892E-3
1.930000E-7	5.053208E-3
1.930500E-7	4.991541E-3
1.931000E-7	4.880200E-3
1.931500E-7	4.753442E-3
1.932000E-7	4.630110E-3
1.932500E-7	4.503352E-3
1.933000E-7	4.364603E-3
1.933500E-7	4.236132E-3
1.934000E-7	4.155623E-3
1.934500E-7	4.138494E-3
1.935000E-7	4.140207E-3
1.935500E-7	4.138494E-3
1.936000E-7	4.176178E-3
1.936500E-7	4.254974E-3
1.937000E-7	4.321779E-3
1.937500E-7	4.385158E-3
1.938000E-7	4.463953E-3
1.938500E-7	4.517054E-3
1.939000E-7	4.522193E-3
1.939500E-7	4.530758E-3
1.940000E-7	4.546174E-3
1.940500E-7	4.523906E-3
1.941000E-7	4.463953E-3
1.941500E-7	4.404000E-3
1.942000E-7	4.349186E-3
1.942500E-7	4.299510E-3
1.943000E-7	4.265251E-3
1.943500E-7	4.241270E-3
1.944000E-7	4.248122E-3
1.944500E-7	4.304649E-3
1.945000E-7	4.400574E-3
1.945500E-7	4.491360E-3
1.946000E-7	4.599276E-3
1.946500E-7	4.719183E-3
1.947000E-7	4.809969E-3
1.947500E-7	4.863070E-3
1.948000E-7	4.912746E-3
1.948500E-7	4.940153E-3
1.949000E-7	4.905894E-3
1.949500E-7	4.835663E-3
1.950000E-7	4.767145E-3
1.950500E-7	4.679785E-3
1.951000E-7	4.563304E-3
1.951500E-7	4.448537E-3
1.952000E-7	4.366315E-3
1.952500E-7	4.333769E-3
1.953000E-7	4.330343E-3
1.953500E-7	4.344047E-3
1.954000E-7	4.409138E-3
1.954500E-7	4.541035E-3
1.955000E-7	4.660941E-3
1.955500E-7	4.724320E-3
1.956000E-7	4.806542E-3
1.956500E-7	4.912744E-3
1.957000E-7	4.957281E-3
1.957500E-7	4.936726E-3
1.958000E-7	4.917883E-3
1.958500E-7	4.902467E-3
1.959000E-7	4.852791E-3
1.959500E-7	4.791125E-3
1.960000E-7	4.736311E-3
1.960500E-7	4.679784E-3
1.961000E-7	4.621543E-3
1.961500E-7	4.575294E-3
1.962000E-7	4.554739E-3
1.962500E-7	4.558165E-3
1.963000E-7	4.554739E-3
1.963500E-7	4.534184E-3
1.964000E-7	4.523906E-3
1.964500E-7	4.508490E-3
1.965000E-7	4.445111E-3
1.965500E-7	4.359464E-3
1.966000E-7	4.308075E-3
1.966500E-7	4.277242E-3
1.967000E-7	4.242983E-3
1.967500E-7	4.236131E-3
1.968000E-7	4.278955E-3
1.968500E-7	4.342334E-3
1.969000E-7	4.409139E-3
1.969500E-7	4.498213E-3
1.970000E-7	4.577008E-3
1.970500E-7	4.624971E-3
1.971000E-7	4.659230E-3
1.971500E-7	4.686637E-3
1.972000E-7	4.703766E-3
1.972500E-7	4.734599E-3
1.973000E-7	4.743164E-3
1.973500E-7	4.695201E-3
1.974000E-7	4.623258E-3
1.974500E-7	4.578721E-3
1.975000E-7	4.515342E-3
1.975500E-7	4.421130E-3
1.976000E-7	4.357750E-3
1.976500E-7	4.330343E-3
1.977000E-7	4.278955E-3
1.977500E-7	4.203585E-3
1.978000E-7	4.167613E-3
1.978500E-7	4.153909E-3
1.979000E-7	4.097382E-3
1.979500E-7	4.045994E-3
1.980000E-7	4.056272E-3
1.980500E-7	4.068262E-3
1.981000E-7	4.034004E-3
1.981500E-7	3.999745E-3
1.982000E-7	3.996319E-3
1.982500E-7	3.989467E-3
1.983000E-7	3.962060E-3
1.983500E-7	3.943218E-3
1.984000E-7	3.939792E-3
1.984500E-7	3.924375E-3
1.985000E-7	3.895255E-3
1.985500E-7	3.872987E-3
1.986000E-7	3.902107E-3
1.986500E-7	3.941505E-3
1.987000E-7	3.951782E-3
1.987500E-7	3.946644E-3
1.988000E-7	3.968912E-3
1.988500E-7	4.001458E-3
1.989000E-7	4.001458E-3
1.989500E-7	3.984328E-3
1.990000E-7	3.989467E-3
1.990500E-7	4.008309E-3
1.991000E-7	4.028864E-3
1.991500E-7	4.063123E-3
1.992000E-7	4.111086E-3
1.992500E-7	4.159048E-3
1.993000E-7	4.210437E-3
1.993500E-7	4.266964E-3
1.994000E-7	4.361176E-3
1.994500E-7	4.494786E-3
1.995000E-7	4.621544E-3
1.995500E-7	4.736312E-3
1.996000E-7	4.881912E-3
1.996500E-7	5.025800E-3
1.997000E-7	5.084040E-3
1.997500E-7	5.097743E-3
1.998000E-7	5.140567E-3
1.998500E-7	5.164548E-3
1.999000E-7	5.094317E-3
1.999500E-7	4.958994E-3
2.000000E-7	4.830523E-3
