Study Name	Tungsten_Kyocera
Sample Name	2024-02-05
Run Name	spot00
Operator	Angus+Samantha
Date	2/5/2024
Time	15:26
Sign	FIX
Grating Spacing	03.40um
Channel	3
Number Traces	10000
Files in Batch	1
Batch Number	32
dt	50.000001E-12
time stamp (ms)	3:59:48 PM
	
Time	Amplitude
0.000000E+0	-2.281657E-3
5.000000E-11	-2.374156E-3
1.000000E-10	-2.427258E-3
1.500000E-10	-2.428971E-3
2.000000E-10	-2.389573E-3
2.500000E-10	-2.310777E-3
3.000000E-10	-2.190871E-3
3.500000E-10	-2.040131E-3
4.000000E-10	-1.901382E-3
4.500000E-10	-1.824300E-3
5.000000E-10	-1.791753E-3
5.500000E-10	-1.766059E-3
6.000000E-10	-1.748930E-3
6.500000E-10	-1.745504E-3
7.000000E-10	-1.740365E-3
7.500000E-10	-1.772911E-3
8.000000E-10	-1.872262E-3
8.500000E-10	-1.993882E-3
9.000000E-10	-2.084668E-3
9.500000E-10	-2.127492E-3
1.000000E-9	-2.137769E-3
1.050000E-9	-2.134343E-3
1.100000E-9	-2.117214E-3
1.150000E-9	-2.086381E-3
1.200000E-9	-2.040131E-3
1.250000E-9	-2.002446E-3
1.300000E-9	-1.940780E-3
1.350000E-9	-1.820874E-3
1.400000E-9	-1.673560E-3
1.450000E-9	-1.582774E-3
1.500000E-9	-1.550228E-3
1.550000E-9	-1.560505E-3
1.600000E-9	-1.618746E-3
1.650000E-9	-1.731800E-3
1.700000E-9	-1.880827E-3
1.750000E-9	-2.016150E-3
1.800000E-9	-2.134343E-3
1.850000E-9	-2.255963E-3
1.900000E-9	-2.341610E-3
1.950000E-9	-2.360453E-3
2.000000E-9	-2.360453E-3
2.050000E-9	-2.369018E-3
2.100000E-9	-2.355314E-3
2.150000E-9	-2.312490E-3
2.200000E-9	-2.259389E-3
2.250000E-9	-2.194297E-3
2.300000E-9	-2.127492E-3
2.350000E-9	-2.070964E-3
2.400000E-9	-2.034992E-3
2.450000E-9	-2.023002E-3
2.500000E-9	-2.043557E-3
2.550000E-9	-2.062400E-3
2.600000E-9	-2.040131E-3
2.650000E-9	-2.019576E-3
2.700000E-9	-2.026428E-3
2.750000E-9	-2.024715E-3
2.800000E-9	-2.004159E-3
2.850000E-9	-1.990456E-3
2.900000E-9	-1.999020E-3
2.950000E-9	-2.029854E-3
3.000000E-9	-2.088094E-3
3.050000E-9	-2.141195E-3
3.100000E-9	-2.206287E-3
3.150000E-9	-2.324481E-3
3.200000E-9	-2.463230E-3
3.250000E-9	-2.560868E-3
3.300000E-9	-2.608831E-3
3.350000E-9	-2.620821E-3
3.400000E-9	-2.622534E-3
3.450000E-9	-2.610544E-3
3.500000E-9	-2.560868E-3
3.550000E-9	-2.454665E-3
3.600000E-9	-2.355314E-3
3.650000E-9	-2.288509E-3
3.700000E-9	-2.221704E-3
3.750000E-9	-2.184019E-3
3.800000E-9	-2.189158E-3
3.850000E-9	-2.206287E-3
3.900000E-9	-2.190871E-3
3.950000E-9	-2.175454E-3
4.000000E-9	-2.202861E-3
4.050000E-9	-2.250824E-3
4.100000E-9	-2.283370E-3
4.150000E-9	-2.307351E-3
4.200000E-9	-2.362166E-3
4.250000E-9	-2.398138E-3
4.300000E-9	-2.375869E-3
4.350000E-9	-2.317629E-3
4.400000E-9	-2.259389E-3
4.450000E-9	-2.189158E-3
4.500000E-9	-2.082955E-3
4.550000E-9	-1.959623E-3
4.600000E-9	-1.853420E-3
4.650000E-9	-1.779763E-3
4.700000E-9	-1.721523E-3
4.750000E-9	-1.658143E-3
4.800000E-9	-1.617033E-3
4.850000E-9	-1.615320E-3
4.900000E-9	-1.635875E-3
4.950000E-9	-1.680412E-3
5.000000E-9	-1.752356E-3
5.050000E-9	-1.843142E-3
5.100000E-9	-1.942493E-3
5.150000E-9	-2.084668E-3
5.200000E-9	-2.231982E-3
5.250000E-9	-2.351888E-3
5.300000E-9	-2.451239E-3
5.350000E-9	-2.559155E-3
5.400000E-9	-2.624247E-3
5.450000E-9	-2.667071E-3
5.500000E-9	-2.732163E-3
5.550000E-9	-2.819523E-3
5.600000E-9	-2.915449E-3
5.650000E-9	-3.016513E-3
5.700000E-9	-3.098734E-3
5.750000E-9	-3.138132E-3
5.800000E-9	-3.167252E-3
5.850000E-9	-3.150123E-3
5.900000E-9	-3.090170E-3
5.950000E-9	-3.016513E-3
6.000000E-9	-2.913736E-3
6.050000E-9	-2.706469E-3
6.100000E-9	-2.415267E-3
6.150000E-9	-2.136056E-3
6.200000E-9	-1.903095E-3
6.250000E-9	-1.700967E-3
6.300000E-9	-1.557079E-3
6.350000E-9	-1.509117E-3
6.400000E-9	-1.541663E-3
6.450000E-9	-1.646153E-3
6.500000E-9	-1.815735E-3
6.550000E-9	-2.019576E-3
6.600000E-9	-2.204574E-3
6.650000E-9	-2.377582E-3
6.700000E-9	-2.543739E-3
6.750000E-9	-2.653367E-3
6.800000E-9	-2.687626E-3
6.850000E-9	-2.677349E-3
6.900000E-9	-2.641377E-3
6.950000E-9	-2.552303E-3
7.000000E-9	-2.430684E-3
7.050000E-9	-2.312490E-3
7.100000E-9	-2.221704E-3
7.150000E-9	-2.165177E-3
7.200000E-9	-2.125779E-3
7.250000E-9	-2.076103E-3
7.300000E-9	-2.033279E-3
7.350000E-9	-2.033279E-3
7.400000E-9	-2.053835E-3
7.450000E-9	-2.043557E-3
7.500000E-9	-2.023002E-3
7.550000E-9	-2.033279E-3
7.600000E-9	-2.065825E-3
7.650000E-9	-2.074390E-3
7.700000E-9	-2.058974E-3
7.750000E-9	-2.045270E-3
7.800000E-9	-2.046983E-3
7.850000E-9	-2.026428E-3
7.900000E-9	-1.961336E-3
7.950000E-9	-1.916799E-3
8.000000E-9	-1.947632E-3
8.050000E-9	-2.031566E-3
8.100000E-9	-2.139482E-3
8.150000E-9	-2.264528E-3
8.200000E-9	-2.367305E-3
8.250000E-9	-2.379295E-3
8.300000E-9	-2.293648E-3
8.350000E-9	-2.158325E-3
8.400000E-9	-1.988743E-3
8.450000E-9	-1.814022E-3
8.500000E-9	-1.680412E-3
8.550000E-9	-1.567357E-3
8.600000E-9	-1.449163E-3
8.650000E-9	-1.344673E-3
8.700000E-9	-1.276155E-3
8.750000E-9	-1.243609E-3
8.800000E-9	-1.264165E-3
8.850000E-9	-1.346386E-3
8.900000E-9	-1.449163E-3
8.950000E-9	-1.548515E-3
9.000000E-9	-1.671847E-3
9.050000E-9	-1.802031E-3
9.100000E-9	-1.933928E-3
9.150000E-9	-2.106936E-3
9.200000E-9	-2.281657E-3
9.250000E-9	-2.430684E-3
9.300000E-9	-2.559155E-3
9.350000E-9	-2.715034E-3
9.400000E-9	-2.865773E-3
9.450000E-9	-2.977115E-3
9.500000E-9	-3.081605E-3
9.550000E-9	-3.194660E-3
9.600000E-9	-3.280307E-3
9.650000E-9	-3.312853E-3
9.700000E-9	-3.292298E-3
9.750000E-9	-3.239196E-3
9.800000E-9	-3.131280E-3
9.850000E-9	-2.942856E-3
9.900000E-9	-2.709895E-3
9.950000E-9	-2.471795E-3
1.000000E-8	-2.249111E-3
1.005000E-8	-2.062400E-3
1.010000E-8	-1.928789E-3
1.015000E-8	-1.826012E-3
1.020000E-8	-1.735226E-3
1.025000E-8	-1.692402E-3
1.030000E-8	-1.704393E-3
1.035000E-8	-1.714671E-3
1.040000E-8	-1.726661E-3
1.045000E-8	-1.760920E-3
1.050000E-8	-1.778050E-3
1.055000E-8	-1.779763E-3
1.060000E-8	-1.796892E-3
1.065000E-8	-1.815735E-3
1.070000E-8	-1.793466E-3
1.075000E-8	-1.781476E-3
1.080000E-8	-1.819161E-3
1.085000E-8	-1.860271E-3
1.090000E-8	-1.889392E-3
1.095000E-8	-1.921938E-3
1.100000E-8	-1.927077E-3
1.105000E-8	-1.901382E-3
1.110000E-8	-1.872262E-3
1.115000E-8	-1.827725E-3
1.120000E-8	-1.735226E-3
1.125000E-8	-1.639301E-3
1.130000E-8	-1.579348E-3
1.135000E-8	-1.521107E-3
1.140000E-8	-1.449163E-3
1.145000E-8	-1.438886E-3
1.150000E-8	-1.483422E-3
1.155000E-8	-1.522820E-3
1.160000E-8	-1.526246E-3
1.165000E-8	-1.462867E-3
1.170000E-8	-1.277868E-3
1.175000E-8	-9.404173E-4
1.180000E-8	-4.196805E-4
1.185000E-8	3.562859E-4
1.190000E-8	1.447435E-3
1.195000E-8	2.882887E-3
1.200000E-8	4.753429E-3
1.205000E-8	7.161836E-3
1.210000E-8	1.011668E-2
1.215000E-8	1.362822E-2
1.220000E-8	1.772560E-2
1.225000E-8	2.237283E-2
1.230000E-8	2.744830E-2
1.235000E-8	3.278928E-2
1.240000E-8	3.819535E-2
1.245000E-8	4.344554E-2
1.250000E-8	4.831375E-2
1.255000E-8	5.262353E-2
1.260000E-8	5.625327E-2
1.265000E-8	5.914302E-2
1.270000E-8	6.127735E-2
1.275000E-8	6.266656E-2
1.280000E-8	6.340998E-2
1.285000E-8	6.357956E-2
1.290000E-8	6.320614E-2
1.295000E-8	6.231883E-2
1.300000E-8	6.098958E-2
1.305000E-8	5.936913E-2
1.310000E-8	5.753113E-2
1.315000E-8	5.545161E-2
1.320000E-8	5.317681E-2
1.325000E-8	5.083350E-2
1.330000E-8	4.854842E-2
1.335000E-8	4.626677E-2
1.340000E-8	4.403994E-2
1.345000E-8	4.207005E-2
1.350000E-8	4.047186E-2
1.355000E-8	3.920257E-2
1.360000E-8	3.826216E-2
1.365000E-8	3.779110E-2
1.370000E-8	3.785790E-2
1.375000E-8	3.837521E-2
1.380000E-8	3.922826E-2
1.385000E-8	4.036052E-2
1.390000E-8	4.171718E-2
1.395000E-8	4.319888E-2
1.400000E-8	4.463776E-2
1.405000E-8	4.596529E-2
1.410000E-8	4.711126E-2
1.415000E-8	4.794204E-2
1.420000E-8	4.833430E-2
1.425000E-8	4.836342E-2
1.430000E-8	4.804824E-2
1.435000E-8	4.732880E-2
1.440000E-8	4.625136E-2
1.445000E-8	4.494266E-2
1.450000E-8	4.341985E-2
1.455000E-8	4.159727E-2
1.460000E-8	3.960340E-2
1.465000E-8	3.768661E-2
1.470000E-8	3.579551E-2
1.475000E-8	3.387529E-2
1.480000E-8	3.203387E-2
1.485000E-8	3.049393E-2
1.490000E-8	2.935996E-2
1.495000E-8	2.860797E-2
1.500000E-8	2.820714E-2
1.505000E-8	2.823626E-2
1.510000E-8	2.881181E-2
1.515000E-8	2.982588E-2
1.520000E-8	3.105235E-2
1.525000E-8	3.246040E-2
1.530000E-8	3.402261E-2
1.535000E-8	3.558310E-2
1.540000E-8	3.700485E-2
1.545000E-8	3.827415E-2
1.550000E-8	3.931048E-2
1.555000E-8	3.997511E-2
1.560000E-8	4.019094E-2
1.565000E-8	3.997168E-2
1.570000E-8	3.936187E-2
1.575000E-8	3.842317E-2
1.580000E-8	3.716587E-2
1.585000E-8	3.557454E-2
1.590000E-8	3.373654E-2
1.595000E-8	3.174610E-2
1.600000E-8	2.961861E-2
1.605000E-8	2.746372E-2
1.610000E-8	2.541846E-2
1.615000E-8	2.358560E-2
1.620000E-8	2.204566E-2
1.625000E-8	2.093909E-2
1.630000E-8	2.028132E-2
1.635000E-8	2.003637E-2
1.640000E-8	2.026077E-2
1.645000E-8	2.101446E-2
1.650000E-8	2.214330E-2
1.655000E-8	2.349139E-2
1.660000E-8	2.504504E-2
1.665000E-8	2.675627E-2
1.670000E-8	2.844867E-2
1.675000E-8	2.999203E-2
1.680000E-8	3.130073E-2
1.685000E-8	3.230280E-2
1.690000E-8	3.293831E-2
1.695000E-8	3.316956E-2
1.700000E-8	3.296743E-2
1.705000E-8	3.234220E-2
1.710000E-8	3.135554E-2
1.715000E-8	3.006227E-2
1.720000E-8	2.846580E-2
1.725000E-8	2.663294E-2
1.730000E-8	2.467161E-2
1.735000E-8	2.267431E-2
1.740000E-8	2.068044E-2
1.745000E-8	1.873453E-2
1.750000E-8	1.706097E-2
1.755000E-8	1.580196E-2
1.760000E-8	1.492150E-2
1.765000E-8	1.440590E-2
1.770000E-8	1.433396E-2
1.775000E-8	1.474507E-2
1.780000E-8	1.559983E-2
1.785000E-8	1.684172E-2
1.790000E-8	1.842106E-2
1.795000E-8	2.021280E-2
1.800000E-8	2.207992E-2
1.805000E-8	2.392134E-2
1.810000E-8	2.563086E-2
1.815000E-8	2.709886E-2
1.820000E-8	2.822427E-2
1.825000E-8	2.893001E-2
1.830000E-8	2.916639E-2
1.835000E-8	2.896426E-2
1.840000E-8	2.829279E-2
1.845000E-8	2.714340E-2
1.850000E-8	2.558633E-2
1.855000E-8	2.373977E-2
1.860000E-8	2.168423E-2
1.865000E-8	1.947110E-2
1.870000E-8	1.721171E-2
1.875000E-8	1.506881E-2
1.880000E-8	1.318114E-2
1.885000E-8	1.164805E-2
1.890000E-8	1.049352E-2
1.895000E-8	9.792928E-3
1.900000E-8	9.599364E-3
1.905000E-8	9.904269E-3
1.910000E-8	1.064598E-2
1.915000E-8	1.178680E-2
1.920000E-8	1.329248E-2
1.925000E-8	1.504997E-2
1.930000E-8	1.694278E-2
1.935000E-8	1.887156E-2
1.940000E-8	2.068729E-2
1.945000E-8	2.226492E-2
1.950000E-8	2.356676E-2
1.955000E-8	2.450374E-2
1.960000E-8	2.499193E-2
1.965000E-8	2.504675E-2
1.970000E-8	2.468189E-2
1.975000E-8	2.386824E-2
1.980000E-8	2.266575E-2
1.985000E-8	2.114807E-2
1.990000E-8	1.932892E-2
1.995000E-8	1.724255E-2
2.000000E-8	1.506881E-2
2.005000E-8	1.293962E-2
2.010000E-8	1.087723E-2
2.015000E-8	9.022100E-3
2.020000E-8	7.519843E-3
2.025000E-8	6.428694E-3
2.030000E-8	5.817171E-3
2.035000E-8	5.731523E-3
2.040000E-8	6.108372E-3
2.045000E-8	6.908320E-3
2.050000E-8	8.169051E-3
2.055000E-8	9.799780E-3
2.060000E-8	1.158639E-2
2.065000E-8	1.341068E-2
2.070000E-8	1.522641E-2
2.075000E-8	1.690510E-2
2.080000E-8	1.838509E-2
2.085000E-8	1.965609E-2
2.090000E-8	2.062049E-2
2.095000E-8	2.114807E-2
2.100000E-8	2.122344E-2
2.105000E-8	2.087571E-2
2.110000E-8	2.009461E-2
2.115000E-8	1.890925E-2
2.120000E-8	1.742755E-2
2.125000E-8	1.576256E-2
2.130000E-8	1.395368E-2
2.135000E-8	1.205231E-2
2.140000E-8	1.013723E-2
2.145000E-8	8.345485E-3
2.150000E-8	6.774710E-3
2.155000E-8	5.517404E-3
2.160000E-8	4.628383E-3
2.165000E-8	4.188155E-3
2.170000E-8	4.232692E-3
2.175000E-8	4.743151E-3
2.180000E-8	5.671570E-3
2.185000E-8	6.971699E-3
2.190000E-8	8.578446E-3
2.195000E-8	1.037876E-2
2.200000E-8	1.225272E-2
2.205000E-8	1.411299E-2
2.210000E-8	1.585506E-2
2.215000E-8	1.734361E-2
2.220000E-8	1.850499E-2
2.225000E-8	1.929466E-2
2.230000E-8	1.962012E-2
2.235000E-8	1.945054E-2
2.240000E-8	1.885957E-2
2.245000E-8	1.787805E-2
2.250000E-8	1.647686E-2
2.255000E-8	1.472280E-2
2.260000E-8	1.273235E-2
2.265000E-8	1.057746E-2
2.270000E-8	8.360901E-3
2.275000E-8	6.283093E-3
2.280000E-8	4.414265E-3
2.285000E-8	2.752703E-3
2.290000E-8	1.454287E-3
2.295000E-8	6.868853E-4
2.300000E-8	4.693406E-4
2.305000E-8	7.416997E-4
2.310000E-8	1.479981E-3
2.315000E-8	2.673907E-3
2.320000E-8	4.239544E-3
2.325000E-8	6.067261E-3
2.330000E-8	8.032015E-3
2.335000E-8	1.001561E-2
2.340000E-8	1.193583E-2
2.345000E-8	1.370702E-2
2.350000E-8	1.519557E-2
2.355000E-8	1.629357E-2
2.360000E-8	1.696162E-2
2.365000E-8	1.719801E-2
2.370000E-8	1.697704E-2
2.375000E-8	1.627302E-2
2.380000E-8	1.514590E-2
2.385000E-8	1.369674E-2
2.390000E-8	1.200777E-2
2.395000E-8	1.010297E-2
2.400000E-8	8.057709E-3
2.405000E-8	6.012447E-3
2.410000E-8	4.147044E-3
2.415000E-8	2.538584E-3
2.420000E-8	1.207622E-3
2.425000E-8	2.243888E-4
2.430000E-8	-3.049128E-4
2.435000E-8	-3.545884E-4
2.440000E-8	4.110309E-5
2.445000E-8	8.581803E-4
2.450000E-8	2.077801E-3
2.455000E-8	3.617743E-3
2.460000E-8	5.347822E-3
2.465000E-8	7.165262E-3
2.470000E-8	8.999832E-3
2.475000E-8	1.074704E-2
2.480000E-8	1.229383E-2
2.485000E-8	1.358540E-2
2.490000E-8	1.454465E-2
2.495000E-8	1.506881E-2
2.500000E-8	1.515960E-2
2.505000E-8	1.485812E-2
2.510000E-8	1.413868E-2
2.515000E-8	1.298758E-2
2.520000E-8	1.151616E-2
2.525000E-8	9.847742E-3
2.530000E-8	8.009747E-3
2.535000E-8	6.056984E-3
2.540000E-8	4.126489E-3
2.545000E-8	2.339882E-3
2.550000E-8	8.067918E-4
2.555000E-8	-4.008380E-4
2.560000E-8	-1.279581E-3
2.565000E-8	-1.796892E-3
2.570000E-8	-1.853420E-3
2.575000E-8	-1.423469E-3
2.580000E-8	-5.635683E-4
2.585000E-8	6.406356E-4
2.590000E-8	2.132615E-3
2.595000E-8	3.821584E-3
2.600000E-8	5.615043E-3
2.605000E-8	7.411927E-3
2.610000E-8	9.087192E-3
2.615000E-8	1.055348E-2
2.620000E-8	1.174740E-2
2.625000E-8	1.259874E-2
2.630000E-8	1.305267E-2
2.635000E-8	1.309550E-2
2.640000E-8	1.271351E-2
2.645000E-8	1.191185E-2
2.650000E-8	1.073162E-2
2.655000E-8	9.279043E-3
2.660000E-8	7.675721E-3
2.665000E-8	5.976475E-3
2.670000E-8	4.224127E-3
2.675000E-8	2.530020E-3
2.680000E-8	9.969292E-4
2.685000E-8	-2.894963E-4
2.690000E-8	-1.300137E-3
2.695000E-8	-1.985317E-3
2.700000E-8	-2.262815E-3
2.705000E-8	-2.084668E-3
2.710000E-8	-1.491987E-3
2.715000E-8	-5.858366E-4
2.720000E-8	5.875342E-4
2.725000E-8	2.010996E-3
2.730000E-8	3.605752E-3
2.735000E-8	5.255323E-3
2.740000E-8	6.906607E-3
2.745000E-8	8.504789E-3
2.750000E-8	9.931677E-3
2.755000E-8	1.105195E-2
2.760000E-8	1.180222E-2
2.765000E-8	1.216879E-2
2.770000E-8	1.212768E-2
2.775000E-8	1.162750E-2
2.780000E-8	1.070079E-2
2.785000E-8	9.464041E-3
2.790000E-8	7.966923E-3
2.795000E-8	6.231705E-3
2.800000E-8	4.388570E-3
2.805000E-8	2.591686E-3
2.810000E-8	9.249853E-4
2.815000E-8	-5.327352E-4
2.820000E-8	-1.666708E-3
2.825000E-8	-2.422119E-3
2.830000E-8	-2.768135E-3
2.835000E-8	-2.675636E-3
2.840000E-8	-2.172028E-3
2.845000E-8	-1.317266E-3
2.850000E-8	-1.233401E-4
2.855000E-8	1.325816E-3
2.860000E-8	2.905156E-3
2.865000E-8	4.537597E-3
2.870000E-8	6.135779E-3
2.875000E-8	7.588361E-3
2.880000E-8	8.821685E-3
2.885000E-8	9.777511E-3
2.890000E-8	1.039417E-2
2.895000E-8	1.065797E-2
2.900000E-8	1.061857E-2
2.905000E-8	1.028112E-2
2.910000E-8	9.657605E-3
2.915000E-8	8.773722E-3
2.920000E-8	7.672296E-3
2.925000E-8	6.368741E-3
2.930000E-8	4.928150E-3
2.935000E-8	3.451587E-3
2.940000E-8	1.995579E-3
2.945000E-8	6.457745E-4
2.950000E-8	-5.275963E-4
2.955000E-8	-1.481710E-3
2.960000E-8	-2.160038E-3
2.965000E-8	-2.533461E-3
2.970000E-8	-2.627673E-3
2.975000E-8	-2.422119E-3
2.980000E-8	-1.891105E-3
2.985000E-8	-1.072314E-3
2.990000E-8	-1.371131E-5
2.995000E-8	1.231603E-3
3.000000E-8	2.605389E-3
3.005000E-8	4.027138E-3
3.010000E-8	5.442035E-3
3.015000E-8	6.772997E-3
3.020000E-8	7.879563E-3
3.025000E-8	8.718908E-3
3.030000E-8	9.294459E-3
3.035000E-8	9.549689E-3
3.040000E-8	9.417792E-3
3.045000E-8	8.919323E-3
3.050000E-8	8.086829E-3
3.055000E-8	6.927162E-3
3.060000E-8	5.513979E-3
3.065000E-8	3.970611E-3
3.070000E-8	2.399835E-3
3.075000E-8	8.547544E-4
3.080000E-8	-6.081050E-4
3.085000E-8	-1.894530E-3
3.090000E-8	-2.906884E-3
3.095000E-8	-3.583499E-3
3.100000E-8	-3.934654E-3
3.105000E-8	-3.938080E-3
3.110000E-8	-3.554379E-3
3.115000E-8	-2.817811E-3
3.120000E-8	-1.824300E-3
3.125000E-8	-6.269474E-4
3.130000E-8	7.365608E-4
3.135000E-8	2.218263E-3
3.140000E-8	3.751353E-3
3.145000E-8	5.238194E-3
3.150000E-8	6.533184E-3
3.155000E-8	7.552389E-3
3.160000E-8	8.283819E-3
3.165000E-8	8.693214E-3
3.170000E-8	8.763445E-3
3.175000E-8	8.509928E-3
3.180000E-8	7.922386E-3
3.185000E-8	6.992254E-3
3.190000E-8	5.803467E-3
3.195000E-8	4.398848E-3
3.200000E-8	2.817795E-3
3.205000E-8	1.219613E-3
3.210000E-8	-2.672279E-4
3.215000E-8	-1.615320E-3
3.220000E-8	-2.752718E-3
3.225000E-8	-3.549240E-3
3.230000E-8	-3.998033E-3
3.235000E-8	-4.141921E-3
3.240000E-8	-3.926089E-3
3.245000E-8	-3.350538E-3
3.250000E-8	-2.519757E-3
3.255000E-8	-1.478284E-3
3.260000E-8	-2.432466E-4
3.265000E-8	1.086003E-3
3.270000E-8	2.411826E-3
3.275000E-8	3.687974E-3
3.280000E-8	4.851067E-3
3.285000E-8	5.818884E-3
3.290000E-8	6.564017E-3
3.295000E-8	7.033365E-3
3.300000E-8	7.194383E-3
3.305000E-8	7.093318E-3
3.310000E-8	6.754154E-3
3.315000E-8	6.134066E-3
3.320000E-8	5.227916E-3
3.325000E-8	4.114498E-3
3.330000E-8	2.824647E-3
3.335000E-8	1.397760E-3
3.340000E-8	-4.454441E-5
3.345000E-8	-1.368655E-3
3.350000E-8	-2.502628E-3
3.355000E-8	-3.410491E-3
3.360000E-8	-4.083681E-3
3.365000E-8	-4.518770E-3
3.370000E-8	-4.616408E-3
3.375000E-8	-4.316642E-3
3.380000E-8	-3.672573E-3
3.385000E-8	-2.757857E-3
3.390000E-8	-1.625597E-3
3.395000E-8	-3.614402E-4
3.400000E-8	9.609573E-4
3.405000E-8	2.312475E-3
3.410000E-8	3.633159E-3
3.415000E-8	4.823660E-3
3.420000E-8	5.815458E-3
3.425000E-8	6.558878E-3
3.430000E-8	7.002532E-3
3.435000E-8	7.131003E-3
3.440000E-8	6.930588E-3
3.445000E-8	6.394435E-3
3.450000E-8	5.549950E-3
3.455000E-8	4.469079E-3
3.460000E-8	3.232329E-3
3.465000E-8	1.915070E-3
3.470000E-8	5.909601E-4
3.475000E-8	-7.023172E-4
3.480000E-8	-1.909947E-3
3.485000E-8	-2.983967E-3
3.490000E-8	-3.862710E-3
3.495000E-8	-4.487937E-3
3.500000E-8	-4.782564E-3
3.505000E-8	-4.720898E-3
3.510000E-8	-4.332058E-3
3.515000E-8	-3.652017E-3
3.520000E-8	-2.716746E-3
3.525000E-8	-1.569070E-3
3.530000E-8	-2.672279E-4
3.535000E-8	1.097993E-3
3.540000E-8	2.415252E-3
3.545000E-8	3.628021E-3
3.550000E-8	4.707179E-3
3.555000E-8	5.567080E-3
3.560000E-8	6.116937E-3
3.565000E-8	6.365315E-3
3.570000E-8	6.312213E-3
3.575000E-8	5.938790E-3
3.580000E-8	5.267314E-3
3.585000E-8	4.364589E-3
3.590000E-8	3.299134E-3
3.595000E-8	2.130902E-3
3.600000E-8	9.181335E-4
3.605000E-8	-3.169035E-4
3.610000E-8	-1.481710E-3
3.615000E-8	-2.492350E-3
3.620000E-8	-3.302575E-3
3.625000E-8	-3.886691E-3
3.630000E-8	-4.207013E-3
3.635000E-8	-4.249837E-3
3.640000E-8	-4.052848E-3
3.645000E-8	-3.657156E-3
3.650000E-8	-3.049059E-3
3.655000E-8	-2.240546E-3
3.660000E-8	-1.281294E-3
3.665000E-8	-2.038488E-4
3.670000E-8	9.523925E-4
3.675000E-8	2.093217E-3
3.680000E-8	3.144969E-3
3.685000E-8	4.085378E-3
3.690000E-8	4.868196E-3
3.695000E-8	5.412914E-3
3.700000E-8	5.685274E-3
3.705000E-8	5.722958E-3
3.710000E-8	5.522543E-3
3.715000E-8	5.025788E-3
3.720000E-8	4.246395E-3
3.725000E-8	3.271727E-3
3.730000E-8	2.218263E-3
3.735000E-8	1.145956E-3
3.740000E-8	5.651965E-5
3.745000E-8	-1.017500E-3
3.750000E-8	-1.999020E-3
3.755000E-8	-2.797255E-3
3.760000E-8	-3.396788E-3
3.765000E-8	-3.795905E-3
3.770000E-8	-3.922663E-3
3.775000E-8	-3.735952E-3
3.780000E-8	-3.292298E-3
3.785000E-8	-2.653367E-3
3.790000E-8	-1.802031E-3
3.795000E-8	-7.622705E-4
3.800000E-8	3.768413E-4
3.805000E-8	1.569055E-3
3.810000E-8	2.773258E-3
3.815000E-8	3.867834E-3
3.820000E-8	4.738012E-3
3.825000E-8	5.342684E-3
3.830000E-8	5.664718E-3
3.835000E-8	5.671570E-3
3.840000E-8	5.373517E-3
3.845000E-8	4.813382E-3
3.850000E-8	4.049406E-3
3.855000E-8	3.127839E-3
3.860000E-8	2.088078E-3
3.865000E-8	9.746609E-4
3.870000E-8	-1.233401E-4
3.875000E-8	-1.139119E-3
3.880000E-8	-2.096659E-3
3.885000E-8	-2.937717E-3
3.890000E-8	-3.559518E-3
3.895000E-8	-3.955209E-3
3.900000E-8	-4.172754E-3
3.905000E-8	-4.176180E-3
3.910000E-8	-3.919237E-3
3.915000E-8	-3.437898E-3
3.920000E-8	-2.769848E-3
3.925000E-8	-1.921938E-3
3.930000E-8	-9.609727E-4
3.935000E-8	5.480670E-5
3.940000E-8	1.108271E-3
3.945000E-8	2.165161E-3
3.950000E-8	3.144969E-3
3.955000E-8	3.980888E-3
3.960000E-8	4.624957E-3
3.965000E-8	5.032640E-3
3.970000E-8	5.155972E-3
3.975000E-8	4.981251E-3
3.980000E-8	4.515329E-3
3.985000E-8	3.828436E-3
3.990000E-8	2.975387E-3
3.995000E-8	1.988727E-3
4.000000E-8	8.992911E-4
4.005000E-8	-2.004229E-4
4.010000E-8	-1.241896E-3
4.015000E-8	-2.196010E-3
4.020000E-8	-3.018226E-3
4.025000E-8	-3.621184E-3
4.030000E-8	-3.958635E-3
4.035000E-8	-4.027153E-3
4.040000E-8	-3.845581E-3
4.045000E-8	-3.432760E-3
4.050000E-8	-2.824662E-3
4.055000E-8	-2.065825E-3
4.060000E-8	-1.211063E-3
4.065000E-8	-3.066258E-4
4.070000E-8	6.166543E-4
4.075000E-8	1.553638E-3
4.080000E-8	2.466640E-3
4.085000E-8	3.273440E-3
4.090000E-8	3.944916E-3
4.095000E-8	4.434820E-3
4.100000E-8	4.703753E-3
4.105000E-8	4.736299E-3
4.110000E-8	4.525606E-3
4.115000E-8	4.081952E-3
4.120000E-8	3.412189E-3
4.125000E-8	2.565991E-3
4.130000E-8	1.606739E-3
4.135000E-8	5.943860E-4
4.140000E-8	-4.162546E-4
4.145000E-8	-1.396062E-3
4.150000E-8	-2.310777E-3
4.155000E-8	-3.088457E-3
4.160000E-8	-3.652017E-3
4.165000E-8	-3.960348E-3
4.170000E-8	-4.004885E-3
4.175000E-8	-3.780488E-3
4.180000E-8	-3.312853E-3
4.185000E-8	-2.658506E-3
4.190000E-8	-1.846568E-3
4.195000E-8	-9.232878E-4
4.200000E-8	1.198294E-5
4.205000E-8	8.975781E-4
4.210000E-8	1.700952E-3
4.215000E-8	2.416965E-3
4.220000E-8	3.035340E-3
4.225000E-8	3.509827E-3
4.230000E-8	3.789038E-3
4.235000E-8	3.847278E-3
4.240000E-8	3.696539E-3
4.245000E-8	3.359087E-3
4.250000E-8	2.858906E-3
4.255000E-8	2.235392E-3
4.260000E-8	1.526231E-3
4.265000E-8	7.502644E-4
4.270000E-8	-5.310916E-5
4.275000E-8	-8.307885E-4
4.280000E-8	-1.553653E-3
4.285000E-8	-2.219991E-3
4.290000E-8	-2.817811E-3
4.295000E-8	-3.282020E-3
4.300000E-8	-3.564657E-3
4.305000E-8	-3.670860E-3
4.310000E-8	-3.586925E-3
4.315000E-8	-3.312853E-3
4.320000E-8	-2.824662E-3
4.325000E-8	-2.124066E-3
4.330000E-8	-1.252174E-3
4.335000E-8	-3.049128E-4
4.340000E-8	6.389227E-4
4.345000E-8	1.527944E-3
4.350000E-8	2.283355E-3
4.355000E-8	2.879461E-3
4.360000E-8	3.329967E-3
4.365000E-8	3.629733E-3
4.370000E-8	3.715381E-3
4.375000E-8	3.562928E-3
4.380000E-8	3.180941E-3
4.385000E-8	2.589973E-3
4.390000E-8	1.814006E-3
4.395000E-8	9.421148E-4
4.400000E-8	4.110309E-5
4.405000E-8	-8.684734E-4
4.410000E-8	-1.743791E-3
4.415000E-8	-2.535174E-3
4.420000E-8	-3.208363E-3
4.425000E-8	-3.744517E-3
4.430000E-8	-4.099097E-3
4.435000E-8	-4.237846E-3
4.440000E-8	-4.184745E-3
4.445000E-8	-3.958635E-3
4.450000E-8	-3.538963E-3
4.455000E-8	-2.942856E-3
4.460000E-8	-2.206287E-3
4.465000E-8	-1.348099E-3
4.470000E-8	-3.974121E-4
4.475000E-8	5.361457E-4
4.480000E-8	1.344658E-3
4.485000E-8	2.026412E-3
4.490000E-8	2.591686E-3
4.495000E-8	2.982238E-3
4.500000E-8	3.186079E-3
4.505000E-8	3.237468E-3
4.510000E-8	3.105571E-3
4.515000E-8	2.759555E-3
4.520000E-8	2.240531E-3
4.525000E-8	1.596462E-3
4.530000E-8	8.410508E-4
4.535000E-8	3.425129E-5
4.540000E-8	-7.896777E-4
4.545000E-8	-1.639301E-3
4.550000E-8	-2.458091E-3
4.555000E-8	-3.129567E-3
4.560000E-8	-3.664008E-3
4.565000E-8	-4.069977E-3
4.570000E-8	-4.282383E-3
4.575000E-8	-4.244698E-3
4.580000E-8	-3.991181E-3
4.585000E-8	-3.571509E-3
4.590000E-8	-2.994244E-3
4.595000E-8	-2.261102E-3
4.600000E-8	-1.426895E-3
4.605000E-8	-5.515776E-4
4.610000E-8	2.963327E-4
4.615000E-8	1.086003E-3
4.620000E-8	1.779747E-3
4.625000E-8	2.326178E-3
4.630000E-8	2.679046E-3
4.635000E-8	2.819508E-3
4.640000E-8	2.713305E-3
4.645000E-8	2.362150E-3
4.650000E-8	1.863682E-3
4.655000E-8	1.276140E-3
4.660000E-8	6.029507E-4
4.665000E-8	-1.284790E-4
4.670000E-8	-8.530568E-4
4.675000E-8	-1.524533E-3
4.680000E-8	-2.130918E-3
4.685000E-8	-2.643090E-3
4.690000E-8	-3.049059E-3
4.695000E-8	-3.326557E-3
4.700000E-8	-3.419056E-3
4.705000E-8	-3.328270E-3
4.710000E-8	-3.069614E-3
4.715000E-8	-2.644803E-3
4.720000E-8	-2.074390E-3
4.725000E-8	-1.430321E-3
4.730000E-8	-7.400021E-4
4.735000E-8	-4.111851E-5
4.740000E-8	6.080896E-4
4.745000E-8	1.178502E-3
4.750000E-8	1.682109E-3
4.755000E-8	2.110347E-3
4.760000E-8	2.404974E-3
4.765000E-8	2.535158E-3
4.770000E-8	2.511177E-3
4.775000E-8	2.345021E-3
4.780000E-8	2.046968E-3
4.785000E-8	1.623869E-3
4.790000E-8	1.123688E-3
4.795000E-8	5.789694E-4
4.800000E-8	-5.146557E-6
4.805000E-8	-6.081050E-4
4.810000E-8	-1.202499E-3
4.815000E-8	-1.736939E-3
4.820000E-8	-2.189158E-3
4.825000E-8	-2.547164E-3
4.830000E-8	-2.780126E-3
4.835000E-8	-2.867486E-3
4.840000E-8	-2.788690E-3
4.845000E-8	-2.545451E-3
4.850000E-8	-2.154899E-3
4.855000E-8	-1.653005E-3
4.860000E-8	-1.092870E-3
4.865000E-8	-4.916244E-4
4.870000E-8	1.198988E-4
4.875000E-8	6.766076E-4
4.880000E-8	1.151095E-3
4.885000E-8	1.545073E-3
4.890000E-8	1.829423E-3
4.895000E-8	1.987014E-3
4.900000E-8	2.029838E-3
4.905000E-8	1.976737E-3
4.910000E-8	1.814006E-3
4.915000E-8	1.527944E-3
4.920000E-8	1.137391E-3
4.925000E-8	6.594781E-4
4.930000E-8	1.130470E-4
4.935000E-8	-4.813467E-4
4.940000E-8	-1.027778E-3
4.945000E-8	-1.476571E-3
4.950000E-8	-1.861984E-3
4.955000E-8	-2.206287E-3
4.960000E-8	-2.451239E-3
4.965000E-8	-2.584849E-3
4.970000E-8	-2.596840E-3
4.975000E-8	-2.470082E-3
4.980000E-8	-2.216565E-3
4.985000E-8	-1.868836E-3
4.990000E-8	-1.426895E-3
4.995000E-8	-9.284266E-4
5.000000E-8	-4.539395E-4
5.005000E-8	1.026999E-5
5.010000E-8	4.881831E-4
5.015000E-8	9.112817E-4
5.020000E-8	1.205909E-3
5.025000E-8	1.414889E-3
5.030000E-8	1.565629E-3
5.035000E-8	1.610165E-3
5.040000E-8	1.541647E-3
5.045000E-8	1.411463E-3
5.050000E-8	1.219613E-3
5.055000E-8	9.352630E-4
5.060000E-8	5.704047E-4
5.065000E-8	1.387412E-4
5.070000E-8	-3.614402E-4
5.075000E-8	-8.821770E-4
5.080000E-8	-1.392636E-3
5.085000E-8	-1.851707E-3
5.090000E-8	-2.250824E-3
5.095000E-8	-2.593414E-3
5.100000E-8	-2.867486E-3
5.105000E-8	-3.047346E-3
5.110000E-8	-3.079892E-3
5.115000E-8	-2.944569E-3
5.120000E-8	-2.670497E-3
5.125000E-8	-2.271379E-3
5.130000E-8	-1.754069E-3
5.135000E-8	-1.164814E-3
5.140000E-8	-5.892625E-4
5.145000E-8	-8.565521E-5
5.150000E-8	3.357305E-4
5.155000E-8	6.492004E-4
5.160000E-8	8.718839E-4
5.165000E-8	1.007207E-3
5.170000E-8	1.020911E-3
5.175000E-8	9.181335E-4
5.180000E-8	7.262831E-4
5.185000E-8	4.487852E-4
5.190000E-8	9.077865E-5
5.195000E-8	-3.460236E-4
5.200000E-8	-8.444921E-4
5.205000E-8	-1.366942E-3
5.210000E-8	-1.848281E-3
5.215000E-8	-2.269667E-3
5.220000E-8	-2.619108E-3
5.225000E-8	-2.848644E-3
5.230000E-8	-2.937717E-3
5.235000E-8	-2.917162E-3
5.240000E-8	-2.793829E-3
5.245000E-8	-2.564294E-3
5.250000E-8	-2.247398E-3
5.255000E-8	-1.860271E-3
5.260000E-8	-1.406340E-3
5.265000E-8	-9.387043E-4
5.270000E-8	-5.327352E-4
5.275000E-8	-2.158394E-4
5.280000E-8	6.508440E-5
5.285000E-8	3.100363E-4
5.290000E-8	4.796183E-4
5.295000E-8	5.875342E-4
5.300000E-8	6.663299E-4
5.305000E-8	6.920241E-4
5.310000E-8	6.115155E-4
5.315000E-8	4.025356E-4
5.320000E-8	1.010563E-4
5.325000E-8	-2.569502E-4
5.330000E-8	-6.320863E-4
5.335000E-8	-1.032917E-3
5.340000E-8	-1.457728E-3
5.345000E-8	-1.879114E-3
5.350000E-8	-2.242259E-3
5.355000E-8	-2.506054E-3
5.360000E-8	-2.651654E-3
5.365000E-8	-2.703043E-3
5.370000E-8	-2.667071E-3
5.375000E-8	-2.504341E-3
5.380000E-8	-2.175454E-3
5.385000E-8	-1.752356E-3
5.390000E-8	-1.288146E-3
5.395000E-8	-7.622705E-4
5.400000E-8	-2.072747E-4
5.405000E-8	2.774902E-4
5.410000E-8	6.971630E-4
5.415000E-8	1.075725E-3
5.420000E-8	1.317251E-3
5.425000E-8	1.368639E-3
5.430000E-8	1.341232E-3
5.435000E-8	1.293270E-3
5.440000E-8	1.185354E-3
5.445000E-8	9.866515E-4
5.450000E-8	7.279961E-4
5.455000E-8	4.299428E-4
5.460000E-8	8.735275E-5
5.465000E-8	-2.638020E-4
5.470000E-8	-6.081050E-4
5.475000E-8	-9.335655E-4
5.480000E-8	-1.214489E-3
5.485000E-8	-1.432034E-3
5.490000E-8	-1.575922E-3
5.495000E-8	-1.664995E-3
5.500000E-8	-1.704393E-3
5.505000E-8	-1.731800E-3
5.510000E-8	-1.716384E-3
5.515000E-8	-1.608468E-3
5.520000E-8	-1.396062E-3
5.525000E-8	-1.120277E-3
5.530000E-8	-8.050942E-4
5.535000E-8	-4.419488E-4
5.540000E-8	-8.908111E-5
5.545000E-8	2.072592E-4
5.550000E-8	4.350816E-4
5.555000E-8	5.772565E-4
5.560000E-8	6.492004E-4
5.565000E-8	6.817464E-4
5.570000E-8	6.800335E-4
5.575000E-8	6.080896E-4
5.580000E-8	4.539241E-4
5.585000E-8	2.466571E-4
5.590000E-8	-2.741491E-5
5.595000E-8	-3.511625E-4
5.600000E-8	-6.920395E-4
5.605000E-8	-1.058611E-3
5.610000E-8	-1.457728E-3
5.615000E-8	-1.793466E-3
5.620000E-8	-2.016150E-3
5.625000E-8	-2.177167E-3
5.630000E-8	-2.290222E-3
5.635000E-8	-2.302213E-3
5.640000E-8	-2.213139E-3
5.645000E-8	-2.060687E-3
5.650000E-8	-1.822587E-3
5.655000E-8	-1.481710E-3
5.660000E-8	-1.067176E-3
5.665000E-8	-6.372251E-4
5.670000E-8	-2.244042E-4
5.675000E-8	1.387412E-4
5.680000E-8	4.333687E-4
5.685000E-8	6.868853E-4
5.690000E-8	8.821616E-4
5.695000E-8	9.729479E-4
5.700000E-8	9.780868E-4
5.705000E-8	9.609573E-4
5.710000E-8	8.855875E-4
5.715000E-8	6.800335E-4
5.720000E-8	3.939708E-4
5.725000E-8	1.164729E-4
5.730000E-8	-1.730157E-4
5.735000E-8	-5.190316E-4
5.740000E-8	-8.804640E-4
5.745000E-8	-1.195647E-3
5.750000E-8	-1.476571E-3
5.755000E-8	-1.738652E-3
5.760000E-8	-1.951058E-3
5.765000E-8	-2.105223E-3
5.770000E-8	-2.226843E-3
5.775000E-8	-2.315916E-3
5.780000E-8	-2.334759E-3
5.785000E-8	-2.271379E-3
5.790000E-8	-2.113788E-3
5.795000E-8	-1.846568E-3
5.800000E-8	-1.517681E-3
5.805000E-8	-1.151110E-3
5.810000E-8	-7.400021E-4
5.815000E-8	-2.860704E-4
5.820000E-8	1.832779E-4
5.825000E-8	6.286450E-4
5.830000E-8	1.029475E-3
5.835000E-8	1.348084E-3
5.840000E-8	1.526231E-3
5.845000E-8	1.551925E-3
5.850000E-8	1.447435E-3
5.855000E-8	1.241881E-3
5.860000E-8	9.249853E-4
5.865000E-8	4.984608E-4
5.870000E-8	1.369589E-5
5.875000E-8	-4.642172E-4
5.880000E-8	-9.455561E-4
5.885000E-8	-1.438886E-3
5.890000E-8	-1.855133E-3
5.895000E-8	-2.134343E-3
5.900000E-8	-2.290222E-3
5.905000E-8	-2.341610E-3
5.910000E-8	-2.242259E-3
5.915000E-8	-2.041844E-3
5.920000E-8	-1.802031E-3
5.925000E-8	-1.507404E-3
5.930000E-8	-1.139119E-3
5.935000E-8	-7.605575E-4
5.940000E-8	-4.128287E-4
5.945000E-8	-8.736816E-5
5.950000E-8	2.004074E-4
5.955000E-8	3.991097E-4
5.960000E-8	5.447104E-4
5.965000E-8	6.937371E-4
5.970000E-8	8.085047E-4
5.975000E-8	8.410508E-4
5.980000E-8	7.913752E-4
5.985000E-8	6.783205E-4
5.990000E-8	4.916090E-4
5.995000E-8	2.295276E-4
6.000000E-8	-7.023866E-5
6.005000E-8	-3.648661E-4
6.010000E-8	-6.355122E-4
6.015000E-8	-8.736122E-4
6.020000E-8	-1.084305E-3
6.025000E-8	-1.267591E-3
6.030000E-8	-1.404627E-3
6.035000E-8	-1.500552E-3
6.040000E-8	-1.557079E-3
6.045000E-8	-1.562218E-3
6.050000E-8	-1.503978E-3
6.055000E-8	-1.375507E-3
6.060000E-8	-1.168240E-3
6.065000E-8	-9.078712E-4
6.070000E-8	-6.457899E-4
6.075000E-8	-3.956992E-4
6.080000E-8	-1.627380E-4
6.085000E-8	3.418194E-6
6.090000E-8	9.249160E-5
6.095000E-8	1.096211E-4
6.100000E-8	3.253834E-5
6.105000E-8	-1.216272E-4
6.110000E-8	-2.860704E-4
6.115000E-8	-4.830596E-4
6.120000E-8	-7.434280E-4
6.125000E-8	-9.849540E-4
6.130000E-8	-1.144258E-3
6.135000E-8	-1.301850E-3
6.140000E-8	-1.466293E-3
6.145000E-8	-1.553653E-3
6.150000E-8	-1.558792E-3
6.155000E-8	-1.548515E-3
6.160000E-8	-1.498839E-3
6.165000E-8	-1.334396E-3
6.170000E-8	-1.099722E-3
6.175000E-8	-8.753252E-4
6.180000E-8	-6.714841E-4
6.185000E-8	-4.710690E-4
6.190000E-8	-2.894963E-4
6.195000E-8	-1.678768E-4
6.200000E-8	-9.764586E-5
6.205000E-8	-4.283146E-5
6.210000E-8	1.198294E-5
6.215000E-8	6.165850E-5
6.220000E-8	1.250376E-4
6.225000E-8	1.901297E-4
6.230000E-8	2.295276E-4
6.235000E-8	2.415183E-4
6.240000E-8	2.192499E-4
6.245000E-8	1.404542E-4
6.250000E-8	2.568654E-5
6.255000E-8	-9.935881E-5
6.260000E-8	-2.877833E-4
6.265000E-8	-5.721330E-4
6.270000E-8	-8.924547E-4
6.275000E-8	-1.180230E-3
6.280000E-8	-1.456015E-3
6.285000E-8	-1.721523E-3
6.290000E-8	-1.944206E-3
6.295000E-8	-2.105223E-3
6.300000E-8	-2.144621E-3
6.305000E-8	-2.028141E-3
6.310000E-8	-1.803744E-3
6.315000E-8	-1.538237E-3
6.320000E-8	-1.231619E-3
6.325000E-8	-8.616216E-4
6.330000E-8	-4.916244E-4
6.335000E-8	-1.850063E-4
6.340000E-8	9.763045E-5
6.345000E-8	3.614248E-4
6.350000E-8	5.532752E-4
6.355000E-8	6.748946E-4
6.360000E-8	7.468385E-4
6.365000E-8	7.228572E-4
6.370000E-8	5.995248E-4
6.375000E-8	4.419334E-4
6.380000E-8	2.809161E-4
6.385000E-8	7.536210E-5
6.390000E-8	-1.678768E-4
6.395000E-8	-4.179675E-4
6.400000E-8	-6.817618E-4
6.405000E-8	-9.524079E-4
6.410000E-8	-1.216202E-3
6.415000E-8	-1.481710E-3
6.420000E-8	-1.760920E-3
6.425000E-8	-2.016150E-3
6.430000E-8	-2.235408E-3
6.435000E-8	-2.381008E-3
6.440000E-8	-2.428971E-3
6.445000E-8	-2.399851E-3
6.450000E-8	-2.314203E-3
6.455000E-8	-2.142908E-3
6.460000E-8	-1.909947E-3
6.465000E-8	-1.668421E-3
6.470000E-8	-1.423469E-3
6.475000E-8	-1.149397E-3
6.480000E-8	-8.633345E-4
6.485000E-8	-6.029661E-4
6.490000E-8	-3.751438E-4
6.495000E-8	-1.952840E-4
6.500000E-8	-1.113495E-4
6.505000E-8	-1.044977E-4
6.510000E-8	-1.473214E-4
6.515000E-8	-2.620891E-4
6.520000E-8	-4.727819E-4
6.525000E-8	-7.314374E-4
6.530000E-8	-9.524079E-4
6.535000E-8	-1.180230E-3
6.540000E-8	-1.456015E-3
6.545000E-8	-1.731800E-3
6.550000E-8	-1.944206E-3
6.555000E-8	-2.084668E-3
6.560000E-8	-2.148047E-3
6.565000E-8	-2.125779E-3
6.570000E-8	-2.045270E-3
6.575000E-8	-1.937354E-3
6.580000E-8	-1.776337E-3
6.585000E-8	-1.574209E-3
6.590000E-8	-1.377220E-3
6.595000E-8	-1.161388E-3
6.600000E-8	-8.993065E-4
6.605000E-8	-6.269474E-4
6.610000E-8	-3.734308E-4
6.615000E-8	-1.301919E-4
6.620000E-8	8.563980E-5
6.625000E-8	2.261017E-4
6.630000E-8	3.117492E-4
6.635000E-8	3.699895E-4
6.640000E-8	3.751284E-4
6.645000E-8	3.031845E-4
6.650000E-8	2.004074E-4
6.655000E-8	6.679735E-5
6.660000E-8	-1.370437E-4
6.665000E-8	-3.871344E-4
6.670000E-8	-6.406510E-4
6.675000E-8	-8.856029E-4
6.680000E-8	-1.091157E-3
6.685000E-8	-1.202499E-3
6.690000E-8	-1.245322E-3
6.695000E-8	-1.276155E-3
6.700000E-8	-1.260739E-3
6.705000E-8	-1.176804E-3
6.710000E-8	-1.077453E-3
6.715000E-8	-9.986576E-4
6.720000E-8	-9.215748E-4
6.725000E-8	-8.290755E-4
6.730000E-8	-7.382892E-4
6.735000E-8	-6.646323E-4
6.740000E-8	-6.200956E-4
6.745000E-8	-6.098179E-4
6.750000E-8	-6.200956E-4
6.755000E-8	-6.423640E-4
6.760000E-8	-6.612064E-4
6.765000E-8	-6.714841E-4
6.770000E-8	-6.423640E-4
6.775000E-8	-5.447258E-4
6.780000E-8	-4.111157E-4
6.785000E-8	-3.066258E-4
6.790000E-8	-2.381078E-4
6.795000E-8	-1.661639E-4
6.800000E-8	-1.438955E-4
6.805000E-8	-2.346819E-4
6.810000E-8	-3.871344E-4
6.815000E-8	-5.361611E-4
6.820000E-8	-6.783359E-4
6.825000E-8	-8.153719E-4
6.830000E-8	-9.643986E-4
6.835000E-8	-1.128842E-3
6.840000E-8	-1.259026E-3
6.845000E-8	-1.322405E-3
6.850000E-8	-1.344673E-3
6.855000E-8	-1.346386E-3
6.860000E-8	-1.291572E-3
6.865000E-8	-1.157962E-3
6.870000E-8	-9.815281E-4
6.875000E-8	-8.222237E-4
6.880000E-8	-7.091690E-4
6.885000E-8	-6.200956E-4
6.890000E-8	-5.395870E-4
6.895000E-8	-4.967632E-4
6.900000E-8	-4.933373E-4
6.905000E-8	-4.984762E-4
6.910000E-8	-5.001891E-4
6.915000E-8	-5.567165E-4
6.920000E-8	-6.612064E-4
6.925000E-8	-7.811129E-4
6.930000E-8	-9.061583E-4
6.935000E-8	-1.012361E-3
6.940000E-8	-1.063750E-3
6.945000E-8	-1.055185E-3
6.950000E-8	-1.024352E-3
6.955000E-8	-9.815281E-4
6.960000E-8	-9.130101E-4
6.965000E-8	-8.102331E-4
6.970000E-8	-7.143079E-4
6.975000E-8	-6.697712E-4
6.980000E-8	-6.509287E-4
6.985000E-8	-5.909755E-4
6.990000E-8	-5.173186E-4
6.995000E-8	-5.464388E-4
7.000000E-8	-6.543546E-4
7.005000E-8	-7.485669E-4
7.010000E-8	-8.325014E-4
7.015000E-8	-9.284266E-4
7.020000E-8	-9.712504E-4
7.025000E-8	-9.250007E-4
7.030000E-8	-8.393532E-4
7.035000E-8	-7.434280E-4
7.040000E-8	-6.149568E-4
7.045000E-8	-4.744949E-4
7.050000E-8	-3.837085E-4
7.055000E-8	-3.631531E-4
7.060000E-8	-4.111157E-4
7.065000E-8	-5.190316E-4
7.070000E-8	-6.954654E-4
7.075000E-8	-9.198619E-4
7.080000E-8	-1.144258E-3
7.085000E-8	-1.325831E-3
7.090000E-8	-1.495413E-3
7.095000E-8	-1.642727E-3
7.100000E-8	-1.704393E-3
7.105000E-8	-1.670134E-3
7.110000E-8	-1.589625E-3
7.115000E-8	-1.462867E-3
7.120000E-8	-1.272730E-3
7.125000E-8	-1.041481E-3
7.130000E-8	-7.742611E-4
7.135000E-8	-5.207445E-4
7.140000E-8	-3.665790E-4
7.145000E-8	-3.237553E-4
7.150000E-8	-3.151905E-4
7.155000E-8	-3.186164E-4
7.160000E-8	-3.614402E-4
7.165000E-8	-3.888474E-4
7.170000E-8	-3.785697E-4
7.175000E-8	-3.785697E-4
7.180000E-8	-4.248193E-4
7.185000E-8	-4.847726E-4
7.190000E-8	-5.532906E-4
7.195000E-8	-6.303733E-4
7.200000E-8	-6.937525E-4
7.205000E-8	-7.708352E-4
7.210000E-8	-8.958806E-4
7.215000E-8	-1.055185E-3
7.220000E-8	-1.209350E-3
7.225000E-8	-1.368655E-3
7.230000E-8	-1.509117E-3
7.235000E-8	-1.608468E-3
7.240000E-8	-1.668421E-3
7.245000E-8	-1.682125E-3
7.250000E-8	-1.637588E-3
7.255000E-8	-1.575922E-3
7.260000E-8	-1.529672E-3
7.265000E-8	-1.444025E-3
7.270000E-8	-1.289859E-3
7.275000E-8	-1.089444E-3
7.280000E-8	-8.821770E-4
7.285000E-8	-6.903266E-4
7.290000E-8	-5.258834E-4
7.295000E-8	-3.974121E-4
7.300000E-8	-3.014869E-4
7.305000E-8	-2.689409E-4
7.310000E-8	-2.689409E-4
7.315000E-8	-2.792186E-4
7.320000E-8	-3.425977E-4
7.325000E-8	-4.744949E-4
7.330000E-8	-6.355122E-4
7.335000E-8	-8.068072E-4
7.340000E-8	-1.002083E-3
7.345000E-8	-1.159675E-3
7.350000E-8	-1.235045E-3
7.355000E-8	-1.291572E-3
7.360000E-8	-1.366942E-3
7.365000E-8	-1.409766E-3
7.370000E-8	-1.384071E-3
7.375000E-8	-1.336109E-3
7.380000E-8	-1.277868E-3
7.385000E-8	-1.181943E-3
7.390000E-8	-1.014074E-3
7.395000E-8	-7.776870E-4
7.400000E-8	-5.584294E-4
7.405000E-8	-4.042639E-4
7.410000E-8	-2.929222E-4
7.415000E-8	-2.089876E-4
7.420000E-8	-1.884322E-4
7.425000E-8	-2.021358E-4
7.430000E-8	-2.295430E-4
7.435000E-8	-2.946351E-4
7.440000E-8	-4.213934E-4
7.445000E-8	-5.498647E-4
7.450000E-8	-6.389381E-4
7.455000E-8	-7.245856E-4
7.460000E-8	-7.999554E-4
7.465000E-8	-7.999554E-4
7.470000E-8	-7.160208E-4
7.475000E-8	-6.132438E-4
7.480000E-8	-5.207445E-4
7.485000E-8	-4.094028E-4
7.490000E-8	-2.843574E-4
7.495000E-8	-2.004229E-4
7.500000E-8	-1.884322E-4
7.505000E-8	-2.278301E-4
7.510000E-8	-3.100517E-4
7.515000E-8	-4.179675E-4
7.520000E-8	-5.241704E-4
7.525000E-8	-6.081050E-4
7.530000E-8	-6.937525E-4
7.535000E-8	-7.776870E-4
7.540000E-8	-8.393532E-4
7.545000E-8	-8.701863E-4
7.550000E-8	-8.581957E-4
7.555000E-8	-8.136590E-4
7.560000E-8	-7.639834E-4
7.565000E-8	-7.348633E-4
7.570000E-8	-6.937525E-4
7.575000E-8	-6.098179E-4
7.580000E-8	-5.019021E-4
7.585000E-8	-4.368100E-4
7.590000E-8	-4.128287E-4
7.595000E-8	-3.991251E-4
7.600000E-8	-4.094028E-4
7.605000E-8	-4.676431E-4
7.610000E-8	-5.635683E-4
7.615000E-8	-6.937525E-4
7.620000E-8	-8.376403E-4
7.625000E-8	-9.592597E-4
7.630000E-8	-1.044907E-3
7.635000E-8	-1.111712E-3
7.640000E-8	-1.142545E-3
7.645000E-8	-1.115138E-3
7.650000E-8	-1.060324E-3
7.655000E-8	-1.007222E-3
7.660000E-8	-9.404173E-4
7.665000E-8	-8.376403E-4
7.670000E-8	-7.245856E-4
7.675000E-8	-6.577805E-4
7.680000E-8	-6.475028E-4
7.685000E-8	-6.646323E-4
7.690000E-8	-6.697712E-4
7.695000E-8	-6.851877E-4
7.700000E-8	-7.245856E-4
7.705000E-8	-7.674093E-4
7.710000E-8	-8.085201E-4
7.715000E-8	-8.701863E-4
7.720000E-8	-9.164360E-4
7.725000E-8	-9.404173E-4
7.730000E-8	-9.592597E-4
7.735000E-8	-9.626856E-4
7.740000E-8	-9.524079E-4
7.745000E-8	-9.421302E-4
7.750000E-8	-9.112971E-4
7.755000E-8	-8.564827E-4
7.760000E-8	-7.879647E-4
7.765000E-8	-6.971784E-4
7.770000E-8	-6.115309E-4
7.775000E-8	-5.704201E-4
7.780000E-8	-5.550035E-4
7.785000E-8	-5.550035E-4
7.790000E-8	-5.944014E-4
7.795000E-8	-6.526417E-4
7.800000E-8	-6.886136E-4
7.805000E-8	-7.297244E-4
7.810000E-8	-7.913906E-4
7.815000E-8	-7.965295E-4
7.820000E-8	-7.485669E-4
7.825000E-8	-7.262985E-4
7.830000E-8	-7.177338E-4
7.835000E-8	-6.988913E-4
7.840000E-8	-7.057431E-4
7.845000E-8	-7.057431E-4
7.850000E-8	-6.492158E-4
7.855000E-8	-5.995402E-4
7.860000E-8	-6.252345E-4
7.865000E-8	-6.646323E-4
7.870000E-8	-7.006043E-4
7.875000E-8	-7.896777E-4
7.880000E-8	-9.112971E-4
7.885000E-8	-1.036342E-3
7.890000E-8	-1.157962E-3
7.895000E-8	-1.259026E-3
7.900000E-8	-1.320692E-3
7.905000E-8	-1.353238E-3
7.910000E-8	-1.361803E-3
7.915000E-8	-1.320692E-3
7.920000E-8	-1.252174E-3
7.925000E-8	-1.180230E-3
7.930000E-8	-1.080879E-3
7.935000E-8	-9.455561E-4
7.940000E-8	-8.205108E-4
7.945000E-8	-7.314374E-4
7.950000E-8	-6.560676E-4
7.955000E-8	-5.858366E-4
7.960000E-8	-5.618553E-4
7.965000E-8	-5.995402E-4
7.970000E-8	-6.612064E-4
7.975000E-8	-7.314374E-4
7.980000E-8	-8.119460E-4
7.985000E-8	-8.993065E-4
7.990000E-8	-9.592597E-4
7.995000E-8	-9.849540E-4
8.000000E-8	-9.900928E-4
8.005000E-8	-1.007222E-3
8.010000E-8	-1.036342E-3
8.015000E-8	-1.070601E-3
8.020000E-8	-1.111712E-3
8.025000E-8	-1.157962E-3
8.030000E-8	-1.190508E-3
8.035000E-8	-1.183656E-3
8.040000E-8	-1.166527E-3
8.045000E-8	-1.154536E-3
8.050000E-8	-1.106573E-3
8.055000E-8	-1.015787E-3
8.060000E-8	-9.524079E-4
8.065000E-8	-9.404173E-4
8.070000E-8	-9.215748E-4
8.075000E-8	-8.907417E-4
8.080000E-8	-8.941676E-4
8.085000E-8	-9.284266E-4
8.090000E-8	-9.472691E-4
8.095000E-8	-9.643986E-4
8.100000E-8	-1.002083E-3
8.105000E-8	-1.043194E-3
8.110000E-8	-1.067176E-3
8.115000E-8	-1.099722E-3
8.120000E-8	-1.140832E-3
8.125000E-8	-1.166527E-3
8.130000E-8	-1.171666E-3
8.135000E-8	-1.175091E-3
8.140000E-8	-1.199073E-3
8.145000E-8	-1.247035E-3
8.150000E-8	-1.318979E-3
8.155000E-8	-1.382358E-3
8.160000E-8	-1.420043E-3
8.165000E-8	-1.447451E-3
8.170000E-8	-1.509117E-3
8.175000E-8	-1.555366E-3
8.180000E-8	-1.558792E-3
8.185000E-8	-1.536524E-3
8.190000E-8	-1.553653E-3
8.195000E-8	-1.596477E-3
8.200000E-8	-1.605042E-3
8.205000E-8	-1.543376E-3
8.210000E-8	-1.420043E-3
8.215000E-8	-1.277868E-3
8.220000E-8	-1.111712E-3
8.225000E-8	-9.181489E-4
8.230000E-8	-7.708352E-4
8.235000E-8	-6.869007E-4
8.240000E-8	-6.132438E-4
8.245000E-8	-5.190316E-4
8.250000E-8	-4.436618E-4
8.255000E-8	-4.094028E-4
8.260000E-8	-4.248193E-4
8.265000E-8	-5.087539E-4
8.270000E-8	-6.389381E-4
8.275000E-8	-8.033813E-4
8.280000E-8	-1.002083E-3
8.285000E-8	-1.164814E-3
8.290000E-8	-1.231619E-3
8.295000E-8	-1.269304E-3
8.300000E-8	-1.305276E-3
8.305000E-8	-1.288146E-3
8.310000E-8	-1.216202E-3
8.315000E-8	-1.145971E-3
8.320000E-8	-1.050046E-3
8.325000E-8	-9.078712E-4
8.330000E-8	-7.708352E-4
8.335000E-8	-6.355122E-4
8.340000E-8	-4.659301E-4
8.345000E-8	-2.912092E-4
8.350000E-8	-1.473214E-4
8.355000E-8	-3.769261E-5
8.360000E-8	1.026999E-5
8.365000E-8	1.712179E-5
8.370000E-8	2.226064E-5
8.375000E-8	5.131144E-6
8.380000E-8	-7.537751E-5
8.385000E-8	-1.644509E-4
8.390000E-8	-2.295430E-4
8.395000E-8	-3.391718E-4
8.400000E-8	-5.241704E-4
8.405000E-8	-6.869007E-4
8.410000E-8	-7.913906E-4
8.415000E-8	-9.095842E-4
8.420000E-8	-1.055185E-3
8.425000E-8	-1.142545E-3
8.430000E-8	-1.154536E-3
8.435000E-8	-1.164814E-3
8.440000E-8	-1.178517E-3
8.445000E-8	-1.202499E-3
8.450000E-8	-1.296711E-3
8.455000E-8	-1.430321E-3
8.460000E-8	-1.500552E-3
8.465000E-8	-1.493700E-3
8.470000E-8	-1.457728E-3
8.475000E-8	-1.408053E-3
8.480000E-8	-1.353238E-3
8.485000E-8	-1.318979E-3
8.490000E-8	-1.269304E-3
8.495000E-8	-1.209350E-3
8.500000E-8	-1.176804E-3
8.505000E-8	-1.181943E-3
8.510000E-8	-1.178517E-3
8.515000E-8	-1.178517E-3
8.520000E-8	-1.207637E-3
8.525000E-8	-1.233332E-3
8.530000E-8	-1.235045E-3
8.535000E-8	-1.223054E-3
8.540000E-8	-1.236758E-3
8.545000E-8	-1.269304E-3
8.550000E-8	-1.283007E-3
8.555000E-8	-1.235045E-3
8.560000E-8	-1.147684E-3
8.565000E-8	-1.056898E-3
8.570000E-8	-9.609727E-4
8.575000E-8	-8.770381E-4
8.580000E-8	-8.256496E-4
8.585000E-8	-7.999554E-4
8.590000E-8	-7.725482E-4
8.595000E-8	-7.588446E-4
8.600000E-8	-7.674093E-4
8.605000E-8	-8.085201E-4
8.610000E-8	-8.599086E-4
8.615000E-8	-8.873158E-4
8.620000E-8	-9.095842E-4
8.625000E-8	-9.335655E-4
8.630000E-8	-9.232878E-4
8.635000E-8	-9.078712E-4
8.640000E-8	-9.198619E-4
8.645000E-8	-9.541209E-4
8.650000E-8	-9.575468E-4
8.655000E-8	-9.592597E-4
8.660000E-8	-9.883799E-4
8.665000E-8	-9.952317E-4
8.670000E-8	-9.455561E-4
8.675000E-8	-8.907417E-4
8.680000E-8	-8.633345E-4
8.685000E-8	-8.393532E-4
8.690000E-8	-8.307885E-4
8.695000E-8	-8.462050E-4
8.700000E-8	-8.564827E-4
8.705000E-8	-8.170849E-4
8.710000E-8	-7.451410E-4
8.715000E-8	-6.834748E-4
8.720000E-8	-6.423640E-4
8.725000E-8	-5.978273E-4
8.730000E-8	-5.515776E-4
8.735000E-8	-5.275963E-4
8.740000E-8	-5.224575E-4
8.745000E-8	-5.430129E-4
8.750000E-8	-5.978273E-4
8.755000E-8	-6.406510E-4
8.760000E-8	-6.594935E-4
8.765000E-8	-7.057431E-4
8.770000E-8	-7.811129E-4
8.775000E-8	-8.050942E-4
8.780000E-8	-7.794000E-4
8.785000E-8	-7.365762E-4
8.790000E-8	-6.851877E-4
8.795000E-8	-5.944014E-4
8.800000E-8	-4.710690E-4
8.805000E-8	-3.511625E-4
8.810000E-8	-2.466725E-4
8.815000E-8	-1.610250E-4
8.820000E-8	-1.044977E-4
8.825000E-8	-9.935881E-5
8.830000E-8	-1.593121E-4
8.835000E-8	-2.552373E-4
8.840000E-8	-3.682920E-4
8.845000E-8	-5.258834E-4
8.850000E-8	-7.451410E-4
8.855000E-8	-9.592597E-4
8.860000E-8	-1.145971E-3
8.865000E-8	-1.336109E-3
8.870000E-8	-1.500552E-3
8.875000E-8	-1.594764E-3
8.880000E-8	-1.627310E-3
8.885000E-8	-1.625597E-3
8.890000E-8	-1.565644E-3
8.895000E-8	-1.447451E-3
8.900000E-8	-1.344673E-3
8.905000E-8	-1.248748E-3
8.910000E-8	-1.113425E-3
8.915000E-8	-9.695374E-4
8.920000E-8	-8.564827E-4
8.925000E-8	-7.365762E-4
8.930000E-8	-5.772719E-4
8.935000E-8	-4.625042E-4
8.940000E-8	-4.436618E-4
8.945000E-8	-4.950503E-4
8.950000E-8	-5.961143E-4
8.955000E-8	-7.331503E-4
8.960000E-8	-8.513439E-4
8.965000E-8	-9.352784E-4
8.970000E-8	-9.900928E-4
8.975000E-8	-9.935187E-4
8.980000E-8	-9.489820E-4
8.985000E-8	-8.736122E-4
8.990000E-8	-7.708352E-4
8.995000E-8	-6.457899E-4
9.000000E-8	-5.481517E-4
9.005000E-8	-4.607913E-4
9.010000E-8	-3.477366E-4
9.015000E-8	-2.466725E-4
9.020000E-8	-2.089876E-4
9.025000E-8	-2.535243E-4
9.030000E-8	-3.802826E-4
9.035000E-8	-5.601424E-4
9.040000E-8	-7.194467E-4
9.045000E-8	-8.239367E-4
9.050000E-8	-9.198619E-4
9.055000E-8	-9.918058E-4
9.060000E-8	-1.029491E-3
9.065000E-8	-1.068889E-3
9.070000E-8	-1.086018E-3
9.075000E-8	-1.055185E-3
9.080000E-8	-1.022639E-3
9.085000E-8	-1.015787E-3
9.090000E-8	-9.815281E-4
9.095000E-8	-9.284266E-4
9.100000E-8	-9.267137E-4
9.105000E-8	-9.387043E-4
9.110000E-8	-9.044453E-4
9.115000E-8	-8.924547E-4
9.120000E-8	-9.421302E-4
9.125000E-8	-9.729633E-4
9.130000E-8	-9.746763E-4
9.135000E-8	-1.000371E-3
9.140000E-8	-1.034630E-3
9.145000E-8	-1.014074E-3
9.150000E-8	-9.592597E-4
9.155000E-8	-9.250007E-4
9.160000E-8	-9.010194E-4
9.165000E-8	-8.753252E-4
9.170000E-8	-9.027324E-4
9.175000E-8	-9.661115E-4
9.180000E-8	-1.041481E-3
9.185000E-8	-1.132268E-3
9.190000E-8	-1.231619E-3
9.195000E-8	-1.320692E-3
9.200000E-8	-1.399488E-3
9.205000E-8	-1.471432E-3
9.210000E-8	-1.479997E-3
9.215000E-8	-1.413191E-3
9.220000E-8	-1.324118E-3
9.225000E-8	-1.233332E-3
9.230000E-8	-1.137407E-3
9.235000E-8	-1.036342E-3
9.240000E-8	-9.489820E-4
9.245000E-8	-8.581957E-4
9.250000E-8	-8.016683E-4
9.255000E-8	-7.879647E-4
9.260000E-8	-7.896777E-4
9.265000E-8	-8.153719E-4
9.270000E-8	-9.095842E-4
9.275000E-8	-1.065463E-3
9.280000E-8	-1.204212E-3
9.285000E-8	-1.325831E-3
9.290000E-8	-1.423469E-3
9.295000E-8	-1.491987E-3
9.300000E-8	-1.512543E-3
9.305000E-8	-1.495413E-3
9.310000E-8	-1.426895E-3
9.315000E-8	-1.305276E-3
9.320000E-8	-1.168240E-3
9.325000E-8	-1.034630E-3
9.330000E-8	-9.027324E-4
9.335000E-8	-7.828259E-4
9.340000E-8	-6.749100E-4
9.345000E-8	-5.995402E-4
9.350000E-8	-5.961143E-4
9.355000E-8	-6.663453E-4
9.360000E-8	-7.571316E-4
9.365000E-8	-8.530568E-4
9.370000E-8	-9.455561E-4
9.375000E-8	-1.012361E-3
9.380000E-8	-1.087731E-3
9.385000E-8	-1.185369E-3
9.390000E-8	-1.274443E-3
9.395000E-8	-1.313840E-3
9.400000E-8	-1.346386E-3
9.405000E-8	-1.387497E-3
9.410000E-8	-1.392636E-3
9.415000E-8	-1.346386E-3
9.420000E-8	-1.279581E-3
9.425000E-8	-1.192221E-3
9.430000E-8	-1.075740E-3
9.435000E-8	-9.661115E-4
9.440000E-8	-8.838899E-4
9.445000E-8	-8.290755E-4
9.450000E-8	-8.033813E-4
9.455000E-8	-7.999554E-4
9.460000E-8	-7.896777E-4
9.465000E-8	-7.776870E-4
9.470000E-8	-7.794000E-4
9.475000E-8	-7.896777E-4
9.480000E-8	-7.982424E-4
9.485000E-8	-8.273626E-4
9.490000E-8	-8.787511E-4
9.495000E-8	-9.506950E-4
9.500000E-8	-1.027778E-3
9.505000E-8	-1.082592E-3
9.510000E-8	-1.113425E-3
9.515000E-8	-1.166527E-3
9.520000E-8	-1.238471E-3
9.525000E-8	-1.259026E-3
9.530000E-8	-1.197360E-3
9.535000E-8	-1.087731E-3
9.540000E-8	-9.866669E-4
9.545000E-8	-8.941676E-4
9.550000E-8	-7.982424E-4
9.555000E-8	-6.954654E-4
9.560000E-8	-6.063920E-4
9.565000E-8	-5.635683E-4
9.570000E-8	-5.635683E-4
9.575000E-8	-5.926884E-4
9.580000E-8	-6.680582E-4
9.585000E-8	-7.931036E-4
9.590000E-8	-9.318525E-4
9.595000E-8	-1.099722E-3
9.600000E-8	-1.298424E-3
9.605000E-8	-1.468006E-3
9.610000E-8	-1.555366E-3
9.615000E-8	-1.582774E-3
9.620000E-8	-1.558792E-3
9.625000E-8	-1.462867E-3
9.630000E-8	-1.346386E-3
9.635000E-8	-1.224767E-3
9.640000E-8	-1.082592E-3
9.645000E-8	-9.352784E-4
9.650000E-8	-8.410662E-4
9.655000E-8	-8.033813E-4
9.660000E-8	-7.605575E-4
9.665000E-8	-7.382892E-4
9.670000E-8	-7.502798E-4
9.675000E-8	-7.725482E-4
9.680000E-8	-8.187978E-4
9.685000E-8	-8.856029E-4
9.690000E-8	-9.506950E-4
9.695000E-8	-1.010648E-3
9.700000E-8	-1.089444E-3
9.705000E-8	-1.156249E-3
9.710000E-8	-1.180230E-3
9.715000E-8	-1.183656E-3
9.720000E-8	-1.185369E-3
9.725000E-8	-1.175091E-3
9.730000E-8	-1.123703E-3
9.735000E-8	-1.043194E-3
9.740000E-8	-9.352784E-4
9.745000E-8	-8.376403E-4
9.750000E-8	-7.725482E-4
9.755000E-8	-7.074561E-4
9.760000E-8	-6.200956E-4
9.765000E-8	-5.447258E-4
9.770000E-8	-5.104668E-4
9.775000E-8	-5.036150E-4
9.780000E-8	-5.241704E-4
9.785000E-8	-5.447258E-4
9.790000E-8	-5.293093E-4
9.795000E-8	-5.224575E-4
9.800000E-8	-5.310222E-4
9.805000E-8	-4.864855E-4
9.810000E-8	-3.717179E-4
9.815000E-8	-2.860704E-4
9.820000E-8	-2.141265E-4
9.825000E-8	-8.908111E-5
9.830000E-8	3.939014E-5
9.835000E-8	6.508440E-5
9.840000E-8	-6.859507E-6
9.845000E-8	-1.319049E-4
9.850000E-8	-3.083387E-4
9.855000E-8	-5.019021E-4
9.860000E-8	-6.886136E-4
9.865000E-8	-8.479180E-4
9.870000E-8	-9.524079E-4
9.875000E-8	-1.039768E-3
9.880000E-8	-1.169953E-3
9.885000E-8	-1.265878E-3
9.890000E-8	-1.238471E-3
9.895000E-8	-1.151110E-3
9.900000E-8	-1.053472E-3
9.905000E-8	-8.993065E-4
9.910000E-8	-7.074561E-4
9.915000E-8	-5.704201E-4
9.920000E-8	-4.779208E-4
9.925000E-8	-3.922733E-4
9.930000E-8	-3.220423E-4
9.935000E-8	-3.220423E-4
9.940000E-8	-3.648661E-4
9.945000E-8	-4.299582E-4
9.950000E-8	-5.327352E-4
9.955000E-8	-6.988913E-4
9.960000E-8	-9.198619E-4
9.965000E-8	-1.115138E-3
9.970000E-8	-1.250461E-3
9.975000E-8	-1.370368E-3
9.980000E-8	-1.454302E-3
9.985000E-8	-1.468006E-3
9.990000E-8	-1.440599E-3
9.995000E-8	-1.402914E-3
1.000000E-7	-1.344673E-3
1.000500E-7	-1.303563E-3
1.001000E-7	-1.288146E-3
1.001500E-7	-1.212776E-3
1.002000E-7	-1.084305E-3
1.002500E-7	-1.015787E-3
1.003000E-7	-9.746763E-4
1.003500E-7	-8.958806E-4
1.004000E-7	-8.479180E-4
1.004500E-7	-8.890288E-4
1.005000E-7	-9.010194E-4
1.005500E-7	-8.547698E-4
1.006000E-7	-8.376403E-4
1.006500E-7	-8.410662E-4
1.007000E-7	-8.170849E-4
1.007500E-7	-8.187978E-4
1.008000E-7	-8.770381E-4
1.008500E-7	-8.941676E-4
1.009000E-7	-8.530568E-4
1.009500E-7	-8.153719E-4
1.010000E-7	-7.948165E-4
1.010500E-7	-7.828259E-4
1.011000E-7	-8.016683E-4
1.011500E-7	-8.290755E-4
1.012000E-7	-8.462050E-4
1.012500E-7	-8.736122E-4
1.013000E-7	-9.027324E-4
1.013500E-7	-8.924547E-4
1.014000E-7	-8.496309E-4
1.014500E-7	-8.136590E-4
1.015000E-7	-7.639834E-4
1.015500E-7	-7.006043E-4
1.016000E-7	-6.783359E-4
1.016500E-7	-6.920395E-4
1.017000E-7	-6.800489E-4
1.017500E-7	-6.457899E-4
1.018000E-7	-6.337992E-4
1.018500E-7	-6.235215E-4
1.019000E-7	-6.286604E-4
1.019500E-7	-6.834748E-4
1.020000E-7	-7.725482E-4
1.020500E-7	-8.616216E-4
1.021000E-7	-9.250007E-4
1.021500E-7	-9.421302E-4
1.022000E-7	-9.318525E-4
1.022500E-7	-9.335655E-4
1.023000E-7	-9.489820E-4
1.023500E-7	-9.609727E-4
1.024000E-7	-9.883799E-4
1.024500E-7	-1.007222E-3
1.025000E-7	-9.763892E-4
1.025500E-7	-9.284266E-4
1.026000E-7	-8.975935E-4
1.026500E-7	-8.462050E-4
1.027000E-7	-7.554187E-4
1.027500E-7	-6.680582E-4
1.028000E-7	-5.978273E-4
1.028500E-7	-5.036150E-4
1.029000E-7	-4.059769E-4
1.029500E-7	-3.511625E-4
1.030000E-7	-3.186164E-4
1.030500E-7	-2.792186E-4
1.031000E-7	-2.466725E-4
1.031500E-7	-2.432466E-4
1.032000E-7	-3.014869E-4
1.032500E-7	-4.076898E-4
1.033000E-7	-5.207445E-4
1.033500E-7	-6.577805E-4
1.034000E-7	-8.427791E-4
1.034500E-7	-1.005509E-3
1.035000E-7	-1.091157E-3
1.035500E-7	-1.151110E-3
1.036000E-7	-1.197360E-3
1.036500E-7	-1.159675E-3
1.037000E-7	-1.060324E-3
1.037500E-7	-9.438432E-4
1.038000E-7	-8.187978E-4
1.038500E-7	-6.886136E-4
1.039000E-7	-5.789848E-4
1.039500E-7	-4.916244E-4
1.040000E-7	-4.111157E-4
1.040500E-7	-3.682920E-4
1.041000E-7	-3.682920E-4
1.041500E-7	-3.631531E-4
1.042000E-7	-3.819956E-4
1.042500E-7	-5.070409E-4
1.043000E-7	-7.228726E-4
1.043500E-7	-9.455561E-4
1.044000E-7	-1.161388E-3
1.044500E-7	-1.361803E-3
1.045000E-7	-1.510830E-3
1.045500E-7	-1.601616E-3
1.046000E-7	-1.664995E-3
1.046500E-7	-1.719810E-3
1.047000E-7	-1.736939E-3
1.047500E-7	-1.719810E-3
1.048000E-7	-1.641014E-3
1.048500E-7	-1.490274E-3
1.049000E-7	-1.318979E-3
1.049500E-7	-1.178517E-3
1.050000E-7	-1.044907E-3
1.050500E-7	-8.941676E-4
1.051000E-7	-7.331503E-4
1.051500E-7	-5.944014E-4
1.052000E-7	-4.967632E-4
1.052500E-7	-4.436618E-4
1.053000E-7	-4.042639E-4
1.053500E-7	-3.734308E-4
1.054000E-7	-3.682920E-4
1.054500E-7	-4.076898E-4
1.055000E-7	-4.830596E-4
1.055500E-7	-5.652812E-4
1.056000E-7	-6.526417E-4
1.056500E-7	-7.108820E-4
1.057000E-7	-7.365762E-4
1.057500E-7	-7.691223E-4
1.058000E-7	-8.530568E-4
1.058500E-7	-9.575468E-4
1.059000E-7	-1.060324E-3
1.059500E-7	-1.163101E-3
1.060000E-7	-1.231619E-3
1.060500E-7	-1.250461E-3
1.061000E-7	-1.236758E-3
1.061500E-7	-1.199073E-3
1.062000E-7	-1.111712E-3
1.062500E-7	-1.007222E-3
1.063000E-7	-9.335655E-4
1.063500E-7	-8.838899E-4
1.064000E-7	-8.530568E-4
1.064500E-7	-8.564827E-4
1.065000E-7	-8.633345E-4
1.065500E-7	-8.753252E-4
1.066000E-7	-9.181489E-4
1.066500E-7	-9.815281E-4
1.067000E-7	-1.039768E-3
1.067500E-7	-1.074027E-3
1.068000E-7	-1.086018E-3
1.068500E-7	-1.063750E-3
1.069000E-7	-1.044907E-3
1.069500E-7	-1.029491E-3
1.070000E-7	-9.729633E-4
1.070500E-7	-8.770381E-4
1.071000E-7	-7.982424E-4
1.071500E-7	-7.262985E-4
1.072000E-7	-6.235215E-4
1.072500E-7	-5.344481E-4
1.073000E-7	-5.053280E-4
1.073500E-7	-4.881985E-4
1.074000E-7	-4.967632E-4
1.074500E-7	-5.532906E-4
1.075000E-7	-6.029661E-4
1.075500E-7	-6.081050E-4
1.076000E-7	-6.132438E-4
1.076500E-7	-6.457899E-4
1.077000E-7	-6.697712E-4
1.077500E-7	-6.834748E-4
1.078000E-7	-7.108820E-4
1.078500E-7	-7.605575E-4
1.079000E-7	-8.119460E-4
1.079500E-7	-8.924547E-4
1.080000E-7	-9.900928E-4
1.080500E-7	-1.087731E-3
1.081000E-7	-1.178517E-3
1.081500E-7	-1.252174E-3
1.082000E-7	-1.293285E-3
1.082500E-7	-1.324118E-3
1.083000E-7	-1.361803E-3
1.083500E-7	-1.380645E-3
1.084000E-7	-1.394349E-3
1.084500E-7	-1.450876E-3
1.085000E-7	-1.553653E-3
1.085500E-7	-1.639301E-3
1.086000E-7	-1.685551E-3
1.086500E-7	-1.718097E-3
1.087000E-7	-1.754069E-3
1.087500E-7	-1.795179E-3
1.088000E-7	-1.805457E-3
1.088500E-7	-1.790041E-3
1.089000E-7	-1.771198E-3
1.089500E-7	-1.716384E-3
1.090000E-7	-1.587912E-3
1.090500E-7	-1.425182E-3
1.091000E-7	-1.272730E-3
1.091500E-7	-1.139119E-3
1.092000E-7	-1.032917E-3
1.092500E-7	-9.763892E-4
1.093000E-7	-9.130101E-4
1.093500E-7	-8.273626E-4
1.094000E-7	-7.708352E-4
1.094500E-7	-7.451410E-4
1.095000E-7	-7.160208E-4
1.095500E-7	-7.245856E-4
1.096000E-7	-7.948165E-4
1.096500E-7	-8.530568E-4
1.097000E-7	-8.616216E-4
1.097500E-7	-9.215748E-4
1.098000E-7	-1.026065E-3
1.098500E-7	-1.075740E-3
1.099000E-7	-1.065463E-3
1.099500E-7	-1.060324E-3
1.100000E-7	-1.063750E-3
1.100500E-7	-1.068889E-3
1.101000E-7	-1.111712E-3
1.101500E-7	-1.190508E-3
1.102000E-7	-1.284720E-3
1.102500E-7	-1.392636E-3
1.103000E-7	-1.468006E-3
1.103500E-7	-1.461154E-3
1.104000E-7	-1.425182E-3
1.104500E-7	-1.426895E-3
1.105000E-7	-1.442312E-3
1.105500E-7	-1.444025E-3
1.106000E-7	-1.449163E-3
1.106500E-7	-1.413191E-3
1.107000E-7	-1.310414E-3
1.107500E-7	-1.219628E-3
1.108000E-7	-1.197360E-3
1.108500E-7	-1.166527E-3
1.109000E-7	-1.101435E-3
1.109500E-7	-1.055185E-3
1.110000E-7	-1.015787E-3
1.110500E-7	-9.335655E-4
1.111000E-7	-8.479180E-4
1.111500E-7	-8.256496E-4
1.112000E-7	-8.581957E-4
1.112500E-7	-8.821770E-4
1.113000E-7	-9.267137E-4
1.113500E-7	-1.005509E-3
1.114000E-7	-1.094583E-3
1.114500E-7	-1.180230E-3
1.115000E-7	-1.303563E-3
1.115500E-7	-1.442312E-3
1.116000E-7	-1.563931E-3
1.116500E-7	-1.653005E-3
1.117000E-7	-1.687264E-3
1.117500E-7	-1.670134E-3
1.118000E-7	-1.594764E-3
1.118500E-7	-1.461154E-3
1.119000E-7	-1.281294E-3
1.119500E-7	-1.116851E-3
1.120000E-7	-9.866669E-4
1.120500E-7	-8.599086E-4
1.121000E-7	-7.382892E-4
1.121500E-7	-6.577805E-4
1.122000E-7	-6.406510E-4
1.122500E-7	-6.577805E-4
1.123000E-7	-6.903266E-4
1.123500E-7	-7.451410E-4
1.124000E-7	-8.290755E-4
1.124500E-7	-8.907417E-4
1.125000E-7	-9.078712E-4
1.125500E-7	-9.112971E-4
1.126000E-7	-9.335655E-4
1.126500E-7	-9.866669E-4
1.127000E-7	-1.067176E-3
1.127500E-7	-1.202499E-3
1.128000E-7	-1.365229E-3
1.128500E-7	-1.510830E-3
1.129000E-7	-1.613607E-3
1.129500E-7	-1.680412E-3
1.130000E-7	-1.738652E-3
1.130500E-7	-1.760920E-3
1.131000E-7	-1.712958E-3
1.131500E-7	-1.625597E-3
1.132000E-7	-1.557079E-3
1.132500E-7	-1.478284E-3
1.133000E-7	-1.354951E-3
1.133500E-7	-1.233332E-3
1.134000E-7	-1.157962E-3
1.134500E-7	-1.075740E-3
1.135000E-7	-9.866669E-4
1.135500E-7	-9.643986E-4
1.136000E-7	-1.014074E-3
1.136500E-7	-1.082592E-3
1.137000E-7	-1.188795E-3
1.137500E-7	-1.336109E-3
1.138000E-7	-1.491987E-3
1.138500E-7	-1.637588E-3
1.139000E-7	-1.752356E-3
1.139500E-7	-1.814022E-3
1.140000E-7	-1.838003E-3
1.140500E-7	-1.836290E-3
1.141000E-7	-1.800318E-3
1.141500E-7	-1.742078E-3
1.142000E-7	-1.694115E-3
1.142500E-7	-1.620458E-3
1.143000E-7	-1.517681E-3
1.143500E-7	-1.432034E-3
1.144000E-7	-1.384071E-3
1.144500E-7	-1.336109E-3
1.145000E-7	-1.322405E-3
1.145500E-7	-1.342961E-3
1.146000E-7	-1.332683E-3
1.146500E-7	-1.286433E-3
1.147000E-7	-1.253887E-3
1.147500E-7	-1.223054E-3
1.148000E-7	-1.166527E-3
1.148500E-7	-1.108286E-3
1.149000E-7	-1.104860E-3
1.149500E-7	-1.163101E-3
1.150000E-7	-1.247035E-3
1.150500E-7	-1.294998E-3
1.151000E-7	-1.281294E-3
1.151500E-7	-1.277868E-3
1.152000E-7	-1.308702E-3
1.152500E-7	-1.322405E-3
1.153000E-7	-1.286433E-3
1.153500E-7	-1.250461E-3
1.154000E-7	-1.205925E-3
1.154500E-7	-1.171666E-3
1.155000E-7	-1.185369E-3
1.155500E-7	-1.226480E-3
1.156000E-7	-1.247035E-3
1.156500E-7	-1.255600E-3
1.157000E-7	-1.271017E-3
1.157500E-7	-1.245322E-3
1.158000E-7	-1.157962E-3
1.158500E-7	-1.058611E-3
1.159000E-7	-9.541209E-4
1.159500E-7	-8.479180E-4
1.160000E-7	-7.776870E-4
1.160500E-7	-7.245856E-4
1.161000E-7	-6.389381E-4
1.161500E-7	-5.515776E-4
1.162000E-7	-5.481517E-4
1.162500E-7	-5.858366E-4
1.163000E-7	-6.355122E-4
1.163500E-7	-7.434280E-4
1.164000E-7	-9.164360E-4
1.164500E-7	-1.087731E-3
1.165000E-7	-1.259026E-3
1.165500E-7	-1.459441E-3
1.166000E-7	-1.617033E-3
1.166500E-7	-1.702680E-3
1.167000E-7	-1.795179E-3
1.167500E-7	-1.913373E-3
1.168000E-7	-2.040131E-3
1.168500E-7	-2.153186E-3
1.169000E-7	-2.216565E-3
1.169500E-7	-2.199436E-3
1.170000E-7	-2.137769E-3
1.170500E-7	-2.017863E-3
1.171000E-7	-1.812309E-3
1.171500E-7	-1.589625E-3
1.172000E-7	-1.409766E-3
1.172500E-7	-1.229906E-3
1.173000E-7	-1.060324E-3
1.173500E-7	-9.918058E-4
1.174000E-7	-9.935187E-4
1.174500E-7	-9.678245E-4
1.175000E-7	-9.250007E-4
1.175500E-7	-9.455561E-4
1.176000E-7	-1.000371E-3
1.176500E-7	-1.053472E-3
1.177000E-7	-1.120277E-3
1.177500E-7	-1.187082E-3
1.178000E-7	-1.250461E-3
1.178500E-7	-1.301850E-3
1.179000E-7	-1.284720E-3
1.179500E-7	-1.187082E-3
1.180000E-7	-1.091157E-3
1.180500E-7	-1.032917E-3
1.181000E-7	-9.695374E-4
1.181500E-7	-9.027324E-4
1.182000E-7	-8.804640E-4
1.182500E-7	-8.975935E-4
1.183000E-7	-9.267137E-4
1.183500E-7	-9.763892E-4
1.184000E-7	-1.060324E-3
1.184500E-7	-1.140832E-3
1.185000E-7	-1.202499E-3
1.185500E-7	-1.260739E-3
1.186000E-7	-1.277868E-3
1.186500E-7	-1.226480E-3
1.187000E-7	-1.164814E-3
1.187500E-7	-1.144258E-3
1.188000E-7	-1.128842E-3
1.188500E-7	-1.080879E-3
1.189000E-7	-1.000371E-3
1.189500E-7	-8.993065E-4
1.190000E-7	-7.622705E-4
1.190500E-7	-6.183827E-4
1.191000E-7	-5.190316E-4
1.191500E-7	-4.625042E-4
1.192000E-7	-4.436618E-4
1.192500E-7	-4.779208E-4
1.193000E-7	-5.498647E-4
1.193500E-7	-6.303733E-4
1.194000E-7	-7.400021E-4
1.194500E-7	-8.633345E-4
1.195000E-7	-1.008935E-3
1.195500E-7	-1.187082E-3
1.196000E-7	-1.377220E-3
1.196500E-7	-1.521107E-3
1.197000E-7	-1.601616E-3
1.197500E-7	-1.646153E-3
1.198000E-7	-1.682125E-3
1.198500E-7	-1.716384E-3
1.199000E-7	-1.730087E-3
1.199500E-7	-1.685551E-3
1.200000E-7	-1.591338E-3
1.200500E-7	-1.509117E-3
1.201000E-7	-1.456015E-3
1.201500E-7	-1.409766E-3
1.202000E-7	-1.389210E-3
1.202500E-7	-1.414904E-3
1.203000E-7	-1.479997E-3
1.203500E-7	-1.539950E-3
1.204000E-7	-1.551940E-3
1.204500E-7	-1.519394E-3
1.205000E-7	-1.457728E-3
1.205500E-7	-1.365229E-3
1.206000E-7	-1.240184E-3
1.206500E-7	-1.101435E-3
1.207000E-7	-9.678245E-4
1.207500E-7	-8.547698E-4
1.208000E-7	-7.605575E-4
1.208500E-7	-6.817618E-4
1.209000E-7	-6.183827E-4
1.209500E-7	-6.098179E-4
1.210000E-7	-6.560676E-4
1.210500E-7	-7.314374E-4
1.211000E-7	-8.376403E-4
1.211500E-7	-9.678245E-4
1.212000E-7	-1.077453E-3
1.212500E-7	-1.169953E-3
1.213000E-7	-1.288146E-3
1.213500E-7	-1.399488E-3
1.214000E-7	-1.420043E-3
1.214500E-7	-1.375507E-3
1.215000E-7	-1.337822E-3
1.215500E-7	-1.293285E-3
1.216000E-7	-1.233332E-3
1.216500E-7	-1.187082E-3
1.217000E-7	-1.149397E-3
1.217500E-7	-1.096296E-3
1.218000E-7	-1.034630E-3
1.218500E-7	-9.729633E-4
1.219000E-7	-8.958806E-4
1.219500E-7	-8.410662E-4
1.220000E-7	-8.479180E-4
1.220500E-7	-8.941676E-4
1.221000E-7	-9.198619E-4
1.221500E-7	-9.369914E-4
1.222000E-7	-9.678245E-4
1.222500E-7	-1.003796E-3
1.223000E-7	-1.026065E-3
1.223500E-7	-1.020926E-3
1.224000E-7	-1.014074E-3
1.224500E-7	-1.044907E-3
1.225000E-7	-1.092870E-3
1.225500E-7	-1.133981E-3
1.226000E-7	-1.185369E-3
1.226500E-7	-1.252174E-3
1.227000E-7	-1.318979E-3
1.227500E-7	-1.399488E-3
1.228000E-7	-1.515969E-3
1.228500E-7	-1.635875E-3
1.229000E-7	-1.740365E-3
1.229500E-7	-1.865410E-3
1.230000E-7	-1.981891E-3
1.230500E-7	-2.046983E-3
1.231000E-7	-2.064113E-3
1.231500E-7	-2.045270E-3
1.232000E-7	-1.956197E-3
1.232500E-7	-1.810596E-3
1.233000E-7	-1.663282E-3
1.233500E-7	-1.512543E-3
1.234000E-7	-1.348099E-3
1.234500E-7	-1.199073E-3
1.235000E-7	-1.065463E-3
1.235500E-7	-9.027324E-4
1.236000E-7	-7.811129E-4
1.236500E-7	-7.434280E-4
1.237000E-7	-7.554187E-4
1.237500E-7	-7.896777E-4
1.238000E-7	-8.701863E-4
1.238500E-7	-9.832410E-4
1.239000E-7	-1.080879E-3
1.239500E-7	-1.151110E-3
1.240000E-7	-1.212776E-3
1.240500E-7	-1.247035E-3
1.241000E-7	-1.245322E-3
1.241500E-7	-1.214489E-3
1.242000E-7	-1.154536E-3
1.242500E-7	-1.106573E-3
1.243000E-7	-1.087731E-3
1.243500E-7	-1.092870E-3
1.244000E-7	-1.130555E-3
1.244500E-7	-1.217915E-3
1.245000E-7	-1.305276E-3
1.245500E-7	-1.377220E-3
1.246000E-7	-1.464580E-3
1.246500E-7	-1.558792E-3
1.247000E-7	-1.620458E-3
1.247500E-7	-1.651292E-3
1.248000E-7	-1.629023E-3
1.248500E-7	-1.539950E-3
1.249000E-7	-1.421756E-3
1.249500E-7	-1.320692E-3
1.250000E-7	-1.192221E-3
1.250500E-7	-1.038055E-3
1.251000E-7	-9.455561E-4
1.251500E-7	-9.164360E-4
1.252000E-7	-9.215748E-4
1.252500E-7	-9.506950E-4
1.253000E-7	-1.022639E-3
1.253500E-7	-1.104860E-3
1.254000E-7	-1.188795E-3
1.254500E-7	-1.289859E-3
1.255000E-7	-1.377220E-3
1.255500E-7	-1.449163E-3
1.256000E-7	-1.517681E-3
1.256500E-7	-1.560505E-3
1.257000E-7	-1.562218E-3
1.257500E-7	-1.526246E-3
1.258000E-7	-1.476571E-3
1.258500E-7	-1.428608E-3
1.259000E-7	-1.401201E-3
1.259500E-7	-1.390923E-3
1.260000E-7	-1.372081E-3
1.260500E-7	-1.336109E-3
1.261000E-7	-1.298424E-3
1.261500E-7	-1.286433E-3
1.262000E-7	-1.279581E-3
1.262500E-7	-1.247035E-3
1.263000E-7	-1.187082E-3
1.263500E-7	-1.135694E-3
1.264000E-7	-1.109999E-3
1.264500E-7	-1.103148E-3
1.265000E-7	-1.080879E-3
1.265500E-7	-1.032917E-3
1.266000E-7	-9.729633E-4
1.266500E-7	-9.506950E-4
1.267000E-7	-9.489820E-4
1.267500E-7	-9.181489E-4
1.268000E-7	-8.547698E-4
1.268500E-7	-7.896777E-4
1.269000E-7	-7.519928E-4
1.269500E-7	-7.468539E-4
1.270000E-7	-7.708352E-4
1.270500E-7	-8.187978E-4
1.271000E-7	-8.975935E-4
1.271500E-7	-1.014074E-3
1.272000E-7	-1.168240E-3
1.272500E-7	-1.313840E-3
1.273000E-7	-1.408053E-3
1.273500E-7	-1.490274E-3
1.274000E-7	-1.581061E-3
1.274500E-7	-1.639301E-3
1.275000E-7	-1.644440E-3
1.275500E-7	-1.644440E-3
1.276000E-7	-1.637588E-3
1.276500E-7	-1.553653E-3
1.277000E-7	-1.418330E-3
1.277500E-7	-1.320692E-3
1.278000E-7	-1.236758E-3
1.278500E-7	-1.094583E-3
1.279000E-7	-9.489820E-4
1.279500E-7	-8.616216E-4
1.280000E-7	-7.965295E-4
1.280500E-7	-7.040302E-4
1.281000E-7	-6.457899E-4
1.281500E-7	-6.372251E-4
1.282000E-7	-6.166697E-4
1.282500E-7	-5.567165E-4
1.283000E-7	-5.156057E-4
1.283500E-7	-5.053280E-4
1.284000E-7	-4.830596E-4
1.284500E-7	-4.402359E-4
1.285000E-7	-4.145416E-4
1.285500E-7	-4.419488E-4
1.286000E-7	-5.070409E-4
1.286500E-7	-5.892625E-4
1.287000E-7	-6.834748E-4
1.287500E-7	-8.085201E-4
1.288000E-7	-9.678245E-4
1.288500E-7	-1.096296E-3
1.289000E-7	-1.163101E-3
1.289500E-7	-1.214489E-3
1.290000E-7	-1.272730E-3
1.290500E-7	-1.264165E-3
1.291000E-7	-1.151110E-3
1.291500E-7	-1.017500E-3
1.292000E-7	-8.993065E-4
1.292500E-7	-7.451410E-4
1.293000E-7	-5.567165E-4
1.293500E-7	-3.905603E-4
1.294000E-7	-2.706538E-4
1.294500E-7	-2.072747E-4
1.295000E-7	-2.278301E-4
1.295500E-7	-3.100517E-4
1.296000E-7	-4.282452E-4
1.296500E-7	-5.601424E-4
1.297000E-7	-7.006043E-4
1.297500E-7	-8.530568E-4
1.298000E-7	-1.044907E-3
1.298500E-7	-1.257313E-3
1.299000E-7	-1.426895E-3
1.299500E-7	-1.548515E-3
1.300000E-7	-1.641014E-3
1.300500E-7	-1.675273E-3
1.301000E-7	-1.635875E-3
1.301500E-7	-1.550228E-3
1.302000E-7	-1.452589E-3
1.302500E-7	-1.330970E-3
1.303000E-7	-1.190508E-3
1.303500E-7	-1.068889E-3
1.304000E-7	-9.832410E-4
1.304500E-7	-9.369914E-4
1.305000E-7	-9.250007E-4
1.305500E-7	-9.284266E-4
1.306000E-7	-9.781022E-4
1.306500E-7	-1.065463E-3
1.307000E-7	-1.147684E-3
1.307500E-7	-1.204212E-3
1.308000E-7	-1.262452E-3
1.308500E-7	-1.283007E-3
1.309000E-7	-1.241896E-3
1.309500E-7	-1.192221E-3
1.310000E-7	-1.157962E-3
1.310500E-7	-1.101435E-3
1.311000E-7	-1.010648E-3
1.311500E-7	-9.335655E-4
1.312000E-7	-8.838899E-4
1.312500E-7	-8.547698E-4
1.313000E-7	-8.513439E-4
1.313500E-7	-8.993065E-4
1.314000E-7	-9.849540E-4
1.314500E-7	-1.094583E-3
1.315000E-7	-1.214489E-3
1.315500E-7	-1.341248E-3
1.316000E-7	-1.474858E-3
1.316500E-7	-1.608468E-3
1.317000E-7	-1.707819E-3
1.317500E-7	-1.764346E-3
1.318000E-7	-1.759207E-3
1.318500E-7	-1.702680E-3
1.319000E-7	-1.622171E-3
1.319500E-7	-1.526246E-3
1.320000E-7	-1.390923E-3
1.320500E-7	-1.235045E-3
1.321000E-7	-1.089444E-3
1.321500E-7	-9.763892E-4
1.322000E-7	-8.924547E-4
1.322500E-7	-8.410662E-4
1.323000E-7	-8.187978E-4
1.323500E-7	-8.325014E-4
1.324000E-7	-8.770381E-4
1.324500E-7	-9.541209E-4
1.325000E-7	-1.046620E-3
1.325500E-7	-1.130555E-3
1.326000E-7	-1.212776E-3
1.326500E-7	-1.281294E-3
1.327000E-7	-1.293285E-3
1.327500E-7	-1.216202E-3
1.328000E-7	-1.091157E-3
1.328500E-7	-9.575468E-4
1.329000E-7	-8.393532E-4
1.329500E-7	-7.571316E-4
1.330000E-7	-7.177338E-4
1.330500E-7	-6.800489E-4
1.331000E-7	-6.423640E-4
1.331500E-7	-6.149568E-4
1.332000E-7	-5.806978E-4
1.332500E-7	-5.481517E-4
1.333000E-7	-5.378740E-4
1.333500E-7	-5.395870E-4
1.334000E-7	-5.498647E-4
1.334500E-7	-5.618553E-4
1.335000E-7	-5.447258E-4
1.335500E-7	-4.984762E-4
1.336000E-7	-4.864855E-4
1.336500E-7	-5.430129E-4
1.337000E-7	-6.252345E-4
1.337500E-7	-7.245856E-4
1.338000E-7	-8.479180E-4
1.338500E-7	-9.798151E-4
1.339000E-7	-1.121990E-3
1.339500E-7	-1.279581E-3
1.340000E-7	-1.423469E-3
1.340500E-7	-1.517681E-3
1.341000E-7	-1.574209E-3
1.341500E-7	-1.611894E-3
1.342000E-7	-1.611894E-3
1.342500E-7	-1.569070E-3
1.343000E-7	-1.498839E-3
1.343500E-7	-1.397775E-3
1.344000E-7	-1.300137E-3
1.344500E-7	-1.233332E-3
1.345000E-7	-1.190508E-3
1.345500E-7	-1.163101E-3
1.346000E-7	-1.171666E-3
1.346500E-7	-1.233332E-3
1.347000E-7	-1.310414E-3
1.347500E-7	-1.385784E-3
1.348000E-7	-1.452589E-3
1.348500E-7	-1.474858E-3
1.349000E-7	-1.454302E-3
1.349500E-7	-1.402914E-3
1.350000E-7	-1.334396E-3
1.350500E-7	-1.240184E-3
1.351000E-7	-1.111712E-3
1.351500E-7	-9.695374E-4
1.352000E-7	-8.410662E-4
1.352500E-7	-7.211597E-4
1.353000E-7	-6.098179E-4
1.353500E-7	-4.967632E-4
1.354000E-7	-4.128287E-4
1.354500E-7	-3.734308E-4
1.355000E-7	-3.665790E-4
1.355500E-7	-3.734308E-4
1.356000E-7	-3.837085E-4
1.356500E-7	-3.922733E-4
1.357000E-7	-4.368100E-4
1.357500E-7	-5.515776E-4
1.358000E-7	-7.262985E-4
1.358500E-7	-9.027324E-4
1.359000E-7	-1.092870E-3
1.359500E-7	-1.315553E-3
1.360000E-7	-1.529672E-3
1.360500E-7	-1.676986E-3
1.361000E-7	-1.771198E-3
1.361500E-7	-1.836290E-3
1.362000E-7	-1.872262E-3
1.362500E-7	-1.865410E-3
1.363000E-7	-1.805457E-3
1.363500E-7	-1.702680E-3
1.364000E-7	-1.577635E-3
1.364500E-7	-1.430321E-3
1.365000E-7	-1.271017E-3
1.365500E-7	-1.145971E-3
1.366000E-7	-1.084305E-3
1.366500E-7	-1.077453E-3
1.367000E-7	-1.082592E-3
1.367500E-7	-1.086018E-3
1.368000E-7	-1.080879E-3
1.368500E-7	-1.044907E-3
1.369000E-7	-1.002083E-3
1.369500E-7	-9.866669E-4
1.370000E-7	-9.763892E-4
1.370500E-7	-9.421302E-4
1.371000E-7	-8.941676E-4
1.371500E-7	-8.616216E-4
1.372000E-7	-8.496309E-4
1.372500E-7	-8.342144E-4
1.373000E-7	-8.222237E-4
1.373500E-7	-8.256496E-4
1.374000E-7	-8.427791E-4
1.374500E-7	-8.616216E-4
1.375000E-7	-8.804640E-4
1.375500E-7	-8.975935E-4
1.376000E-7	-8.873158E-4
1.376500E-7	-8.581957E-4
1.377000E-7	-8.290755E-4
1.377500E-7	-8.119460E-4
1.378000E-7	-7.879647E-4
1.378500E-7	-7.639834E-4
1.379000E-7	-7.040302E-4
1.379500E-7	-6.029661E-4
1.380000E-7	-5.001891E-4
1.380500E-7	-4.368100E-4
1.381000E-7	-3.888474E-4
1.381500E-7	-3.631531E-4
1.382000E-7	-4.025510E-4
1.382500E-7	-4.933373E-4
1.383000E-7	-5.618553E-4
1.383500E-7	-6.200956E-4
1.384000E-7	-7.194467E-4
1.384500E-7	-8.290755E-4
1.385000E-7	-9.198619E-4
1.385500E-7	-1.020926E-3
1.386000E-7	-1.123703E-3
1.386500E-7	-1.156249E-3
1.387000E-7	-1.139119E-3
1.387500E-7	-1.133981E-3
1.388000E-7	-1.098009E-3
1.388500E-7	-9.815281E-4
1.389000E-7	-8.770381E-4
1.389500E-7	-8.393532E-4
1.390000E-7	-8.187978E-4
1.390500E-7	-8.222237E-4
1.391000E-7	-8.650475E-4
1.391500E-7	-8.856029E-4
1.392000E-7	-8.616216E-4
1.392500E-7	-8.787511E-4
1.393000E-7	-9.232878E-4
1.393500E-7	-9.078712E-4
1.394000E-7	-9.044453E-4
1.394500E-7	-9.712504E-4
1.395000E-7	-1.032917E-3
1.395500E-7	-1.032917E-3
1.396000E-7	-1.048333E-3
1.396500E-7	-1.139119E-3
1.397000E-7	-1.250461E-3
1.397500E-7	-1.318979E-3
1.398000E-7	-1.372081E-3
1.398500E-7	-1.423469E-3
1.399000E-7	-1.445738E-3
1.399500E-7	-1.380645E-3
1.400000E-7	-1.238471E-3
1.400500E-7	-1.089444E-3
1.401000E-7	-9.524079E-4
1.401500E-7	-7.896777E-4
1.402000E-7	-6.406510E-4
1.402500E-7	-5.687071E-4
1.403000E-7	-5.687071E-4
1.403500E-7	-6.218086E-4
1.404000E-7	-7.091690E-4
1.404500E-7	-7.948165E-4
1.405000E-7	-8.530568E-4
1.405500E-7	-9.095842E-4
1.406000E-7	-9.900928E-4
1.406500E-7	-1.053472E-3
1.407000E-7	-1.067176E-3
1.407500E-7	-1.058611E-3
1.408000E-7	-1.026065E-3
1.408500E-7	-9.455561E-4
1.409000E-7	-8.273626E-4
1.409500E-7	-7.262985E-4
1.410000E-7	-7.006043E-4
1.410500E-7	-7.434280E-4
1.411000E-7	-8.085201E-4
1.411500E-7	-9.078712E-4
1.412000E-7	-1.072314E-3
1.412500E-7	-1.257313E-3
1.413000E-7	-1.401201E-3
1.413500E-7	-1.519394E-3
1.414000E-7	-1.651292E-3
1.414500E-7	-1.760920E-3
1.415000E-7	-1.814022E-3
1.415500E-7	-1.838003E-3
1.416000E-7	-1.848281E-3
1.416500E-7	-1.810596E-3
1.417000E-7	-1.738652E-3
1.417500E-7	-1.656430E-3
1.418000E-7	-1.569070E-3
1.418500E-7	-1.456015E-3
1.419000E-7	-1.348099E-3
1.419500E-7	-1.252174E-3
1.420000E-7	-1.180230E-3
1.420500E-7	-1.108286E-3
1.421000E-7	-1.056898E-3
1.421500E-7	-1.056898E-3
1.422000E-7	-1.096296E-3
1.422500E-7	-1.101435E-3
1.423000E-7	-1.060324E-3
1.423500E-7	-1.031204E-3
1.424000E-7	-1.048333E-3
1.424500E-7	-1.084305E-3
1.425000E-7	-1.132268E-3
1.425500E-7	-1.219628E-3
1.426000E-7	-1.291572E-3
1.426500E-7	-1.306989E-3
1.427000E-7	-1.293285E-3
1.427500E-7	-1.281294E-3
1.428000E-7	-1.267591E-3
1.428500E-7	-1.253887E-3
1.429000E-7	-1.217915E-3
1.429500E-7	-1.166527E-3
1.430000E-7	-1.113425E-3
1.430500E-7	-1.038055E-3
1.431000E-7	-9.078712E-4
1.431500E-7	-7.725482E-4
1.432000E-7	-7.160208E-4
1.432500E-7	-7.297244E-4
1.433000E-7	-7.382892E-4
1.433500E-7	-7.519928E-4
1.434000E-7	-8.359273E-4
1.434500E-7	-9.900928E-4
1.435000E-7	-1.145971E-3
1.435500E-7	-1.271017E-3
1.436000E-7	-1.361803E-3
1.436500E-7	-1.423469E-3
1.437000E-7	-1.414904E-3
1.437500E-7	-1.348099E-3
1.438000E-7	-1.281294E-3
1.438500E-7	-1.214489E-3
1.439000E-7	-1.108286E-3
1.439500E-7	-9.986576E-4
1.440000E-7	-9.489820E-4
1.440500E-7	-9.095842E-4
1.441000E-7	-8.342144E-4
1.441500E-7	-7.776870E-4
1.442000E-7	-7.742611E-4
1.442500E-7	-7.434280E-4
1.443000E-7	-6.971784E-4
1.443500E-7	-6.971784E-4
1.444000E-7	-7.365762E-4
1.444500E-7	-7.588446E-4
1.445000E-7	-7.537057E-4
1.445500E-7	-7.708352E-4
1.446000E-7	-7.896777E-4
1.446500E-7	-7.931036E-4
1.447000E-7	-7.708352E-4
1.447500E-7	-7.674093E-4
1.448000E-7	-8.050942E-4
1.448500E-7	-8.770381E-4
1.449000E-7	-9.626856E-4
1.449500E-7	-1.079166E-3
1.450000E-7	-1.224767E-3
1.450500E-7	-1.351525E-3
1.451000E-7	-1.452589E-3
1.451500E-7	-1.539950E-3
1.452000E-7	-1.615320E-3
1.452500E-7	-1.658143E-3
1.453000E-7	-1.649579E-3
1.453500E-7	-1.593051E-3
1.454000E-7	-1.500552E-3
1.454500E-7	-1.389210E-3
1.455000E-7	-1.259026E-3
1.455500E-7	-1.113425E-3
1.456000E-7	-9.798151E-4
1.456500E-7	-8.753252E-4
1.457000E-7	-7.656964E-4
1.457500E-7	-6.406510E-4
1.458000E-7	-5.412999E-4
1.458500E-7	-5.070409E-4
1.459000E-7	-5.293093E-4
1.459500E-7	-5.789848E-4
1.460000E-7	-6.851877E-4
1.460500E-7	-8.444921E-4
1.461000E-7	-1.017500E-3
1.461500E-7	-1.181943E-3
1.462000E-7	-1.327544E-3
1.462500E-7	-1.440599E-3
1.463000E-7	-1.515969E-3
1.463500E-7	-1.541663E-3
1.464000E-7	-1.519394E-3
1.464500E-7	-1.461154E-3
1.465000E-7	-1.373794E-3
1.465500E-7	-1.300137E-3
1.466000E-7	-1.265878E-3
1.466500E-7	-1.245322E-3
1.467000E-7	-1.221341E-3
1.467500E-7	-1.231619E-3
1.468000E-7	-1.300137E-3
1.468500E-7	-1.366942E-3
1.469000E-7	-1.411479E-3
1.469500E-7	-1.468006E-3
1.470000E-7	-1.502265E-3
1.470500E-7	-1.454302E-3
1.471000E-7	-1.329257E-3
1.471500E-7	-1.156249E-3
1.472000E-7	-9.712504E-4
1.472500E-7	-7.913906E-4
1.473000E-7	-6.166697E-4
1.473500E-7	-4.710690E-4
1.474000E-7	-3.837085E-4
1.474500E-7	-3.631531E-4
1.475000E-7	-3.631531E-4
1.475500E-7	-3.888474E-4
1.476000E-7	-5.019021E-4
1.476500E-7	-6.594935E-4
1.477000E-7	-7.965295E-4
1.477500E-7	-8.993065E-4
1.478000E-7	-1.000371E-3
1.478500E-7	-1.086018E-3
1.479000E-7	-1.176804E-3
1.479500E-7	-1.267591E-3
1.480000E-7	-1.300137E-3
1.480500E-7	-1.257313E-3
1.481000E-7	-1.197360E-3
1.481500E-7	-1.159675E-3
1.482000E-7	-1.125416E-3
1.482500E-7	-1.062037E-3
1.483000E-7	-9.729633E-4
1.483500E-7	-8.856029E-4
1.484000E-7	-7.931036E-4
1.484500E-7	-6.749100E-4
1.485000E-7	-5.824107E-4
1.485500E-7	-5.618553E-4
1.486000E-7	-5.909755E-4
1.486500E-7	-6.218086E-4
1.487000E-7	-6.492158E-4
1.487500E-7	-6.749100E-4
1.488000E-7	-7.228726E-4
1.488500E-7	-7.571316E-4
1.489000E-7	-7.571316E-4
1.489500E-7	-7.211597E-4
1.490000E-7	-6.783359E-4
1.490500E-7	-6.406510E-4
1.491000E-7	-6.166697E-4
1.491500E-7	-6.081050E-4
1.492000E-7	-5.978273E-4
1.492500E-7	-5.584294E-4
1.493000E-7	-5.019021E-4
1.493500E-7	-4.693560E-4
1.494000E-7	-4.779208E-4
1.494500E-7	-4.813467E-4
1.495000E-7	-4.813467E-4
1.495500E-7	-5.190316E-4
1.496000E-7	-5.926884E-4
1.496500E-7	-6.749100E-4
1.497000E-7	-7.451410E-4
1.497500E-7	-8.085201E-4
1.498000E-7	-8.838899E-4
1.498500E-7	-1.010648E-3
1.499000E-7	-1.181943E-3
1.499500E-7	-1.330970E-3
1.500000E-7	-1.433747E-3
1.500500E-7	-1.502265E-3
1.501000E-7	-1.531385E-3
1.501500E-7	-1.515969E-3
1.502000E-7	-1.468006E-3
1.502500E-7	-1.406340E-3
1.503000E-7	-1.339535E-3
1.503500E-7	-1.276155E-3
1.504000E-7	-1.205925E-3
1.504500E-7	-1.101435E-3
1.505000E-7	-1.000371E-3
1.505500E-7	-9.609727E-4
1.506000E-7	-9.815281E-4
1.506500E-7	-1.010648E-3
1.507000E-7	-1.034630E-3
1.507500E-7	-1.092870E-3
1.508000E-7	-1.187082E-3
1.508500E-7	-1.277868E-3
1.509000E-7	-1.346386E-3
1.509500E-7	-1.413191E-3
1.510000E-7	-1.500552E-3
1.510500E-7	-1.562218E-3
1.511000E-7	-1.581061E-3
1.511500E-7	-1.598190E-3
1.512000E-7	-1.622171E-3
1.512500E-7	-1.613607E-3
1.513000E-7	-1.579348E-3
1.513500E-7	-1.557079E-3
1.514000E-7	-1.557079E-3
1.514500E-7	-1.548515E-3
1.515000E-7	-1.500552E-3
1.515500E-7	-1.438886E-3
1.516000E-7	-1.373794E-3
1.516500E-7	-1.312127E-3
1.517000E-7	-1.228193E-3
1.517500E-7	-1.161388E-3
1.518000E-7	-1.130555E-3
1.518500E-7	-1.106573E-3
1.519000E-7	-1.060324E-3
1.519500E-7	-1.020926E-3
1.520000E-7	-9.986576E-4
1.520500E-7	-9.678245E-4
1.521000E-7	-9.455561E-4
1.521500E-7	-9.575468E-4
1.522000E-7	-9.558338E-4
1.522500E-7	-9.164360E-4
1.523000E-7	-8.479180E-4
1.523500E-7	-7.965295E-4
1.524000E-7	-7.879647E-4
1.524500E-7	-8.016683E-4
1.525000E-7	-8.085201E-4
1.525500E-7	-8.325014E-4
1.526000E-7	-9.027324E-4
1.526500E-7	-9.832410E-4
1.527000E-7	-1.053472E-3
1.527500E-7	-1.164814E-3
1.528000E-7	-1.327544E-3
1.528500E-7	-1.469719E-3
1.529000E-7	-1.555366E-3
1.529500E-7	-1.610181E-3
1.530000E-7	-1.649579E-3
1.530500E-7	-1.659856E-3
1.531000E-7	-1.622171E-3
1.531500E-7	-1.539950E-3
1.532000E-7	-1.432034E-3
1.532500E-7	-1.289859E-3
1.533000E-7	-1.135694E-3
1.533500E-7	-9.832410E-4
1.534000E-7	-8.564827E-4
1.534500E-7	-7.519928E-4
1.535000E-7	-6.800489E-4
1.535500E-7	-6.577805E-4
1.536000E-7	-6.971784E-4
1.536500E-7	-7.502798E-4
1.537000E-7	-7.794000E-4
1.537500E-7	-8.016683E-4
1.538000E-7	-8.376403E-4
1.538500E-7	-8.650475E-4
1.539000E-7	-8.376403E-4
1.539500E-7	-7.879647E-4
1.540000E-7	-7.194467E-4
1.540500E-7	-6.235215E-4
1.541000E-7	-5.447258E-4
1.541500E-7	-4.916244E-4
1.542000E-7	-4.436618E-4
1.542500E-7	-4.179675E-4
1.543000E-7	-4.368100E-4
1.543500E-7	-4.625042E-4
1.544000E-7	-4.864855E-4
1.544500E-7	-5.584294E-4
1.545000E-7	-6.200956E-4
1.545500E-7	-6.269474E-4
1.546000E-7	-6.286604E-4
1.546500E-7	-6.612064E-4
1.547000E-7	-6.937525E-4
1.547500E-7	-7.348633E-4
1.548000E-7	-8.222237E-4
1.548500E-7	-9.369914E-4
1.549000E-7	-1.055185E-3
1.549500E-7	-1.151110E-3
1.550000E-7	-1.240184E-3
1.550500E-7	-1.334396E-3
1.551000E-7	-1.440599E-3
1.551500E-7	-1.541663E-3
1.552000E-7	-1.611894E-3
1.552500E-7	-1.634162E-3
1.553000E-7	-1.570783E-3
1.553500E-7	-1.392636E-3
1.554000E-7	-1.115138E-3
1.554500E-7	-8.136590E-4
1.555000E-7	-5.395870E-4
1.555500E-7	-3.083387E-4
1.556000E-7	-1.473214E-4
1.556500E-7	-8.394226E-5
1.557000E-7	-8.565521E-5
1.557500E-7	-1.473214E-4
1.558000E-7	-2.946351E-4
1.558500E-7	-5.173186E-4
1.559000E-7	-7.554187E-4
1.559500E-7	-1.024352E-3
1.560000E-7	-1.313840E-3
1.560500E-7	-1.543376E-3
1.561000E-7	-1.675273E-3
1.561500E-7	-1.762633E-3
1.562000E-7	-1.803744E-3
1.562500E-7	-1.791753E-3
1.563000E-7	-1.745504E-3
1.563500E-7	-1.682125E-3
1.564000E-7	-1.591338E-3
1.564500E-7	-1.497126E-3
1.565000E-7	-1.423469E-3
1.565500E-7	-1.356664E-3
1.566000E-7	-1.305276E-3
1.566500E-7	-1.315553E-3
1.567000E-7	-1.365229E-3
1.567500E-7	-1.378932E-3
1.568000E-7	-1.339535E-3
1.568500E-7	-1.281294E-3
1.569000E-7	-1.231619E-3
1.569500E-7	-1.142545E-3
1.570000E-7	-1.034630E-3
1.570500E-7	-9.506950E-4
1.571000E-7	-8.753252E-4
1.571500E-7	-7.708352E-4
1.572000E-7	-6.920395E-4
1.572500E-7	-6.903266E-4
1.573000E-7	-7.245856E-4
1.573500E-7	-7.691223E-4
1.574000E-7	-8.393532E-4
1.574500E-7	-9.404173E-4
1.575000E-7	-1.034630E-3
1.575500E-7	-1.116851E-3
1.576000E-7	-1.193934E-3
1.576500E-7	-1.247035E-3
1.577000E-7	-1.305276E-3
1.577500E-7	-1.361803E-3
1.578000E-7	-1.409766E-3
1.578500E-7	-1.426895E-3
1.579000E-7	-1.397775E-3
1.579500E-7	-1.325831E-3
1.580000E-7	-1.271017E-3
1.580500E-7	-1.262452E-3
1.581000E-7	-1.264165E-3
1.581500E-7	-1.264165E-3
1.582000E-7	-1.265878E-3
1.582500E-7	-1.286433E-3
1.583000E-7	-1.339535E-3
1.583500E-7	-1.396062E-3
1.584000E-7	-1.457728E-3
1.584500E-7	-1.560505E-3
1.585000E-7	-1.690689E-3
1.585500E-7	-1.771198E-3
1.586000E-7	-1.776337E-3
1.586500E-7	-1.743791E-3
1.587000E-7	-1.692402E-3
1.587500E-7	-1.629023E-3
1.588000E-7	-1.526246E-3
1.588500E-7	-1.414904E-3
1.589000E-7	-1.373794E-3
1.589500E-7	-1.401201E-3
1.590000E-7	-1.421756E-3
1.590500E-7	-1.406340E-3
1.591000E-7	-1.411479E-3
1.591500E-7	-1.447451E-3
1.592000E-7	-1.454302E-3
1.592500E-7	-1.461154E-3
1.593000E-7	-1.493700E-3
1.593500E-7	-1.514256E-3
1.594000E-7	-1.502265E-3
1.594500E-7	-1.507404E-3
1.595000E-7	-1.505691E-3
1.595500E-7	-1.438886E-3
1.596000E-7	-1.361803E-3
1.596500E-7	-1.300137E-3
1.597000E-7	-1.226480E-3
1.597500E-7	-1.133981E-3
1.598000E-7	-1.096296E-3
1.598500E-7	-1.115138E-3
1.599000E-7	-1.123703E-3
1.599500E-7	-1.096296E-3
1.600000E-7	-1.060324E-3
1.600500E-7	-1.024352E-3
1.601000E-7	-9.883799E-4
1.601500E-7	-9.524079E-4
1.602000E-7	-9.301396E-4
1.602500E-7	-9.387043E-4
1.603000E-7	-9.832410E-4
1.603500E-7	-1.032917E-3
1.604000E-7	-1.091157E-3
1.604500E-7	-1.185369E-3
1.605000E-7	-1.313840E-3
1.605500E-7	-1.449163E-3
1.606000E-7	-1.563931E-3
1.606500E-7	-1.637588E-3
1.607000E-7	-1.654717E-3
1.607500E-7	-1.629023E-3
1.608000E-7	-1.584487E-3
1.608500E-7	-1.490274E-3
1.609000E-7	-1.360090E-3
1.609500E-7	-1.269304E-3
1.610000E-7	-1.207637E-3
1.610500E-7	-1.116851E-3
1.611000E-7	-1.043194E-3
1.611500E-7	-1.058611E-3
1.612000E-7	-1.104860E-3
1.612500E-7	-1.139119E-3
1.613000E-7	-1.195647E-3
1.613500E-7	-1.267591E-3
1.614000E-7	-1.332683E-3
1.614500E-7	-1.408053E-3
1.615000E-7	-1.468006E-3
1.615500E-7	-1.486848E-3
1.616000E-7	-1.462867E-3
1.616500E-7	-1.418330E-3
1.617000E-7	-1.389210E-3
1.617500E-7	-1.380645E-3
1.618000E-7	-1.365229E-3
1.618500E-7	-1.296711E-3
1.619000E-7	-1.202499E-3
1.619500E-7	-1.157962E-3
1.620000E-7	-1.157962E-3
1.620500E-7	-1.147684E-3
1.621000E-7	-1.103148E-3
1.621500E-7	-1.048333E-3
1.622000E-7	-9.986576E-4
1.622500E-7	-9.164360E-4
1.623000E-7	-7.794000E-4
1.623500E-7	-6.269474E-4
1.624000E-7	-5.070409E-4
1.624500E-7	-4.402359E-4
1.625000E-7	-4.385229E-4
1.625500E-7	-5.070409E-4
1.626000E-7	-6.440769E-4
1.626500E-7	-8.342144E-4
1.627000E-7	-1.039768E-3
1.627500E-7	-1.219628E-3
1.628000E-7	-1.353238E-3
1.628500E-7	-1.452589E-3
1.629000E-7	-1.534811E-3
1.629500E-7	-1.567357E-3
1.630000E-7	-1.522820E-3
1.630500E-7	-1.435460E-3
1.631000E-7	-1.334396E-3
1.631500E-7	-1.245322E-3
1.632000E-7	-1.176804E-3
1.632500E-7	-1.116851E-3
1.633000E-7	-1.075740E-3
1.633500E-7	-1.068889E-3
1.634000E-7	-1.103148E-3
1.634500E-7	-1.161388E-3
1.635000E-7	-1.241896E-3
1.635500E-7	-1.310414E-3
1.636000E-7	-1.358377E-3
1.636500E-7	-1.361803E-3
1.637000E-7	-1.293285E-3
1.637500E-7	-1.157962E-3
1.638000E-7	-9.900928E-4
1.638500E-7	-8.153719E-4
1.639000E-7	-6.389381E-4
1.639500E-7	-5.087539E-4
1.640000E-7	-4.556524E-4
1.640500E-7	-4.333841E-4
1.641000E-7	-4.128287E-4
1.641500E-7	-4.453747E-4
1.642000E-7	-5.738460E-4
1.642500E-7	-7.211597E-4
1.643000E-7	-8.256496E-4
1.643500E-7	-9.112971E-4
1.644000E-7	-9.746763E-4
1.644500E-7	-9.712504E-4
1.645000E-7	-9.010194E-4
1.645500E-7	-8.170849E-4
1.646000E-7	-7.400021E-4
1.646500E-7	-6.697712E-4
1.647000E-7	-6.063920E-4
1.647500E-7	-5.293093E-4
1.648000E-7	-4.539395E-4
1.648500E-7	-3.991251E-4
1.649000E-7	-3.271812E-4
1.649500E-7	-2.329689E-4
1.650000E-7	-1.507473E-4
1.650500E-7	-9.421996E-5
1.651000E-7	-7.537751E-5
1.651500E-7	-1.044977E-4
1.652000E-7	-1.730157E-4
1.652500E-7	-2.261171E-4
1.653000E-7	-2.757927E-4
1.653500E-7	-3.494495E-4
1.654000E-7	-4.402359E-4
1.654500E-7	-5.156057E-4
1.655000E-7	-5.704201E-4
1.655500E-7	-6.115309E-4
1.656000E-7	-6.509287E-4
1.656500E-7	-7.245856E-4
1.657000E-7	-8.102331E-4
1.657500E-7	-8.547698E-4
1.658000E-7	-8.616216E-4
1.658500E-7	-8.650475E-4
1.659000E-7	-8.736122E-4
1.659500E-7	-8.873158E-4
1.660000E-7	-9.181489E-4
1.660500E-7	-9.609727E-4
1.661000E-7	-1.010648E-3
1.661500E-7	-1.104860E-3
1.662000E-7	-1.217915E-3
1.662500E-7	-1.296711E-3
1.663000E-7	-1.344673E-3
1.663500E-7	-1.399488E-3
1.664000E-7	-1.457728E-3
1.664500E-7	-1.503978E-3
1.665000E-7	-1.502265E-3
1.665500E-7	-1.421756E-3
1.666000E-7	-1.300137E-3
1.666500E-7	-1.202499E-3
1.667000E-7	-1.101435E-3
1.667500E-7	-9.318525E-4
1.668000E-7	-7.485669E-4
1.668500E-7	-6.063920E-4
1.669000E-7	-5.001891E-4
1.669500E-7	-4.196805E-4
1.670000E-7	-4.076898E-4
1.670500E-7	-4.762078E-4
1.671000E-7	-5.909755E-4
1.671500E-7	-7.434280E-4
1.672000E-7	-9.352784E-4
1.672500E-7	-1.130555E-3
1.673000E-7	-1.306989E-3
1.673500E-7	-1.461154E-3
1.674000E-7	-1.594764E-3
1.674500E-7	-1.664995E-3
1.675000E-7	-1.663282E-3
1.675500E-7	-1.634162E-3
1.676000E-7	-1.599903E-3
1.676500E-7	-1.546802E-3
1.677000E-7	-1.461154E-3
1.677500E-7	-1.385784E-3
1.678000E-7	-1.313840E-3
1.678500E-7	-1.216202E-3
1.679000E-7	-1.118564E-3
1.679500E-7	-1.055185E-3
1.680000E-7	-1.002083E-3
1.680500E-7	-9.421302E-4
1.681000E-7	-9.301396E-4
1.681500E-7	-9.626856E-4
1.682000E-7	-9.832410E-4
1.682500E-7	-9.781022E-4
1.683000E-7	-9.900928E-4
1.683500E-7	-1.070601E-3
1.684000E-7	-1.205925E-3
1.684500E-7	-1.337822E-3
1.685000E-7	-1.413191E-3
1.685500E-7	-1.447451E-3
1.686000E-7	-1.476571E-3
1.686500E-7	-1.524533E-3
1.687000E-7	-1.574209E-3
1.687500E-7	-1.594764E-3
1.688000E-7	-1.563931E-3
1.688500E-7	-1.493700E-3
1.689000E-7	-1.418330E-3
1.689500E-7	-1.348099E-3
1.690000E-7	-1.274443E-3
1.690500E-7	-1.207637E-3
1.691000E-7	-1.151110E-3
1.691500E-7	-1.123703E-3
1.692000E-7	-1.128842E-3
1.692500E-7	-1.147684E-3
1.693000E-7	-1.149397E-3
1.693500E-7	-1.166527E-3
1.694000E-7	-1.202499E-3
1.694500E-7	-1.188795E-3
1.695000E-7	-1.127129E-3
1.695500E-7	-1.077453E-3
1.696000E-7	-1.070601E-3
1.696500E-7	-1.068889E-3
1.697000E-7	-1.084305E-3
1.697500E-7	-1.127129E-3
1.698000E-7	-1.156249E-3
1.698500E-7	-1.147684E-3
1.699000E-7	-1.108286E-3
1.699500E-7	-1.058611E-3
1.700000E-7	-1.055185E-3
1.700500E-7	-1.089444E-3
1.701000E-7	-1.104860E-3
1.701500E-7	-1.111712E-3
1.702000E-7	-1.163101E-3
1.702500E-7	-1.216202E-3
1.703000E-7	-1.193934E-3
1.703500E-7	-1.159675E-3
1.704000E-7	-1.168240E-3
1.704500E-7	-1.175091E-3
1.705000E-7	-1.144258E-3
1.705500E-7	-1.120277E-3
1.706000E-7	-1.086018E-3
1.706500E-7	-1.003796E-3
1.707000E-7	-9.301396E-4
1.707500E-7	-8.924547E-4
1.708000E-7	-8.564827E-4
1.708500E-7	-8.136590E-4
1.709000E-7	-7.896777E-4
1.709500E-7	-7.776870E-4
1.710000E-7	-7.691223E-4
1.710500E-7	-7.554187E-4
1.711000E-7	-7.639834E-4
1.711500E-7	-8.187978E-4
1.712000E-7	-9.198619E-4
1.712500E-7	-1.014074E-3
1.713000E-7	-1.103148E-3
1.713500E-7	-1.211063E-3
1.714000E-7	-1.336109E-3
1.714500E-7	-1.397775E-3
1.715000E-7	-1.390923E-3
1.715500E-7	-1.382358E-3
1.716000E-7	-1.406340E-3
1.716500E-7	-1.406340E-3
1.717000E-7	-1.358377E-3
1.717500E-7	-1.325831E-3
1.718000E-7	-1.339535E-3
1.718500E-7	-1.330970E-3
1.719000E-7	-1.252174E-3
1.719500E-7	-1.142545E-3
1.720000E-7	-1.075740E-3
1.720500E-7	-1.038055E-3
1.721000E-7	-1.031204E-3
1.721500E-7	-1.092870E-3
1.722000E-7	-1.226480E-3
1.722500E-7	-1.396062E-3
1.723000E-7	-1.596477E-3
1.723500E-7	-1.783189E-3
1.724000E-7	-1.906521E-3
1.724500E-7	-1.987030E-3
1.725000E-7	-2.057261E-3
1.725500E-7	-2.081242E-3
1.726000E-7	-2.057261E-3
1.726500E-7	-2.023002E-3
1.727000E-7	-1.935641E-3
1.727500E-7	-1.743791E-3
1.728000E-7	-1.514256E-3
1.728500E-7	-1.329257E-3
1.729000E-7	-1.180230E-3
1.729500E-7	-1.077453E-3
1.730000E-7	-1.058611E-3
1.730500E-7	-1.113425E-3
1.731000E-7	-1.217915E-3
1.731500E-7	-1.372081E-3
1.732000E-7	-1.517681E-3
1.732500E-7	-1.581061E-3
1.733000E-7	-1.581061E-3
1.733500E-7	-1.541663E-3
1.734000E-7	-1.432034E-3
1.734500E-7	-1.264165E-3
1.735000E-7	-1.080879E-3
1.735500E-7	-8.599086E-4
1.736000E-7	-6.115309E-4
1.736500E-7	-4.025510E-4
1.737000E-7	-2.706538E-4
1.737500E-7	-1.987099E-4
1.738000E-7	-2.124135E-4
1.738500E-7	-3.100517E-4
1.739000E-7	-4.453747E-4
1.739500E-7	-5.926884E-4
1.740000E-7	-7.537057E-4
1.740500E-7	-8.907417E-4
1.741000E-7	-9.678245E-4
1.741500E-7	-9.986576E-4
1.742000E-7	-1.005509E-3
1.742500E-7	-9.438432E-4
1.743000E-7	-8.342144E-4
1.743500E-7	-7.040302E-4
1.744000E-7	-5.669942E-4
1.744500E-7	-4.453747E-4
1.745000E-7	-3.768567E-4
1.745500E-7	-3.665790E-4
1.746000E-7	-3.802826E-4
1.746500E-7	-4.470877E-4
1.747000E-7	-5.961143E-4
1.747500E-7	-7.913906E-4
1.748000E-7	-9.986576E-4
1.748500E-7	-1.197360E-3
1.749000E-7	-1.396062E-3
1.749500E-7	-1.584487E-3
1.750000E-7	-1.740365E-3
1.750500E-7	-1.846568E-3
1.751000E-7	-1.880827E-3
1.751500E-7	-1.820874E-3
1.752000E-7	-1.699254E-3
1.752500E-7	-1.548515E-3
1.753000E-7	-1.366942E-3
1.753500E-7	-1.164814E-3
1.754000E-7	-9.712504E-4
1.754500E-7	-8.256496E-4
1.755000E-7	-7.262985E-4
1.755500E-7	-6.886136E-4
1.756000E-7	-7.228726E-4
1.756500E-7	-7.913906E-4
1.757000E-7	-8.581957E-4
1.757500E-7	-9.472691E-4
1.758000E-7	-1.063750E-3
1.758500E-7	-1.169953E-3
1.759000E-7	-1.248748E-3
1.759500E-7	-1.301850E-3
1.760000E-7	-1.348099E-3
1.760500E-7	-1.384071E-3
1.761000E-7	-1.399488E-3
1.761500E-7	-1.389210E-3
1.762000E-7	-1.372081E-3
1.762500E-7	-1.349812E-3
1.763000E-7	-1.274443E-3
1.763500E-7	-1.169953E-3
1.764000E-7	-1.121990E-3
1.764500E-7	-1.125416E-3
1.765000E-7	-1.101435E-3
1.765500E-7	-1.091157E-3
1.766000E-7	-1.133981E-3
1.766500E-7	-1.166527E-3
1.767000E-7	-1.161388E-3
1.767500E-7	-1.168240E-3
1.768000E-7	-1.197360E-3
1.768500E-7	-1.190508E-3
1.769000E-7	-1.145971E-3
1.769500E-7	-1.133981E-3
1.770000E-7	-1.161388E-3
1.770500E-7	-1.187082E-3
1.771000E-7	-1.229906E-3
1.771500E-7	-1.279581E-3
1.772000E-7	-1.341248E-3
1.772500E-7	-1.421756E-3
1.773000E-7	-1.490274E-3
1.773500E-7	-1.507404E-3
1.774000E-7	-1.522820E-3
1.774500E-7	-1.565644E-3
1.775000E-7	-1.582774E-3
1.775500E-7	-1.562218E-3
1.776000E-7	-1.572496E-3
1.776500E-7	-1.586199E-3
1.777000E-7	-1.575922E-3
1.777500E-7	-1.594764E-3
1.778000E-7	-1.654717E-3
1.778500E-7	-1.682125E-3
1.779000E-7	-1.673560E-3
1.779500E-7	-1.661569E-3
1.780000E-7	-1.620458E-3
1.780500E-7	-1.536524E-3
1.781000E-7	-1.430321E-3
1.781500E-7	-1.308702E-3
1.782000E-7	-1.214489E-3
1.782500E-7	-1.178517E-3
1.783000E-7	-1.178517E-3
1.783500E-7	-1.204212E-3
1.784000E-7	-1.291572E-3
1.784500E-7	-1.442312E-3
1.785000E-7	-1.610181E-3
1.785500E-7	-1.802031E-3
1.786000E-7	-2.002446E-3
1.786500E-7	-2.136056E-3
1.787000E-7	-2.202861E-3
1.787500E-7	-2.228556E-3
1.788000E-7	-2.184019E-3
1.788500E-7	-2.064113E-3
1.789000E-7	-1.904808E-3
1.789500E-7	-1.731800E-3
1.790000E-7	-1.555366E-3
1.790500E-7	-1.397775E-3
1.791000E-7	-1.241896E-3
1.791500E-7	-1.067176E-3
1.792000E-7	-9.215748E-4
1.792500E-7	-8.325014E-4
1.793000E-7	-7.297244E-4
1.793500E-7	-6.303733E-4
1.794000E-7	-5.961143E-4
1.794500E-7	-6.372251E-4
1.795000E-7	-7.400021E-4
1.795500E-7	-8.941676E-4
1.796000E-7	-1.046620E-3
1.796500E-7	-1.139119E-3
1.797000E-7	-1.183656E-3
1.797500E-7	-1.204212E-3
1.798000E-7	-1.193934E-3
1.798500E-7	-1.187082E-3
1.799000E-7	-1.207637E-3
1.799500E-7	-1.228193E-3
1.800000E-7	-1.241896E-3
1.800500E-7	-1.265878E-3
1.801000E-7	-1.267591E-3
1.801500E-7	-1.247035E-3
1.802000E-7	-1.267591E-3
1.802500E-7	-1.318979E-3
1.803000E-7	-1.382358E-3
1.803500E-7	-1.461154E-3
1.804000E-7	-1.550228E-3
1.804500E-7	-1.569070E-3
1.805000E-7	-1.539950E-3
1.805500E-7	-1.512543E-3
1.806000E-7	-1.474858E-3
1.806500E-7	-1.428608E-3
1.807000E-7	-1.430321E-3
1.807500E-7	-1.473145E-3
1.808000E-7	-1.524533E-3
1.808500E-7	-1.596477E-3
1.809000E-7	-1.683838E-3
1.809500E-7	-1.760920E-3
1.810000E-7	-1.851707E-3
1.810500E-7	-1.952771E-3
1.811000E-7	-2.014437E-3
1.811500E-7	-2.033279E-3
1.812000E-7	-2.053835E-3
1.812500E-7	-2.034992E-3
1.813000E-7	-1.927077E-3
1.813500E-7	-1.762633E-3
1.814000E-7	-1.563931E-3
1.814500E-7	-1.353238E-3
1.815000E-7	-1.161388E-3
1.815500E-7	-1.005509E-3
1.816000E-7	-8.907417E-4
1.816500E-7	-8.496309E-4
1.817000E-7	-8.753252E-4
1.817500E-7	-9.301396E-4
1.818000E-7	-1.014074E-3
1.818500E-7	-1.166527E-3
1.819000E-7	-1.339535E-3
1.819500E-7	-1.457728E-3
1.820000E-7	-1.529672E-3
1.820500E-7	-1.558792E-3
1.821000E-7	-1.527959E-3
1.821500E-7	-1.466293E-3
1.822000E-7	-1.390923E-3
1.822500E-7	-1.265878E-3
1.823000E-7	-1.098009E-3
1.823500E-7	-9.609727E-4
1.824000E-7	-8.975935E-4
1.824500E-7	-8.530568E-4
1.825000E-7	-8.170849E-4
1.825500E-7	-8.393532E-4
1.826000E-7	-9.164360E-4
1.826500E-7	-1.015787E-3
1.827000E-7	-1.123703E-3
1.827500E-7	-1.286433E-3
1.828000E-7	-1.495413E-3
1.828500E-7	-1.704393E-3
1.829000E-7	-1.820874E-3
1.829500E-7	-1.873975E-3
1.830000E-7	-1.892818E-3
1.830500E-7	-1.836290E-3
1.831000E-7	-1.675273E-3
1.831500E-7	-1.531385E-3
1.832000E-7	-1.474858E-3
1.832500E-7	-1.435460E-3
1.833000E-7	-1.387497E-3
1.833500E-7	-1.361803E-3
1.834000E-7	-1.334396E-3
1.834500E-7	-1.271017E-3
1.835000E-7	-1.229906E-3
1.835500E-7	-1.243609E-3
1.836000E-7	-1.286433E-3
1.836500E-7	-1.315553E-3
1.837000E-7	-1.322405E-3
1.837500E-7	-1.303563E-3
1.838000E-7	-1.245322E-3
1.838500E-7	-1.149397E-3
1.839000E-7	-1.053472E-3
1.839500E-7	-1.020926E-3
1.840000E-7	-1.008935E-3
1.840500E-7	-9.506950E-4
1.841000E-7	-9.095842E-4
1.841500E-7	-9.575468E-4
1.842000E-7	-1.039768E-3
1.842500E-7	-1.113425E-3
1.843000E-7	-1.223054E-3
1.843500E-7	-1.380645E-3
1.844000E-7	-1.491987E-3
1.844500E-7	-1.562218E-3
1.845000E-7	-1.625597E-3
1.845500E-7	-1.664995E-3
1.846000E-7	-1.678699E-3
1.846500E-7	-1.666708E-3
1.847000E-7	-1.625597E-3
1.847500E-7	-1.591338E-3
1.848000E-7	-1.594764E-3
1.848500E-7	-1.587912E-3
1.849000E-7	-1.509117E-3
1.849500E-7	-1.401201E-3
1.850000E-7	-1.306989E-3
1.850500E-7	-1.185369E-3
1.851000E-7	-1.048333E-3
1.851500E-7	-9.849540E-4
1.852000E-7	-1.000371E-3
1.852500E-7	-1.024352E-3
1.853000E-7	-1.046620E-3
1.853500E-7	-1.125416E-3
1.854000E-7	-1.248748E-3
1.854500E-7	-1.358377E-3
1.855000E-7	-1.442312E-3
1.855500E-7	-1.478284E-3
1.856000E-7	-1.464580E-3
1.856500E-7	-1.416617E-3
1.857000E-7	-1.337822E-3
1.857500E-7	-1.200786E-3
1.858000E-7	-1.027778E-3
1.858500E-7	-8.633345E-4
1.859000E-7	-7.160208E-4
1.859500E-7	-5.841237E-4
1.860000E-7	-4.916244E-4
1.860500E-7	-4.659301E-4
1.861000E-7	-4.967632E-4
1.861500E-7	-5.909755E-4
1.862000E-7	-7.125949E-4
1.862500E-7	-8.376403E-4
1.863000E-7	-9.712504E-4
1.863500E-7	-1.130555E-3
1.864000E-7	-1.265878E-3
1.864500E-7	-1.344673E-3
1.865000E-7	-1.356664E-3
1.865500E-7	-1.332683E-3
1.866000E-7	-1.298424E-3
1.866500E-7	-1.264165E-3
1.867000E-7	-1.205925E-3
1.867500E-7	-1.166527E-3
1.868000E-7	-1.200786E-3
1.868500E-7	-1.260739E-3
1.869000E-7	-1.313840E-3
1.869500E-7	-1.390923E-3
1.870000E-7	-1.473145E-3
1.870500E-7	-1.502265E-3
1.871000E-7	-1.468006E-3
1.871500E-7	-1.401201E-3
1.872000E-7	-1.313840E-3
1.872500E-7	-1.223054E-3
1.873000E-7	-1.154536E-3
1.873500E-7	-1.098009E-3
1.874000E-7	-1.024352E-3
1.874500E-7	-9.763892E-4
1.875000E-7	-9.866669E-4
1.875500E-7	-1.056898E-3
1.876000E-7	-1.193934E-3
1.876500E-7	-1.370368E-3
1.877000E-7	-1.536524E-3
1.877500E-7	-1.695828E-3
1.878000E-7	-1.856846E-3
1.878500E-7	-1.956197E-3
1.879000E-7	-1.956197E-3
1.879500E-7	-1.921938E-3
1.880000E-7	-1.884253E-3
1.880500E-7	-1.786615E-3
1.881000E-7	-1.594764E-3
1.881500E-7	-1.384071E-3
1.882000E-7	-1.204212E-3
1.882500E-7	-1.022639E-3
1.883000E-7	-8.650475E-4
1.883500E-7	-7.571316E-4
1.884000E-7	-7.125949E-4
1.884500E-7	-6.920395E-4
1.885000E-7	-6.817618E-4
1.885500E-7	-7.023172E-4
1.886000E-7	-7.742611E-4
1.886500E-7	-8.650475E-4
1.887000E-7	-9.369914E-4
1.887500E-7	-1.010648E-3
1.888000E-7	-1.091157E-3
1.888500E-7	-1.161388E-3
1.889000E-7	-1.197360E-3
1.889500E-7	-1.209350E-3
1.890000E-7	-1.209350E-3
1.890500E-7	-1.169953E-3
1.891000E-7	-1.108286E-3
1.891500E-7	-1.036342E-3
1.892000E-7	-9.643986E-4
1.892500E-7	-9.095842E-4
1.893000E-7	-9.044453E-4
1.893500E-7	-9.592597E-4
1.894000E-7	-1.043194E-3
1.894500E-7	-1.132268E-3
1.895000E-7	-1.217915E-3
1.895500E-7	-1.288146E-3
1.896000E-7	-1.370368E-3
1.896500E-7	-1.462867E-3
1.897000E-7	-1.531385E-3
1.897500E-7	-1.545089E-3
1.898000E-7	-1.521107E-3
1.898500E-7	-1.452589E-3
1.899000E-7	-1.327544E-3
1.899500E-7	-1.173378E-3
1.900000E-7	-1.032917E-3
1.900500E-7	-9.215748E-4
1.901000E-7	-8.256496E-4
1.901500E-7	-7.725482E-4
1.902000E-7	-7.708352E-4
1.902500E-7	-7.674093E-4
1.903000E-7	-7.519928E-4
1.903500E-7	-8.085201E-4
1.904000E-7	-9.506950E-4
1.904500E-7	-1.125416E-3
1.905000E-7	-1.324118E-3
1.905500E-7	-1.557079E-3
1.906000E-7	-1.783189E-3
1.906500E-7	-1.933928E-3
1.907000E-7	-2.012724E-3
1.907500E-7	-2.043557E-3
1.908000E-7	-2.031566E-3
1.908500E-7	-1.978465E-3
1.909000E-7	-1.880827E-3
1.909500E-7	-1.736939E-3
1.910000E-7	-1.581061E-3
1.910500E-7	-1.432034E-3
1.911000E-7	-1.269304E-3
1.911500E-7	-1.111712E-3
1.912000E-7	-1.032917E-3
1.912500E-7	-1.048333E-3
1.913000E-7	-1.104860E-3
1.913500E-7	-1.166527E-3
1.914000E-7	-1.250461E-3
1.914500E-7	-1.384071E-3
1.915000E-7	-1.512543E-3
1.915500E-7	-1.562218E-3
1.916000E-7	-1.548515E-3
1.916500E-7	-1.522820E-3
1.917000E-7	-1.469719E-3
1.917500E-7	-1.342961E-3
1.918000E-7	-1.163101E-3
1.918500E-7	-9.969446E-4
1.919000E-7	-8.325014E-4
1.919500E-7	-6.577805E-4
1.920000E-7	-5.258834E-4
1.920500E-7	-4.625042E-4
1.921000E-7	-4.453747E-4
1.921500E-7	-4.607913E-4
1.922000E-7	-5.464388E-4
1.922500E-7	-7.023172E-4
1.923000E-7	-8.924547E-4
1.923500E-7	-1.060324E-3
1.924000E-7	-1.192221E-3
1.924500E-7	-1.301850E-3
1.925000E-7	-1.411479E-3
1.925500E-7	-1.510830E-3
1.926000E-7	-1.594764E-3
1.926500E-7	-1.675273E-3
1.927000E-7	-1.752356E-3
1.927500E-7	-1.808883E-3
1.928000E-7	-1.812309E-3
1.928500E-7	-1.783189E-3
1.929000E-7	-1.730087E-3
1.929500E-7	-1.656430E-3
1.930000E-7	-1.569070E-3
1.930500E-7	-1.464580E-3
1.931000E-7	-1.356664E-3
1.931500E-7	-1.226480E-3
1.932000E-7	-1.063750E-3
1.932500E-7	-8.975935E-4
1.933000E-7	-7.571316E-4
1.933500E-7	-6.286604E-4
1.934000E-7	-5.293093E-4
1.934500E-7	-4.933373E-4
1.935000E-7	-5.241704E-4
1.935500E-7	-5.978273E-4
1.936000E-7	-7.160208E-4
1.936500E-7	-8.941676E-4
1.937000E-7	-1.094583E-3
1.937500E-7	-1.281294E-3
1.938000E-7	-1.442312E-3
1.938500E-7	-1.581061E-3
1.939000E-7	-1.685551E-3
1.939500E-7	-1.743791E-3
1.940000E-7	-1.784902E-3
1.940500E-7	-1.791753E-3
1.941000E-7	-1.731800E-3
1.941500E-7	-1.622171E-3
1.942000E-7	-1.536524E-3
1.942500E-7	-1.473145E-3
1.943000E-7	-1.389210E-3
1.943500E-7	-1.267591E-3
1.944000E-7	-1.137407E-3
1.944500E-7	-1.014074E-3
1.945000E-7	-8.787511E-4
1.945500E-7	-7.605575E-4
1.946000E-7	-6.766230E-4
1.946500E-7	-6.252345E-4
1.947000E-7	-5.909755E-4
1.947500E-7	-5.687071E-4
1.948000E-7	-5.550035E-4
1.948500E-7	-5.669942E-4
1.949000E-7	-5.995402E-4
1.949500E-7	-6.543546E-4
1.950000E-7	-7.108820E-4
1.950500E-7	-7.656964E-4
1.951000E-7	-8.136590E-4
1.951500E-7	-8.513439E-4
1.952000E-7	-8.393532E-4
1.952500E-7	-8.068072E-4
1.953000E-7	-7.999554E-4
1.953500E-7	-8.016683E-4
1.954000E-7	-7.622705E-4
1.954500E-7	-7.331503E-4
1.955000E-7	-7.434280E-4
1.955500E-7	-7.365762E-4
1.956000E-7	-7.091690E-4
1.956500E-7	-7.108820E-4
1.957000E-7	-7.468539E-4
1.957500E-7	-7.759741E-4
1.958000E-7	-8.033813E-4
1.958500E-7	-8.444921E-4
1.959000E-7	-8.718993E-4
1.959500E-7	-8.856029E-4
1.960000E-7	-9.215748E-4
1.960500E-7	-9.763892E-4
1.961000E-7	-1.024352E-3
1.961500E-7	-1.094583E-3
1.962000E-7	-1.190508E-3
1.962500E-7	-1.267591E-3
1.963000E-7	-1.329257E-3
1.963500E-7	-1.356664E-3
1.964000E-7	-1.342961E-3
1.964500E-7	-1.322405E-3
1.965000E-7	-1.308702E-3
1.965500E-7	-1.283007E-3
1.966000E-7	-1.252174E-3
1.966500E-7	-1.233332E-3
1.967000E-7	-1.202499E-3
1.967500E-7	-1.175091E-3
1.968000E-7	-1.214489E-3
1.968500E-7	-1.286433E-3
1.969000E-7	-1.308702E-3
1.969500E-7	-1.305276E-3
1.970000E-7	-1.336109E-3
1.970500E-7	-1.346386E-3
1.971000E-7	-1.312127E-3
1.971500E-7	-1.306989E-3
1.972000E-7	-1.324118E-3
1.972500E-7	-1.283007E-3
1.973000E-7	-1.199073E-3
1.973500E-7	-1.137407E-3
1.974000E-7	-1.068889E-3
1.974500E-7	-9.678245E-4
1.975000E-7	-8.650475E-4
1.975500E-7	-7.674093E-4
1.976000E-7	-6.783359E-4
1.976500E-7	-6.406510E-4
1.977000E-7	-6.355122E-4
1.977500E-7	-6.320863E-4
1.978000E-7	-6.612064E-4
1.978500E-7	-7.571316E-4
1.979000E-7	-8.975935E-4
1.979500E-7	-1.068889E-3
1.980000E-7	-1.240184E-3
1.980500E-7	-1.330970E-3
1.981000E-7	-1.324118E-3
1.981500E-7	-1.293285E-3
1.982000E-7	-1.271017E-3
1.982500E-7	-1.193934E-3
1.983000E-7	-1.075740E-3
1.983500E-7	-9.969446E-4
1.984000E-7	-9.883799E-4
1.984500E-7	-9.986576E-4
1.985000E-7	-1.010648E-3
1.985500E-7	-1.056898E-3
1.986000E-7	-1.178517E-3
1.986500E-7	-1.360090E-3
1.987000E-7	-1.555366E-3
1.987500E-7	-1.772911E-3
1.988000E-7	-1.990456E-3
1.988500E-7	-2.139482E-3
1.989000E-7	-2.223417E-3
1.989500E-7	-2.288509E-3
1.990000E-7	-2.291935E-3
1.990500E-7	-2.199436E-3
1.991000E-7	-2.048696E-3
1.991500E-7	-1.884253E-3
1.992000E-7	-1.707819E-3
1.992500E-7	-1.527959E-3
1.993000E-7	-1.354951E-3
1.993500E-7	-1.202499E-3
1.994000E-7	-1.109999E-3
1.994500E-7	-1.062037E-3
1.995000E-7	-1.015787E-3
1.995500E-7	-1.000371E-3
1.996000E-7	-1.072314E-3
1.996500E-7	-1.173378E-3
1.997000E-7	-1.245322E-3
1.997500E-7	-1.306989E-3
1.998000E-7	-1.346386E-3
1.998500E-7	-1.346386E-3
1.999000E-7	-1.344673E-3
1.999500E-7	-1.361803E-3
2.000000E-7	-1.353238E-3
