Study Name	Tungsten_Kyocera
Sample Name	2024-02-05
Run Name	spot00
Operator	Angus+Samantha
Date	2/5/2024
Time	15:26
Sign	FIX
Grating Spacing	03.40um
Channel	3
Number Traces	10000
Files in Batch	1
Batch Number	18
dt	50.000001E-12
time stamp (ms)	3:45:15 PM
	
Time	Amplitude
0.000000E+0	6.250547E-3
5.000000E-11	6.301936E-3
1.000000E-10	6.283093E-3
1.500000E-10	6.231705E-3
2.000000E-10	6.134066E-3
2.500000E-10	5.957633E-3
3.000000E-10	5.719533E-3
3.500000E-10	5.464303E-3
4.000000E-10	5.236481E-3
4.500000E-10	5.034352E-3
5.000000E-10	4.876761E-3
5.500000E-10	4.782549E-3
6.000000E-10	4.714031E-3
6.500000E-10	4.648939E-3
7.000000E-10	4.654078E-3
7.500000E-10	4.739725E-3
8.000000E-10	4.830511E-3
8.500000E-10	4.917872E-3
9.000000E-10	5.036065E-3
9.500000E-10	5.152546E-3
1.000000E-9	5.227916E-3
1.050000E-9	5.286156E-3
1.100000E-9	5.332406E-3
1.150000E-9	5.323841E-3
1.200000E-9	5.267314E-3
1.250000E-9	5.234768E-3
1.300000E-9	5.236481E-3
1.350000E-9	5.246758E-3
1.400000E-9	5.260462E-3
1.450000E-9	5.265601E-3
1.500000E-9	5.275878E-3
1.550000E-9	5.320415E-3
1.600000E-9	5.382081E-3
1.650000E-9	5.426618E-3
1.700000E-9	5.483145E-3
1.750000E-9	5.594487E-3
1.800000E-9	5.741801E-3
1.850000E-9	5.853143E-3
1.900000E-9	5.913096E-3
1.950000E-9	5.947355E-3
2.000000E-9	5.935364E-3
2.050000E-9	5.858281E-3
2.100000E-9	5.745227E-3
2.150000E-9	5.632172E-3
2.200000E-9	5.507127E-3
2.250000E-9	5.361526E-3
2.300000E-9	5.222777E-3
2.350000E-9	5.101158E-3
2.400000E-9	5.025788E-3
2.450000E-9	5.030927E-3
2.500000E-9	5.120000E-3
2.550000E-9	5.250184E-3
2.600000E-9	5.388933E-3
2.650000E-9	5.539673E-3
2.700000E-9	5.681848E-3
2.750000E-9	5.808606E-3
2.800000E-9	5.940503E-3
2.850000E-9	6.070687E-3
2.900000E-9	6.185455E-3
2.950000E-9	6.284806E-3
3.000000E-9	6.337907E-3
3.050000E-9	6.315639E-3
3.100000E-9	6.252260E-3
3.150000E-9	6.180316E-3
3.200000E-9	6.084391E-3
3.250000E-9	6.000456E-3
3.300000E-9	5.961058E-3
3.350000E-9	5.942216E-3
3.400000E-9	5.921661E-3
3.450000E-9	5.943929E-3
3.500000E-9	6.003882E-3
3.550000E-9	6.039854E-3
3.600000E-9	6.017586E-3
3.650000E-9	5.964484E-3
3.700000E-9	5.913096E-3
3.750000E-9	5.853143E-3
3.800000E-9	5.769208E-3
3.850000E-9	5.686986E-3
3.900000E-9	5.633885E-3
3.950000E-9	5.589348E-3
4.000000E-9	5.501988E-3
4.050000E-9	5.392359E-3
4.100000E-9	5.335832E-3
4.150000E-9	5.316989E-3
4.200000E-9	5.294721E-3
4.250000E-9	5.272453E-3
4.300000E-9	5.308425E-3
4.350000E-9	5.397498E-3
4.400000E-9	5.484858E-3
4.450000E-9	5.568793E-3
4.500000E-9	5.657866E-3
4.550000E-9	5.767495E-3
4.600000E-9	5.877124E-3
4.650000E-9	5.974762E-3
4.700000E-9	6.050132E-3
4.750000E-9	6.106659E-3
4.800000E-9	6.154622E-3
4.850000E-9	6.185455E-3
4.900000E-9	6.200871E-3
4.950000E-9	6.206010E-3
5.000000E-9	6.178603E-3
5.050000E-9	6.086104E-3
5.100000E-9	5.962771E-3
5.150000E-9	5.859994E-3
5.200000E-9	5.719533E-3
5.250000E-9	5.536247E-3
5.300000E-9	5.358100E-3
5.350000E-9	5.202222E-3
5.400000E-9	5.058334E-3
5.450000E-9	4.967547E-3
5.500000E-9	4.957270E-3
5.550000E-9	4.981251E-3
5.600000E-9	5.034352E-3
5.650000E-9	5.137129E-3
5.700000E-9	5.270740E-3
5.750000E-9	5.423192E-3
5.800000E-9	5.591061E-3
5.850000E-9	5.758930E-3
5.900000E-9	5.887402E-3
5.950000E-9	6.010734E-3
6.000000E-9	6.142631E-3
6.050000E-9	6.224853E-3
6.100000E-9	6.264251E-3
6.150000E-9	6.286519E-3
6.200000E-9	6.296797E-3
6.250000E-9	6.296797E-3
6.300000E-9	6.289945E-3
6.350000E-9	6.235130E-3
6.400000E-9	6.128928E-3
6.450000E-9	6.005595E-3
6.500000E-9	5.899392E-3
6.550000E-9	5.806893E-3
6.600000E-9	5.728097E-3
6.650000E-9	5.647589E-3
6.700000E-9	5.577358E-3
6.750000E-9	5.560228E-3
6.800000E-9	5.601339E-3
6.850000E-9	5.645876E-3
6.900000E-9	5.686986E-3
6.950000E-9	5.784625E-3
7.000000E-9	5.914809E-3
7.050000E-9	6.029576E-3
7.100000E-9	6.144344E-3
7.150000E-9	6.272815E-3
7.200000E-9	6.348185E-3
7.250000E-9	6.332769E-3
7.300000E-9	6.286519E-3
7.350000E-9	6.253973E-3
7.400000E-9	6.214575E-3
7.450000E-9	6.154622E-3
7.500000E-9	6.089530E-3
7.550000E-9	6.031289E-3
7.600000E-9	5.967910E-3
7.650000E-9	5.918235E-3
7.700000E-9	5.871985E-3
7.750000E-9	5.794902E-3
7.800000E-9	5.683561E-3
7.850000E-9	5.561941E-3
7.900000E-9	5.469442E-3
7.950000E-9	5.390646E-3
8.000000E-9	5.328980E-3
8.050000E-9	5.294721E-3
8.100000E-9	5.281017E-3
8.150000E-9	5.284443E-3
8.200000E-9	5.325554E-3
8.250000E-9	5.402637E-3
8.300000E-9	5.527682E-3
8.350000E-9	5.707542E-3
8.400000E-9	5.925087E-3
8.450000E-9	6.146057E-3
8.500000E-9	6.353324E-3
8.550000E-9	6.528045E-3
8.600000E-9	6.637674E-3
8.650000E-9	6.690775E-3
8.700000E-9	6.695914E-3
8.750000E-9	6.632535E-3
8.800000E-9	6.492073E-3
8.850000E-9	6.317352E-3
8.900000E-9	6.127215E-3
8.950000E-9	5.911383E-3
9.000000E-9	5.693838E-3
9.050000E-9	5.534534E-3
9.100000E-9	5.447173E-3
9.150000E-9	5.423192E-3
9.200000E-9	5.447173E-3
9.250000E-9	5.510553E-3
9.300000E-9	5.613330E-3
9.350000E-9	5.762356E-3
9.400000E-9	5.926799E-3
9.450000E-9	6.046706E-3
9.500000E-9	6.127215E-3
9.550000E-9	6.163187E-3
9.600000E-9	6.125502E-3
9.650000E-9	6.007308E-3
9.700000E-9	5.865133E-3
9.750000E-9	5.726384E-3
9.800000E-9	5.580784E-3
9.850000E-9	5.416340E-3
9.900000E-9	5.222777E-3
9.950000E-9	5.044630E-3
1.000000E-8	4.933288E-3
1.005000E-8	4.887039E-3
1.010000E-8	4.869909E-3
1.015000E-8	4.868196E-3
1.020000E-8	4.871622E-3
1.025000E-8	4.878474E-3
1.030000E-8	4.921298E-3
1.035000E-8	5.022362E-3
1.040000E-8	5.131991E-3
1.045000E-8	5.226203E-3
1.050000E-8	5.325554E-3
1.055000E-8	5.426618E-3
1.060000E-8	5.498562E-3
1.065000E-8	5.536247E-3
1.070000E-8	5.584209E-3
1.075000E-8	5.628746E-3
1.080000E-8	5.645876E-3
1.085000E-8	5.640737E-3
1.090000E-8	5.591061E-3
1.095000E-8	5.505414E-3
1.100000E-8	5.390646E-3
1.105000E-8	5.257036E-3
1.110000E-8	5.109722E-3
1.115000E-8	4.989816E-3
1.120000E-8	4.928150E-3
1.125000E-8	4.888752E-3
1.130000E-8	4.863057E-3
1.135000E-8	4.844215E-3
1.140000E-8	4.868196E-3
1.145000E-8	4.921298E-3
1.150000E-8	4.986390E-3
1.155000E-8	5.102870E-3
1.160000E-8	5.311850E-3
1.165000E-8	5.606478E-3
1.170000E-8	5.955920E-3
1.175000E-8	6.413277E-3
1.180000E-8	7.029939E-3
1.185000E-8	7.804193E-3
1.190000E-8	8.784000E-3
1.195000E-8	1.009955E-2
1.200000E-8	1.177139E-2
1.205000E-8	1.380637E-2
1.210000E-8	1.631584E-2
1.215000E-8	1.939915E-2
1.220000E-8	2.301176E-2
1.225000E-8	2.708002E-2
1.230000E-8	3.153026E-2
1.235000E-8	3.622717E-2
1.240000E-8	4.098575E-2
1.245000E-8	4.561928E-2
1.250000E-8	4.994276E-2
1.255000E-8	5.382773E-2
1.260000E-8	5.721081E-2
1.265000E-8	5.997551E-2
1.270000E-8	6.207388E-2
1.275000E-8	6.354016E-2
1.280000E-8	6.440178E-2
1.285000E-8	6.467071E-2
1.290000E-8	6.447029E-2
1.295000E-8	6.381937E-2
1.300000E-8	6.270938E-2
1.305000E-8	6.120541E-2
1.310000E-8	5.940167E-2
1.315000E-8	5.734271E-2
1.320000E-8	5.500796E-2
1.325000E-8	5.257043E-2
1.330000E-8	5.018086E-2
1.335000E-8	4.792662E-2
1.340000E-8	4.581113E-2
1.345000E-8	4.390119E-2
1.350000E-8	4.228245E-2
1.355000E-8	4.102857E-2
1.360000E-8	4.014983E-2
1.365000E-8	3.962567E-2
1.370000E-8	3.951775E-2
1.375000E-8	3.984835E-2
1.380000E-8	4.051126E-2
1.385000E-8	4.142084E-2
1.390000E-8	4.260620E-2
1.395000E-8	4.397142E-2
1.400000E-8	4.534349E-2
1.405000E-8	4.660422E-2
1.410000E-8	4.770565E-2
1.415000E-8	4.854842E-2
1.420000E-8	4.911027E-2
1.425000E-8	4.929527E-2
1.430000E-8	4.902634E-2
1.435000E-8	4.834458E-2
1.440000E-8	4.736306E-2
1.445000E-8	4.607150E-2
1.450000E-8	4.447674E-2
1.455000E-8	4.268671E-2
1.460000E-8	4.075107E-2
1.465000E-8	3.868526E-2
1.470000E-8	3.661944E-2
1.475000E-8	3.471806E-2
1.480000E-8	3.297085E-2
1.485000E-8	3.147202E-2
1.490000E-8	3.040828E-2
1.495000E-8	2.976593E-2
1.500000E-8	2.950727E-2
1.505000E-8	2.975222E-2
1.510000E-8	3.048023E-2
1.515000E-8	3.150286E-2
1.520000E-8	3.275845E-2
1.525000E-8	3.421446E-2
1.530000E-8	3.573213E-2
1.535000E-8	3.722068E-2
1.540000E-8	3.864586E-2
1.545000E-8	3.986719E-2
1.550000E-8	4.075793E-2
1.555000E-8	4.133005E-2
1.560000E-8	4.154417E-2
1.565000E-8	4.135575E-2
1.570000E-8	4.077334E-2
1.575000E-8	3.978668E-2
1.580000E-8	3.841461E-2
1.585000E-8	3.672222E-2
1.590000E-8	3.483626E-2
1.595000E-8	3.278414E-2
1.600000E-8	3.065666E-2
1.605000E-8	2.858228E-2
1.610000E-8	2.663808E-2
1.615000E-8	2.488744E-2
1.620000E-8	2.347597E-2
1.625000E-8	2.248417E-2
1.630000E-8	2.187779E-2
1.635000E-8	2.173219E-2
1.640000E-8	2.206450E-2
1.645000E-8	2.279079E-2
1.650000E-8	2.387166E-2
1.655000E-8	2.529855E-2
1.660000E-8	2.694812E-2
1.665000E-8	2.866279E-2
1.670000E-8	3.035689E-2
1.675000E-8	3.190540E-2
1.680000E-8	3.319183E-2
1.685000E-8	3.414423E-2
1.690000E-8	3.470436E-2
1.695000E-8	3.482769E-2
1.700000E-8	3.455362E-2
1.705000E-8	3.385988E-2
1.710000E-8	3.269336E-2
1.715000E-8	3.114828E-2
1.720000E-8	2.935310E-2
1.725000E-8	2.736094E-2
1.730000E-8	2.526258E-2
1.735000E-8	2.326528E-2
1.740000E-8	2.141872E-2
1.745000E-8	1.974174E-2
1.750000E-8	1.835597E-2
1.755000E-8	1.736074E-2
1.760000E-8	1.674922E-2
1.765000E-8	1.653853E-2
1.770000E-8	1.680403E-2
1.775000E-8	1.751491E-2
1.780000E-8	1.855638E-2
1.785000E-8	1.988734E-2
1.790000E-8	2.144441E-2
1.795000E-8	2.311111E-2
1.800000E-8	2.477096E-2
1.805000E-8	2.634345E-2
1.810000E-8	2.772580E-2
1.815000E-8	2.885464E-2
1.820000E-8	2.969227E-2
1.825000E-8	3.018046E-2
1.830000E-8	3.027467E-2
1.835000E-8	2.995949E-2
1.840000E-8	2.924861E-2
1.845000E-8	2.817459E-2
1.850000E-8	2.679224E-2
1.855000E-8	2.515466E-2
1.860000E-8	2.330982E-2
1.865000E-8	2.133992E-2
1.870000E-8	1.938716E-2
1.875000E-8	1.756287E-2
1.880000E-8	1.594584E-2
1.885000E-8	1.460632E-2
1.890000E-8	1.357341E-2
1.895000E-8	1.289851E-2
1.900000E-8	1.267754E-2
1.905000E-8	1.296017E-2
1.910000E-8	1.373956E-2
1.915000E-8	1.492493E-2
1.920000E-8	1.638265E-2
1.925000E-8	1.802537E-2
1.930000E-8	1.982910E-2
1.935000E-8	2.168251E-2
1.940000E-8	2.339204E-2
1.945000E-8	2.487031E-2
1.950000E-8	2.608993E-2
1.955000E-8	2.693099E-2
1.960000E-8	2.730613E-2
1.965000E-8	2.725645E-2
1.970000E-8	2.682136E-2
1.975000E-8	2.597003E-2
1.980000E-8	2.472300E-2
1.985000E-8	2.315051E-2
1.990000E-8	2.133479E-2
1.995000E-8	1.935804E-2
2.000000E-8	1.730421E-2
2.005000E-8	1.528465E-2
2.010000E-8	1.342096E-2
2.015000E-8	1.185361E-2
2.020000E-8	1.064769E-2
2.025000E-8	9.878575E-3
2.030000E-8	9.601077E-3
2.035000E-8	9.798067E-3
2.040000E-8	1.043186E-2
2.045000E-8	1.147847E-2
2.050000E-8	1.285054E-2
2.055000E-8	1.443674E-2
2.060000E-8	1.618737E-2
2.065000E-8	1.801509E-2
2.070000E-8	1.979313E-2
2.075000E-8	2.142386E-2
2.080000E-8	2.285760E-2
2.085000E-8	2.398129E-2
2.090000E-8	2.465791E-2
2.095000E-8	2.486689E-2
2.100000E-8	2.464249E-2
2.105000E-8	2.401041E-2
2.110000E-8	2.296380E-2
2.115000E-8	2.151293E-2
2.120000E-8	1.971262E-2
2.125000E-8	1.769648E-2
2.130000E-8	1.560839E-2
2.135000E-8	1.352202E-2
2.140000E-8	1.147847E-2
2.145000E-8	9.645614E-3
2.150000E-8	8.184468E-3
2.155000E-8	7.166975E-3
2.160000E-8	6.630822E-3
2.165000E-8	6.627396E-3
2.170000E-8	7.105309E-3
2.175000E-8	7.990904E-3
2.180000E-8	9.275617E-3
2.185000E-8	1.088922E-2
2.190000E-8	1.268096E-2
2.195000E-8	1.454979E-2
2.200000E-8	1.643232E-2
2.205000E-8	1.817439E-2
2.210000E-8	1.965609E-2
2.215000E-8	2.086201E-2
2.220000E-8	2.174761E-2
2.225000E-8	2.223066E-2
2.230000E-8	2.230260E-2
2.235000E-8	2.200969E-2
2.240000E-8	2.133992E-2
2.245000E-8	2.029502E-2
2.250000E-8	1.895207E-2
2.255000E-8	1.738472E-2
2.260000E-8	1.562724E-2
2.265000E-8	1.379095E-2
2.270000E-8	1.194611E-2
2.275000E-8	1.018177E-2
2.280000E-8	8.610992E-3
2.285000E-8	7.374242E-3
2.290000E-8	6.521193E-3
2.295000E-8	6.056984E-3
2.300000E-8	6.044993E-3
2.305000E-8	6.517767E-3
2.310000E-8	7.411927E-3
2.315000E-8	8.645251E-3
2.320000E-8	1.015607E-2
2.325000E-8	1.184333E-2
2.330000E-8	1.359396E-2
2.335000E-8	1.531548E-2
2.340000E-8	1.689311E-2
2.345000E-8	1.821550E-2
2.350000E-8	1.917989E-2
2.355000E-8	1.976230E-2
2.360000E-8	1.995072E-2
2.365000E-8	1.977600E-2
2.370000E-8	1.922272E-2
2.375000E-8	1.832171E-2
2.380000E-8	1.714662E-2
2.385000E-8	1.576770E-2
2.390000E-8	1.422090E-2
2.395000E-8	1.257990E-2
2.400000E-8	1.095431E-2
2.405000E-8	9.440060E-3
2.410000E-8	8.088542E-3
2.415000E-8	6.961421E-3
2.420000E-8	6.058697E-3
2.425000E-8	5.419766E-3
2.430000E-8	5.101158E-3
2.435000E-8	5.140555E-3
2.440000E-8	5.551663E-3
2.445000E-8	6.339620E-3
2.450000E-8	7.451325E-3
2.455000E-8	8.780574E-3
2.460000E-8	1.025029E-2
2.465000E-8	1.181592E-2
2.470000E-8	1.338498E-2
2.475000E-8	1.488210E-2
2.480000E-8	1.623019E-2
2.485000E-8	1.733162E-2
2.490000E-8	1.808874E-2
2.495000E-8	1.848615E-2
2.500000E-8	1.846902E-2
2.505000E-8	1.798939E-2
2.510000E-8	1.713634E-2
2.515000E-8	1.600922E-2
2.520000E-8	1.461831E-2
2.525000E-8	1.299272E-2
2.530000E-8	1.127806E-2
2.535000E-8	9.580522E-3
2.540000E-8	7.932664E-3
2.545000E-8	6.450962E-3
2.550000E-8	5.239907E-3
2.555000E-8	4.332043E-3
2.560000E-8	3.782186E-3
2.565000E-8	3.655428E-3
2.570000E-8	3.946629E-3
2.575000E-8	4.575282E-3
2.580000E-8	5.498562E-3
2.585000E-8	6.683923E-3
2.590000E-8	8.071413E-3
2.595000E-8	9.606216E-3
2.600000E-8	1.122838E-2
2.605000E-8	1.282142E-2
2.610000E-8	1.428942E-2
2.615000E-8	1.554330E-2
2.620000E-8	1.649913E-2
2.625000E-8	1.710551E-2
2.630000E-8	1.735046E-2
2.635000E-8	1.719458E-2
2.640000E-8	1.661047E-2
2.645000E-8	1.565978E-2
2.650000E-8	1.440933E-2
2.655000E-8	1.285568E-2
2.660000E-8	1.106908E-2
2.665000E-8	9.188256E-3
2.670000E-8	7.310863E-3
2.675000E-8	5.560228E-3
2.680000E-8	4.097369E-3
2.685000E-8	2.990803E-3
2.690000E-8	2.257660E-3
2.695000E-8	1.973311E-3
2.700000E-8	2.168587E-3
2.705000E-8	2.780110E-3
2.710000E-8	3.747927E-3
2.715000E-8	5.056621E-3
2.720000E-8	6.632535E-3
2.725000E-8	8.360901E-3
2.730000E-8	1.014922E-2
2.735000E-8	1.186902E-2
2.740000E-8	1.340211E-2
2.745000E-8	1.469882E-2
2.750000E-8	1.568548E-2
2.755000E-8	1.630385E-2
2.760000E-8	1.651283E-2
2.765000E-8	1.633126E-2
2.770000E-8	1.576256E-2
2.775000E-8	1.483757E-2
2.780000E-8	1.362822E-2
2.785000E-8	1.220305E-2
2.790000E-8	1.065112E-2
2.795000E-8	9.052933E-3
2.800000E-8	7.466742E-3
2.805000E-8	5.962771E-3
2.810000E-8	4.635235E-3
2.815000E-8	3.547512E-3
2.820000E-8	2.725296E-3
2.825000E-8	2.223401E-3
2.830000E-8	2.096643E-3
2.835000E-8	2.327891E-3
2.840000E-8	2.910294E-3
2.845000E-8	3.789038E-3
2.850000E-8	4.881900E-3
2.855000E-8	6.171751E-3
2.860000E-8	7.622620E-3
2.865000E-8	9.112887E-3
2.870000E-8	1.052778E-2
2.875000E-8	1.184675E-2
2.880000E-8	1.302869E-2
2.885000E-8	1.396225E-2
2.890000E-8	1.458747E-2
2.895000E-8	1.490951E-2
2.900000E-8	1.491122E-2
2.905000E-8	1.458062E-2
2.910000E-8	1.393655E-2
2.915000E-8	1.299443E-2
2.920000E-8	1.179365E-2
2.925000E-8	1.043186E-2
2.930000E-8	8.967286E-3
2.935000E-8	7.437621E-3
2.940000E-8	5.967910E-3
2.945000E-8	4.666068E-3
2.950000E-8	3.566354E-3
2.955000E-8	2.735574E-3
2.960000E-8	2.290207E-3
2.965000E-8	2.261086E-3
2.970000E-8	2.613954E-3
2.975000E-8	3.345384E-3
2.980000E-8	4.361163E-3
2.985000E-8	5.549950E-3
2.990000E-8	6.913459E-3
2.995000E-8	8.427707E-3
3.000000E-8	9.945380E-3
3.005000E-8	1.138083E-2
3.010000E-8	1.269809E-2
3.015000E-8	1.380123E-2
3.020000E-8	1.456178E-2
3.025000E-8	1.496946E-2
3.030000E-8	1.502085E-2
3.035000E-8	1.469539E-2
3.040000E-8	1.403077E-2
3.045000E-8	1.306124E-2
3.050000E-8	1.185703E-2
3.055000E-8	1.050723E-2
3.060000E-8	9.068350E-3
3.065000E-8	7.569519E-3
3.070000E-8	6.096382E-3
3.075000E-8	4.743151E-3
3.080000E-8	3.588623E-3
3.085000E-8	2.721870E-3
3.090000E-8	2.204559E-3
3.095000E-8	2.019560E-3
3.100000E-8	2.168587E-3
3.105000E-8	2.641361E-3
3.110000E-8	3.374504E-3
3.115000E-8	4.320052E-3
3.120000E-8	5.484858E-3
3.125000E-8	6.817534E-3
3.130000E-8	8.172477E-3
3.135000E-8	9.481171E-3
3.140000E-8	1.070936E-2
3.145000E-8	1.176796E-2
3.150000E-8	1.257647E-2
3.155000E-8	1.311776E-2
3.160000E-8	1.338327E-2
3.165000E-8	1.331304E-2
3.170000E-8	1.293448E-2
3.175000E-8	1.231610E-2
3.180000E-8	1.147676E-2
3.185000E-8	1.041473E-2
3.190000E-8	9.200247E-3
3.195000E-8	7.925812E-3
3.200000E-8	6.627396E-3
3.205000E-8	5.335832E-3
3.210000E-8	4.177877E-3
3.215000E-8	3.244320E-3
3.220000E-8	2.524881E-3
3.225000E-8	2.036690E-3
3.230000E-8	1.856830E-3
3.235000E-8	1.985301E-3
3.240000E-8	2.404974E-3
3.245000E-8	3.146682E-3
3.250000E-8	4.159035E-3
3.255000E-8	5.322128E-3
3.260000E-8	6.574295E-3
3.265000E-8	7.934377E-3
3.270000E-8	9.315015E-3
3.275000E-8	1.057575E-2
3.280000E-8	1.168574E-2
3.285000E-8	1.260217E-2
3.290000E-8	1.323253E-2
3.295000E-8	1.350489E-2
3.300000E-8	1.344322E-2
3.305000E-8	1.304582E-2
3.310000E-8	1.232295E-2
3.315000E-8	1.133287E-2
3.320000E-8	1.012524E-2
3.325000E-8	8.748028E-3
3.330000E-8	7.285169E-3
3.335000E-8	5.866846E-3
3.340000E-8	4.520467E-3
3.345000E-8	3.305986E-3
3.350000E-8	2.329604E-3
3.355000E-8	1.664980E-3
3.360000E-8	1.313825E-3
3.365000E-8	1.289844E-3
3.370000E-8	1.589610E-3
3.375000E-8	2.182291E-3
3.380000E-8	3.019923E-3
3.385000E-8	4.085378E-3
3.390000E-8	5.323841E-3
3.395000E-8	6.625683E-3
3.400000E-8	7.898405E-3
3.405000E-8	9.123164E-3
3.410000E-8	1.026056E-2
3.415000E-8	1.120440E-2
3.420000E-8	1.185361E-2
3.425000E-8	1.221333E-2
3.430000E-8	1.228698E-2
3.435000E-8	1.205402E-2
3.440000E-8	1.154528E-2
3.445000E-8	1.078473E-2
3.450000E-8	9.780937E-3
3.455000E-8	8.617844E-3
3.460000E-8	7.413640E-3
3.465000E-8	6.207723E-3
3.470000E-8	4.986390E-3
3.475000E-8	3.843852E-3
3.480000E-8	2.906869E-3
3.485000E-8	2.194281E-3
3.490000E-8	1.706091E-3
3.495000E-8	1.512527E-3
3.500000E-8	1.637573E-3
3.505000E-8	2.024699E-3
3.510000E-8	2.619093E-3
3.515000E-8	3.437883E-3
3.520000E-8	4.448524E-3
3.525000E-8	5.549950E-3
3.530000E-8	6.687349E-3
3.535000E-8	7.869285E-3
3.540000E-8	9.044369E-3
3.545000E-8	1.009955E-2
3.550000E-8	1.093547E-2
3.555000E-8	1.154528E-2
3.560000E-8	1.192726E-2
3.565000E-8	1.200777E-2
3.570000E-8	1.175597E-2
3.575000E-8	1.124551E-2
3.580000E-8	1.056376E-2
3.585000E-8	9.717558E-3
3.590000E-8	8.703492E-3
3.595000E-8	7.596926E-3
3.600000E-8	6.486934E-3
3.605000E-8	5.412914E-3
3.610000E-8	4.388570E-3
3.615000E-8	3.497836E-3
3.620000E-8	2.836638E-3
3.625000E-8	2.439233E-3
3.630000E-8	2.281642E-3
3.635000E-8	2.374141E-3
3.640000E-8	2.762981E-3
3.645000E-8	3.424179E-3
3.650000E-8	4.253247E-3
3.655000E-8	5.202222E-3
3.660000E-8	6.243695E-3
3.665000E-8	7.312576E-3
3.670000E-8	8.336920E-3
3.675000E-8	9.291033E-3
3.680000E-8	1.012867E-2
3.685000E-8	1.081898E-2
3.690000E-8	1.134657E-2
3.695000E-8	1.162236E-2
3.700000E-8	1.158125E-2
3.705000E-8	1.126778E-2
3.710000E-8	1.072820E-2
3.715000E-8	9.936816E-3
3.720000E-8	8.945017E-3
3.725000E-8	7.898405E-3
3.730000E-8	6.848367E-3
3.735000E-8	5.782912E-3
3.740000E-8	4.760280E-3
3.745000E-8	3.879824E-3
3.750000E-8	3.172376E-3
3.755000E-8	2.660204E-3
3.760000E-8	2.380993E-3
3.765000E-8	2.345021E-3
3.770000E-8	2.560853E-3
3.775000E-8	3.019923E-3
3.780000E-8	3.677696E-3
3.785000E-8	4.453662E-3
3.790000E-8	5.311850E-3
3.795000E-8	6.221427E-3
3.800000E-8	7.122439E-3
3.805000E-8	7.987478E-3
3.810000E-8	8.811407E-3
3.815000E-8	9.532559E-3
3.820000E-8	1.009612E-2
3.825000E-8	1.050209E-2
3.830000E-8	1.074875E-2
3.835000E-8	1.074704E-2
3.840000E-8	1.046440E-2
3.845000E-8	9.964223E-3
3.850000E-8	9.294459E-3
3.855000E-8	8.441410E-3
3.860000E-8	7.451325E-3
3.865000E-8	6.391009E-3
3.870000E-8	5.325554E-3
3.875000E-8	4.299497E-3
3.880000E-8	3.384782E-3
3.885000E-8	2.639648E-3
3.890000E-8	2.142893E-3
3.895000E-8	1.906506E-3
3.900000E-8	1.872247E-3
3.905000E-8	2.045255E-3
3.910000E-8	2.512890E-3
3.915000E-8	3.256310E-3
3.920000E-8	4.136767E-3
3.925000E-8	5.092593E-3
3.930000E-8	6.113511E-3
3.935000E-8	7.139568E-3
3.940000E-8	8.129653E-3
3.945000E-8	9.042656E-3
3.950000E-8	9.775798E-3
3.955000E-8	1.026741E-2
3.960000E-8	1.052264E-2
3.965000E-8	1.054149E-2
3.970000E-8	1.031880E-2
3.975000E-8	9.878575E-3
3.980000E-8	9.234506E-3
3.985000E-8	8.412290E-3
3.990000E-8	7.499288E-3
3.995000E-8	6.560591E-3
4.000000E-8	5.630459E-3
4.005000E-8	4.796252E-3
4.010000E-8	4.075100E-3
4.015000E-8	3.455013E-3
4.020000E-8	2.997655E-3
4.025000E-8	2.781823E-3
4.030000E-8	2.783536E-3
4.035000E-8	2.968535E-3
4.040000E-8	3.323115E-3
4.045000E-8	3.806167E-3
4.050000E-8	4.373154E-3
4.055000E-8	5.034352E-3
4.060000E-8	5.755504E-3
4.065000E-8	6.505777E-3
4.070000E-8	7.285169E-3
4.075000E-8	8.076552E-3
4.080000E-8	8.802843E-3
4.085000E-8	9.392097E-3
4.090000E-8	9.801492E-3
4.095000E-8	1.001390E-2
4.100000E-8	1.003617E-2
4.105000E-8	9.856307E-3
4.110000E-8	9.424643E-3
4.115000E-8	8.739463E-3
4.120000E-8	7.901831E-3
4.125000E-8	6.981977E-3
4.130000E-8	5.993605E-3
4.135000E-8	4.988103E-3
4.140000E-8	4.040841E-3
4.145000E-8	3.213487E-3
4.150000E-8	2.535158E-3
4.155000E-8	2.074375E-3
4.160000E-8	1.882524E-3
4.165000E-8	1.963033E-3
4.170000E-8	2.307336E-3
4.175000E-8	2.908581E-3
4.180000E-8	3.722233E-3
4.185000E-8	4.635235E-3
4.190000E-8	5.572219E-3
4.195000E-8	6.512628E-3
4.200000E-8	7.446186E-3
4.205000E-8	8.318078E-3
4.210000E-8	9.090618E-3
4.215000E-8	9.724410E-3
4.220000E-8	1.018348E-2
4.225000E-8	1.040959E-2
4.230000E-8	1.039246E-2
4.235000E-8	1.016978E-2
4.240000E-8	9.775798E-3
4.245000E-8	9.227654E-3
4.250000E-8	8.569881E-3
4.255000E-8	7.845304E-3
4.260000E-8	7.053921E-3
4.265000E-8	6.233418E-3
4.270000E-8	5.447173E-3
4.275000E-8	4.734586E-3
4.280000E-8	4.107647E-3
4.285000E-8	3.597187E-3
4.290000E-8	3.199783E-3
4.295000E-8	2.946266E-3
4.300000E-8	2.900017E-3
4.305000E-8	3.069599E-3
4.310000E-8	3.398485E-3
4.315000E-8	3.866121E-3
4.320000E-8	4.467366E-3
4.325000E-8	5.164537E-3
4.330000E-8	5.909670E-3
4.335000E-8	6.689062E-3
4.340000E-8	7.449612E-3
4.345000E-8	8.136505E-3
4.350000E-8	8.749741E-3
4.355000E-8	9.273904E-3
4.360000E-8	9.619920E-3
4.365000E-8	9.750104E-3
4.370000E-8	9.685012E-3
4.375000E-8	9.431495E-3
4.380000E-8	8.986128E-3
4.385000E-8	8.374605E-3
4.390000E-8	7.655166E-3
4.395000E-8	6.879200E-3
4.400000E-8	6.082678E-3
4.405000E-8	5.281017E-3
4.410000E-8	4.493060E-3
4.415000E-8	3.775334E-3
4.420000E-8	3.198070E-3
4.425000E-8	2.819508E-3
4.430000E-8	2.685898E-3
4.435000E-8	2.814369E-3
4.440000E-8	3.179228E-3
4.445000E-8	3.730798E-3
4.450000E-8	4.409126E-3
4.455000E-8	5.155972E-3
4.460000E-8	5.971336E-3
4.465000E-8	6.822672E-3
4.470000E-8	7.614055E-3
4.475000E-8	8.268402E-3
4.480000E-8	8.758306E-3
4.485000E-8	9.078628E-3
4.490000E-8	9.231080E-3
4.495000E-8	9.195108E-3
4.500000E-8	8.955295E-3
4.505000E-8	8.540761E-3
4.510000E-8	7.996043E-3
4.515000E-8	7.343409E-3
4.520000E-8	6.630822E-3
4.525000E-8	5.940503E-3
4.530000E-8	5.313563E-3
4.535000E-8	4.748290E-3
4.540000E-8	4.254960E-3
4.545000E-8	3.850704E-3
4.550000E-8	3.545799E-3
4.555000E-8	3.379643E-3
4.560000E-8	3.386495E-3
4.565000E-8	3.549225E-3
4.570000E-8	3.847278E-3
4.575000E-8	4.263525E-3
4.580000E-8	4.773984E-3
4.585000E-8	5.347822E-3
4.590000E-8	5.983327E-3
4.595000E-8	6.671933E-3
4.600000E-8	7.358826E-3
4.605000E-8	7.994330E-3
4.610000E-8	8.559604E-3
4.615000E-8	9.028952E-3
4.620000E-8	9.359551E-3
4.625000E-8	9.469180E-3
4.630000E-8	9.340709E-3
4.635000E-8	9.023813E-3
4.640000E-8	8.583585E-3
4.645000E-8	8.042293E-3
4.650000E-8	7.417066E-3
4.655000E-8	6.738738E-3
4.660000E-8	6.062123E-3
4.665000E-8	5.471155E-3
4.670000E-8	4.976112E-3
4.675000E-8	4.535884E-3
4.680000E-8	4.171026E-3
4.685000E-8	3.910657E-3
4.690000E-8	3.768482E-3
4.695000E-8	3.737649E-3
4.700000E-8	3.819871E-3
4.705000E-8	3.999731E-3
4.710000E-8	4.275516E-3
4.715000E-8	4.623244E-3
4.720000E-8	4.982964E-3
4.725000E-8	5.359813E-3
4.730000E-8	5.810319E-3
4.735000E-8	6.296797E-3
4.740000E-8	6.731886E-3
4.745000E-8	7.110448E-3
4.750000E-8	7.480445E-3
4.755000E-8	7.780211E-3
4.760000E-8	7.966923E-3
4.765000E-8	8.064561E-3
4.770000E-8	8.069700E-3
4.775000E-8	7.953219E-3
4.780000E-8	7.747665E-3
4.785000E-8	7.470167E-3
4.790000E-8	7.079615E-3
4.795000E-8	6.603415E-3
4.800000E-8	6.079252E-3
4.805000E-8	5.525969E-3
4.810000E-8	4.976112E-3
4.815000E-8	4.505051E-3
4.820000E-8	4.116211E-3
4.825000E-8	3.785612E-3
4.830000E-8	3.593762E-3
4.835000E-8	3.600613E-3
4.840000E-8	3.761631E-3
4.845000E-8	4.042554E-3
4.850000E-8	4.477644E-3
4.855000E-8	5.044630E-3
4.860000E-8	5.663005E-3
4.865000E-8	6.291658E-3
4.870000E-8	6.894616E-3
4.875000E-8	7.422205E-3
4.880000E-8	7.877850E-3
4.885000E-8	8.254699E-3
4.890000E-8	8.515067E-3
4.895000E-8	8.645251E-3
4.900000E-8	8.650390E-3
4.905000E-8	8.499650E-3
4.910000E-8	8.163912E-3
4.915000E-8	7.723684E-3
4.920000E-8	7.256049E-3
4.925000E-8	6.740451E-3
4.930000E-8	6.173464E-3
4.935000E-8	5.606478E-3
4.940000E-8	5.058334E-3
4.945000E-8	4.539310E-3
4.950000E-8	4.121350E-3
4.955000E-8	3.854130E-3
4.960000E-8	3.706816E-3
4.965000E-8	3.663992E-3
4.970000E-8	3.766769E-3
4.975000E-8	4.010008E-3
4.980000E-8	4.344034E-3
4.985000E-8	4.767132E-3
4.990000E-8	5.263888E-3
4.995000E-8	5.815458E-3
5.000000E-8	6.411564E-3
5.005000E-8	7.000819E-3
5.010000E-8	7.507852E-3
5.015000E-8	7.924099E-3
5.020000E-8	8.271828E-3
5.025000E-8	8.518493E-3
5.030000E-8	8.628122E-3
5.035000E-8	8.609279E-3
5.040000E-8	8.472243E-3
5.045000E-8	8.205023E-3
5.050000E-8	7.804193E-3
5.055000E-8	7.295447E-3
5.060000E-8	6.743877E-3
5.065000E-8	6.175177E-3
5.070000E-8	5.584209E-3
5.075000E-8	5.024075E-3
5.080000E-8	4.542736E-3
5.085000E-8	4.159035E-3
5.090000E-8	3.879824E-3
5.095000E-8	3.754779E-3
5.100000E-8	3.802741E-3
5.105000E-8	3.987740E-3
5.110000E-8	4.313201E-3
5.115000E-8	4.758568E-3
5.120000E-8	5.281017E-3
5.125000E-8	5.853143E-3
5.130000E-8	6.469805E-3
5.135000E-8	7.040217E-3
5.140000E-8	7.495862E-3
5.145000E-8	7.835026E-3
5.150000E-8	8.055996E-3
5.155000E-8	8.175903E-3
5.160000E-8	8.186181E-3
5.165000E-8	8.042293E-3
5.170000E-8	7.730536E-3
5.175000E-8	7.322854E-3
5.180000E-8	6.874061E-3
5.185000E-8	6.394435E-3
5.190000E-8	5.928512E-3
5.195000E-8	5.537960E-3
5.200000E-8	5.191944E-3
5.205000E-8	4.873335E-3
5.210000E-8	4.635235E-3
5.215000E-8	4.520467E-3
5.220000E-8	4.484496E-3
5.225000E-8	4.493060E-3
5.230000E-8	4.576995E-3
5.235000E-8	4.761993E-3
5.240000E-8	5.030927E-3
5.245000E-8	5.358100E-3
5.250000E-8	5.722958E-3
5.255000E-8	6.103233E-3
5.260000E-8	6.498925E-3
5.265000E-8	6.906607E-3
5.270000E-8	7.285169E-3
5.275000E-8	7.584935E-3
5.280000E-8	7.792202E-3
5.285000E-8	7.936090E-3
5.290000E-8	7.994330E-3
5.295000E-8	7.942942E-3
5.300000E-8	7.792202E-3
5.305000E-8	7.552389E-3
5.310000E-8	7.247484E-3
5.315000E-8	6.898042E-3
5.320000E-8	6.495499E-3
5.325000E-8	6.055271E-3
5.330000E-8	5.616756E-3
5.335000E-8	5.226203E-3
5.340000E-8	4.869909E-3
5.345000E-8	4.527319E-3
5.350000E-8	4.258386E-3
5.355000E-8	4.123063E-3
5.360000E-8	4.114498E-3
5.365000E-8	4.195007E-3
5.370000E-8	4.366302E-3
5.375000E-8	4.645513E-3
5.380000E-8	5.020649E-3
5.385000E-8	5.457451E-3
5.390000E-8	5.943929E-3
5.395000E-8	6.411564E-3
5.400000E-8	6.834663E-3
5.405000E-8	7.250910E-3
5.410000E-8	7.646601E-3
5.415000E-8	7.954932E-3
5.420000E-8	8.172477E-3
5.425000E-8	8.324930E-3
5.430000E-8	8.364327E-3
5.435000E-8	8.244421E-3
5.440000E-8	7.989191E-3
5.445000E-8	7.639750E-3
5.450000E-8	7.223503E-3
5.455000E-8	6.779849E-3
5.460000E-8	6.327630E-3
5.465000E-8	5.914809E-3
5.470000E-8	5.575645E-3
5.475000E-8	5.330693E-3
5.480000E-8	5.150833E-3
5.485000E-8	5.054908E-3
5.490000E-8	5.072037E-3
5.495000E-8	5.185092E-3
5.500000E-8	5.349535E-3
5.505000E-8	5.589348E-3
5.510000E-8	5.877124E-3
5.515000E-8	6.120363E-3
5.520000E-8	6.334482E-3
5.525000E-8	6.611979E-3
5.530000E-8	6.939153E-3
5.535000E-8	7.206373E-3
5.540000E-8	7.403362E-3
5.545000E-8	7.578083E-3
5.550000E-8	7.733962E-3
5.555000E-8	7.829887E-3
5.560000E-8	7.869285E-3
5.565000E-8	7.843591E-3
5.570000E-8	7.739101E-3
5.575000E-8	7.552389E-3
5.580000E-8	7.273178E-3
5.585000E-8	6.939153E-3
5.590000E-8	6.596563E-3
5.595000E-8	6.228279E-3
5.600000E-8	5.834300E-3
5.605000E-8	5.500275E-3
5.610000E-8	5.251897E-3
5.615000E-8	5.053195E-3
5.620000E-8	4.943566E-3
5.625000E-8	4.955557E-3
5.630000E-8	5.060047E-3
5.635000E-8	5.238194E-3
5.640000E-8	5.513979E-3
5.645000E-8	5.830874E-3
5.650000E-8	6.128928E-3
5.655000E-8	6.435546E-3
5.660000E-8	6.737025E-3
5.665000E-8	6.978551E-3
5.670000E-8	7.168688E-3
5.675000E-8	7.312576E-3
5.680000E-8	7.363965E-3
5.685000E-8	7.331419E-3
5.690000E-8	7.278317E-3
5.695000E-8	7.196095E-3
5.700000E-8	7.067624E-3
5.705000E-8	6.904894E-3
5.710000E-8	6.726747E-3
5.715000E-8	6.526332E-3
5.720000E-8	6.349898E-3
5.725000E-8	6.197446E-3
5.730000E-8	6.038141E-3
5.735000E-8	5.890828E-3
5.740000E-8	5.786338E-3
5.745000E-8	5.676709E-3
5.750000E-8	5.539673E-3
5.755000E-8	5.404350E-3
5.760000E-8	5.308425E-3
5.765000E-8	5.257036E-3
5.770000E-8	5.274166E-3
5.775000E-8	5.368378E-3
5.780000E-8	5.520830E-3
5.785000E-8	5.745227E-3
5.790000E-8	6.014160E-3
5.795000E-8	6.248834E-3
5.800000E-8	6.450962E-3
5.805000E-8	6.685636E-3
5.810000E-8	6.939153E-3
5.815000E-8	7.165262E-3
5.820000E-8	7.336557E-3
5.825000E-8	7.391372E-3
5.830000E-8	7.286882E-3
5.835000E-8	7.067624E-3
5.840000E-8	6.774710E-3
5.845000E-8	6.409851E-3
5.850000E-8	5.993605E-3
5.855000E-8	5.580784E-3
5.860000E-8	5.167963E-3
5.865000E-8	4.768845E-3
5.870000E-8	4.474218E-3
5.875000E-8	4.272090E-3
5.880000E-8	4.099082E-3
5.885000E-8	3.982601E-3
5.890000E-8	3.967185E-3
5.895000E-8	3.999731E-3
5.900000E-8	4.057971E-3
5.905000E-8	4.201859E-3
5.910000E-8	4.419403E-3
5.915000E-8	4.664355E-3
5.920000E-8	4.943566E-3
5.925000E-8	5.243332E-3
5.930000E-8	5.543099E-3
5.935000E-8	5.870272E-3
5.940000E-8	6.233418E-3
5.945000E-8	6.519480E-3
5.950000E-8	6.690775E-3
5.955000E-8	6.798691E-3
5.960000E-8	6.834663E-3
5.965000E-8	6.764432E-3
5.970000E-8	6.620544E-3
5.975000E-8	6.423555E-3
5.980000E-8	6.132353E-3
5.985000E-8	5.800041E-3
5.990000E-8	5.505414E-3
5.995000E-8	5.233055E-3
6.000000E-8	4.964122E-3
6.005000E-8	4.750003E-3
6.010000E-8	4.631809E-3
6.015000E-8	4.590698E-3
6.020000E-8	4.619819E-3
6.025000E-8	4.719170E-3
6.030000E-8	4.844215E-3
6.035000E-8	4.989816E-3
6.040000E-8	5.181666E-3
6.045000E-8	5.400924E-3
6.050000E-8	5.623607E-3
6.055000E-8	5.853143E-3
6.060000E-8	6.077539E-3
6.065000E-8	6.272815E-3
6.070000E-8	6.445823E-3
6.075000E-8	6.625683E-3
6.080000E-8	6.800404E-3
6.085000E-8	6.922023E-3
6.090000E-8	6.995680E-3
6.095000E-8	7.048782E-3
6.100000E-8	7.064198E-3
6.105000E-8	7.028226E-3
6.110000E-8	6.956282E-3
6.115000E-8	6.850080E-3
6.120000E-8	6.683923E-3
6.125000E-8	6.459527E-3
6.130000E-8	6.218001E-3
6.135000E-8	5.976475E-3
6.140000E-8	5.728097E-3
6.145000E-8	5.489997E-3
6.150000E-8	5.293008E-3
6.155000E-8	5.159398E-3
6.160000E-8	5.121713E-3
6.165000E-8	5.150833E-3
6.170000E-8	5.205648E-3
6.175000E-8	5.296434E-3
6.180000E-8	5.464303E-3
6.185000E-8	5.688699E-3
6.190000E-8	5.918235E-3
6.195000E-8	6.170038E-3
6.200000E-8	6.476656E-3
6.205000E-8	6.805543E-3
6.210000E-8	7.083041E-3
6.215000E-8	7.292021E-3
6.220000E-8	7.458177E-3
6.225000E-8	7.545537E-3
6.230000E-8	7.507852E-3
6.235000E-8	7.358826E-3
6.240000E-8	7.166975E-3
6.245000E-8	6.956282E-3
6.250000E-8	6.689062E-3
6.255000E-8	6.389296E-3
6.260000E-8	6.096382E-3
6.265000E-8	5.829161E-3
6.270000E-8	5.577358E-3
6.275000E-8	5.387220E-3
6.280000E-8	5.263888E-3
6.285000E-8	5.209073E-3
6.290000E-8	5.226203E-3
6.295000E-8	5.311850E-3
6.300000E-8	5.409489E-3
6.305000E-8	5.512266E-3
6.310000E-8	5.666431E-3
6.315000E-8	5.865133E-3
6.320000E-8	6.048419E-3
6.325000E-8	6.190594E-3
6.330000E-8	6.315639E-3
6.335000E-8	6.435546E-3
6.340000E-8	6.565730E-3
6.345000E-8	6.697627E-3
6.350000E-8	6.793552E-3
6.355000E-8	6.824385E-3
6.360000E-8	6.827811E-3
6.365000E-8	6.827811E-3
6.370000E-8	6.814108E-3
6.375000E-8	6.781562E-3
6.380000E-8	6.735312E-3
6.385000E-8	6.637674E-3
6.390000E-8	6.497212E-3
6.395000E-8	6.351611E-3
6.400000E-8	6.221427E-3
6.405000E-8	6.084391E-3
6.410000E-8	5.976475E-3
6.415000E-8	5.925087E-3
6.420000E-8	5.916522E-3
6.425000E-8	5.931938E-3
6.430000E-8	6.003882E-3
6.435000E-8	6.094669E-3
6.440000E-8	6.139205E-3
6.445000E-8	6.173464E-3
6.450000E-8	6.240269E-3
6.455000E-8	6.301936E-3
6.460000E-8	6.315639E-3
6.465000E-8	6.317352E-3
6.470000E-8	6.348185E-3
6.475000E-8	6.387583E-3
6.480000E-8	6.437259E-3
6.485000E-8	6.498925E-3
6.490000E-8	6.577720E-3
6.495000E-8	6.668507E-3
6.500000E-8	6.783274E-3
6.505000E-8	6.880913E-3
6.510000E-8	6.922023E-3
6.515000E-8	6.935727E-3
6.520000E-8	6.946005E-3
6.525000E-8	6.925449E-3
6.530000E-8	6.855218E-3
6.535000E-8	6.721608E-3
6.540000E-8	6.538323E-3
6.545000E-8	6.317352E-3
6.550000E-8	6.044993E-3
6.555000E-8	5.769208E-3
6.560000E-8	5.563654E-3
6.565000E-8	5.454025E-3
6.570000E-8	5.404350E-3
6.575000E-8	5.397498E-3
6.580000E-8	5.467729E-3
6.585000E-8	5.628746E-3
6.590000E-8	5.827448E-3
6.595000E-8	6.051845E-3
6.600000E-8	6.317352E-3
6.605000E-8	6.618831E-3
6.610000E-8	6.904894E-3
6.615000E-8	7.156698E-3
6.620000E-8	7.334844E-3
6.625000E-8	7.408501E-3
6.630000E-8	7.377668E-3
6.635000E-8	7.269752E-3
6.640000E-8	7.069337E-3
6.645000E-8	6.783274E-3
6.650000E-8	6.476656E-3
6.655000E-8	6.183742E-3
6.660000E-8	5.890828E-3
6.665000E-8	5.633885E-3
6.670000E-8	5.450599E-3
6.675000E-8	5.298147E-3
6.680000E-8	5.169676E-3
6.685000E-8	5.137129E-3
6.690000E-8	5.178240E-3
6.695000E-8	5.229629E-3
6.700000E-8	5.299860E-3
6.705000E-8	5.442035E-3
6.710000E-8	5.623607E-3
6.715000E-8	5.789763E-3
6.720000E-8	5.923374E-3
6.725000E-8	6.007308E-3
6.730000E-8	6.077539E-3
6.735000E-8	6.182029E-3
6.740000E-8	6.322491E-3
6.745000E-8	6.462953E-3
6.750000E-8	6.605128E-3
6.755000E-8	6.728460E-3
6.760000E-8	6.791839E-3
6.765000E-8	6.788413E-3
6.770000E-8	6.764432E-3
6.775000E-8	6.713044E-3
6.780000E-8	6.606841E-3
6.785000E-8	6.454388E-3
6.790000E-8	6.286519E-3
6.795000E-8	6.142631E-3
6.800000E-8	6.029576E-3
6.805000E-8	5.902818E-3
6.810000E-8	5.760643E-3
6.815000E-8	5.656153E-3
6.820000E-8	5.609904E-3
6.825000E-8	5.582497E-3
6.830000E-8	5.582497E-3
6.835000E-8	5.644163E-3
6.840000E-8	5.746940E-3
6.845000E-8	5.844578E-3
6.850000E-8	5.935364E-3
6.855000E-8	6.036428E-3
6.860000E-8	6.147770E-3
6.865000E-8	6.276241E-3
6.870000E-8	6.399574E-3
6.875000E-8	6.480082E-3
6.880000E-8	6.519480E-3
6.885000E-8	6.516054E-3
6.890000E-8	6.466379E-3
6.895000E-8	6.414990E-3
6.900000E-8	6.401287E-3
6.905000E-8	6.379018E-3
6.910000E-8	6.343046E-3
6.915000E-8	6.341333E-3
6.920000E-8	6.365315E-3
6.925000E-8	6.355037E-3
6.930000E-8	6.327630E-3
6.935000E-8	6.341333E-3
6.940000E-8	6.341333E-3
6.945000E-8	6.283093E-3
6.950000E-8	6.216288E-3
6.955000E-8	6.178603E-3
6.960000E-8	6.154622E-3
6.965000E-8	6.091243E-3
6.970000E-8	5.974762E-3
6.975000E-8	5.836013E-3
6.980000E-8	5.740088E-3
6.985000E-8	5.692125E-3
6.990000E-8	5.674996E-3
6.995000E-8	5.695551E-3
7.000000E-8	5.796615E-3
7.005000E-8	5.949068E-3
7.010000E-8	6.098094E-3
7.015000E-8	6.229992E-3
7.020000E-8	6.368741E-3
7.025000E-8	6.519480E-3
7.030000E-8	6.629109E-3
7.035000E-8	6.653090E-3
7.040000E-8	6.620544E-3
7.045000E-8	6.557165E-3
7.050000E-8	6.459527E-3
7.055000E-8	6.305361E-3
7.060000E-8	6.134066E-3
7.065000E-8	6.000456E-3
7.070000E-8	5.935364E-3
7.075000E-8	5.918235E-3
7.080000E-8	5.913096E-3
7.085000E-8	5.906244E-3
7.090000E-8	5.928512E-3
7.095000E-8	6.014160E-3
7.100000E-8	6.111798E-3
7.105000E-8	6.183742E-3
7.110000E-8	6.247121E-3
7.115000E-8	6.305361E-3
7.120000E-8	6.310500E-3
7.125000E-8	6.281380E-3
7.130000E-8	6.260825E-3
7.135000E-8	6.262538E-3
7.140000E-8	6.255686E-3
7.145000E-8	6.286519E-3
7.150000E-8	6.349898E-3
7.155000E-8	6.391009E-3
7.160000E-8	6.413277E-3
7.165000E-8	6.426981E-3
7.170000E-8	6.435546E-3
7.175000E-8	6.444110E-3
7.180000E-8	6.461240E-3
7.185000E-8	6.462953E-3
7.190000E-8	6.440684E-3
7.195000E-8	6.426981E-3
7.200000E-8	6.435546E-3
7.205000E-8	6.428694E-3
7.210000E-8	6.404713E-3
7.215000E-8	6.375592E-3
7.220000E-8	6.368741E-3
7.225000E-8	6.414990E-3
7.230000E-8	6.478369E-3
7.235000E-8	6.510915E-3
7.240000E-8	6.510915E-3
7.245000E-8	6.514341E-3
7.250000E-8	6.504064E-3
7.255000E-8	6.468092E-3
7.260000E-8	6.433833E-3
7.265000E-8	6.411564E-3
7.270000E-8	6.406425E-3
7.275000E-8	6.420129E-3
7.280000E-8	6.438972E-3
7.285000E-8	6.432120E-3
7.290000E-8	6.426981E-3
7.295000E-8	6.474943E-3
7.300000E-8	6.558878E-3
7.305000E-8	6.644526E-3
7.310000E-8	6.719895E-3
7.315000E-8	6.790126E-3
7.320000E-8	6.831237E-3
7.325000E-8	6.846654E-3
7.330000E-8	6.853505E-3
7.335000E-8	6.838089E-3
7.340000E-8	6.783274E-3
7.345000E-8	6.701053E-3
7.350000E-8	6.627396E-3
7.355000E-8	6.576008E-3
7.360000E-8	6.519480E-3
7.365000E-8	6.444110E-3
7.370000E-8	6.375592E-3
7.375000E-8	6.334482E-3
7.380000E-8	6.296797E-3
7.385000E-8	6.252260E-3
7.390000E-8	6.202584E-3
7.395000E-8	6.185455E-3
7.400000E-8	6.206010E-3
7.405000E-8	6.264251E-3
7.410000E-8	6.351611E-3
7.415000E-8	6.425268E-3
7.420000E-8	6.476656E-3
7.425000E-8	6.536610E-3
7.430000E-8	6.598276E-3
7.435000E-8	6.629109E-3
7.440000E-8	6.637674E-3
7.445000E-8	6.649664E-3
7.450000E-8	6.620544E-3
7.455000E-8	6.548600E-3
7.460000E-8	6.509202E-3
7.465000E-8	6.514341E-3
7.470000E-8	6.468092E-3
7.475000E-8	6.413277E-3
7.480000E-8	6.456101E-3
7.485000E-8	6.540036E-3
7.490000E-8	6.526332E-3
7.495000E-8	6.445823E-3
7.500000E-8	6.384157E-3
7.505000E-8	6.312213E-3
7.510000E-8	6.207723E-3
7.515000E-8	6.128928E-3
7.520000E-8	6.062123E-3
7.525000E-8	5.945642E-3
7.530000E-8	5.813745E-3
7.535000E-8	5.738375E-3
7.540000E-8	5.693838E-3
7.545000E-8	5.663005E-3
7.550000E-8	5.683561E-3
7.555000E-8	5.758930E-3
7.560000E-8	5.842865E-3
7.565000E-8	5.913096E-3
7.570000E-8	5.983327E-3
7.575000E-8	6.046706E-3
7.580000E-8	6.123789E-3
7.585000E-8	6.182029E-3
7.590000E-8	6.224853E-3
7.595000E-8	6.245408E-3
7.600000E-8	6.257399E-3
7.605000E-8	6.224853E-3
7.610000E-8	6.159761E-3
7.615000E-8	6.108372E-3
7.620000E-8	6.075826E-3
7.625000E-8	6.038141E-3
7.630000E-8	6.021012E-3
7.635000E-8	6.053558E-3
7.640000E-8	6.098094E-3
7.645000E-8	6.128928E-3
7.650000E-8	6.171751E-3
7.655000E-8	6.233418E-3
7.660000E-8	6.274528E-3
7.665000E-8	6.320778E-3
7.670000E-8	6.385870E-3
7.675000E-8	6.444110E-3
7.680000E-8	6.452675E-3
7.685000E-8	6.440684E-3
7.690000E-8	6.423555E-3
7.695000E-8	6.365315E-3
7.700000E-8	6.319065E-3
7.705000E-8	6.339620E-3
7.710000E-8	6.394435E-3
7.715000E-8	6.423555E-3
7.720000E-8	6.438972E-3
7.725000E-8	6.469805E-3
7.730000E-8	6.462953E-3
7.735000E-8	6.426981E-3
7.740000E-8	6.397861E-3
7.745000E-8	6.396148E-3
7.750000E-8	6.426981E-3
7.755000E-8	6.461240E-3
7.760000E-8	6.437259E-3
7.765000E-8	6.361889E-3
7.770000E-8	6.310500E-3
7.775000E-8	6.269389E-3
7.780000E-8	6.188881E-3
7.785000E-8	6.098094E-3
7.790000E-8	6.050132E-3
7.795000E-8	6.003882E-3
7.800000E-8	5.943929E-3
7.805000E-8	5.907957E-3
7.810000E-8	5.916522E-3
7.815000E-8	5.969623E-3
7.820000E-8	6.056984E-3
7.825000E-8	6.159761E-3
7.830000E-8	6.271102E-3
7.835000E-8	6.380731E-3
7.840000E-8	6.473231E-3
7.845000E-8	6.534897E-3
7.850000E-8	6.594850E-3
7.855000E-8	6.634248E-3
7.860000E-8	6.617118E-3
7.865000E-8	6.562304E-3
7.870000E-8	6.521193E-3
7.875000E-8	6.457814E-3
7.880000E-8	6.356750E-3
7.885000E-8	6.259112E-3
7.890000E-8	6.212862E-3
7.895000E-8	6.188881E-3
7.900000E-8	6.144344E-3
7.905000E-8	6.079252E-3
7.910000E-8	6.022725E-3
7.915000E-8	6.003882E-3
7.920000E-8	6.002169E-3
7.925000E-8	6.002169E-3
7.930000E-8	6.033002E-3
7.935000E-8	6.106659E-3
7.940000E-8	6.180316E-3
7.945000E-8	6.240269E-3
7.950000E-8	6.337907E-3
7.955000E-8	6.449249E-3
7.960000E-8	6.490360E-3
7.965000E-8	6.459527E-3
7.970000E-8	6.408138E-3
7.975000E-8	6.312213E-3
7.980000E-8	6.171751E-3
7.985000E-8	6.043280E-3
7.990000E-8	5.952494E-3
7.995000E-8	5.849717E-3
8.000000E-8	5.750366E-3
8.005000E-8	5.683561E-3
8.010000E-8	5.579071E-3
8.015000E-8	5.414627E-3
8.020000E-8	5.286156E-3
8.025000E-8	5.227916E-3
8.030000E-8	5.191944E-3
8.035000E-8	5.202222E-3
8.040000E-8	5.286156E-3
8.045000E-8	5.409489E-3
8.050000E-8	5.520830E-3
8.055000E-8	5.649302E-3
8.060000E-8	5.770921E-3
8.065000E-8	5.868559E-3
8.070000E-8	6.010734E-3
8.075000E-8	6.260825E-3
8.080000E-8	6.543461E-3
8.085000E-8	6.788413E-3
8.090000E-8	7.017949E-3
8.095000E-8	7.213225E-3
8.100000E-8	7.322854E-3
8.105000E-8	7.384520E-3
8.110000E-8	7.427344E-3
8.115000E-8	7.401649E-3
8.120000E-8	7.292021E-3
8.125000E-8	7.161836E-3
8.130000E-8	7.021375E-3
8.135000E-8	6.812395E-3
8.140000E-8	6.570869E-3
8.145000E-8	6.370454E-3
8.150000E-8	6.188881E-3
8.155000E-8	5.988466E-3
8.160000E-8	5.815458E-3
8.165000E-8	5.698977E-3
8.170000E-8	5.596200E-3
8.175000E-8	5.489997E-3
8.180000E-8	5.392359E-3
8.185000E-8	5.299860E-3
8.190000E-8	5.236481E-3
8.195000E-8	5.239907E-3
8.200000E-8	5.263888E-3
8.205000E-8	5.258749E-3
8.210000E-8	5.286156E-3
8.215000E-8	5.392359E-3
8.220000E-8	5.522543E-3
8.225000E-8	5.661292E-3
8.230000E-8	5.841152E-3
8.235000E-8	6.038141E-3
8.240000E-8	6.216288E-3
8.245000E-8	6.348185E-3
8.250000E-8	6.437259E-3
8.255000E-8	6.478369E-3
8.260000E-8	6.485221E-3
8.265000E-8	6.428694E-3
8.270000E-8	6.327630E-3
8.275000E-8	6.216288E-3
8.280000E-8	6.096382E-3
8.285000E-8	5.969623E-3
8.290000E-8	5.899392E-3
8.295000E-8	5.894253E-3
8.300000E-8	5.877124E-3
8.305000E-8	5.868559E-3
8.310000E-8	5.913096E-3
8.315000E-8	5.966197E-3
8.320000E-8	5.961058E-3
8.325000E-8	5.961058E-3
8.330000E-8	5.976475E-3
8.335000E-8	5.961058E-3
8.340000E-8	5.907957E-3
8.345000E-8	5.849717E-3
8.350000E-8	5.767495E-3
8.355000E-8	5.669857E-3
8.360000E-8	5.618468E-3
8.365000E-8	5.625320E-3
8.370000E-8	5.661292E-3
8.375000E-8	5.765782E-3
8.380000E-8	5.923374E-3
8.385000E-8	6.092956E-3
8.390000E-8	6.252260E-3
8.395000E-8	6.385870E-3
8.400000E-8	6.461240E-3
8.405000E-8	6.461240E-3
8.410000E-8	6.426981E-3
8.415000E-8	6.392722E-3
8.420000E-8	6.325917E-3
8.425000E-8	6.219714E-3
8.430000E-8	6.101520E-3
8.435000E-8	6.036428E-3
8.440000E-8	6.012447E-3
8.445000E-8	5.979901E-3
8.450000E-8	5.935364E-3
8.455000E-8	5.940503E-3
8.460000E-8	6.033002E-3
8.465000E-8	6.149483E-3
8.470000E-8	6.245408E-3
8.475000E-8	6.331056E-3
8.480000E-8	6.416703E-3
8.485000E-8	6.473231E-3
8.490000E-8	6.492073E-3
8.495000E-8	6.480082E-3
8.500000E-8	6.423555E-3
8.505000E-8	6.320778E-3
8.510000E-8	6.202584E-3
8.515000E-8	6.080965E-3
8.520000E-8	5.954207E-3
8.525000E-8	5.830874E-3
8.530000E-8	5.714394E-3
8.535000E-8	5.584209E-3
8.540000E-8	5.457451E-3
8.545000E-8	5.364952E-3
8.550000E-8	5.330693E-3
8.555000E-8	5.392359E-3
8.560000E-8	5.525969E-3
8.565000E-8	5.664718E-3
8.570000E-8	5.777773E-3
8.575000E-8	5.901105E-3
8.580000E-8	6.014160E-3
8.585000E-8	6.082678E-3
8.590000E-8	6.110085E-3
8.595000E-8	6.113511E-3
8.600000E-8	6.060410E-3
8.605000E-8	5.954207E-3
8.610000E-8	5.846291E-3
8.615000E-8	5.774347E-3
8.620000E-8	5.717820E-3
8.625000E-8	5.668144E-3
8.630000E-8	5.651015E-3
8.635000E-8	5.678422E-3
8.640000E-8	5.729810E-3
8.645000E-8	5.769208E-3
8.650000E-8	5.801754E-3
8.655000E-8	5.859994E-3
8.660000E-8	5.913096E-3
8.665000E-8	5.943929E-3
8.670000E-8	5.969623E-3
8.675000E-8	6.010734E-3
8.680000E-8	6.024438E-3
8.685000E-8	5.961058E-3
8.690000E-8	5.853143E-3
8.695000E-8	5.752079E-3
8.700000E-8	5.657866E-3
8.705000E-8	5.558515E-3
8.710000E-8	5.486571E-3
8.715000E-8	5.484858E-3
8.720000E-8	5.549950E-3
8.725000E-8	5.633885E-3
8.730000E-8	5.700690E-3
8.735000E-8	5.762356E-3
8.740000E-8	5.830874E-3
8.745000E-8	5.871985E-3
8.750000E-8	5.885689E-3
8.755000E-8	5.930225E-3
8.760000E-8	6.009021E-3
8.765000E-8	6.065548E-3
8.770000E-8	6.084391E-3
8.775000E-8	6.082678E-3
8.780000E-8	6.063835E-3
8.785000E-8	6.039854E-3
8.790000E-8	6.000456E-3
8.795000E-8	5.933651E-3
8.800000E-8	5.854856E-3
8.805000E-8	5.798328E-3
8.810000E-8	5.757217E-3
8.815000E-8	5.728097E-3
8.820000E-8	5.746940E-3
8.825000E-8	5.793189E-3
8.830000E-8	5.824022E-3
8.835000E-8	5.851430E-3
8.840000E-8	5.904531E-3
8.845000E-8	5.937077E-3
8.850000E-8	5.918235E-3
8.855000E-8	5.883976E-3
8.860000E-8	5.871985E-3
8.865000E-8	5.878837E-3
8.870000E-8	5.890828E-3
8.875000E-8	5.909670E-3
8.880000E-8	5.942216E-3
8.885000E-8	5.976475E-3
8.890000E-8	5.995317E-3
8.895000E-8	6.033002E-3
8.900000E-8	6.113511E-3
8.905000E-8	6.185455E-3
8.910000E-8	6.240269E-3
8.915000E-8	6.284806E-3
8.920000E-8	6.274528E-3
8.925000E-8	6.178603E-3
8.930000E-8	6.058697E-3
8.935000E-8	5.991892E-3
8.940000E-8	5.954207E-3
8.945000E-8	5.921661E-3
8.950000E-8	5.933651E-3
8.955000E-8	5.969623E-3
8.960000E-8	5.993605E-3
8.965000E-8	6.010734E-3
8.970000E-8	6.048419E-3
8.975000E-8	6.096382E-3
8.980000E-8	6.134066E-3
8.985000E-8	6.175177E-3
8.990000E-8	6.180316E-3
8.995000E-8	6.125502E-3
9.000000E-8	6.046706E-3
9.005000E-8	5.959346E-3
9.010000E-8	5.803467E-3
9.015000E-8	5.606478E-3
9.020000E-8	5.481432E-3
9.025000E-8	5.424905E-3
9.030000E-8	5.392359E-3
9.035000E-8	5.404350E-3
9.040000E-8	5.454025E-3
9.045000E-8	5.496849E-3
9.050000E-8	5.556802E-3
9.055000E-8	5.645876E-3
9.060000E-8	5.716107E-3
9.065000E-8	5.757217E-3
9.070000E-8	5.789763E-3
9.075000E-8	5.779486E-3
9.080000E-8	5.745227E-3
9.085000E-8	5.758930E-3
9.090000E-8	5.813745E-3
9.095000E-8	5.837726E-3
9.100000E-8	5.861707E-3
9.105000E-8	5.911383E-3
9.110000E-8	5.976475E-3
9.115000E-8	6.063835E-3
9.120000E-8	6.182029E-3
9.125000E-8	6.293371E-3
9.130000E-8	6.372166E-3
9.135000E-8	6.452675E-3
9.140000E-8	6.541749E-3
9.145000E-8	6.596563E-3
9.150000E-8	6.610267E-3
9.155000E-8	6.577720E-3
9.160000E-8	6.485221E-3
9.165000E-8	6.365315E-3
9.170000E-8	6.236843E-3
9.175000E-8	6.113511E-3
9.180000E-8	6.007308E-3
9.185000E-8	5.935364E-3
9.190000E-8	5.897679E-3
9.195000E-8	5.892540E-3
9.200000E-8	5.925087E-3
9.205000E-8	5.998743E-3
9.210000E-8	6.122076E-3
9.215000E-8	6.281380E-3
9.220000E-8	6.440684E-3
9.225000E-8	6.567443E-3
9.230000E-8	6.685636E-3
9.235000E-8	6.793552E-3
9.240000E-8	6.862070E-3
9.245000E-8	6.850080E-3
9.250000E-8	6.772997E-3
9.255000E-8	6.659942E-3
9.260000E-8	6.516054E-3
9.265000E-8	6.351611E-3
9.270000E-8	6.214575E-3
9.275000E-8	6.140918E-3
9.280000E-8	6.142631E-3
9.285000E-8	6.195733E-3
9.290000E-8	6.269389E-3
9.295000E-8	6.349898E-3
9.300000E-8	6.442397E-3
9.305000E-8	6.534897E-3
9.310000E-8	6.627396E-3
9.315000E-8	6.733599E-3
9.320000E-8	6.829524E-3
9.325000E-8	6.858644E-3
9.330000E-8	6.805543E-3
9.335000E-8	6.707905E-3
9.340000E-8	6.598276E-3
9.345000E-8	6.490360E-3
9.350000E-8	6.380731E-3
9.355000E-8	6.259112E-3
9.360000E-8	6.146057E-3
9.365000E-8	6.062123E-3
9.370000E-8	5.997030E-3
9.375000E-8	5.942216E-3
9.380000E-8	5.906244E-3
9.385000E-8	5.904531E-3
9.390000E-8	5.889115E-3
9.395000E-8	5.865133E-3
9.400000E-8	5.861707E-3
9.405000E-8	5.856569E-3
9.410000E-8	5.820597E-3
9.415000E-8	5.781199E-3
9.420000E-8	5.772634E-3
9.425000E-8	5.793189E-3
9.430000E-8	5.841152E-3
9.435000E-8	5.926799E-3
9.440000E-8	6.007308E-3
9.445000E-8	6.034715E-3
9.450000E-8	6.053558E-3
9.455000E-8	6.089530E-3
9.460000E-8	6.092956E-3
9.465000E-8	6.070687E-3
9.470000E-8	6.111798E-3
9.475000E-8	6.218001E-3
9.480000E-8	6.313926E-3
9.485000E-8	6.373879E-3
9.490000E-8	6.414990E-3
9.495000E-8	6.385870E-3
9.500000E-8	6.277954E-3
9.505000E-8	6.137492E-3
9.510000E-8	6.002169E-3
9.515000E-8	5.885689E-3
9.520000E-8	5.779486E-3
9.525000E-8	5.661292E-3
9.530000E-8	5.565367E-3
9.535000E-8	5.563654E-3
9.540000E-8	5.664718E-3
9.545000E-8	5.788051E-3
9.550000E-8	5.925087E-3
9.555000E-8	6.104946E-3
9.560000E-8	6.276241E-3
9.565000E-8	6.389296E-3
9.570000E-8	6.505777E-3
9.575000E-8	6.668507E-3
9.580000E-8	6.798691E-3
9.585000E-8	6.858644E-3
9.590000E-8	6.904894E-3
9.595000E-8	6.932301E-3
9.600000E-8	6.870635E-3
9.605000E-8	6.776423E-3
9.610000E-8	6.690775E-3
9.615000E-8	6.574295E-3
9.620000E-8	6.442397E-3
9.625000E-8	6.360176E-3
9.630000E-8	6.301936E-3
9.635000E-8	6.233418E-3
9.640000E-8	6.168325E-3
9.645000E-8	6.125502E-3
9.650000E-8	6.089530E-3
9.655000E-8	6.087817E-3
9.660000E-8	6.122076E-3
9.665000E-8	6.168325E-3
9.670000E-8	6.214575E-3
9.675000E-8	6.274528E-3
9.680000E-8	6.310500E-3
9.685000E-8	6.331056E-3
9.690000E-8	6.368741E-3
9.695000E-8	6.361889E-3
9.700000E-8	6.281380E-3
9.705000E-8	6.187168E-3
9.710000E-8	6.092956E-3
9.715000E-8	5.985040E-3
9.720000E-8	5.882263E-3
9.725000E-8	5.801754E-3
9.730000E-8	5.726384E-3
9.735000E-8	5.685274E-3
9.740000E-8	5.716107E-3
9.745000E-8	5.784625E-3
9.750000E-8	5.851430E-3
9.755000E-8	5.909670E-3
9.760000E-8	5.938790E-3
9.765000E-8	5.894253E-3
9.770000E-8	5.830874E-3
9.775000E-8	5.764069E-3
9.780000E-8	5.659579E-3
9.785000E-8	5.515691E-3
9.790000E-8	5.397498E-3
9.795000E-8	5.344396E-3
9.800000E-8	5.335832E-3
9.805000E-8	5.323841E-3
9.810000E-8	5.323841E-3
9.815000E-8	5.383794E-3
9.820000E-8	5.484858E-3
9.825000E-8	5.570506E-3
9.830000E-8	5.673283E-3
9.835000E-8	5.839439E-3
9.840000E-8	6.034715E-3
9.845000E-8	6.180316E-3
9.850000E-8	6.255686E-3
9.855000E-8	6.253973E-3
9.860000E-8	6.199159E-3
9.865000E-8	6.111798E-3
9.870000E-8	6.005595E-3
9.875000E-8	5.868559E-3
9.880000E-8	5.745227E-3
9.885000E-8	5.656153E-3
9.890000E-8	5.594487E-3
9.895000E-8	5.563654E-3
9.900000E-8	5.560228E-3
9.905000E-8	5.580784E-3
9.910000E-8	5.628746E-3
9.915000E-8	5.721245E-3
9.920000E-8	5.839439E-3
9.925000E-8	5.931938E-3
9.930000E-8	6.002169E-3
9.935000E-8	6.099807E-3
9.940000E-8	6.180316E-3
9.945000E-8	6.204297E-3
9.950000E-8	6.199159E-3
9.955000E-8	6.182029E-3
9.960000E-8	6.106659E-3
9.965000E-8	5.962771E-3
9.970000E-8	5.810319E-3
9.975000E-8	5.683561E-3
9.980000E-8	5.563654E-3
9.985000E-8	5.464303E-3
9.990000E-8	5.414627E-3
9.995000E-8	5.407776E-3
1.000000E-7	5.414627E-3
1.000500E-7	5.454025E-3
1.001000E-7	5.539673E-3
1.001500E-7	5.649302E-3
1.002000E-7	5.772634E-3
1.002500E-7	5.904531E-3
1.003000E-7	6.034715E-3
1.003500E-7	6.149483E-3
1.004000E-7	6.226566E-3
1.004500E-7	6.253973E-3
1.005000E-7	6.240269E-3
1.005500E-7	6.218001E-3
1.006000E-7	6.178603E-3
1.006500E-7	6.104946E-3
1.007000E-7	6.019299E-3
1.007500E-7	5.935364E-3
1.008000E-7	5.841152E-3
1.008500E-7	5.776060E-3
1.009000E-7	5.753792E-3
1.009500E-7	5.704116E-3
1.010000E-7	5.596200E-3
1.010500E-7	5.508840E-3
1.011000E-7	5.467729E-3
1.011500E-7	5.445461E-3
1.012000E-7	5.466016E-3
1.012500E-7	5.534534E-3
1.013000E-7	5.579071E-3
1.013500E-7	5.603052E-3
1.014000E-7	5.697264E-3
1.014500E-7	5.815458E-3
1.015000E-7	5.844578E-3
1.015500E-7	5.853143E-3
1.016000E-7	5.926799E-3
1.016500E-7	5.997030E-3
1.017000E-7	6.002169E-3
1.017500E-7	6.003882E-3
1.018000E-7	6.027864E-3
1.018500E-7	6.038141E-3
1.019000E-7	6.079252E-3
1.019500E-7	6.185455E-3
1.020000E-7	6.283093E-3
1.020500E-7	6.339620E-3
1.021000E-7	6.440684E-3
1.021500E-7	6.618831E-3
1.022000E-7	6.795265E-3
1.022500E-7	6.908320E-3
1.023000E-7	6.997393E-3
1.023500E-7	7.048782E-3
1.024000E-7	7.016236E-3
1.024500E-7	6.916885E-3
1.025000E-7	6.808969E-3
1.025500E-7	6.704479E-3
1.026000E-7	6.584572E-3
1.026500E-7	6.425268E-3
1.027000E-7	6.257399E-3
1.027500E-7	6.098094E-3
1.028000E-7	5.954207E-3
1.028500E-7	5.834300E-3
1.029000E-7	5.753792E-3
1.029500E-7	5.704116E-3
1.030000E-7	5.645876E-3
1.030500E-7	5.609904E-3
1.031000E-7	5.637311E-3
1.031500E-7	5.688699E-3
1.032000E-7	5.717820E-3
1.032500E-7	5.752079E-3
1.033000E-7	5.796615E-3
1.033500E-7	5.820597E-3
1.034000E-7	5.818884E-3
1.034500E-7	5.832587E-3
1.035000E-7	5.871985E-3
1.035500E-7	5.911383E-3
1.036000E-7	5.947355E-3
1.036500E-7	5.991892E-3
1.037000E-7	6.031289E-3
1.037500E-7	6.084391E-3
1.038000E-7	6.164900E-3
1.038500E-7	6.247121E-3
1.039000E-7	6.320778E-3
1.039500E-7	6.387583E-3
1.040000E-7	6.409851E-3
1.040500E-7	6.394435E-3
1.041000E-7	6.385870E-3
1.041500E-7	6.396148E-3
1.042000E-7	6.382444E-3
1.042500E-7	6.365315E-3
1.043000E-7	6.358463E-3
1.043500E-7	6.332769E-3
1.044000E-7	6.279667E-3
1.044500E-7	6.238556E-3
1.045000E-7	6.204297E-3
1.045500E-7	6.171751E-3
1.046000E-7	6.197446E-3
1.046500E-7	6.277954E-3
1.047000E-7	6.351611E-3
1.047500E-7	6.385870E-3
1.048000E-7	6.408138E-3
1.048500E-7	6.401287E-3
1.049000E-7	6.346472E-3
1.049500E-7	6.252260E-3
1.050000E-7	6.125502E-3
1.050500E-7	5.991892E-3
1.051000E-7	5.895966E-3
1.051500E-7	5.842865E-3
1.052000E-7	5.770921E-3
1.052500E-7	5.698977E-3
1.053000E-7	5.693838E-3
1.053500E-7	5.741801E-3
1.054000E-7	5.803467E-3
1.054500E-7	5.870272E-3
1.055000E-7	5.988466E-3
1.055500E-7	6.120363E-3
1.056000E-7	6.200871E-3
1.056500E-7	6.228279E-3
1.057000E-7	6.260825E-3
1.057500E-7	6.283093E-3
1.058000E-7	6.247121E-3
1.058500E-7	6.176890E-3
1.059000E-7	6.122076E-3
1.059500E-7	6.065548E-3
1.060000E-7	5.966197E-3
1.060500E-7	5.839439E-3
1.061000E-7	5.745227E-3
1.061500E-7	5.705829E-3
1.062000E-7	5.669857E-3
1.062500E-7	5.596200E-3
1.063000E-7	5.520830E-3
1.063500E-7	5.508840E-3
1.064000E-7	5.543099E-3
1.064500E-7	5.591061E-3
1.065000E-7	5.664718E-3
1.065500E-7	5.769208E-3
1.066000E-7	5.887402E-3
1.066500E-7	6.022725E-3
1.067000E-7	6.178603E-3
1.067500E-7	6.315639E-3
1.068000E-7	6.382444E-3
1.068500E-7	6.411564E-3
1.069000E-7	6.416703E-3
1.069500E-7	6.368741E-3
1.070000E-7	6.267677E-3
1.070500E-7	6.147770E-3
1.071000E-7	6.010734E-3
1.071500E-7	5.851430E-3
1.072000E-7	5.698977E-3
1.072500E-7	5.567080E-3
1.073000E-7	5.469442E-3
1.073500E-7	5.424905E-3
1.074000E-7	5.440322E-3
1.074500E-7	5.505414E-3
1.075000E-7	5.604765E-3
1.075500E-7	5.753792E-3
1.076000E-7	5.919948E-3
1.076500E-7	6.053558E-3
1.077000E-7	6.103233E-3
1.077500E-7	6.087817E-3
1.078000E-7	6.080965E-3
1.078500E-7	6.115224E-3
1.079000E-7	6.132353E-3
1.079500E-7	6.106659E-3
1.080000E-7	6.067261E-3
1.080500E-7	5.998743E-3
1.081000E-7	5.889115E-3
1.081500E-7	5.817171E-3
1.082000E-7	5.817171E-3
1.082500E-7	5.813745E-3
1.083000E-7	5.837726E-3
1.083500E-7	5.955920E-3
1.084000E-7	6.087817E-3
1.084500E-7	6.156335E-3
1.085000E-7	6.223140E-3
1.085500E-7	6.291658E-3
1.086000E-7	6.264251E-3
1.086500E-7	6.161474E-3
1.087000E-7	6.068974E-3
1.087500E-7	5.945642E-3
1.088000E-7	5.774347E-3
1.088500E-7	5.618468E-3
1.089000E-7	5.520830E-3
1.089500E-7	5.445461E-3
1.090000E-7	5.402637E-3
1.090500E-7	5.402637E-3
1.091000E-7	5.423192E-3
1.091500E-7	5.510553E-3
1.092000E-7	5.671570E-3
1.092500E-7	5.832587E-3
1.093000E-7	5.983327E-3
1.093500E-7	6.166612E-3
1.094000E-7	6.353324E-3
1.094500E-7	6.488647E-3
1.095000E-7	6.606841E-3
1.095500E-7	6.740451E-3
1.096000E-7	6.829524E-3
1.096500E-7	6.862070E-3
1.097000E-7	6.887764E-3
1.097500E-7	6.901468E-3
1.098000E-7	6.865496E-3
1.098500E-7	6.803830E-3
1.099000E-7	6.754154E-3
1.099500E-7	6.697627E-3
1.100000E-7	6.601702E-3
1.100500E-7	6.493786E-3
1.101000E-7	6.392722E-3
1.101500E-7	6.265964E-3
1.102000E-7	6.089530E-3
1.102500E-7	5.916522E-3
1.103000E-7	5.808606E-3
1.103500E-7	5.717820E-3
1.104000E-7	5.609904E-3
1.104500E-7	5.513979E-3
1.105000E-7	5.459164E-3
1.105500E-7	5.390646E-3
1.106000E-7	5.310137E-3
1.106500E-7	5.289582E-3
1.107000E-7	5.320415E-3
1.107500E-7	5.327267E-3
1.108000E-7	5.301573E-3
1.108500E-7	5.301573E-3
1.109000E-7	5.330693E-3
1.109500E-7	5.375230E-3
1.110000E-7	5.426618E-3
1.110500E-7	5.520830E-3
1.111000E-7	5.663005E-3
1.111500E-7	5.824022E-3
1.112000E-7	5.974762E-3
1.112500E-7	6.116937E-3
1.113000E-7	6.259112E-3
1.113500E-7	6.391009E-3
1.114000E-7	6.492073E-3
1.114500E-7	6.538323E-3
1.115000E-7	6.545174E-3
1.115500E-7	6.528045E-3
1.116000E-7	6.457814E-3
1.116500E-7	6.313926E-3
1.117000E-7	6.156335E-3
1.117500E-7	6.024438E-3
1.118000E-7	5.902818E-3
1.118500E-7	5.798328E-3
1.119000E-7	5.731523E-3
1.119500E-7	5.693838E-3
1.120000E-7	5.695551E-3
1.120500E-7	5.745227E-3
1.121000E-7	5.829161E-3
1.121500E-7	5.950781E-3
1.122000E-7	6.098094E-3
1.122500E-7	6.245408E-3
1.123000E-7	6.344759E-3
1.123500E-7	6.389296E-3
1.124000E-7	6.375592E-3
1.124500E-7	6.308787E-3
1.125000E-7	6.206010E-3
1.125500E-7	6.056984E-3
1.126000E-7	5.866846E-3
1.126500E-7	5.693838E-3
1.127000E-7	5.551663E-3
1.127500E-7	5.416340E-3
1.128000E-7	5.304999E-3
1.128500E-7	5.270740E-3
1.129000E-7	5.325554E-3
1.129500E-7	5.443748E-3
1.130000E-7	5.637311E-3
1.130500E-7	5.897679E-3
1.131000E-7	6.195733E-3
1.131500E-7	6.469805E-3
1.132000E-7	6.706192E-3
1.132500E-7	6.899755E-3
1.133000E-7	7.035078E-3
1.133500E-7	7.115587E-3
1.134000E-7	7.137855E-3
1.134500E-7	7.100170E-3
1.135000E-7	7.009384E-3
1.135500E-7	6.867209E-3
1.136000E-7	6.653090E-3
1.136500E-7	6.397861E-3
1.137000E-7	6.199159E-3
1.137500E-7	6.089530E-3
1.138000E-7	6.015873E-3
1.138500E-7	5.947355E-3
1.139000E-7	5.923374E-3
1.139500E-7	5.957633E-3
1.140000E-7	6.036428E-3
1.140500E-7	6.135779E-3
1.141000E-7	6.212862E-3
1.141500E-7	6.253973E-3
1.142000E-7	6.248834E-3
1.142500E-7	6.147770E-3
1.143000E-7	5.931938E-3
1.143500E-7	5.659579E-3
1.144000E-7	5.400924E-3
1.144500E-7	5.152546E-3
1.145000E-7	4.902455E-3
1.145500E-7	4.700327E-3
1.146000E-7	4.588985E-3
1.146500E-7	4.576995E-3
1.147000E-7	4.679772E-3
1.147500E-7	4.885326E-3
1.148000E-7	5.149120E-3
1.148500E-7	5.431757E-3
1.149000E-7	5.731523E-3
1.149500E-7	6.014160E-3
1.150000E-7	6.221427E-3
1.150500E-7	6.363602E-3
1.151000E-7	6.461240E-3
1.151500E-7	6.478369E-3
1.152000E-7	6.418416E-3
1.152500E-7	6.339620E-3
1.153000E-7	6.250547E-3
1.153500E-7	6.159761E-3
1.154000E-7	6.094669E-3
1.154500E-7	6.060410E-3
1.155000E-7	6.048419E-3
1.155500E-7	6.094669E-3
1.156000E-7	6.211149E-3
1.156500E-7	6.360176E-3
1.157000E-7	6.531471E-3
1.157500E-7	6.716469E-3
1.158000E-7	6.843228E-3
1.158500E-7	6.918598E-3
1.159000E-7	6.987116E-3
1.159500E-7	7.002532E-3
1.160000E-7	6.969986E-3
1.160500E-7	6.932301E-3
1.161000E-7	6.863783E-3
1.161500E-7	6.694201E-3
1.162000E-7	6.483508E-3
1.162500E-7	6.291658E-3
1.163000E-7	6.092956E-3
1.163500E-7	5.901105E-3
1.164000E-7	5.755504E-3
1.164500E-7	5.657866E-3
1.165000E-7	5.606478E-3
1.165500E-7	5.620181E-3
1.166000E-7	5.671570E-3
1.166500E-7	5.733236E-3
1.167000E-7	5.817171E-3
1.167500E-7	5.914809E-3
1.168000E-7	5.974762E-3
1.168500E-7	5.993605E-3
1.169000E-7	6.005595E-3
1.169500E-7	5.995317E-3
1.170000E-7	5.911383E-3
1.170500E-7	5.784625E-3
1.171000E-7	5.657866E-3
1.171500E-7	5.551663E-3
1.172000E-7	5.424905E-3
1.172500E-7	5.304999E-3
1.173000E-7	5.215925E-3
1.173500E-7	5.167963E-3
1.174000E-7	5.157685E-3
1.174500E-7	5.185092E-3
1.175000E-7	5.233055E-3
1.175500E-7	5.322128E-3
1.176000E-7	5.448886E-3
1.176500E-7	5.589348E-3
1.177000E-7	5.700690E-3
1.177500E-7	5.793189E-3
1.178000E-7	5.895966E-3
1.178500E-7	5.997030E-3
1.179000E-7	6.062123E-3
1.179500E-7	6.063835E-3
1.180000E-7	6.027864E-3
1.180500E-7	5.978188E-3
1.181000E-7	5.895966E-3
1.181500E-7	5.769208E-3
1.182000E-7	5.659579E-3
1.182500E-7	5.621894E-3
1.183000E-7	5.630459E-3
1.183500E-7	5.666431E-3
1.184000E-7	5.750366E-3
1.184500E-7	5.871985E-3
1.185000E-7	5.988466E-3
1.185500E-7	6.113511E-3
1.186000E-7	6.250547E-3
1.186500E-7	6.389296E-3
1.187000E-7	6.519480E-3
1.187500E-7	6.608554E-3
1.188000E-7	6.629109E-3
1.188500E-7	6.589711E-3
1.189000E-7	6.516054E-3
1.189500E-7	6.385870E-3
1.190000E-7	6.183742E-3
1.190500E-7	5.978188E-3
1.191000E-7	5.820597E-3
1.191500E-7	5.704116E-3
1.192000E-7	5.627033E-3
1.192500E-7	5.568793E-3
1.193000E-7	5.546525E-3
1.193500E-7	5.565367E-3
1.194000E-7	5.601339E-3
1.194500E-7	5.630459E-3
1.195000E-7	5.669857E-3
1.195500E-7	5.755504E-3
1.196000E-7	5.859994E-3
1.196500E-7	5.931938E-3
1.197000E-7	5.997030E-3
1.197500E-7	6.089530E-3
1.198000E-7	6.170038E-3
1.198500E-7	6.199159E-3
1.199000E-7	6.226566E-3
1.199500E-7	6.312213E-3
1.200000E-7	6.404713E-3
1.200500E-7	6.466379E-3
1.201000E-7	6.517767E-3
1.201500E-7	6.586285E-3
1.202000E-7	6.599989E-3
1.202500E-7	6.536610E-3
1.203000E-7	6.473231E-3
1.203500E-7	6.464666E-3
1.204000E-7	6.474943E-3
1.204500E-7	6.449249E-3
1.205000E-7	6.425268E-3
1.205500E-7	6.425268E-3
1.206000E-7	6.414990E-3
1.206500E-7	6.382444E-3
1.207000E-7	6.375592E-3
1.207500E-7	6.382444E-3
1.208000E-7	6.375592E-3
1.208500E-7	6.375592E-3
1.209000E-7	6.418416E-3
1.209500E-7	6.457814E-3
1.210000E-7	6.438972E-3
1.210500E-7	6.384157E-3
1.211000E-7	6.372166E-3
1.211500E-7	6.399574E-3
1.212000E-7	6.404713E-3
1.212500E-7	6.384157E-3
1.213000E-7	6.394435E-3
1.213500E-7	6.421842E-3
1.214000E-7	6.401287E-3
1.214500E-7	6.332769E-3
1.215000E-7	6.267677E-3
1.215500E-7	6.185455E-3
1.216000E-7	6.053558E-3
1.216500E-7	5.940503E-3
1.217000E-7	5.911383E-3
1.217500E-7	5.890828E-3
1.218000E-7	5.837726E-3
1.218500E-7	5.789763E-3
1.219000E-7	5.753792E-3
1.219500E-7	5.681848E-3
1.220000E-7	5.565367E-3
1.220500E-7	5.454025E-3
1.221000E-7	5.383794E-3
1.221500E-7	5.347822E-3
1.222000E-7	5.310137E-3
1.222500E-7	5.253610E-3
1.223000E-7	5.236481E-3
1.223500E-7	5.277591E-3
1.224000E-7	5.320415E-3
1.224500E-7	5.373517E-3
1.225000E-7	5.476294E-3
1.225500E-7	5.597913E-3
1.226000E-7	5.697264E-3
1.226500E-7	5.793189E-3
1.227000E-7	5.866846E-3
1.227500E-7	5.895966E-3
1.228000E-7	5.935364E-3
1.228500E-7	5.974762E-3
1.229000E-7	5.981614E-3
1.229500E-7	5.979901E-3
1.230000E-7	6.000456E-3
1.230500E-7	5.985040E-3
1.231000E-7	5.928512E-3
1.231500E-7	5.882263E-3
1.232000E-7	5.817171E-3
1.232500E-7	5.717820E-3
1.233000E-7	5.645876E-3
1.233500E-7	5.618468E-3
1.234000E-7	5.573932E-3
1.234500E-7	5.527682E-3
1.235000E-7	5.524256E-3
1.235500E-7	5.553376E-3
1.236000E-7	5.580784E-3
1.236500E-7	5.608191E-3
1.237000E-7	5.637311E-3
1.237500E-7	5.676709E-3
1.238000E-7	5.702403E-3
1.238500E-7	5.714394E-3
1.239000E-7	5.746940E-3
1.239500E-7	5.806893E-3
1.240000E-7	5.873698E-3
1.240500E-7	5.923374E-3
1.241000E-7	5.959346E-3
1.241500E-7	5.961058E-3
1.242000E-7	5.937077E-3
1.242500E-7	5.916522E-3
1.243000E-7	5.870272E-3
1.243500E-7	5.782912E-3
1.244000E-7	5.695551E-3
1.244500E-7	5.635598E-3
1.245000E-7	5.558515E-3
1.245500E-7	5.460877E-3
1.246000E-7	5.402637E-3
1.246500E-7	5.400924E-3
1.247000E-7	5.442035E-3
1.247500E-7	5.551663E-3
1.248000E-7	5.726384E-3
1.248500E-7	5.930225E-3
1.249000E-7	6.120363E-3
1.249500E-7	6.283093E-3
1.250000E-7	6.403000E-3
1.250500E-7	6.462953E-3
1.251000E-7	6.488647E-3
1.251500E-7	6.492073E-3
1.252000E-7	6.442397E-3
1.252500E-7	6.320778E-3
1.253000E-7	6.180316E-3
1.253500E-7	6.029576E-3
1.254000E-7	5.848004E-3
1.254500E-7	5.654440E-3
1.255000E-7	5.496849E-3
1.255500E-7	5.382081E-3
1.256000E-7	5.325554E-3
1.256500E-7	5.322128E-3
1.257000E-7	5.346109E-3
1.257500E-7	5.387220E-3
1.258000E-7	5.474581E-3
1.258500E-7	5.585922E-3
1.259000E-7	5.722958E-3
1.259500E-7	5.919948E-3
1.260000E-7	6.139205E-3
1.260500E-7	6.339620E-3
1.261000E-7	6.509202E-3
1.261500E-7	6.625683E-3
1.262000E-7	6.665081E-3
1.262500E-7	6.644526E-3
1.263000E-7	6.593137E-3
1.263500E-7	6.517767E-3
1.264000E-7	6.449249E-3
1.264500E-7	6.391009E-3
1.265000E-7	6.331056E-3
1.265500E-7	6.271102E-3
1.266000E-7	6.212862E-3
1.266500E-7	6.151196E-3
1.267000E-7	6.130641E-3
1.267500E-7	6.171751E-3
1.268000E-7	6.250547E-3
1.268500E-7	6.325917E-3
1.269000E-7	6.391009E-3
1.269500E-7	6.432120E-3
1.270000E-7	6.432120E-3
1.270500E-7	6.396148E-3
1.271000E-7	6.346472E-3
1.271500E-7	6.272815E-3
1.272000E-7	6.163187E-3
1.272500E-7	6.024438E-3
1.273000E-7	5.901105E-3
1.273500E-7	5.827448E-3
1.274000E-7	5.762356E-3
1.274500E-7	5.666431E-3
1.275000E-7	5.563654E-3
1.275500E-7	5.520830E-3
1.276000E-7	5.544812E-3
1.276500E-7	5.597913E-3
1.277000E-7	5.663005E-3
1.277500E-7	5.752079E-3
1.278000E-7	5.859994E-3
1.278500E-7	5.942216E-3
1.279000E-7	5.985040E-3
1.279500E-7	6.015873E-3
1.280000E-7	6.021012E-3
1.280500E-7	5.986753E-3
1.281000E-7	5.947355E-3
1.281500E-7	5.959346E-3
1.282000E-7	5.985040E-3
1.282500E-7	6.000456E-3
1.283000E-7	6.014160E-3
1.283500E-7	6.021012E-3
1.284000E-7	6.002169E-3
1.284500E-7	5.957633E-3
1.285000E-7	5.899392E-3
1.285500E-7	5.832587E-3
1.286000E-7	5.796615E-3
1.286500E-7	5.786338E-3
1.287000E-7	5.774347E-3
1.287500E-7	5.772634E-3
1.288000E-7	5.793189E-3
1.288500E-7	5.827448E-3
1.289000E-7	5.866846E-3
1.289500E-7	5.918235E-3
1.290000E-7	5.940503E-3
1.290500E-7	5.947355E-3
1.291000E-7	5.993605E-3
1.291500E-7	6.067261E-3
1.292000E-7	6.128928E-3
1.292500E-7	6.144344E-3
1.293000E-7	6.118650E-3
1.293500E-7	6.092956E-3
1.294000E-7	6.089530E-3
1.294500E-7	6.084391E-3
1.295000E-7	6.060410E-3
1.295500E-7	6.070687E-3
1.296000E-7	6.113511E-3
1.296500E-7	6.139205E-3
1.297000E-7	6.161474E-3
1.297500E-7	6.211149E-3
1.298000E-7	6.276241E-3
1.298500E-7	6.327630E-3
1.299000E-7	6.353324E-3
1.299500E-7	6.346472E-3
1.300000E-7	6.319065E-3
1.300500E-7	6.274528E-3
1.301000E-7	6.207723E-3
1.301500E-7	6.134066E-3
1.302000E-7	6.056984E-3
1.302500E-7	5.985040E-3
1.303000E-7	5.911383E-3
1.303500E-7	5.837726E-3
1.304000E-7	5.758930E-3
1.304500E-7	5.702403E-3
1.305000E-7	5.716107E-3
1.305500E-7	5.789763E-3
1.306000E-7	5.868559E-3
1.306500E-7	5.930225E-3
1.307000E-7	5.971336E-3
1.307500E-7	5.985040E-3
1.308000E-7	5.986753E-3
1.308500E-7	5.997030E-3
1.309000E-7	6.024438E-3
1.309500E-7	6.036428E-3
1.310000E-7	6.038141E-3
1.310500E-7	6.027864E-3
1.311000E-7	5.997030E-3
1.311500E-7	5.974762E-3
1.312000E-7	5.976475E-3
1.312500E-7	5.978188E-3
1.313000E-7	5.952494E-3
1.313500E-7	5.938790E-3
1.314000E-7	5.943929E-3
1.314500E-7	5.918235E-3
1.315000E-7	5.856569E-3
1.315500E-7	5.820597E-3
1.316000E-7	5.805180E-3
1.316500E-7	5.764069E-3
1.317000E-7	5.740088E-3
1.317500E-7	5.733236E-3
1.318000E-7	5.700690E-3
1.318500E-7	5.668144E-3
1.319000E-7	5.690412E-3
1.319500E-7	5.736662E-3
1.320000E-7	5.757217E-3
1.320500E-7	5.788051E-3
1.321000E-7	5.805180E-3
1.321500E-7	5.741801E-3
1.322000E-7	5.618468E-3
1.322500E-7	5.501988E-3
1.323000E-7	5.404350E-3
1.323500E-7	5.339258E-3
1.324000E-7	5.308425E-3
1.324500E-7	5.294721E-3
1.325000E-7	5.330693E-3
1.325500E-7	5.435183E-3
1.326000E-7	5.527682E-3
1.326500E-7	5.556802E-3
1.327000E-7	5.577358E-3
1.327500E-7	5.632172E-3
1.328000E-7	5.663005E-3
1.328500E-7	5.661292E-3
1.329000E-7	5.686986E-3
1.329500E-7	5.746940E-3
1.330000E-7	5.791476E-3
1.330500E-7	5.801754E-3
1.331000E-7	5.798328E-3
1.331500E-7	5.801754E-3
1.332000E-7	5.834300E-3
1.332500E-7	5.911383E-3
1.333000E-7	6.005595E-3
1.333500E-7	6.084391E-3
1.334000E-7	6.142631E-3
1.334500E-7	6.168325E-3
1.335000E-7	6.154622E-3
1.335500E-7	6.132353E-3
1.336000E-7	6.120363E-3
1.336500E-7	6.087817E-3
1.337000E-7	6.005595E-3
1.337500E-7	5.914809E-3
1.338000E-7	5.858281E-3
1.338500E-7	5.817171E-3
1.339000E-7	5.765782E-3
1.339500E-7	5.728097E-3
1.340000E-7	5.722958E-3
1.340500E-7	5.731523E-3
1.341000E-7	5.767495E-3
1.341500E-7	5.858281E-3
1.342000E-7	6.007308E-3
1.342500E-7	6.140918E-3
1.343000E-7	6.253973E-3
1.343500E-7	6.373879E-3
1.344000E-7	6.456101E-3
1.344500E-7	6.471518E-3
1.345000E-7	6.485221E-3
1.345500E-7	6.531471E-3
1.346000E-7	6.531471E-3
1.346500E-7	6.437259E-3
1.347000E-7	6.336195E-3
1.347500E-7	6.272815E-3
1.348000E-7	6.218001E-3
1.348500E-7	6.151196E-3
1.349000E-7	6.118650E-3
1.349500E-7	6.125502E-3
1.350000E-7	6.132353E-3
1.350500E-7	6.111798E-3
1.351000E-7	6.079252E-3
1.351500E-7	6.031289E-3
1.352000E-7	5.955920E-3
1.352500E-7	5.866846E-3
1.353000E-7	5.786338E-3
1.353500E-7	5.700690E-3
1.354000E-7	5.585922E-3
1.354500E-7	5.460877E-3
1.355000E-7	5.373517E-3
1.355500E-7	5.330693E-3
1.356000E-7	5.311850E-3
1.356500E-7	5.311850E-3
1.357000E-7	5.356387E-3
1.357500E-7	5.414627E-3
1.358000E-7	5.433470E-3
1.358500E-7	5.459164E-3
1.359000E-7	5.561941E-3
1.359500E-7	5.728097E-3
1.360000E-7	5.892540E-3
1.360500E-7	6.053558E-3
1.361000E-7	6.207723E-3
1.361500E-7	6.320778E-3
1.362000E-7	6.343046E-3
1.362500E-7	6.320778E-3
1.363000E-7	6.336195E-3
1.363500E-7	6.377305E-3
1.364000E-7	6.380731E-3
1.364500E-7	6.344759E-3
1.365000E-7	6.308787E-3
1.365500E-7	6.284806E-3
1.366000E-7	6.250547E-3
1.366500E-7	6.226566E-3
1.367000E-7	6.245408E-3
1.367500E-7	6.286519E-3
1.368000E-7	6.313926E-3
1.368500E-7	6.344759E-3
1.369000E-7	6.375592E-3
1.369500E-7	6.382444E-3
1.370000E-7	6.365315E-3
1.370500E-7	6.331056E-3
1.371000E-7	6.240269E-3
1.371500E-7	6.128928E-3
1.372000E-7	6.065548E-3
1.372500E-7	6.055271E-3
1.373000E-7	6.024438E-3
1.373500E-7	5.976475E-3
1.374000E-7	5.923374E-3
1.374500E-7	5.883976E-3
1.375000E-7	5.892540E-3
1.375500E-7	5.969623E-3
1.376000E-7	6.056984E-3
1.376500E-7	6.147770E-3
1.377000E-7	6.240269E-3
1.377500E-7	6.271102E-3
1.378000E-7	6.216288E-3
1.378500E-7	6.139205E-3
1.379000E-7	6.050132E-3
1.379500E-7	5.926799E-3
1.380000E-7	5.777773E-3
1.380500E-7	5.628746E-3
1.381000E-7	5.467729E-3
1.381500E-7	5.322128E-3
1.382000E-7	5.239907E-3
1.382500E-7	5.221064E-3
1.383000E-7	5.289582E-3
1.383500E-7	5.424905E-3
1.384000E-7	5.563654E-3
1.384500E-7	5.686986E-3
1.385000E-7	5.830874E-3
1.385500E-7	5.964484E-3
1.386000E-7	6.039854E-3
1.386500E-7	6.086104E-3
1.387000E-7	6.106659E-3
1.387500E-7	6.041567E-3
1.388000E-7	5.911383E-3
1.388500E-7	5.786338E-3
1.389000E-7	5.680135E-3
1.389500E-7	5.584209E-3
1.390000E-7	5.495136E-3
1.390500E-7	5.430044E-3
1.391000E-7	5.450599E-3
1.391500E-7	5.546525E-3
1.392000E-7	5.637311E-3
1.392500E-7	5.743514E-3
1.393000E-7	5.911383E-3
1.393500E-7	6.084391E-3
1.394000E-7	6.204297E-3
1.394500E-7	6.296797E-3
1.395000E-7	6.385870E-3
1.395500E-7	6.449249E-3
1.396000E-7	6.469805E-3
1.396500E-7	6.449249E-3
1.397000E-7	6.392722E-3
1.397500E-7	6.307074E-3
1.398000E-7	6.176890E-3
1.398500E-7	6.005595E-3
1.399000E-7	5.848004E-3
1.399500E-7	5.728097E-3
1.400000E-7	5.613330E-3
1.400500E-7	5.505414E-3
1.401000E-7	5.445461E-3
1.401500E-7	5.462590E-3
1.402000E-7	5.536247E-3
1.402500E-7	5.635598E-3
1.403000E-7	5.758930E-3
1.403500E-7	5.907957E-3
1.404000E-7	6.046706E-3
1.404500E-7	6.125502E-3
1.405000E-7	6.161474E-3
1.405500E-7	6.194020E-3
1.406000E-7	6.218001E-3
1.406500E-7	6.216288E-3
1.407000E-7	6.192307E-3
1.407500E-7	6.206010E-3
1.408000E-7	6.240269E-3
1.408500E-7	6.260825E-3
1.409000E-7	6.279667E-3
1.409500E-7	6.329343E-3
1.410000E-7	6.401287E-3
1.410500E-7	6.437259E-3
1.411000E-7	6.442397E-3
1.411500E-7	6.428694E-3
1.412000E-7	6.375592E-3
1.412500E-7	6.289945E-3
1.413000E-7	6.199159E-3
1.413500E-7	6.089530E-3
1.414000E-7	5.979901E-3
1.414500E-7	5.913096E-3
1.415000E-7	5.901105E-3
1.415500E-7	5.894253E-3
1.416000E-7	5.894253E-3
1.416500E-7	5.899392E-3
1.417000E-7	5.925087E-3
1.417500E-7	5.995317E-3
1.418000E-7	6.106659E-3
1.418500E-7	6.204297E-3
1.419000E-7	6.284806E-3
1.419500E-7	6.370454E-3
1.420000E-7	6.404713E-3
1.420500E-7	6.372166E-3
1.421000E-7	6.329343E-3
1.421500E-7	6.265964E-3
1.422000E-7	6.140918E-3
1.422500E-7	5.964484E-3
1.423000E-7	5.818884E-3
1.423500E-7	5.740088E-3
1.424000E-7	5.698977E-3
1.424500E-7	5.702403E-3
1.425000E-7	5.757217E-3
1.425500E-7	5.844578E-3
1.426000E-7	5.933651E-3
1.426500E-7	6.026151E-3
1.427000E-7	6.144344E-3
1.427500E-7	6.288232E-3
1.428000E-7	6.433833E-3
1.428500E-7	6.548600E-3
1.429000E-7	6.587998E-3
1.429500E-7	6.543461E-3
1.430000E-7	6.469805E-3
1.430500E-7	6.399574E-3
1.431000E-7	6.313926E-3
1.431500E-7	6.221427E-3
1.432000E-7	6.128928E-3
1.432500E-7	6.050132E-3
1.433000E-7	6.009021E-3
1.433500E-7	6.005595E-3
1.434000E-7	5.997030E-3
1.434500E-7	5.967910E-3
1.435000E-7	5.981614E-3
1.435500E-7	6.034715E-3
1.436000E-7	6.046706E-3
1.436500E-7	6.024438E-3
1.437000E-7	6.026151E-3
1.437500E-7	6.065548E-3
1.438000E-7	6.072400E-3
1.438500E-7	6.050132E-3
1.439000E-7	6.044993E-3
1.439500E-7	6.091243E-3
1.440000E-7	6.161474E-3
1.440500E-7	6.219714E-3
1.441000E-7	6.252260E-3
1.441500E-7	6.279667E-3
1.442000E-7	6.322491E-3
1.442500E-7	6.370454E-3
1.443000E-7	6.426981E-3
1.443500E-7	6.473231E-3
1.444000E-7	6.493786E-3
1.444500E-7	6.473231E-3
1.445000E-7	6.425268E-3
1.445500E-7	6.332769E-3
1.446000E-7	6.192307E-3
1.446500E-7	6.007308E-3
1.447000E-7	5.794902E-3
1.447500E-7	5.549950E-3
1.448000E-7	5.304999E-3
1.448500E-7	5.131991E-3
1.449000E-7	5.039491E-3
1.449500E-7	5.003519E-3
1.450000E-7	4.998381E-3
1.450500E-7	5.066899E-3
1.451000E-7	5.229629E-3
1.451500E-7	5.448886E-3
1.452000E-7	5.663005E-3
1.452500E-7	5.866846E-3
1.453000E-7	6.098094E-3
1.453500E-7	6.375592E-3
1.454000E-7	6.623970E-3
1.454500E-7	6.755867E-3
1.455000E-7	6.786700E-3
1.455500E-7	6.790126E-3
1.456000E-7	6.742164E-3
1.456500E-7	6.577720E-3
1.457000E-7	6.346472E-3
1.457500E-7	6.123789E-3
1.458000E-7	5.930225E-3
1.458500E-7	5.741801E-3
1.459000E-7	5.589348E-3
1.459500E-7	5.500275E-3
1.460000E-7	5.505414E-3
1.460500E-7	5.599626E-3
1.461000E-7	5.750366E-3
1.461500E-7	5.928512E-3
1.462000E-7	6.146057E-3
1.462500E-7	6.372166E-3
1.463000E-7	6.579433E-3
1.463500E-7	6.766145E-3
1.464000E-7	6.903181E-3
1.464500E-7	6.932301E-3
1.465000E-7	6.877487E-3
1.465500E-7	6.819246E-3
1.466000E-7	6.725034E-3
1.466500E-7	6.555452E-3
1.467000E-7	6.361889E-3
1.467500E-7	6.219714E-3
1.468000E-7	6.086104E-3
1.468500E-7	5.961058E-3
1.469000E-7	5.906244E-3
1.469500E-7	5.931938E-3
1.470000E-7	6.014160E-3
1.470500E-7	6.122076E-3
1.471000E-7	6.255686E-3
1.471500E-7	6.370454E-3
1.472000E-7	6.444110E-3
1.472500E-7	6.504064E-3
1.473000E-7	6.553739E-3
1.473500E-7	6.569156E-3
1.474000E-7	6.557165E-3
1.474500E-7	6.502351E-3
1.475000E-7	6.401287E-3
1.475500E-7	6.281380E-3
1.476000E-7	6.197446E-3
1.476500E-7	6.116937E-3
1.477000E-7	6.012447E-3
1.477500E-7	5.887402E-3
1.478000E-7	5.779486E-3
1.478500E-7	5.705829E-3
1.479000E-7	5.651015E-3
1.479500E-7	5.603052E-3
1.480000E-7	5.561941E-3
1.480500E-7	5.549950E-3
1.481000E-7	5.580784E-3
1.481500E-7	5.628746E-3
1.482000E-7	5.671570E-3
1.482500E-7	5.726384E-3
1.483000E-7	5.803467E-3
1.483500E-7	5.880550E-3
1.484000E-7	5.931938E-3
1.484500E-7	5.955920E-3
1.485000E-7	5.955920E-3
1.485500E-7	5.949068E-3
1.486000E-7	5.937077E-3
1.486500E-7	5.918235E-3
1.487000E-7	5.901105E-3
1.487500E-7	5.880550E-3
1.488000E-7	5.861707E-3
1.488500E-7	5.880550E-3
1.489000E-7	5.949068E-3
1.489500E-7	6.041567E-3
1.490000E-7	6.122076E-3
1.490500E-7	6.183742E-3
1.491000E-7	6.238556E-3
1.491500E-7	6.296797E-3
1.492000E-7	6.332769E-3
1.492500E-7	6.327630E-3
1.493000E-7	6.295084E-3
1.493500E-7	6.264251E-3
1.494000E-7	6.245408E-3
1.494500E-7	6.214575E-3
1.495000E-7	6.180316E-3
1.495500E-7	6.142631E-3
1.496000E-7	6.086104E-3
1.496500E-7	6.021012E-3
1.497000E-7	6.022725E-3
1.497500E-7	6.099807E-3
1.498000E-7	6.175177E-3
1.498500E-7	6.229992E-3
1.499000E-7	6.346472E-3
1.499500E-7	6.507490E-3
1.500000E-7	6.632535E-3
1.500500E-7	6.701053E-3
1.501000E-7	6.779849E-3
1.501500E-7	6.872348E-3
1.502000E-7	6.923736E-3
1.502500E-7	6.925449E-3
1.503000E-7	6.872348E-3
1.503500E-7	6.767858E-3
1.504000E-7	6.632535E-3
1.504500E-7	6.469805E-3
1.505000E-7	6.293371E-3
1.505500E-7	6.135779E-3
1.506000E-7	6.003882E-3
1.506500E-7	5.871985E-3
1.507000E-7	5.746940E-3
1.507500E-7	5.693838E-3
1.508000E-7	5.724671E-3
1.508500E-7	5.774347E-3
1.509000E-7	5.817171E-3
1.509500E-7	5.846291E-3
1.510000E-7	5.868559E-3
1.510500E-7	5.882263E-3
1.511000E-7	5.907957E-3
1.511500E-7	5.919948E-3
1.512000E-7	5.918235E-3
1.512500E-7	5.940503E-3
1.513000E-7	5.978188E-3
1.513500E-7	6.002169E-3
1.514000E-7	6.021012E-3
1.514500E-7	6.044993E-3
1.515000E-7	6.055271E-3
1.515500E-7	6.067261E-3
1.516000E-7	6.115224E-3
1.516500E-7	6.168325E-3
1.517000E-7	6.204297E-3
1.517500E-7	6.260825E-3
1.518000E-7	6.329343E-3
1.518500E-7	6.385870E-3
1.519000E-7	6.432120E-3
1.519500E-7	6.481795E-3
1.520000E-7	6.517767E-3
1.520500E-7	6.534897E-3
1.521000E-7	6.538323E-3
1.521500E-7	6.548600E-3
1.522000E-7	6.558878E-3
1.522500E-7	6.587998E-3
1.523000E-7	6.610267E-3
1.523500E-7	6.593137E-3
1.524000E-7	6.524619E-3
1.524500E-7	6.426981E-3
1.525000E-7	6.293371E-3
1.525500E-7	6.139205E-3
1.526000E-7	6.026151E-3
1.526500E-7	5.961058E-3
1.527000E-7	5.902818E-3
1.527500E-7	5.865133E-3
1.528000E-7	5.878837E-3
1.528500E-7	5.907957E-3
1.529000E-7	5.926799E-3
1.529500E-7	5.961058E-3
1.530000E-7	5.981614E-3
1.530500E-7	5.954207E-3
1.531000E-7	5.907957E-3
1.531500E-7	5.871985E-3
1.532000E-7	5.829161E-3
1.532500E-7	5.806893E-3
1.533000E-7	5.812032E-3
1.533500E-7	5.810319E-3
1.534000E-7	5.798328E-3
1.534500E-7	5.849717E-3
1.535000E-7	5.931938E-3
1.535500E-7	5.969623E-3
1.536000E-7	5.973049E-3
1.536500E-7	5.993605E-3
1.537000E-7	5.983327E-3
1.537500E-7	5.907957E-3
1.538000E-7	5.803467E-3
1.538500E-7	5.681848E-3
1.539000E-7	5.534534E-3
1.539500E-7	5.352961E-3
1.540000E-7	5.161111E-3
1.540500E-7	5.005232E-3
1.541000E-7	4.940140E-3
1.541500E-7	5.001806E-3
1.542000E-7	5.166250E-3
1.542500E-7	5.388933E-3
1.543000E-7	5.606478E-3
1.543500E-7	5.815458E-3
1.544000E-7	6.014160E-3
1.544500E-7	6.164900E-3
1.545000E-7	6.245408E-3
1.545500E-7	6.281380E-3
1.546000E-7	6.272815E-3
1.546500E-7	6.187168E-3
1.547000E-7	6.024438E-3
1.547500E-7	5.844578E-3
1.548000E-7	5.671570E-3
1.548500E-7	5.517404E-3
1.549000E-7	5.418053E-3
1.549500E-7	5.399211E-3
1.550000E-7	5.438609E-3
1.550500E-7	5.520830E-3
1.551000E-7	5.651015E-3
1.551500E-7	5.789763E-3
1.552000E-7	5.892540E-3
1.552500E-7	5.973049E-3
1.553000E-7	6.036428E-3
1.553500E-7	6.058697E-3
1.554000E-7	6.036428E-3
1.554500E-7	6.014160E-3
1.555000E-7	6.003882E-3
1.555500E-7	6.015873E-3
1.556000E-7	6.039854E-3
1.556500E-7	6.046706E-3
1.557000E-7	6.038141E-3
1.557500E-7	6.079252E-3
1.558000E-7	6.168325E-3
1.558500E-7	6.252260E-3
1.559000E-7	6.320778E-3
1.559500E-7	6.365315E-3
1.560000E-7	6.320778E-3
1.560500E-7	6.154622E-3
1.561000E-7	5.937077E-3
1.561500E-7	5.705829E-3
1.562000E-7	5.445461E-3
1.562500E-7	5.186805E-3
1.563000E-7	4.996668E-3
1.563500E-7	4.861345E-3
1.564000E-7	4.789401E-3
1.564500E-7	4.835650E-3
1.565000E-7	4.976112E-3
1.565500E-7	5.130278E-3
1.566000E-7	5.275878E-3
1.566500E-7	5.442035E-3
1.567000E-7	5.627033E-3
1.567500E-7	5.793189E-3
1.568000E-7	5.902818E-3
1.568500E-7	5.952494E-3
1.569000E-7	5.935364E-3
1.569500E-7	5.859994E-3
1.570000E-7	5.755504E-3
1.570500E-7	5.647589E-3
1.571000E-7	5.553376E-3
1.571500E-7	5.496849E-3
1.572000E-7	5.486571E-3
1.572500E-7	5.522543E-3
1.573000E-7	5.606478E-3
1.573500E-7	5.736662E-3
1.574000E-7	5.882263E-3
1.574500E-7	6.022725E-3
1.575000E-7	6.168325E-3
1.575500E-7	6.332769E-3
1.576000E-7	6.476656E-3
1.576500E-7	6.564017E-3
1.577000E-7	6.615405E-3
1.577500E-7	6.670220E-3
1.578000E-7	6.697627E-3
1.578500E-7	6.687349E-3
1.579000E-7	6.656516E-3
1.579500E-7	6.618831E-3
1.580000E-7	6.576008E-3
1.580500E-7	6.521193E-3
1.581000E-7	6.469805E-3
1.581500E-7	6.421842E-3
1.582000E-7	6.356750E-3
1.582500E-7	6.288232E-3
1.583000E-7	6.253973E-3
1.583500E-7	6.260825E-3
1.584000E-7	6.274528E-3
1.584500E-7	6.305361E-3
1.585000E-7	6.384157E-3
1.585500E-7	6.471518E-3
1.586000E-7	6.507490E-3
1.586500E-7	6.529758E-3
1.587000E-7	6.587998E-3
1.587500E-7	6.630822E-3
1.588000E-7	6.608554E-3
1.588500E-7	6.548600E-3
1.589000E-7	6.504064E-3
1.589500E-7	6.456101E-3
1.590000E-7	6.368741E-3
1.590500E-7	6.257399E-3
1.591000E-7	6.171751E-3
1.591500E-7	6.123789E-3
1.592000E-7	6.050132E-3
1.592500E-7	5.940503E-3
1.593000E-7	5.856569E-3
1.593500E-7	5.834300E-3
1.594000E-7	5.836013E-3
1.594500E-7	5.836013E-3
1.595000E-7	5.839439E-3
1.595500E-7	5.871985E-3
1.596000E-7	5.925087E-3
1.596500E-7	6.014160E-3
1.597000E-7	6.128928E-3
1.597500E-7	6.216288E-3
1.598000E-7	6.248834E-3
1.598500E-7	6.247121E-3
1.599000E-7	6.260825E-3
1.599500E-7	6.283093E-3
1.600000E-7	6.257399E-3
1.600500E-7	6.199159E-3
1.601000E-7	6.164900E-3
1.601500E-7	6.135779E-3
1.602000E-7	6.053558E-3
1.602500E-7	5.974762E-3
1.603000E-7	5.969623E-3
1.603500E-7	6.012447E-3
1.604000E-7	6.055271E-3
1.604500E-7	6.074113E-3
1.605000E-7	6.075826E-3
1.605500E-7	6.074113E-3
1.606000E-7	6.104946E-3
1.606500E-7	6.140918E-3
1.607000E-7	6.146057E-3
1.607500E-7	6.120363E-3
1.608000E-7	6.055271E-3
1.608500E-7	5.925087E-3
1.609000E-7	5.760643E-3
1.609500E-7	5.620181E-3
1.610000E-7	5.474581E-3
1.610500E-7	5.320415E-3
1.611000E-7	5.233055E-3
1.611500E-7	5.236481E-3
1.612000E-7	5.301573E-3
1.612500E-7	5.421479E-3
1.613000E-7	5.609904E-3
1.613500E-7	5.830874E-3
1.614000E-7	6.060410E-3
1.614500E-7	6.265964E-3
1.615000E-7	6.440684E-3
1.615500E-7	6.576008E-3
1.616000E-7	6.673646E-3
1.616500E-7	6.738738E-3
1.617000E-7	6.772997E-3
1.617500E-7	6.740451E-3
1.618000E-7	6.661655E-3
1.618500E-7	6.569156E-3
1.619000E-7	6.461240E-3
1.619500E-7	6.308787E-3
1.620000E-7	6.166612E-3
1.620500E-7	6.062123E-3
1.621000E-7	5.949068E-3
1.621500E-7	5.830874E-3
1.622000E-7	5.741801E-3
1.622500E-7	5.681848E-3
1.623000E-7	5.615043E-3
1.623500E-7	5.561941E-3
1.624000E-7	5.544812E-3
1.624500E-7	5.555089E-3
1.625000E-7	5.565367E-3
1.625500E-7	5.551663E-3
1.626000E-7	5.491710E-3
1.626500E-7	5.404350E-3
1.627000E-7	5.335832E-3
1.627500E-7	5.299860E-3
1.628000E-7	5.281017E-3
1.628500E-7	5.258749E-3
1.629000E-7	5.281017E-3
1.629500E-7	5.325554E-3
1.630000E-7	5.337545E-3
1.630500E-7	5.342684E-3
1.631000E-7	5.400924E-3
1.631500E-7	5.476294E-3
1.632000E-7	5.507127E-3
1.632500E-7	5.508840E-3
1.633000E-7	5.501988E-3
1.633500E-7	5.469442E-3
1.634000E-7	5.421479E-3
1.634500E-7	5.399211E-3
1.635000E-7	5.383794E-3
1.635500E-7	5.373517E-3
1.636000E-7	5.399211E-3
1.636500E-7	5.466016E-3
1.637000E-7	5.544812E-3
1.637500E-7	5.620181E-3
1.638000E-7	5.728097E-3
1.638500E-7	5.885689E-3
1.639000E-7	6.091243E-3
1.639500E-7	6.291658E-3
1.640000E-7	6.447536E-3
1.640500E-7	6.576008E-3
1.641000E-7	6.654803E-3
1.641500E-7	6.658229E-3
1.642000E-7	6.611979E-3
1.642500E-7	6.586285E-3
1.643000E-7	6.589711E-3
1.643500E-7	6.567443E-3
1.644000E-7	6.485221E-3
1.644500E-7	6.372166E-3
1.645000E-7	6.272815E-3
1.645500E-7	6.180316E-3
1.646000E-7	6.091243E-3
1.646500E-7	6.056984E-3
1.647000E-7	6.096382E-3
1.647500E-7	6.154622E-3
1.648000E-7	6.185455E-3
1.648500E-7	6.204297E-3
1.649000E-7	6.219714E-3
1.649500E-7	6.224853E-3
1.650000E-7	6.236843E-3
1.650500E-7	6.289945E-3
1.651000E-7	6.363602E-3
1.651500E-7	6.432120E-3
1.652000E-7	6.473231E-3
1.652500E-7	6.469805E-3
1.653000E-7	6.432120E-3
1.653500E-7	6.404713E-3
1.654000E-7	6.382444E-3
1.654500E-7	6.344759E-3
1.655000E-7	6.308787E-3
1.655500E-7	6.284806E-3
1.656000E-7	6.272815E-3
1.656500E-7	6.253973E-3
1.657000E-7	6.250547E-3
1.657500E-7	6.281380E-3
1.658000E-7	6.322491E-3
1.658500E-7	6.370454E-3
1.659000E-7	6.418416E-3
1.659500E-7	6.471518E-3
1.660000E-7	6.502351E-3
1.660500E-7	6.471518E-3
1.661000E-7	6.384157E-3
1.661500E-7	6.274528E-3
1.662000E-7	6.159761E-3
1.662500E-7	6.055271E-3
1.663000E-7	5.974762E-3
1.663500E-7	5.899392E-3
1.664000E-7	5.824022E-3
1.664500E-7	5.769208E-3
1.665000E-7	5.738375E-3
1.665500E-7	5.734949E-3
1.666000E-7	5.779486E-3
1.666500E-7	5.877124E-3
1.667000E-7	5.976475E-3
1.667500E-7	6.034715E-3
1.668000E-7	6.043280E-3
1.668500E-7	6.021012E-3
1.669000E-7	5.952494E-3
1.669500E-7	5.880550E-3
1.670000E-7	5.841152E-3
1.670500E-7	5.813745E-3
1.671000E-7	5.767495E-3
1.671500E-7	5.698977E-3
1.672000E-7	5.627033E-3
1.672500E-7	5.592774E-3
1.673000E-7	5.628746E-3
1.673500E-7	5.707542E-3
1.674000E-7	5.791476E-3
1.674500E-7	5.887402E-3
1.675000E-7	5.985040E-3
1.675500E-7	6.048419E-3
1.676000E-7	6.050132E-3
1.676500E-7	6.005595E-3
1.677000E-7	5.935364E-3
1.677500E-7	5.825735E-3
1.678000E-7	5.674996E-3
1.678500E-7	5.496849E-3
1.679000E-7	5.344396E-3
1.679500E-7	5.219351E-3
1.680000E-7	5.133704E-3
1.680500E-7	5.142268E-3
1.681000E-7	5.265601E-3
1.681500E-7	5.435183E-3
1.682000E-7	5.625320E-3
1.682500E-7	5.865133E-3
1.683000E-7	6.128928E-3
1.683500E-7	6.375592E-3
1.684000E-7	6.572582E-3
1.684500E-7	6.731886E-3
1.685000E-7	6.834663E-3
1.685500E-7	6.877487E-3
1.686000E-7	6.868922E-3
1.686500E-7	6.822672E-3
1.687000E-7	6.774710E-3
1.687500E-7	6.747303E-3
1.688000E-7	6.711331E-3
1.688500E-7	6.671933E-3
1.689000E-7	6.658229E-3
1.689500E-7	6.673646E-3
1.690000E-7	6.678785E-3
1.690500E-7	6.680497E-3
1.691000E-7	6.675359E-3
1.691500E-7	6.642813E-3
1.692000E-7	6.546887E-3
1.692500E-7	6.406425E-3
1.693000E-7	6.250547E-3
1.693500E-7	6.084391E-3
1.694000E-7	5.921661E-3
1.694500E-7	5.796615E-3
1.695000E-7	5.721245E-3
1.695500E-7	5.673283E-3
1.696000E-7	5.657866E-3
1.696500E-7	5.698977E-3
1.697000E-7	5.813745E-3
1.697500E-7	5.974762E-3
1.698000E-7	6.140918E-3
1.698500E-7	6.274528E-3
1.699000E-7	6.370454E-3
1.699500E-7	6.397861E-3
1.700000E-7	6.341333E-3
1.700500E-7	6.214575E-3
1.701000E-7	6.062123E-3
1.701500E-7	5.913096E-3
1.702000E-7	5.767495E-3
1.702500E-7	5.632172E-3
1.703000E-7	5.536247E-3
1.703500E-7	5.471155E-3
1.704000E-7	5.438609E-3
1.704500E-7	5.462590E-3
1.705000E-7	5.529395E-3
1.705500E-7	5.625320E-3
1.706000E-7	5.733236E-3
1.706500E-7	5.844578E-3
1.707000E-7	5.954207E-3
1.707500E-7	6.053558E-3
1.708000E-7	6.128928E-3
1.708500E-7	6.147770E-3
1.709000E-7	6.125502E-3
1.709500E-7	6.113511E-3
1.710000E-7	6.123789E-3
1.710500E-7	6.128928E-3
1.711000E-7	6.116937E-3
1.711500E-7	6.091243E-3
1.712000E-7	6.068974E-3
1.712500E-7	6.044993E-3
1.713000E-7	6.029576E-3
1.713500E-7	6.012447E-3
1.714000E-7	5.993605E-3
1.714500E-7	5.985040E-3
1.715000E-7	5.974762E-3
1.715500E-7	5.913096E-3
1.716000E-7	5.796615E-3
1.716500E-7	5.659579E-3
1.717000E-7	5.484858E-3
1.717500E-7	5.294721E-3
1.718000E-7	5.157685E-3
1.718500E-7	5.106296E-3
1.719000E-7	5.126852E-3
1.719500E-7	5.231342E-3
1.720000E-7	5.390646E-3
1.720500E-7	5.524256E-3
1.721000E-7	5.608191E-3
1.721500E-7	5.704116E-3
1.722000E-7	5.810319E-3
1.722500E-7	5.916522E-3
1.723000E-7	6.010734E-3
1.723500E-7	6.056984E-3
1.724000E-7	6.024438E-3
1.724500E-7	5.940503E-3
1.725000E-7	5.841152E-3
1.725500E-7	5.712681E-3
1.726000E-7	5.597913E-3
1.726500E-7	5.534534E-3
1.727000E-7	5.517404E-3
1.727500E-7	5.541386E-3
1.728000E-7	5.637311E-3
1.728500E-7	5.770921E-3
1.729000E-7	5.892540E-3
1.729500E-7	6.022725E-3
1.730000E-7	6.185455E-3
1.730500E-7	6.355037E-3
1.731000E-7	6.461240E-3
1.731500E-7	6.510915E-3
1.732000E-7	6.521193E-3
1.732500E-7	6.471518E-3
1.733000E-7	6.372166E-3
1.733500E-7	6.233418E-3
1.734000E-7	6.098094E-3
1.734500E-7	5.967910E-3
1.735000E-7	5.844578E-3
1.735500E-7	5.741801E-3
1.736000E-7	5.673283E-3
1.736500E-7	5.627033E-3
1.737000E-7	5.597913E-3
1.737500E-7	5.597913E-3
1.738000E-7	5.661292E-3
1.738500E-7	5.753792E-3
1.739000E-7	5.841152E-3
1.739500E-7	5.904531E-3
1.740000E-7	5.923374E-3
1.740500E-7	5.906244E-3
1.741000E-7	5.866846E-3
1.741500E-7	5.810319E-3
1.742000E-7	5.741801E-3
1.742500E-7	5.685274E-3
1.743000E-7	5.639024E-3
1.743500E-7	5.561941E-3
1.744000E-7	5.481432E-3
1.744500E-7	5.435183E-3
1.745000E-7	5.433470E-3
1.745500E-7	5.493423E-3
1.746000E-7	5.582497E-3
1.746500E-7	5.681848E-3
1.747000E-7	5.805180E-3
1.747500E-7	5.959346E-3
1.748000E-7	6.084391E-3
1.748500E-7	6.147770E-3
1.749000E-7	6.182029E-3
1.749500E-7	6.212862E-3
1.750000E-7	6.180316E-3
1.750500E-7	6.079252E-3
1.751000E-7	5.964484E-3
1.751500E-7	5.895966E-3
1.752000E-7	5.854856E-3
1.752500E-7	5.803467E-3
1.753000E-7	5.746940E-3
1.753500E-7	5.734949E-3
1.754000E-7	5.760643E-3
1.754500E-7	5.812032E-3
1.755000E-7	5.907957E-3
1.755500E-7	6.051845E-3
1.756000E-7	6.214575E-3
1.756500E-7	6.361889E-3
1.757000E-7	6.481795E-3
1.757500E-7	6.557165E-3
1.758000E-7	6.584572E-3
1.758500E-7	6.552026E-3
1.759000E-7	6.490360E-3
1.759500E-7	6.440684E-3
1.760000E-7	6.389296E-3
1.760500E-7	6.307074E-3
1.761000E-7	6.248834E-3
1.761500E-7	6.272815E-3
1.762000E-7	6.317352E-3
1.762500E-7	6.284806E-3
1.763000E-7	6.252260E-3
1.763500E-7	6.315639E-3
1.764000E-7	6.428694E-3
1.764500E-7	6.505777E-3
1.765000E-7	6.558878E-3
1.765500E-7	6.608554E-3
1.766000E-7	6.623970E-3
1.766500E-7	6.587998E-3
1.767000E-7	6.512628E-3
1.767500E-7	6.423555E-3
1.768000E-7	6.327630E-3
1.768500E-7	6.214575E-3
1.769000E-7	6.077539E-3
1.769500E-7	5.943929E-3
1.770000E-7	5.832587E-3
1.770500E-7	5.733236E-3
1.771000E-7	5.644163E-3
1.771500E-7	5.568793E-3
1.772000E-7	5.501988E-3
1.772500E-7	5.452312E-3
1.773000E-7	5.433470E-3
1.773500E-7	5.440322E-3
1.774000E-7	5.466016E-3
1.774500E-7	5.520830E-3
1.775000E-7	5.615043E-3
1.775500E-7	5.707542E-3
1.776000E-7	5.781199E-3
1.776500E-7	5.859994E-3
1.777000E-7	5.947355E-3
1.777500E-7	6.009021E-3
1.778000E-7	6.031289E-3
1.778500E-7	6.027864E-3
1.779000E-7	5.995317E-3
1.779500E-7	5.947355E-3
1.780000E-7	5.887402E-3
1.780500E-7	5.818884E-3
1.781000E-7	5.760643E-3
1.781500E-7	5.719533E-3
1.782000E-7	5.669857E-3
1.782500E-7	5.613330E-3
1.783000E-7	5.632172E-3
1.783500E-7	5.736662E-3
1.784000E-7	5.832587E-3
1.784500E-7	5.890828E-3
1.785000E-7	5.952494E-3
1.785500E-7	5.985040E-3
1.786000E-7	5.940503E-3
1.786500E-7	5.820597E-3
1.787000E-7	5.661292E-3
1.787500E-7	5.486571E-3
1.788000E-7	5.316989E-3
1.788500E-7	5.143981E-3
1.789000E-7	4.957270E-3
1.789500E-7	4.809956E-3
1.790000E-7	4.707179E-3
1.790500E-7	4.638661E-3
1.791000E-7	4.642087E-3
1.791500E-7	4.767132E-3
1.792000E-7	4.952131E-3
1.792500E-7	5.150833E-3
1.793000E-7	5.406063E-3
1.793500E-7	5.722958E-3
1.794000E-7	6.003882E-3
1.794500E-7	6.233418E-3
1.795000E-7	6.414990E-3
1.795500E-7	6.512628E-3
1.796000E-7	6.528045E-3
1.796500E-7	6.505777E-3
1.797000E-7	6.437259E-3
1.797500E-7	6.303648E-3
1.798000E-7	6.140918E-3
1.798500E-7	5.990179E-3
1.799000E-7	5.882263E-3
1.799500E-7	5.793189E-3
1.800000E-7	5.716107E-3
1.800500E-7	5.663005E-3
1.801000E-7	5.669857E-3
1.801500E-7	5.698977E-3
1.802000E-7	5.702403E-3
1.802500E-7	5.695551E-3
1.803000E-7	5.704116E-3
1.803500E-7	5.693838E-3
1.804000E-7	5.647589E-3
1.804500E-7	5.639024E-3
1.805000E-7	5.681848E-3
1.805500E-7	5.734949E-3
1.806000E-7	5.805180E-3
1.806500E-7	5.892540E-3
1.807000E-7	5.988466E-3
1.807500E-7	6.089530E-3
1.808000E-7	6.194020E-3
1.808500E-7	6.286519E-3
1.809000E-7	6.353324E-3
1.809500E-7	6.406425E-3
1.810000E-7	6.449249E-3
1.810500E-7	6.495499E-3
1.811000E-7	6.548600E-3
1.811500E-7	6.594850E-3
1.812000E-7	6.620544E-3
1.812500E-7	6.656516E-3
1.813000E-7	6.699340E-3
1.813500E-7	6.702766E-3
1.814000E-7	6.665081E-3
1.814500E-7	6.627396E-3
1.815000E-7	6.576008E-3
1.815500E-7	6.481795E-3
1.816000E-7	6.368741E-3
1.816500E-7	6.269389E-3
1.817000E-7	6.166612E-3
1.817500E-7	6.021012E-3
1.818000E-7	5.895966E-3
1.818500E-7	5.836013E-3
1.819000E-7	5.834300E-3
1.819500E-7	5.848004E-3
1.820000E-7	5.846291E-3
1.820500E-7	5.820597E-3
1.821000E-7	5.765782E-3
1.821500E-7	5.724671E-3
1.822000E-7	5.705829E-3
1.822500E-7	5.685274E-3
1.823000E-7	5.683561E-3
1.823500E-7	5.705829E-3
1.824000E-7	5.757217E-3
1.824500E-7	5.859994E-3
1.825000E-7	6.017586E-3
1.825500E-7	6.188881E-3
1.826000E-7	6.349898E-3
1.826500E-7	6.510915E-3
1.827000E-7	6.637674E-3
1.827500E-7	6.695914E-3
1.828000E-7	6.694201E-3
1.828500E-7	6.647951E-3
1.829000E-7	6.574295E-3
1.829500E-7	6.512628E-3
1.830000E-7	6.450962E-3
1.830500E-7	6.337907E-3
1.831000E-7	6.211149E-3
1.831500E-7	6.137492E-3
1.832000E-7	6.134066E-3
1.832500E-7	6.168325E-3
1.833000E-7	6.252260E-3
1.833500E-7	6.363602E-3
1.834000E-7	6.447536E-3
1.834500E-7	6.498925E-3
1.835000E-7	6.538323E-3
1.835500E-7	6.582859E-3
1.836000E-7	6.582859E-3
1.836500E-7	6.505777E-3
1.837000E-7	6.396148E-3
1.837500E-7	6.322491E-3
1.838000E-7	6.248834E-3
1.838500E-7	6.140918E-3
1.839000E-7	6.053558E-3
1.839500E-7	6.012447E-3
1.840000E-7	6.003882E-3
1.840500E-7	6.031289E-3
1.841000E-7	6.113511E-3
1.841500E-7	6.200871E-3
1.842000E-7	6.252260E-3
1.842500E-7	6.289945E-3
1.843000E-7	6.305361E-3
1.843500E-7	6.269389E-3
1.844000E-7	6.190594E-3
1.844500E-7	6.079252E-3
1.845000E-7	5.925087E-3
1.845500E-7	5.748653E-3
1.846000E-7	5.580784E-3
1.846500E-7	5.424905E-3
1.847000E-7	5.287869E-3
1.847500E-7	5.197083E-3
1.848000E-7	5.164537E-3
1.848500E-7	5.188518E-3
1.849000E-7	5.304999E-3
1.849500E-7	5.505414E-3
1.850000E-7	5.736662E-3
1.850500E-7	5.950781E-3
1.851000E-7	6.187168E-3
1.851500E-7	6.452675E-3
1.852000E-7	6.665081E-3
1.852500E-7	6.761006E-3
1.853000E-7	6.784987E-3
1.853500E-7	6.783274E-3
1.854000E-7	6.713044E-3
1.854500E-7	6.558878E-3
1.855000E-7	6.375592E-3
1.855500E-7	6.200871E-3
1.856000E-7	6.048419E-3
1.856500E-7	5.916522E-3
1.857000E-7	5.827448E-3
1.857500E-7	5.788051E-3
1.858000E-7	5.794902E-3
1.858500E-7	5.820597E-3
1.859000E-7	5.858281E-3
1.859500E-7	5.911383E-3
1.860000E-7	5.974762E-3
1.860500E-7	6.050132E-3
1.861000E-7	6.127215E-3
1.861500E-7	6.151196E-3
1.862000E-7	6.122076E-3
1.862500E-7	6.110085E-3
1.863000E-7	6.120363E-3
1.863500E-7	6.067261E-3
1.864000E-7	5.954207E-3
1.864500E-7	5.841152E-3
1.865000E-7	5.745227E-3
1.865500E-7	5.669857E-3
1.866000E-7	5.618468E-3
1.866500E-7	5.577358E-3
1.867000E-7	5.556802E-3
1.867500E-7	5.575645E-3
1.868000E-7	5.589348E-3
1.868500E-7	5.613330E-3
1.869000E-7	5.693838E-3
1.869500E-7	5.844578E-3
1.870000E-7	5.983327E-3
1.870500E-7	6.089530E-3
1.871000E-7	6.187168E-3
1.871500E-7	6.253973E-3
1.872000E-7	6.274528E-3
1.872500E-7	6.260825E-3
1.873000E-7	6.192307E-3
1.873500E-7	6.096382E-3
1.874000E-7	6.034715E-3
1.874500E-7	6.005595E-3
1.875000E-7	5.991892E-3
1.875500E-7	5.988466E-3
1.876000E-7	5.983327E-3
1.876500E-7	5.967910E-3
1.877000E-7	5.959346E-3
1.877500E-7	6.000456E-3
1.878000E-7	6.087817E-3
1.878500E-7	6.182029E-3
1.879000E-7	6.267677E-3
1.879500E-7	6.343046E-3
1.880000E-7	6.392722E-3
1.880500E-7	6.420129E-3
1.881000E-7	6.457814E-3
1.881500E-7	6.486934E-3
1.882000E-7	6.464666E-3
1.882500E-7	6.426981E-3
1.883000E-7	6.423555E-3
1.883500E-7	6.416703E-3
1.884000E-7	6.394435E-3
1.884500E-7	6.403000E-3
1.885000E-7	6.426981E-3
1.885500E-7	6.399574E-3
1.886000E-7	6.348185E-3
1.886500E-7	6.319065E-3
1.887000E-7	6.307074E-3
1.887500E-7	6.293371E-3
1.888000E-7	6.267677E-3
1.888500E-7	6.219714E-3
1.889000E-7	6.180316E-3
1.889500E-7	6.152909E-3
1.890000E-7	6.125502E-3
1.890500E-7	6.098094E-3
1.891000E-7	6.103233E-3
1.891500E-7	6.132353E-3
1.892000E-7	6.166612E-3
1.892500E-7	6.211149E-3
1.893000E-7	6.276241E-3
1.893500E-7	6.320778E-3
1.894000E-7	6.344759E-3
1.894500E-7	6.351611E-3
1.895000E-7	6.346472E-3
1.895500E-7	6.327630E-3
1.896000E-7	6.286519E-3
1.896500E-7	6.223140E-3
1.897000E-7	6.152909E-3
1.897500E-7	6.094669E-3
1.898000E-7	6.044993E-3
1.898500E-7	6.005595E-3
1.899000E-7	5.985040E-3
1.899500E-7	5.983327E-3
1.900000E-7	5.964484E-3
1.900500E-7	5.904531E-3
1.901000E-7	5.832587E-3
1.901500E-7	5.794902E-3
1.902000E-7	5.774347E-3
1.902500E-7	5.755504E-3
1.903000E-7	5.770921E-3
1.903500E-7	5.836013E-3
1.904000E-7	5.909670E-3
1.904500E-7	5.962771E-3
1.905000E-7	6.033002E-3
1.905500E-7	6.130641E-3
1.906000E-7	6.241982E-3
1.906500E-7	6.346472E-3
1.907000E-7	6.420129E-3
1.907500E-7	6.459527E-3
1.908000E-7	6.442397E-3
1.908500E-7	6.367028E-3
1.909000E-7	6.289945E-3
1.909500E-7	6.216288E-3
1.910000E-7	6.111798E-3
1.910500E-7	5.985040E-3
1.911000E-7	5.913096E-3
1.911500E-7	5.907957E-3
1.912000E-7	5.870272E-3
1.912500E-7	5.793189E-3
1.913000E-7	5.748653E-3
1.913500E-7	5.770921E-3
1.914000E-7	5.825735E-3
1.914500E-7	5.899392E-3
1.915000E-7	5.985040E-3
1.915500E-7	6.046706E-3
1.916000E-7	6.075826E-3
1.916500E-7	6.082678E-3
1.917000E-7	6.075826E-3
1.917500E-7	6.068974E-3
1.918000E-7	6.080965E-3
1.918500E-7	6.099807E-3
1.919000E-7	6.125502E-3
1.919500E-7	6.158048E-3
1.920000E-7	6.166612E-3
1.920500E-7	6.142631E-3
1.921000E-7	6.142631E-3
1.921500E-7	6.214575E-3
1.922000E-7	6.288232E-3
1.922500E-7	6.320778E-3
1.923000E-7	6.341333E-3
1.923500E-7	6.346472E-3
1.924000E-7	6.289945E-3
1.924500E-7	6.214575E-3
1.925000E-7	6.190594E-3
1.925500E-7	6.182029E-3
1.926000E-7	6.152909E-3
1.926500E-7	6.137492E-3
1.927000E-7	6.137492E-3
1.927500E-7	6.120363E-3
1.928000E-7	6.116937E-3
1.928500E-7	6.158048E-3
1.929000E-7	6.209436E-3
1.929500E-7	6.279667E-3
1.930000E-7	6.401287E-3
1.930500E-7	6.529758E-3
1.931000E-7	6.610267E-3
1.931500E-7	6.677072E-3
1.932000E-7	6.731886E-3
1.932500E-7	6.738738E-3
1.933000E-7	6.704479E-3
1.933500E-7	6.651377E-3
1.934000E-7	6.582859E-3
1.934500E-7	6.498925E-3
1.935000E-7	6.404713E-3
1.935500E-7	6.277954E-3
1.936000E-7	6.110085E-3
1.936500E-7	5.943929E-3
1.937000E-7	5.800041E-3
1.937500E-7	5.688699E-3
1.938000E-7	5.606478E-3
1.938500E-7	5.589348E-3
1.939000E-7	5.635598E-3
1.939500E-7	5.736662E-3
1.940000E-7	5.861707E-3
1.940500E-7	5.998743E-3
1.941000E-7	6.170038E-3
1.941500E-7	6.341333E-3
1.942000E-7	6.426981E-3
1.942500E-7	6.409851E-3
1.943000E-7	6.356750E-3
1.943500E-7	6.305361E-3
1.944000E-7	6.241982E-3
1.944500E-7	6.151196E-3
1.945000E-7	6.044993E-3
1.945500E-7	5.921661E-3
1.946000E-7	5.808606E-3
1.946500E-7	5.707542E-3
1.947000E-7	5.654440E-3
1.947500E-7	5.671570E-3
1.948000E-7	5.750366E-3
1.948500E-7	5.842865E-3
1.949000E-7	5.940503E-3
1.949500E-7	6.077539E-3
1.950000E-7	6.182029E-3
1.950500E-7	6.194020E-3
1.951000E-7	6.166612E-3
1.951500E-7	6.154622E-3
1.952000E-7	6.113511E-3
1.952500E-7	6.010734E-3
1.953000E-7	5.933651E-3
1.953500E-7	5.923374E-3
1.954000E-7	5.935364E-3
1.954500E-7	5.955920E-3
1.955000E-7	6.036428E-3
1.955500E-7	6.161474E-3
1.956000E-7	6.274528E-3
1.956500E-7	6.363602E-3
1.957000E-7	6.430407E-3
1.957500E-7	6.486934E-3
1.958000E-7	6.560591E-3
1.958500E-7	6.639387E-3
1.959000E-7	6.680497E-3
1.959500E-7	6.678785E-3
1.960000E-7	6.632535E-3
1.960500E-7	6.569156E-3
1.961000E-7	6.522906E-3
1.961500E-7	6.488647E-3
1.962000E-7	6.456101E-3
1.962500E-7	6.420129E-3
1.963000E-7	6.411564E-3
1.963500E-7	6.418416E-3
1.964000E-7	6.425268E-3
1.964500E-7	6.420129E-3
1.965000E-7	6.408138E-3
1.965500E-7	6.416703E-3
1.966000E-7	6.438972E-3
1.966500E-7	6.437259E-3
1.967000E-7	6.408138E-3
1.967500E-7	6.380731E-3
1.968000E-7	6.358463E-3
1.968500E-7	6.298510E-3
1.969000E-7	6.207723E-3
1.969500E-7	6.115224E-3
1.970000E-7	6.063835E-3
1.970500E-7	6.036428E-3
1.971000E-7	6.026151E-3
1.971500E-7	6.031289E-3
1.972000E-7	6.055271E-3
1.972500E-7	6.063835E-3
1.973000E-7	6.041567E-3
1.973500E-7	6.021012E-3
1.974000E-7	5.998743E-3
1.974500E-7	5.945642E-3
1.975000E-7	5.873698E-3
1.975500E-7	5.800041E-3
1.976000E-7	5.728097E-3
1.976500E-7	5.656153E-3
1.977000E-7	5.613330E-3
1.977500E-7	5.604765E-3
1.978000E-7	5.584209E-3
1.978500E-7	5.563654E-3
1.979000E-7	5.580784E-3
1.979500E-7	5.633885E-3
1.980000E-7	5.666431E-3
1.980500E-7	5.663005E-3
1.981000E-7	5.657866E-3
1.981500E-7	5.688699E-3
1.982000E-7	5.743514E-3
1.982500E-7	5.808606E-3
1.983000E-7	5.880550E-3
1.983500E-7	5.971336E-3
1.984000E-7	6.084391E-3
1.984500E-7	6.168325E-3
1.985000E-7	6.197446E-3
1.985500E-7	6.224853E-3
1.986000E-7	6.274528E-3
1.986500E-7	6.332769E-3
1.987000E-7	6.372166E-3
1.987500E-7	6.406425E-3
1.988000E-7	6.432120E-3
1.988500E-7	6.426981E-3
1.989000E-7	6.406425E-3
1.989500E-7	6.348185E-3
1.990000E-7	6.245408E-3
1.990500E-7	6.123789E-3
1.991000E-7	5.991892E-3
1.991500E-7	5.858281E-3
1.992000E-7	5.719533E-3
1.992500E-7	5.633885E-3
1.993000E-7	5.601339E-3
1.993500E-7	5.582497E-3
1.994000E-7	5.548238E-3
1.994500E-7	5.519117E-3
1.995000E-7	5.512266E-3
1.995500E-7	5.537960E-3
1.996000E-7	5.601339E-3
1.996500E-7	5.709255E-3
1.997000E-7	5.851430E-3
1.997500E-7	6.024438E-3
1.998000E-7	6.226566E-3
1.998500E-7	6.430407E-3
1.999000E-7	6.593137E-3
1.999500E-7	6.723321E-3
2.000000E-7	6.839802E-3
