Study Name	Tungsten_Kyocera
Sample Name	2024-02-05
Run Name	spot03
Operator	Angus+Samantha
Date	2/5/2024
Time	16:26
Sign	FIX
Grating Spacing	03.40um
Channel	3
Number Traces	10000
Files in Batch	1
Batch Number	197
dt	50.000001E-12
time stamp (ms)	7:50:47 PM
	
Time	Amplitude
0.000000E+0	1.615317E-3
5.000000E-11	1.570780E-3
1.000000E-10	1.500549E-3
1.500000E-10	1.377217E-3
2.000000E-10	1.224764E-3
2.500000E-10	1.079164E-3
3.000000E-10	9.232858E-4
3.500000E-10	7.554171E-4
4.000000E-10	6.492144E-4
4.500000E-10	6.218072E-4
5.000000E-10	5.944001E-4
5.500000E-10	5.892613E-4
6.000000E-10	6.766215E-4
6.500000E-10	8.170831E-4
7.000000E-10	9.215728E-4
7.500000E-10	1.024350E-3
8.000000E-10	1.163098E-3
8.500000E-10	1.277866E-3
9.000000E-10	1.366939E-3
9.500000E-10	1.437170E-3
1.000000E-9	1.473142E-3
1.050000E-9	1.479994E-3
1.100000E-9	1.488559E-3
1.150000E-9	1.483420E-3
1.200000E-9	1.466291E-3
1.250000E-9	1.462865E-3
1.300000E-9	1.450874E-3
1.350000E-9	1.413189E-3
1.400000E-9	1.380643E-3
1.450000E-9	1.354949E-3
1.500000E-9	1.306987E-3
1.550000E-9	1.279580E-3
1.600000E-9	1.284719E-3
1.650000E-9	1.276154E-3
1.700000E-9	1.267589E-3
1.750000E-9	1.296709E-3
1.800000E-9	1.320691E-3
1.850000E-9	1.339533E-3
1.900000E-9	1.396060E-3
1.950000E-9	1.456013E-3
2.000000E-9	1.478281E-3
2.050000E-9	1.519391E-3
2.100000E-9	1.577631E-3
2.150000E-9	1.589622E-3
2.200000E-9	1.565641E-3
2.250000E-9	1.551937E-3
2.300000E-9	1.509114E-3
2.350000E-9	1.428605E-3
2.400000E-9	1.351523E-3
2.450000E-9	1.274441E-3
2.500000E-9	1.168238E-3
2.550000E-9	1.062036E-3
2.600000E-9	9.832403E-4
2.650000E-9	9.078707E-4
2.700000E-9	8.342139E-4
2.750000E-9	7.656960E-4
2.800000E-9	6.971779E-4
2.850000E-9	6.269468E-4
2.900000E-9	5.892617E-4
2.950000E-9	5.447248E-4
3.000000E-9	4.762067E-4
3.050000E-9	4.402346E-4
3.100000E-9	4.350956E-4
3.150000E-9	4.008366E-4
3.200000E-9	3.528740E-4
3.250000E-9	3.751422E-4
3.300000E-9	4.248177E-4
3.350000E-9	4.590767E-4
3.400000E-9	5.310204E-4
3.450000E-9	6.629173E-4
3.500000E-9	7.948143E-4
3.550000E-9	9.369888E-4
3.600000E-9	1.115135E-3
3.650000E-9	1.296708E-3
3.700000E-9	1.459438E-3
3.750000E-9	1.639297E-3
3.800000E-9	1.815730E-3
3.850000E-9	1.961331E-3
3.900000E-9	2.108644E-3
3.950000E-9	2.240541E-3
4.000000E-9	2.297069E-3
4.050000E-9	2.327902E-3
4.100000E-9	2.379290E-3
4.150000E-9	2.377578E-3
4.200000E-9	2.288505E-3
4.250000E-9	2.175450E-3
4.300000E-9	2.034989E-3
4.350000E-9	1.849991E-3
4.400000E-9	1.673557E-3
4.450000E-9	1.510827E-3
4.500000E-9	1.320690E-3
4.550000E-9	1.137405E-3
4.600000E-9	1.024350E-3
4.650000E-9	9.558323E-4
4.700000E-9	9.147215E-4
4.750000E-9	9.112956E-4
4.800000E-9	9.318509E-4
4.850000E-9	9.506932E-4
4.900000E-9	9.712485E-4
4.950000E-9	9.866650E-4
5.000000E-9	9.626836E-4
5.050000E-9	9.078693E-4
5.100000E-9	8.324996E-4
5.150000E-9	7.262969E-4
5.200000E-9	5.755575E-4
5.250000E-9	4.419477E-4
5.300000E-9	3.631523E-4
5.350000E-9	3.100510E-4
5.400000E-9	2.809310E-4
5.450000E-9	3.049124E-4
5.500000E-9	3.888470E-4
5.550000E-9	5.036145E-4
5.600000E-9	6.406504E-4
5.650000E-9	7.811121E-4
5.700000E-9	9.198608E-4
5.750000E-9	1.067174E-3
5.800000E-9	1.216200E-3
5.850000E-9	1.318977E-3
5.900000E-9	1.392634E-3
5.950000E-9	1.474855E-3
6.000000E-9	1.529669E-3
6.050000E-9	1.527956E-3
6.100000E-9	1.514253E-3
6.150000E-9	1.502262E-3
6.200000E-9	1.461151E-3
6.250000E-9	1.426892E-3
6.300000E-9	1.450873E-3
6.350000E-9	1.478280E-3
6.400000E-9	1.476567E-3
6.450000E-9	1.486845E-3
6.500000E-9	1.497123E-3
6.550000E-9	1.468002E-3
6.600000E-9	1.432030E-3
6.650000E-9	1.387494E-3
6.700000E-9	1.305272E-3
6.750000E-9	1.219625E-3
6.800000E-9	1.147681E-3
6.850000E-9	1.067173E-3
6.900000E-9	9.849520E-4
6.950000E-9	9.626840E-4
7.000000E-9	9.746749E-4
7.050000E-9	9.815270E-4
7.100000E-9	1.005508E-3
7.150000E-9	1.053471E-3
7.200000E-9	1.127128E-3
7.250000E-9	1.236757E-3
7.300000E-9	1.339534E-3
7.350000E-9	1.408052E-3
7.400000E-9	1.485134E-3
7.450000E-9	1.570781E-3
7.500000E-9	1.593049E-3
7.550000E-9	1.553651E-3
7.600000E-9	1.503976E-3
7.650000E-9	1.461152E-3
7.700000E-9	1.416615E-3
7.750000E-9	1.380643E-3
7.800000E-9	1.342958E-3
7.850000E-9	1.324116E-3
7.900000E-9	1.341245E-3
7.950000E-9	1.365227E-3
8.000000E-9	1.370366E-3
8.050000E-9	1.396060E-3
8.100000E-9	1.418328E-3
8.150000E-9	1.404625E-3
8.200000E-9	1.375505E-3
8.250000E-9	1.373792E-3
8.300000E-9	1.341246E-3
8.350000E-9	1.265876E-3
8.400000E-9	1.175089E-3
8.450000E-9	1.080877E-3
8.500000E-9	9.712485E-4
8.550000E-9	8.736105E-4
8.600000E-9	7.965279E-4
8.650000E-9	7.245843E-4
8.700000E-9	6.988903E-4
8.750000E-9	7.314365E-4
8.800000E-9	7.742605E-4
8.850000E-9	8.273621E-4
8.900000E-9	9.387039E-4
8.950000E-9	1.094582E-3
9.000000E-9	1.250461E-3
9.050000E-9	1.423468E-3
9.100000E-9	1.618744E-3
9.150000E-9	1.784900E-3
9.200000E-9	1.911658E-3
9.250000E-9	2.033277E-3
9.300000E-9	2.106933E-3
9.350000E-9	2.115497E-3
9.400000E-9	2.089803E-3
9.450000E-9	2.016146E-3
9.500000E-9	1.861980E-3
9.550000E-9	1.670130E-3
9.600000E-9	1.478280E-3
9.650000E-9	1.274439E-3
9.700000E-9	1.091154E-3
9.750000E-9	9.678219E-4
9.800000E-9	8.873136E-4
9.850000E-9	8.564808E-4
9.900000E-9	9.010176E-4
9.950000E-9	9.781004E-4
1.000000E-8	1.048331E-3
1.005000E-8	1.159673E-3
1.010000E-8	1.293283E-3
1.015000E-8	1.370365E-3
1.020000E-8	1.406337E-3
1.025000E-8	1.437170E-3
1.030000E-8	1.411476E-3
1.035000E-8	1.315551E-3
1.040000E-8	1.216200E-3
1.045000E-8	1.121988E-3
1.050000E-8	1.034628E-3
1.055000E-8	9.918040E-4
1.060000E-8	1.007221E-3
1.065000E-8	1.026063E-3
1.070000E-8	1.046619E-3
1.075000E-8	1.104859E-3
1.080000E-8	1.192219E-3
1.085000E-8	1.303561E-3
1.090000E-8	1.406337E-3
1.095000E-8	1.457726E-3
1.100000E-8	1.471429E-3
1.105000E-8	1.468003E-3
1.110000E-8	1.425179E-3
1.115000E-8	1.354948E-3
1.120000E-8	1.310411E-3
1.125000E-8	1.294995E-3
1.130000E-8	1.274439E-3
1.135000E-8	1.255597E-3
1.140000E-8	1.259023E-3
1.145000E-8	1.279578E-3
1.150000E-8	1.366939E-3
1.155000E-8	1.562214E-3
1.160000E-8	1.855128E-3
1.165000E-8	2.273087E-3
1.170000E-8	2.937710E-3
1.175000E-8	3.934644E-3
1.180000E-8	5.306713E-3
1.185000E-8	7.096741E-3
1.190000E-8	9.376672E-3
1.195000E-8	1.219789E-2
1.200000E-8	1.557068E-2
1.205000E-8	1.947791E-2
1.210000E-8	2.393329E-2
1.215000E-8	2.891111E-2
1.220000E-8	3.429832E-2
1.225000E-8	3.996475E-2
1.230000E-8	4.579391E-2
1.235000E-8	5.161450E-2
1.240000E-8	5.723126E-2
1.245000E-8	6.249172E-2
1.250000E-8	6.725885E-2
1.255000E-8	7.138192E-2
1.260000E-8	7.475814E-2
1.265000E-8	7.730701E-2
1.270000E-8	7.895487E-2
1.275000E-8	7.973940E-2
1.280000E-8	7.975996E-2
1.285000E-8	7.898571E-2
1.290000E-8	7.740808E-2
1.295000E-8	7.519325E-2
1.300000E-8	7.251591E-2
1.305000E-8	6.944117E-2
1.310000E-8	6.610264E-2
1.315000E-8	6.271101E-2
1.320000E-8	5.938618E-2
1.325000E-8	5.621209E-2
1.330000E-8	5.333263E-2
1.335000E-8	5.086769E-2
1.340000E-8	4.885669E-2
1.345000E-8	4.740240E-2
1.350000E-8	4.655449E-2
1.355000E-8	4.627527E-2
1.360000E-8	4.653564E-2
1.365000E-8	4.732188E-2
1.370000E-8	4.852779E-2
1.375000E-8	5.002833E-2
1.380000E-8	5.173100E-2
1.385000E-8	5.350390E-2
1.390000E-8	5.520143E-2
1.395000E-8	5.673109E-2
1.400000E-8	5.800724E-2
1.405000E-8	5.892024E-2
1.410000E-8	5.941528E-2
1.415000E-8	5.946153E-2
1.420000E-8	5.901274E-2
1.425000E-8	5.806891E-2
1.430000E-8	5.667286E-2
1.435000E-8	5.488112E-2
1.440000E-8	5.275364E-2
1.445000E-8	5.042917E-2
1.450000E-8	4.799679E-2
1.455000E-8	4.552158E-2
1.460000E-8	4.310804E-2
1.465000E-8	4.088635E-2
1.470000E-8	3.893701E-2
1.475000E-8	3.733541E-2
1.480000E-8	3.619458E-2
1.485000E-8	3.555908E-2
1.490000E-8	3.542375E-2
1.495000E-8	3.578004E-2
1.500000E-8	3.661082E-2
1.505000E-8	3.784071E-2
1.510000E-8	3.934810E-2
1.515000E-8	4.106619E-2
1.520000E-8	4.292131E-2
1.525000E-8	4.475930E-2
1.530000E-8	4.642257E-2
1.535000E-8	4.781863E-2
1.540000E-8	4.889264E-2
1.545000E-8	4.953843E-2
1.550000E-8	4.966519E-2
1.555000E-8	4.926779E-2
1.560000E-8	4.839076E-2
1.565000E-8	4.705980E-2
1.570000E-8	4.530746E-2
1.575000E-8	4.320739E-2
1.580000E-8	4.085723E-2
1.585000E-8	3.835804E-2
1.590000E-8	3.582117E-2
1.595000E-8	3.338878E-2
1.600000E-8	3.120135E-2
1.605000E-8	2.937192E-2
1.610000E-8	2.797073E-2
1.615000E-8	2.706629E-2
1.620000E-8	2.674768E-2
1.625000E-8	2.700804E-2
1.630000E-8	2.775831E-2
1.635000E-8	2.892654E-2
1.640000E-8	3.046990E-2
1.645000E-8	3.229248E-2
1.650000E-8	3.425209E-2
1.655000E-8	3.621855E-2
1.660000E-8	3.806168E-2
1.665000E-8	3.966842E-2
1.670000E-8	4.094971E-2
1.675000E-8	4.183016E-2
1.680000E-8	4.224299E-2
1.685000E-8	4.217790E-2
1.690000E-8	4.163147E-2
1.695000E-8	4.060370E-2
1.700000E-8	3.917168E-2
1.705000E-8	3.745189E-2
1.710000E-8	3.547515E-2
1.715000E-8	3.326374E-2
1.720000E-8	3.096839E-2
1.725000E-8	2.871929E-2
1.730000E-8	2.655412E-2
1.735000E-8	2.461336E-2
1.740000E-8	2.303059E-2
1.745000E-8	2.184866E-2
1.750000E-8	2.111209E-2
1.755000E-8	2.091852E-2
1.760000E-8	2.123370E-2
1.765000E-8	2.199253E-2
1.770000E-8	2.321215E-2
1.775000E-8	2.484630E-2
1.780000E-8	2.672711E-2
1.785000E-8	2.871584E-2
1.790000E-8	3.074397E-2
1.795000E-8	3.268303E-2
1.800000E-8	3.438912E-2
1.805000E-8	3.574749E-2
1.810000E-8	3.667933E-2
1.815000E-8	3.714012E-2
1.820000E-8	3.710929E-2
1.825000E-8	3.654573E-2
1.830000E-8	3.545459E-2
1.835000E-8	3.392321E-2
1.840000E-8	3.203555E-2
1.845000E-8	2.986696E-2
1.850000E-8	2.754421E-2
1.855000E-8	2.518719E-2
1.860000E-8	2.289698E-2
1.865000E-8	2.080205E-2
1.870000E-8	1.900688E-2
1.875000E-8	1.758342E-2
1.880000E-8	1.659847E-2
1.885000E-8	1.611884E-2
1.890000E-8	1.614454E-2
1.895000E-8	1.667383E-2
1.900000E-8	1.771873E-2
1.905000E-8	1.919357E-2
1.910000E-8	2.098189E-2
1.915000E-8	2.301173E-2
1.920000E-8	2.517861E-2
1.925000E-8	2.732150E-2
1.930000E-8	2.928797E-2
1.935000E-8	3.099406E-2
1.940000E-8	3.231988E-2
1.945000E-8	3.314210E-2
1.950000E-8	3.341960E-2
1.955000E-8	3.314039E-2
1.960000E-8	3.229591E-2
1.965000E-8	3.092898E-2
1.970000E-8	2.914238E-2
1.975000E-8	2.702861E-2
1.980000E-8	2.469215E-2
1.985000E-8	2.227176E-2
1.990000E-8	1.989247E-2
1.995000E-8	1.767935E-2
2.000000E-8	1.578140E-2
2.005000E-8	1.430141E-2
2.010000E-8	1.327193E-2
2.015000E-8	1.271693E-2
2.020000E-8	1.267925E-2
2.025000E-8	1.313831E-2
2.030000E-8	1.404104E-2
2.035000E-8	1.534801E-2
2.040000E-8	1.698216E-2
2.045000E-8	1.883043E-2
2.050000E-8	2.081402E-2
2.055000E-8	2.284043E-2
2.060000E-8	2.476579E-2
2.065000E-8	2.647873E-2
2.070000E-8	2.791590E-2
2.075000E-8	2.901047E-2
2.080000E-8	2.966824E-2
2.085000E-8	2.982241E-2
2.090000E-8	2.944899E-2
2.095000E-8	2.857710E-2
2.100000E-8	2.724615E-2
2.105000E-8	2.549723E-2
2.110000E-8	2.340573E-2
2.115000E-8	2.110181E-2
2.120000E-8	1.871397E-2
2.125000E-8	1.634496E-2
2.130000E-8	1.416781E-2
2.135000E-8	1.230926E-2
2.140000E-8	1.083098E-2
2.145000E-8	9.792936E-3
2.150000E-8	9.282475E-3
2.155000E-8	9.315019E-3
2.160000E-8	9.858020E-3
2.165000E-8	1.089092E-2
2.170000E-8	1.231952E-2
2.175000E-8	1.404788E-2
2.180000E-8	1.598351E-2
2.185000E-8	1.801506E-2
2.190000E-8	2.000893E-2
2.195000E-8	2.187604E-2
2.200000E-8	2.352390E-2
2.205000E-8	2.485315E-2
2.210000E-8	2.577643E-2
2.215000E-8	2.625092E-2
2.220000E-8	2.625606E-2
2.225000E-8	2.578671E-2
2.230000E-8	2.486001E-2
2.235000E-8	2.349822E-2
2.240000E-8	2.176643E-2
2.245000E-8	1.976743E-2
2.250000E-8	1.759884E-2
2.255000E-8	1.536516E-2
2.260000E-8	1.318971E-2
2.265000E-8	1.118728E-2
2.270000E-8	9.458913E-3
2.275000E-8	8.114248E-3
2.280000E-8	7.242356E-3
2.285000E-8	6.901478E-3
2.290000E-8	7.081335E-3
2.295000E-8	7.744243E-3
2.300000E-8	8.878211E-3
2.305000E-8	1.045241E-2
2.310000E-8	1.233493E-2
2.315000E-8	1.436478E-2
2.320000E-8	1.641517E-2
2.325000E-8	1.840562E-2
2.330000E-8	2.022477E-2
2.335000E-8	2.175443E-2
2.340000E-8	2.290724E-2
2.345000E-8	2.360955E-2
2.350000E-8	2.383738E-2
2.355000E-8	2.359928E-2
2.360000E-8	2.288498E-2
2.365000E-8	2.171676E-2
2.370000E-8	2.017682E-2
2.375000E-8	1.834739E-2
2.380000E-8	1.630556E-2
2.385000E-8	1.416095E-2
2.390000E-8	1.204204E-2
2.395000E-8	1.003275E-2
2.400000E-8	8.211888E-3
2.405000E-8	6.670234E-3
2.410000E-8	5.503716E-3
2.415000E-8	4.789415E-3
2.420000E-8	4.563304E-3
2.425000E-8	4.842512E-3
2.430000E-8	5.633892E-3
2.435000E-8	6.887767E-3
2.440000E-8	8.509926E-3
2.445000E-8	1.043014E-2
2.450000E-8	1.253535E-2
2.455000E-8	1.464912E-2
2.460000E-8	1.664813E-2
2.465000E-8	1.847242E-2
2.470000E-8	1.998324E-2
2.475000E-8	2.105726E-2
2.480000E-8	2.167906E-2
2.485000E-8	2.183666E-2
2.490000E-8	2.148036E-2
2.495000E-8	2.063931E-2
2.500000E-8	1.938886E-2
2.505000E-8	1.777527E-2
2.510000E-8	1.586876E-2
2.515000E-8	1.380637E-2
2.520000E-8	1.171486E-2
2.525000E-8	9.676458E-3
2.530000E-8	7.788790E-3
2.535000E-8	6.178619E-3
2.540000E-8	4.940158E-3
2.545000E-8	4.117942E-3
2.550000E-8	3.739379E-3
2.555000E-8	3.823311E-3
2.560000E-8	4.373165E-3
2.565000E-8	5.320422E-3
2.570000E-8	6.598279E-3
2.575000E-8	8.163910E-3
2.580000E-8	9.931670E-3
2.585000E-8	1.177994E-2
2.590000E-8	1.360594E-2
2.595000E-8	1.532574E-2
2.600000E-8	1.682114E-2
2.605000E-8	1.798766E-2
2.610000E-8	1.877219E-2
2.615000E-8	1.916446E-2
2.620000E-8	1.912677E-2
2.625000E-8	1.863516E-2
2.630000E-8	1.773415E-2
2.635000E-8	1.649055E-2
2.640000E-8	1.495918E-2
2.645000E-8	1.319485E-2
2.650000E-8	1.132260E-2
2.655000E-8	9.458913E-3
2.660000E-8	7.662032E-3
2.665000E-8	6.015890E-3
2.670000E-8	4.616412E-3
2.675000E-8	3.540680E-3
2.680000E-8	2.845222E-3
2.685000E-8	2.596843E-3
2.690000E-8	2.807533E-3
2.695000E-8	3.436183E-3
2.700000E-8	4.470801E-3
2.705000E-8	5.877128E-3
2.710000E-8	7.550676E-3
2.715000E-8	9.392093E-3
2.720000E-8	1.129689E-2
2.725000E-8	1.314687E-2
2.730000E-8	1.483070E-2
2.735000E-8	1.625416E-2
2.740000E-8	1.733503E-2
2.745000E-8	1.800650E-2
2.750000E-8	1.821720E-2
2.755000E-8	1.795855E-2
2.760000E-8	1.726138E-2
2.765000E-8	1.619250E-2
2.770000E-8	1.481016E-2
2.775000E-8	1.317087E-2
2.780000E-8	1.137056E-2
2.785000E-8	9.498311E-3
2.790000E-8	7.627774E-3
2.795000E-8	5.860013E-3
2.800000E-8	4.294379E-3
2.805000E-8	3.019945E-3
2.810000E-8	2.101804E-3
2.815000E-8	1.577641E-3
2.820000E-8	1.471436E-3
2.825000E-8	1.800320E-3
2.830000E-8	2.545450E-3
2.835000E-8	3.664002E-3
2.840000E-8	5.116579E-3
2.845000E-8	6.795266E-3
2.850000E-8	8.587007E-3
2.855000E-8	1.042500E-2
2.860000E-8	1.223558E-2
2.865000E-8	1.386973E-2
2.870000E-8	1.520241E-2
2.875000E-8	1.620277E-2
2.880000E-8	1.682800E-2
2.885000E-8	1.701814E-2
2.890000E-8	1.675777E-2
2.895000E-8	1.608458E-2
2.900000E-8	1.502256E-2
2.905000E-8	1.360253E-2
2.910000E-8	1.189472E-2
2.915000E-8	9.996777E-3
2.920000E-8	8.032027E-3
2.925000E-8	6.115240E-3
2.930000E-8	4.330350E-3
2.935000E-8	2.747586E-3
2.940000E-8	1.483430E-3
2.945000E-8	6.406594E-4
2.950000E-8	2.501060E-4
2.955000E-8	2.826503E-4
2.960000E-8	7.656995E-4
2.965000E-8	1.706106E-3
2.970000E-8	3.025073E-3
2.975000E-8	4.587279E-3
2.980000E-8	6.327632E-3
2.985000E-8	8.167336E-3
2.990000E-8	9.974494E-3
2.995000E-8	1.163263E-2
3.000000E-8	1.307322E-2
3.005000E-8	1.421575E-2
3.010000E-8	1.496774E-2
3.015000E-8	1.531718E-2
3.020000E-8	1.526237E-2
3.025000E-8	1.478959E-2
3.030000E-8	1.392285E-2
3.035000E-8	1.272721E-2
3.040000E-8	1.127292E-2
3.045000E-8	9.649048E-3
3.050000E-8	7.934389E-3
3.055000E-8	6.194035E-3
3.060000E-8	4.553032E-3
3.065000E-8	3.129573E-3
3.070000E-8	1.966481E-3
3.075000E-8	1.092877E-3
3.080000E-8	5.824180E-4
3.085000E-8	4.607973E-4
3.090000E-8	6.834787E-4
3.095000E-8	1.247037E-3
3.100000E-8	2.151471E-3
3.105000E-8	3.352245E-3
3.110000E-8	4.770564E-3
3.115000E-8	6.313928E-3
3.120000E-8	7.889838E-3
3.125000E-8	9.421212E-3
3.130000E-8	1.084125E-2
3.135000E-8	1.205059E-2
3.140000E-8	1.297215E-2
3.145000E-8	1.358539E-2
3.150000E-8	1.386117E-2
3.155000E-8	1.372928E-2
3.160000E-8	1.318970E-2
3.165000E-8	1.231439E-2
3.170000E-8	1.114445E-2
3.175000E-8	9.709001E-3
3.180000E-8	8.136517E-3
3.185000E-8	6.528060E-3
3.190000E-8	4.947011E-3
3.195000E-8	3.499570E-3
3.200000E-8	2.293655E-3
3.205000E-8	1.348108E-3
3.210000E-8	6.971868E-4
3.215000E-8	3.974196E-4
3.220000E-8	4.625099E-4
3.225000E-8	8.701896E-4
3.230000E-8	1.622172E-3
3.235000E-8	2.679058E-3
3.240000E-8	3.941499E-3
3.245000E-8	5.347827E-3
3.250000E-8	6.836378E-3
3.255000E-8	8.309511E-3
3.260000E-8	9.691859E-3
3.265000E-8	1.094745E-2
3.270000E-8	1.198721E-2
3.275000E-8	1.272549E-2
3.280000E-8	1.314688E-2
3.285000E-8	1.324280E-2
3.290000E-8	1.298244E-2
3.295000E-8	1.239147E-2
3.300000E-8	1.152472E-2
3.305000E-8	1.039075E-2
3.310000E-8	9.025534E-3
3.315000E-8	7.536984E-3
3.320000E-8	6.014175E-3
3.325000E-8	4.506782E-3
3.330000E-8	3.083323E-3
3.335000E-8	1.858566E-3
3.340000E-8	9.078796E-4
3.345000E-8	2.672365E-4
3.350000E-8	-3.766925E-5
3.355000E-8	1.543069E-5
3.360000E-8	4.402400E-4
3.365000E-8	1.193935E-3
3.370000E-8	2.233692E-3
3.375000E-8	3.525253E-3
3.380000E-8	5.005238E-3
3.385000E-8	6.540038E-3
3.390000E-8	8.025162E-3
3.395000E-8	9.407510E-3
3.400000E-8	1.061000E-2
3.405000E-8	1.157953E-2
3.410000E-8	1.226299E-2
3.415000E-8	1.261244E-2
3.420000E-8	1.260216E-2
3.425000E-8	1.225272E-2
3.430000E-8	1.157268E-2
3.435000E-8	1.057575E-2
3.440000E-8	9.345855E-3
3.445000E-8	7.973786E-3
3.450000E-8	6.524633E-3
3.455000E-8	5.053212E-3
3.460000E-8	3.652022E-3
3.465000E-8	2.396432E-3
3.470000E-8	1.353246E-3
3.475000E-8	5.721416E-4
3.480000E-8	9.765414E-5
3.485000E-8	-2.739229E-5
3.490000E-8	1.970023E-4
3.495000E-8	7.331533E-4
3.500000E-8	1.539950E-3
3.505000E-8	2.600263E-3
3.510000E-8	3.872981E-3
3.515000E-8	5.270745E-3
3.520000E-8	6.690778E-3
3.525000E-8	8.064561E-3
3.530000E-8	9.330429E-3
3.535000E-8	1.040787E-2
3.540000E-8	1.122324E-2
3.545000E-8	1.175082E-2
3.550000E-8	1.195981E-2
3.555000E-8	1.180735E-2
3.560000E-8	1.129518E-2
3.565000E-8	1.048667E-2
3.570000E-8	9.416084E-3
3.575000E-8	8.124523E-3
3.580000E-8	6.695927E-3
3.585000E-8	5.217654E-3
3.590000E-8	3.765076E-3
3.595000E-8	2.449533E-3
3.600000E-8	1.339543E-3
3.605000E-8	4.453839E-4
3.610000E-8	-1.918331E-4
3.615000E-8	-4.676186E-4
3.620000E-8	-3.699818E-4
3.625000E-8	2.570769E-5
3.630000E-8	7.245887E-4
3.635000E-8	1.719810E-3
3.640000E-8	2.913732E-3
3.645000E-8	4.193303E-3
3.650000E-8	5.519123E-3
3.655000E-8	6.839804E-3
3.660000E-8	8.057709E-3
3.665000E-8	9.097468E-3
3.670000E-8	9.888850E-3
3.675000E-8	1.039074E-2
3.680000E-8	1.062884E-2
3.685000E-8	1.060658E-2
3.690000E-8	1.027598E-2
3.695000E-8	9.664459E-3
3.700000E-8	8.859375E-3
3.705000E-8	7.893275E-3
3.710000E-8	6.786712E-3
3.715000E-8	5.604780E-3
3.720000E-8	4.414283E-3
3.725000E-8	3.259757E-3
3.730000E-8	2.194304E-3
3.735000E-8	1.283016E-3
3.740000E-8	5.807070E-4
3.745000E-8	1.353398E-4
3.750000E-8	-3.424315E-5
3.755000E-8	6.339349E-5
3.760000E-8	4.436662E-4
3.765000E-8	1.121992E-3
3.770000E-8	2.050408E-3
3.775000E-8	3.165535E-3
3.780000E-8	4.426263E-3
3.785000E-8	5.770925E-3
3.790000E-8	7.089894E-3
3.795000E-8	8.294096E-3
3.800000E-8	9.323577E-3
3.805000E-8	1.009783E-2
3.810000E-8	1.056204E-2
3.815000E-8	1.071963E-2
3.820000E-8	1.056204E-2
3.825000E-8	1.009098E-2
3.830000E-8	9.349278E-3
3.835000E-8	8.388316E-3
3.840000E-8	7.242356E-3
3.845000E-8	6.019313E-3
3.850000E-8	4.845945E-3
3.855000E-8	3.756511E-3
3.860000E-8	2.763002E-3
3.865000E-8	1.927084E-3
3.870000E-8	1.298432E-3
3.875000E-8	8.838976E-4
3.880000E-8	6.937595E-4
3.885000E-8	7.348690E-4
3.890000E-8	9.883839E-4
3.895000E-8	1.457730E-3
3.900000E-8	2.118926E-3
3.905000E-8	2.908594E-3
3.910000E-8	3.797612E-3
3.915000E-8	4.758575E-3
3.920000E-8	5.726389E-3
3.925000E-8	6.654806E-3
3.930000E-8	7.518132E-3
3.935000E-8	8.254699E-3
3.940000E-8	8.804556E-3
3.945000E-8	9.169414E-3
3.950000E-8	9.320155E-3
3.955000E-8	9.237934E-3
3.960000E-8	8.922753E-3
3.965000E-8	8.378037E-3
3.970000E-8	7.605500E-3
3.975000E-8	6.658241E-3
3.980000E-8	5.596215E-3
3.985000E-8	4.457106E-3
3.990000E-8	3.311145E-3
3.995000E-8	2.230276E-3
4.000000E-8	1.250470E-3
4.005000E-8	4.351067E-4
4.010000E-8	-1.353054E-4
4.015000E-8	-4.350722E-4
4.020000E-8	-4.573418E-4
4.025000E-8	-1.712810E-4
4.030000E-8	4.059808E-4
4.035000E-8	1.216203E-3
4.040000E-8	2.213137E-3
4.045000E-8	3.341968E-3
4.050000E-8	4.511910E-3
4.055000E-8	5.659584E-3
4.060000E-8	6.728463E-3
4.065000E-8	7.641464E-3
4.070000E-8	8.359189E-3
4.075000E-8	8.866222E-3
4.080000E-8	9.109462E-3
4.085000E-8	9.070065E-3
4.090000E-8	8.809698E-3
4.095000E-8	8.372897E-3
4.100000E-8	7.745960E-3
4.105000E-8	6.946015E-3
4.110000E-8	6.055283E-3
4.115000E-8	5.106311E-3
4.120000E-8	4.085395E-3
4.125000E-8	3.081609E-3
4.130000E-8	2.190876E-3
4.135000E-8	1.416624E-3
4.140000E-8	7.554260E-4
4.145000E-8	2.826519E-4
4.150000E-8	6.168088E-5
4.155000E-8	8.394821E-5
4.160000E-8	3.580187E-4
4.165000E-8	9.130125E-4
4.170000E-8	1.688976E-3
4.175000E-8	2.613967E-3
4.180000E-8	3.669142E-3
4.185000E-8	4.821955E-3
4.190000E-8	5.954212E-3
4.195000E-8	6.985406E-3
4.200000E-8	7.901833E-3
4.205000E-8	8.646966E-3
4.210000E-8	9.126591E-3
4.215000E-8	9.342424E-3
4.220000E-8	9.321869E-3
4.225000E-8	9.047799E-3
4.230000E-8	8.508222E-3
4.235000E-8	7.730545E-3
4.240000E-8	6.774721E-3
4.245000E-8	5.697278E-3
4.250000E-8	4.554743E-3
4.255000E-8	3.419060E-3
4.260000E-8	2.362172E-3
4.265000E-8	1.442319E-3
4.270000E-8	7.108905E-4
4.275000E-8	2.107095E-4
4.280000E-8	-3.766858E-5
4.285000E-8	-5.137310E-5
4.290000E-8	1.730219E-4
4.295000E-8	6.406552E-4
4.300000E-8	1.320694E-3
4.305000E-8	2.137769E-3
4.310000E-8	3.037065E-3
4.315000E-8	4.001453E-3
4.320000E-8	4.976120E-3
4.325000E-8	5.894259E-3
4.330000E-8	6.702770E-3
4.335000E-8	7.370820E-3
4.340000E-8	7.850445E-3
4.345000E-8	8.119379E-3
4.350000E-8	8.163916E-3
4.355000E-8	7.958364E-3
4.360000E-8	7.531841E-3
4.365000E-8	6.915181E-3
4.370000E-8	6.118662E-3
4.375000E-8	5.203949E-3
4.380000E-8	4.266967E-3
4.385000E-8	3.343689E-3
4.390000E-8	2.440966E-3
4.395000E-8	1.646159E-3
4.400000E-8	1.029498E-3
4.405000E-8	5.875574E-4
4.410000E-8	3.340407E-4
4.415000E-8	3.186236E-4
4.420000E-8	5.053341E-4
4.425000E-8	8.342191E-4
4.430000E-8	1.310418E-3
4.435000E-8	1.930503E-3
4.440000E-8	2.660218E-3
4.445000E-8	3.470441E-3
4.450000E-8	4.320063E-3
4.455000E-8	5.128573E-3
4.460000E-8	5.860001E-3
4.465000E-8	6.519486E-3
4.470000E-8	7.053926E-3
4.475000E-8	7.430775E-3
4.480000E-8	7.670588E-3
4.485000E-8	7.769940E-3
4.490000E-8	7.674015E-3
4.495000E-8	7.375964E-3
4.500000E-8	6.911756E-3
4.505000E-8	6.293383E-3
4.510000E-8	5.543113E-3
4.515000E-8	4.712334E-3
4.520000E-8	3.837018E-3
4.525000E-8	2.975406E-3
4.530000E-8	2.196015E-3
4.535000E-8	1.527966E-3
4.540000E-8	9.918127E-4
4.545000E-8	6.423708E-4
4.550000E-8	5.190377E-4
4.555000E-8	6.081099E-4
4.560000E-8	8.907452E-4
4.565000E-8	1.373795E-3
4.570000E-8	2.045269E-3
4.575000E-8	2.867483E-3
4.580000E-8	3.806178E-3
4.585000E-8	4.787696E-3
4.590000E-8	5.707548E-3
4.595000E-8	6.512634E-3
4.600000E-8	7.177257E-3
4.605000E-8	7.644892E-3
4.610000E-8	7.877854E-3
4.615000E-8	7.900123E-3
4.620000E-8	7.708274E-3
4.625000E-8	7.281751E-3
4.630000E-8	6.656527E-3
4.635000E-8	5.913109E-3
4.640000E-8	5.121728E-3
4.645000E-8	4.320069E-3
4.650000E-8	3.542392E-3
4.655000E-8	2.817815E-3
4.660000E-8	2.182312E-3
4.665000E-8	1.700974E-3
4.670000E-8	1.380652E-3
4.675000E-8	1.212783E-3
4.680000E-8	1.214495E-3
4.685000E-8	1.373798E-3
4.690000E-8	1.639304E-3
4.695000E-8	2.009300E-3
4.700000E-8	2.483785E-3
4.705000E-8	3.033641E-3
4.710000E-8	3.628033E-3
4.715000E-8	4.249832E-3
4.720000E-8	4.880196E-3
4.725000E-8	5.495144E-3
4.730000E-8	6.067268E-3
4.735000E-8	6.548606E-3
4.740000E-8	6.915177E-3
4.745000E-8	7.172120E-3
4.750000E-8	7.288601E-3
4.755000E-8	7.225223E-3
4.760000E-8	6.971707E-3
4.765000E-8	6.552036E-3
4.770000E-8	5.988477E-3
4.775000E-8	5.313577E-3
4.780000E-8	4.561594E-3
4.785000E-8	3.742806E-3
4.790000E-8	2.894897E-3
4.795000E-8	2.084673E-3
4.800000E-8	1.368661E-3
4.805000E-8	7.862588E-4
4.810000E-8	3.665864E-4
4.815000E-8	1.404768E-4
4.820000E-8	1.164948E-4
4.825000E-8	3.066312E-4
4.830000E-8	6.817659E-4
4.835000E-8	1.205927E-3
4.840000E-8	1.858559E-3
4.845000E-8	2.612255E-3
4.850000E-8	3.413914E-3
4.855000E-8	4.234415E-3
4.860000E-8	5.036074E-3
4.865000E-8	5.729818E-3
4.870000E-8	6.262545E-3
4.875000E-8	6.634255E-3
4.880000E-8	6.832957E-3
4.885000E-8	6.836383E-3
4.890000E-8	6.639395E-3
4.895000E-8	6.257409E-3
4.900000E-8	5.714405E-3
4.905000E-8	5.049782E-3
4.910000E-8	4.296086E-3
4.915000E-8	3.472159E-3
4.920000E-8	2.651658E-3
4.925000E-8	1.892823E-3
4.930000E-8	1.223061E-3
4.935000E-8	6.543621E-4
4.940000E-8	2.432545E-4
4.945000E-8	3.941327E-5
4.950000E-8	5.654210E-5
4.955000E-8	2.672339E-4
4.960000E-8	6.612110E-4
4.965000E-8	1.236760E-3
4.970000E-8	1.933929E-3
4.975000E-8	2.706468E-3
4.980000E-8	3.509839E-3
4.985000E-8	4.290942E-3
4.990000E-8	4.974408E-3
4.995000E-8	5.544819E-3
5.000000E-8	6.000463E-3
5.005000E-8	6.317358E-3
5.010000E-8	6.469811E-3
5.015000E-8	6.468098E-3
5.020000E-8	6.322499E-3
5.025000E-8	6.024447E-3
5.030000E-8	5.601350E-3
5.035000E-8	5.094318E-3
5.040000E-8	4.515343E-3
5.045000E-8	3.922664E-3
5.050000E-8	3.364244E-3
5.055000E-8	2.853786E-3
5.060000E-8	2.401568E-3
5.065000E-8	2.040136E-3
5.070000E-8	1.760926E-3
5.075000E-8	1.557085E-3
5.080000E-8	1.476575E-3
5.085000E-8	1.539954E-3
5.090000E-8	1.699257E-3
5.095000E-8	1.951059E-3
5.100000E-8	2.334759E-3
5.105000E-8	2.807531E-3
5.110000E-8	3.290582E-3
5.115000E-8	3.795901E-3
5.120000E-8	4.313211E-3
5.125000E-8	4.801401E-3
5.130000E-8	5.239915E-3
5.135000E-8	5.603060E-3
5.140000E-8	5.837734E-3
5.145000E-8	5.937086E-3
5.150000E-8	5.925095E-3
5.155000E-8	5.782921E-3
5.160000E-8	5.510563E-3
5.165000E-8	5.145706E-3
5.170000E-8	4.683211E-3
5.175000E-8	4.099096E-3
5.180000E-8	3.477296E-3
5.185000E-8	2.898321E-3
5.190000E-8	2.322771E-3
5.195000E-8	1.748933E-3
5.200000E-8	1.277873E-3
5.205000E-8	9.438481E-4
5.210000E-8	7.280165E-4
5.215000E-8	6.509336E-4
5.220000E-8	7.143122E-4
5.225000E-8	9.078748E-4
5.230000E-8	1.255603E-3
5.235000E-8	1.726663E-3
5.240000E-8	2.243972E-3
5.245000E-8	2.810957E-3
5.250000E-8	3.451599E-3
5.255000E-8	4.081964E-3
5.260000E-8	4.618116E-3
5.265000E-8	5.097742E-3
5.270000E-8	5.493433E-3
5.275000E-8	5.716116E-3
5.280000E-8	5.786347E-3
5.285000E-8	5.752089E-3
5.290000E-8	5.591072E-3
5.295000E-8	5.303298E-3
5.300000E-8	4.955570E-3
5.305000E-8	4.559880E-3
5.310000E-8	4.099097E-3
5.315000E-8	3.578362E-3
5.320000E-8	3.055913E-3
5.325000E-8	2.579714E-3
5.330000E-8	2.178885E-3
5.335000E-8	1.848286E-3
5.340000E-8	1.608473E-3
5.345000E-8	1.510835E-3
5.350000E-8	1.545093E-3
5.355000E-8	1.666712E-3
5.360000E-8	1.884256E-3
5.365000E-8	2.219993E-3
5.370000E-8	2.625961E-3
5.375000E-8	3.055910E-3
5.380000E-8	3.499563E-3
5.385000E-8	3.926087E-3
5.390000E-8	4.302935E-3
5.395000E-8	4.631820E-3
5.400000E-8	4.899040E-3
5.405000E-8	5.053205E-3
5.410000E-8	5.092603E-3
5.415000E-8	5.018947E-3
5.420000E-8	4.837375E-3
5.425000E-8	4.587285E-3
5.430000E-8	4.311501E-3
5.435000E-8	3.956921E-3
5.440000E-8	3.511555E-3
5.445000E-8	3.062764E-3
5.450000E-8	2.679064E-3
5.455000E-8	2.315919E-3
5.460000E-8	1.997312E-3
5.465000E-8	1.764351E-3
5.470000E-8	1.591343E-3
5.475000E-8	1.478288E-3
5.480000E-8	1.483427E-3
5.485000E-8	1.601620E-3
5.490000E-8	1.788331E-3
5.495000E-8	2.072680E-3
5.500000E-8	2.449527E-3
5.505000E-8	2.850357E-3
5.510000E-8	3.240908E-3
5.515000E-8	3.658867E-3
5.520000E-8	4.087104E-3
5.525000E-8	4.458813E-3
5.530000E-8	4.767144E-3
5.535000E-8	5.001817E-3
5.540000E-8	5.152557E-3
5.545000E-8	5.221075E-3
5.550000E-8	5.169687E-3
5.555000E-8	4.984689E-3
5.560000E-8	4.695201E-3
5.565000E-8	4.350899E-3
5.570000E-8	3.943218E-3
5.575000E-8	3.511556E-3
5.580000E-8	3.103875E-3
5.585000E-8	2.703045E-3
5.590000E-8	2.314206E-3
5.595000E-8	1.985321E-3
5.600000E-8	1.728378E-3
5.605000E-8	1.531389E-3
5.610000E-8	1.432038E-3
5.615000E-8	1.437177E-3
5.620000E-8	1.527963E-3
5.625000E-8	1.699257E-3
5.630000E-8	1.981893E-3
5.635000E-8	2.341611E-3
5.640000E-8	2.735588E-3
5.645000E-8	3.148408E-3
5.650000E-8	3.583496E-3
5.655000E-8	4.039140E-3
5.660000E-8	4.499923E-3
5.665000E-8	4.935011E-3
5.670000E-8	5.289592E-3
5.675000E-8	5.517414E-3
5.680000E-8	5.620191E-3
5.685000E-8	5.620191E-3
5.690000E-8	5.488295E-3
5.695000E-8	5.202233E-3
5.700000E-8	4.797978E-3
5.705000E-8	4.328631E-3
5.710000E-8	3.819887E-3
5.715000E-8	3.280309E-3
5.720000E-8	2.745870E-3
5.725000E-8	2.257680E-3
5.730000E-8	1.855137E-3
5.735000E-8	1.562223E-3
5.740000E-8	1.402919E-3
5.745000E-8	1.380650E-3
5.750000E-8	1.495417E-3
5.755000E-8	1.747220E-3
5.760000E-8	2.122355E-3
5.765000E-8	2.601979E-3
5.770000E-8	3.138131E-3
5.775000E-8	3.686274E-3
5.780000E-8	4.242982E-3
5.785000E-8	4.777421E-3
5.790000E-8	5.215935E-3
5.795000E-8	5.510562E-3
5.800000E-8	5.690421E-3
5.805000E-8	5.757227E-3
5.810000E-8	5.692135E-3
5.815000E-8	5.508850E-3
5.820000E-8	5.222788E-3
5.825000E-8	4.837375E-3
5.830000E-8	4.412565E-3
5.835000E-8	4.001458E-3
5.840000E-8	3.597203E-3
5.845000E-8	3.201512E-3
5.850000E-8	2.857210E-3
5.855000E-8	2.600268E-3
5.860000E-8	2.398141E-3
5.865000E-8	2.242263E-3
5.870000E-8	2.141199E-3
5.875000E-8	2.106939E-3
5.880000E-8	2.130920E-3
5.885000E-8	2.199438E-3
5.890000E-8	2.303927E-3
5.895000E-8	2.451240E-3
5.900000E-8	2.651654E-3
5.905000E-8	2.896605E-3
5.910000E-8	3.174102E-3
5.915000E-8	3.492710E-3
5.920000E-8	3.852429E-3
5.925000E-8	4.212148E-3
5.930000E-8	4.535895E-3
5.935000E-8	4.830522E-3
5.940000E-8	5.080613E-3
5.945000E-8	5.231353E-3
5.950000E-8	5.270751E-3
5.955000E-8	5.215938E-3
5.960000E-8	5.046356E-3
5.965000E-8	4.760295E-3
5.970000E-8	4.378308E-3
5.975000E-8	3.919238E-3
5.980000E-8	3.448178E-3
5.985000E-8	3.006237E-3
5.990000E-8	2.572861E-3
5.995000E-8	2.161754E-3
6.000000E-8	1.892821E-3
6.005000E-8	1.796895E-3
6.010000E-8	1.779765E-3
6.015000E-8	1.832866E-3
6.020000E-8	2.038420E-3
6.025000E-8	2.348463E-3
6.030000E-8	2.646515E-3
6.035000E-8	2.942855E-3
6.040000E-8	3.256324E-3
6.045000E-8	3.554377E-3
6.050000E-8	3.826735E-3
6.055000E-8	4.071687E-3
6.060000E-8	4.261824E-3
6.065000E-8	4.397147E-3
6.070000E-8	4.493072E-3
6.075000E-8	4.532470E-3
6.080000E-8	4.511915E-3
6.085000E-8	4.450249E-3
6.090000E-8	4.350898E-3
6.095000E-8	4.205297E-3
6.100000E-8	4.035716E-3
6.105000E-8	3.826737E-3
6.110000E-8	3.574934E-3
6.115000E-8	3.299150E-3
6.120000E-8	2.999384E-3
6.125000E-8	2.661934E-3
6.130000E-8	2.365594E-3
6.135000E-8	2.158328E-3
6.140000E-8	2.000736E-3
6.145000E-8	1.879117E-3
6.150000E-8	1.863700E-3
6.155000E-8	1.940783E-3
6.160000E-8	2.045272E-3
6.165000E-8	2.218280E-3
6.170000E-8	2.499203E-3
6.175000E-8	2.840079E-3
6.180000E-8	3.187807E-3
6.185000E-8	3.554378E-3
6.190000E-8	3.931226E-3
6.195000E-8	4.266964E-3
6.200000E-8	4.539322E-3
6.205000E-8	4.739737E-3
6.210000E-8	4.840801E-3
6.215000E-8	4.857931E-3
6.220000E-8	4.804829E-3
6.225000E-8	4.660942E-3
6.230000E-8	4.417704E-3
6.235000E-8	4.111086E-3
6.240000E-8	3.753081E-3
6.245000E-8	3.331696E-3
6.250000E-8	2.888043E-3
6.255000E-8	2.471797E-3
6.260000E-8	2.105227E-3
6.265000E-8	1.841433E-3
6.270000E-8	1.687268E-3
6.275000E-8	1.594769E-3
6.280000E-8	1.589630E-3
6.285000E-8	1.728379E-3
6.290000E-8	1.959626E-3
6.295000E-8	2.214855E-3
6.300000E-8	2.499204E-3
6.305000E-8	2.812673E-3
6.310000E-8	3.114151E-3
6.315000E-8	3.389935E-3
6.320000E-8	3.609192E-3
6.325000E-8	3.742802E-3
6.330000E-8	3.809606E-3
6.335000E-8	3.838726E-3
6.340000E-8	3.795903E-3
6.345000E-8	3.675997E-3
6.350000E-8	3.538961E-3
6.355000E-8	3.398500E-3
6.360000E-8	3.227206E-3
6.365000E-8	3.031930E-3
6.370000E-8	2.836655E-3
6.375000E-8	2.646518E-3
6.380000E-8	2.514621E-3
6.385000E-8	2.447817E-3
6.390000E-8	2.379299E-3
6.395000E-8	2.310781E-3
6.400000E-8	2.302216E-3
6.405000E-8	2.355318E-3
6.410000E-8	2.427261E-3
6.415000E-8	2.509482E-3
6.420000E-8	2.605407E-3
6.425000E-8	2.713322E-3
6.430000E-8	2.845219E-3
6.435000E-8	2.980541E-3
6.440000E-8	3.081605E-3
6.445000E-8	3.177529E-3
6.450000E-8	3.290584E-3
6.455000E-8	3.393360E-3
6.460000E-8	3.468730E-3
6.465000E-8	3.556090E-3
6.470000E-8	3.653728E-3
6.475000E-8	3.727385E-3
6.480000E-8	3.773635E-3
6.485000E-8	3.797616E-3
6.490000E-8	3.787339E-3
6.495000E-8	3.761645E-3
6.500000E-8	3.720534E-3
6.505000E-8	3.626322E-3
6.510000E-8	3.472157E-3
6.515000E-8	3.319705E-3
6.520000E-8	3.184382E-3
6.525000E-8	3.028504E-3
6.530000E-8	2.888042E-3
6.535000E-8	2.792117E-3
6.540000E-8	2.720173E-3
6.545000E-8	2.668785E-3
6.550000E-8	2.680775E-3
6.555000E-8	2.752719E-3
6.560000E-8	2.828088E-3
6.565000E-8	2.920587E-3
6.570000E-8	3.030216E-3
6.575000E-8	3.148409E-3
6.580000E-8	3.273454E-3
6.585000E-8	3.407064E-3
6.590000E-8	3.533822E-3
6.595000E-8	3.662293E-3
6.600000E-8	3.790764E-3
6.605000E-8	3.874698E-3
6.610000E-8	3.898680E-3
6.615000E-8	3.876412E-3
6.620000E-8	3.826736E-3
6.625000E-8	3.734237E-3
6.630000E-8	3.590350E-3
6.635000E-8	3.386510E-3
6.640000E-8	3.131281E-3
6.645000E-8	2.872626E-3
6.650000E-8	2.649943E-3
6.655000E-8	2.458093E-3
6.660000E-8	2.300502E-3
6.665000E-8	2.194299E-3
6.670000E-8	2.141198E-3
6.675000E-8	2.127494E-3
6.680000E-8	2.168604E-3
6.685000E-8	2.281659E-3
6.690000E-8	2.451240E-3
6.695000E-8	2.634525E-3
6.700000E-8	2.816097E-3
6.705000E-8	3.001095E-3
6.710000E-8	3.175816E-3
6.715000E-8	3.321416E-3
6.720000E-8	3.412202E-3
6.725000E-8	3.441322E-3
6.730000E-8	3.446461E-3
6.735000E-8	3.458452E-3
6.740000E-8	3.479008E-3
6.745000E-8	3.485860E-3
6.750000E-8	3.482434E-3
6.755000E-8	3.480721E-3
6.760000E-8	3.463592E-3
6.765000E-8	3.420768E-3
6.770000E-8	3.381371E-3
6.775000E-8	3.333408E-3
6.780000E-8	3.240909E-3
6.785000E-8	3.132994E-3
6.790000E-8	3.026791E-3
6.795000E-8	2.908598E-3
6.800000E-8	2.804108E-3
6.805000E-8	2.739016E-3
6.810000E-8	2.699618E-3
6.815000E-8	2.682488E-3
6.820000E-8	2.740729E-3
6.825000E-8	2.891468E-3
6.830000E-8	3.090170E-3
6.835000E-8	3.352250E-3
6.840000E-8	3.669145E-3
6.845000E-8	3.967198E-3
6.850000E-8	4.227566E-3
6.855000E-8	4.462239E-3
6.860000E-8	4.640386E-3
6.865000E-8	4.710617E-3
6.870000E-8	4.708904E-3
6.875000E-8	4.652377E-3
6.880000E-8	4.498212E-3
6.885000E-8	4.253261E-3
6.890000E-8	3.992893E-3
6.895000E-8	3.751368E-3
6.900000E-8	3.485861E-3
6.905000E-8	3.187809E-3
6.910000E-8	2.924015E-3
6.915000E-8	2.721887E-3
6.920000E-8	2.533463E-3
6.925000E-8	2.336474E-3
6.930000E-8	2.194299E-3
6.935000E-8	2.139485E-3
6.940000E-8	2.127494E-3
6.945000E-8	2.124068E-3
6.950000E-8	2.156614E-3
6.955000E-8	2.278233E-3
6.960000E-8	2.454666E-3
6.965000E-8	2.627673E-3
6.970000E-8	2.778413E-3
6.975000E-8	2.941143E-3
6.980000E-8	3.110724E-3
6.985000E-8	3.258038E-3
6.990000E-8	3.365954E-3
6.995000E-8	3.429333E-3
7.000000E-8	3.444750E-3
7.005000E-8	3.407065E-3
7.010000E-8	3.324844E-3
7.015000E-8	3.201512E-3
7.020000E-8	3.059337E-3
7.025000E-8	2.917163E-3
7.030000E-8	2.783553E-3
7.035000E-8	2.661934E-3
7.040000E-8	2.564296E-3
7.045000E-8	2.497491E-3
7.050000E-8	2.446102E-3
7.055000E-8	2.413556E-3
7.060000E-8	2.435824E-3
7.065000E-8	2.521472E-3
7.070000E-8	2.641378E-3
7.075000E-8	2.751006E-3
7.080000E-8	2.857209E-3
7.085000E-8	2.971976E-3
7.090000E-8	3.078179E-3
7.095000E-8	3.146697E-3
7.100000E-8	3.201511E-3
7.105000E-8	3.247761E-3
7.110000E-8	3.288871E-3
7.115000E-8	3.307713E-3
7.120000E-8	3.307713E-3
7.125000E-8	3.280306E-3
7.130000E-8	3.246047E-3
7.135000E-8	3.225492E-3
7.140000E-8	3.187807E-3
7.145000E-8	3.136419E-3
7.150000E-8	3.090169E-3
7.155000E-8	3.028504E-3
7.160000E-8	2.917162E-3
7.165000E-8	2.778414E-3
7.170000E-8	2.629388E-3
7.175000E-8	2.440963E-3
7.180000E-8	2.211429E-3
7.185000E-8	1.983607E-3
7.190000E-8	1.783192E-3
7.195000E-8	1.613610E-3
7.200000E-8	1.521110E-3
7.205000E-8	1.526249E-3
7.210000E-8	1.610183E-3
7.215000E-8	1.755784E-3
7.220000E-8	1.976754E-3
7.225000E-8	2.276519E-3
7.230000E-8	2.591701E-3
7.235000E-8	2.886328E-3
7.240000E-8	3.162112E-3
7.245000E-8	3.412203E-3
7.250000E-8	3.592062E-3
7.255000E-8	3.686274E-3
7.260000E-8	3.703404E-3
7.265000E-8	3.650302E-3
7.270000E-8	3.549239E-3
7.275000E-8	3.413916E-3
7.280000E-8	3.215214E-3
7.285000E-8	3.004522E-3
7.290000E-8	2.840079E-3
7.295000E-8	2.732163E-3
7.300000E-8	2.649942E-3
7.305000E-8	2.608831E-3
7.310000E-8	2.610544E-3
7.315000E-8	2.627674E-3
7.320000E-8	2.646516E-3
7.325000E-8	2.663645E-3
7.330000E-8	2.656794E-3
7.335000E-8	2.622535E-3
7.340000E-8	2.593414E-3
7.345000E-8	2.579711E-3
7.350000E-8	2.555729E-3
7.355000E-8	2.506054E-3
7.360000E-8	2.483786E-3
7.365000E-8	2.524896E-3
7.370000E-8	2.593414E-3
7.375000E-8	2.651654E-3
7.380000E-8	2.739015E-3
7.385000E-8	2.877763E-3
7.390000E-8	3.038780E-3
7.395000E-8	3.196372E-3
7.400000E-8	3.345398E-3
7.405000E-8	3.480721E-3
7.410000E-8	3.573220E-3
7.415000E-8	3.604053E-3
7.420000E-8	3.592063E-3
7.425000E-8	3.545813E-3
7.430000E-8	3.480721E-3
7.435000E-8	3.393361E-3
7.440000E-8	3.317991E-3
7.445000E-8	3.282020E-3
7.450000E-8	3.252900E-3
7.455000E-8	3.180956E-3
7.460000E-8	3.098735E-3
7.465000E-8	3.043920E-3
7.470000E-8	3.011374E-3
7.475000E-8	2.987393E-3
7.480000E-8	2.963412E-3
7.485000E-8	2.924014E-3
7.490000E-8	2.872626E-3
7.495000E-8	2.840079E-3
7.500000E-8	2.826376E-3
7.505000E-8	2.834940E-3
7.510000E-8	2.862347E-3
7.515000E-8	2.913735E-3
7.520000E-8	2.977114E-3
7.525000E-8	3.073039E-3
7.530000E-8	3.198084E-3
7.535000E-8	3.311138E-3
7.540000E-8	3.377943E-3
7.545000E-8	3.420767E-3
7.550000E-8	3.441322E-3
7.555000E-8	3.413915E-3
7.560000E-8	3.328268E-3
7.565000E-8	3.227205E-3
7.570000E-8	3.114150E-3
7.575000E-8	2.975402E-3
7.580000E-8	2.834940E-3
7.585000E-8	2.723599E-3
7.590000E-8	2.631100E-3
7.595000E-8	2.583137E-3
7.600000E-8	2.629387E-3
7.605000E-8	2.762997E-3
7.610000E-8	2.932578E-3
7.615000E-8	3.134706E-3
7.620000E-8	3.377944E-3
7.625000E-8	3.638312E-3
7.630000E-8	3.881550E-3
7.635000E-8	4.102520E-3
7.640000E-8	4.265250E-3
7.645000E-8	4.345758E-3
7.650000E-8	4.369740E-3
7.655000E-8	4.344046E-3
7.660000E-8	4.241269E-3
7.665000E-8	4.081965E-3
7.670000E-8	3.907245E-3
7.675000E-8	3.732524E-3
7.680000E-8	3.540674E-3
7.685000E-8	3.336834E-3
7.690000E-8	3.150123E-3
7.695000E-8	3.011374E-3
7.700000E-8	2.901745E-3
7.705000E-8	2.819524E-3
7.710000E-8	2.771561E-3
7.715000E-8	2.721886E-3
7.720000E-8	2.658506E-3
7.725000E-8	2.588275E-3
7.730000E-8	2.507767E-3
7.735000E-8	2.406703E-3
7.740000E-8	2.336472E-3
7.745000E-8	2.322768E-3
7.750000E-8	2.336472E-3
7.755000E-8	2.377583E-3
7.760000E-8	2.492350E-3
7.765000E-8	2.656793E-3
7.770000E-8	2.819523E-3
7.775000E-8	2.973688E-3
7.780000E-8	3.112437E-3
7.785000E-8	3.213501E-3
7.790000E-8	3.275167E-3
7.795000E-8	3.328268E-3
7.800000E-8	3.371092E-3
7.805000E-8	3.372805E-3
7.810000E-8	3.350537E-3
7.815000E-8	3.300861E-3
7.820000E-8	3.222066E-3
7.825000E-8	3.146696E-3
7.830000E-8	3.102160E-3
7.835000E-8	3.061049E-3
7.840000E-8	3.042207E-3
7.845000E-8	3.062762E-3
7.850000E-8	3.086744E-3
7.855000E-8	3.093596E-3
7.860000E-8	3.112438E-3
7.865000E-8	3.132994E-3
7.870000E-8	3.127855E-3
7.875000E-8	3.119291E-3
7.880000E-8	3.139846E-3
7.885000E-8	3.141559E-3
7.890000E-8	3.126143E-3
7.895000E-8	3.150124E-3
7.900000E-8	3.215215E-3
7.905000E-8	3.292298E-3
7.910000E-8	3.389935E-3
7.915000E-8	3.506416E-3
7.920000E-8	3.604053E-3
7.925000E-8	3.665719E-3
7.930000E-8	3.710255E-3
7.935000E-8	3.756505E-3
7.940000E-8	3.806180E-3
7.945000E-8	3.845578E-3
7.950000E-8	3.845578E-3
7.955000E-8	3.802755E-3
7.960000E-8	3.759931E-3
7.965000E-8	3.696552E-3
7.970000E-8	3.590350E-3
7.975000E-8	3.487573E-3
7.980000E-8	3.427620E-3
7.985000E-8	3.383084E-3
7.990000E-8	3.338547E-3
7.995000E-8	3.292297E-3
8.000000E-8	3.234057E-3
8.005000E-8	3.192946E-3
8.010000E-8	3.192946E-3
8.015000E-8	3.186094E-3
8.020000E-8	3.139844E-3
8.025000E-8	3.119289E-3
8.030000E-8	3.143270E-3
8.035000E-8	3.162112E-3
8.040000E-8	3.174103E-3
8.045000E-8	3.203223E-3
8.050000E-8	3.227204E-3
8.055000E-8	3.232343E-3
8.060000E-8	3.264889E-3
8.065000E-8	3.314565E-3
8.070000E-8	3.345398E-3
8.075000E-8	3.362528E-3
8.080000E-8	3.398500E-3
8.085000E-8	3.448175E-3
8.090000E-8	3.506416E-3
8.095000E-8	3.578360E-3
8.100000E-8	3.643452E-3
8.105000E-8	3.681136E-3
8.110000E-8	3.691414E-3
8.115000E-8	3.677710E-3
8.120000E-8	3.655442E-3
8.125000E-8	3.619470E-3
8.130000E-8	3.530396E-3
8.135000E-8	3.369379E-3
8.140000E-8	3.184381E-3
8.145000E-8	3.042206E-3
8.150000E-8	2.941142E-3
8.155000E-8	2.855495E-3
8.160000E-8	2.786977E-3
8.165000E-8	2.773273E-3
8.170000E-8	2.812671E-3
8.175000E-8	2.879476E-3
8.180000E-8	2.982253E-3
8.185000E-8	3.126141E-3
8.190000E-8	3.282019E-3
8.195000E-8	3.410491E-3
8.200000E-8	3.526971E-3
8.205000E-8	3.633174E-3
8.210000E-8	3.687988E-3
8.215000E-8	3.674284E-3
8.220000E-8	3.607479E-3
8.225000E-8	3.537248E-3
8.230000E-8	3.477295E-3
8.235000E-8	3.410490E-3
8.240000E-8	3.316278E-3
8.245000E-8	3.220353E-3
8.250000E-8	3.141557E-3
8.255000E-8	3.085030E-3
8.260000E-8	3.030216E-3
8.265000E-8	2.999383E-3
8.270000E-8	3.009661E-3
8.275000E-8	3.031929E-3
8.280000E-8	3.062762E-3
8.285000E-8	3.129567E-3
8.290000E-8	3.216928E-3
8.295000E-8	3.295723E-3
8.300000E-8	3.357389E-3
8.305000E-8	3.427620E-3
8.310000E-8	3.499564E-3
8.315000E-8	3.566369E-3
8.320000E-8	3.605767E-3
8.325000E-8	3.597202E-3
8.330000E-8	3.540675E-3
8.335000E-8	3.460167E-3
8.340000E-8	3.365955E-3
8.345000E-8	3.244335E-3
8.350000E-8	3.110726E-3
8.355000E-8	2.985680E-3
8.360000E-8	2.893181E-3
8.365000E-8	2.824663E-3
8.370000E-8	2.780126E-3
8.375000E-8	2.757858E-3
8.380000E-8	2.774987E-3
8.385000E-8	2.846931E-3
8.390000E-8	2.937717E-3
8.395000E-8	3.023365E-3
8.400000E-8	3.100448E-3
8.405000E-8	3.158688E-3
8.410000E-8	3.177530E-3
8.415000E-8	3.150123E-3
8.420000E-8	3.114151E-3
8.425000E-8	3.083318E-3
8.430000E-8	3.052485E-3
8.435000E-8	3.014800E-3
8.440000E-8	2.980541E-3
8.445000E-8	2.994244E-3
8.450000E-8	3.052484E-3
8.455000E-8	3.138132E-3
8.460000E-8	3.258038E-3
8.465000E-8	3.412203E-3
8.470000E-8	3.547526E-3
8.475000E-8	3.636599E-3
8.480000E-8	3.699978E-3
8.485000E-8	3.756505E-3
8.490000E-8	3.763357E-3
8.495000E-8	3.705117E-3
8.500000E-8	3.609192E-3
8.505000E-8	3.472156E-3
8.510000E-8	3.304287E-3
8.515000E-8	3.136418E-3
8.520000E-8	2.997670E-3
8.525000E-8	2.864060E-3
8.530000E-8	2.728737E-3
8.535000E-8	2.641377E-3
8.540000E-8	2.637951E-3
8.545000E-8	2.661932E-3
8.550000E-8	2.697905E-3
8.555000E-8	2.757858E-3
8.560000E-8	2.821237E-3
8.565000E-8	2.843505E-3
8.570000E-8	2.831515E-3
8.575000E-8	2.792117E-3
8.580000E-8	2.732163E-3
8.585000E-8	2.663645E-3
8.590000E-8	2.591701E-3
8.595000E-8	2.507767E-3
8.600000E-8	2.425545E-3
8.605000E-8	2.387860E-3
8.610000E-8	2.398138E-3
8.615000E-8	2.416980E-3
8.620000E-8	2.444388E-3
8.625000E-8	2.506054E-3
8.630000E-8	2.591701E-3
8.635000E-8	2.660219E-3
8.640000E-8	2.699617E-3
8.645000E-8	2.713321E-3
8.650000E-8	2.706469E-3
8.655000E-8	2.699618E-3
8.660000E-8	2.720173E-3
8.665000E-8	2.756145E-3
8.670000E-8	2.774987E-3
8.675000E-8	2.804107E-3
8.680000E-8	2.874338E-3
8.685000E-8	2.963411E-3
8.690000E-8	3.052485E-3
8.695000E-8	3.139845E-3
8.700000E-8	3.218640E-3
8.705000E-8	3.290584E-3
8.710000E-8	3.324843E-3
8.715000E-8	3.324843E-3
8.720000E-8	3.317991E-3
8.725000E-8	3.306000E-3
8.730000E-8	3.247760E-3
8.735000E-8	3.146696E-3
8.740000E-8	3.061049E-3
8.745000E-8	3.013086E-3
8.750000E-8	2.978827E-3
8.755000E-8	2.977114E-3
8.760000E-8	3.031929E-3
8.765000E-8	3.107299E-3
8.770000E-8	3.175817E-3
8.775000E-8	3.240909E-3
8.780000E-8	3.273455E-3
8.785000E-8	3.234057E-3
8.790000E-8	3.158688E-3
8.795000E-8	3.088457E-3
8.800000E-8	3.011374E-3
8.805000E-8	2.912023E-3
8.810000E-8	2.824663E-3
8.815000E-8	2.768136E-3
8.820000E-8	2.727025E-3
8.825000E-8	2.723599E-3
8.830000E-8	2.756145E-3
8.835000E-8	2.805821E-3
8.840000E-8	2.862348E-3
8.845000E-8	2.925727E-3
8.850000E-8	3.002810E-3
8.855000E-8	3.081605E-3
8.860000E-8	3.136419E-3
8.865000E-8	3.155261E-3
8.870000E-8	3.168965E-3
8.875000E-8	3.194659E-3
8.880000E-8	3.220353E-3
8.885000E-8	3.266602E-3
8.890000E-8	3.328268E-3
8.895000E-8	3.408776E-3
8.900000E-8	3.490998E-3
8.905000E-8	3.586923E-3
8.910000E-8	3.681135E-3
8.915000E-8	3.749653E-3
8.920000E-8	3.759931E-3
8.925000E-8	3.710256E-3
8.930000E-8	3.616044E-3
8.935000E-8	3.485860E-3
8.940000E-8	3.316278E-3
8.945000E-8	3.109012E-3
8.950000E-8	2.881190E-3
8.955000E-8	2.675636E-3
8.960000E-8	2.504341E-3
8.965000E-8	2.363879E-3
8.970000E-8	2.247399E-3
8.975000E-8	2.178881E-3
8.980000E-8	2.163464E-3
8.985000E-8	2.192585E-3
8.990000E-8	2.233695E-3
8.995000E-8	2.281658E-3
9.000000E-8	2.351888E-3
9.005000E-8	2.442675E-3
9.010000E-8	2.495776E-3
9.015000E-8	2.514618E-3
9.020000E-8	2.538600E-3
9.025000E-8	2.593414E-3
9.030000E-8	2.632812E-3
9.035000E-8	2.631099E-3
9.040000E-8	2.608830E-3
9.045000E-8	2.591701E-3
9.050000E-8	2.577997E-3
9.055000E-8	2.593414E-3
9.060000E-8	2.660219E-3
9.065000E-8	2.769848E-3
9.070000E-8	2.893180E-3
9.075000E-8	3.016512E-3
9.080000E-8	3.136418E-3
9.085000E-8	3.227204E-3
9.090000E-8	3.287157E-3
9.095000E-8	3.341972E-3
9.100000E-8	3.360814E-3
9.105000E-8	3.333407E-3
9.110000E-8	3.275167E-3
9.115000E-8	3.191232E-3
9.120000E-8	3.057622E-3
9.125000E-8	2.906883E-3
9.130000E-8	2.817810E-3
9.135000E-8	2.757857E-3
9.140000E-8	2.641377E-3
9.145000E-8	2.538600E-3
9.150000E-8	2.557443E-3
9.155000E-8	2.624248E-3
9.160000E-8	2.632813E-3
9.165000E-8	2.643091E-3
9.170000E-8	2.728738E-3
9.175000E-8	2.831515E-3
9.180000E-8	2.903459E-3
9.185000E-8	2.970264E-3
9.190000E-8	3.031930E-3
9.195000E-8	3.064475E-3
9.200000E-8	3.097021E-3
9.205000E-8	3.151835E-3
9.210000E-8	3.222066E-3
9.215000E-8	3.275167E-3
9.220000E-8	3.287157E-3
9.225000E-8	3.251185E-3
9.230000E-8	3.189519E-3
9.235000E-8	3.114149E-3
9.240000E-8	3.023363E-3
9.245000E-8	2.924012E-3
9.250000E-8	2.805819E-3
9.255000E-8	2.667070E-3
9.260000E-8	2.531748E-3
9.265000E-8	2.430684E-3
9.270000E-8	2.357027E-3
9.275000E-8	2.322768E-3
9.280000E-8	2.362166E-3
9.285000E-8	2.449526E-3
9.290000E-8	2.542025E-3
9.295000E-8	2.667071E-3
9.300000E-8	2.840078E-3
9.305000E-8	3.016511E-3
9.310000E-8	3.163825E-3
9.315000E-8	3.280305E-3
9.320000E-8	3.340258E-3
9.325000E-8	3.350536E-3
9.330000E-8	3.323129E-3
9.335000E-8	3.251185E-3
9.340000E-8	3.121001E-3
9.345000E-8	2.997669E-3
9.350000E-8	2.913735E-3
9.355000E-8	2.845217E-3
9.360000E-8	2.797255E-3
9.365000E-8	2.793829E-3
9.370000E-8	2.836653E-3
9.375000E-8	2.896607E-3
9.380000E-8	2.966837E-3
9.385000E-8	3.038781E-3
9.390000E-8	3.074753E-3
9.395000E-8	3.055910E-3
9.400000E-8	3.023364E-3
9.405000E-8	2.978827E-3
9.410000E-8	2.896606E-3
9.415000E-8	2.762996E-3
9.420000E-8	2.622534E-3
9.425000E-8	2.521470E-3
9.430000E-8	2.466655E-3
9.435000E-8	2.456378E-3
9.440000E-8	2.488924E-3
9.445000E-8	2.567719E-3
9.450000E-8	2.679061E-3
9.455000E-8	2.793829E-3
9.460000E-8	2.917161E-3
9.465000E-8	3.059336E-3
9.470000E-8	3.175816E-3
9.475000E-8	3.244334E-3
9.480000E-8	3.290584E-3
9.485000E-8	3.336833E-3
9.490000E-8	3.353963E-3
9.495000E-8	3.326556E-3
9.500000E-8	3.287158E-3
9.505000E-8	3.276880E-3
9.510000E-8	3.295723E-3
9.515000E-8	3.311139E-3
9.520000E-8	3.326555E-3
9.525000E-8	3.376231E-3
9.530000E-8	3.458452E-3
9.535000E-8	3.521831E-3
9.540000E-8	3.557803E-3
9.545000E-8	3.588636E-3
9.550000E-8	3.629746E-3
9.555000E-8	3.658866E-3
9.560000E-8	3.660579E-3
9.565000E-8	3.643450E-3
9.570000E-8	3.602339E-3
9.575000E-8	3.552664E-3
9.580000E-8	3.506414E-3
9.585000E-8	3.467017E-3
9.590000E-8	3.417342E-3
9.595000E-8	3.364241E-3
9.600000E-8	3.317991E-3
9.605000E-8	3.270029E-3
9.610000E-8	3.199798E-3
9.615000E-8	3.132993E-3
9.620000E-8	3.086744E-3
9.625000E-8	3.028503E-3
9.630000E-8	2.956559E-3
9.635000E-8	2.906884E-3
9.640000E-8	2.877764E-3
9.645000E-8	2.840078E-3
9.650000E-8	2.807532E-3
9.655000E-8	2.788690E-3
9.660000E-8	2.752718E-3
9.665000E-8	2.713320E-3
9.670000E-8	2.721884E-3
9.675000E-8	2.756143E-3
9.680000E-8	2.792115E-3
9.685000E-8	2.860633E-3
9.690000E-8	2.966836E-3
9.695000E-8	3.071326E-3
9.700000E-8	3.172390E-3
9.705000E-8	3.280306E-3
9.710000E-8	3.364241E-3
9.715000E-8	3.405351E-3
9.720000E-8	3.434472E-3
9.725000E-8	3.429333E-3
9.730000E-8	3.377944E-3
9.735000E-8	3.290584E-3
9.740000E-8	3.155261E-3
9.745000E-8	2.949707E-3
9.750000E-8	2.720172E-3
9.755000E-8	2.543738E-3
9.760000E-8	2.410128E-3
9.765000E-8	2.286796E-3
9.770000E-8	2.218278E-3
9.775000E-8	2.257676E-3
9.780000E-8	2.341610E-3
9.785000E-8	2.432397E-3
9.790000E-8	2.554016E-3
9.795000E-8	2.718459E-3
9.800000E-8	2.889754E-3
9.805000E-8	3.055910E-3
9.810000E-8	3.184381E-3
9.815000E-8	3.247760E-3
9.820000E-8	3.242621E-3
9.825000E-8	3.198084E-3
9.830000E-8	3.124428E-3
9.835000E-8	3.025077E-3
9.840000E-8	2.910309E-3
9.845000E-8	2.778412E-3
9.850000E-8	2.648228E-3
9.855000E-8	2.567720E-3
9.860000E-8	2.566007E-3
9.865000E-8	2.624247E-3
9.870000E-8	2.713320E-3
9.875000E-8	2.831513E-3
9.880000E-8	2.973688E-3
9.885000E-8	3.093595E-3
9.890000E-8	3.160400E-3
9.895000E-8	3.186094E-3
9.900000E-8	3.184381E-3
9.905000E-8	3.132993E-3
9.910000E-8	3.055910E-3
9.915000E-8	2.949707E-3
9.920000E-8	2.819523E-3
9.925000E-8	2.689339E-3
9.930000E-8	2.610543E-3
9.935000E-8	2.577997E-3
9.940000E-8	2.583136E-3
9.945000E-8	2.634524E-3
9.950000E-8	2.740727E-3
9.955000E-8	2.858920E-3
9.960000E-8	2.982252E-3
9.965000E-8	3.100446E-3
9.970000E-8	3.177528E-3
9.975000E-8	3.199797E-3
9.980000E-8	3.203222E-3
9.985000E-8	3.192945E-3
9.990000E-8	3.146695E-3
9.995000E-8	3.061048E-3
1.000000E-7	2.973688E-3
1.000500E-7	2.922299E-3
1.001000E-7	2.905170E-3
1.001500E-7	2.915447E-3
1.002000E-7	2.942854E-3
1.002500E-7	2.978826E-3
1.003000E-7	3.011372E-3
1.003500E-7	3.047344E-3
1.004000E-7	3.103872E-3
1.004500E-7	3.144983E-3
1.005000E-7	3.162112E-3
1.005500E-7	3.179242E-3
1.006000E-7	3.198084E-3
1.006500E-7	3.194659E-3
1.007000E-7	3.201511E-3
1.007500E-7	3.259751E-3
1.008000E-7	3.331695E-3
1.008500E-7	3.381370E-3
1.009000E-7	3.436185E-3
1.009500E-7	3.484147E-3
1.010000E-7	3.499563E-3
1.010500E-7	3.501276E-3
1.011000E-7	3.511554E-3
1.011500E-7	3.501276E-3
1.012000E-7	3.475582E-3
1.012500E-7	3.456739E-3
1.013000E-7	3.419054E-3
1.013500E-7	3.367666E-3
1.014000E-7	3.353962E-3
1.014500E-7	3.379656E-3
1.015000E-7	3.377943E-3
1.015500E-7	3.355675E-3
1.016000E-7	3.335120E-3
1.016500E-7	3.297435E-3
1.017000E-7	3.228917E-3
1.017500E-7	3.143270E-3
1.018000E-7	3.073039E-3
1.018500E-7	3.019938E-3
1.019000E-7	2.989105E-3
1.019500E-7	2.973688E-3
1.020000E-7	2.980540E-3
1.020500E-7	3.031928E-3
1.021000E-7	3.126141E-3
1.021500E-7	3.225492E-3
1.022000E-7	3.323130E-3
1.022500E-7	3.439610E-3
1.023000E-7	3.559516E-3
1.023500E-7	3.636599E-3
1.024000E-7	3.664006E-3
1.024500E-7	3.664006E-3
1.025000E-7	3.622895E-3
1.025500E-7	3.545812E-3
1.026000E-7	3.461878E-3
1.026500E-7	3.369378E-3
1.027000E-7	3.275166E-3
1.027500E-7	3.189519E-3
1.028000E-7	3.124427E-3
1.028500E-7	3.073039E-3
1.029000E-7	3.047345E-3
1.029500E-7	3.038780E-3
1.030000E-7	3.043919E-3
1.030500E-7	3.074752E-3
1.031000E-7	3.117576E-3
1.031500E-7	3.144983E-3
1.032000E-7	3.162113E-3
1.032500E-7	3.194659E-3
1.033000E-7	3.213501E-3
1.033500E-7	3.191233E-3
1.034000E-7	3.189520E-3
1.034500E-7	3.196372E-3
1.035000E-7	3.153548E-3
1.035500E-7	3.069614E-3
1.036000E-7	3.026790E-3
1.036500E-7	3.016512E-3
1.037000E-7	2.995957E-3
1.037500E-7	2.985679E-3
1.038000E-7	2.990818E-3
1.038500E-7	3.009661E-3
1.039000E-7	3.047345E-3
1.039500E-7	3.103873E-3
1.040000E-7	3.168965E-3
1.040500E-7	3.232344E-3
1.041000E-7	3.290584E-3
1.041500E-7	3.329982E-3
1.042000E-7	3.317991E-3
1.042500E-7	3.254612E-3
1.043000E-7	3.170677E-3
1.043500E-7	3.093595E-3
1.044000E-7	3.009660E-3
1.044500E-7	2.906883E-3
1.045000E-7	2.795541E-3
1.045500E-7	2.687626E-3
1.046000E-7	2.591701E-3
1.046500E-7	2.540312E-3
1.047000E-7	2.530034E-3
1.047500E-7	2.533460E-3
1.048000E-7	2.554016E-3
1.048500E-7	2.586562E-3
1.049000E-7	2.605405E-3
1.049500E-7	2.608831E-3
1.050000E-7	2.620821E-3
1.050500E-7	2.643090E-3
1.051000E-7	2.656793E-3
1.051500E-7	2.660219E-3
1.052000E-7	2.631099E-3
1.052500E-7	2.569433E-3
1.053000E-7	2.521470E-3
1.053500E-7	2.514618E-3
1.054000E-7	2.514618E-3
1.054500E-7	2.518044E-3
1.055000E-7	2.550590E-3
1.055500E-7	2.620821E-3
1.056000E-7	2.701329E-3
1.056500E-7	2.769847E-3
1.057000E-7	2.810958E-3
1.057500E-7	2.846930E-3
1.058000E-7	2.886328E-3
1.058500E-7	2.908597E-3
1.059000E-7	2.917162E-3
1.059500E-7	2.917161E-3
1.060000E-7	2.877764E-3
1.060500E-7	2.797255E-3
1.061000E-7	2.699617E-3
1.061500E-7	2.617395E-3
1.062000E-7	2.533461E-3
1.062500E-7	2.463230E-3
1.063000E-7	2.430684E-3
1.063500E-7	2.434110E-3
1.064000E-7	2.452952E-3
1.064500E-7	2.494063E-3
1.065000E-7	2.562581E-3
1.065500E-7	2.653367E-3
1.066000E-7	2.756144E-3
1.066500E-7	2.850356E-3
1.067000E-7	2.913735E-3
1.067500E-7	2.947994E-3
1.068000E-7	2.958272E-3
1.068500E-7	2.946281E-3
1.069000E-7	2.906883E-3
1.069500E-7	2.822949E-3
1.070000E-7	2.718459E-3
1.070500E-7	2.631099E-3
1.071000E-7	2.564294E-3
1.071500E-7	2.483786E-3
1.072000E-7	2.415268E-3
1.072500E-7	2.374157E-3
1.073000E-7	2.367306E-3
1.073500E-7	2.408417E-3
1.074000E-7	2.497490E-3
1.074500E-7	2.607119E-3
1.075000E-7	2.737303E-3
1.075500E-7	2.900032E-3
1.076000E-7	3.052485E-3
1.076500E-7	3.172391E-3
1.077000E-7	3.294010E-3
1.077500E-7	3.408777E-3
1.078000E-7	3.463592E-3
1.078500E-7	3.432758E-3
1.079000E-7	3.369379E-3
1.079500E-7	3.283732E-3
1.080000E-7	3.156974E-3
1.080500E-7	2.989105E-3
1.081000E-7	2.833227E-3
1.081500E-7	2.718460E-3
1.082000E-7	2.624248E-3
1.082500E-7	2.557443E-3
1.083000E-7	2.518046E-3
1.083500E-7	2.506055E-3
1.084000E-7	2.511194E-3
1.084500E-7	2.540314E-3
1.085000E-7	2.566008E-3
1.085500E-7	2.583137E-3
1.086000E-7	2.612257E-3
1.086500E-7	2.639664E-3
1.087000E-7	2.646515E-3
1.087500E-7	2.651654E-3
1.088000E-7	2.675635E-3
1.088500E-7	2.689338E-3
1.089000E-7	2.691051E-3
1.089500E-7	2.725310E-3
1.090000E-7	2.764708E-3
1.090500E-7	2.798967E-3
1.091000E-7	2.852069E-3
1.091500E-7	2.906883E-3
1.092000E-7	2.927439E-3
1.092500E-7	2.937717E-3
1.093000E-7	2.929152E-3
1.093500E-7	2.877764E-3
1.094000E-7	2.816098E-3
1.094500E-7	2.785265E-3
1.095000E-7	2.733876E-3
1.095500E-7	2.661932E-3
1.096000E-7	2.622534E-3
1.096500E-7	2.610544E-3
1.097000E-7	2.584849E-3
1.097500E-7	2.571146E-3
1.098000E-7	2.591701E-3
1.098500E-7	2.607117E-3
1.099000E-7	2.620821E-3
1.099500E-7	2.637950E-3
1.100000E-7	2.663644E-3
1.100500E-7	2.709894E-3
1.101000E-7	2.797254E-3
1.101500E-7	2.900031E-3
1.102000E-7	2.989104E-3
1.102500E-7	3.105585E-3
1.103000E-7	3.263176E-3
1.103500E-7	3.410489E-3
1.104000E-7	3.497849E-3
1.104500E-7	3.526969E-3
1.105000E-7	3.526969E-3
1.105500E-7	3.496136E-3
1.106000E-7	3.413914E-3
1.106500E-7	3.278591E-3
1.107000E-7	3.132991E-3
1.107500E-7	2.989103E-3
1.108000E-7	2.831512E-3
1.108500E-7	2.704754E-3
1.109000E-7	2.639663E-3
1.109500E-7	2.622533E-3
1.110000E-7	2.651654E-3
1.110500E-7	2.745866E-3
1.111000E-7	2.879476E-3
1.111500E-7	3.011373E-3
1.112000E-7	3.131279E-3
1.112500E-7	3.239195E-3
1.113000E-7	3.304287E-3
1.113500E-7	3.287157E-3
1.114000E-7	3.206649E-3
1.114500E-7	3.086742E-3
1.115000E-7	2.946281E-3
1.115500E-7	2.800680E-3
1.116000E-7	2.663645E-3
1.116500E-7	2.548877E-3
1.117000E-7	2.476934E-3
1.117500E-7	2.456378E-3
1.118000E-7	2.475221E-3
1.118500E-7	2.535174E-3
1.119000E-7	2.653368E-3
1.119500E-7	2.788691E-3
1.120000E-7	2.906884E-3
1.120500E-7	3.026791E-3
1.121000E-7	3.151836E-3
1.121500E-7	3.270029E-3
1.122000E-7	3.353963E-3
1.122500E-7	3.391648E-3
1.123000E-7	3.369379E-3
1.123500E-7	3.297435E-3
1.124000E-7	3.208362E-3
1.124500E-7	3.097020E-3
1.125000E-7	2.965124E-3
1.125500E-7	2.836653E-3
1.126000E-7	2.708182E-3
1.126500E-7	2.593414E-3
1.127000E-7	2.518045E-3
1.127500E-7	2.473508E-3
1.128000E-7	2.451240E-3
1.128500E-7	2.488924E-3
1.129000E-7	2.601979E-3
1.129500E-7	2.709894E-3
1.130000E-7	2.792116E-3
1.130500E-7	2.894893E-3
1.131000E-7	2.999382E-3
1.131500E-7	3.045632E-3
1.132000E-7	3.047345E-3
1.132500E-7	3.037067E-3
1.133000E-7	2.983966E-3
1.133500E-7	2.906883E-3
1.134000E-7	2.860634E-3
1.134500E-7	2.833227E-3
1.135000E-7	2.783551E-3
1.135500E-7	2.732163E-3
1.136000E-7	2.708182E-3
1.136500E-7	2.697904E-3
1.137000E-7	2.692765E-3
1.137500E-7	2.684200E-3
1.138000E-7	2.682487E-3
1.138500E-7	2.699617E-3
1.139000E-7	2.703043E-3
1.139500E-7	2.660219E-3
1.140000E-7	2.596840E-3
1.140500E-7	2.543739E-3
1.141000E-7	2.463230E-3
1.141500E-7	2.345037E-3
1.142000E-7	2.259389E-3
1.142500E-7	2.233695E-3
1.143000E-7	2.231982E-3
1.143500E-7	2.271380E-3
1.144000E-7	2.367305E-3
1.144500E-7	2.482072E-3
1.145000E-7	2.612256E-3
1.145500E-7	2.768135E-3
1.146000E-7	2.930865E-3
1.146500E-7	3.061049E-3
1.147000E-7	3.174104E-3
1.147500E-7	3.266603E-3
1.148000E-7	3.304288E-3
1.148500E-7	3.285445E-3
1.149000E-7	3.235770E-3
1.149500E-7	3.132993E-3
1.150000E-7	2.987392E-3
1.150500E-7	2.852069E-3
1.151000E-7	2.754431E-3
1.151500E-7	2.644802E-3
1.152000E-7	2.552303E-3
1.152500E-7	2.538600E-3
1.153000E-7	2.581423E-3
1.153500E-7	2.625960E-3
1.154000E-7	2.687626E-3
1.154500E-7	2.778412E-3
1.155000E-7	2.852069E-3
1.155500E-7	2.891466E-3
1.156000E-7	2.924012E-3
1.156500E-7	2.947993E-3
1.157000E-7	2.939429E-3
1.157500E-7	2.912021E-3
1.158000E-7	2.896605E-3
1.158500E-7	2.877763E-3
1.159000E-7	2.838365E-3
1.159500E-7	2.807532E-3
1.160000E-7	2.838365E-3
1.160500E-7	2.920587E-3
1.161000E-7	3.014799E-3
1.161500E-7	3.114150E-3
1.162000E-7	3.239195E-3
1.162500E-7	3.362527E-3
1.163000E-7	3.461878E-3
1.163500E-7	3.532109E-3
1.164000E-7	3.566368E-3
1.164500E-7	3.568081E-3
1.165000E-7	3.540674E-3
1.165500E-7	3.456739E-3
1.166000E-7	3.302574E-3
1.166500E-7	3.160400E-3
1.167000E-7	3.071326E-3
1.167500E-7	2.989105E-3
1.168000E-7	2.889754E-3
1.168500E-7	2.833227E-3
1.169000E-7	2.840079E-3
1.169500E-7	2.864060E-3
1.170000E-7	2.884616E-3
1.170500E-7	2.920587E-3
1.171000E-7	2.959985E-3
1.171500E-7	2.989105E-3
1.172000E-7	3.011373E-3
1.172500E-7	3.028503E-3
1.173000E-7	3.031929E-3
1.173500E-7	3.016512E-3
1.174000E-7	2.978827E-3
1.174500E-7	2.936003E-3
1.175000E-7	2.913735E-3
1.175500E-7	2.894892E-3
1.176000E-7	2.860633E-3
1.176500E-7	2.850355E-3
1.177000E-7	2.865772E-3
1.177500E-7	2.865772E-3
1.178000E-7	2.843503E-3
1.178500E-7	2.836652E-3
1.179000E-7	2.829800E-3
1.179500E-7	2.778412E-3
1.180000E-7	2.718458E-3
1.180500E-7	2.661931E-3
1.181000E-7	2.586562E-3
1.181500E-7	2.511192E-3
1.182000E-7	2.478646E-3
1.182500E-7	2.478646E-3
1.183000E-7	2.480359E-3
1.183500E-7	2.487211E-3
1.184000E-7	2.502627E-3
1.184500E-7	2.552303E-3
1.185000E-7	2.648227E-3
1.185500E-7	2.757856E-3
1.186000E-7	2.850355E-3
1.186500E-7	2.944567E-3
1.187000E-7	3.073038E-3
1.187500E-7	3.216926E-3
1.188000E-7	3.347110E-3
1.188500E-7	3.461878E-3
1.189000E-7	3.561229E-3
1.189500E-7	3.657154E-3
1.190000E-7	3.753079E-3
1.190500E-7	3.837014E-3
1.191000E-7	3.874699E-3
1.191500E-7	3.847291E-3
1.192000E-7	3.763357E-3
1.192500E-7	3.624608E-3
1.193000E-7	3.448174E-3
1.193500E-7	3.254611E-3
1.194000E-7	3.074752E-3
1.194500E-7	2.920586E-3
1.195000E-7	2.797254E-3
1.195500E-7	2.704755E-3
1.196000E-7	2.637950E-3
1.196500E-7	2.639663E-3
1.197000E-7	2.721885E-3
1.197500E-7	2.838365E-3
1.198000E-7	2.958272E-3
1.198500E-7	3.085030E-3
1.199000E-7	3.194658E-3
1.199500E-7	3.256324E-3
1.200000E-7	3.288870E-3
1.200500E-7	3.288870E-3
1.201000E-7	3.220352E-3
1.201500E-7	3.109011E-3
1.202000E-7	3.013085E-3
1.202500E-7	2.917160E-3
1.203000E-7	2.798967E-3
1.203500E-7	2.684200E-3
1.204000E-7	2.583136E-3
1.204500E-7	2.514618E-3
1.205000E-7	2.495775E-3
1.205500E-7	2.488924E-3
1.206000E-7	2.487211E-3
1.206500E-7	2.502627E-3
1.207000E-7	2.530035E-3
1.207500E-7	2.535173E-3
1.208000E-7	2.550590E-3
1.208500E-7	2.610543E-3
1.209000E-7	2.672209E-3
1.209500E-7	2.715033E-3
1.210000E-7	2.776699E-3
1.210500E-7	2.843504E-3
1.211000E-7	2.888041E-3
1.211500E-7	2.929151E-3
1.212000E-7	2.973688E-3
1.212500E-7	2.995956E-3
1.213000E-7	2.973688E-3
1.213500E-7	2.925725E-3
1.214000E-7	2.872623E-3
1.214500E-7	2.816096E-3
1.215000E-7	2.752717E-3
1.215500E-7	2.697903E-3
1.216000E-7	2.661931E-3
1.216500E-7	2.629385E-3
1.217000E-7	2.596839E-3
1.217500E-7	2.579710E-3
1.218000E-7	2.601979E-3
1.218500E-7	2.663645E-3
1.219000E-7	2.739015E-3
1.219500E-7	2.819523E-3
1.220000E-7	2.913735E-3
1.220500E-7	3.002808E-3
1.221000E-7	3.057622E-3
1.221500E-7	3.086742E-3
1.222000E-7	3.122714E-3
1.222500E-7	3.124427E-3
1.223000E-7	3.062761E-3
1.223500E-7	2.985678E-3
1.224000E-7	2.949706E-3
1.224500E-7	2.927438E-3
1.225000E-7	2.894892E-3
1.225500E-7	2.906883E-3
1.226000E-7	2.978827E-3
1.226500E-7	3.073039E-3
1.227000E-7	3.167252E-3
1.227500E-7	3.263177E-3
1.228000E-7	3.350537E-3
1.228500E-7	3.444749E-3
1.229000E-7	3.520118E-3
1.229500E-7	3.556090E-3
1.230000E-7	3.554377E-3
1.230500E-7	3.545812E-3
1.231000E-7	3.509840E-3
1.231500E-7	3.439609E-3
1.232000E-7	3.357388E-3
1.232500E-7	3.268315E-3
1.233000E-7	3.156973E-3
1.233500E-7	3.019937E-3
1.234000E-7	2.888040E-3
1.234500E-7	2.771560E-3
1.235000E-7	2.672209E-3
1.235500E-7	2.574571E-3
1.236000E-7	2.488923E-3
1.236500E-7	2.432396E-3
1.237000E-7	2.406702E-3
1.237500E-7	2.389572E-3
1.238000E-7	2.394711E-3
1.238500E-7	2.437535E-3
1.239000E-7	2.504340E-3
1.239500E-7	2.579709E-3
1.240000E-7	2.684199E-3
1.240500E-7	2.800680E-3
1.241000E-7	2.898318E-3
1.241500E-7	2.973688E-3
1.242000E-7	3.049058E-3
1.242500E-7	3.129566E-3
1.243000E-7	3.184380E-3
1.243500E-7	3.194658E-3
1.244000E-7	3.180955E-3
1.244500E-7	3.184380E-3
1.245000E-7	3.177529E-3
1.245500E-7	3.129566E-3
1.246000E-7	3.069613E-3
1.246500E-7	3.037067E-3
1.247000E-7	3.006234E-3
1.247500E-7	2.961697E-3
1.248000E-7	2.922300E-3
1.248500E-7	2.877763E-3
1.249000E-7	2.809245E-3
1.249500E-7	2.737302E-3
1.250000E-7	2.687626E-3
1.250500E-7	2.648229E-3
1.251000E-7	2.608831E-3
1.251500E-7	2.574572E-3
1.252000E-7	2.571147E-3
1.252500E-7	2.598554E-3
1.253000E-7	2.632813E-3
1.253500E-7	2.665358E-3
1.254000E-7	2.701330E-3
1.254500E-7	2.754431E-3
1.255000E-7	2.828088E-3
1.255500E-7	2.917161E-3
1.256000E-7	3.004521E-3
1.256500E-7	3.086743E-3
1.257000E-7	3.189520E-3
1.257500E-7	3.294009E-3
1.258000E-7	3.359101E-3
1.258500E-7	3.400212E-3
1.259000E-7	3.449887E-3
1.259500E-7	3.489285E-3
1.260000E-7	3.521831E-3
1.260500E-7	3.571506E-3
1.261000E-7	3.593774E-3
1.261500E-7	3.569793E-3
1.262000E-7	3.518404E-3
1.262500E-7	3.434470E-3
1.263000E-7	3.307712E-3
1.263500E-7	3.184380E-3
1.264000E-7	3.074751E-3
1.264500E-7	2.936003E-3
1.265000E-7	2.786976E-3
1.265500E-7	2.665357E-3
1.266000E-7	2.560868E-3
1.266500E-7	2.499202E-3
1.267000E-7	2.530035E-3
1.267500E-7	2.619108E-3
1.268000E-7	2.721885E-3
1.268500E-7	2.838365E-3
1.269000E-7	2.963410E-3
1.269500E-7	3.043919E-3
1.270000E-7	3.074752E-3
1.270500E-7	3.091881E-3
1.271000E-7	3.100446E-3
1.271500E-7	3.083316E-3
1.272000E-7	3.025076E-3
1.272500E-7	2.959984E-3
1.273000E-7	2.900031E-3
1.273500E-7	2.834939E-3
1.274000E-7	2.764709E-3
1.274500E-7	2.725311E-3
1.275000E-7	2.749292E-3
1.275500E-7	2.797254E-3
1.276000E-7	2.845217E-3
1.276500E-7	2.893179E-3
1.277000E-7	2.947993E-3
1.277500E-7	2.985678E-3
1.278000E-7	2.994243E-3
1.278500E-7	2.989104E-3
1.279000E-7	2.963410E-3
1.279500E-7	2.912021E-3
1.280000E-7	2.850355E-3
1.280500E-7	2.795541E-3
1.281000E-7	2.727023E-3
1.281500E-7	2.667070E-3
1.282000E-7	2.665358E-3
1.282500E-7	2.692765E-3
1.283000E-7	2.709894E-3
1.283500E-7	2.727024E-3
1.284000E-7	2.757857E-3
1.284500E-7	2.786977E-3
1.285000E-7	2.781838E-3
1.285500E-7	2.783551E-3
1.286000E-7	2.788689E-3
1.286500E-7	2.764708E-3
1.287000E-7	2.718458E-3
1.287500E-7	2.670496E-3
1.288000E-7	2.646515E-3
1.288500E-7	2.651654E-3
1.289000E-7	2.668783E-3
1.289500E-7	2.692765E-3
1.290000E-7	2.759570E-3
1.290500E-7	2.862347E-3
1.291000E-7	2.946282E-3
1.291500E-7	3.002809E-3
1.292000E-7	3.064475E-3
1.292500E-7	3.112438E-3
1.293000E-7	3.115864E-3
1.293500E-7	3.088457E-3
1.294000E-7	3.052485E-3
1.294500E-7	3.028503E-3
1.295000E-7	3.002809E-3
1.295500E-7	2.968550E-3
1.296000E-7	2.946282E-3
1.296500E-7	2.936004E-3
1.297000E-7	2.929152E-3
1.297500E-7	2.922300E-3
1.298000E-7	2.927439E-3
1.298500E-7	2.947994E-3
1.299000E-7	2.977114E-3
1.299500E-7	3.002808E-3
1.300000E-7	2.999382E-3
1.300500E-7	2.963410E-3
1.301000E-7	2.932576E-3
1.301500E-7	2.906882E-3
1.302000E-7	2.848642E-3
1.302500E-7	2.783550E-3
1.303000E-7	2.739014E-3
1.303500E-7	2.682487E-3
1.304000E-7	2.610543E-3
1.304500E-7	2.571145E-3
1.305000E-7	2.559155E-3
1.305500E-7	2.542026E-3
1.306000E-7	2.538600E-3
1.306500E-7	2.542026E-3
1.307000E-7	2.531748E-3
1.307500E-7	2.550590E-3
1.308000E-7	2.601978E-3
1.308500E-7	2.646515E-3
1.309000E-7	2.691051E-3
1.309500E-7	2.757856E-3
1.310000E-7	2.829800E-3
1.310500E-7	2.888040E-3
1.311000E-7	2.956558E-3
1.311500E-7	3.014798E-3
1.312000E-7	3.023363E-3
1.312500E-7	3.009660E-3
1.313000E-7	2.983966E-3
1.313500E-7	2.932577E-3
1.314000E-7	2.874337E-3
1.314500E-7	2.819523E-3
1.315000E-7	2.751005E-3
1.315500E-7	2.689339E-3
1.316000E-7	2.637951E-3
1.316500E-7	2.554016E-3
1.317000E-7	2.468369E-3
1.317500E-7	2.428971E-3
1.318000E-7	2.427258E-3
1.318500E-7	2.427258E-3
1.319000E-7	2.430684E-3
1.319500E-7	2.440962E-3
1.320000E-7	2.470082E-3
1.320500E-7	2.530035E-3
1.321000E-7	2.603691E-3
1.321500E-7	2.661931E-3
1.322000E-7	2.733875E-3
1.322500E-7	2.864059E-3
1.323000E-7	3.004521E-3
1.323500E-7	3.110723E-3
1.324000E-7	3.179241E-3
1.324500E-7	3.213500E-3
1.325000E-7	3.215213E-3
1.325500E-7	3.225491E-3
1.326000E-7	3.228917E-3
1.326500E-7	3.198083E-3
1.327000E-7	3.151834E-3
1.327500E-7	3.124427E-3
1.328000E-7	3.088455E-3
1.328500E-7	3.042205E-3
1.329000E-7	3.026789E-3
1.329500E-7	3.031928E-3
1.330000E-7	3.011372E-3
1.330500E-7	3.009659E-3
1.331000E-7	3.045631E-3
1.331500E-7	3.055909E-3
1.332000E-7	3.023363E-3
1.332500E-7	2.997669E-3
1.333000E-7	2.970262E-3
1.333500E-7	2.925726E-3
1.334000E-7	2.886328E-3
1.334500E-7	2.872625E-3
1.335000E-7	2.879476E-3
1.335500E-7	2.901745E-3
1.336000E-7	2.947994E-3
1.336500E-7	3.013086E-3
1.337000E-7	3.090169E-3
1.337500E-7	3.162113E-3
1.338000E-7	3.210075E-3
1.338500E-7	3.242621E-3
1.339000E-7	3.270028E-3
1.339500E-7	3.263176E-3
1.340000E-7	3.234056E-3
1.340500E-7	3.215214E-3
1.341000E-7	3.191232E-3
1.341500E-7	3.144983E-3
1.342000E-7	3.121002E-3
1.342500E-7	3.150122E-3
1.343000E-7	3.191233E-3
1.343500E-7	3.234056E-3
1.344000E-7	3.280306E-3
1.344500E-7	3.333408E-3
1.345000E-7	3.396787E-3
1.345500E-7	3.463592E-3
1.346000E-7	3.513267E-3
1.346500E-7	3.549239E-3
1.347000E-7	3.586924E-3
1.347500E-7	3.617757E-3
1.348000E-7	3.626321E-3
1.348500E-7	3.645164E-3
1.349000E-7	3.667432E-3
1.349500E-7	3.682848E-3
1.350000E-7	3.696552E-3
1.350500E-7	3.705116E-3
1.351000E-7	3.681135E-3
1.351500E-7	3.605765E-3
1.352000E-7	3.520118E-3
1.352500E-7	3.460165E-3
1.353000E-7	3.383083E-3
1.353500E-7	3.271741E-3
1.354000E-7	3.162113E-3
1.354500E-7	3.047345E-3
1.355000E-7	2.920587E-3
1.355500E-7	2.814384E-3
1.356000E-7	2.761283E-3
1.356500E-7	2.739014E-3
1.357000E-7	2.713320E-3
1.357500E-7	2.711607E-3
1.358000E-7	2.773273E-3
1.358500E-7	2.876050E-3
1.359000E-7	2.983965E-3
1.359500E-7	3.079890E-3
1.360000E-7	3.143269E-3
1.360500E-7	3.179241E-3
1.361000E-7	3.191232E-3
1.361500E-7	3.189519E-3
1.362000E-7	3.163825E-3
1.362500E-7	3.114149E-3
1.363000E-7	3.042206E-3
1.363500E-7	2.970262E-3
1.364000E-7	2.920586E-3
1.364500E-7	2.886327E-3
1.365000E-7	2.855494E-3
1.365500E-7	2.853781E-3
1.366000E-7	2.886327E-3
1.366500E-7	2.937716E-3
1.367000E-7	2.995956E-3
1.367500E-7	3.019937E-3
1.368000E-7	3.002808E-3
1.368500E-7	2.971975E-3
1.369000E-7	2.925725E-3
1.369500E-7	2.840078E-3
1.370000E-7	2.749292E-3
1.370500E-7	2.687626E-3
1.371000E-7	2.613969E-3
1.371500E-7	2.523183E-3
1.372000E-7	2.502628E-3
1.372500E-7	2.571145E-3
1.373000E-7	2.673922E-3
1.373500E-7	2.802393E-3
1.374000E-7	2.997669E-3
1.374500E-7	3.227204E-3
1.375000E-7	3.420767E-3
1.375500E-7	3.573219E-3
1.376000E-7	3.699977E-3
1.376500E-7	3.771921E-3
1.377000E-7	3.792477E-3
1.377500E-7	3.780486E-3
1.378000E-7	3.711969E-3
1.378500E-7	3.571507E-3
1.379000E-7	3.434472E-3
1.379500E-7	3.329982E-3
1.380000E-7	3.252899E-3
1.380500E-7	3.211789E-3
1.381000E-7	3.213501E-3
1.381500E-7	3.247760E-3
1.382000E-7	3.304288E-3
1.382500E-7	3.391648E-3
1.383000E-7	3.473869E-3
1.383500E-7	3.508128E-3
1.384000E-7	3.508128E-3
1.384500E-7	3.496137E-3
1.385000E-7	3.479008E-3
1.385500E-7	3.455027E-3
1.386000E-7	3.389935E-3
1.386500E-7	3.299148E-3
1.387000E-7	3.234056E-3
1.387500E-7	3.182668E-3
1.388000E-7	3.136418E-3
1.388500E-7	3.117575E-3
1.389000E-7	3.121001E-3
1.389500E-7	3.095307E-3
1.390000E-7	3.076464E-3
1.390500E-7	3.091881E-3
1.391000E-7	3.098733E-3
1.391500E-7	3.062761E-3
1.392000E-7	3.026790E-3
1.392500E-7	3.011373E-3
1.393000E-7	3.013086E-3
1.393500E-7	3.040494E-3
1.394000E-7	3.073040E-3
1.394500E-7	3.079892E-3
1.395000E-7	3.098734E-3
1.395500E-7	3.139845E-3
1.396000E-7	3.127854E-3
1.396500E-7	3.079891E-3
1.397000E-7	3.085030E-3
1.397500E-7	3.105585E-3
1.398000E-7	3.055909E-3
1.398500E-7	2.947994E-3
1.399000E-7	2.828087E-3
1.399500E-7	2.697903E-3
1.400000E-7	2.574571E-3
1.400500E-7	2.468368E-3
1.401000E-7	2.355314E-3
1.401500E-7	2.259389E-3
1.402000E-7	2.240546E-3
1.402500E-7	2.278231E-3
1.403000E-7	2.300499E-3
1.403500E-7	2.343323E-3
1.404000E-7	2.428970E-3
1.404500E-7	2.530034E-3
1.405000E-7	2.619107E-3
1.405500E-7	2.696190E-3
1.406000E-7	2.730449E-3
1.406500E-7	2.725310E-3
1.407000E-7	2.716745E-3
1.407500E-7	2.706468E-3
1.408000E-7	2.665357E-3
1.408500E-7	2.636237E-3
1.409000E-7	2.636237E-3
1.409500E-7	2.627672E-3
1.410000E-7	2.620820E-3
1.410500E-7	2.673922E-3
1.411000E-7	2.769847E-3
1.411500E-7	2.850355E-3
1.412000E-7	2.927438E-3
1.412500E-7	3.018224E-3
1.413000E-7	3.095307E-3
1.413500E-7	3.141556E-3
1.414000E-7	3.177528E-3
1.414500E-7	3.184380E-3
1.415000E-7	3.156973E-3
1.415500E-7	3.141556E-3
1.416000E-7	3.150121E-3
1.416500E-7	3.153547E-3
1.417000E-7	3.158686E-3
1.417500E-7	3.182667E-3
1.418000E-7	3.222065E-3
1.418500E-7	3.259750E-3
1.419000E-7	3.292296E-3
1.419500E-7	3.285444E-3
1.420000E-7	3.235768E-3
1.420500E-7	3.184380E-3
1.421000E-7	3.139843E-3
1.421500E-7	3.057621E-3
1.422000E-7	2.936002E-3
1.422500E-7	2.826373E-3
1.423000E-7	2.751004E-3
1.423500E-7	2.673921E-3
1.424000E-7	2.612255E-3
1.424500E-7	2.613968E-3
1.425000E-7	2.667070E-3
1.425500E-7	2.715032E-3
1.426000E-7	2.776699E-3
1.426500E-7	2.862346E-3
1.427000E-7	2.939429E-3
1.427500E-7	2.977114E-3
1.428000E-7	2.995956E-3
1.428500E-7	3.001095E-3
1.429000E-7	2.987391E-3
1.429500E-7	2.968549E-3
1.430000E-7	2.929151E-3
1.430500E-7	2.870911E-3
1.431000E-7	2.850355E-3
1.431500E-7	2.852068E-3
1.432000E-7	2.831513E-3
1.432500E-7	2.819523E-3
1.433000E-7	2.857208E-3
1.433500E-7	2.906883E-3
1.434000E-7	2.941142E-3
1.434500E-7	2.990818E-3
1.435000E-7	3.062762E-3
1.435500E-7	3.115864E-3
1.436000E-7	3.129567E-3
1.436500E-7	3.132993E-3
1.437000E-7	3.131280E-3
1.437500E-7	3.127854E-3
1.438000E-7	3.129567E-3
1.438500E-7	3.126141E-3
1.439000E-7	3.138132E-3
1.439500E-7	3.175816E-3
1.440000E-7	3.194659E-3
1.440500E-7	3.179242E-3
1.441000E-7	3.162112E-3
1.441500E-7	3.155261E-3
1.442000E-7	3.151835E-3
1.442500E-7	3.153547E-3
1.443000E-7	3.162112E-3
1.443500E-7	3.146696E-3
1.444000E-7	3.095307E-3
1.444500E-7	3.023363E-3
1.445000E-7	2.941142E-3
1.445500E-7	2.858920E-3
1.446000E-7	2.764708E-3
1.446500E-7	2.644802E-3
1.447000E-7	2.528322E-3
1.447500E-7	2.434109E-3
1.448000E-7	2.384434E-3
1.448500E-7	2.384434E-3
1.449000E-7	2.403277E-3
1.449500E-7	2.430684E-3
1.450000E-7	2.490637E-3
1.450500E-7	2.598553E-3
1.451000E-7	2.739015E-3
1.451500E-7	2.877763E-3
1.452000E-7	2.987392E-3
1.452500E-7	3.062762E-3
1.453000E-7	3.107299E-3
1.453500E-7	3.100447E-3
1.454000E-7	3.025077E-3
1.454500E-7	2.882902E-3
1.455000E-7	2.692765E-3
1.455500E-7	2.471795E-3
1.456000E-7	2.259389E-3
1.456500E-7	2.081243E-3
1.457000E-7	1.923651E-3
1.457500E-7	1.803745E-3
1.458000E-7	1.740366E-3
1.458500E-7	1.736940E-3
1.459000E-7	1.784903E-3
1.459500E-7	1.885967E-3
1.460000E-7	2.033280E-3
1.460500E-7	2.237121E-3
1.461000E-7	2.490637E-3
1.461500E-7	2.764709E-3
1.462000E-7	3.037068E-3
1.462500E-7	3.294010E-3
1.463000E-7	3.511554E-3
1.463500E-7	3.672571E-3
1.464000E-7	3.775347E-3
1.464500E-7	3.819884E-3
1.465000E-7	3.787338E-3
1.465500E-7	3.686274E-3
1.466000E-7	3.559516E-3
1.466500E-7	3.413915E-3
1.467000E-7	3.237482E-3
1.467500E-7	3.042206E-3
1.468000E-7	2.881189E-3
1.468500E-7	2.768134E-3
1.469000E-7	2.685913E-3
1.469500E-7	2.644802E-3
1.470000E-7	2.692765E-3
1.470500E-7	2.805819E-3
1.471000E-7	2.924013E-3
1.471500E-7	3.026789E-3
1.472000E-7	3.131279E-3
1.472500E-7	3.194658E-3
1.473000E-7	3.186093E-3
1.473500E-7	3.146695E-3
1.474000E-7	3.073039E-3
1.474500E-7	2.944568E-3
1.475000E-7	2.817810E-3
1.475500E-7	2.725311E-3
1.476000E-7	2.622534E-3
1.476500E-7	2.511192E-3
1.477000E-7	2.446100E-3
1.477500E-7	2.440962E-3
1.478000E-7	2.458091E-3
1.478500E-7	2.507766E-3
1.479000E-7	2.586562E-3
1.479500E-7	2.646515E-3
1.480000E-7	2.665358E-3
1.480500E-7	2.663645E-3
1.481000E-7	2.636238E-3
1.481500E-7	2.574572E-3
1.482000E-7	2.483785E-3
1.482500E-7	2.384435E-3
1.483000E-7	2.303926E-3
1.483500E-7	2.254251E-3
1.484000E-7	2.242260E-3
1.484500E-7	2.269668E-3
1.485000E-7	2.321056E-3
1.485500E-7	2.374157E-3
1.486000E-7	2.423833E-3
1.486500E-7	2.490637E-3
1.487000E-7	2.550590E-3
1.487500E-7	2.586562E-3
1.488000E-7	2.637951E-3
1.488500E-7	2.721885E-3
1.489000E-7	2.790403E-3
1.489500E-7	2.828087E-3
1.490000E-7	2.869198E-3
1.490500E-7	2.913735E-3
1.491000E-7	2.934290E-3
1.491500E-7	2.951419E-3
1.492000E-7	2.980540E-3
1.492500E-7	3.002808E-3
1.493000E-7	2.999382E-3
1.493500E-7	2.994243E-3
1.494000E-7	3.009660E-3
1.494500E-7	3.043919E-3
1.495000E-7	3.074752E-3
1.495500E-7	3.103872E-3
1.496000E-7	3.165538E-3
1.496500E-7	3.239195E-3
1.497000E-7	3.275167E-3
1.497500E-7	3.299148E-3
1.498000E-7	3.335120E-3
1.498500E-7	3.359101E-3
1.499000E-7	3.341972E-3
1.499500E-7	3.295722E-3
1.500000E-7	3.225491E-3
1.500500E-7	3.144982E-3
1.501000E-7	3.061048E-3
1.501500E-7	2.968548E-3
1.502000E-7	2.879475E-3
1.502500E-7	2.814383E-3
1.503000E-7	2.776698E-3
1.503500E-7	2.739014E-3
1.504000E-7	2.725311E-3
1.504500E-7	2.742440E-3
1.505000E-7	2.747579E-3
1.505500E-7	2.735589E-3
1.506000E-7	2.761283E-3
1.506500E-7	2.824662E-3
1.507000E-7	2.853782E-3
1.507500E-7	2.834940E-3
1.508000E-7	2.802393E-3
1.508500E-7	2.768134E-3
1.509000E-7	2.732162E-3
1.509500E-7	2.703042E-3
1.510000E-7	2.685912E-3
1.510500E-7	2.680773E-3
1.511000E-7	2.703041E-3
1.511500E-7	2.737300E-3
1.512000E-7	2.756143E-3
1.512500E-7	2.766421E-3
1.513000E-7	2.780124E-3
1.513500E-7	2.788689E-3
1.514000E-7	2.795541E-3
1.514500E-7	2.824661E-3
1.515000E-7	2.877763E-3
1.515500E-7	2.934290E-3
1.516000E-7	2.982253E-3
1.516500E-7	3.035354E-3
1.517000E-7	3.076465E-3
1.517500E-7	3.095307E-3
1.518000E-7	3.115863E-3
1.518500E-7	3.131279E-3
1.519000E-7	3.098733E-3
1.519500E-7	3.043919E-3
1.520000E-7	3.011373E-3
1.520500E-7	2.975400E-3
1.521000E-7	2.917160E-3
1.521500E-7	2.865772E-3
1.522000E-7	2.855494E-3
1.522500E-7	2.865771E-3
1.523000E-7	2.905169E-3
1.523500E-7	2.977113E-3
1.524000E-7	3.054196E-3
1.524500E-7	3.134704E-3
1.525000E-7	3.242620E-3
1.525500E-7	3.329981E-3
1.526000E-7	3.365953E-3
1.526500E-7	3.367666E-3
1.527000E-7	3.371092E-3
1.527500E-7	3.348823E-3
1.528000E-7	3.309426E-3
1.528500E-7	3.288870E-3
1.529000E-7	3.288870E-3
1.529500E-7	3.271740E-3
1.530000E-7	3.256324E-3
1.530500E-7	3.263175E-3
1.531000E-7	3.247759E-3
1.531500E-7	3.182667E-3
1.532000E-7	3.098733E-3
1.532500E-7	2.997669E-3
1.533000E-7	2.870911E-3
1.533500E-7	2.733876E-3
1.534000E-7	2.610544E-3
1.534500E-7	2.468369E-3
1.535000E-7	2.338186E-3
1.535500E-7	2.285084E-3
1.536000E-7	2.290223E-3
1.536500E-7	2.305640E-3
1.537000E-7	2.375871E-3
1.537500E-7	2.502629E-3
1.538000E-7	2.637951E-3
1.538500E-7	2.756145E-3
1.539000E-7	2.874338E-3
1.539500E-7	2.970263E-3
1.540000E-7	3.042206E-3
1.540500E-7	3.093595E-3
1.541000E-7	3.119289E-3
1.541500E-7	3.117576E-3
1.542000E-7	3.097021E-3
1.542500E-7	3.042206E-3
1.543000E-7	2.961698E-3
1.543500E-7	2.888041E-3
1.544000E-7	2.821236E-3
1.544500E-7	2.745867E-3
1.545000E-7	2.682488E-3
1.545500E-7	2.644803E-3
1.546000E-7	2.620821E-3
1.546500E-7	2.596840E-3
1.547000E-7	2.581424E-3
1.547500E-7	2.586562E-3
1.548000E-7	2.624247E-3
1.548500E-7	2.689339E-3
1.549000E-7	2.776699E-3
1.549500E-7	2.877763E-3
1.550000E-7	2.992531E-3
1.550500E-7	3.114150E-3
1.551000E-7	3.230630E-3
1.551500E-7	3.319704E-3
1.552000E-7	3.372805E-3
1.552500E-7	3.401925E-3
1.553000E-7	3.412203E-3
1.553500E-7	3.386508E-3
1.554000E-7	3.323129E-3
1.554500E-7	3.254611E-3
1.555000E-7	3.194658E-3
1.555500E-7	3.112436E-3
1.556000E-7	2.999382E-3
1.556500E-7	2.884614E-3
1.557000E-7	2.788689E-3
1.557500E-7	2.687625E-3
1.558000E-7	2.564293E-3
1.558500E-7	2.454665E-3
1.559000E-7	2.377582E-3
1.559500E-7	2.298786E-3
1.560000E-7	2.221704E-3
1.560500E-7	2.211426E-3
1.561000E-7	2.257676E-3
1.561500E-7	2.314203E-3
1.562000E-7	2.391286E-3
1.562500E-7	2.512905E-3
1.563000E-7	2.663645E-3
1.563500E-7	2.826375E-3
1.564000E-7	2.973688E-3
1.564500E-7	3.064475E-3
1.565000E-7	3.127854E-3
1.565500E-7	3.192946E-3
1.566000E-7	3.220353E-3
1.566500E-7	3.187807E-3
1.567000E-7	3.144984E-3
1.567500E-7	3.102160E-3
1.568000E-7	3.030216E-3
1.568500E-7	2.965124E-3
1.569000E-7	2.936004E-3
1.569500E-7	2.922300E-3
1.570000E-7	2.913735E-3
1.570500E-7	2.956559E-3
1.571000E-7	3.037067E-3
1.571500E-7	3.117576E-3
1.572000E-7	3.198084E-3
1.572500E-7	3.280306E-3
1.573000E-7	3.333407E-3
1.573500E-7	3.343685E-3
1.574000E-7	3.348824E-3
1.574500E-7	3.359101E-3
1.575000E-7	3.331694E-3
1.575500E-7	3.268315E-3
1.576000E-7	3.215214E-3
1.576500E-7	3.168964E-3
1.577000E-7	3.079891E-3
1.577500E-7	2.956558E-3
1.578000E-7	2.826374E-3
1.578500E-7	2.699616E-3
1.579000E-7	2.567719E-3
1.579500E-7	2.439248E-3
1.580000E-7	2.327906E-3
1.580500E-7	2.240546E-3
1.581000E-7	2.180593E-3
1.581500E-7	2.156612E-3
1.582000E-7	2.187445E-3
1.582500E-7	2.281657E-3
1.583000E-7	2.422118E-3
1.583500E-7	2.560867E-3
1.584000E-7	2.713319E-3
1.584500E-7	2.889753E-3
1.585000E-7	3.055909E-3
1.585500E-7	3.162111E-3
1.586000E-7	3.204935E-3
1.586500E-7	3.194657E-3
1.587000E-7	3.144982E-3
1.587500E-7	3.059334E-3
1.588000E-7	2.956558E-3
1.588500E-7	2.852068E-3
1.589000E-7	2.790402E-3
1.589500E-7	2.768134E-3
1.590000E-7	2.764708E-3
1.590500E-7	2.771560E-3
1.591000E-7	2.807532E-3
1.591500E-7	2.867485E-3
1.592000E-7	2.934290E-3
1.592500E-7	2.992531E-3
1.593000E-7	3.045632E-3
1.593500E-7	3.073039E-3
1.594000E-7	3.081604E-3
1.594500E-7	3.073039E-3
1.595000E-7	3.014799E-3
1.595500E-7	2.893179E-3
1.596000E-7	2.764708E-3
1.596500E-7	2.677348E-3
1.597000E-7	2.608830E-3
1.597500E-7	2.540312E-3
1.598000E-7	2.521470E-3
1.598500E-7	2.584849E-3
1.599000E-7	2.691051E-3
1.599500E-7	2.805819E-3
1.600000E-7	2.951419E-3
1.600500E-7	3.127853E-3
1.601000E-7	3.302574E-3
1.601500E-7	3.458452E-3
1.602000E-7	3.597200E-3
1.602500E-7	3.682848E-3
1.603000E-7	3.696551E-3
1.603500E-7	3.655441E-3
1.604000E-7	3.585210E-3
1.604500E-7	3.492710E-3
1.605000E-7	3.393360E-3
1.605500E-7	3.305999E-3
1.606000E-7	3.230630E-3
1.606500E-7	3.175815E-3
1.607000E-7	3.143270E-3
1.607500E-7	3.124427E-3
1.608000E-7	3.124427E-3
1.608500E-7	3.167251E-3
1.609000E-7	3.242621E-3
1.609500E-7	3.297435E-3
1.610000E-7	3.338546E-3
1.610500E-7	3.369379E-3
1.611000E-7	3.362527E-3
1.611500E-7	3.319703E-3
1.612000E-7	3.266601E-3
1.612500E-7	3.203222E-3
1.613000E-7	3.090168E-3
1.613500E-7	2.954845E-3
1.614000E-7	2.836652E-3
1.614500E-7	2.732162E-3
1.615000E-7	2.625959E-3
1.615500E-7	2.548877E-3
1.616000E-7	2.512905E-3
1.616500E-7	2.502628E-3
1.617000E-7	2.538600E-3
1.617500E-7	2.632812E-3
1.618000E-7	2.754431E-3
1.618500E-7	2.886328E-3
1.619000E-7	3.057622E-3
1.619500E-7	3.242621E-3
1.620000E-7	3.400212E-3
1.620500E-7	3.544099E-3
1.621000E-7	3.675996E-3
1.621500E-7	3.766782E-3
1.622000E-7	3.811319E-3
1.622500E-7	3.825023E-3
1.623000E-7	3.792477E-3
1.623500E-7	3.718820E-3
1.624000E-7	3.602340E-3
1.624500E-7	3.460165E-3
1.625000E-7	3.319704E-3
1.625500E-7	3.203223E-3
1.626000E-7	3.088456E-3
1.626500E-7	2.977114E-3
1.627000E-7	2.905170E-3
1.627500E-7	2.865772E-3
1.628000E-7	2.805819E-3
1.628500E-7	2.740727E-3
1.629000E-7	2.708181E-3
1.629500E-7	2.721884E-3
1.630000E-7	2.737301E-3
1.630500E-7	2.728736E-3
1.631000E-7	2.697903E-3
1.631500E-7	2.649940E-3
1.632000E-7	2.595126E-3
1.632500E-7	2.543738E-3
1.633000E-7	2.511192E-3
1.633500E-7	2.499201E-3
1.634000E-7	2.495775E-3
1.634500E-7	2.518044E-3
1.635000E-7	2.576284E-3
1.635500E-7	2.646515E-3
1.636000E-7	2.725310E-3
1.636500E-7	2.833226E-3
1.637000E-7	2.946280E-3
1.637500E-7	3.028501E-3
1.638000E-7	3.112436E-3
1.638500E-7	3.192944E-3
1.639000E-7	3.211787E-3
1.639500E-7	3.144982E-3
1.640000E-7	3.047343E-3
1.640500E-7	2.946279E-3
1.641000E-7	2.816095E-3
1.641500E-7	2.689337E-3
1.642000E-7	2.613968E-3
1.642500E-7	2.617394E-3
1.643000E-7	2.653366E-3
1.643500E-7	2.692763E-3
1.644000E-7	2.751004E-3
1.644500E-7	2.828086E-3
1.645000E-7	2.870910E-3
1.645500E-7	2.879475E-3
1.646000E-7	2.870910E-3
1.646500E-7	2.821235E-3
1.647000E-7	2.694477E-3
1.647500E-7	2.523182E-3
1.648000E-7	2.346749E-3
1.648500E-7	2.161751E-3
1.649000E-7	1.978465E-3
1.649500E-7	1.827726E-3
1.650000E-7	1.745504E-3
1.650500E-7	1.743791E-3
1.651000E-7	1.817448E-3
1.651500E-7	1.945919E-3
1.652000E-7	2.124066E-3
1.652500E-7	2.333045E-3
1.653000E-7	2.523182E-3
1.653500E-7	2.663644E-3
1.654000E-7	2.798967E-3
1.654500E-7	2.951419E-3
1.655000E-7	3.062761E-3
1.655500E-7	3.132992E-3
1.656000E-7	3.198084E-3
1.656500E-7	3.251185E-3
1.657000E-7	3.270028E-3
1.657500E-7	3.275167E-3
1.658000E-7	3.276880E-3
1.658500E-7	3.254611E-3
1.659000E-7	3.227204E-3
1.659500E-7	3.251185E-3
1.660000E-7	3.292296E-3
1.660500E-7	3.304287E-3
1.661000E-7	3.312852E-3
1.661500E-7	3.347110E-3
1.662000E-7	3.383082E-3
1.662500E-7	3.389934E-3
1.663000E-7	3.364240E-3
1.663500E-7	3.317990E-3
1.664000E-7	3.271741E-3
1.664500E-7	3.228917E-3
1.665000E-7	3.148408E-3
1.665500E-7	3.030215E-3
1.666000E-7	2.941141E-3
1.666500E-7	2.889753E-3
1.667000E-7	2.819522E-3
1.667500E-7	2.766420E-3
1.668000E-7	2.781837E-3
1.668500E-7	2.819522E-3
1.669000E-7	2.834938E-3
1.669500E-7	2.864058E-3
1.670000E-7	2.924012E-3
1.670500E-7	2.958271E-3
1.671000E-7	2.983965E-3
1.671500E-7	3.055909E-3
1.672000E-7	3.114149E-3
1.672500E-7	3.105584E-3
1.673000E-7	3.090168E-3
1.673500E-7	3.103871E-3
1.674000E-7	3.131279E-3
1.674500E-7	3.179241E-3
1.675000E-7	3.282018E-3
1.675500E-7	3.405350E-3
1.676000E-7	3.509840E-3
1.676500E-7	3.631459E-3
1.677000E-7	3.756504E-3
1.677500E-7	3.843865E-3
1.678000E-7	3.902105E-3
1.678500E-7	3.967197E-3
1.679000E-7	3.987752E-3
1.679500E-7	3.919234E-3
1.680000E-7	3.804467E-3
1.680500E-7	3.670857E-3
1.681000E-7	3.487572E-3
1.681500E-7	3.270027E-3
1.682000E-7	3.054196E-3
1.682500E-7	2.828087E-3
1.683000E-7	2.588274E-3
1.683500E-7	2.381008E-3
1.684000E-7	2.243972E-3
1.684500E-7	2.168602E-3
1.685000E-7	2.136056E-3
1.685500E-7	2.144621E-3
1.686000E-7	2.189158E-3
1.686500E-7	2.295361E-3
1.687000E-7	2.444388E-3
1.687500E-7	2.593414E-3
1.688000E-7	2.752718E-3
1.688500E-7	2.942856E-3
1.689000E-7	3.126141E-3
1.689500E-7	3.251186E-3
1.690000E-7	3.348824E-3
1.690500E-7	3.419055E-3
1.691000E-7	3.412203E-3
1.691500E-7	3.357388E-3
1.692000E-7	3.294009E-3
1.692500E-7	3.187807E-3
1.693000E-7	3.045632E-3
1.693500E-7	2.908596E-3
1.694000E-7	2.786977E-3
1.694500E-7	2.673922E-3
1.695000E-7	2.612256E-3
1.695500E-7	2.595127E-3
1.696000E-7	2.588275E-3
1.696500E-7	2.605404E-3
1.697000E-7	2.653367E-3
1.697500E-7	2.723598E-3
1.698000E-7	2.828087E-3
1.698500E-7	2.949706E-3
1.699000E-7	3.021650E-3
1.699500E-7	3.061048E-3
1.700000E-7	3.119288E-3
1.700500E-7	3.174103E-3
1.701000E-7	3.174103E-3
1.701500E-7	3.143270E-3
1.702000E-7	3.091881E-3
1.702500E-7	2.987392E-3
1.703000E-7	2.862347E-3
1.703500E-7	2.757857E-3
1.704000E-7	2.667071E-3
1.704500E-7	2.571146E-3
1.705000E-7	2.494063E-3
1.705500E-7	2.458091E-3
1.706000E-7	2.459804E-3
1.706500E-7	2.509480E-3
1.707000E-7	2.608831E-3
1.707500E-7	2.732163E-3
1.708000E-7	2.850356E-3
1.708500E-7	2.947994E-3
1.709000E-7	3.001095E-3
1.709500E-7	3.014798E-3
1.710000E-7	3.002807E-3
1.710500E-7	2.953132E-3
1.711000E-7	2.876049E-3
1.711500E-7	2.795541E-3
1.712000E-7	2.721884E-3
1.712500E-7	2.670496E-3
1.713000E-7	2.653366E-3
1.713500E-7	2.653367E-3
1.714000E-7	2.680774E-3
1.714500E-7	2.744153E-3
1.715000E-7	2.829801E-3
1.715500E-7	2.920587E-3
1.716000E-7	3.025077E-3
1.716500E-7	3.102159E-3
1.717000E-7	3.107298E-3
1.717500E-7	3.071326E-3
1.718000E-7	3.035354E-3
1.718500E-7	2.939429E-3
1.719000E-7	2.798967E-3
1.719500E-7	2.689338E-3
1.720000E-7	2.624246E-3
1.720500E-7	2.559154E-3
1.721000E-7	2.514617E-3
1.721500E-7	2.526608E-3
1.722000E-7	2.576283E-3
1.722500E-7	2.658504E-3
1.723000E-7	2.778411E-3
1.723500E-7	2.900030E-3
1.724000E-7	3.001094E-3
1.724500E-7	3.081603E-3
1.725000E-7	3.129565E-3
1.725500E-7	3.148408E-3
1.726000E-7	3.158686E-3
1.726500E-7	3.165538E-3
1.727000E-7	3.134705E-3
1.727500E-7	3.095307E-3
1.728000E-7	3.078177E-3
1.728500E-7	3.066187E-3
1.729000E-7	3.045631E-3
1.729500E-7	3.035353E-3
1.730000E-7	3.037066E-3
1.730500E-7	3.057622E-3
1.731000E-7	3.102158E-3
1.731500E-7	3.136417E-3
1.732000E-7	3.148408E-3
1.732500E-7	3.139843E-3
1.733000E-7	3.121001E-3
1.733500E-7	3.127853E-3
1.734000E-7	3.177528E-3
1.734500E-7	3.234056E-3
1.735000E-7	3.266602E-3
1.735500E-7	3.312851E-3
1.736000E-7	3.383082E-3
1.736500E-7	3.444748E-3
1.737000E-7	3.479007E-3
1.737500E-7	3.490997E-3
1.738000E-7	3.463590E-3
1.738500E-7	3.398498E-3
1.739000E-7	3.328267E-3
1.739500E-7	3.225490E-3
1.740000E-7	3.085028E-3
1.740500E-7	2.953132E-3
1.741000E-7	2.841790E-3
1.741500E-7	2.742440E-3
1.742000E-7	2.668783E-3
1.742500E-7	2.641376E-3
1.743000E-7	2.646515E-3
1.743500E-7	2.701330E-3
1.744000E-7	2.805820E-3
1.744500E-7	2.939430E-3
1.745000E-7	3.103873E-3
1.745500E-7	3.311139E-3
1.746000E-7	3.504702E-3
1.746500E-7	3.643451E-3
1.747000E-7	3.737663E-3
1.747500E-7	3.782200E-3
1.748000E-7	3.749653E-3
1.748500E-7	3.634886E-3
1.749000E-7	3.475581E-3
1.749500E-7	3.304287E-3
1.750000E-7	3.109011E-3
1.750500E-7	2.896605E-3
1.751000E-7	2.735588E-3
1.751500E-7	2.660219E-3
1.752000E-7	2.631099E-3
1.752500E-7	2.641377E-3
1.753000E-7	2.733876E-3
1.753500E-7	2.896606E-3
1.754000E-7	3.064475E-3
1.754500E-7	3.227205E-3
1.755000E-7	3.386509E-3
1.755500E-7	3.506415E-3
1.756000E-7	3.585211E-3
1.756500E-7	3.629747E-3
1.757000E-7	3.628034E-3
1.757500E-7	3.605765E-3
1.758000E-7	3.600626E-3
1.758500E-7	3.612617E-3
1.759000E-7	3.605765E-3
1.759500E-7	3.597200E-3
1.760000E-7	3.616043E-3
1.760500E-7	3.655440E-3
1.761000E-7	3.693125E-3
1.761500E-7	3.729097E-3
1.762000E-7	3.749652E-3
1.762500E-7	3.735949E-3
1.763000E-7	3.696551E-3
1.763500E-7	3.650302E-3
1.764000E-7	3.607478E-3
1.764500E-7	3.533822E-3
1.765000E-7	3.432758E-3
1.765500E-7	3.343685E-3
1.766000E-7	3.290583E-3
1.766500E-7	3.256324E-3
1.767000E-7	3.232343E-3
1.767500E-7	3.242621E-3
1.768000E-7	3.278592E-3
1.768500E-7	3.317990E-3
1.769000E-7	3.333407E-3
1.769500E-7	3.309425E-3
1.770000E-7	3.239194E-3
1.770500E-7	3.143269E-3
1.771000E-7	3.030215E-3
1.771500E-7	2.889753E-3
1.772000E-7	2.747579E-3
1.772500E-7	2.634524E-3
1.773000E-7	2.526609E-3
1.773500E-7	2.408415E-3
1.774000E-7	2.345036E-3
1.774500E-7	2.379295E-3
1.775000E-7	2.466656E-3
1.775500E-7	2.569432E-3
1.776000E-7	2.727024E-3
1.776500E-7	2.905170E-3
1.777000E-7	3.031928E-3
1.777500E-7	3.127853E-3
1.778000E-7	3.240908E-3
1.778500E-7	3.295722E-3
1.779000E-7	3.263176E-3
1.779500E-7	3.230630E-3
1.780000E-7	3.210075E-3
1.780500E-7	3.141557E-3
1.781000E-7	3.014799E-3
1.781500E-7	2.877763E-3
1.782000E-7	2.725311E-3
1.782500E-7	2.577997E-3
1.783000E-7	2.470082E-3
1.783500E-7	2.398138E-3
1.784000E-7	2.360453E-3
1.784500E-7	2.375869E-3
1.785000E-7	2.423832E-3
1.785500E-7	2.494063E-3
1.786000E-7	2.608830E-3
1.786500E-7	2.778412E-3
1.787000E-7	2.965124E-3
1.787500E-7	3.150122E-3
1.788000E-7	3.336833E-3
1.788500E-7	3.504702E-3
1.789000E-7	3.629747E-3
1.789500E-7	3.729098E-3
1.790000E-7	3.787338E-3
1.790500E-7	3.787338E-3
1.791000E-7	3.749653E-3
1.791500E-7	3.705116E-3
1.792000E-7	3.645163E-3
1.792500E-7	3.545812E-3
1.793000E-7	3.432757E-3
1.793500E-7	3.347110E-3
1.794000E-7	3.305999E-3
1.794500E-7	3.295722E-3
1.795000E-7	3.309425E-3
1.795500E-7	3.347110E-3
1.796000E-7	3.400211E-3
1.796500E-7	3.455026E-3
1.797000E-7	3.496136E-3
1.797500E-7	3.523543E-3
1.798000E-7	3.540673E-3
1.798500E-7	3.547525E-3
1.799000E-7	3.521830E-3
1.799500E-7	3.461877E-3
1.800000E-7	3.386507E-3
1.800500E-7	3.302573E-3
1.801000E-7	3.208361E-3
1.801500E-7	3.109010E-3
1.802000E-7	3.018224E-3
1.802500E-7	2.947993E-3
1.803000E-7	2.913734E-3
1.803500E-7	2.894892E-3
1.804000E-7	2.853781E-3
1.804500E-7	2.812671E-3
1.805000E-7	2.807532E-3
1.805500E-7	2.802393E-3
1.806000E-7	2.780125E-3
1.806500E-7	2.783551E-3
1.807000E-7	2.816097E-3
1.807500E-7	2.848643E-3
1.808000E-7	2.901744E-3
1.808500E-7	2.980540E-3
1.809000E-7	3.059335E-3
1.809500E-7	3.162112E-3
1.810000E-7	3.283731E-3
1.810500E-7	3.365953E-3
1.811000E-7	3.401925E-3
1.811500E-7	3.439609E-3
1.812000E-7	3.473868E-3
1.812500E-7	3.446461E-3
1.813000E-7	3.362526E-3
1.813500E-7	3.276879E-3
1.814000E-7	3.210074E-3
1.814500E-7	3.134704E-3
1.815000E-7	3.025075E-3
1.815500E-7	2.913734E-3
1.816000E-7	2.853781E-3
1.816500E-7	2.836651E-3
1.817000E-7	2.819522E-3
1.817500E-7	2.817809E-3
1.818000E-7	2.855494E-3
1.818500E-7	2.917160E-3
1.819000E-7	2.973687E-3
1.819500E-7	3.028502E-3
1.820000E-7	3.090168E-3
1.820500E-7	3.153547E-3
1.821000E-7	3.225491E-3
1.821500E-7	3.282018E-3
1.822000E-7	3.297434E-3
1.822500E-7	3.266601E-3
1.823000E-7	3.211787E-3
1.823500E-7	3.146695E-3
1.824000E-7	3.062761E-3
1.824500E-7	2.963410E-3
1.825000E-7	2.857207E-3
1.825500E-7	2.757856E-3
1.826000E-7	2.679061E-3
1.826500E-7	2.632811E-3
1.827000E-7	2.619108E-3
1.827500E-7	2.632811E-3
1.828000E-7	2.684199E-3
1.828500E-7	2.773273E-3
1.829000E-7	2.876049E-3
1.829500E-7	2.982252E-3
1.830000E-7	3.103871E-3
1.830500E-7	3.232342E-3
1.831000E-7	3.316277E-3
1.831500E-7	3.329981E-3
1.832000E-7	3.309425E-3
1.832500E-7	3.287157E-3
1.833000E-7	3.246047E-3
1.833500E-7	3.151835E-3
1.834000E-7	3.016512E-3
1.834500E-7	2.894892E-3
1.835000E-7	2.807532E-3
1.835500E-7	2.730449E-3
1.836000E-7	2.667070E-3
1.836500E-7	2.651654E-3
1.837000E-7	2.658505E-3
1.837500E-7	2.656792E-3
1.838000E-7	2.675634E-3
1.838500E-7	2.754430E-3
1.839000E-7	2.841790E-3
1.839500E-7	2.900030E-3
1.840000E-7	2.963409E-3
1.840500E-7	3.066186E-3
1.841000E-7	3.165537E-3
1.841500E-7	3.234055E-3
1.842000E-7	3.283730E-3
1.842500E-7	3.316276E-3
1.843000E-7	3.331693E-3
1.843500E-7	3.352248E-3
1.844000E-7	3.345397E-3
1.844500E-7	3.294008E-3
1.845000E-7	3.228916E-3
1.845500E-7	3.180953E-3
1.846000E-7	3.126139E-3
1.846500E-7	3.078176E-3
1.847000E-7	3.038779E-3
1.847500E-7	2.989103E-3
1.848000E-7	2.954844E-3
1.848500E-7	2.946280E-3
1.849000E-7	2.925724E-3
1.849500E-7	2.896604E-3
1.850000E-7	2.900030E-3
1.850500E-7	2.917159E-3
1.851000E-7	2.910308E-3
1.851500E-7	2.889752E-3
1.852000E-7	2.879474E-3
1.852500E-7	2.874336E-3
1.853000E-7	2.865771E-3
1.853500E-7	2.831512E-3
1.854000E-7	2.778411E-3
1.854500E-7	2.728735E-3
1.855000E-7	2.661931E-3
1.855500E-7	2.555728E-3
1.856000E-7	2.473507E-3
1.856500E-7	2.444388E-3
1.857000E-7	2.422120E-3
1.857500E-7	2.375870E-3
1.858000E-7	2.341612E-3
1.858500E-7	2.331334E-3
1.859000E-7	2.326195E-3
1.859500E-7	2.336473E-3
1.860000E-7	2.372445E-3
1.860500E-7	2.430685E-3
1.861000E-7	2.487212E-3
1.861500E-7	2.530035E-3
1.862000E-7	2.591701E-3
1.862500E-7	2.691052E-3
1.863000E-7	2.768135E-3
1.863500E-7	2.797255E-3
1.864000E-7	2.857208E-3
1.864500E-7	2.968549E-3
1.865000E-7	3.061048E-3
1.865500E-7	3.129566E-3
1.866000E-7	3.208361E-3
1.866500E-7	3.287157E-3
1.867000E-7	3.336833E-3
1.867500E-7	3.393360E-3
1.868000E-7	3.451600E-3
1.868500E-7	3.470443E-3
1.869000E-7	3.441323E-3
1.869500E-7	3.400212E-3
1.870000E-7	3.343685E-3
1.870500E-7	3.263176E-3
1.871000E-7	3.191233E-3
1.871500E-7	3.127853E-3
1.872000E-7	3.037067E-3
1.872500E-7	2.939429E-3
1.873000E-7	2.881189E-3
1.873500E-7	2.840078E-3
1.874000E-7	2.798967E-3
1.874500E-7	2.786976E-3
1.875000E-7	2.798967E-3
1.875500E-7	2.785263E-3
1.876000E-7	2.756143E-3
1.876500E-7	2.745866E-3
1.877000E-7	2.744153E-3
1.877500E-7	2.733875E-3
1.878000E-7	2.730449E-3
1.878500E-7	2.744153E-3
1.879000E-7	2.769847E-3
1.879500E-7	2.776699E-3
1.880000E-7	2.768134E-3
1.880500E-7	2.769847E-3
1.881000E-7	2.781837E-3
1.881500E-7	2.785263E-3
1.882000E-7	2.781838E-3
1.882500E-7	2.790402E-3
1.883000E-7	2.814384E-3
1.883500E-7	2.814384E-3
1.884000E-7	2.792116E-3
1.884500E-7	2.786977E-3
1.885000E-7	2.807532E-3
1.885500E-7	2.821236E-3
1.886000E-7	2.836653E-3
1.886500E-7	2.848643E-3
1.887000E-7	2.867486E-3
1.887500E-7	2.882902E-3
1.888000E-7	2.882902E-3
1.888500E-7	2.867485E-3
1.889000E-7	2.864059E-3
1.889500E-7	2.872624E-3
1.890000E-7	2.891466E-3
1.890500E-7	2.918873E-3
1.891000E-7	2.968548E-3
1.891500E-7	3.025076E-3
1.892000E-7	3.086742E-3
1.892500E-7	3.160399E-3
1.893000E-7	3.247759E-3
1.893500E-7	3.343684E-3
1.894000E-7	3.441322E-3
1.894500E-7	3.513266E-3
1.895000E-7	3.549238E-3
1.895500E-7	3.585210E-3
1.896000E-7	3.621182E-3
1.896500E-7	3.616043E-3
1.897000E-7	3.564654E-3
1.897500E-7	3.508127E-3
1.898000E-7	3.460164E-3
1.898500E-7	3.381368E-3
1.899000E-7	3.275165E-3
1.899500E-7	3.189518E-3
1.900000E-7	3.134704E-3
1.900500E-7	3.088454E-3
1.901000E-7	3.059334E-3
1.901500E-7	3.038779E-3
1.902000E-7	3.011372E-3
1.902500E-7	2.983965E-3
1.903000E-7	2.959984E-3
1.903500E-7	2.925725E-3
1.904000E-7	2.867485E-3
1.904500E-7	2.816096E-3
1.905000E-7	2.809244E-3
1.905500E-7	2.807531E-3
1.906000E-7	2.769847E-3
1.906500E-7	2.725310E-3
1.907000E-7	2.715032E-3
1.907500E-7	2.720172E-3
1.908000E-7	2.740727E-3
1.908500E-7	2.807532E-3
1.909000E-7	2.903457E-3
1.909500E-7	2.980540E-3
1.910000E-7	3.078178E-3
1.910500E-7	3.213501E-3
1.911000E-7	3.333408E-3
1.911500E-7	3.415629E-3
1.912000E-7	3.480721E-3
1.912500E-7	3.528683E-3
1.913000E-7	3.523544E-3
1.913500E-7	3.494424E-3
1.914000E-7	3.465303E-3
1.914500E-7	3.405350E-3
1.915000E-7	3.285444E-3
1.915500E-7	3.156973E-3
1.916000E-7	3.014798E-3
1.916500E-7	2.845216E-3
1.917000E-7	2.679061E-3
1.917500E-7	2.550590E-3
1.918000E-7	2.444387E-3
1.918500E-7	2.369018E-3
1.919000E-7	2.351888E-3
1.919500E-7	2.370731E-3
1.920000E-7	2.404990E-3
1.920500E-7	2.497489E-3
1.921000E-7	2.629386E-3
1.921500E-7	2.745866E-3
1.922000E-7	2.858920E-3
1.922500E-7	3.004521E-3
1.923000E-7	3.141556E-3
1.923500E-7	3.237481E-3
1.924000E-7	3.312851E-3
1.924500E-7	3.379656E-3
1.925000E-7	3.429332E-3
1.925500E-7	3.468730E-3
1.926000E-7	3.492711E-3
1.926500E-7	3.511554E-3
1.927000E-7	3.525258E-3
1.927500E-7	3.535535E-3
1.928000E-7	3.506415E-3
1.928500E-7	3.467017E-3
1.929000E-7	3.432758E-3
1.929500E-7	3.384795E-3
1.930000E-7	3.304287E-3
1.930500E-7	3.208361E-3
1.931000E-7	3.112436E-3
1.931500E-7	3.021650E-3
1.932000E-7	2.959984E-3
1.932500E-7	2.920586E-3
1.933000E-7	2.869197E-3
1.933500E-7	2.816096E-3
1.934000E-7	2.793828E-3
1.934500E-7	2.783550E-3
1.935000E-7	2.761282E-3
1.935500E-7	2.732162E-3
1.936000E-7	2.709894E-3
1.936500E-7	2.711607E-3
1.937000E-7	2.727023E-3
1.937500E-7	2.749291E-3
1.938000E-7	2.761282E-3
1.938500E-7	2.774985E-3
1.939000E-7	2.798966E-3
1.939500E-7	2.838364E-3
1.940000E-7	2.884613E-3
1.940500E-7	2.930863E-3
1.941000E-7	2.958270E-3
1.941500E-7	2.989103E-3
1.942000E-7	3.031927E-3
1.942500E-7	3.054195E-3
1.943000E-7	3.040492E-3
1.943500E-7	3.013085E-3
1.944000E-7	2.997669E-3
1.944500E-7	2.978827E-3
1.945000E-7	2.956559E-3
1.945500E-7	2.934291E-3
1.946000E-7	2.920587E-3
1.946500E-7	2.915448E-3
1.947000E-7	2.901745E-3
1.947500E-7	2.896606E-3
1.948000E-7	2.929151E-3
1.948500E-7	2.994243E-3
1.949000E-7	3.055909E-3
1.949500E-7	3.144982E-3
1.950000E-7	3.266601E-3
1.950500E-7	3.384795E-3
1.951000E-7	3.492710E-3
1.951500E-7	3.590348E-3
1.952000E-7	3.629746E-3
1.952500E-7	3.597200E-3
1.953000E-7	3.550951E-3
1.953500E-7	3.489285E-3
1.954000E-7	3.379656E-3
1.954500E-7	3.247759E-3
1.955000E-7	3.136417E-3
1.955500E-7	3.028502E-3
1.956000E-7	2.913734E-3
1.956500E-7	2.826374E-3
1.957000E-7	2.764708E-3
1.957500E-7	2.713319E-3
1.958000E-7	2.689338E-3
1.958500E-7	2.694477E-3
1.959000E-7	2.706467E-3
1.959500E-7	2.711606E-3
1.960000E-7	2.725310E-3
1.960500E-7	2.739014E-3
1.961000E-7	2.733875E-3
1.961500E-7	2.742440E-3
1.962000E-7	2.776699E-3
1.962500E-7	2.826374E-3
1.963000E-7	2.893179E-3
1.963500E-7	2.970262E-3
1.964000E-7	3.042205E-3
1.964500E-7	3.105585E-3
1.965000E-7	3.194658E-3
1.965500E-7	3.304287E-3
1.966000E-7	3.393360E-3
1.966500E-7	3.431045E-3
1.967000E-7	3.437897E-3
1.967500E-7	3.407064E-3
1.968000E-7	3.324843E-3
1.968500E-7	3.235769E-3
1.969000E-7	3.160400E-3
1.969500E-7	3.102159E-3
1.970000E-7	3.045632E-3
1.970500E-7	2.992530E-3
1.971000E-7	2.956558E-3
1.971500E-7	2.946280E-3
1.972000E-7	2.959983E-3
1.972500E-7	3.016511E-3
1.973000E-7	3.117575E-3
1.973500E-7	3.213500E-3
1.974000E-7	3.270027E-3
1.974500E-7	3.312851E-3
1.975000E-7	3.345397E-3
1.975500E-7	3.329981E-3
1.976000E-7	3.299148E-3
1.976500E-7	3.299148E-3
1.977000E-7	3.294009E-3
1.977500E-7	3.280306E-3
1.978000E-7	3.295722E-3
1.978500E-7	3.326555E-3
1.979000E-7	3.357388E-3
1.979500E-7	3.415628E-3
1.980000E-7	3.501276E-3
1.980500E-7	3.573219E-3
1.981000E-7	3.622895E-3
1.981500E-7	3.665718E-3
1.982000E-7	3.693125E-3
1.982500E-7	3.706829E-3
1.983000E-7	3.699977E-3
1.983500E-7	3.662293E-3
1.984000E-7	3.614330E-3
1.984500E-7	3.585210E-3
1.985000E-7	3.535535E-3
1.985500E-7	3.449888E-3
1.986000E-7	3.371092E-3
1.986500E-7	3.338546E-3
1.987000E-7	3.304287E-3
1.987500E-7	3.239195E-3
1.988000E-7	3.151834E-3
1.988500E-7	3.054196E-3
1.989000E-7	2.946280E-3
1.989500E-7	2.838364E-3
1.990000E-7	2.732161E-3
1.990500E-7	2.617394E-3
1.991000E-7	2.536885E-3
1.991500E-7	2.507765E-3
1.992000E-7	2.507765E-3
1.992500E-7	2.526608E-3
1.993000E-7	2.595126E-3
1.993500E-7	2.718458E-3
1.994000E-7	2.870911E-3
1.994500E-7	3.047344E-3
1.995000E-7	3.232343E-3
1.995500E-7	3.367665E-3
1.996000E-7	3.448174E-3
1.996500E-7	3.506414E-3
1.997000E-7	3.542386E-3
1.997500E-7	3.521831E-3
1.998000E-7	3.439609E-3
1.998500E-7	3.321416E-3
1.999000E-7	3.177528E-3
1.999500E-7	3.035353E-3
2.000000E-7	2.912021E-3
