Study Name	Tungsten_Kyocera
Sample Name	2024-02-05
Run Name	spot03
Operator	Angus+Samantha
Date	2/5/2024
Time	16:26
Sign	FIX
Grating Spacing	03.40um
Channel	3
Number Traces	10000
Files in Batch	1
Batch Number	106
dt	50.000001E-12
time stamp (ms)	6:16:10 PM
	
Time	Amplitude
0.000000E+0	2.535222E-4
5.000000E-11	2.946331E-4
1.000000E-10	3.066238E-4
1.500000E-10	3.323181E-4
2.000000E-10	3.511607E-4
2.500000E-10	3.494479E-4
3.000000E-10	3.614387E-4
3.500000E-10	3.837071E-4
4.000000E-10	4.025496E-4
4.500000E-10	4.111144E-4
5.000000E-10	3.974109E-4
5.500000E-10	3.802814E-4
6.000000E-10	4.042626E-4
6.500000E-10	4.350957E-4
7.000000E-10	4.487992E-4
7.500000E-10	4.642156E-4
8.000000E-10	4.984744E-4
8.500000E-10	5.053260E-4
9.000000E-10	5.019000E-4
9.500000E-10	5.310199E-4
1.000000E-9	5.841211E-4
1.050000E-9	6.337964E-4
1.100000E-9	6.697682E-4
1.150000E-9	6.971753E-4
1.200000E-9	7.331472E-4
1.250000E-9	7.862486E-4
1.300000E-9	8.393500E-4
1.350000E-9	9.112938E-4
1.400000E-9	1.019210E-3
1.450000E-9	1.113422E-3
1.500000E-9	1.168236E-3
1.550000E-9	1.219625E-3
1.600000E-9	1.289856E-3
1.650000E-9	1.334392E-3
1.700000E-9	1.361799E-3
1.750000E-9	1.382355E-3
1.800000E-9	1.366938E-3
1.850000E-9	1.300133E-3
1.900000E-9	1.216199E-3
1.950000E-9	1.139116E-3
2.000000E-9	1.041478E-3
2.050000E-9	9.335621E-4
2.100000E-9	8.273594E-4
2.150000E-9	7.314344E-4
2.200000E-9	6.526390E-4
2.250000E-9	5.789824E-4
2.300000E-9	5.241683E-4
2.350000E-9	5.173166E-4
2.400000E-9	5.550016E-4
2.450000E-9	6.063900E-4
2.500000E-9	6.783338E-4
2.550000E-9	7.965272E-4
2.600000E-9	9.318499E-4
2.650000E-9	1.051756E-3
2.700000E-9	1.193931E-3
2.750000E-9	1.365225E-3
2.800000E-9	1.497122E-3
2.850000E-9	1.567353E-3
2.900000E-9	1.622168E-3
2.950000E-9	1.649575E-3
3.000000E-9	1.606751E-3
3.050000E-9	1.529669E-3
3.100000E-9	1.450873E-3
3.150000E-9	1.337819E-3
3.200000E-9	1.209348E-3
3.250000E-9	1.120274E-3
3.300000E-9	1.041479E-3
3.350000E-9	9.575441E-4
3.400000E-9	9.164332E-4
3.450000E-9	9.078683E-4
3.500000E-9	8.873129E-4
3.550000E-9	8.975905E-4
3.600000E-9	9.643954E-4
3.650000E-9	1.026061E-3
3.700000E-9	1.043191E-3
3.750000E-9	1.062033E-3
3.800000E-9	1.079163E-3
3.850000E-9	1.058608E-3
3.900000E-9	1.036339E-3
3.950000E-9	1.034626E-3
4.000000E-9	1.007219E-3
4.050000E-9	9.695345E-4
4.100000E-9	9.541180E-4
4.150000E-9	9.438403E-4
4.200000E-9	9.301368E-4
4.250000E-9	9.215720E-4
4.300000E-9	9.027296E-4
4.350000E-9	8.907390E-4
4.400000E-9	8.941648E-4
4.450000E-9	8.633317E-4
4.500000E-9	7.965267E-4
4.550000E-9	7.571289E-4
4.600000E-9	7.451382E-4
4.650000E-9	6.971757E-4
4.700000E-9	6.372226E-4
4.750000E-9	5.978248E-4
4.800000E-9	5.378716E-4
4.850000E-9	4.196783E-4
4.900000E-9	2.860684E-4
4.950000E-9	1.695879E-4
5.000000E-9	4.454268E-5
5.050000E-9	-8.221542E-5
5.100000E-9	-1.438816E-4
5.150000E-9	-1.233263E-4
5.200000E-9	-6.851199E-5
5.250000E-9	6.857749E-6
5.300000E-9	1.336159E-4
5.350000E-9	3.151884E-4
5.400000E-9	5.344458E-4
5.450000E-9	7.691197E-4
5.500000E-9	9.918030E-4
5.550000E-9	1.164811E-3
5.600000E-9	1.274440E-3
5.650000E-9	1.317263E-3
5.700000E-9	1.276153E-3
5.750000E-9	1.169950E-3
5.800000E-9	1.022636E-3
5.850000E-9	8.496288E-4
5.900000E-9	6.714822E-4
5.950000E-9	5.087521E-4
6.000000E-9	3.888457E-4
6.050000E-9	3.014852E-4
6.100000E-9	2.535226E-4
6.150000E-9	2.586612E-4
6.200000E-9	3.186143E-4
6.250000E-9	4.145393E-4
6.300000E-9	5.293068E-4
6.350000E-9	6.680555E-4
6.400000E-9	7.896748E-4
6.450000E-9	8.324984E-4
6.500000E-9	8.050913E-4
6.550000E-9	7.622676E-4
6.600000E-9	6.937496E-4
6.650000E-9	5.498621E-4
6.700000E-9	3.785674E-4
6.750000E-9	2.603740E-4
6.800000E-9	1.798655E-4
6.850000E-9	1.027830E-4
6.900000E-9	6.509822E-5
6.950000E-9	9.935726E-5
7.000000E-9	1.661623E-4
7.050000E-9	2.500968E-4
7.100000E-9	3.580126E-4
7.150000E-9	4.727802E-4
7.200000E-9	5.909737E-4
7.250000E-9	7.211577E-4
7.300000E-9	8.205087E-4
7.350000E-9	8.479158E-4
7.400000E-9	8.290733E-4
7.450000E-9	7.982401E-4
7.500000E-9	7.468516E-4
7.550000E-9	6.766206E-4
7.600000E-9	6.098155E-4
7.650000E-9	5.344457E-4
7.700000E-9	4.556500E-4
7.750000E-9	4.179651E-4
7.800000E-9	4.231039E-4
7.850000E-9	4.299557E-4
7.900000E-9	4.607887E-4
7.950000E-9	5.532879E-4
8.000000E-9	6.749073E-4
8.050000E-9	7.571289E-4
8.100000E-9	8.136564E-4
8.150000E-9	8.616190E-4
8.200000E-9	8.821745E-4
8.250000E-9	8.513415E-4
8.300000E-9	7.965273E-4
8.350000E-9	7.280094E-4
8.400000E-9	6.646303E-4
8.450000E-9	6.115289E-4
8.500000E-9	5.601404E-4
8.550000E-9	5.498626E-4
8.600000E-9	5.909731E-4
8.650000E-9	6.320837E-4
8.700000E-9	6.868979E-4
8.750000E-9	8.136559E-4
8.800000E-9	9.798118E-4
8.850000E-9	1.096292E-3
8.900000E-9	1.166523E-3
8.950000E-9	1.214486E-3
9.000000E-9	1.197357E-3
9.050000E-9	1.109996E-3
9.100000E-9	9.849513E-4
9.150000E-9	8.581932E-4
9.200000E-9	7.348610E-4
9.250000E-9	6.320840E-4
9.300000E-9	5.412977E-4
9.350000E-9	4.744926E-4
9.400000E-9	4.607889E-4
9.450000E-9	4.847700E-4
9.500000E-9	5.121772E-4
9.550000E-9	5.635656E-4
9.600000E-9	6.406482E-4
9.650000E-9	6.868979E-4
9.700000E-9	6.663428E-4
9.750000E-9	6.269452E-4
9.800000E-9	5.755569E-4
9.850000E-9	4.984745E-4
9.900000E-9	4.248179E-4
9.950000E-9	3.717167E-4
1.000000E-8	3.083377E-4
1.005000E-8	2.483846E-4
1.010000E-8	2.209774E-4
1.015000E-8	2.175514E-4
1.020000E-8	2.381067E-4
1.025000E-8	2.894950E-4
1.030000E-8	3.802811E-4
1.035000E-8	4.933354E-4
1.040000E-8	6.286581E-4
1.045000E-8	7.519902E-4
1.050000E-8	8.616188E-4
1.055000E-8	9.798121E-4
1.060000E-8	1.079163E-3
1.065000E-8	1.116848E-3
1.070000E-8	1.109996E-3
1.075000E-8	1.123699E-3
1.080000E-8	1.142542E-3
1.085000E-8	1.130551E-3
1.090000E-8	1.086015E-3
1.095000E-8	1.024349E-3
1.100000E-8	9.506921E-4
1.105000E-8	8.890260E-4
1.110000E-8	8.307857E-4
1.115000E-8	7.828232E-4
1.120000E-8	7.725455E-4
1.125000E-8	8.205080E-4
1.130000E-8	8.924518E-4
1.135000E-8	9.866639E-4
1.140000E-8	1.101431E-3
1.145000E-8	1.211060E-3
1.150000E-8	1.325827E-3
1.155000E-8	1.512538E-3
1.160000E-8	1.793461E-3
1.165000E-8	2.192577E-3
1.170000E-8	2.816089E-3
1.175000E-8	3.759922E-3
1.180000E-8	5.068612E-3
1.185000E-8	6.834658E-3
1.190000E-8	9.150561E-3
1.195000E-8	1.204030E-2
1.200000E-8	1.549874E-2
1.205000E-8	1.954643E-2
1.210000E-8	2.417652E-2
1.215000E-8	2.931707E-2
1.220000E-8	3.486359E-2
1.225000E-8	4.067734E-2
1.230000E-8	4.660242E-2
1.235000E-8	5.247097E-2
1.240000E-8	5.810657E-2
1.245000E-8	6.332592E-2
1.250000E-8	6.796630E-2
1.255000E-8	7.194890E-2
1.260000E-8	7.521035E-2
1.265000E-8	7.766844E-2
1.270000E-8	7.925463E-2
1.275000E-8	8.000319E-2
1.280000E-8	7.996551E-2
1.285000E-8	7.916556E-2
1.290000E-8	7.761021E-2
1.295000E-8	7.543134E-2
1.300000E-8	7.276771E-2
1.305000E-8	6.970839E-2
1.310000E-8	6.635273E-2
1.315000E-8	6.288230E-2
1.320000E-8	5.947525E-2
1.325000E-8	5.624121E-2
1.330000E-8	5.331035E-2
1.335000E-8	5.084542E-2
1.340000E-8	4.888581E-2
1.345000E-8	4.747948E-2
1.350000E-8	4.666240E-2
1.355000E-8	4.642258E-2
1.360000E-8	4.671892E-2
1.365000E-8	4.753771E-2
1.370000E-8	4.880357E-2
1.375000E-8	5.038633E-2
1.380000E-8	5.213354E-2
1.385000E-8	5.391671E-2
1.390000E-8	5.566906E-2
1.395000E-8	5.727409E-2
1.400000E-8	5.856394E-2
1.405000E-8	5.945296E-2
1.410000E-8	5.993773E-2
1.415000E-8	5.997370E-2
1.420000E-8	5.949922E-2
1.425000E-8	5.851599E-2
1.430000E-8	5.706512E-2
1.435000E-8	5.518260E-2
1.440000E-8	5.295919E-2
1.445000E-8	5.048741E-2
1.450000E-8	4.783577E-2
1.455000E-8	4.514816E-2
1.460000E-8	4.256846E-2
1.465000E-8	4.019603E-2
1.470000E-8	3.813364E-2
1.475000E-8	3.655944E-2
1.480000E-8	3.549741E-2
1.485000E-8	3.490644E-2
1.490000E-8	3.485677E-2
1.495000E-8	3.537236E-2
1.500000E-8	3.637101E-2
1.505000E-8	3.772594E-2
1.510000E-8	3.933954E-2
1.515000E-8	4.111244E-2
1.520000E-8	4.293672E-2
1.525000E-8	4.469935E-2
1.530000E-8	4.624271E-2
1.535000E-8	4.748117E-2
1.540000E-8	4.837705E-2
1.545000E-8	4.883954E-2
1.550000E-8	4.881042E-2
1.555000E-8	4.833080E-2
1.560000E-8	4.741780E-2
1.565000E-8	4.606972E-2
1.570000E-8	4.436705E-2
1.575000E-8	4.242971E-2
1.580000E-8	4.030223E-2
1.585000E-8	3.802401E-2
1.590000E-8	3.571496E-2
1.595000E-8	3.352753E-2
1.600000E-8	3.156792E-2
1.605000E-8	2.990978E-2
1.610000E-8	2.861137E-2
1.615000E-8	2.776003E-2
1.620000E-8	2.743114E-2
1.625000E-8	2.761614E-2
1.630000E-8	2.824479E-2
1.635000E-8	2.927598E-2
1.640000E-8	3.069430E-2
1.645000E-8	3.238326E-2
1.650000E-8	3.418528E-2
1.655000E-8	3.601128E-2
1.660000E-8	3.778932E-2
1.665000E-8	3.938236E-2
1.670000E-8	4.067735E-2
1.675000E-8	4.160577E-2
1.680000E-8	4.210252E-2
1.685000E-8	4.210938E-2
1.690000E-8	4.158522E-2
1.695000E-8	4.055403E-2
1.700000E-8	3.906377E-2
1.705000E-8	3.717610E-2
1.710000E-8	3.498010E-2
1.715000E-8	3.259911E-2
1.720000E-8	3.015302E-2
1.725000E-8	2.771550E-2
1.730000E-8	2.538589E-2
1.735000E-8	2.334235E-2
1.740000E-8	2.170648E-2
1.745000E-8	2.052797E-2
1.750000E-8	1.984622E-2
1.755000E-8	1.973487E-2
1.760000E-8	2.017167E-2
1.765000E-8	2.110180E-2
1.770000E-8	2.250299E-2
1.775000E-8	2.430329E-2
1.780000E-8	2.635198E-2
1.785000E-8	2.850515E-2
1.790000E-8	3.063777E-2
1.795000E-8	3.263164E-2
1.800000E-8	3.439426E-2
1.805000E-8	3.581429E-2
1.810000E-8	3.676669E-2
1.815000E-8	3.721720E-2
1.820000E-8	3.717267E-2
1.825000E-8	3.660568E-2
1.830000E-8	3.551968E-2
1.835000E-8	3.400543E-2
1.840000E-8	3.213832E-2
1.845000E-8	2.998001E-2
1.850000E-8	2.766240E-2
1.855000E-8	2.531737E-2
1.860000E-8	2.300661E-2
1.865000E-8	2.082774E-2
1.870000E-8	1.894692E-2
1.875000E-8	1.746180E-2
1.880000E-8	1.641690E-2
1.885000E-8	1.587560E-2
1.890000E-8	1.590130E-2
1.895000E-8	1.646828E-2
1.900000E-8	1.753202E-2
1.905000E-8	1.903769E-2
1.910000E-8	2.087397E-2
1.915000E-8	2.290381E-2
1.920000E-8	2.501587E-2
1.925000E-8	2.708511E-2
1.930000E-8	2.898477E-2
1.935000E-8	3.058466E-2
1.940000E-8	3.180600E-2
1.945000E-8	3.259053E-2
1.950000E-8	3.288173E-2
1.955000E-8	3.263336E-2
1.960000E-8	3.185740E-2
1.965000E-8	3.062065E-2
1.970000E-8	2.897451E-2
1.975000E-8	2.697550E-2
1.980000E-8	2.476409E-2
1.985000E-8	2.244476E-2
1.990000E-8	2.009289E-2
1.995000E-8	1.783009E-2
2.000000E-8	1.582936E-2
2.005000E-8	1.415581E-2
2.010000E-8	1.287967E-2
2.015000E-8	1.213111E-2
2.020000E-8	1.195296E-2
2.025000E-8	1.228698E-2
2.030000E-8	1.312803E-2
2.035000E-8	1.447612E-2
2.040000E-8	1.621476E-2
2.045000E-8	1.819321E-2
2.050000E-8	2.033782E-2
2.055000E-8	2.251840E-2
2.060000E-8	2.455338E-2
2.065000E-8	2.632628E-2
2.070000E-8	2.774974E-2
2.075000E-8	2.872612E-2
2.080000E-8	2.917491E-2
2.085000E-8	2.908927E-2
2.090000E-8	2.847090E-2
2.095000E-8	2.735063E-2
2.100000E-8	2.583297E-2
2.105000E-8	2.399155E-2
2.110000E-8	2.189662E-2
2.115000E-8	1.968178E-2
2.120000E-8	1.748578E-2
2.125000E-8	1.537372E-2
2.130000E-8	1.342952E-2
2.135000E-8	1.179023E-2
2.140000E-8	1.053978E-2
2.145000E-8	9.698722E-3
2.150000E-8	9.332149E-3
2.155000E-8	9.460617E-3
2.160000E-8	1.001561E-2
2.165000E-8	1.096287E-2
2.170000E-8	1.229040E-2
2.175000E-8	1.390228E-2
2.180000E-8	1.569231E-2
2.185000E-8	1.757141E-2
2.190000E-8	1.943167E-2
2.195000E-8	2.116346E-2
2.200000E-8	2.267942E-2
2.205000E-8	2.387505E-2
2.210000E-8	2.467500E-2
2.215000E-8	2.510153E-2
2.220000E-8	2.511523E-2
2.225000E-8	2.462705E-2
2.230000E-8	2.365409E-2
2.235000E-8	2.230258E-2
2.240000E-8	2.060334E-2
2.245000E-8	1.859919E-2
2.250000E-8	1.643232E-2
2.255000E-8	1.425174E-2
2.260000E-8	1.215338E-2
2.265000E-8	1.025029E-2
2.270000E-8	8.653827E-3
2.275000E-8	7.425643E-3
2.280000E-8	6.654815E-3
2.285000E-8	6.403010E-3
2.290000E-8	6.668514E-3
2.295000E-8	7.403366E-3
2.300000E-8	8.576732E-3
2.305000E-8	1.012523E-2
2.310000E-8	1.195466E-2
2.315000E-8	1.395367E-2
2.320000E-8	1.599550E-2
2.325000E-8	1.797566E-2
2.330000E-8	1.979481E-2
2.335000E-8	2.132961E-2
2.340000E-8	2.246187E-2
2.345000E-8	2.315733E-2
2.350000E-8	2.338858E-2
2.355000E-8	2.311623E-2
2.360000E-8	2.235911E-2
2.365000E-8	2.119602E-2
2.370000E-8	1.965779E-2
2.375000E-8	1.779240E-2
2.380000E-8	1.571117E-2
2.385000E-8	1.354258E-2
2.390000E-8	1.137570E-2
2.395000E-8	9.323590E-3
2.400000E-8	7.530135E-3
2.405000E-8	6.056999E-3
2.410000E-8	4.969277E-3
2.415000E-8	4.352614E-3
2.420000E-8	4.251548E-3
2.425000E-8	4.624968E-3
2.430000E-8	5.476300E-3
2.435000E-8	6.781563E-3
2.440000E-8	8.425990E-3
2.445000E-8	1.028796E-2
2.450000E-8	1.230752E-2
2.455000E-8	1.436991E-2
2.460000E-8	1.631753E-2
2.465000E-8	1.805103E-2
2.470000E-8	1.950190E-2
2.475000E-8	2.056736E-2
2.480000E-8	2.116346E-2
2.485000E-8	2.127138E-2
2.490000E-8	2.091509E-2
2.495000E-8	2.010315E-2
2.500000E-8	1.884072E-2
2.505000E-8	1.718601E-2
2.510000E-8	1.525381E-2
2.515000E-8	1.316230E-2
2.520000E-8	1.100056E-2
2.525000E-8	8.890214E-3
2.530000E-8	6.971714E-3
2.535000E-8	5.322145E-3
2.540000E-8	3.986046E-3
2.545000E-8	3.083321E-3
2.550000E-8	2.672212E-3
2.555000E-8	2.732163E-3
2.560000E-8	3.263174E-3
2.565000E-8	4.261820E-3
2.570000E-8	5.613332E-3
2.575000E-8	7.223500E-3
2.580000E-8	9.046074E-3
2.585000E-8	1.098855E-2
2.590000E-8	1.289506E-2
2.595000E-8	1.467139E-2
2.600000E-8	1.621989E-2
2.605000E-8	1.743266E-2
2.610000E-8	1.823432E-2
2.615000E-8	1.860261E-2
2.620000E-8	1.852382E-2
2.625000E-8	1.800480E-2
2.630000E-8	1.710207E-2
2.635000E-8	1.584820E-2
2.640000E-8	1.427914E-2
2.645000E-8	1.250282E-2
2.650000E-8	1.063057E-2
2.655000E-8	8.756605E-3
2.660000E-8	6.963150E-3
2.665000E-8	5.349553E-3
2.670000E-8	4.028870E-3
2.675000E-8	3.086748E-3
2.680000E-8	2.557446E-3
2.685000E-8	2.440964E-3
2.690000E-8	2.742440E-3
2.695000E-8	3.455024E-3
2.700000E-8	4.547882E-3
2.705000E-8	5.933654E-3
2.710000E-8	7.531832E-3
2.715000E-8	9.258481E-3
2.720000E-8	1.102110E-2
2.725000E-8	1.271007E-2
2.730000E-8	1.422431E-2
2.735000E-8	1.547305E-2
2.740000E-8	1.637406E-2
2.745000E-8	1.688281E-2
2.750000E-8	1.701471E-2
2.755000E-8	1.674406E-2
2.760000E-8	1.607773E-2
2.765000E-8	1.506367E-2
2.770000E-8	1.377725E-2
2.775000E-8	1.227499E-2
2.780000E-8	1.061686E-2
2.785000E-8	8.895353E-3
2.790000E-8	7.202962E-3
2.795000E-8	5.620199E-3
2.800000E-8	4.232712E-3
2.805000E-8	3.107304E-3
2.810000E-8	2.295366E-3
2.815000E-8	1.839721E-3
2.820000E-8	1.759210E-3
2.825000E-8	2.028141E-3
2.830000E-8	2.648225E-3
2.835000E-8	3.633168E-3
2.840000E-8	4.924728E-3
2.845000E-8	6.404713E-3
2.850000E-8	8.016595E-3
2.855000E-8	9.705560E-3
2.860000E-8	1.136198E-2
2.865000E-8	1.285567E-2
2.870000E-8	1.411126E-2
2.875000E-8	1.506709E-2
2.880000E-8	1.565291E-2
2.885000E-8	1.582592E-2
2.890000E-8	1.557926E-2
2.895000E-8	1.493177E-2
2.900000E-8	1.390400E-2
2.905000E-8	1.255249E-2
2.910000E-8	1.098514E-2
2.915000E-8	9.296180E-3
2.920000E-8	7.555827E-3
2.925000E-8	5.865149E-3
2.930000E-8	4.350904E-3
2.935000E-8	3.081610E-3
2.940000E-8	2.113794E-3
2.945000E-8	1.502271E-3
2.950000E-8	1.264170E-3
2.955000E-8	1.401204E-3
2.960000E-8	1.899670E-3
2.965000E-8	2.706466E-3
2.970000E-8	3.771917E-3
2.975000E-8	5.094311E-3
2.980000E-8	6.615406E-3
2.985000E-8	8.194742E-3
2.990000E-8	9.731255E-3
2.995000E-8	1.120953E-2
3.000000E-8	1.257989E-2
3.005000E-8	1.368474E-2
3.010000E-8	1.443158E-2
3.015000E-8	1.482727E-2
3.020000E-8	1.485811E-2
3.025000E-8	1.446927E-2
3.030000E-8	1.368988E-2
3.035000E-8	1.260730E-2
3.040000E-8	1.123695E-2
3.045000E-8	9.618214E-3
3.050000E-8	7.883000E-3
3.055000E-8	6.161489E-3
3.060000E-8	4.513634E-3
3.065000E-8	3.004528E-3
3.070000E-8	1.738659E-3
3.075000E-8	8.102410E-4
3.080000E-8	2.466801E-4
3.085000E-8	4.797665E-5
3.090000E-8	2.586674E-4
3.095000E-8	9.078724E-4
3.100000E-8	1.925361E-3
3.105000E-8	3.182662E-3
3.110000E-8	4.626675E-3
3.115000E-8	6.248835E-3
3.120000E-8	7.913818E-3
3.125000E-8	9.476026E-3
3.130000E-8	1.089092E-2
3.135000E-8	1.210883E-2
3.140000E-8	1.300127E-2
3.145000E-8	1.349631E-2
3.150000E-8	1.361451E-2
3.155000E-8	1.334044E-2
3.160000E-8	1.266554E-2
3.165000E-8	1.165148E-2
3.170000E-8	1.034793E-2
3.175000E-8	8.830258E-3
3.180000E-8	7.218376E-3
3.185000E-8	5.611633E-3
3.190000E-8	4.052852E-3
3.195000E-8	2.622541E-3
3.200000E-8	1.425191E-3
3.205000E-8	4.984856E-4
3.210000E-8	-1.061859E-4
3.215000E-8	-3.305835E-4
3.220000E-8	-1.815589E-4
3.225000E-8	2.877866E-4
3.230000E-8	1.079166E-3
3.235000E-8	2.194293E-3
3.240000E-8	3.547519E-3
3.245000E-8	5.041208E-3
3.250000E-8	6.622257E-3
3.255000E-8	8.218723E-3
3.260000E-8	9.720977E-3
3.265000E-8	1.103652E-2
3.270000E-8	1.210197E-2
3.275000E-8	1.287280E-2
3.280000E-8	1.329590E-2
3.285000E-8	1.332845E-2
3.290000E-8	1.295332E-2
3.295000E-8	1.220476E-2
3.300000E-8	1.115130E-2
3.305000E-8	9.822053E-3
3.310000E-8	8.302670E-3
3.315000E-8	6.738750E-3
3.320000E-8	5.209089E-3
3.325000E-8	3.705122E-3
3.330000E-8	2.309070E-3
3.335000E-8	1.183663E-3
3.340000E-8	3.682997E-4
3.345000E-8	-1.610021E-4
3.350000E-8	-3.562795E-4
3.355000E-8	-1.575792E-4
3.360000E-8	3.631551E-4
3.365000E-8	1.137406E-3
3.370000E-8	2.175450E-3
3.375000E-8	3.453307E-3
3.380000E-8	4.842506E-3
3.385000E-8	6.250548E-3
3.390000E-8	7.634609E-3
3.395000E-8	8.927884E-3
3.400000E-8	1.001561E-2
3.405000E-8	1.081384E-2
3.410000E-8	1.132944E-2
3.415000E-8	1.154870E-2
3.420000E-8	1.144078E-2
3.425000E-8	1.099370E-2
3.430000E-8	1.025200E-2
3.435000E-8	9.265344E-3
3.440000E-8	8.079986E-3
3.445000E-8	6.762731E-3
3.450000E-8	5.412930E-3
3.455000E-8	4.109378E-3
3.460000E-8	2.901751E-3
3.465000E-8	1.820881E-3
3.470000E-8	9.421388E-4
3.475000E-8	3.443195E-4
3.480000E-8	5.654321E-5
3.485000E-8	7.024538E-5
3.490000E-8	3.922778E-4
3.495000E-8	1.019215E-3
3.500000E-8	1.891103E-3
3.505000E-8	2.971971E-3
3.510000E-8	4.263531E-3
3.515000E-8	5.688702E-3
3.520000E-8	7.110447E-3
3.525000E-8	8.465388E-3
3.530000E-8	9.708987E-3
3.535000E-8	1.076074E-2
3.540000E-8	1.155041E-2
3.545000E-8	1.203003E-2
3.550000E-8	1.217050E-2
3.555000E-8	1.195809E-2
3.560000E-8	1.141509E-2
3.565000E-8	1.057232E-2
3.570000E-8	9.470899E-3
3.575000E-8	8.151931E-3
3.580000E-8	6.683936E-3
3.585000E-8	5.169692E-3
3.590000E-8	3.723965E-3
3.595000E-8	2.404996E-3
3.600000E-8	1.272738E-3
3.605000E-8	4.111248E-4
3.610000E-8	-1.318804E-4
3.615000E-8	-3.562776E-4
3.620000E-8	-2.603539E-4
3.625000E-8	1.576037E-4
3.630000E-8	8.719010E-4
3.635000E-8	1.815733E-3
3.640000E-8	2.946277E-3
3.645000E-8	4.208718E-3
3.650000E-8	5.522547E-3
3.655000E-8	6.812396E-3
3.660000E-8	8.025162E-3
3.665000E-8	9.082051E-3
3.670000E-8	9.904266E-3
3.675000E-8	1.046440E-2
3.680000E-8	1.074704E-2
3.685000E-8	1.074019E-2
3.690000E-8	1.043186E-2
3.695000E-8	9.852883E-3
3.700000E-8	9.032383E-3
3.705000E-8	7.992625E-3
3.710000E-8	6.773008E-3
3.715000E-8	5.460892E-3
3.720000E-8	4.129932E-3
3.725000E-8	2.852074E-3
3.730000E-8	1.690696E-3
3.735000E-8	7.280192E-4
3.740000E-8	2.399725E-5
3.745000E-8	-3.836851E-4
3.750000E-8	-4.676207E-4
3.755000E-8	-2.038282E-4
3.760000E-8	3.734336E-4
3.765000E-8	1.204212E-3
3.770000E-8	2.242256E-3
3.775000E-8	3.429327E-3
3.780000E-8	4.681491E-3
3.785000E-8	5.911386E-3
3.790000E-8	7.035079E-3
3.795000E-8	8.009746E-3
3.800000E-8	8.804553E-3
3.805000E-8	9.371539E-3
3.810000E-8	9.669593E-3
3.815000E-8	9.715843E-3
3.820000E-8	9.506865E-3
3.825000E-8	9.030667E-3
3.830000E-8	8.321508E-3
3.835000E-8	7.447907E-3
3.840000E-8	6.423566E-3
3.845000E-8	5.270753E-3
3.850000E-8	4.073404E-3
3.855000E-8	2.886333E-3
3.860000E-8	1.745510E-3
3.865000E-8	7.468623E-4
3.870000E-8	-3.252895E-5
3.875000E-8	-5.943763E-4
3.880000E-8	-9.044206E-4
3.885000E-8	-8.872924E-4
3.890000E-8	-5.618339E-4
3.895000E-8	2.913132E-5
3.900000E-8	8.890292E-4
3.905000E-8	1.981888E-3
3.910000E-8	3.210070E-3
3.915000E-8	4.494779E-3
3.920000E-8	5.765785E-3
3.925000E-8	6.906608E-3
3.930000E-8	7.864145E-3
3.935000E-8	8.621268E-3
3.940000E-8	9.130014E-3
3.945000E-8	9.374966E-3
3.950000E-8	9.340709E-3
3.955000E-8	9.027240E-3
3.960000E-8	8.460256E-3
3.965000E-8	7.692857E-3
3.970000E-8	6.752450E-3
3.975000E-8	5.680146E-3
3.980000E-8	4.570157E-3
3.985000E-8	3.467020E-3
3.990000E-8	2.408419E-3
3.995000E-8	1.454308E-3
4.000000E-8	6.714911E-4
4.005000E-8	6.510745E-5
4.010000E-8	-3.237322E-4
4.015000E-8	-4.573429E-4
4.020000E-8	-3.442895E-4
4.025000E-8	-3.424726E-5
4.030000E-8	4.847744E-4
4.035000E-8	1.200785E-3
4.040000E-8	2.055544E-3
4.045000E-8	3.006229E-3
4.050000E-8	4.020293E-3
4.055000E-8	5.036070E-3
4.060000E-8	5.979904E-3
4.065000E-8	6.832952E-3
4.070000E-8	7.564381E-3
4.075000E-8	8.114237E-3
4.080000E-8	8.467105E-3
4.085000E-8	8.588726E-3
4.090000E-8	8.436275E-3
4.095000E-8	8.016604E-3
4.100000E-8	7.363972E-3
4.105000E-8	6.507500E-3
4.110000E-8	5.483159E-3
4.115000E-8	4.386873E-3
4.120000E-8	3.275171E-3
4.125000E-8	2.194302E-3
4.130000E-8	1.226487E-3
4.135000E-8	4.402435E-4
4.140000E-8	-1.353072E-4
4.145000E-8	-4.744714E-4
4.150000E-8	-5.344255E-4
4.155000E-8	-3.254470E-4
4.160000E-8	1.353347E-4
4.165000E-8	8.187995E-4
4.170000E-8	1.687263E-3
4.175000E-8	2.668780E-3
4.180000E-8	3.693122E-3
4.185000E-8	4.696908E-3
4.190000E-8	5.637315E-3
4.195000E-8	6.469807E-3
4.200000E-8	7.151560E-3
4.205000E-8	7.653454E-3
4.210000E-8	7.996044E-3
4.215000E-8	8.157062E-3
4.220000E-8	8.085119E-3
4.225000E-8	7.778503E-3
4.230000E-8	7.292027E-3
4.235000E-8	6.642822E-3
4.240000E-8	5.841164E-3
4.245000E-8	4.933303E-3
4.250000E-8	3.989470E-3
4.255000E-8	3.038785E-3
4.260000E-8	2.112081E-3
4.265000E-8	1.260746E-3
4.270000E-8	5.395951E-4
4.275000E-8	3.442053E-6
4.280000E-8	-3.254447E-4
4.285000E-8	-4.316485E-4
4.290000E-8	-2.877621E-4
4.295000E-8	9.936259E-5
4.300000E-8	6.988928E-4
4.305000E-8	1.488560E-3
4.310000E-8	2.422115E-3
4.315000E-8	3.436179E-3
4.320000E-8	4.482789E-3
4.325000E-8	5.517409E-3
4.330000E-8	6.452679E-3
4.335000E-8	7.220079E-3
4.340000E-8	7.797343E-3
4.345000E-8	8.119378E-3
4.350000E-8	8.174193E-3
4.355000E-8	8.030306E-3
4.360000E-8	7.704847E-3
4.365000E-8	7.143002E-3
4.370000E-8	6.379028E-3
4.375000E-8	5.527694E-3
4.380000E-8	4.612981E-3
4.385000E-8	3.633176E-3
4.390000E-8	2.677352E-3
4.395000E-8	1.831156E-3
4.400000E-8	1.110005E-3
4.405000E-8	5.378804E-4
4.410000E-8	1.832999E-4
4.415000E-8	6.853180E-5
4.420000E-8	1.935762E-4
4.425000E-8	5.258872E-4
4.430000E-8	1.041483E-3
4.435000E-8	1.724948E-3
4.440000E-8	2.566005E-3
4.445000E-8	3.487569E-3
4.450000E-8	4.417699E-3
4.455000E-8	5.339264E-3
4.460000E-8	6.223144E-3
4.465000E-8	6.978554E-3
4.470000E-8	7.560956E-3
4.475000E-8	7.980628E-3
4.480000E-8	8.215302E-3
4.485000E-8	8.206738E-3
4.490000E-8	7.954936E-3
4.495000E-8	7.504432E-3
4.500000E-8	6.875781E-3
4.505000E-8	6.074123E-3
4.510000E-8	5.138855E-3
4.515000E-8	4.138495E-3
4.520000E-8	3.122718E-3
4.525000E-8	2.120644E-3
4.530000E-8	1.187088E-3
4.535000E-8	4.025587E-4
4.540000E-8	-1.832695E-4
4.545000E-8	-5.635442E-4
4.550000E-8	-7.177101E-4
4.555000E-8	-6.149341E-4
4.560000E-8	-2.809104E-4
4.565000E-8	2.535280E-4
4.570000E-8	9.729646E-4
4.575000E-8	1.849992E-3
4.580000E-8	2.812668E-3
4.585000E-8	3.792473E-3
4.590000E-8	4.768852E-3
4.595000E-8	5.686992E-3
4.600000E-8	6.468096E-3
4.605000E-8	7.041933E-3
4.610000E-8	7.398227E-3
4.615000E-8	7.519847E-3
4.620000E-8	7.401655E-3
4.625000E-8	7.065919E-3
4.630000E-8	6.519490E-3
4.635000E-8	5.779498E-3
4.640000E-8	4.909321E-3
4.645000E-8	3.979192E-3
4.650000E-8	3.021655E-3
4.655000E-8	2.081247E-3
4.660000E-8	1.235051E-3
4.665000E-8	5.310290E-4
4.670000E-8	-2.054057E-5
4.675000E-8	-3.991026E-4
4.680000E-8	-5.738241E-4
4.685000E-8	-5.155847E-4
4.690000E-8	-2.500787E-4
4.695000E-8	1.987127E-4
4.700000E-8	7.845398E-4
4.705000E-8	1.485135E-3
4.710000E-8	2.273090E-3
4.715000E-8	3.095304E-3
4.720000E-8	3.903815E-3
4.725000E-8	4.679780E-3
4.730000E-8	5.378662E-3
4.735000E-8	5.954213E-3
4.740000E-8	6.380737E-3
4.745000E-8	6.634254E-3
4.750000E-8	6.671939E-3
4.755000E-8	6.502358E-3
4.760000E-8	6.180325E-3
4.765000E-8	5.705839E-3
4.770000E-8	5.070336E-3
4.775000E-8	4.344047E-3
4.780000E-8	3.597203E-3
4.785000E-8	2.845220E-3
4.790000E-8	2.120643E-3
4.795000E-8	1.502270E-3
4.800000E-8	1.031209E-3
4.805000E-8	6.920454E-4
4.810000E-8	4.984820E-4
4.815000E-8	4.813520E-4
4.820000E-8	6.115352E-4
4.825000E-8	8.701894E-4
4.830000E-8	1.279583E-3
4.835000E-8	1.826012E-3
4.840000E-8	2.439246E-3
4.845000E-8	3.103869E-3
4.850000E-8	3.809603E-3
4.855000E-8	4.499920E-3
4.860000E-8	5.126858E-3
4.865000E-8	5.678427E-3
4.870000E-8	6.101526E-3
4.875000E-8	6.372172E-3
4.880000E-8	6.531476E-3
4.885000E-8	6.569162E-3
4.890000E-8	6.435553E-3
4.895000E-8	6.135788E-3
4.900000E-8	5.724682E-3
4.905000E-8	5.195382E-3
4.910000E-8	4.573583E-3
4.915000E-8	3.898682E-3
4.920000E-8	3.174106E-3
4.925000E-8	2.434113E-3
4.930000E-8	1.783193E-3
4.935000E-8	1.276160E-3
4.940000E-8	8.753305E-4
4.945000E-8	5.909809E-4
4.950000E-8	4.796389E-4
4.955000E-8	5.687114E-4
4.960000E-8	8.325046E-4
4.965000E-8	1.248750E-3
4.970000E-8	1.808883E-3
4.975000E-8	2.492348E-3
4.980000E-8	3.220350E-3
4.985000E-8	3.912381E-3
4.990000E-8	4.534180E-3
4.995000E-8	5.106304E-3
5.000000E-8	5.567087E-3
5.005000E-8	5.866853E-3
5.010000E-8	6.003889E-3
5.015000E-8	5.990186E-3
5.020000E-8	5.808614E-3
5.025000E-8	5.474590E-3
5.030000E-8	5.027512E-3
5.035000E-8	4.491360E-3
5.040000E-8	3.869561E-3
5.045000E-8	3.191234E-3
5.050000E-8	2.524899E-3
5.055000E-8	1.908238E-3
5.060000E-8	1.363521E-3
5.065000E-8	9.061642E-4
5.070000E-8	5.755652E-4
5.075000E-8	3.991312E-4
5.080000E-8	3.734364E-4
5.085000E-8	5.070454E-4
5.090000E-8	7.742642E-4
5.095000E-8	1.154537E-3
5.100000E-8	1.649578E-3
5.105000E-8	2.243970E-3
5.110000E-8	2.870908E-3
5.115000E-8	3.489281E-3
5.120000E-8	4.085386E-3
5.125000E-8	4.609548E-3
5.130000E-8	5.006952E-3
5.135000E-8	5.279311E-3
5.140000E-8	5.445467E-3
5.145000E-8	5.476301E-3
5.150000E-8	5.359822E-3
5.155000E-8	5.123436E-3
5.160000E-8	4.803116E-3
5.165000E-8	4.400574E-3
5.170000E-8	3.941505E-3
5.175000E-8	3.465306E-3
5.180000E-8	3.002811E-3
5.185000E-8	2.554019E-3
5.190000E-8	2.129208E-3
5.195000E-8	1.757498E-3
5.200000E-8	1.450880E-3
5.205000E-8	1.202503E-3
5.210000E-8	1.012365E-3
5.215000E-8	9.215780E-4
5.220000E-8	9.215773E-4
5.225000E-8	9.729651E-4
5.230000E-8	1.125417E-3
5.235000E-8	1.438886E-3
5.240000E-8	1.865409E-3
5.245000E-8	2.329618E-3
5.250000E-8	2.865770E-3
5.255000E-8	3.492709E-3
5.260000E-8	4.123073E-3
5.265000E-8	4.678068E-3
5.270000E-8	5.155981E-3
5.275000E-8	5.508848E-3
5.280000E-8	5.683569E-3
5.285000E-8	5.681856E-3
5.290000E-8	5.522553E-3
5.295000E-8	5.169686E-3
5.300000E-8	4.638673E-3
5.305000E-8	4.008309E-3
5.310000E-8	3.323131E-3
5.315000E-8	2.625962E-3
5.320000E-8	1.980181E-3
5.325000E-8	1.428612E-3
5.330000E-8	1.008940E-3
5.335000E-8	7.468597E-4
5.340000E-8	6.355181E-4
5.345000E-8	6.423697E-4
5.350000E-8	7.828310E-4
5.355000E-8	1.074031E-3
5.360000E-8	1.471435E-3
5.365000E-8	1.933930E-3
5.370000E-8	2.470081E-3
5.375000E-8	3.054196E-3
5.380000E-8	3.633171E-3
5.385000E-8	4.183027E-3
5.390000E-8	4.691772E-3
5.395000E-8	5.116582E-3
5.400000E-8	5.452320E-3
5.405000E-8	5.690420E-3
5.410000E-8	5.800049E-3
5.415000E-8	5.762364E-3
5.420000E-8	5.580793E-3
5.425000E-8	5.260472E-3
5.430000E-8	4.804829E-3
5.435000E-8	4.256686E-3
5.440000E-8	3.655442E-3
5.445000E-8	3.007949E-3
5.450000E-8	2.341613E-3
5.455000E-8	1.759211E-3
5.460000E-8	1.318984E-3
5.465000E-8	9.678294E-4
5.470000E-8	7.126002E-4
5.475000E-8	6.389432E-4
5.480000E-8	7.451456E-4
5.485000E-8	9.250046E-4
5.490000E-8	1.157965E-3
5.495000E-8	1.503980E-3
5.500000E-8	1.909948E-3
5.505000E-8	2.326193E-3
5.510000E-8	2.749291E-3
5.515000E-8	3.184379E-3
5.520000E-8	3.581783E-3
5.525000E-8	3.929511E-3
5.530000E-8	4.229277E-3
5.535000E-8	4.457099E-3
5.540000E-8	4.592422E-3
5.545000E-8	4.655801E-3
5.550000E-8	4.654088E-3
5.555000E-8	4.570154E-3
5.560000E-8	4.397147E-3
5.565000E-8	4.143631E-3
5.570000E-8	3.801042E-3
5.575000E-8	3.393361E-3
5.580000E-8	2.951421E-3
5.585000E-8	2.488926E-3
5.590000E-8	2.038421E-3
5.595000E-8	1.641017E-3
5.600000E-8	1.327548E-3
5.605000E-8	1.092874E-3
5.610000E-8	9.746805E-4
5.615000E-8	9.832449E-4
5.620000E-8	1.091160E-3
5.625000E-8	1.293288E-3
5.630000E-8	1.579349E-3
5.635000E-8	1.937355E-3
5.640000E-8	2.315915E-3
5.645000E-8	2.709893E-3
5.650000E-8	3.114148E-3
5.655000E-8	3.494421E-3
5.660000E-8	3.838724E-3
5.665000E-8	4.128211E-3
5.670000E-8	4.356034E-3
5.675000E-8	4.513625E-3
5.680000E-8	4.599273E-3
5.685000E-8	4.619828E-3
5.690000E-8	4.577005E-3
5.695000E-8	4.465664E-3
5.700000E-8	4.265250E-3
5.705000E-8	3.992892E-3
5.710000E-8	3.682849E-3
5.715000E-8	3.333409E-3
5.720000E-8	2.929153E-3
5.725000E-8	2.507769E-3
5.730000E-8	2.113791E-3
5.735000E-8	1.762636E-3
5.740000E-8	1.488564E-3
5.745000E-8	1.286436E-3
5.750000E-8	1.144261E-3
5.755000E-8	1.118566E-3
5.760000E-8	1.243611E-3
5.765000E-8	1.456016E-3
5.770000E-8	1.707819E-3
5.775000E-8	2.034991E-3
5.780000E-8	2.427256E-3
5.785000E-8	2.828085E-3
5.790000E-8	3.220350E-3
5.795000E-8	3.586921E-3
5.800000E-8	3.876409E-3
5.805000E-8	4.073398E-3
5.810000E-8	4.203583E-3
5.815000E-8	4.263536E-3
5.820000E-8	4.229278E-3
5.825000E-8	4.135066E-3
5.830000E-8	3.989466E-3
5.835000E-8	3.785626E-3
5.840000E-8	3.525259E-3
5.845000E-8	3.211790E-3
5.850000E-8	2.858923E-3
5.855000E-8	2.492353E-3
5.860000E-8	2.172032E-3
5.865000E-8	1.889395E-3
5.870000E-8	1.613611E-3
5.875000E-8	1.368659E-3
5.880000E-8	1.219632E-3
5.885000E-8	1.192224E-3
5.890000E-8	1.262455E-3
5.895000E-8	1.432036E-3
5.900000E-8	1.702681E-3
5.905000E-8	2.038418E-3
5.910000E-8	2.427256E-3
5.915000E-8	2.853780E-3
5.920000E-8	3.268313E-3
5.925000E-8	3.628031E-3
5.930000E-8	3.956917E-3
5.935000E-8	4.244692E-3
5.940000E-8	4.422839E-3
5.945000E-8	4.446821E-3
5.950000E-8	4.347470E-3
5.955000E-8	4.138491E-3
5.960000E-8	3.837013E-3
5.965000E-8	3.479007E-3
5.970000E-8	3.110724E-3
5.975000E-8	2.756144E-3
5.980000E-8	2.411842E-3
5.985000E-8	2.100086E-3
5.990000E-8	1.855135E-3
5.995000E-8	1.676988E-3
6.000000E-8	1.539953E-3
6.005000E-8	1.471435E-3
6.010000E-8	1.502268E-3
6.015000E-8	1.598193E-3
6.020000E-8	1.699256E-3
6.025000E-8	1.832866E-3
6.030000E-8	2.016151E-3
6.035000E-8	2.233695E-3
6.040000E-8	2.446100E-3
6.045000E-8	2.627672E-3
6.050000E-8	2.786976E-3
6.055000E-8	2.961696E-3
6.060000E-8	3.144981E-3
6.065000E-8	3.294008E-3
6.070000E-8	3.405349E-3
6.075000E-8	3.509839E-3
6.080000E-8	3.592060E-3
6.085000E-8	3.628033E-3
6.090000E-8	3.624607E-3
6.095000E-8	3.576645E-3
6.100000E-8	3.460165E-3
6.105000E-8	3.276880E-3
6.110000E-8	3.052485E-3
6.115000E-8	2.814385E-3
6.120000E-8	2.571147E-3
6.125000E-8	2.305641E-3
6.130000E-8	2.038421E-3
6.135000E-8	1.817451E-3
6.140000E-8	1.653007E-3
6.145000E-8	1.502268E-3
6.150000E-8	1.406342E-3
6.155000E-8	1.430323E-3
6.160000E-8	1.546803E-3
6.165000E-8	1.704393E-3
6.170000E-8	1.913372E-3
6.175000E-8	2.184018E-3
6.180000E-8	2.483783E-3
6.185000E-8	2.795540E-3
6.190000E-8	3.100444E-3
6.195000E-8	3.359100E-3
6.200000E-8	3.566366E-3
6.205000E-8	3.713680E-3
6.210000E-8	3.763356E-3
6.215000E-8	3.735949E-3
6.220000E-8	3.660580E-3
6.225000E-8	3.516693E-3
6.230000E-8	3.312852E-3
6.235000E-8	3.129567E-3
6.240000E-8	2.978828E-3
6.245000E-8	2.802395E-3
6.250000E-8	2.608832E-3
6.255000E-8	2.461519E-3
6.260000E-8	2.360455E-3
6.265000E-8	2.274807E-3
6.270000E-8	2.226845E-3
6.275000E-8	2.235409E-3
6.280000E-8	2.286797E-3
6.285000E-8	2.363879E-3
6.290000E-8	2.482072E-3
6.295000E-8	2.660218E-3
6.300000E-8	2.874336E-3
6.305000E-8	3.079889E-3
6.310000E-8	3.282017E-3
6.315000E-8	3.511551E-3
6.320000E-8	3.725670E-3
6.325000E-8	3.888400E-3
6.330000E-8	3.992890E-3
6.335000E-8	4.047704E-3
6.340000E-8	4.016872E-3
6.345000E-8	3.874697E-3
6.350000E-8	3.641737E-3
6.355000E-8	3.359101E-3
6.360000E-8	3.081604E-3
6.365000E-8	2.809245E-3
6.370000E-8	2.538600E-3
6.375000E-8	2.303926E-3
6.380000E-8	2.139483E-3
6.385000E-8	2.033281E-3
6.390000E-8	1.993883E-3
6.395000E-8	2.040133E-3
6.400000E-8	2.122354E-3
6.405000E-8	2.192585E-3
6.410000E-8	2.285084E-3
6.415000E-8	2.415268E-3
6.420000E-8	2.538600E-3
6.425000E-8	2.637951E-3
6.430000E-8	2.742440E-3
6.435000E-8	2.864059E-3
6.440000E-8	2.989104E-3
6.445000E-8	3.122714E-3
6.450000E-8	3.275166E-3
6.455000E-8	3.436182E-3
6.460000E-8	3.583496E-3
6.465000E-8	3.708541E-3
6.470000E-8	3.813031E-3
6.475000E-8	3.886688E-3
6.480000E-8	3.931225E-3
6.485000E-8	3.956919E-3
6.490000E-8	3.920947E-3
6.495000E-8	3.789051E-3
6.500000E-8	3.564655E-3
6.505000E-8	3.271741E-3
6.510000E-8	2.932578E-3
6.515000E-8	2.586563E-3
6.520000E-8	2.214853E-3
6.525000E-8	1.817450E-3
6.530000E-8	1.466296E-3
6.535000E-8	1.205928E-3
6.540000E-8	1.003800E-3
6.545000E-8	8.736159E-4
6.550000E-8	8.719029E-4
6.555000E-8	1.015790E-3
6.560000E-8	1.274445E-3
6.565000E-8	1.627312E-3
6.570000E-8	2.052123E-3
6.575000E-8	2.531748E-3
6.580000E-8	3.038780E-3
6.585000E-8	3.514979E-3
6.590000E-8	3.908957E-3
6.595000E-8	4.227565E-3
6.600000E-8	4.458813E-3
6.605000E-8	4.570154E-3
6.610000E-8	4.573580E-3
6.615000E-8	4.477655E-3
6.620000E-8	4.260111E-3
6.625000E-8	3.956919E-3
6.630000E-8	3.612617E-3
6.635000E-8	3.237482E-3
6.640000E-8	2.855495E-3
6.645000E-8	2.507766E-3
6.650000E-8	2.206288E-3
6.655000E-8	1.987031E-3
6.660000E-8	1.860273E-3
6.665000E-8	1.791755E-3
6.670000E-8	1.754070E-3
6.675000E-8	1.802033E-3
6.680000E-8	1.913374E-3
6.685000E-8	2.023003E-3
6.690000E-8	2.148048E-3
6.695000E-8	2.324481E-3
6.700000E-8	2.507767E-3
6.705000E-8	2.684200E-3
6.710000E-8	2.877763E-3
6.715000E-8	3.076464E-3
6.720000E-8	3.222065E-3
6.725000E-8	3.335119E-3
6.730000E-8	3.425905E-3
6.735000E-8	3.453312E-3
6.740000E-8	3.400210E-3
6.745000E-8	3.329980E-3
6.750000E-8	3.227203E-3
6.755000E-8	3.054196E-3
6.760000E-8	2.850355E-3
6.765000E-8	2.643089E-3
6.770000E-8	2.406703E-3
6.775000E-8	2.158326E-3
6.780000E-8	1.949346E-3
6.785000E-8	1.767774E-3
6.790000E-8	1.613609E-3
6.795000E-8	1.534814E-3
6.800000E-8	1.519397E-3
6.805000E-8	1.507406E-3
6.810000E-8	1.536526E-3
6.815000E-8	1.634164E-3
6.820000E-8	1.759209E-3
6.825000E-8	1.887680E-3
6.830000E-8	2.058974E-3
6.835000E-8	2.228556E-3
6.840000E-8	2.351888E-3
6.845000E-8	2.470081E-3
6.850000E-8	2.619107E-3
6.855000E-8	2.761282E-3
6.860000E-8	2.862346E-3
6.865000E-8	2.908595E-3
6.870000E-8	2.894891E-3
6.875000E-8	2.858920E-3
6.880000E-8	2.817809E-3
6.885000E-8	2.737301E-3
6.890000E-8	2.643089E-3
6.895000E-8	2.564293E-3
6.900000E-8	2.440961E-3
6.905000E-8	2.274806E-3
6.910000E-8	2.153186E-3
6.915000E-8	2.052123E-3
6.920000E-8	1.913374E-3
6.925000E-8	1.815736E-3
6.930000E-8	1.814023E-3
6.935000E-8	1.841430E-3
6.940000E-8	1.855134E-3
6.945000E-8	1.911661E-3
6.950000E-8	2.005873E-3
6.955000E-8	2.106937E-3
6.960000E-8	2.238833E-3
6.965000E-8	2.399850E-3
6.970000E-8	2.543738E-3
6.975000E-8	2.660218E-3
6.980000E-8	2.757856E-3
6.985000E-8	2.819522E-3
6.990000E-8	2.850355E-3
6.995000E-8	2.864058E-3
7.000000E-8	2.841790E-3
7.005000E-8	2.792114E-3
7.010000E-8	2.735587E-3
7.015000E-8	2.655079E-3
7.020000E-8	2.548876E-3
7.025000E-8	2.463229E-3
7.030000E-8	2.387860E-3
7.035000E-8	2.290222E-3
7.040000E-8	2.208000E-3
7.045000E-8	2.166890E-3
7.050000E-8	2.142909E-3
7.055000E-8	2.120641E-3
7.060000E-8	2.134344E-3
7.065000E-8	2.161751E-3
7.070000E-8	2.173742E-3
7.075000E-8	2.204575E-3
7.080000E-8	2.261102E-3
7.085000E-8	2.302213E-3
7.090000E-8	2.338185E-3
7.095000E-8	2.386148E-3
7.100000E-8	2.435823E-3
7.105000E-8	2.482073E-3
7.110000E-8	2.540313E-3
7.115000E-8	2.598553E-3
7.120000E-8	2.644802E-3
7.125000E-8	2.701329E-3
7.130000E-8	2.785263E-3
7.135000E-8	2.876050E-3
7.140000E-8	2.941141E-3
7.145000E-8	2.946280E-3
7.150000E-8	2.925725E-3
7.155000E-8	2.918873E-3
7.160000E-8	2.901744E-3
7.165000E-8	2.819522E-3
7.170000E-8	2.691052E-3
7.175000E-8	2.574571E-3
7.180000E-8	2.463230E-3
7.185000E-8	2.321056E-3
7.190000E-8	2.178881E-3
7.195000E-8	2.074391E-3
7.200000E-8	1.997309E-3
7.205000E-8	1.930504E-3
7.210000E-8	1.889393E-3
7.215000E-8	1.908235E-3
7.220000E-8	1.975040E-3
7.225000E-8	2.086382E-3
7.230000E-8	2.237121E-3
7.235000E-8	2.418693E-3
7.240000E-8	2.605404E-3
7.245000E-8	2.762995E-3
7.250000E-8	2.925725E-3
7.255000E-8	3.091880E-3
7.260000E-8	3.213500E-3
7.265000E-8	3.268314E-3
7.270000E-8	3.294008E-3
7.275000E-8	3.299147E-3
7.280000E-8	3.251185E-3
7.285000E-8	3.156973E-3
7.290000E-8	3.047345E-3
7.295000E-8	2.930864E-3
7.300000E-8	2.800681E-3
7.305000E-8	2.672210E-3
7.310000E-8	2.552303E-3
7.315000E-8	2.437536E-3
7.320000E-8	2.358740E-3
7.325000E-8	2.321055E-3
7.330000E-8	2.339898E-3
7.335000E-8	2.427258E-3
7.340000E-8	2.559155E-3
7.345000E-8	2.697903E-3
7.350000E-8	2.850356E-3
7.355000E-8	3.016511E-3
7.360000E-8	3.182667E-3
7.365000E-8	3.319703E-3
7.370000E-8	3.412202E-3
7.375000E-8	3.479007E-3
7.380000E-8	3.511553E-3
7.385000E-8	3.508127E-3
7.390000E-8	3.468729E-3
7.395000E-8	3.401924E-3
7.400000E-8	3.307712E-3
7.405000E-8	3.203222E-3
7.410000E-8	3.112435E-3
7.415000E-8	3.049056E-3
7.420000E-8	3.006232E-3
7.425000E-8	2.973686E-3
7.430000E-8	2.953131E-3
7.435000E-8	2.932576E-3
7.440000E-8	2.893178E-3
7.445000E-8	2.836651E-3
7.450000E-8	2.776698E-3
7.455000E-8	2.689338E-3
7.460000E-8	2.543737E-3
7.465000E-8	2.381008E-3
7.470000E-8	2.261101E-3
7.475000E-8	2.184019E-3
7.480000E-8	2.120640E-3
7.485000E-8	2.084668E-3
7.490000E-8	2.105224E-3
7.495000E-8	2.196010E-3
7.500000E-8	2.377582E-3
7.505000E-8	2.639663E-3
7.510000E-8	2.925725E-3
7.515000E-8	3.198084E-3
7.520000E-8	3.480720E-3
7.525000E-8	3.746227E-3
7.530000E-8	3.936364E-3
7.535000E-8	4.049418E-3
7.540000E-8	4.087102E-3
7.545000E-8	4.044279E-3
7.550000E-8	3.910669E-3
7.555000E-8	3.720532E-3
7.560000E-8	3.489284E-3
7.565000E-8	3.223778E-3
7.570000E-8	2.965123E-3
7.575000E-8	2.749292E-3
7.580000E-8	2.559155E-3
7.585000E-8	2.369018E-3
7.590000E-8	2.211427E-3
7.595000E-8	2.096660E-3
7.600000E-8	2.011013E-3
7.605000E-8	1.945921E-3
7.610000E-8	1.911662E-3
7.615000E-8	1.899671E-3
7.620000E-8	1.887680E-3
7.625000E-8	1.875689E-3
7.630000E-8	1.899670E-3
7.635000E-8	1.959623E-3
7.640000E-8	2.023002E-3
7.645000E-8	2.088093E-3
7.650000E-8	2.187444E-3
7.655000E-8	2.336471E-3
7.660000E-8	2.499201E-3
7.665000E-8	2.643089E-3
7.670000E-8	2.783550E-3
7.675000E-8	2.917160E-3
7.680000E-8	3.007947E-3
7.685000E-8	3.031928E-3
7.690000E-8	3.016512E-3
7.695000E-8	2.978827E-3
7.700000E-8	2.893180E-3
7.705000E-8	2.762996E-3
7.710000E-8	2.613969E-3
7.715000E-8	2.439249E-3
7.720000E-8	2.249111E-3
7.725000E-8	2.069252E-3
7.730000E-8	1.916799E-3
7.735000E-8	1.812310E-3
7.740000E-8	1.790041E-3
7.745000E-8	1.844855E-3
7.750000E-8	1.957910E-3
7.755000E-8	2.142908E-3
7.760000E-8	2.367304E-3
7.765000E-8	2.588274E-3
7.770000E-8	2.826373E-3
7.775000E-8	3.071325E-3
7.780000E-8	3.264888E-3
7.785000E-8	3.377942E-3
7.790000E-8	3.439609E-3
7.795000E-8	3.441322E-3
7.800000E-8	3.371091E-3
7.805000E-8	3.261462E-3
7.810000E-8	3.126139E-3
7.815000E-8	2.951419E-3
7.820000E-8	2.759569E-3
7.825000E-8	2.589987E-3
7.830000E-8	2.442674E-3
7.835000E-8	2.333045E-3
7.840000E-8	2.261101E-3
7.845000E-8	2.225130E-3
7.850000E-8	2.240546E-3
7.855000E-8	2.312490E-3
7.860000E-8	2.396425E-3
7.865000E-8	2.470082E-3
7.870000E-8	2.560868E-3
7.875000E-8	2.682487E-3
7.880000E-8	2.793829E-3
7.885000E-8	2.881189E-3
7.890000E-8	2.947994E-3
7.895000E-8	3.007947E-3
7.900000E-8	3.078177E-3
7.905000E-8	3.155260E-3
7.910000E-8	3.218638E-3
7.915000E-8	3.261462E-3
7.920000E-8	3.292295E-3
7.925000E-8	3.300859E-3
7.930000E-8	3.273452E-3
7.935000E-8	3.220351E-3
7.940000E-8	3.129565E-3
7.945000E-8	2.989104E-3
7.950000E-8	2.809244E-3
7.955000E-8	2.641376E-3
7.960000E-8	2.492350E-3
7.965000E-8	2.322768E-3
7.970000E-8	2.160038E-3
7.975000E-8	2.070965E-3
7.980000E-8	2.069252E-3
7.985000E-8	2.110362E-3
7.990000E-8	2.178880E-3
7.995000E-8	2.297073E-3
8.000000E-8	2.439248E-3
8.005000E-8	2.579710E-3
8.010000E-8	2.711606E-3
8.015000E-8	2.838365E-3
8.020000E-8	2.922299E-3
8.025000E-8	2.924012E-3
8.030000E-8	2.894892E-3
8.035000E-8	2.881189E-3
8.040000E-8	2.838365E-3
8.045000E-8	2.739014E-3
8.050000E-8	2.665357E-3
8.055000E-8	2.670496E-3
8.060000E-8	2.720172E-3
8.065000E-8	2.766421E-3
8.070000E-8	2.821236E-3
8.075000E-8	2.884615E-3
8.080000E-8	2.942855E-3
8.085000E-8	2.980540E-3
8.090000E-8	2.965123E-3
8.095000E-8	2.900031E-3
8.100000E-8	2.838365E-3
8.105000E-8	2.778412E-3
8.110000E-8	2.703042E-3
8.115000E-8	2.620820E-3
8.120000E-8	2.555728E-3
8.125000E-8	2.500914E-3
8.130000E-8	2.480358E-3
8.135000E-8	2.514617E-3
8.140000E-8	2.569432E-3
8.145000E-8	2.603691E-3
8.150000E-8	2.648227E-3
8.155000E-8	2.704755E-3
8.160000E-8	2.742439E-3
8.165000E-8	2.725310E-3
8.170000E-8	2.673921E-3
8.175000E-8	2.624246E-3
8.180000E-8	2.598551E-3
8.185000E-8	2.571144E-3
8.190000E-8	2.540311E-3
8.195000E-8	2.550589E-3
8.200000E-8	2.610542E-3
8.205000E-8	2.689337E-3
8.210000E-8	2.790402E-3
8.215000E-8	2.937715E-3
8.220000E-8	3.095307E-3
8.225000E-8	3.215213E-3
8.230000E-8	3.278593E-3
8.235000E-8	3.282019E-3
8.240000E-8	3.208362E-3
8.245000E-8	3.074752E-3
8.250000E-8	2.918874E-3
8.255000E-8	2.756144E-3
8.260000E-8	2.577997E-3
8.265000E-8	2.381008E-3
8.270000E-8	2.199436E-3
8.275000E-8	2.074390E-3
8.280000E-8	2.007585E-3
8.285000E-8	1.993881E-3
8.290000E-8	2.031566E-3
8.295000E-8	2.101797E-3
8.300000E-8	2.175454E-3
8.305000E-8	2.237120E-3
8.310000E-8	2.309064E-3
8.315000E-8	2.413554E-3
8.320000E-8	2.504341E-3
8.325000E-8	2.545451E-3
8.330000E-8	2.577998E-3
8.335000E-8	2.636238E-3
8.340000E-8	2.682487E-3
8.345000E-8	2.682487E-3
8.350000E-8	2.687626E-3
8.355000E-8	2.739014E-3
8.360000E-8	2.785264E-3
8.365000E-8	2.783551E-3
8.370000E-8	2.728736E-3
8.375000E-8	2.655080E-3
8.380000E-8	2.567719E-3
8.385000E-8	2.451239E-3
8.390000E-8	2.297074E-3
8.395000E-8	2.148047E-3
8.400000E-8	2.045271E-3
8.405000E-8	1.971614E-3
8.410000E-8	1.903096E-3
8.415000E-8	1.877401E-3
8.420000E-8	1.920225E-3
8.425000E-8	1.997307E-3
8.430000E-8	2.100084E-3
8.435000E-8	2.255962E-3
8.440000E-8	2.418692E-3
8.445000E-8	2.547163E-3
8.450000E-8	2.649940E-3
8.455000E-8	2.739013E-3
8.460000E-8	2.773272E-3
8.465000E-8	2.727023E-3
8.470000E-8	2.629385E-3
8.475000E-8	2.514617E-3
8.480000E-8	2.367304E-3
8.485000E-8	2.199435E-3
8.490000E-8	2.067539E-3
8.495000E-8	1.999021E-3
8.500000E-8	1.975040E-3
8.505000E-8	1.973327E-3
8.510000E-8	2.031567E-3
8.515000E-8	2.166890E-3
8.520000E-8	2.319342E-3
8.525000E-8	2.452952E-3
8.530000E-8	2.566006E-3
8.535000E-8	2.653367E-3
8.540000E-8	2.689338E-3
8.545000E-8	2.675635E-3
8.550000E-8	2.632811E-3
8.555000E-8	2.574571E-3
8.560000E-8	2.490636E-3
8.565000E-8	2.372443E-3
8.570000E-8	2.252537E-3
8.575000E-8	2.175454E-3
8.580000E-8	2.146334E-3
8.585000E-8	2.136057E-3
8.590000E-8	2.161751E-3
8.595000E-8	2.257676E-3
8.600000E-8	2.399851E-3
8.605000E-8	2.540312E-3
8.610000E-8	2.684200E-3
8.615000E-8	2.829800E-3
8.620000E-8	2.929151E-3
8.625000E-8	2.966836E-3
8.630000E-8	2.985678E-3
8.635000E-8	2.989104E-3
8.640000E-8	2.929151E-3
8.645000E-8	2.805819E-3
8.650000E-8	2.670496E-3
8.655000E-8	2.538599E-3
8.660000E-8	2.384434E-3
8.665000E-8	2.204574E-3
8.670000E-8	2.031567E-3
8.675000E-8	1.899670E-3
8.680000E-8	1.822587E-3
8.685000E-8	1.783189E-3
8.690000E-8	1.762634E-3
8.695000E-8	1.805458E-3
8.700000E-8	1.925364E-3
8.705000E-8	2.065826E-3
8.710000E-8	2.194297E-3
8.715000E-8	2.326194E-3
8.720000E-8	2.456377E-3
8.725000E-8	2.535173E-3
8.730000E-8	2.574571E-3
8.735000E-8	2.595126E-3
8.740000E-8	2.566006E-3
8.745000E-8	2.463229E-3
8.750000E-8	2.319342E-3
8.755000E-8	2.184019E-3
8.760000E-8	2.034993E-3
8.765000E-8	1.867124E-3
8.770000E-8	1.712959E-3
8.775000E-8	1.599904E-3
8.780000E-8	1.526247E-3
8.785000E-8	1.483423E-3
8.790000E-8	1.483423E-3
8.795000E-8	1.510830E-3
8.800000E-8	1.582774E-3
8.805000E-8	1.690689E-3
8.810000E-8	1.810595E-3
8.815000E-8	1.930502E-3
8.820000E-8	2.081241E-3
8.825000E-8	2.247397E-3
8.830000E-8	2.392998E-3
8.835000E-8	2.521469E-3
8.840000E-8	2.665357E-3
8.845000E-8	2.810958E-3
8.850000E-8	2.908596E-3
8.855000E-8	2.951419E-3
8.860000E-8	2.956558E-3
8.865000E-8	2.918874E-3
8.870000E-8	2.841791E-3
8.875000E-8	2.757856E-3
8.880000E-8	2.675635E-3
8.885000E-8	2.588275E-3
8.890000E-8	2.495775E-3
8.895000E-8	2.416980E-3
8.900000E-8	2.350175E-3
8.905000E-8	2.279944E-3
8.910000E-8	2.233694E-3
8.915000E-8	2.245685E-3
8.920000E-8	2.285083E-3
8.925000E-8	2.315916E-3
8.930000E-8	2.346749E-3
8.935000E-8	2.411841E-3
8.940000E-8	2.495775E-3
8.945000E-8	2.583135E-3
8.950000E-8	2.691051E-3
8.955000E-8	2.812670E-3
8.960000E-8	2.900030E-3
8.965000E-8	2.932576E-3
8.970000E-8	2.942854E-3
8.975000E-8	2.956557E-3
8.980000E-8	2.944567E-3
8.985000E-8	2.886327E-3
8.990000E-8	2.781837E-3
8.995000E-8	2.661931E-3
9.000000E-8	2.538599E-3
9.005000E-8	2.425544E-3
9.010000E-8	2.326193E-3
9.015000E-8	2.233694E-3
9.020000E-8	2.154899E-3
9.025000E-8	2.108649E-3
9.030000E-8	2.110362E-3
9.035000E-8	2.153186E-3
9.040000E-8	2.201148E-3
9.045000E-8	2.237120E-3
9.050000E-8	2.281657E-3
9.055000E-8	2.334758E-3
9.060000E-8	2.374156E-3
9.065000E-8	2.384434E-3
9.070000E-8	2.387860E-3
9.075000E-8	2.392998E-3
9.080000E-8	2.384434E-3
9.085000E-8	2.367304E-3
9.090000E-8	2.370730E-3
9.095000E-8	2.418693E-3
9.100000E-8	2.473507E-3
9.105000E-8	2.521470E-3
9.110000E-8	2.574571E-3
9.115000E-8	2.648227E-3
9.120000E-8	2.737301E-3
9.125000E-8	2.805818E-3
9.130000E-8	2.840077E-3
9.135000E-8	2.864058E-3
9.140000E-8	2.886327E-3
9.145000E-8	2.869197E-3
9.150000E-8	2.812670E-3
9.155000E-8	2.757856E-3
9.160000E-8	2.691051E-3
9.165000E-8	2.591700E-3
9.170000E-8	2.499201E-3
9.175000E-8	2.435822E-3
9.180000E-8	2.381008E-3
9.185000E-8	2.333046E-3
9.190000E-8	2.331333E-3
9.195000E-8	2.360453E-3
9.200000E-8	2.375869E-3
9.205000E-8	2.403276E-3
9.210000E-8	2.471794E-3
9.215000E-8	2.579710E-3
9.220000E-8	2.691051E-3
9.225000E-8	2.795541E-3
9.230000E-8	2.893179E-3
9.235000E-8	2.971974E-3
9.240000E-8	3.002807E-3
9.245000E-8	2.990817E-3
9.250000E-8	2.973687E-3
9.255000E-8	2.946280E-3
9.260000E-8	2.869197E-3
9.265000E-8	2.774985E-3
9.270000E-8	2.727022E-3
9.275000E-8	2.704754E-3
9.280000E-8	2.667069E-3
9.285000E-8	2.653366E-3
9.290000E-8	2.679060E-3
9.295000E-8	2.720171E-3
9.300000E-8	2.781837E-3
9.305000E-8	2.872624E-3
9.310000E-8	2.975401E-3
9.315000E-8	3.061048E-3
9.320000E-8	3.112436E-3
9.325000E-8	3.095307E-3
9.330000E-8	3.050770E-3
9.335000E-8	3.019937E-3
9.340000E-8	2.982252E-3
9.345000E-8	2.915448E-3
9.350000E-8	2.860633E-3
9.355000E-8	2.821235E-3
9.360000E-8	2.761282E-3
9.365000E-8	2.685912E-3
9.370000E-8	2.646514E-3
9.375000E-8	2.620820E-3
9.380000E-8	2.584848E-3
9.385000E-8	2.559153E-3
9.390000E-8	2.545450E-3
9.395000E-8	2.512904E-3
9.400000E-8	2.475219E-3
9.405000E-8	2.470080E-3
9.410000E-8	2.458090E-3
9.415000E-8	2.428970E-3
9.420000E-8	2.430683E-3
9.425000E-8	2.459803E-3
9.430000E-8	2.476932E-3
9.435000E-8	2.488923E-3
9.440000E-8	2.536885E-3
9.445000E-8	2.586561E-3
9.450000E-8	2.636236E-3
9.455000E-8	2.701328E-3
9.460000E-8	2.776697E-3
9.465000E-8	2.841789E-3
9.470000E-8	2.884613E-3
9.475000E-8	2.905168E-3
9.480000E-8	2.929149E-3
9.485000E-8	2.963408E-3
9.490000E-8	2.980538E-3
9.495000E-8	2.958270E-3
9.500000E-8	2.910307E-3
9.505000E-8	2.838364E-3
9.510000E-8	2.733874E-3
9.515000E-8	2.619107E-3
9.520000E-8	2.518043E-3
9.525000E-8	2.413553E-3
9.530000E-8	2.303925E-3
9.535000E-8	2.228555E-3
9.540000E-8	2.192584E-3
9.545000E-8	2.161751E-3
9.550000E-8	2.149760E-3
9.555000E-8	2.173742E-3
9.560000E-8	2.228556E-3
9.565000E-8	2.290222E-3
9.570000E-8	2.362166E-3
9.575000E-8	2.447814E-3
9.580000E-8	2.518044E-3
9.585000E-8	2.548877E-3
9.590000E-8	2.557442E-3
9.595000E-8	2.572858E-3
9.600000E-8	2.588274E-3
9.605000E-8	2.571145E-3
9.610000E-8	2.542024E-3
9.615000E-8	2.545450E-3
9.620000E-8	2.593413E-3
9.625000E-8	2.625958E-3
9.630000E-8	2.629384E-3
9.635000E-8	2.637949E-3
9.640000E-8	2.658504E-3
9.645000E-8	2.679060E-3
9.650000E-8	2.684199E-3
9.655000E-8	2.682486E-3
9.660000E-8	2.673921E-3
9.665000E-8	2.660218E-3
9.670000E-8	2.649940E-3
9.675000E-8	2.637949E-3
9.680000E-8	2.624246E-3
9.685000E-8	2.615681E-3
9.690000E-8	2.617394E-3
9.695000E-8	2.622533E-3
9.700000E-8	2.622532E-3
9.705000E-8	2.600264E-3
9.710000E-8	2.560866E-3
9.715000E-8	2.521468E-3
9.720000E-8	2.475219E-3
9.725000E-8	2.410127E-3
9.730000E-8	2.355312E-3
9.735000E-8	2.346747E-3
9.740000E-8	2.365590E-3
9.745000E-8	2.392997E-3
9.750000E-8	2.444386E-3
9.755000E-8	2.550589E-3
9.760000E-8	2.697902E-3
9.765000E-8	2.862345E-3
9.770000E-8	3.021650E-3
9.775000E-8	3.162111E-3
9.780000E-8	3.263175E-3
9.785000E-8	3.309425E-3
9.790000E-8	3.311138E-3
9.795000E-8	3.295721E-3
9.800000E-8	3.254610E-3
9.805000E-8	3.148407E-3
9.810000E-8	2.982251E-3
9.815000E-8	2.797253E-3
9.820000E-8	2.631097E-3
9.825000E-8	2.490635E-3
9.830000E-8	2.379293E-3
9.835000E-8	2.312488E-3
9.840000E-8	2.298785E-3
9.845000E-8	2.322766E-3
9.850000E-8	2.372442E-3
9.855000E-8	2.463228E-3
9.860000E-8	2.572857E-3
9.865000E-8	2.673921E-3
9.870000E-8	2.754430E-3
9.875000E-8	2.834939E-3
9.880000E-8	2.893179E-3
9.885000E-8	2.903456E-3
9.890000E-8	2.864058E-3
9.895000E-8	2.807531E-3
9.900000E-8	2.735587E-3
9.905000E-8	2.627671E-3
9.910000E-8	2.490635E-3
9.915000E-8	2.382720E-3
9.920000E-8	2.293646E-3
9.925000E-8	2.202860E-3
9.930000E-8	2.151472E-3
9.935000E-8	2.177167E-3
9.940000E-8	2.249111E-3
9.945000E-8	2.329620E-3
9.950000E-8	2.452952E-3
9.955000E-8	2.634525E-3
9.960000E-8	2.834939E-3
9.965000E-8	3.007947E-3
9.970000E-8	3.146696E-3
9.975000E-8	3.270028E-3
9.980000E-8	3.348823E-3
9.985000E-8	3.353961E-3
9.990000E-8	3.302573E-3
9.995000E-8	3.234055E-3
1.000000E-7	3.126139E-3
1.000500E-7	2.985677E-3
1.001000E-7	2.853781E-3
1.001500E-7	2.728736E-3
1.002000E-7	2.593413E-3
1.002500E-7	2.475220E-3
1.003000E-7	2.399850E-3
1.003500E-7	2.381008E-3
1.004000E-7	2.427257E-3
1.004500E-7	2.507766E-3
1.005000E-7	2.569432E-3
1.005500E-7	2.620820E-3
1.006000E-7	2.697902E-3
1.006500E-7	2.762994E-3
1.007000E-7	2.785262E-3
1.007500E-7	2.790401E-3
1.008000E-7	2.793827E-3
1.008500E-7	2.728735E-3
1.009000E-7	2.584848E-3
1.009500E-7	2.418692E-3
1.010000E-7	2.250823E-3
1.010500E-7	2.060686E-3
1.011000E-7	1.882540E-3
1.011500E-7	1.762634E-3
1.012000E-7	1.712958E-3
1.012500E-7	1.712958E-3
1.013000E-7	1.743791E-3
1.013500E-7	1.817448E-3
1.014000E-7	1.952771E-3
1.014500E-7	2.151472E-3
1.015000E-7	2.360452E-3
1.015500E-7	2.542024E-3
1.016000E-7	2.704754E-3
1.016500E-7	2.848642E-3
1.017000E-7	2.951419E-3
1.017500E-7	3.011372E-3
1.018000E-7	3.045631E-3
1.018500E-7	3.033641E-3
1.019000E-7	2.977114E-3
1.019500E-7	2.917161E-3
1.020000E-7	2.874337E-3
1.020500E-7	2.807532E-3
1.021000E-7	2.727023E-3
1.021500E-7	2.694477E-3
1.022000E-7	2.709893E-3
1.022500E-7	2.720171E-3
1.023000E-7	2.732161E-3
1.023500E-7	2.749291E-3
1.024000E-7	2.759568E-3
1.024500E-7	2.744152E-3
1.025000E-7	2.713319E-3
1.025500E-7	2.687625E-3
1.026000E-7	2.661931E-3
1.026500E-7	2.641375E-3
1.027000E-7	2.629385E-3
1.027500E-7	2.631098E-3
1.028000E-7	2.648228E-3
1.028500E-7	2.673922E-3
1.029000E-7	2.668783E-3
1.029500E-7	2.641376E-3
1.030000E-7	2.631098E-3
1.030500E-7	2.636237E-3
1.031000E-7	2.622533E-3
1.031500E-7	2.603691E-3
1.032000E-7	2.588274E-3
1.032500E-7	2.564293E-3
1.033000E-7	2.518043E-3
1.033500E-7	2.482071E-3
1.034000E-7	2.466655E-3
1.034500E-7	2.478645E-3
1.035000E-7	2.518043E-3
1.035500E-7	2.584848E-3
1.036000E-7	2.665357E-3
1.036500E-7	2.751004E-3
1.037000E-7	2.812670E-3
1.037500E-7	2.852068E-3
1.038000E-7	2.870910E-3
1.038500E-7	2.862346E-3
1.039000E-7	2.810957E-3
1.039500E-7	2.735587E-3
1.040000E-7	2.646514E-3
1.040500E-7	2.514617E-3
1.041000E-7	2.389572E-3
1.041500E-7	2.302211E-3
1.042000E-7	2.223416E-3
1.042500E-7	2.151472E-3
1.043000E-7	2.118926E-3
1.043500E-7	2.120639E-3
1.044000E-7	2.105222E-3
1.044500E-7	2.105222E-3
1.045000E-7	2.160037E-3
1.045500E-7	2.243971E-3
1.046000E-7	2.351887E-3
1.046500E-7	2.470080E-3
1.047000E-7	2.596838E-3
1.047500E-7	2.740726E-3
1.048000E-7	2.894891E-3
1.048500E-7	3.011372E-3
1.049000E-7	3.083315E-3
1.049500E-7	3.163824E-3
1.050000E-7	3.246046E-3
1.050500E-7	3.271740E-3
1.051000E-7	3.252898E-3
1.051500E-7	3.215213E-3
1.052000E-7	3.124427E-3
1.052500E-7	3.004520E-3
1.053000E-7	2.917160E-3
1.053500E-7	2.838364E-3
1.054000E-7	2.742439E-3
1.054500E-7	2.649940E-3
1.055000E-7	2.571145E-3
1.055500E-7	2.495775E-3
1.056000E-7	2.449525E-3
1.056500E-7	2.430683E-3
1.057000E-7	2.396424E-3
1.057500E-7	2.363878E-3
1.058000E-7	2.357027E-3
1.058500E-7	2.357027E-3
1.059000E-7	2.333045E-3
1.059500E-7	2.305638E-3
1.060000E-7	2.281657E-3
1.060500E-7	2.238833E-3
1.061000E-7	2.178880E-3
1.061500E-7	2.127492E-3
1.062000E-7	2.094946E-3
1.062500E-7	2.089807E-3
1.063000E-7	2.106936E-3
1.063500E-7	2.113788E-3
1.064000E-7	2.112075E-3
1.064500E-7	2.130917E-3
1.065000E-7	2.165176E-3
1.065500E-7	2.187444E-3
1.066000E-7	2.218277E-3
1.066500E-7	2.274804E-3
1.067000E-7	2.324480E-3
1.067500E-7	2.346748E-3
1.068000E-7	2.350174E-3
1.068500E-7	2.343322E-3
1.069000E-7	2.339896E-3
1.069500E-7	2.341609E-3
1.070000E-7	2.324479E-3
1.070500E-7	2.285082E-3
1.071000E-7	2.271378E-3
1.071500E-7	2.278230E-3
1.072000E-7	2.297073E-3
1.072500E-7	2.334758E-3
1.073000E-7	2.369017E-3
1.073500E-7	2.372443E-3
1.074000E-7	2.377582E-3
1.074500E-7	2.399850E-3
1.075000E-7	2.399851E-3
1.075500E-7	2.386147E-3
1.076000E-7	2.391286E-3
1.076500E-7	2.392999E-3
1.077000E-7	2.375869E-3
1.077500E-7	2.372443E-3
1.078000E-7	2.357026E-3
1.078500E-7	2.297073E-3
1.079000E-7	2.250823E-3
1.079500E-7	2.247397E-3
1.080000E-7	2.269666E-3
1.080500E-7	2.298786E-3
1.081000E-7	2.355313E-3
1.081500E-7	2.459803E-3
1.082000E-7	2.598551E-3
1.082500E-7	2.742439E-3
1.083000E-7	2.862345E-3
1.083500E-7	2.990817E-3
1.084000E-7	3.121001E-3
1.084500E-7	3.203222E-3
1.085000E-7	3.206648E-3
1.085500E-7	3.170676E-3
1.086000E-7	3.085029E-3
1.086500E-7	2.927438E-3
1.087000E-7	2.745865E-3
1.087500E-7	2.550589E-3
1.088000E-7	2.303924E-3
1.088500E-7	2.046982E-3
1.089000E-7	1.867122E-3
1.089500E-7	1.755781E-3
1.090000E-7	1.673559E-3
1.090500E-7	1.659855E-3
1.091000E-7	1.716383E-3
1.091500E-7	1.791752E-3
1.092000E-7	1.884252E-3
1.092500E-7	2.024714E-3
1.093000E-7	2.156611E-3
1.093500E-7	2.243971E-3
1.094000E-7	2.326193E-3
1.094500E-7	2.403275E-3
1.095000E-7	2.447812E-3
1.095500E-7	2.495775E-3
1.096000E-7	2.557441E-3
1.096500E-7	2.600265E-3
1.097000E-7	2.620820E-3
1.097500E-7	2.641375E-3
1.098000E-7	2.651653E-3
1.098500E-7	2.629385E-3
1.099000E-7	2.619107E-3
1.099500E-7	2.632811E-3
1.100000E-7	2.624246E-3
1.100500E-7	2.577996E-3
1.101000E-7	2.535173E-3
1.101500E-7	2.490636E-3
1.102000E-7	2.420405E-3
1.102500E-7	2.339897E-3
1.103000E-7	2.279943E-3
1.103500E-7	2.233694E-3
1.104000E-7	2.178880E-3
1.104500E-7	2.122352E-3
1.105000E-7	2.100084E-3
1.105500E-7	2.125778E-3
1.106000E-7	2.158324E-3
1.106500E-7	2.189157E-3
1.107000E-7	2.235406E-3
1.107500E-7	2.319341E-3
1.108000E-7	2.401562E-3
1.108500E-7	2.451237E-3
1.109000E-7	2.480358E-3
1.109500E-7	2.521468E-3
1.110000E-7	2.574570E-3
1.110500E-7	2.615681E-3
1.111000E-7	2.613968E-3
1.111500E-7	2.591699E-3
1.112000E-7	2.562579E-3
1.112500E-7	2.523182E-3
1.113000E-7	2.471793E-3
1.113500E-7	2.428969E-3
1.114000E-7	2.411840E-3
1.114500E-7	2.420404E-3
1.115000E-7	2.428969E-3
1.115500E-7	2.434108E-3
1.116000E-7	2.446098E-3
1.116500E-7	2.475219E-3
1.117000E-7	2.502626E-3
1.117500E-7	2.530033E-3
1.118000E-7	2.569431E-3
1.118500E-7	2.603690E-3
1.119000E-7	2.615681E-3
1.119500E-7	2.631097E-3
1.120000E-7	2.658505E-3
1.120500E-7	2.660218E-3
1.121000E-7	2.627672E-3
1.121500E-7	2.595126E-3
1.122000E-7	2.584848E-3
1.122500E-7	2.576283E-3
1.123000E-7	2.571144E-3
1.123500E-7	2.612255E-3
1.124000E-7	2.694477E-3
1.124500E-7	2.769846E-3
1.125000E-7	2.841790E-3
1.125500E-7	2.936002E-3
1.126000E-7	3.013085E-3
1.126500E-7	3.049057E-3
1.127000E-7	3.076464E-3
1.127500E-7	3.097019E-3
1.128000E-7	3.062760E-3
1.128500E-7	2.968548E-3
1.129000E-7	2.838364E-3
1.129500E-7	2.675634E-3
1.130000E-7	2.482071E-3
1.130500E-7	2.288508E-3
1.131000E-7	2.125778E-3
1.131500E-7	2.011010E-3
1.132000E-7	1.947631E-3
1.132500E-7	1.921937E-3
1.133000E-7	1.933928E-3
1.133500E-7	2.005872E-3
1.134000E-7	2.118927E-3
1.134500E-7	2.219991E-3
1.135000E-7	2.317629E-3
1.135500E-7	2.423831E-3
1.136000E-7	2.504340E-3
1.136500E-7	2.536886E-3
1.137000E-7	2.567718E-3
1.137500E-7	2.595125E-3
1.138000E-7	2.589986E-3
1.138500E-7	2.567718E-3
1.139000E-7	2.559153E-3
1.139500E-7	2.571143E-3
1.140000E-7	2.595125E-3
1.140500E-7	2.617393E-3
1.141000E-7	2.601976E-3
1.141500E-7	2.560866E-3
1.142000E-7	2.555727E-3
1.142500E-7	2.554014E-3
1.143000E-7	2.485496E-3
1.143500E-7	2.394710E-3
1.144000E-7	2.333044E-3
1.144500E-7	2.278230E-3
1.145000E-7	2.204573E-3
1.145500E-7	2.173740E-3
1.146000E-7	2.189157E-3
1.146500E-7	2.199434E-3
1.147000E-7	2.243971E-3
1.147500E-7	2.362164E-3
1.148000E-7	2.494061E-3
1.148500E-7	2.581421E-3
1.149000E-7	2.651652E-3
1.149500E-7	2.718457E-3
1.150000E-7	2.773271E-3
1.150500E-7	2.809243E-3
1.151000E-7	2.792114E-3
1.151500E-7	2.740726E-3
1.152000E-7	2.720170E-3
1.152500E-7	2.713319E-3
1.153000E-7	2.672208E-3
1.153500E-7	2.644801E-3
1.154000E-7	2.667069E-3
1.154500E-7	2.692763E-3
1.155000E-7	2.696189E-3
1.155500E-7	2.730448E-3
1.156000E-7	2.774985E-3
1.156500E-7	2.780124E-3
1.157000E-7	2.756142E-3
1.157500E-7	2.725309E-3
1.158000E-7	2.675634E-3
1.158500E-7	2.608829E-3
1.159000E-7	2.552302E-3
1.159500E-7	2.506052E-3
1.160000E-7	2.449525E-3
1.160500E-7	2.370729E-3
1.161000E-7	2.312489E-3
1.161500E-7	2.305637E-3
1.162000E-7	2.324480E-3
1.162500E-7	2.329619E-3
1.163000E-7	2.336470E-3
1.163500E-7	2.372442E-3
1.164000E-7	2.420405E-3
1.164500E-7	2.447812E-3
1.165000E-7	2.476932E-3
1.165500E-7	2.521469E-3
1.166000E-7	2.538598E-3
1.166500E-7	2.519756E-3
1.167000E-7	2.475219E-3
1.167500E-7	2.408415E-3
1.168000E-7	2.331332E-3
1.168500E-7	2.238833E-3
1.169000E-7	2.151473E-3
1.169500E-7	2.088093E-3
1.170000E-7	2.093232E-3
1.170500E-7	2.158324E-3
1.171000E-7	2.243972E-3
1.171500E-7	2.374155E-3
1.172000E-7	2.560867E-3
1.172500E-7	2.730448E-3
1.173000E-7	2.848641E-3
1.173500E-7	2.970261E-3
1.174000E-7	3.076463E-3
1.174500E-7	3.091880E-3
1.175000E-7	3.066186E-3
1.175500E-7	3.074751E-3
1.176000E-7	3.023362E-3
1.176500E-7	2.850355E-3
1.177000E-7	2.668783E-3
1.177500E-7	2.552302E-3
1.178000E-7	2.440961E-3
1.178500E-7	2.314203E-3
1.179000E-7	2.218278E-3
1.179500E-7	2.163463E-3
1.180000E-7	2.160037E-3
1.180500E-7	2.180593E-3
1.181000E-7	2.197722E-3
1.181500E-7	2.219990E-3
1.182000E-7	2.286795E-3
1.182500E-7	2.350174E-3
1.183000E-7	2.362165E-3
1.183500E-7	2.370730E-3
1.184000E-7	2.381007E-3
1.184500E-7	2.355313E-3
1.185000E-7	2.312489E-3
1.185500E-7	2.297072E-3
1.186000E-7	2.288508E-3
1.186500E-7	2.279943E-3
1.187000E-7	2.279943E-3
1.187500E-7	2.285081E-3
1.188000E-7	2.297072E-3
1.188500E-7	2.348460E-3
1.189000E-7	2.392997E-3
1.189500E-7	2.396423E-3
1.190000E-7	2.403275E-3
1.190500E-7	2.442673E-3
1.191000E-7	2.454664E-3
1.191500E-7	2.463229E-3
1.192000E-7	2.516330E-3
1.192500E-7	2.572857E-3
1.193000E-7	2.579709E-3
1.193500E-7	2.612255E-3
1.194000E-7	2.691051E-3
1.194500E-7	2.764707E-3
1.195000E-7	2.853780E-3
1.195500E-7	2.978825E-3
1.196000E-7	3.098732E-3
1.196500E-7	3.177527E-3
1.197000E-7	3.230628E-3
1.197500E-7	3.251184E-3
1.198000E-7	3.228915E-3
1.198500E-7	3.177527E-3
1.199000E-7	3.079889E-3
1.199500E-7	2.937714E-3
1.200000E-7	2.804104E-3
1.200500E-7	2.675633E-3
1.201000E-7	2.506052E-3
1.201500E-7	2.350174E-3
1.202000E-7	2.281656E-3
1.202500E-7	2.261101E-3
1.203000E-7	2.273091E-3
1.203500E-7	2.379294E-3
1.204000E-7	2.531747E-3
1.204500E-7	2.656792E-3
1.205000E-7	2.768133E-3
1.205500E-7	2.906882E-3
1.206000E-7	3.007946E-3
1.206500E-7	3.030214E-3
1.207000E-7	3.004520E-3
1.207500E-7	2.951419E-3
1.208000E-7	2.838364E-3
1.208500E-7	2.687625E-3
1.209000E-7	2.554015E-3
1.209500E-7	2.430683E-3
1.210000E-7	2.315915E-3
1.210500E-7	2.237120E-3
1.211000E-7	2.204574E-3
1.211500E-7	2.184018E-3
1.212000E-7	2.187444E-3
1.212500E-7	2.231981E-3
1.213000E-7	2.298786E-3
1.213500E-7	2.339897E-3
1.214000E-7	2.343323E-3
1.214500E-7	2.334758E-3
1.215000E-7	2.326193E-3
1.215500E-7	2.303925E-3
1.216000E-7	2.273092E-3
1.216500E-7	2.242259E-3
1.217000E-7	2.206287E-3
1.217500E-7	2.194296E-3
1.218000E-7	2.182306E-3
1.218500E-7	2.148046E-3
1.219000E-7	2.091519E-3
1.219500E-7	2.055547E-3
1.220000E-7	2.057260E-3
1.220500E-7	2.048695E-3
1.221000E-7	2.011010E-3
1.221500E-7	1.964760E-3
1.222000E-7	1.923650E-3
1.222500E-7	1.894530E-3
1.223000E-7	1.879113E-3
1.223500E-7	1.880826E-3
1.224000E-7	1.889391E-3
1.224500E-7	1.909947E-3
1.225000E-7	1.940780E-3
1.225500E-7	1.959622E-3
1.226000E-7	1.973326E-3
1.226500E-7	2.004158E-3
1.227000E-7	2.057260E-3
1.227500E-7	2.112074E-3
1.228000E-7	2.161749E-3
1.228500E-7	2.199434E-3
1.229000E-7	2.226841E-3
1.229500E-7	2.242258E-3
1.230000E-7	2.267952E-3
1.230500E-7	2.314202E-3
1.231000E-7	2.367303E-3
1.231500E-7	2.418692E-3
1.232000E-7	2.468367E-3
1.232500E-7	2.504339E-3
1.233000E-7	2.521469E-3
1.233500E-7	2.523182E-3
1.234000E-7	2.500914E-3
1.234500E-7	2.427257E-3
1.235000E-7	2.315915E-3
1.235500E-7	2.196009E-3
1.236000E-7	2.079529E-3
1.236500E-7	1.957909E-3
1.237000E-7	1.832864E-3
1.237500E-7	1.740365E-3
1.238000E-7	1.694115E-3
1.238500E-7	1.704393E-3
1.239000E-7	1.767771E-3
1.239500E-7	1.853419E-3
1.240000E-7	1.959621E-3
1.240500E-7	2.098370E-3
1.241000E-7	2.240544E-3
1.241500E-7	2.331330E-3
1.242000E-7	2.398135E-3
1.242500E-7	2.470079E-3
1.243000E-7	2.509477E-3
1.243500E-7	2.494061E-3
1.244000E-7	2.447812E-3
1.244500E-7	2.382720E-3
1.245000E-7	2.324480E-3
1.245500E-7	2.295360E-3
1.246000E-7	2.285083E-3
1.246500E-7	2.255963E-3
1.247000E-7	2.214852E-3
1.247500E-7	2.184019E-3
1.248000E-7	2.165176E-3
1.248500E-7	2.139482E-3
1.249000E-7	2.096658E-3
1.249500E-7	2.048696E-3
1.250000E-7	2.021288E-3
1.250500E-7	2.000733E-3
1.251000E-7	1.978464E-3
1.251500E-7	1.992168E-3
1.252000E-7	2.069250E-3
1.252500E-7	2.144620E-3
1.253000E-7	2.211425E-3
1.253500E-7	2.317628E-3
1.254000E-7	2.449525E-3
1.254500E-7	2.531746E-3
1.255000E-7	2.596838E-3
1.255500E-7	2.675634E-3
1.256000E-7	2.709893E-3
1.256500E-7	2.660218E-3
1.257000E-7	2.595125E-3
1.257500E-7	2.531746E-3
1.258000E-7	2.434108E-3
1.258500E-7	2.339896E-3
1.259000E-7	2.271378E-3
1.259500E-7	2.190870E-3
1.260000E-7	2.110361E-3
1.260500E-7	2.058973E-3
1.261000E-7	2.028140E-3
1.261500E-7	1.999019E-3
1.262000E-7	1.992168E-3
1.262500E-7	2.019575E-3
1.263000E-7	2.060686E-3
1.263500E-7	2.117213E-3
1.264000E-7	2.189157E-3
1.264500E-7	2.273092E-3
1.265000E-7	2.362165E-3
1.265500E-7	2.473507E-3
1.266000E-7	2.591700E-3
1.266500E-7	2.685912E-3
1.267000E-7	2.754430E-3
1.267500E-7	2.804105E-3
1.268000E-7	2.814383E-3
1.268500E-7	2.768133E-3
1.269000E-7	2.687624E-3
1.269500E-7	2.588273E-3
1.270000E-7	2.473506E-3
1.270500E-7	2.345035E-3
1.271000E-7	2.243971E-3
1.271500E-7	2.202860E-3
1.272000E-7	2.201148E-3
1.272500E-7	2.216564E-3
1.273000E-7	2.257675E-3
1.273500E-7	2.348462E-3
1.274000E-7	2.451239E-3
1.274500E-7	2.530034E-3
1.275000E-7	2.593413E-3
1.275500E-7	2.656792E-3
1.276000E-7	2.691051E-3
1.276500E-7	2.663644E-3
1.277000E-7	2.591700E-3
1.277500E-7	2.518044E-3
1.278000E-7	2.446100E-3
1.278500E-7	2.346749E-3
1.279000E-7	2.237120E-3
1.279500E-7	2.172028E-3
1.280000E-7	2.187445E-3
1.280500E-7	2.223416E-3
1.281000E-7	2.255962E-3
1.281500E-7	2.365591E-3
1.282000E-7	2.543737E-3
1.282500E-7	2.694476E-3
1.283000E-7	2.807530E-3
1.283500E-7	2.958270E-3
1.284000E-7	3.088453E-3
1.284500E-7	3.120999E-3
1.285000E-7	3.090166E-3
1.285500E-7	3.059333E-3
1.286000E-7	2.983964E-3
1.286500E-7	2.831511E-3
1.287000E-7	2.658504E-3
1.287500E-7	2.485496E-3
1.288000E-7	2.326192E-3
1.288500E-7	2.182305E-3
1.289000E-7	2.058973E-3
1.289500E-7	1.968187E-3
1.290000E-7	1.923650E-3
1.290500E-7	1.918511E-3
1.291000E-7	1.942492E-3
1.291500E-7	1.997306E-3
1.292000E-7	2.064111E-3
1.292500E-7	2.124065E-3
1.293000E-7	2.194295E-3
1.293500E-7	2.290221E-3
1.294000E-7	2.382720E-3
1.294500E-7	2.439247E-3
1.295000E-7	2.473506E-3
1.295500E-7	2.490636E-3
1.296000E-7	2.494062E-3
1.296500E-7	2.482071E-3
1.297000E-7	2.449525E-3
1.297500E-7	2.413553E-3
1.298000E-7	2.396424E-3
1.298500E-7	2.396424E-3
1.299000E-7	2.411840E-3
1.299500E-7	2.470081E-3
1.300000E-7	2.586561E-3
1.300500E-7	2.708180E-3
1.301000E-7	2.826373E-3
1.301500E-7	2.968548E-3
1.302000E-7	3.107297E-3
1.302500E-7	3.192944E-3
1.303000E-7	3.240907E-3
1.303500E-7	3.278592E-3
1.304000E-7	3.266601E-3
1.304500E-7	3.191231E-3
1.305000E-7	3.098732E-3
1.305500E-7	2.995955E-3
1.306000E-7	2.852068E-3
1.306500E-7	2.699616E-3
1.307000E-7	2.584849E-3
1.307500E-7	2.516331E-3
1.308000E-7	2.487211E-3
1.308500E-7	2.470081E-3
1.309000E-7	2.420406E-3
1.309500E-7	2.372444E-3
1.310000E-7	2.369018E-3
1.310500E-7	2.331333E-3
1.311000E-7	2.247398E-3
1.311500E-7	2.206288E-3
1.312000E-7	2.214852E-3
1.312500E-7	2.199436E-3
1.313000E-7	2.175454E-3
1.313500E-7	2.211426E-3
1.314000E-7	2.303925E-3
1.314500E-7	2.408414E-3
1.315000E-7	2.536885E-3
1.315500E-7	2.672208E-3
1.316000E-7	2.786975E-3
1.316500E-7	2.874336E-3
1.317000E-7	2.951418E-3
1.317500E-7	2.995955E-3
1.318000E-7	3.002807E-3
1.318500E-7	2.985677E-3
1.319000E-7	2.939427E-3
1.319500E-7	2.876048E-3
1.320000E-7	2.821234E-3
1.320500E-7	2.792114E-3
1.321000E-7	2.768133E-3
1.321500E-7	2.732161E-3
1.322000E-7	2.696189E-3
1.322500E-7	2.656791E-3
1.323000E-7	2.625958E-3
1.323500E-7	2.595125E-3
1.324000E-7	2.564292E-3
1.324500E-7	2.502626E-3
1.325000E-7	2.410127E-3
1.325500E-7	2.338183E-3
1.326000E-7	2.326193E-3
1.326500E-7	2.351887E-3
1.327000E-7	2.381007E-3
1.327500E-7	2.435821E-3
1.328000E-7	2.523181E-3
1.328500E-7	2.607116E-3
1.329000E-7	2.692763E-3
1.329500E-7	2.792114E-3
1.330000E-7	2.864057E-3
1.330500E-7	2.869196E-3
1.331000E-7	2.824660E-3
1.331500E-7	2.759568E-3
1.332000E-7	2.655078E-3
1.332500E-7	2.495774E-3
1.333000E-7	2.312489E-3
1.333500E-7	2.130916E-3
1.334000E-7	1.983603E-3
1.334500E-7	1.863697E-3
1.335000E-7	1.760920E-3
1.335500E-7	1.700967E-3
1.336000E-7	1.709531E-3
1.336500E-7	1.791753E-3
1.337000E-7	1.913372E-3
1.337500E-7	2.062398E-3
1.338000E-7	2.221702E-3
1.338500E-7	2.381006E-3
1.339000E-7	2.550588E-3
1.339500E-7	2.720170E-3
1.340000E-7	2.862344E-3
1.340500E-7	2.959982E-3
1.341000E-7	3.023362E-3
1.341500E-7	3.045630E-3
1.342000E-7	3.009659E-3
1.342500E-7	2.947993E-3
1.343000E-7	2.860633E-3
1.343500E-7	2.747578E-3
1.344000E-7	2.631098E-3
1.344500E-7	2.540312E-3
1.345000E-7	2.464942E-3
1.345500E-7	2.394711E-3
1.346000E-7	2.345036E-3
1.346500E-7	2.317628E-3
1.347000E-7	2.310777E-3
1.347500E-7	2.327906E-3
1.348000E-7	2.360452E-3
1.348500E-7	2.389572E-3
1.349000E-7	2.372443E-3
1.349500E-7	2.339897E-3
1.350000E-7	2.324480E-3
1.350500E-7	2.310777E-3
1.351000E-7	2.283370E-3
1.351500E-7	2.262814E-3
1.352000E-7	2.250824E-3
1.352500E-7	2.230268E-3
1.353000E-7	2.199435E-3
1.353500E-7	2.178880E-3
1.354000E-7	2.158324E-3
1.354500E-7	2.146334E-3
1.355000E-7	2.144621E-3
1.355500E-7	2.130917E-3
1.356000E-7	2.106936E-3
1.356500E-7	2.088093E-3
1.357000E-7	2.069251E-3
1.357500E-7	2.034992E-3
1.358000E-7	2.011010E-3
1.358500E-7	2.000732E-3
1.359000E-7	1.997307E-3
1.359500E-7	1.997307E-3
1.360000E-7	1.993881E-3
1.360500E-7	1.978464E-3
1.361000E-7	1.980177E-3
1.361500E-7	2.016149E-3
1.362000E-7	2.055547E-3
1.362500E-7	2.058973E-3
1.363000E-7	2.048695E-3
1.363500E-7	2.048696E-3
1.364000E-7	2.036705E-3
1.364500E-7	1.993882E-3
1.365000E-7	1.952771E-3
1.365500E-7	1.940781E-3
1.366000E-7	1.959623E-3
1.366500E-7	2.007586E-3
1.367000E-7	2.127492E-3
1.367500E-7	2.326194E-3
1.368000E-7	2.538599E-3
1.368500E-7	2.703042E-3
1.369000E-7	2.845216E-3
1.369500E-7	2.999381E-3
1.370000E-7	3.112435E-3
1.370500E-7	3.155259E-3
1.371000E-7	3.146694E-3
1.371500E-7	3.090166E-3
1.372000E-7	2.959982E-3
1.372500E-7	2.781836E-3
1.373000E-7	2.608828E-3
1.373500E-7	2.446099E-3
1.374000E-7	2.312489E-3
1.374500E-7	2.249110E-3
1.375000E-7	2.247398E-3
1.375500E-7	2.300499E-3
1.376000E-7	2.415267E-3
1.376500E-7	2.589987E-3
1.377000E-7	2.792115E-3
1.377500E-7	3.014798E-3
1.378000E-7	3.242619E-3
1.378500E-7	3.422479E-3
1.379000E-7	3.523542E-3
1.379500E-7	3.552663E-3
1.380000E-7	3.521829E-3
1.380500E-7	3.408775E-3
1.381000E-7	3.223777E-3
1.381500E-7	2.995955E-3
1.382000E-7	2.745865E-3
1.382500E-7	2.514617E-3
1.383000E-7	2.317628E-3
1.383500E-7	2.151473E-3
1.384000E-7	2.050409E-3
1.384500E-7	2.038418E-3
1.385000E-7	2.094945E-3
1.385500E-7	2.221703E-3
1.386000E-7	2.410127E-3
1.386500E-7	2.636236E-3
1.387000E-7	2.862345E-3
1.387500E-7	3.069611E-3
1.388000E-7	3.227202E-3
1.388500E-7	3.335118E-3
1.389000E-7	3.405349E-3
1.389500E-7	3.417339E-3
1.390000E-7	3.336831E-3
1.390500E-7	3.187805E-3
1.391000E-7	2.999381E-3
1.391500E-7	2.776698E-3
1.392000E-7	2.559154E-3
1.392500E-7	2.363878E-3
1.393000E-7	2.201148E-3
1.393500E-7	2.094945E-3
1.394000E-7	2.070964E-3
1.394500E-7	2.100084E-3
1.395000E-7	2.156611E-3
1.395500E-7	2.267953E-3
1.396000E-7	2.413553E-3
1.396500E-7	2.538598E-3
1.397000E-7	2.643088E-3
1.397500E-7	2.751003E-3
1.398000E-7	2.807531E-3
1.398500E-7	2.814382E-3
1.399000E-7	2.809244E-3
1.399500E-7	2.786975E-3
1.400000E-7	2.720171E-3
1.400500E-7	2.684199E-3
1.401000E-7	2.713319E-3
1.401500E-7	2.771559E-3
1.402000E-7	2.836651E-3
1.402500E-7	2.925725E-3
1.403000E-7	3.040492E-3
1.403500E-7	3.150121E-3
1.404000E-7	3.264888E-3
1.404500E-7	3.357387E-3
1.405000E-7	3.429331E-3
1.405500E-7	3.494423E-3
1.406000E-7	3.516691E-3
1.406500E-7	3.455025E-3
1.407000E-7	3.359100E-3
1.407500E-7	3.258036E-3
1.408000E-7	3.119287E-3
1.408500E-7	2.968548E-3
1.409000E-7	2.860632E-3
1.409500E-7	2.800679E-3
1.410000E-7	2.749291E-3
1.410500E-7	2.703041E-3
1.411000E-7	2.656792E-3
1.411500E-7	2.607116E-3
1.412000E-7	2.579709E-3
1.412500E-7	2.581422E-3
1.413000E-7	2.560866E-3
1.413500E-7	2.516330E-3
1.414000E-7	2.494061E-3
1.414500E-7	2.466654E-3
1.415000E-7	2.399849E-3
1.415500E-7	2.334757E-3
1.416000E-7	2.314201E-3
1.416500E-7	2.298785E-3
1.417000E-7	2.266239E-3
1.417500E-7	2.262813E-3
1.418000E-7	2.288507E-3
1.418500E-7	2.315915E-3
1.419000E-7	2.363877E-3
1.419500E-7	2.437534E-3
1.420000E-7	2.487210E-3
1.420500E-7	2.492349E-3
1.421000E-7	2.504340E-3
1.421500E-7	2.523182E-3
1.422000E-7	2.509479E-3
1.422500E-7	2.476933E-3
1.423000E-7	2.468369E-3
1.423500E-7	2.478646E-3
1.424000E-7	2.470081E-3
1.424500E-7	2.446100E-3
1.425000E-7	2.440961E-3
1.425500E-7	2.470081E-3
1.426000E-7	2.516330E-3
1.426500E-7	2.548876E-3
1.427000E-7	2.559154E-3
1.427500E-7	2.550589E-3
1.428000E-7	2.542024E-3
1.428500E-7	2.528320E-3
1.429000E-7	2.480358E-3
1.429500E-7	2.401562E-3
1.430000E-7	2.348460E-3
1.430500E-7	2.317627E-3
1.431000E-7	2.266239E-3
1.431500E-7	2.199434E-3
1.432000E-7	2.182305E-3
1.432500E-7	2.204573E-3
1.433000E-7	2.209712E-3
1.433500E-7	2.219990E-3
1.434000E-7	2.257674E-3
1.434500E-7	2.300498E-3
1.435000E-7	2.309062E-3
1.435500E-7	2.327905E-3
1.436000E-7	2.363877E-3
1.436500E-7	2.401562E-3
1.437000E-7	2.437533E-3
1.437500E-7	2.476931E-3
1.438000E-7	2.514616E-3
1.438500E-7	2.526607E-3
1.439000E-7	2.530033E-3
1.439500E-7	2.548876E-3
1.440000E-7	2.543737E-3
1.440500E-7	2.499200E-3
1.441000E-7	2.454664E-3
1.441500E-7	2.423831E-3
1.442000E-7	2.369017E-3
1.442500E-7	2.286796E-3
1.443000E-7	2.226842E-3
1.443500E-7	2.208000E-3
1.444000E-7	2.201148E-3
1.444500E-7	2.182306E-3
1.445000E-7	2.160037E-3
1.445500E-7	2.166889E-3
1.446000E-7	2.218277E-3
1.446500E-7	2.269666E-3
1.447000E-7	2.295360E-3
1.447500E-7	2.324480E-3
1.448000E-7	2.327906E-3
1.448500E-7	2.283369E-3
1.449000E-7	2.252536E-3
1.449500E-7	2.242259E-3
1.450000E-7	2.189158E-3
1.450500E-7	2.089807E-3
1.451000E-7	2.023002E-3
1.451500E-7	1.988743E-3
1.452000E-7	1.952771E-3
1.452500E-7	1.949345E-3
1.453000E-7	2.002446E-3
1.453500E-7	2.065825E-3
1.454000E-7	2.124065E-3
1.454500E-7	2.187444E-3
1.455000E-7	2.235407E-3
1.455500E-7	2.262814E-3
1.456000E-7	2.297073E-3
1.456500E-7	2.333045E-3
1.457000E-7	2.357026E-3
1.457500E-7	2.389572E-3
1.458000E-7	2.446099E-3
1.458500E-7	2.497488E-3
1.459000E-7	2.531746E-3
1.459500E-7	2.603690E-3
1.460000E-7	2.723596E-3
1.460500E-7	2.826373E-3
1.461000E-7	2.917159E-3
1.461500E-7	3.028501E-3
1.462000E-7	3.139842E-3
1.462500E-7	3.199796E-3
1.463000E-7	3.210073E-3
1.463500E-7	3.180953E-3
1.464000E-7	3.100445E-3
1.464500E-7	2.975400E-3
1.465000E-7	2.826373E-3
1.465500E-7	2.677347E-3
1.466000E-7	2.552302E-3
1.466500E-7	2.464942E-3
1.467000E-7	2.398137E-3
1.467500E-7	2.363878E-3
1.468000E-7	2.389572E-3
1.468500E-7	2.463229E-3
1.469000E-7	2.543737E-3
1.469500E-7	2.637949E-3
1.470000E-7	2.739013E-3
1.470500E-7	2.804105E-3
1.471000E-7	2.836651E-3
1.471500E-7	2.843502E-3
1.472000E-7	2.807530E-3
1.472500E-7	2.727022E-3
1.473000E-7	2.655078E-3
1.473500E-7	2.605403E-3
1.474000E-7	2.552302E-3
1.474500E-7	2.494062E-3
1.475000E-7	2.476932E-3
1.475500E-7	2.497488E-3
1.476000E-7	2.518043E-3
1.476500E-7	2.562580E-3
1.477000E-7	2.629385E-3
1.477500E-7	2.684199E-3
1.478000E-7	2.689338E-3
1.478500E-7	2.679060E-3
1.479000E-7	2.649940E-3
1.479500E-7	2.567718E-3
1.480000E-7	2.446099E-3
1.480500E-7	2.317628E-3
1.481000E-7	2.180592E-3
1.481500E-7	2.064112E-3
1.482000E-7	1.995594E-3
1.482500E-7	1.942492E-3
1.483000E-7	1.892817E-3
1.483500E-7	1.915085E-3
1.484000E-7	1.992168E-3
1.484500E-7	2.057260E-3
1.485000E-7	2.136056E-3
1.485500E-7	2.281656E-3
1.486000E-7	2.461516E-3
1.486500E-7	2.625959E-3
1.487000E-7	2.757856E-3
1.487500E-7	2.834938E-3
1.488000E-7	2.877762E-3
1.488500E-7	2.924011E-3
1.489000E-7	2.918873E-3
1.489500E-7	2.841790E-3
1.490000E-7	2.752717E-3
1.490500E-7	2.687625E-3
1.491000E-7	2.620820E-3
1.491500E-7	2.545450E-3
1.492000E-7	2.495774E-3
1.492500E-7	2.466654E-3
1.493000E-7	2.452951E-3
1.493500E-7	2.454664E-3
1.494000E-7	2.478645E-3
1.494500E-7	2.516330E-3
1.495000E-7	2.559154E-3
1.495500E-7	2.584848E-3
1.496000E-7	2.591700E-3
1.496500E-7	2.600264E-3
1.497000E-7	2.613968E-3
1.497500E-7	2.627671E-3
1.498000E-7	2.653366E-3
1.498500E-7	2.687625E-3
1.499000E-7	2.706467E-3
1.499500E-7	2.739013E-3
1.500000E-7	2.805818E-3
1.500500E-7	2.850355E-3
1.501000E-7	2.857207E-3
1.501500E-7	2.870910E-3
1.502000E-7	2.894892E-3
1.502500E-7	2.865772E-3
1.503000E-7	2.802393E-3
1.503500E-7	2.751004E-3
1.504000E-7	2.685912E-3
1.504500E-7	2.576284E-3
1.505000E-7	2.456377E-3
1.505500E-7	2.365591E-3
1.506000E-7	2.295360E-3
1.506500E-7	2.225129E-3
1.507000E-7	2.189157E-3
1.507500E-7	2.196009E-3
1.508000E-7	2.219990E-3
1.508500E-7	2.247398E-3
1.509000E-7	2.267953E-3
1.509500E-7	2.288508E-3
1.510000E-7	2.303925E-3
1.510500E-7	2.281657E-3
1.511000E-7	2.221704E-3
1.511500E-7	2.178880E-3
1.512000E-7	2.142908E-3
1.512500E-7	2.089806E-3
1.513000E-7	2.055547E-3
1.513500E-7	2.082954E-3
1.514000E-7	2.129204E-3
1.514500E-7	2.177166E-3
1.515000E-7	2.247397E-3
1.515500E-7	2.339896E-3
1.516000E-7	2.416978E-3
1.516500E-7	2.495774E-3
1.517000E-7	2.567717E-3
1.517500E-7	2.629384E-3
1.518000E-7	2.679059E-3
1.518500E-7	2.709892E-3
1.519000E-7	2.694476E-3
1.519500E-7	2.644800E-3
1.520000E-7	2.603690E-3
1.520500E-7	2.572857E-3
1.521000E-7	2.542024E-3
1.521500E-7	2.531746E-3
1.522000E-7	2.540311E-3
1.522500E-7	2.550588E-3
1.523000E-7	2.548876E-3
1.523500E-7	2.550588E-3
1.524000E-7	2.562579E-3
1.524500E-7	2.560866E-3
1.525000E-7	2.560866E-3
1.525500E-7	2.579708E-3
1.526000E-7	2.598551E-3
1.526500E-7	2.584847E-3
1.527000E-7	2.600264E-3
1.527500E-7	2.679059E-3
1.528000E-7	2.744151E-3
1.528500E-7	2.751003E-3
1.529000E-7	2.757855E-3
1.529500E-7	2.781836E-3
1.530000E-7	2.792113E-3
1.530500E-7	2.793826E-3
1.531000E-7	2.790400E-3
1.531500E-7	2.773271E-3
1.532000E-7	2.773271E-3
1.532500E-7	2.800678E-3
1.533000E-7	2.819521E-3
1.533500E-7	2.831511E-3
1.534000E-7	2.848641E-3
1.534500E-7	2.838364E-3
1.535000E-7	2.798966E-3
1.535500E-7	2.793827E-3
1.536000E-7	2.807531E-3
1.536500E-7	2.781837E-3
1.537000E-7	2.740726E-3
1.537500E-7	2.723596E-3
1.538000E-7	2.699615E-3
1.538500E-7	2.663643E-3
1.539000E-7	2.629384E-3
1.539500E-7	2.600264E-3
1.540000E-7	2.560866E-3
1.540500E-7	2.524894E-3
1.541000E-7	2.500913E-3
1.541500E-7	2.499200E-3
1.542000E-7	2.511191E-3
1.542500E-7	2.523182E-3
1.543000E-7	2.548876E-3
1.543500E-7	2.613968E-3
1.544000E-7	2.696189E-3
1.544500E-7	2.761281E-3
1.545000E-7	2.833225E-3
1.545500E-7	2.936002E-3
1.546000E-7	3.035353E-3
1.546500E-7	3.105584E-3
1.547000E-7	3.126139E-3
1.547500E-7	3.103870E-3
1.548000E-7	3.045630E-3
1.548500E-7	2.942853E-3
1.549000E-7	2.786975E-3
1.549500E-7	2.601977E-3
1.550000E-7	2.406701E-3
1.550500E-7	2.163463E-3
1.551000E-7	1.897956E-3
1.551500E-7	1.702680E-3
1.552000E-7	1.569070E-3
1.552500E-7	1.440600E-3
1.553000E-7	1.361804E-3
1.553500E-7	1.387499E-3
1.554000E-7	1.464581E-3
1.554500E-7	1.553655E-3
1.555000E-7	1.694116E-3
1.555500E-7	1.853420E-3
1.556000E-7	1.963049E-3
1.556500E-7	2.069252E-3
1.557000E-7	2.202861E-3
1.557500E-7	2.291934E-3
1.558000E-7	2.319341E-3
1.558500E-7	2.334757E-3
1.559000E-7	2.341609E-3
1.559500E-7	2.333044E-3
1.560000E-7	2.350173E-3
1.560500E-7	2.398136E-3
1.561000E-7	2.430682E-3
1.561500E-7	2.447811E-3
1.562000E-7	2.490635E-3
1.562500E-7	2.519755E-3
1.563000E-7	2.512903E-3
1.563500E-7	2.521468E-3
1.564000E-7	2.557440E-3
1.564500E-7	2.577995E-3
1.565000E-7	2.576283E-3
1.565500E-7	2.566005E-3
1.566000E-7	2.555728E-3
1.566500E-7	2.557441E-3
1.567000E-7	2.583135E-3
1.567500E-7	2.601977E-3
1.568000E-7	2.610542E-3
1.568500E-7	2.617394E-3
1.569000E-7	2.637950E-3
1.569500E-7	2.677347E-3
1.570000E-7	2.703042E-3
1.570500E-7	2.682486E-3
1.571000E-7	2.653366E-3
1.571500E-7	2.670496E-3
1.572000E-7	2.689338E-3
1.572500E-7	2.655079E-3
1.573000E-7	2.619107E-3
1.573500E-7	2.613969E-3
1.574000E-7	2.601978E-3
1.574500E-7	2.559154E-3
1.575000E-7	2.502627E-3
1.575500E-7	2.456377E-3
1.576000E-7	2.422118E-3
1.576500E-7	2.377581E-3
1.577000E-7	2.317628E-3
1.577500E-7	2.262813E-3
1.578000E-7	2.249110E-3
1.578500E-7	2.243971E-3
1.579000E-7	2.228554E-3
1.579500E-7	2.240545E-3
1.580000E-7	2.293646E-3
1.580500E-7	2.326192E-3
1.581000E-7	2.343322E-3
1.581500E-7	2.398136E-3
1.582000E-7	2.482070E-3
1.582500E-7	2.542024E-3
1.583000E-7	2.588273E-3
1.583500E-7	2.658504E-3
1.584000E-7	2.721883E-3
1.584500E-7	2.735587E-3
1.585000E-7	2.718457E-3
1.585500E-7	2.703041E-3
1.586000E-7	2.713319E-3
1.586500E-7	2.737300E-3
1.587000E-7	2.756142E-3
1.587500E-7	2.788688E-3
1.588000E-7	2.829799E-3
1.588500E-7	2.848642E-3
1.589000E-7	2.833225E-3
1.589500E-7	2.807531E-3
1.590000E-7	2.771559E-3
1.590500E-7	2.692764E-3
1.591000E-7	2.589987E-3
1.591500E-7	2.471794E-3
1.592000E-7	2.326193E-3
1.592500E-7	2.177167E-3
1.593000E-7	2.057261E-3
1.593500E-7	1.956197E-3
1.594000E-7	1.860272E-3
1.594500E-7	1.781476E-3
1.595000E-7	1.728375E-3
1.595500E-7	1.694116E-3
1.596000E-7	1.676986E-3
1.596500E-7	1.682125E-3
1.597000E-7	1.718097E-3
1.597500E-7	1.788328E-3
1.598000E-7	1.865410E-3
1.598500E-7	1.932215E-3
1.599000E-7	2.028140E-3
1.599500E-7	2.204573E-3
1.600000E-7	2.403275E-3
1.600500E-7	2.569431E-3
1.601000E-7	2.742438E-3
1.601500E-7	2.927436E-3
1.602000E-7	3.066185E-3
1.602500E-7	3.155258E-3
1.603000E-7	3.201508E-3
1.603500E-7	3.191230E-3
1.604000E-7	3.136416E-3
1.604500E-7	3.054194E-3
1.605000E-7	2.903455E-3
1.605500E-7	2.723596E-3
1.606000E-7	2.576283E-3
1.606500E-7	2.451238E-3
1.607000E-7	2.310776E-3
1.607500E-7	2.216564E-3
1.608000E-7	2.190870E-3
1.608500E-7	2.180592E-3
1.609000E-7	2.161750E-3
1.609500E-7	2.175453E-3
1.610000E-7	2.214851E-3
1.610500E-7	2.274804E-3
1.611000E-7	2.362164E-3
1.611500E-7	2.440960E-3
1.612000E-7	2.495774E-3
1.612500E-7	2.540310E-3
1.613000E-7	2.581421E-3
1.613500E-7	2.571144E-3
1.614000E-7	2.530033E-3
1.614500E-7	2.504339E-3
1.615000E-7	2.466654E-3
1.615500E-7	2.403275E-3
1.616000E-7	2.343322E-3
1.616500E-7	2.305637E-3
1.617000E-7	2.286795E-3
1.617500E-7	2.298785E-3
1.618000E-7	2.350174E-3
1.618500E-7	2.415266E-3
1.619000E-7	2.500913E-3
1.619500E-7	2.617393E-3
1.620000E-7	2.730448E-3
1.620500E-7	2.788688E-3
1.621000E-7	2.805818E-3
1.621500E-7	2.797253E-3
1.622000E-7	2.754429E-3
1.622500E-7	2.668782E-3
1.623000E-7	2.564293E-3
1.623500E-7	2.464942E-3
1.624000E-7	2.365591E-3
1.624500E-7	2.281657E-3
1.625000E-7	2.213139E-3
1.625500E-7	2.144621E-3
1.626000E-7	2.108649E-3
1.626500E-7	2.139482E-3
1.627000E-7	2.201148E-3
1.627500E-7	2.264526E-3
1.628000E-7	2.334757E-3
1.628500E-7	2.406701E-3
1.629000E-7	2.451237E-3
1.629500E-7	2.452950E-3
1.630000E-7	2.416978E-3
1.630500E-7	2.353599E-3
1.631000E-7	2.293646E-3
1.631500E-7	2.247396E-3
1.632000E-7	2.184017E-3
1.632500E-7	2.098370E-3
1.633000E-7	2.024713E-3
1.633500E-7	1.973325E-3
1.634000E-7	1.925363E-3
1.634500E-7	1.894530E-3
1.635000E-7	1.923650E-3
1.635500E-7	2.029853E-3
1.636000E-7	2.170315E-3
1.636500E-7	2.321055E-3
1.637000E-7	2.482072E-3
1.637500E-7	2.627672E-3
1.638000E-7	2.752717E-3
1.638500E-7	2.874337E-3
1.639000E-7	2.968549E-3
1.639500E-7	2.992530E-3
1.640000E-7	2.980539E-3
1.640500E-7	2.953132E-3
1.641000E-7	2.874336E-3
1.641500E-7	2.774985E-3
1.642000E-7	2.692764E-3
1.642500E-7	2.610542E-3
1.643000E-7	2.507765E-3
1.643500E-7	2.435822E-3
1.644000E-7	2.422118E-3
1.644500E-7	2.437535E-3
1.645000E-7	2.463229E-3
1.645500E-7	2.478645E-3
1.646000E-7	2.485497E-3
1.646500E-7	2.499201E-3
1.647000E-7	2.521469E-3
1.647500E-7	2.540311E-3
1.648000E-7	2.564292E-3
1.648500E-7	2.588273E-3
1.649000E-7	2.584847E-3
1.649500E-7	2.591699E-3
1.650000E-7	2.629384E-3
1.650500E-7	2.649940E-3
1.651000E-7	2.617394E-3
1.651500E-7	2.588274E-3
1.652000E-7	2.576283E-3
1.652500E-7	2.536886E-3
1.653000E-7	2.464942E-3
1.653500E-7	2.398137E-3
1.654000E-7	2.331332E-3
1.654500E-7	2.231981E-3
1.655000E-7	2.132630E-3
1.655500E-7	2.064112E-3
1.656000E-7	2.040130E-3
1.656500E-7	2.045269E-3
1.657000E-7	2.070963E-3
1.657500E-7	2.112074E-3
1.658000E-7	2.151471E-3
1.658500E-7	2.189156E-3
1.659000E-7	2.266238E-3
1.659500E-7	2.365589E-3
1.660000E-7	2.444385E-3
1.660500E-7	2.511190E-3
1.661000E-7	2.595124E-3
1.661500E-7	2.687624E-3
1.662000E-7	2.762994E-3
1.662500E-7	2.831512E-3
1.663000E-7	2.898317E-3
1.663500E-7	2.970261E-3
1.664000E-7	3.035353E-3
1.664500E-7	3.081603E-3
1.665000E-7	3.086742E-3
1.665500E-7	3.061047E-3
1.666000E-7	3.016511E-3
1.666500E-7	2.941141E-3
1.667000E-7	2.816096E-3
1.667500E-7	2.658505E-3
1.668000E-7	2.516330E-3
1.668500E-7	2.404988E-3
1.669000E-7	2.309063E-3
1.669500E-7	2.240545E-3
1.670000E-7	2.228555E-3
1.670500E-7	2.255962E-3
1.671000E-7	2.315915E-3
1.671500E-7	2.452951E-3
1.672000E-7	2.656791E-3
1.672500E-7	2.841790E-3
1.673000E-7	2.987390E-3
1.673500E-7	3.119287E-3
1.674000E-7	3.199796E-3
1.674500E-7	3.186092E-3
1.675000E-7	3.105584E-3
1.675500E-7	2.995955E-3
1.676000E-7	2.836651E-3
1.676500E-7	2.639662E-3
1.677000E-7	2.449525E-3
1.677500E-7	2.290221E-3
1.678000E-7	2.144621E-3
1.678500E-7	2.004159E-3
1.679000E-7	1.891105E-3
1.679500E-7	1.812309E-3
1.680000E-7	1.752356E-3
1.680500E-7	1.706106E-3
1.681000E-7	1.671847E-3
1.681500E-7	1.656431E-3
1.682000E-7	1.632449E-3
1.682500E-7	1.589626E-3
1.683000E-7	1.579348E-3
1.683500E-7	1.658143E-3
1.684000E-7	1.766059E-3
1.684500E-7	1.848281E-3
1.685000E-7	1.963048E-3
1.685500E-7	2.153185E-3
1.686000E-7	2.348461E-3
1.686500E-7	2.470080E-3
1.687000E-7	2.572857E-3
1.687500E-7	2.679060E-3
1.688000E-7	2.718457E-3
1.688500E-7	2.685911E-3
1.689000E-7	2.636236E-3
1.689500E-7	2.572856E-3
1.690000E-7	2.483783E-3
1.690500E-7	2.404987E-3
1.691000E-7	2.341608E-3
1.691500E-7	2.290220E-3
1.692000E-7	2.286794E-3
1.692500E-7	2.322766E-3
1.693000E-7	2.343321E-3
1.693500E-7	2.372442E-3
1.694000E-7	2.440960E-3
1.694500E-7	2.497488E-3
1.695000E-7	2.518043E-3
1.695500E-7	2.552302E-3
1.696000E-7	2.577996E-3
1.696500E-7	2.550589E-3
1.697000E-7	2.528321E-3
1.697500E-7	2.516330E-3
1.698000E-7	2.482071E-3
1.698500E-7	2.439247E-3
1.699000E-7	2.422118E-3
1.699500E-7	2.406701E-3
1.700000E-7	2.423830E-3
1.700500E-7	2.514617E-3
1.701000E-7	2.639662E-3
1.701500E-7	2.786975E-3
1.702000E-7	2.989103E-3
1.702500E-7	3.210073E-3
1.703000E-7	3.369378E-3
1.703500E-7	3.490997E-3
1.704000E-7	3.626320E-3
1.704500E-7	3.703402E-3
1.705000E-7	3.672569E-3
1.705500E-7	3.590348E-3
1.706000E-7	3.473868E-3
1.706500E-7	3.300860E-3
1.707000E-7	3.083316E-3
1.707500E-7	2.858919E-3
1.708000E-7	2.649940E-3
1.708500E-7	2.447812E-3
1.709000E-7	2.255962E-3
1.709500E-7	2.115500E-3
1.710000E-7	2.026427E-3
1.710500E-7	1.969900E-3
1.711000E-7	1.952771E-3
1.711500E-7	1.985317E-3
1.712000E-7	2.053835E-3
1.712500E-7	2.120639E-3
1.713000E-7	2.199435E-3
1.713500E-7	2.305638E-3
1.714000E-7	2.403276E-3
1.714500E-7	2.444386E-3
1.715000E-7	2.459803E-3
1.715500E-7	2.483784E-3
1.716000E-7	2.461516E-3
1.716500E-7	2.377581E-3
1.717000E-7	2.279943E-3
1.717500E-7	2.185731E-3
1.718000E-7	2.065824E-3
1.718500E-7	1.942492E-3
1.719000E-7	1.853419E-3
1.719500E-7	1.822586E-3
1.720000E-7	1.834577E-3
1.720500E-7	1.875687E-3
1.721000E-7	1.920224E-3
1.721500E-7	1.995594E-3
1.722000E-7	2.124065E-3
1.722500E-7	2.238832E-3
1.723000E-7	2.314202E-3
1.723500E-7	2.399849E-3
1.724000E-7	2.478645E-3
1.724500E-7	2.488922E-3
1.725000E-7	2.488922E-3
1.725500E-7	2.524894E-3
1.726000E-7	2.542024E-3
1.726500E-7	2.543737E-3
1.727000E-7	2.593413E-3
1.727500E-7	2.667069E-3
1.728000E-7	2.718458E-3
1.728500E-7	2.768133E-3
1.729000E-7	2.840077E-3
1.729500E-7	2.908595E-3
1.730000E-7	2.968548E-3
1.730500E-7	3.023362E-3
1.731000E-7	3.064473E-3
1.731500E-7	3.117574E-3
1.732000E-7	3.172389E-3
1.732500E-7	3.167250E-3
1.733000E-7	3.109010E-3
1.733500E-7	3.043917E-3
1.734000E-7	2.973687E-3
1.734500E-7	2.889752E-3
1.735000E-7	2.800679E-3
1.735500E-7	2.706467E-3
1.736000E-7	2.581421E-3
1.736500E-7	2.476932E-3
1.737000E-7	2.437534E-3
1.737500E-7	2.434108E-3
1.738000E-7	2.439246E-3
1.738500E-7	2.478644E-3
1.739000E-7	2.547162E-3
1.739500E-7	2.620819E-3
1.740000E-7	2.730447E-3
1.740500E-7	2.857206E-3
1.741000E-7	2.956557E-3
1.741500E-7	3.047343E-3
1.742000E-7	3.144981E-3
1.742500E-7	3.215212E-3
1.743000E-7	3.256323E-3
1.743500E-7	3.288869E-3
1.744000E-7	3.295721E-3
1.744500E-7	3.242619E-3
1.745000E-7	3.148407E-3
1.745500E-7	3.043917E-3
1.746000E-7	2.930863E-3
1.746500E-7	2.795540E-3
1.747000E-7	2.649939E-3
1.747500E-7	2.526607E-3
1.748000E-7	2.437534E-3
1.748500E-7	2.358738E-3
1.749000E-7	2.298785E-3
1.749500E-7	2.279943E-3
1.750000E-7	2.281656E-3
1.750500E-7	2.300498E-3
1.751000E-7	2.374155E-3
1.751500E-7	2.478645E-3
1.752000E-7	2.543737E-3
1.752500E-7	2.584848E-3
1.753000E-7	2.627672E-3
1.753500E-7	2.625959E-3
1.754000E-7	2.572858E-3
1.754500E-7	2.519756E-3
1.755000E-7	2.458090E-3
1.755500E-7	2.382720E-3
1.756000E-7	2.319341E-3
1.756500E-7	2.271379E-3
1.757000E-7	2.202861E-3
1.757500E-7	2.142907E-3
1.758000E-7	2.118926E-3
1.758500E-7	2.103509E-3
1.759000E-7	2.106935E-3
1.759500E-7	2.175453E-3
1.760000E-7	2.281656E-3
1.760500E-7	2.377581E-3
1.761000E-7	2.464941E-3
1.761500E-7	2.559153E-3
1.762000E-7	2.643088E-3
1.762500E-7	2.708180E-3
1.763000E-7	2.735587E-3
1.763500E-7	2.725309E-3
1.764000E-7	2.697901E-3
1.764500E-7	2.653365E-3
1.765000E-7	2.579708E-3
1.765500E-7	2.504338E-3
1.766000E-7	2.427256E-3
1.766500E-7	2.331331E-3
1.767000E-7	2.255961E-3
1.767500E-7	2.247397E-3
1.768000E-7	2.261100E-3
1.768500E-7	2.240545E-3
1.769000E-7	2.262814E-3
1.769500E-7	2.381007E-3
1.770000E-7	2.533459E-3
1.770500E-7	2.649940E-3
1.771000E-7	2.769846E-3
1.771500E-7	2.906881E-3
1.772000E-7	3.033639E-3
1.772500E-7	3.134703E-3
1.773000E-7	3.208360E-3
1.773500E-7	3.227202E-3
1.774000E-7	3.196369E-3
1.774500E-7	3.148407E-3
1.775000E-7	3.079889E-3
1.775500E-7	2.963409E-3
1.776000E-7	2.812670E-3
1.776500E-7	2.656791E-3
1.777000E-7	2.502626E-3
1.777500E-7	2.386146E-3
1.778000E-7	2.300498E-3
1.778500E-7	2.214851E-3
1.779000E-7	2.165175E-3
1.779500E-7	2.194295E-3
1.780000E-7	2.264526E-3
1.780500E-7	2.327905E-3
1.781000E-7	2.386145E-3
1.781500E-7	2.442673E-3
1.782000E-7	2.495774E-3
1.782500E-7	2.516330E-3
1.783000E-7	2.464942E-3
1.783500E-7	2.369017E-3
1.784000E-7	2.288508E-3
1.784500E-7	2.201148E-3
1.785000E-7	2.060687E-3
1.785500E-7	1.932216E-3
1.786000E-7	1.865411E-3
1.786500E-7	1.829439E-3
1.787000E-7	1.832864E-3
1.787500E-7	1.899669E-3
1.788000E-7	2.007584E-3
1.788500E-7	2.156611E-3
1.789000E-7	2.386145E-3
1.789500E-7	2.649939E-3
1.790000E-7	2.894890E-3
1.790500E-7	3.110722E-3
1.791000E-7	3.263174E-3
1.791500E-7	3.333405E-3
1.792000E-7	3.340257E-3
1.792500E-7	3.276878E-3
1.793000E-7	3.114148E-3
1.793500E-7	2.922298E-3
1.794000E-7	2.762994E-3
1.794500E-7	2.596838E-3
1.795000E-7	2.439247E-3
1.795500E-7	2.355312E-3
1.796000E-7	2.314202E-3
1.796500E-7	2.273091E-3
1.797000E-7	2.302211E-3
1.797500E-7	2.423830E-3
1.798000E-7	2.560866E-3
1.798500E-7	2.665356E-3
1.799000E-7	2.754430E-3
1.799500E-7	2.841790E-3
1.800000E-7	2.913734E-3
1.800500E-7	2.942854E-3
1.801000E-7	2.930864E-3
1.801500E-7	2.901744E-3
1.802000E-7	2.876049E-3
1.802500E-7	2.848642E-3
1.803000E-7	2.809244E-3
1.803500E-7	2.776698E-3
1.804000E-7	2.757856E-3
1.804500E-7	2.754430E-3
1.805000E-7	2.739013E-3
1.805500E-7	2.725309E-3
1.806000E-7	2.733874E-3
1.806500E-7	2.754429E-3
1.807000E-7	2.752716E-3
1.807500E-7	2.737300E-3
1.808000E-7	2.711605E-3
1.808500E-7	2.649939E-3
1.809000E-7	2.550589E-3
1.809500E-7	2.439247E-3
1.810000E-7	2.322767E-3
1.810500E-7	2.204574E-3
1.811000E-7	2.096658E-3
1.811500E-7	2.000733E-3
1.812000E-7	1.923651E-3
1.812500E-7	1.863698E-3
1.813000E-7	1.822587E-3
1.813500E-7	1.819161E-3
1.814000E-7	1.865410E-3
1.814500E-7	1.944206E-3
1.815000E-7	2.050408E-3
1.815500E-7	2.187444E-3
1.816000E-7	2.324480E-3
1.816500E-7	2.437534E-3
1.817000E-7	2.542023E-3
1.817500E-7	2.632809E-3
1.818000E-7	2.701327E-3
1.818500E-7	2.762993E-3
1.819000E-7	2.821233E-3
1.819500E-7	2.855492E-3
1.820000E-7	2.893177E-3
1.820500E-7	2.939427E-3
1.821000E-7	2.949705E-3
1.821500E-7	2.946279E-3
1.822000E-7	2.934288E-3
1.822500E-7	2.882900E-3
1.823000E-7	2.793826E-3
1.823500E-7	2.728734E-3
1.824000E-7	2.672207E-3
1.824500E-7	2.566005E-3
1.825000E-7	2.444386E-3
1.825500E-7	2.360451E-3
1.826000E-7	2.285082E-3
1.826500E-7	2.201147E-3
1.827000E-7	2.154898E-3
1.827500E-7	2.161750E-3
1.828000E-7	2.194296E-3
1.828500E-7	2.238832E-3
1.829000E-7	2.338183E-3
1.829500E-7	2.482071E-3
1.830000E-7	2.643088E-3
1.830500E-7	2.792114E-3
1.831000E-7	2.912021E-3
1.831500E-7	2.995955E-3
1.832000E-7	3.026788E-3
1.832500E-7	2.997668E-3
1.833000E-7	2.915446E-3
1.833500E-7	2.812669E-3
1.834000E-7	2.682485E-3
1.834500E-7	2.540311E-3
1.835000E-7	2.406701E-3
1.835500E-7	2.303924E-3
1.836000E-7	2.233693E-3
1.836500E-7	2.173740E-3
1.837000E-7	2.115500E-3
1.837500E-7	2.112074E-3
1.838000E-7	2.151472E-3
1.838500E-7	2.163463E-3
1.839000E-7	2.149759E-3
1.839500E-7	2.156611E-3
1.840000E-7	2.160037E-3
1.840500E-7	2.101797E-3
1.841000E-7	2.011011E-3
1.841500E-7	1.939067E-3
1.842000E-7	1.879114E-3
1.842500E-7	1.807170E-3
1.843000E-7	1.735226E-3
1.843500E-7	1.714671E-3
1.844000E-7	1.772911E-3
1.844500E-7	1.872262E-3
1.845000E-7	1.980178E-3
1.845500E-7	2.122353E-3
1.846000E-7	2.283370E-3
1.846500E-7	2.403276E-3
1.847000E-7	2.494062E-3
1.847500E-7	2.591700E-3
1.848000E-7	2.663643E-3
1.848500E-7	2.679060E-3
1.849000E-7	2.677347E-3
1.849500E-7	2.673921E-3
1.850000E-7	2.629385E-3
1.850500E-7	2.533460E-3
1.851000E-7	2.449525E-3
1.851500E-7	2.420405E-3
1.852000E-7	2.444386E-3
1.852500E-7	2.482071E-3
1.853000E-7	2.545450E-3
1.853500E-7	2.675634E-3
1.854000E-7	2.834938E-3
1.854500E-7	2.958270E-3
1.855000E-7	3.038778E-3
1.855500E-7	3.090167E-3
1.856000E-7	3.095305E-3
1.856500E-7	3.023362E-3
1.857000E-7	2.884613E-3
1.857500E-7	2.720170E-3
1.858000E-7	2.552301E-3
1.858500E-7	2.386146E-3
1.859000E-7	2.218277E-3
1.859500E-7	2.089806E-3
1.860000E-7	2.038418E-3
1.860500E-7	2.046982E-3
1.861000E-7	2.094945E-3
1.861500E-7	2.190870E-3
1.862000E-7	2.331331E-3
1.862500E-7	2.480358E-3
1.863000E-7	2.615681E-3
1.863500E-7	2.725309E-3
1.864000E-7	2.800679E-3
1.864500E-7	2.836650E-3
1.865000E-7	2.819521E-3
1.865500E-7	2.752716E-3
1.866000E-7	2.655078E-3
1.866500E-7	2.524894E-3
1.867000E-7	2.362164E-3
1.867500E-7	2.197721E-3
1.868000E-7	2.064111E-3
1.868500E-7	1.963047E-3
1.869000E-7	1.913372E-3
1.869500E-7	1.906520E-3
1.870000E-7	1.920224E-3
1.870500E-7	1.969899E-3
1.871000E-7	2.077815E-3
1.871500E-7	2.201147E-3
1.872000E-7	2.290221E-3
1.872500E-7	2.360451E-3
1.873000E-7	2.432395E-3
1.873500E-7	2.512904E-3
1.874000E-7	2.584847E-3
1.874500E-7	2.634523E-3
1.875000E-7	2.701328E-3
1.875500E-7	2.780123E-3
1.876000E-7	2.817808E-3
1.876500E-7	2.812670E-3
1.877000E-7	2.833225E-3
1.877500E-7	2.884614E-3
1.878000E-7	2.913734E-3
1.878500E-7	2.920586E-3
1.879000E-7	2.927438E-3
1.879500E-7	2.925725E-3
1.880000E-7	2.910309E-3
1.880500E-7	2.882901E-3
1.881000E-7	2.829800E-3
1.881500E-7	2.764708E-3
1.882000E-7	2.706467E-3
1.882500E-7	2.651653E-3
1.883000E-7	2.601977E-3
1.883500E-7	2.569431E-3
1.884000E-7	2.540311E-3
1.884500E-7	2.512904E-3
1.885000E-7	2.523182E-3
1.885500E-7	2.542024E-3
1.886000E-7	2.543737E-3
1.886500E-7	2.574570E-3
1.887000E-7	2.655079E-3
1.887500E-7	2.732162E-3
1.888000E-7	2.774985E-3
1.888500E-7	2.809244E-3
1.889000E-7	2.821235E-3
1.889500E-7	2.805819E-3
1.890000E-7	2.783550E-3
1.890500E-7	2.739014E-3
1.891000E-7	2.651653E-3
1.891500E-7	2.560867E-3
1.892000E-7	2.500914E-3
1.892500E-7	2.425544E-3
1.893000E-7	2.317629E-3
1.893500E-7	2.233694E-3
1.894000E-7	2.165176E-3
1.894500E-7	2.089806E-3
1.895000E-7	2.060686E-3
1.895500E-7	2.100084E-3
1.896000E-7	2.151472E-3
1.896500E-7	2.206286E-3
1.897000E-7	2.291934E-3
1.897500E-7	2.403275E-3
1.898000E-7	2.511191E-3
1.898500E-7	2.607116E-3
1.899000E-7	2.689338E-3
1.899500E-7	2.761282E-3
1.900000E-7	2.840078E-3
1.900500E-7	2.889753E-3
1.901000E-7	2.886327E-3
1.901500E-7	2.850356E-3
1.902000E-7	2.793828E-3
1.902500E-7	2.718458E-3
1.903000E-7	2.629385E-3
1.903500E-7	2.535173E-3
1.904000E-7	2.422118E-3
1.904500E-7	2.303924E-3
1.905000E-7	2.225129E-3
1.905500E-7	2.192583E-3
1.906000E-7	2.172027E-3
1.906500E-7	2.168601E-3
1.907000E-7	2.196009E-3
1.907500E-7	2.257675E-3
1.908000E-7	2.350174E-3
1.908500E-7	2.452951E-3
1.909000E-7	2.542025E-3
1.909500E-7	2.629385E-3
1.910000E-7	2.739014E-3
1.910500E-7	2.848643E-3
1.911000E-7	2.908596E-3
1.911500E-7	2.932577E-3
1.912000E-7	2.941141E-3
1.912500E-7	2.929150E-3
1.913000E-7	2.886326E-3
1.913500E-7	2.848641E-3
1.914000E-7	2.828086E-3
1.914500E-7	2.783549E-3
1.915000E-7	2.720170E-3
1.915500E-7	2.679059E-3
1.916000E-7	2.665356E-3
1.916500E-7	2.653366E-3
1.917000E-7	2.668782E-3
1.917500E-7	2.732162E-3
1.918000E-7	2.828087E-3
1.918500E-7	2.925725E-3
1.919000E-7	3.007947E-3
1.919500E-7	3.078178E-3
1.920000E-7	3.148409E-3
1.920500E-7	3.189520E-3
1.921000E-7	3.165538E-3
1.921500E-7	3.085030E-3
1.922000E-7	2.982253E-3
1.922500E-7	2.877763E-3
1.923000E-7	2.749291E-3
1.923500E-7	2.622533E-3
1.924000E-7	2.524895E-3
1.924500E-7	2.456377E-3
1.925000E-7	2.391285E-3
1.925500E-7	2.346748E-3
1.926000E-7	2.360452E-3
1.926500E-7	2.408414E-3
1.927000E-7	2.456377E-3
1.927500E-7	2.509478E-3
1.928000E-7	2.572857E-3
1.928500E-7	2.624245E-3
1.929000E-7	2.655078E-3
1.929500E-7	2.684198E-3
1.930000E-7	2.709892E-3
1.930500E-7	2.725309E-3
1.931000E-7	2.737299E-3
1.931500E-7	2.742438E-3
1.932000E-7	2.718457E-3
1.932500E-7	2.672207E-3
1.933000E-7	2.620819E-3
1.933500E-7	2.593412E-3
1.934000E-7	2.574570E-3
1.934500E-7	2.535172E-3
1.935000E-7	2.487210E-3
1.935500E-7	2.466655E-3
1.936000E-7	2.458090E-3
1.936500E-7	2.410128E-3
1.937000E-7	2.336471E-3
1.937500E-7	2.303925E-3
1.938000E-7	2.295360E-3
1.938500E-7	2.273092E-3
1.939000E-7	2.238833E-3
1.939500E-7	2.245685E-3
1.940000E-7	2.290221E-3
1.940500E-7	2.321054E-3
1.941000E-7	2.324480E-3
1.941500E-7	2.336471E-3
1.942000E-7	2.353600E-3
1.942500E-7	2.310777E-3
1.943000E-7	2.213139E-3
1.943500E-7	2.134343E-3
1.944000E-7	2.072677E-3
1.944500E-7	1.995594E-3
1.945000E-7	1.927076E-3
1.945500E-7	1.909947E-3
1.946000E-7	1.933928E-3
1.946500E-7	2.004159E-3
1.947000E-7	2.130916E-3
1.947500E-7	2.285082E-3
1.948000E-7	2.444385E-3
1.948500E-7	2.622532E-3
1.949000E-7	2.786975E-3
1.949500E-7	2.903455E-3
1.950000E-7	2.971973E-3
1.950500E-7	3.006232E-3
1.951000E-7	2.994242E-3
1.951500E-7	2.949705E-3
1.952000E-7	2.869197E-3
1.952500E-7	2.757855E-3
1.953000E-7	2.670495E-3
1.953500E-7	2.637949E-3
1.954000E-7	2.613968E-3
1.954500E-7	2.581422E-3
1.955000E-7	2.600264E-3
1.955500E-7	2.673921E-3
1.956000E-7	2.754429E-3
1.956500E-7	2.829799E-3
1.957000E-7	2.908594E-3
1.957500E-7	2.975399E-3
1.958000E-7	3.019936E-3
1.958500E-7	3.033640E-3
1.959000E-7	3.009658E-3
1.959500E-7	2.975399E-3
1.960000E-7	2.942853E-3
1.960500E-7	2.881187E-3
1.961000E-7	2.790401E-3
1.961500E-7	2.701328E-3
1.962000E-7	2.605403E-3
1.962500E-7	2.480358E-3
1.963000E-7	2.339896E-3
1.963500E-7	2.216564E-3
1.964000E-7	2.106936E-3
1.964500E-7	1.981890E-3
1.965000E-7	1.858558E-3
1.965500E-7	1.769485E-3
1.966000E-7	1.716384E-3
1.966500E-7	1.663283E-3
1.967000E-7	1.635876E-3
1.967500E-7	1.661570E-3
1.968000E-7	1.721523E-3
1.968500E-7	1.784902E-3
1.969000E-7	1.855132E-3
1.969500E-7	1.937354E-3
1.970000E-7	2.004159E-3
1.970500E-7	2.058973E-3
1.971000E-7	2.136055E-3
1.971500E-7	2.266239E-3
1.972000E-7	2.413552E-3
1.972500E-7	2.523181E-3
1.973000E-7	2.583134E-3
1.973500E-7	2.639661E-3
1.974000E-7	2.703040E-3
1.974500E-7	2.747577E-3
1.975000E-7	2.771558E-3
1.975500E-7	2.790401E-3
1.976000E-7	2.807531E-3
1.976500E-7	2.807531E-3
1.977000E-7	2.790401E-3
1.977500E-7	2.773272E-3
1.978000E-7	2.751004E-3
1.978500E-7	2.723596E-3
1.979000E-7	2.685911E-3
1.979500E-7	2.639662E-3
1.980000E-7	2.584847E-3
1.980500E-7	2.523181E-3
1.981000E-7	2.454663E-3
1.981500E-7	2.353599E-3
1.982000E-7	2.219990E-3
1.982500E-7	2.088093E-3
1.983000E-7	1.997307E-3
1.983500E-7	1.909947E-3
1.984000E-7	1.824300E-3
1.984500E-7	1.798605E-3
1.985000E-7	1.856846E-3
1.985500E-7	1.963048E-3
1.986000E-7	2.101797E-3
1.986500E-7	2.281656E-3
1.987000E-7	2.490635E-3
1.987500E-7	2.732160E-3
1.988000E-7	2.992528E-3
1.988500E-7	3.196369E-3
1.989000E-7	3.316275E-3
1.989500E-7	3.395070E-3
1.990000E-7	3.405348E-3
1.990500E-7	3.309423E-3
1.991000E-7	3.153545E-3
1.991500E-7	2.961695E-3
1.992000E-7	2.718457E-3
1.992500E-7	2.452950E-3
1.993000E-7	2.190870E-3
1.993500E-7	1.923650E-3
1.994000E-7	1.675273E-3
1.994500E-7	1.490274E-3
1.995000E-7	1.382359E-3
1.995500E-7	1.365229E-3
1.996000E-7	1.462867E-3
1.996500E-7	1.623884E-3
1.997000E-7	1.807169E-3
1.997500E-7	2.041843E-3
1.998000E-7	2.339895E-3
1.998500E-7	2.615680E-3
1.999000E-7	2.828085E-3
1.999500E-7	2.995954E-3
2.000000E-7	3.126138E-3
