Study Name	Tungsten_Kyocera
Sample Name	2024-02-05
Run Name	spot03
Operator	Angus+Samantha
Date	2/5/2024
Time	16:26
Sign	FIX
Grating Spacing	03.40um
Channel	3
Number Traces	10000
Files in Batch	1
Batch Number	303
dt	50.000001E-12
time stamp (ms)	9:41:00 PM
	
Time	Amplitude
0.000000E+0	-8.906863E-5
5.000000E-11	3.768941E-5
1.000000E-10	1.781511E-4
1.500000E-10	2.877797E-4
2.000000E-10	4.213895E-4
2.500000E-10	5.635641E-4
3.000000E-10	6.509245E-4
3.500000E-10	7.006000E-4
4.000000E-10	7.622662E-4
4.500000E-10	7.828216E-4
5.000000E-10	7.280074E-4
5.500000E-10	6.594896E-4
6.000000E-10	6.218048E-4
6.500000E-10	5.824070E-4
7.000000E-10	5.378704E-4
7.500000E-10	4.762043E-4
8.000000E-10	4.042605E-4
8.500000E-10	3.323167E-4
9.000000E-10	2.586599E-4
9.500000E-10	1.644478E-4
1.000000E-9	6.852284E-5
1.050000E-9	8.569768E-6
1.100000E-9	-3.767974E-5
1.150000E-9	-1.061976E-4
1.200000E-9	-1.610118E-4
1.250000E-9	-1.832801E-4
1.300000E-9	-1.901319E-4
1.350000E-9	-1.815672E-4
1.400000E-9	-1.318918E-4
1.450000E-9	-4.795739E-5
1.500000E-9	3.083812E-5
1.550000E-9	1.113465E-4
1.600000E-9	2.004196E-4
1.650000E-9	2.586597E-4
1.700000E-9	2.672244E-4
1.750000E-9	2.329654E-4
1.800000E-9	1.832898E-4
1.850000E-9	1.370402E-4
1.900000E-9	8.565168E-5
1.950000E-9	3.083734E-5
2.000000E-9	4.297817E-9
2.050000E-9	2.569850E-5
2.100000E-9	7.879987E-5
2.150000E-9	1.456049E-4
2.200000E-9	2.500948E-4
2.250000E-9	3.905566E-4
2.300000E-9	5.053242E-4
2.350000E-9	5.909717E-4
2.400000E-9	6.766192E-4
2.450000E-9	7.502761E-4
2.500000E-9	7.725445E-4
2.550000E-9	7.519893E-4
2.600000E-9	7.160174E-4
2.650000E-9	6.612032E-4
2.700000E-9	5.824076E-4
2.750000E-9	4.899085E-4
2.800000E-9	4.008352E-4
2.850000E-9	3.425948E-4
2.900000E-9	3.100486E-4
2.950000E-9	2.757895E-4
3.000000E-9	2.483821E-4
3.050000E-9	2.329654E-4
3.100000E-9	2.192615E-4
3.150000E-9	2.038448E-4
3.200000E-9	1.901410E-4
3.250000E-9	1.798632E-4
3.300000E-9	1.712984E-4
3.350000E-9	1.764373E-4
3.400000E-9	1.798633E-4
3.450000E-9	1.712987E-4
3.500000E-9	1.661599E-4
3.550000E-9	1.627342E-4
3.600000E-9	1.404660E-4
3.650000E-9	1.199107E-4
3.700000E-9	1.181979E-4
3.750000E-9	1.301886E-4
3.800000E-9	1.404663E-4
3.850000E-9	1.541700E-4
3.900000E-9	1.712994E-4
3.950000E-9	1.832901E-4
4.000000E-9	1.918548E-4
4.050000E-9	2.055584E-4
4.100000E-9	2.158361E-4
4.150000E-9	2.295396E-4
4.200000E-9	2.637985E-4
4.250000E-9	2.997704E-4
4.300000E-9	3.477328E-4
4.350000E-9	4.076859E-4
4.400000E-9	4.744907E-4
4.450000E-9	5.275919E-4
4.500000E-9	5.755543E-4
4.550000E-9	6.457850E-4
4.600000E-9	7.194417E-4
4.650000E-9	7.588396E-4
4.700000E-9	7.811080E-4
4.750000E-9	7.982376E-4
4.800000E-9	8.119413E-4
4.850000E-9	8.222191E-4
4.900000E-9	8.324969E-4
4.950000E-9	8.239323E-4
5.000000E-9	7.811087E-4
5.050000E-9	7.331462E-4
5.100000E-9	6.868966E-4
5.150000E-9	6.355083E-4
5.200000E-9	5.961105E-4
5.250000E-9	5.978234E-4
5.300000E-9	6.132400E-4
5.350000E-9	6.440732E-4
5.400000E-9	7.057393E-4
5.450000E-9	7.759702E-4
5.500000E-9	8.393493E-4
5.550000E-9	9.078671E-4
5.600000E-9	9.952274E-4
5.650000E-9	1.079162E-3
5.700000E-9	1.151106E-3
5.750000E-9	1.185364E-3
5.800000E-9	1.181938E-3
5.850000E-9	1.163096E-3
5.900000E-9	1.140827E-3
5.950000E-9	1.087726E-3
6.000000E-9	1.031199E-3
6.050000E-9	9.832361E-4
6.100000E-9	9.267088E-4
6.150000E-9	8.616169E-4
6.200000E-9	8.170803E-4
6.250000E-9	7.845344E-4
6.300000E-9	7.622662E-4
6.350000E-9	7.776828E-4
6.400000E-9	8.273584E-4
6.450000E-9	8.873117E-4
6.500000E-9	9.472650E-4
6.550000E-9	1.003792E-3
6.600000E-9	1.031200E-3
6.650000E-9	1.036339E-3
6.700000E-9	1.063746E-3
6.750000E-9	1.086014E-3
6.800000E-9	1.075736E-3
6.850000E-9	1.058607E-3
6.900000E-9	1.063746E-3
6.950000E-9	1.077450E-3
7.000000E-9	1.087727E-3
7.050000E-9	1.115134E-3
7.100000E-9	1.139116E-3
7.150000E-9	1.127125E-3
7.200000E-9	1.101431E-3
7.250000E-9	1.091153E-3
7.300000E-9	1.070598E-3
7.350000E-9	1.020922E-3
7.400000E-9	9.575431E-4
7.450000E-9	8.838863E-4
7.500000E-9	7.759705E-4
7.550000E-9	6.406475E-4
7.600000E-9	5.258799E-4
7.650000E-9	4.282417E-4
7.700000E-9	3.323165E-4
7.750000E-9	2.586596E-4
7.800000E-9	2.312523E-4
7.850000E-9	2.415300E-4
7.900000E-9	2.860666E-4
7.950000E-9	3.717139E-4
8.000000E-9	4.744908E-4
8.050000E-9	5.721288E-4
8.100000E-9	6.749057E-4
8.150000E-9	7.896732E-4
8.200000E-9	8.718948E-4
8.250000E-9	9.112927E-4
8.300000E-9	9.506905E-4
8.350000E-9	9.626812E-4
8.400000E-9	9.369871E-4
8.450000E-9	8.890246E-4
8.500000E-9	8.342103E-4
8.550000E-9	7.759701E-4
8.600000E-9	7.314334E-4
8.650000E-9	7.040263E-4
8.700000E-9	6.646284E-4
8.750000E-9	6.098141E-4
8.800000E-9	5.532867E-4
8.850000E-9	4.967594E-4
8.900000E-9	4.282414E-4
8.950000E-9	3.545846E-4
9.000000E-9	2.843538E-4
9.050000E-9	2.089841E-4
9.100000E-9	1.353275E-4
9.150000E-9	7.708739E-5
9.200000E-9	4.282855E-5
9.250000E-9	3.083799E-5
9.300000E-9	1.542156E-5
9.350000E-9	1.028288E-5
9.400000E-9	3.255138E-5
9.450000E-9	8.051410E-5
9.500000E-9	1.233380E-4
9.550000E-9	1.593101E-4
9.600000E-9	1.969951E-4
9.650000E-9	2.329669E-4
9.700000E-9	2.363928E-4
9.750000E-9	2.449575E-4
9.800000E-9	2.894939E-4
9.850000E-9	3.408821E-4
9.900000E-9	3.819927E-4
9.950000E-9	4.350939E-4
1.000000E-8	5.104633E-4
1.005000E-8	5.584255E-4
1.010000E-8	5.738418E-4
1.015000E-8	6.012487E-4
1.020000E-8	6.372204E-4
1.025000E-8	6.440720E-4
1.030000E-8	6.252295E-4
1.035000E-8	6.183777E-4
1.040000E-8	6.063872E-4
1.045000E-8	5.447212E-4
1.050000E-8	4.505092E-4
1.055000E-8	3.545843E-4
1.060000E-8	2.843537E-4
1.065000E-8	2.398172E-4
1.070000E-8	1.987066E-4
1.075000E-8	1.438925E-4
1.080000E-8	1.044949E-4
1.085000E-8	1.130597E-4
1.090000E-8	1.558834E-4
1.095000E-8	1.918553E-4
1.100000E-8	2.226882E-4
1.105000E-8	2.723635E-4
1.110000E-8	3.306036E-4
1.115000E-8	3.682884E-4
1.120000E-8	4.128249E-4
1.125000E-8	4.813428E-4
1.130000E-8	5.207405E-4
1.135000E-8	5.207406E-4
1.140000E-8	5.532866E-4
1.145000E-8	6.235174E-4
1.150000E-8	6.954611E-4
1.155000E-8	8.342097E-4
1.160000E-8	1.135688E-3
1.165000E-8	1.618738E-3
1.170000E-8	2.290213E-3
1.175000E-8	3.275156E-3
1.180000E-8	4.671207E-3
1.185000E-8	6.483503E-3
1.190000E-8	8.777137E-3
1.195000E-8	1.164975E-2
1.200000E-8	1.508763E-2
1.205000E-8	1.903597E-2
1.210000E-8	2.349134E-2
1.215000E-8	2.841949E-2
1.220000E-8	3.369708E-2
1.225000E-8	3.920592E-2
1.230000E-8	4.482952E-2
1.235000E-8	5.040345E-2
1.240000E-8	5.574613E-2
1.245000E-8	6.072739E-2
1.250000E-8	6.518276E-2
1.255000E-8	6.896495E-2
1.260000E-8	7.201400E-2
1.265000E-8	7.430079E-2
1.270000E-8	7.575337E-2
1.275000E-8	7.637860E-2
1.280000E-8	7.623814E-2
1.285000E-8	7.533713E-2
1.290000E-8	7.368585E-2
1.295000E-8	7.139050E-2
1.300000E-8	6.860011E-2
1.305000E-8	6.544658E-2
1.310000E-8	6.206351E-2
1.315000E-8	5.862392E-2
1.320000E-8	5.530251E-2
1.325000E-8	5.221064E-2
1.330000E-8	4.944081E-2
1.335000E-8	4.707694E-2
1.340000E-8	4.526978E-2
1.345000E-8	4.406215E-2
1.350000E-8	4.337354E-2
1.355000E-8	4.317655E-2
1.360000E-8	4.348145E-2
1.365000E-8	4.423686E-2
1.370000E-8	4.535027E-2
1.375000E-8	4.673262E-2
1.380000E-8	4.826057E-2
1.385000E-8	4.980393E-2
1.390000E-8	5.130104E-2
1.395000E-8	5.266455E-2
1.400000E-8	5.376598E-2
1.405000E-8	5.454194E-2
1.410000E-8	5.497189E-2
1.415000E-8	5.498217E-2
1.420000E-8	5.453681E-2
1.425000E-8	5.365122E-2
1.430000E-8	5.230656E-2
1.435000E-8	5.053366E-2
1.440000E-8	4.847470E-2
1.445000E-8	4.622903E-2
1.450000E-8	4.378637E-2
1.455000E-8	4.126833E-2
1.460000E-8	3.887706E-2
1.465000E-8	3.673416E-2
1.470000E-8	3.490987E-2
1.475000E-8	3.352753E-2
1.480000E-8	3.262651E-2
1.485000E-8	3.220855E-2
1.490000E-8	3.231475E-2
1.495000E-8	3.293826E-2
1.500000E-8	3.395061E-2
1.505000E-8	3.527129E-2
1.510000E-8	3.684206E-2
1.515000E-8	3.855158E-2
1.520000E-8	4.027652E-2
1.525000E-8	4.191238E-2
1.530000E-8	4.332214E-2
1.535000E-8	4.443384E-2
1.540000E-8	4.523721E-2
1.545000E-8	4.564661E-2
1.550000E-8	4.556096E-2
1.555000E-8	4.502481E-2
1.560000E-8	4.408612E-2
1.565000E-8	4.272947E-2
1.570000E-8	4.098227E-2
1.575000E-8	3.896784E-2
1.580000E-8	3.677356E-2
1.585000E-8	3.447136E-2
1.590000E-8	3.216231E-2
1.595000E-8	2.995432E-2
1.600000E-8	2.794161E-2
1.605000E-8	2.625778E-2
1.610000E-8	2.498506E-2
1.615000E-8	2.414743E-2
1.620000E-8	2.381511E-2
1.625000E-8	2.402238E-2
1.630000E-8	2.471269E-2
1.635000E-8	2.579870E-2
1.640000E-8	2.725127E-2
1.645000E-8	2.898649E-2
1.650000E-8	3.087073E-2
1.655000E-8	3.279608E-2
1.660000E-8	3.464777E-2
1.665000E-8	3.631276E-2
1.670000E-8	3.767113E-2
1.675000E-8	3.865436E-2
1.680000E-8	3.920422E-2
1.685000E-8	3.924876E-2
1.690000E-8	3.875200E-2
1.695000E-8	3.776535E-2
1.700000E-8	3.635902E-2
1.705000E-8	3.459126E-2
1.710000E-8	3.252202E-2
1.715000E-8	3.026950E-2
1.720000E-8	2.793647E-2
1.725000E-8	2.562570E-2
1.730000E-8	2.345197E-2
1.735000E-8	2.154718E-2
1.740000E-8	1.998497E-2
1.745000E-8	1.884072E-2
1.750000E-8	1.818294E-2
1.755000E-8	1.802878E-2
1.760000E-8	1.835252E-2
1.765000E-8	1.916274E-2
1.770000E-8	2.043888E-2
1.775000E-8	2.207132E-2
1.780000E-8	2.395385E-2
1.785000E-8	2.601281E-2
1.790000E-8	2.809746E-2
1.795000E-8	3.001939E-2
1.800000E-8	3.168095E-2
1.805000E-8	3.301705E-2
1.810000E-8	3.392320E-2
1.815000E-8	3.431204E-2
1.820000E-8	3.419042E-2
1.825000E-8	3.356863E-2
1.830000E-8	3.246549E-2
1.835000E-8	3.094611E-2
1.840000E-8	2.910469E-2
1.845000E-8	2.701661E-2
1.850000E-8	2.479664E-2
1.855000E-8	2.257666E-2
1.860000E-8	2.047145E-2
1.865000E-8	1.855123E-2
1.870000E-8	1.689139E-2
1.875000E-8	1.556385E-2
1.880000E-8	1.467312E-2
1.885000E-8	1.426372E-2
1.890000E-8	1.431168E-2
1.895000E-8	1.481700E-2
1.900000E-8	1.581564E-2
1.905000E-8	1.722882E-2
1.910000E-8	1.891779E-2
1.915000E-8	2.082772E-2
1.920000E-8	2.288668E-2
1.925000E-8	2.489939E-2
1.930000E-8	2.670998E-2
1.935000E-8	2.825506E-2
1.940000E-8	2.943528E-2
1.945000E-8	3.013416E-2
1.950000E-8	3.031745E-2
1.955000E-8	2.997829E-2
1.960000E-8	2.910469E-2
1.965000E-8	2.776517E-2
1.970000E-8	2.604708E-2
1.975000E-8	2.403780E-2
1.980000E-8	2.183666E-2
1.985000E-8	1.956016E-2
1.990000E-8	1.732648E-2
1.995000E-8	1.527951E-2
2.000000E-8	1.350660E-2
2.005000E-8	1.203518E-2
2.010000E-8	1.094232E-2
2.015000E-8	1.030510E-2
2.020000E-8	1.014066E-2
2.025000E-8	1.045412E-2
2.030000E-8	1.125749E-2
2.035000E-8	1.250280E-2
2.040000E-8	1.406843E-2
2.045000E-8	1.587559E-2
2.050000E-8	1.785747E-2
2.055000E-8	1.989416E-2
2.060000E-8	2.185035E-2
2.065000E-8	2.361297E-2
2.070000E-8	2.507754E-2
2.075000E-8	2.614642E-2
2.080000E-8	2.674938E-2
2.085000E-8	2.685730E-2
2.090000E-8	2.643934E-2
2.095000E-8	2.547153E-2
2.100000E-8	2.400696E-2
2.105000E-8	2.219981E-2
2.110000E-8	2.015455E-2
2.115000E-8	1.792429E-2
2.120000E-8	1.562894E-2
2.125000E-8	1.344836E-2
2.130000E-8	1.147676E-2
2.135000E-8	9.784370E-3
2.140000E-8	8.470538E-3
2.145000E-8	7.622628E-3
2.150000E-8	7.278324E-3
2.155000E-8	7.442765E-3
2.160000E-8	8.083405E-3
2.165000E-8	9.131726E-3
2.170000E-8	1.051578E-2
2.175000E-8	1.216192E-2
2.180000E-8	1.400163E-2
2.185000E-8	1.592869E-2
2.190000E-8	1.782150E-2
2.195000E-8	1.959268E-2
2.200000E-8	2.116174E-2
2.205000E-8	2.243275E-2
2.210000E-8	2.332691E-2
2.215000E-8	2.380825E-2
2.220000E-8	2.383052E-2
2.225000E-8	2.337317E-2
2.230000E-8	2.246188E-2
2.235000E-8	2.114463E-2
2.240000E-8	1.947622E-2
2.245000E-8	1.756800E-2
2.250000E-8	1.550733E-2
2.255000E-8	1.337813E-2
2.260000E-8	1.131746E-2
2.265000E-8	9.467476E-3
2.270000E-8	7.864157E-3
2.275000E-8	6.577732E-3
2.280000E-8	5.726396E-3
2.285000E-8	5.352971E-3
2.290000E-8	5.428339E-3
2.295000E-8	5.962776E-3
2.300000E-8	6.957996E-3
2.305000E-8	8.342055E-3
2.310000E-8	1.001046E-2
2.315000E-8	1.185188E-2
2.320000E-8	1.378751E-2
2.325000E-8	1.573170E-2
2.330000E-8	1.754914E-2
2.335000E-8	1.909422E-2
2.340000E-8	2.030013E-2
2.345000E-8	2.111721E-2
2.350000E-8	2.145124E-2
2.355000E-8	2.129022E-2
2.360000E-8	2.067014E-2
2.365000E-8	1.960126E-2
2.370000E-8	1.811443E-2
2.375000E-8	1.632097E-2
2.380000E-8	1.430997E-2
2.385000E-8	1.218592E-2
2.390000E-8	1.008928E-2
2.395000E-8	8.139941E-3
2.400000E-8	6.404726E-3
2.405000E-8	5.006960E-3
2.410000E-8	4.051134E-3
2.415000E-8	3.532110E-3
2.420000E-8	3.460164E-3
2.425000E-8	3.872982E-3
2.430000E-8	4.743157E-3
2.435000E-8	6.012449E-3
2.440000E-8	7.620904E-3
2.445000E-8	9.469172E-3
2.450000E-8	1.143050E-2
2.455000E-8	1.341066E-2
2.460000E-8	1.529490E-2
2.465000E-8	1.696845E-2
2.470000E-8	1.834909E-2
2.475000E-8	1.937514E-2
2.480000E-8	1.996440E-2
2.485000E-8	2.006033E-2
2.490000E-8	1.969547E-2
2.495000E-8	1.888696E-2
2.500000E-8	1.763309E-2
2.505000E-8	1.597496E-2
2.510000E-8	1.404618E-2
2.515000E-8	1.197865E-2
2.520000E-8	9.885434E-3
2.525000E-8	7.877861E-3
2.530000E-8	6.072415E-3
2.535000E-8	4.582150E-3
2.540000E-8	3.487576E-3
2.545000E-8	2.798970E-3
2.550000E-8	2.536887E-3
2.555000E-8	2.759568E-3
2.560000E-8	3.460161E-3
2.565000E-8	4.529038E-3
2.570000E-8	5.902820E-3
2.575000E-8	7.554099E-3
2.580000E-8	9.326998E-3
2.585000E-8	1.106392E-2
2.590000E-8	1.272548E-2
2.595000E-8	1.427399E-2
2.600000E-8	1.559124E-2
2.605000E-8	1.659674E-2
2.610000E-8	1.726651E-2
2.615000E-8	1.753715E-2
2.620000E-8	1.737271E-2
2.625000E-8	1.683485E-2
2.630000E-8	1.596639E-2
2.635000E-8	1.477247E-2
2.640000E-8	1.330790E-2
2.645000E-8	1.166518E-2
2.650000E-8	9.905988E-3
2.655000E-8	8.109108E-3
2.660000E-8	6.385883E-3
2.665000E-8	4.809972E-3
2.670000E-8	3.480725E-3
2.675000E-8	2.495779E-3
2.680000E-8	1.872265E-3
2.685000E-8	1.618747E-3
2.690000E-8	1.774623E-3
2.695000E-8	2.343319E-3
2.700000E-8	3.285438E-3
2.705000E-8	4.587276E-3
2.710000E-8	6.178602E-3
2.715000E-8	7.922381E-3
2.720000E-8	9.732965E-3
2.725000E-8	1.153499E-2
2.730000E-8	1.320511E-2
2.735000E-8	1.463199E-2
2.740000E-8	1.575740E-2
2.745000E-8	1.649226E-2
2.750000E-8	1.676976E-2
2.755000E-8	1.658990E-2
2.760000E-8	1.596125E-2
2.765000E-8	1.489580E-2
2.770000E-8	1.347063E-2
2.775000E-8	1.179708E-2
2.780000E-8	9.940247E-3
2.785000E-8	8.002904E-3
2.790000E-8	6.113524E-3
2.795000E-8	4.383448E-3
2.800000E-8	2.888045E-3
2.805000E-8	1.733518E-3
2.810000E-8	9.661168E-4
2.815000E-8	5.875539E-4
2.820000E-8	6.218110E-4
2.825000E-8	1.065462E-3
2.830000E-8	1.887675E-3
2.835000E-8	3.014792E-3
2.840000E-8	4.381722E-3
2.845000E-8	5.914808E-3
2.850000E-8	7.530116E-3
2.855000E-8	9.148850E-3
2.860000E-8	1.068022E-2
2.865000E-8	1.205058E-2
2.870000E-8	1.320168E-2
2.875000E-8	1.407015E-2
2.880000E-8	1.457890E-2
2.885000E-8	1.469538E-2
2.890000E-8	1.443844E-2
2.895000E-8	1.382178E-2
2.900000E-8	1.287966E-2
2.905000E-8	1.165319E-2
2.910000E-8	1.016293E-2
2.915000E-8	8.479104E-3
2.920000E-8	6.752454E-3
2.925000E-8	5.097747E-3
2.930000E-8	3.568086E-3
2.935000E-8	2.237125E-3
2.940000E-8	1.197366E-3
2.945000E-8	5.001948E-4
2.950000E-8	1.901498E-4
2.955000E-8	2.980637E-4
2.960000E-8	8.102330E-4
2.965000E-8	1.680408E-3
2.970000E-8	2.870905E-3
2.975000E-8	4.297788E-3
2.980000E-8	5.858282E-3
2.985000E-8	7.483867E-3
2.990000E-8	9.104315E-3
2.995000E-8	1.059287E-2
3.000000E-8	1.186559E-2
3.005000E-8	1.288650E-2
3.010000E-8	1.358881E-2
3.015000E-8	1.389201E-2
3.020000E-8	1.382006E-2
3.025000E-8	1.337812E-2
3.030000E-8	1.257475E-2
3.035000E-8	1.145963E-2
3.040000E-8	1.010297E-2
3.045000E-8	8.540768E-3
3.050000E-8	6.863794E-3
3.055000E-8	5.207375E-3
3.060000E-8	3.628038E-3
3.065000E-8	2.178884E-3
3.070000E-8	9.832469E-4
3.075000E-8	1.130689E-4
3.080000E-8	-4.282235E-4
3.085000E-8	-6.115102E-4
3.090000E-8	-3.905417E-4
3.095000E-8	1.798680E-4
3.100000E-8	1.055182E-3
3.105000E-8	2.214846E-3
3.110000E-8	3.598906E-3
3.115000E-8	5.089168E-3
3.120000E-8	6.605126E-3
3.125000E-8	8.085111E-3
3.130000E-8	9.446904E-3
3.135000E-8	1.063055E-2
3.140000E-8	1.156753E-2
3.145000E-8	1.219790E-2
3.150000E-8	1.249424E-2
3.155000E-8	1.245656E-2
3.160000E-8	1.205744E-2
3.165000E-8	1.130032E-2
3.170000E-8	1.023487E-2
3.175000E-8	8.934744E-3
3.180000E-8	7.466750E-3
3.185000E-8	5.897692E-3
3.190000E-8	4.299513E-3
3.195000E-8	2.780129E-3
3.200000E-8	1.442317E-3
3.205000E-8	3.580211E-4
3.210000E-8	-4.093801E-4
3.215000E-8	-8.050720E-4
3.220000E-8	-8.033605E-4
3.225000E-8	-4.282266E-4
3.230000E-8	3.288945E-4
3.235000E-8	1.425179E-3
3.240000E-8	2.739008E-3
3.245000E-8	4.189873E-3
3.250000E-8	5.731525E-3
3.255000E-8	7.256047E-3
3.260000E-8	8.670941E-3
3.265000E-8	9.923106E-3
3.270000E-8	1.095087E-2
3.275000E-8	1.167545E-2
3.280000E-8	1.207114E-2
3.285000E-8	1.214651E-2
3.290000E-8	1.188444E-2
3.295000E-8	1.127977E-2
3.300000E-8	1.039760E-2
3.305000E-8	9.306454E-3
3.310000E-8	8.050865E-3
3.315000E-8	6.690786E-3
3.320000E-8	5.282745E-3
3.325000E-8	3.871277E-3
3.330000E-8	2.538604E-3
3.335000E-8	1.408058E-3
3.340000E-8	5.464455E-4
3.345000E-8	-5.308695E-5
3.350000E-8	-3.477150E-4
3.355000E-8	-3.031798E-4
3.360000E-8	5.311158E-5
3.365000E-8	7.040299E-4
3.370000E-8	1.641010E-3
3.375000E-8	2.783545E-3
3.380000E-8	4.052837E-3
3.385000E-8	5.406064E-3
3.390000E-8	6.764430E-3
3.395000E-8	8.009743E-3
3.400000E-8	9.082047E-3
3.405000E-8	9.953938E-3
3.410000E-8	1.055518E-2
3.415000E-8	1.084639E-2
3.420000E-8	1.080699E-2
3.425000E-8	1.042158E-2
3.430000E-8	9.714131E-3
3.435000E-8	8.760021E-3
3.440000E-8	7.624339E-3
3.445000E-8	6.346482E-3
3.450000E-8	4.991542E-3
3.455000E-8	3.619472E-3
3.460000E-8	2.302216E-3
3.465000E-8	1.140838E-3
3.470000E-8	2.072813E-4
3.475000E-8	-4.950276E-4
3.480000E-8	-9.421077E-4
3.485000E-8	-1.055163E-3
3.490000E-8	-8.290555E-4
3.495000E-8	-3.151727E-4
3.500000E-8	4.453745E-4
3.505000E-8	1.447447E-3
3.510000E-8	2.643083E-3
3.515000E-8	3.974042E-3
3.520000E-8	5.361529E-3
3.525000E-8	6.743877E-3
3.530000E-8	8.045717E-3
3.535000E-8	9.152281E-3
3.540000E-8	9.977922E-3
3.545000E-8	1.050722E-2
3.550000E-8	1.072306E-2
3.555000E-8	1.057917E-2
3.560000E-8	1.009783E-2
3.565000E-8	9.328721E-3
3.570000E-8	8.319797E-3
3.575000E-8	7.093328E-3
3.580000E-8	5.733249E-3
3.585000E-8	4.332059E-3
3.590000E-8	3.019942E-3
3.595000E-8	1.855138E-3
3.600000E-8	8.736191E-4
3.605000E-8	1.250606E-4
3.610000E-8	-3.562785E-4
3.615000E-8	-5.481298E-4
3.620000E-8	-4.333637E-4
3.625000E-8	-4.452625E-5
3.630000E-8	5.687073E-4
3.635000E-8	1.384069E-3
3.640000E-8	2.401558E-3
3.645000E-8	3.532102E-3
3.650000E-8	4.695193E-3
3.655000E-8	5.880552E-3
3.660000E-8	7.031652E-3
3.665000E-8	8.035439E-3
3.670000E-8	8.852515E-3
3.675000E-8	9.458900E-3
3.680000E-8	9.775796E-3
3.685000E-8	9.782649E-3
3.690000E-8	9.506865E-3
3.695000E-8	8.970714E-3
3.700000E-8	8.163917E-3
3.705000E-8	7.131011E-3
3.710000E-8	5.952505E-3
3.715000E-8	4.690064E-3
3.720000E-8	3.413918E-3
3.725000E-8	2.187449E-3
3.730000E-8	1.089449E-3
3.735000E-8	1.918649E-4
3.740000E-8	-4.607685E-4
3.745000E-8	-8.376177E-4
3.750000E-8	-9.027108E-4
3.755000E-8	-6.697511E-4
3.760000E-8	-1.867013E-4
3.765000E-8	5.378740E-4
3.770000E-8	1.493697E-3
3.775000E-8	2.601973E-3
3.780000E-8	3.790757E-3
3.785000E-8	5.001810E-3
3.790000E-8	6.173465E-3
3.795000E-8	7.237205E-3
3.800000E-8	8.136502E-3
3.805000E-8	8.838811E-3
3.810000E-8	9.292743E-3
3.815000E-8	9.453761E-3
3.820000E-8	9.330430E-3
3.825000E-8	8.933028E-3
3.830000E-8	8.258128E-3
3.835000E-8	7.331425E-3
3.840000E-8	6.238566E-3
3.845000E-8	5.065199E-3
3.850000E-8	3.830165E-3
3.855000E-8	2.576288E-3
3.860000E-8	1.408058E-3
3.865000E-8	4.282522E-4
3.870000E-8	-3.322966E-4
3.875000E-8	-8.615979E-4
3.880000E-8	-1.120254E-3
3.885000E-8	-1.091135E-3
3.890000E-8	-8.239161E-4
3.895000E-8	-3.374403E-4
3.900000E-8	3.768574E-4
3.905000E-8	1.277866E-3
3.910000E-8	2.315911E-3
3.915000E-8	3.451594E-3
3.920000E-8	4.624962E-3
3.925000E-8	5.753794E-3
3.930000E-8	6.795266E-3
3.935000E-8	7.709980E-3
3.940000E-8	8.408863E-3
3.945000E-8	8.840526E-3
3.950000E-8	9.032377E-3
3.955000E-8	8.958722E-3
3.960000E-8	8.557894E-3
3.965000E-8	7.886420E-3
3.970000E-8	7.024809E-3
3.975000E-8	5.993616E-3
3.980000E-8	4.811683E-3
3.985000E-8	3.566371E-3
3.990000E-8	2.346753E-3
3.995000E-8	1.238476E-3
4.000000E-8	3.100589E-4
4.005000E-8	-4.179441E-4
4.010000E-8	-9.198383E-4
4.015000E-8	-1.132245E-3
4.020000E-8	-1.039747E-3
4.025000E-8	-7.022974E-4
4.030000E-8	-1.267483E-4
4.035000E-8	6.680580E-4
4.040000E-8	1.594761E-3
4.045000E-8	2.588270E-3
4.050000E-8	3.616037E-3
4.055000E-8	4.621537E-3
4.060000E-8	5.525972E-3
4.065000E-8	6.315641E-3
4.070000E-8	6.968274E-3
4.075000E-8	7.429057E-3
4.080000E-8	7.680862E-3
4.085000E-8	7.735677E-3
4.090000E-8	7.571235E-3
4.095000E-8	7.206378E-3
4.100000E-8	6.659949E-3
4.105000E-8	5.943939E-3
4.110000E-8	5.082327E-3
4.115000E-8	4.145346E-3
4.120000E-8	3.163827E-3
4.125000E-8	2.165179E-3
4.130000E-8	1.228197E-3
4.135000E-8	4.385282E-4
4.140000E-8	-1.935499E-4
4.145000E-8	-6.423428E-4
4.150000E-8	-8.461844E-4
4.155000E-8	-8.187782E-4
4.160000E-8	-5.635500E-4
4.165000E-8	-3.425025E-5
4.170000E-8	7.262975E-4
4.175000E-8	1.608465E-3
4.180000E-8	2.591696E-3
4.185000E-8	3.634880E-3
4.190000E-8	4.621538E-3
4.195000E-8	5.491715E-3
4.200000E-8	6.253976E-3
4.205000E-8	6.856934E-3
4.210000E-8	7.242348E-3
4.215000E-8	7.427347E-3
4.220000E-8	7.406792E-3
4.225000E-8	7.125869E-3
4.230000E-8	6.617125E-3
4.235000E-8	5.947363E-3
4.240000E-8	5.133714E-3
4.245000E-8	4.222427E-3
4.250000E-8	3.294010E-3
4.255000E-8	2.382722E-3
4.260000E-8	1.521110E-3
4.265000E-8	7.691264E-4
4.270000E-8	1.576043E-4
4.275000E-8	-2.946140E-4
4.280000E-8	-5.395659E-4
4.285000E-8	-5.584089E-4
4.290000E-8	-3.819761E-4
4.295000E-8	3.436271E-6
4.300000E-8	5.858375E-4
4.305000E-8	1.293284E-3
4.310000E-8	2.060683E-3
4.315000E-8	2.867481E-3
4.320000E-8	3.684556E-3
4.325000E-8	4.460520E-3
4.330000E-8	5.155977E-3
4.335000E-8	5.752082E-3
4.340000E-8	6.212865E-3
4.345000E-8	6.521196E-3
4.350000E-8	6.665085E-3
4.355000E-8	6.629114E-3
4.360000E-8	6.411570E-3
4.365000E-8	6.029584E-3
4.370000E-8	5.493433E-3
4.375000E-8	4.844227E-3
4.380000E-8	4.133355E-3
4.385000E-8	3.367669E-3
4.390000E-8	2.555732E-3
4.395000E-8	1.757499E-3
4.400000E-8	1.032922E-3
4.405000E-8	4.025570E-4
4.410000E-8	-7.706895E-5
4.415000E-8	-3.391507E-4
4.420000E-8	-3.734107E-4
4.425000E-8	-2.055430E-4
4.430000E-8	1.901466E-4
4.435000E-8	7.931029E-4
4.440000E-8	1.514253E-3
4.445000E-8	2.314198E-3
4.450000E-8	3.198078E-3
4.455000E-8	4.107653E-3
4.460000E-8	4.960700E-3
4.465000E-8	5.716110E-3
4.470000E-8	6.313929E-3
4.475000E-8	6.711333E-3
4.480000E-8	6.903184E-3
4.485000E-8	6.901471E-3
4.490000E-8	6.670225E-3
4.495000E-8	6.221434E-3
4.500000E-8	5.627042E-3
4.505000E-8	4.905892E-3
4.510000E-8	4.068262E-3
4.515000E-8	3.174104E-3
4.520000E-8	2.298789E-3
4.525000E-8	1.462871E-3
4.530000E-8	7.074617E-4
4.535000E-8	1.062172E-4
4.540000E-8	-3.117421E-4
4.545000E-8	-5.327128E-4
4.550000E-8	-5.532688E-4
4.555000E-8	-3.614195E-4
4.560000E-8	2.913164E-5
4.565000E-8	5.601444E-4
4.570000E-8	1.211063E-3
4.575000E-8	1.964759E-3
4.580000E-8	2.776696E-3
4.585000E-8	3.562938E-3
4.590000E-8	4.290940E-3
4.595000E-8	4.952137E-3
4.600000E-8	5.503706E-3
4.605000E-8	5.919952E-3
4.610000E-8	6.197450E-3
4.615000E-8	6.332773E-3
4.620000E-8	6.307080E-3
4.625000E-8	6.110092E-3
4.630000E-8	5.745235E-3
4.635000E-8	5.234777E-3
4.640000E-8	4.623256E-3
4.645000E-8	3.943217E-3
4.650000E-8	3.204937E-3
4.655000E-8	2.478648E-3
4.660000E-8	1.836293E-3
4.665000E-8	1.250465E-3
4.670000E-8	7.211641E-4
4.675000E-8	3.203340E-4
4.680000E-8	1.233444E-4
4.685000E-8	1.130659E-4
4.690000E-8	2.809339E-4
4.695000E-8	6.423648E-4
4.700000E-8	1.163100E-3
4.705000E-8	1.810593E-3
4.710000E-8	2.545447E-3
4.715000E-8	3.314560E-3
4.720000E-8	4.061404E-3
4.725000E-8	4.758574E-3
4.730000E-8	5.364957E-3
4.735000E-8	5.830879E-3
4.740000E-8	6.125506E-3
4.745000E-8	6.253978E-3
4.750000E-8	6.185461E-3
4.755000E-8	5.906251E-3
4.760000E-8	5.435191E-3
4.765000E-8	4.837374E-3
4.770000E-8	4.138492E-3
4.775000E-8	3.353963E-3
4.780000E-8	2.523184E-3
4.785000E-8	1.704396E-3
4.790000E-8	9.318569E-4
4.795000E-8	2.552430E-4
4.800000E-8	-2.757706E-4
4.805000E-8	-6.423414E-4
4.810000E-8	-8.410435E-4
4.815000E-8	-8.376181E-4
4.820000E-8	-6.406298E-4
4.825000E-8	-3.014670E-4
4.830000E-8	1.678797E-4
4.835000E-8	7.588456E-4
4.840000E-8	1.430320E-3
4.845000E-8	2.132628E-3
4.850000E-8	2.846926E-3
4.855000E-8	3.504697E-3
4.860000E-8	4.059692E-3
4.865000E-8	4.551307E-3
4.870000E-8	4.977831E-3
4.875000E-8	5.255329E-3
4.880000E-8	5.366671E-3
4.885000E-8	5.385514E-3
4.890000E-8	5.303293E-3
4.895000E-8	5.078898E-3
4.900000E-8	4.748300E-3
4.905000E-8	4.356036E-3
4.910000E-8	3.888402E-3
4.915000E-8	3.359102E-3
4.920000E-8	2.829802E-3
4.925000E-8	2.329621E-3
4.930000E-8	1.834580E-3
4.935000E-8	1.384075E-3
4.940000E-8	1.043198E-3
4.945000E-8	8.205148E-4
4.950000E-8	7.125986E-4
4.955000E-8	7.245885E-4
4.960000E-8	8.667624E-4
4.965000E-8	1.123704E-3
4.970000E-8	1.466292E-3
4.975000E-8	1.884250E-3
4.980000E-8	2.346745E-3
4.985000E-8	2.809241E-3
4.990000E-8	3.259745E-3
4.995000E-8	3.696547E-3
5.000000E-8	4.088812E-3
5.005000E-8	4.381726E-3
5.010000E-8	4.549595E-3
5.015000E-8	4.602697E-3
5.020000E-8	4.556448E-3
5.025000E-8	4.407422E-3
5.030000E-8	4.136778E-3
5.035000E-8	3.756504E-3
5.040000E-8	3.297435E-3
5.045000E-8	2.800681E-3
5.050000E-8	2.286797E-3
5.055000E-8	1.757497E-3
5.060000E-8	1.245326E-3
5.065000E-8	8.068116E-4
5.070000E-8	4.625091E-4
5.075000E-8	2.432516E-4
5.080000E-8	2.038535E-4
5.085000E-8	3.271851E-4
5.090000E-8	5.275993E-4
5.095000E-8	8.307903E-4
5.100000E-8	1.269304E-3
5.105000E-8	1.779762E-3
5.110000E-8	2.298784E-3
5.115000E-8	2.838362E-3
5.120000E-8	3.381366E-3
5.125000E-8	3.854139E-3
5.130000E-8	4.237839E-3
5.135000E-8	4.544457E-3
5.140000E-8	4.762002E-3
5.145000E-8	4.887047E-3
5.150000E-8	4.926446E-3
5.155000E-8	4.866493E-3
5.160000E-8	4.714041E-3
5.165000E-8	4.484507E-3
5.170000E-8	4.177890E-3
5.175000E-8	3.814746E-3
5.180000E-8	3.408778E-3
5.185000E-8	2.954847E-3
5.190000E-8	2.449528E-3
5.195000E-8	1.944208E-3
5.200000E-8	1.481712E-3
5.205000E-8	1.091160E-3
5.210000E-8	7.913942E-4
5.215000E-8	6.063955E-4
5.220000E-8	5.704232E-4
5.225000E-8	6.937548E-4
5.230000E-8	9.421316E-4
5.235000E-8	1.283007E-3
5.240000E-8	1.735225E-3
5.245000E-8	2.273090E-3
5.250000E-8	2.826371E-3
5.255000E-8	3.367662E-3
5.260000E-8	3.881546E-3
5.265000E-8	4.302931E-3
5.270000E-8	4.583854E-3
5.275000E-8	4.726029E-3
5.280000E-8	4.724316E-3
5.285000E-8	4.563300E-3
5.290000E-8	4.285803E-3
5.295000E-8	3.908955E-3
5.300000E-8	3.443034E-3
5.305000E-8	2.915447E-3
5.310000E-8	2.362166E-3
5.315000E-8	1.815736E-3
5.320000E-8	1.313843E-3
5.325000E-8	8.736160E-4
5.330000E-8	4.950547E-4
5.335000E-8	1.987148E-4
5.340000E-8	5.151552E-6
5.345000E-8	-7.707029E-5
5.350000E-8	-5.480251E-5
5.355000E-8	6.681609E-5
5.360000E-8	3.049151E-4
5.365000E-8	6.389392E-4
5.370000E-8	1.046620E-3
5.375000E-8	1.497125E-3
5.380000E-8	1.997305E-3
5.385000E-8	2.531744E-3
5.390000E-8	3.049054E-3
5.395000E-8	3.518402E-3
5.400000E-8	3.932936E-3
5.405000E-8	4.261822E-3
5.410000E-8	4.463950E-3
5.415000E-8	4.549598E-3
5.420000E-8	4.542747E-3
5.425000E-8	4.426267E-3
5.430000E-8	4.189880E-3
5.435000E-8	3.826736E-3
5.440000E-8	3.386509E-3
5.445000E-8	2.913735E-3
5.450000E-8	2.401564E-3
5.455000E-8	1.885967E-3
5.460000E-8	1.438888E-3
5.465000E-8	1.070604E-3
5.470000E-8	7.588480E-4
5.475000E-8	5.276002E-4
5.480000E-8	4.059808E-4
5.485000E-8	3.837124E-4
5.490000E-8	4.676465E-4
5.495000E-8	6.714869E-4
5.500000E-8	9.592615E-4
5.505000E-8	1.312128E-3
5.510000E-8	1.731800E-3
5.515000E-8	2.185730E-3
5.520000E-8	2.639660E-3
5.525000E-8	3.061045E-3
5.530000E-8	3.432754E-3
5.535000E-8	3.732520E-3
5.540000E-8	3.956916E-3
5.545000E-8	4.083674E-3
5.550000E-8	4.097378E-3
5.555000E-8	4.023722E-3
5.560000E-8	3.859279E-3
5.565000E-8	3.602338E-3
5.570000E-8	3.295721E-3
5.575000E-8	2.951419E-3
5.580000E-8	2.554016E-3
5.585000E-8	2.129206E-3
5.590000E-8	1.711247E-3
5.595000E-8	1.312131E-3
5.600000E-8	9.609764E-4
5.605000E-8	7.040342E-4
5.610000E-8	5.515816E-4
5.615000E-8	5.001927E-4
5.620000E-8	5.772748E-4
5.625000E-8	7.828280E-4
5.630000E-8	1.068890E-3
5.635000E-8	1.411478E-3
5.640000E-8	1.815733E-3
5.645000E-8	2.242257E-3
5.650000E-8	2.632808E-3
5.655000E-8	2.992527E-3
5.660000E-8	3.316274E-3
5.665000E-8	3.566364E-3
5.670000E-8	3.713678E-3
5.675000E-8	3.763353E-3
5.680000E-8	3.725669E-3
5.685000E-8	3.614328E-3
5.690000E-8	3.465302E-3
5.695000E-8	3.283730E-3
5.700000E-8	3.066186E-3
5.705000E-8	2.848643E-3
5.710000E-8	2.632812E-3
5.715000E-8	2.394712E-3
5.720000E-8	2.146335E-3
5.725000E-8	1.915087E-3
5.730000E-8	1.687265E-3
5.735000E-8	1.464582E-3
5.740000E-8	1.301852E-3
5.745000E-8	1.216204E-3
5.750000E-8	1.185370E-3
5.755000E-8	1.224768E-3
5.760000E-8	1.366942E-3
5.765000E-8	1.593051E-3
5.770000E-8	1.897955E-3
5.775000E-8	2.254248E-3
5.780000E-8	2.627670E-3
5.785000E-8	2.965120E-3
5.790000E-8	3.283728E-3
5.795000E-8	3.574929E-3
5.800000E-8	3.802752E-3
5.805000E-8	3.951778E-3
5.810000E-8	4.032287E-3
5.815000E-8	4.018583E-3
5.820000E-8	3.907242E-3
5.825000E-8	3.742799E-3
5.830000E-8	3.545811E-3
5.835000E-8	3.316276E-3
5.840000E-8	3.076463E-3
5.845000E-8	2.840077E-3
5.850000E-8	2.593413E-3
5.855000E-8	2.334758E-3
5.860000E-8	2.088094E-3
5.865000E-8	1.882540E-3
5.870000E-8	1.723236E-3
5.875000E-8	1.599904E-3
5.880000E-8	1.521109E-3
5.885000E-8	1.498840E-3
5.890000E-8	1.531386E-3
5.895000E-8	1.632450E-3
5.900000E-8	1.827725E-3
5.905000E-8	2.118926E-3
5.910000E-8	2.456376E-3
5.915000E-8	2.809243E-3
5.920000E-8	3.184378E-3
5.925000E-8	3.528680E-3
5.930000E-8	3.782196E-3
5.935000E-8	3.984324E-3
5.940000E-8	4.136776E-3
5.945000E-8	4.174461E-3
5.950000E-8	4.099092E-3
5.955000E-8	3.965482E-3
5.960000E-8	3.742799E-3
5.965000E-8	3.407062E-3
5.970000E-8	3.033640E-3
5.975000E-8	2.620820E-3
5.980000E-8	2.173741E-3
5.985000E-8	1.769485E-3
5.990000E-8	1.426896E-3
5.995000E-8	1.084307E-3
6.000000E-8	8.119481E-4
6.005000E-8	6.937547E-4
6.010000E-8	6.680604E-4
6.015000E-8	6.886157E-4
6.020000E-8	8.496325E-4
6.025000E-8	1.121991E-3
6.030000E-8	1.397775E-3
6.035000E-8	1.711244E-3
6.040000E-8	2.110360E-3
6.045000E-8	2.516328E-3
6.050000E-8	2.855491E-3
6.055000E-8	3.163822E-3
6.060000E-8	3.431041E-3
6.065000E-8	3.636595E-3
6.070000E-8	3.802751E-3
6.075000E-8	3.919231E-3
6.080000E-8	3.955203E-3
6.085000E-8	3.938074E-3
6.090000E-8	3.903816E-3
6.095000E-8	3.818169E-3
6.100000E-8	3.665717E-3
6.105000E-8	3.467016E-3
6.110000E-8	3.222065E-3
6.115000E-8	2.915448E-3
6.120000E-8	2.584849E-3
6.125000E-8	2.259390E-3
6.130000E-8	1.935643E-3
6.135000E-8	1.615322E-3
6.140000E-8	1.339537E-3
6.145000E-8	1.137409E-3
6.150000E-8	1.026067E-3
6.155000E-8	9.935211E-4
6.160000E-8	1.015789E-3
6.165000E-8	1.110001E-3
6.170000E-8	1.289860E-3
6.175000E-8	1.529672E-3
6.180000E-8	1.795179E-3
6.185000E-8	2.079528E-3
6.190000E-8	2.346747E-3
6.195000E-8	2.557440E-3
6.200000E-8	2.730447E-3
6.205000E-8	2.884613E-3
6.210000E-8	2.956556E-3
6.215000E-8	2.927437E-3
6.220000E-8	2.869197E-3
6.225000E-8	2.795540E-3
6.230000E-8	2.629385E-3
6.235000E-8	2.406702E-3
6.240000E-8	2.213139E-3
6.245000E-8	2.024715E-3
6.250000E-8	1.790042E-3
6.255000E-8	1.558794E-3
6.260000E-8	1.392638E-3
6.265000E-8	1.255602E-3
6.270000E-8	1.135695E-3
6.275000E-8	1.067177E-3
6.280000E-8	1.058612E-3
6.285000E-8	1.108287E-3
6.290000E-8	1.217915E-3
6.295000E-8	1.377219E-3
6.300000E-8	1.584485E-3
6.305000E-8	1.855130E-3
6.310000E-8	2.142905E-3
6.315000E-8	2.406699E-3
6.320000E-8	2.682484E-3
6.325000E-8	2.978824E-3
6.330000E-8	3.232340E-3
6.335000E-8	3.413913E-3
6.340000E-8	3.554375E-3
6.345000E-8	3.638310E-3
6.350000E-8	3.648588E-3
6.355000E-8	3.598912E-3
6.360000E-8	3.492710E-3
6.365000E-8	3.328267E-3
6.370000E-8	3.126140E-3
6.375000E-8	2.889753E-3
6.380000E-8	2.617394E-3
6.385000E-8	2.333045E-3
6.390000E-8	2.053835E-3
6.395000E-8	1.793467E-3
6.400000E-8	1.581061E-3
6.405000E-8	1.430322E-3
6.410000E-8	1.312128E-3
6.415000E-8	1.226480E-3
6.420000E-8	1.240184E-3
6.425000E-8	1.344673E-3
6.430000E-8	1.497125E-3
6.435000E-8	1.692401E-3
6.440000E-8	1.937352E-3
6.445000E-8	2.197720E-3
6.450000E-8	2.451236E-3
6.455000E-8	2.703040E-3
6.460000E-8	2.906880E-3
6.465000E-8	3.016509E-3
6.470000E-8	3.081601E-3
6.475000E-8	3.105583E-3
6.480000E-8	3.031926E-3
6.485000E-8	2.882900E-3
6.490000E-8	2.701328E-3
6.495000E-8	2.470080E-3
6.500000E-8	2.194295E-3
6.505000E-8	1.956196E-3
6.510000E-8	1.762633E-3
6.515000E-8	1.560505E-3
6.520000E-8	1.404627E-3
6.525000E-8	1.356665E-3
6.530000E-8	1.341248E-3
6.535000E-8	1.303563E-3
6.540000E-8	1.298425E-3
6.545000E-8	1.341248E-3
6.550000E-8	1.363516E-3
6.555000E-8	1.377220E-3
6.560000E-8	1.408053E-3
6.565000E-8	1.457728E-3
6.570000E-8	1.527959E-3
6.575000E-8	1.637587E-3
6.580000E-8	1.779762E-3
6.585000E-8	1.949343E-3
6.590000E-8	2.156610E-3
6.595000E-8	2.382719E-3
6.600000E-8	2.624244E-3
6.605000E-8	2.870909E-3
6.610000E-8	3.078175E-3
6.615000E-8	3.208359E-3
6.620000E-8	3.264887E-3
6.625000E-8	3.256322E-3
6.630000E-8	3.179240E-3
6.635000E-8	3.035352E-3
6.640000E-8	2.812669E-3
6.645000E-8	2.535172E-3
6.650000E-8	2.243971E-3
6.655000E-8	1.971613E-3
6.660000E-8	1.721523E-3
6.665000E-8	1.498840E-3
6.670000E-8	1.320693E-3
6.675000E-8	1.211065E-3
6.680000E-8	1.188797E-3
6.685000E-8	1.217917E-3
6.690000E-8	1.260740E-3
6.695000E-8	1.341249E-3
6.700000E-8	1.493701E-3
6.705000E-8	1.670134E-3
6.710000E-8	1.834577E-3
6.715000E-8	2.023000E-3
6.720000E-8	2.233692E-3
6.725000E-8	2.415265E-3
6.730000E-8	2.567717E-3
6.735000E-8	2.720169E-3
6.740000E-8	2.834936E-3
6.745000E-8	2.876047E-3
6.750000E-8	2.833224E-3
6.755000E-8	2.751003E-3
6.760000E-8	2.636236E-3
6.765000E-8	2.487209E-3
6.770000E-8	2.305637E-3
6.775000E-8	2.101797E-3
6.780000E-8	1.889392E-3
6.785000E-8	1.685551E-3
6.790000E-8	1.514257E-3
6.795000E-8	1.390925E-3
6.800000E-8	1.308703E-3
6.805000E-8	1.262453E-3
6.810000E-8	1.235046E-3
6.815000E-8	1.221342E-3
6.820000E-8	1.231619E-3
6.825000E-8	1.277869E-3
6.830000E-8	1.337822E-3
6.835000E-8	1.413191E-3
6.840000E-8	1.515968E-3
6.845000E-8	1.668420E-3
6.850000E-8	1.880825E-3
6.855000E-8	2.136054E-3
6.860000E-8	2.392996E-3
6.865000E-8	2.627670E-3
6.870000E-8	2.846928E-3
6.875000E-8	3.025074E-3
6.880000E-8	3.146694E-3
6.885000E-8	3.213499E-3
6.890000E-8	3.220351E-3
6.895000E-8	3.168963E-3
6.900000E-8	3.073038E-3
6.905000E-8	2.949706E-3
6.910000E-8	2.810957E-3
6.915000E-8	2.667070E-3
6.920000E-8	2.543737E-3
6.925000E-8	2.442674E-3
6.930000E-8	2.377581E-3
6.935000E-8	2.350174E-3
6.940000E-8	2.331332E-3
6.945000E-8	2.315915E-3
6.950000E-8	2.312489E-3
6.955000E-8	2.326192E-3
6.960000E-8	2.348460E-3
6.965000E-8	2.391284E-3
6.970000E-8	2.439246E-3
6.975000E-8	2.459802E-3
6.980000E-8	2.488922E-3
6.985000E-8	2.548875E-3
6.990000E-8	2.610541E-3
6.995000E-8	2.656790E-3
7.000000E-8	2.697901E-3
7.005000E-8	2.730447E-3
7.010000E-8	2.744151E-3
7.015000E-8	2.730447E-3
7.020000E-8	2.685910E-3
7.025000E-8	2.596837E-3
7.030000E-8	2.476931E-3
7.035000E-8	2.329618E-3
7.040000E-8	2.146332E-3
7.045000E-8	1.949343E-3
7.050000E-8	1.767771E-3
7.055000E-8	1.611893E-3
7.060000E-8	1.493700E-3
7.065000E-8	1.416617E-3
7.070000E-8	1.370368E-3
7.075000E-8	1.356664E-3
7.080000E-8	1.385785E-3
7.085000E-8	1.456015E-3
7.090000E-8	1.548514E-3
7.095000E-8	1.682124E-3
7.100000E-8	1.856845E-3
7.105000E-8	2.038417E-3
7.110000E-8	2.219989E-3
7.115000E-8	2.416978E-3
7.120000E-8	2.610540E-3
7.125000E-8	2.780122E-3
7.130000E-8	2.894889E-3
7.135000E-8	2.959981E-3
7.140000E-8	2.970259E-3
7.145000E-8	2.927435E-3
7.150000E-8	2.831511E-3
7.155000E-8	2.689336E-3
7.160000E-8	2.523181E-3
7.165000E-8	2.338183E-3
7.170000E-8	2.163463E-3
7.175000E-8	2.016149E-3
7.180000E-8	1.894530E-3
7.185000E-8	1.802031E-3
7.190000E-8	1.752356E-3
7.195000E-8	1.730087E-3
7.200000E-8	1.721523E-3
7.205000E-8	1.718096E-3
7.210000E-8	1.745503E-3
7.215000E-8	1.781475E-3
7.220000E-8	1.784901E-3
7.225000E-8	1.764345E-3
7.230000E-8	1.740364E-3
7.235000E-8	1.724947E-3
7.240000E-8	1.699253E-3
7.245000E-8	1.670133E-3
7.250000E-8	1.629022E-3
7.255000E-8	1.593050E-3
7.260000E-8	1.569069E-3
7.265000E-8	1.562217E-3
7.270000E-8	1.555365E-3
7.275000E-8	1.555366E-3
7.280000E-8	1.599902E-3
7.285000E-8	1.687263E-3
7.290000E-8	1.766059E-3
7.295000E-8	1.826012E-3
7.300000E-8	1.908234E-3
7.305000E-8	2.014437E-3
7.310000E-8	2.112075E-3
7.315000E-8	2.170315E-3
7.320000E-8	2.180593E-3
7.325000E-8	2.170315E-3
7.330000E-8	2.148046E-3
7.335000E-8	2.082954E-3
7.340000E-8	1.980177E-3
7.345000E-8	1.882539E-3
7.350000E-8	1.814021E-3
7.355000E-8	1.767771E-3
7.360000E-8	1.748929E-3
7.365000E-8	1.740364E-3
7.370000E-8	1.748928E-3
7.375000E-8	1.798604E-3
7.380000E-8	1.872260E-3
7.385000E-8	1.947630E-3
7.390000E-8	2.041842E-3
7.395000E-8	2.166887E-3
7.400000E-8	2.266238E-3
7.405000E-8	2.326191E-3
7.410000E-8	2.367302E-3
7.415000E-8	2.381006E-3
7.420000E-8	2.372441E-3
7.425000E-8	2.363877E-3
7.430000E-8	2.334757E-3
7.435000E-8	2.262813E-3
7.440000E-8	2.177166E-3
7.445000E-8	2.094945E-3
7.450000E-8	1.990455E-3
7.455000E-8	1.867123E-3
7.460000E-8	1.754069E-3
7.465000E-8	1.646153E-3
7.470000E-8	1.555367E-3
7.475000E-8	1.505691E-3
7.480000E-8	1.490275E-3
7.485000E-8	1.491988E-3
7.490000E-8	1.517682E-3
7.495000E-8	1.570783E-3
7.500000E-8	1.647866E-3
7.505000E-8	1.745503E-3
7.510000E-8	1.861984E-3
7.515000E-8	1.971612E-3
7.520000E-8	2.069250E-3
7.525000E-8	2.175452E-3
7.530000E-8	2.293646E-3
7.535000E-8	2.387858E-3
7.540000E-8	2.449524E-3
7.545000E-8	2.514615E-3
7.550000E-8	2.589985E-3
7.555000E-8	2.639661E-3
7.560000E-8	2.665355E-3
7.565000E-8	2.701327E-3
7.570000E-8	2.704753E-3
7.575000E-8	2.646513E-3
7.580000E-8	2.536884E-3
7.585000E-8	2.382719E-3
7.590000E-8	2.177166E-3
7.595000E-8	1.980177E-3
7.600000E-8	1.805456E-3
7.605000E-8	1.658143E-3
7.610000E-8	1.550227E-3
7.615000E-8	1.483422E-3
7.620000E-8	1.445737E-3
7.625000E-8	1.454302E-3
7.630000E-8	1.509116E-3
7.635000E-8	1.594763E-3
7.640000E-8	1.730086E-3
7.645000E-8	1.913371E-3
7.650000E-8	2.100083E-3
7.655000E-8	2.278230E-3
7.660000E-8	2.473506E-3
7.665000E-8	2.632810E-3
7.670000E-8	2.709893E-3
7.675000E-8	2.747578E-3
7.680000E-8	2.766420E-3
7.685000E-8	2.739013E-3
7.690000E-8	2.655079E-3
7.695000E-8	2.512904E-3
7.700000E-8	2.329618E-3
7.705000E-8	2.151472E-3
7.710000E-8	2.005871E-3
7.715000E-8	1.844854E-3
7.720000E-8	1.687263E-3
7.725000E-8	1.596477E-3
7.730000E-8	1.557079E-3
7.735000E-8	1.531385E-3
7.740000E-8	1.555366E-3
7.745000E-8	1.651292E-3
7.750000E-8	1.766059E-3
7.755000E-8	1.867123E-3
7.760000E-8	1.968187E-3
7.765000E-8	2.048695E-3
7.770000E-8	2.100083E-3
7.775000E-8	2.132629E-3
7.780000E-8	2.137768E-3
7.785000E-8	2.122351E-3
7.790000E-8	2.100083E-3
7.795000E-8	2.058972E-3
7.800000E-8	2.017861E-3
7.805000E-8	2.005870E-3
7.810000E-8	2.012722E-3
7.815000E-8	2.017861E-3
7.820000E-8	2.041843E-3
7.825000E-8	2.072676E-3
7.830000E-8	2.065824E-3
7.835000E-8	2.031565E-3
7.840000E-8	2.011010E-3
7.845000E-8	2.005871E-3
7.850000E-8	1.992168E-3
7.855000E-8	1.975038E-3
7.860000E-8	1.975038E-3
7.865000E-8	1.993881E-3
7.870000E-8	2.021288E-3
7.875000E-8	2.081241E-3
7.880000E-8	2.166888E-3
7.885000E-8	2.242258E-3
7.890000E-8	2.310775E-3
7.895000E-8	2.382719E-3
7.900000E-8	2.449524E-3
7.905000E-8	2.487209E-3
7.910000E-8	2.506051E-3
7.915000E-8	2.530032E-3
7.920000E-8	2.555727E-3
7.925000E-8	2.545449E-3
7.930000E-8	2.485496E-3
7.935000E-8	2.413552E-3
7.940000E-8	2.358738E-3
7.945000E-8	2.298785E-3
7.950000E-8	2.216564E-3
7.955000E-8	2.144620E-3
7.960000E-8	2.101796E-3
7.965000E-8	2.057259E-3
7.970000E-8	2.012722E-3
7.975000E-8	1.995593E-3
7.980000E-8	2.023000E-3
7.985000E-8	2.076101E-3
7.990000E-8	2.144619E-3
7.995000E-8	2.238831E-3
8.000000E-8	2.343320E-3
8.005000E-8	2.470078E-3
8.010000E-8	2.605401E-3
8.015000E-8	2.704752E-3
8.020000E-8	2.744150E-3
8.025000E-8	2.742437E-3
8.030000E-8	2.718456E-3
8.035000E-8	2.641374E-3
8.040000E-8	2.528319E-3
8.045000E-8	2.439246E-3
8.050000E-8	2.377580E-3
8.055000E-8	2.317627E-3
8.060000E-8	2.285081E-3
8.065000E-8	2.303923E-3
8.070000E-8	2.367303E-3
8.075000E-8	2.458089E-3
8.080000E-8	2.557440E-3
8.085000E-8	2.648226E-3
8.090000E-8	2.703041E-3
8.095000E-8	2.713319E-3
8.100000E-8	2.667069E-3
8.105000E-8	2.572857E-3
8.110000E-8	2.437534E-3
8.115000E-8	2.276517E-3
8.120000E-8	2.106935E-3
8.125000E-8	1.940779E-3
8.130000E-8	1.793465E-3
8.135000E-8	1.678697E-3
8.140000E-8	1.605040E-3
8.145000E-8	1.577633E-3
8.150000E-8	1.579346E-3
8.155000E-8	1.599901E-3
8.160000E-8	1.632447E-3
8.165000E-8	1.688974E-3
8.170000E-8	1.760918E-3
8.175000E-8	1.841427E-3
8.180000E-8	1.906519E-3
8.185000E-8	1.933926E-3
8.190000E-8	1.951055E-3
8.195000E-8	1.975037E-3
8.200000E-8	1.963046E-3
8.205000E-8	1.894528E-3
8.210000E-8	1.836288E-3
8.215000E-8	1.802029E-3
8.220000E-8	1.743789E-3
8.225000E-8	1.668420E-3
8.230000E-8	1.632448E-3
8.235000E-8	1.622171E-3
8.240000E-8	1.611893E-3
8.245000E-8	1.630735E-3
8.250000E-8	1.697540E-3
8.255000E-8	1.766058E-3
8.260000E-8	1.827724E-3
8.265000E-8	1.916798E-3
8.270000E-8	2.017861E-3
8.275000E-8	2.086379E-3
8.280000E-8	2.110361E-3
8.285000E-8	2.108648E-3
8.290000E-8	2.103509E-3
8.295000E-8	2.113787E-3
8.300000E-8	2.118926E-3
8.305000E-8	2.105222E-3
8.310000E-8	2.113787E-3
8.315000E-8	2.178879E-3
8.320000E-8	2.240545E-3
8.325000E-8	2.264526E-3
8.330000E-8	2.298785E-3
8.335000E-8	2.367303E-3
8.340000E-8	2.413552E-3
8.345000E-8	2.418691E-3
8.350000E-8	2.408413E-3
8.355000E-8	2.377580E-3
8.360000E-8	2.319340E-3
8.365000E-8	2.257674E-3
8.370000E-8	2.177166E-3
8.375000E-8	2.070963E-3
8.380000E-8	1.956195E-3
8.385000E-8	1.856844E-3
8.390000E-8	1.774623E-3
8.395000E-8	1.706105E-3
8.400000E-8	1.680411E-3
8.405000E-8	1.695827E-3
8.410000E-8	1.730086E-3
8.415000E-8	1.755781E-3
8.420000E-8	1.771197E-3
8.425000E-8	1.791753E-3
8.430000E-8	1.834576E-3
8.435000E-8	1.858558E-3
8.440000E-8	1.851706E-3
8.445000E-8	1.846567E-3
8.450000E-8	1.861984E-3
8.455000E-8	1.860271E-3
8.460000E-8	1.834577E-3
8.465000E-8	1.839715E-3
8.470000E-8	1.901381E-3
8.475000E-8	1.973325E-3
8.480000E-8	2.052120E-3
8.485000E-8	2.161749E-3
8.490000E-8	2.283368E-3
8.495000E-8	2.377580E-3
8.500000E-8	2.461515E-3
8.505000E-8	2.554014E-3
8.510000E-8	2.643087E-3
8.515000E-8	2.706466E-3
8.520000E-8	2.740725E-3
8.525000E-8	2.764706E-3
8.530000E-8	2.790401E-3
8.535000E-8	2.816095E-3
8.540000E-8	2.848641E-3
8.545000E-8	2.898316E-3
8.550000E-8	2.963408E-3
8.555000E-8	3.014797E-3
8.560000E-8	3.042204E-3
8.565000E-8	3.067898E-3
8.570000E-8	3.085028E-3
8.575000E-8	3.071324E-3
8.580000E-8	3.042204E-3
8.585000E-8	2.990815E-3
8.590000E-8	2.910307E-3
8.595000E-8	2.817808E-3
8.600000E-8	2.725308E-3
8.605000E-8	2.627670E-3
8.610000E-8	2.550588E-3
8.615000E-8	2.516329E-3
8.620000E-8	2.480357E-3
8.625000E-8	2.411839E-3
8.630000E-8	2.358737E-3
8.635000E-8	2.334756E-3
8.640000E-8	2.300497E-3
8.645000E-8	2.262812E-3
8.650000E-8	2.242256E-3
8.655000E-8	2.225127E-3
8.660000E-8	2.213137E-3
8.665000E-8	2.223415E-3
8.670000E-8	2.225128E-3
8.675000E-8	2.213138E-3
8.680000E-8	2.231980E-3
8.685000E-8	2.309063E-3
8.690000E-8	2.382720E-3
8.695000E-8	2.437534E-3
8.700000E-8	2.511191E-3
8.705000E-8	2.593412E-3
8.710000E-8	2.631097E-3
8.715000E-8	2.655078E-3
8.720000E-8	2.699614E-3
8.725000E-8	2.740725E-3
8.730000E-8	2.751002E-3
8.735000E-8	2.768132E-3
8.740000E-8	2.805816E-3
8.745000E-8	2.831510E-3
8.750000E-8	2.845214E-3
8.755000E-8	2.860630E-3
8.760000E-8	2.872621E-3
8.765000E-8	2.860631E-3
8.770000E-8	2.824659E-3
8.775000E-8	2.766419E-3
8.780000E-8	2.682485E-3
8.785000E-8	2.566004E-3
8.790000E-8	2.432394E-3
8.795000E-8	2.298785E-3
8.800000E-8	2.168601E-3
8.805000E-8	2.048694E-3
8.810000E-8	1.947630E-3
8.815000E-8	1.879112E-3
8.820000E-8	1.853418E-3
8.825000E-8	1.891103E-3
8.830000E-8	1.964759E-3
8.835000E-8	2.064110E-3
8.840000E-8	2.180591E-3
8.845000E-8	2.307349E-3
8.850000E-8	2.406700E-3
8.855000E-8	2.473505E-3
8.860000E-8	2.526606E-3
8.865000E-8	2.571143E-3
8.870000E-8	2.583134E-3
8.875000E-8	2.562579E-3
8.880000E-8	2.518042E-3
8.885000E-8	2.432395E-3
8.890000E-8	2.339896E-3
8.895000E-8	2.257674E-3
8.900000E-8	2.160036E-3
8.905000E-8	2.029852E-3
8.910000E-8	1.927075E-3
8.915000E-8	1.860270E-3
8.920000E-8	1.810594E-3
8.925000E-8	1.783187E-3
8.930000E-8	1.778049E-3
8.935000E-8	1.757493E-3
8.940000E-8	1.731799E-3
8.945000E-8	1.736938E-3
8.950000E-8	1.760919E-3
8.955000E-8	1.757494E-3
8.960000E-8	1.750642E-3
8.965000E-8	1.752355E-3
8.970000E-8	1.750642E-3
8.975000E-8	1.754067E-3
8.980000E-8	1.781474E-3
8.985000E-8	1.807168E-3
8.990000E-8	1.834575E-3
8.995000E-8	1.891103E-3
9.000000E-8	1.976750E-3
9.005000E-8	2.058972E-3
9.010000E-8	2.115499E-3
9.015000E-8	2.153184E-3
9.020000E-8	2.206285E-3
9.025000E-8	2.266239E-3
9.030000E-8	2.271378E-3
9.035000E-8	2.206286E-3
9.040000E-8	2.122352E-3
9.045000E-8	2.036705E-3
9.050000E-8	1.935641E-3
9.055000E-8	1.836290E-3
9.060000E-8	1.762633E-3
9.065000E-8	1.728374E-3
9.070000E-8	1.730087E-3
9.075000E-8	1.771198E-3
9.080000E-8	1.873974E-3
9.085000E-8	2.023001E-3
9.090000E-8	2.192582E-3
9.095000E-8	2.355312E-3
9.100000E-8	2.490635E-3
9.105000E-8	2.600264E-3
9.110000E-8	2.687624E-3
9.115000E-8	2.737300E-3
9.120000E-8	2.715031E-3
9.125000E-8	2.637949E-3
9.130000E-8	2.562579E-3
9.135000E-8	2.478645E-3
9.140000E-8	2.346748E-3
9.145000E-8	2.211425E-3
9.150000E-8	2.120638E-3
9.155000E-8	2.046982E-3
9.160000E-8	1.959621E-3
9.165000E-8	1.877400E-3
9.170000E-8	1.805456E-3
9.175000E-8	1.745503E-3
9.180000E-8	1.699253E-3
9.185000E-8	1.656430E-3
9.190000E-8	1.622171E-3
9.195000E-8	1.623884E-3
9.200000E-8	1.623884E-3
9.205000E-8	1.593051E-3
9.210000E-8	1.581060E-3
9.215000E-8	1.603329E-3
9.220000E-8	1.630736E-3
9.225000E-8	1.639300E-3
9.230000E-8	1.659856E-3
9.235000E-8	1.707818E-3
9.240000E-8	1.754067E-3
9.245000E-8	1.779762E-3
9.250000E-8	1.786613E-3
9.255000E-8	1.807169E-3
9.260000E-8	1.820872E-3
9.265000E-8	1.812307E-3
9.270000E-8	1.805456E-3
9.275000E-8	1.815733E-3
9.280000E-8	1.846567E-3
9.285000E-8	1.897955E-3
9.290000E-8	1.971612E-3
9.295000E-8	2.050408E-3
9.300000E-8	2.153185E-3
9.305000E-8	2.297072E-3
9.310000E-8	2.437534E-3
9.315000E-8	2.555727E-3
9.320000E-8	2.668782E-3
9.325000E-8	2.754429E-3
9.330000E-8	2.792114E-3
9.335000E-8	2.788688E-3
9.340000E-8	2.727021E-3
9.345000E-8	2.586560E-3
9.350000E-8	2.398135E-3
9.355000E-8	2.223415E-3
9.360000E-8	2.067537E-3
9.365000E-8	1.918511E-3
9.370000E-8	1.795178E-3
9.375000E-8	1.711244E-3
9.380000E-8	1.666708E-3
9.385000E-8	1.673560E-3
9.390000E-8	1.719809E-3
9.395000E-8	1.788327E-3
9.400000E-8	1.867123E-3
9.405000E-8	1.930501E-3
9.410000E-8	1.975038E-3
9.415000E-8	2.026426E-3
9.420000E-8	2.065824E-3
9.425000E-8	2.077815E-3
9.430000E-8	2.067537E-3
9.435000E-8	2.069250E-3
9.440000E-8	2.070963E-3
9.445000E-8	2.052120E-3
9.450000E-8	2.024713E-3
9.455000E-8	1.990454E-3
9.460000E-8	1.940779E-3
9.465000E-8	1.880825E-3
9.470000E-8	1.810594E-3
9.475000E-8	1.712956E-3
9.480000E-8	1.596476E-3
9.485000E-8	1.485134E-3
9.490000E-8	1.401200E-3
9.495000E-8	1.313839E-3
9.500000E-8	1.238470E-3
9.505000E-8	1.226479E-3
9.510000E-8	1.288146E-3
9.515000E-8	1.387497E-3
9.520000E-8	1.515968E-3
9.525000E-8	1.685550E-3
9.530000E-8	1.873974E-3
9.535000E-8	2.060685E-3
9.540000E-8	2.218276E-3
9.545000E-8	2.324479E-3
9.550000E-8	2.382719E-3
9.555000E-8	2.404987E-3
9.560000E-8	2.365589E-3
9.565000E-8	2.279942E-3
9.570000E-8	2.185729E-3
9.575000E-8	2.082952E-3
9.580000E-8	1.947630E-3
9.585000E-8	1.776335E-3
9.590000E-8	1.620457E-3
9.595000E-8	1.497125E-3
9.600000E-8	1.416616E-3
9.605000E-8	1.361802E-3
9.610000E-8	1.356663E-3
9.615000E-8	1.414903E-3
9.620000E-8	1.507402E-3
9.625000E-8	1.603327E-3
9.630000E-8	1.706104E-3
9.635000E-8	1.815733E-3
9.640000E-8	1.913371E-3
9.645000E-8	1.995593E-3
9.650000E-8	2.064111E-3
9.655000E-8	2.112074E-3
9.660000E-8	2.144620E-3
9.665000E-8	2.175453E-3
9.670000E-8	2.173740E-3
9.675000E-8	2.148046E-3
9.680000E-8	2.137768E-3
9.685000E-8	2.134342E-3
9.690000E-8	2.115499E-3
9.695000E-8	2.105222E-3
9.700000E-8	2.129203E-3
9.705000E-8	2.170313E-3
9.710000E-8	2.209711E-3
9.715000E-8	2.262812E-3
9.720000E-8	2.327904E-3
9.725000E-8	2.384432E-3
9.730000E-8	2.452950E-3
9.735000E-8	2.545449E-3
9.740000E-8	2.625957E-3
9.745000E-8	2.663642E-3
9.750000E-8	2.689336E-3
9.755000E-8	2.713318E-3
9.760000E-8	2.687624E-3
9.765000E-8	2.583134E-3
9.770000E-8	2.459802E-3
9.775000E-8	2.333044E-3
9.780000E-8	2.187443E-3
9.785000E-8	2.050407E-3
9.790000E-8	1.956195E-3
9.795000E-8	1.880826E-3
9.800000E-8	1.832863E-3
9.805000E-8	1.846567E-3
9.810000E-8	1.884251E-3
9.815000E-8	1.925362E-3
9.820000E-8	2.002445E-3
9.825000E-8	2.105221E-3
9.830000E-8	2.172026E-3
9.835000E-8	2.209711E-3
9.840000E-8	2.245683E-3
9.845000E-8	2.250821E-3
9.850000E-8	2.213137E-3
9.855000E-8	2.187442E-3
9.860000E-8	2.197720E-3
9.865000E-8	2.202859E-3
9.870000E-8	2.211424E-3
9.875000E-8	2.230266E-3
9.880000E-8	2.259386E-3
9.885000E-8	2.286793E-3
9.890000E-8	2.327904E-3
9.895000E-8	2.387857E-3
9.900000E-8	2.425542E-3
9.905000E-8	2.432394E-3
9.910000E-8	2.418691E-3
9.915000E-8	2.375867E-3
9.920000E-8	2.295359E-3
9.925000E-8	2.216563E-3
9.930000E-8	2.166888E-3
9.935000E-8	2.142907E-3
9.940000E-8	2.153184E-3
9.945000E-8	2.199434E-3
9.950000E-8	2.254248E-3
9.955000E-8	2.319340E-3
9.960000E-8	2.399848E-3
9.965000E-8	2.487208E-3
9.970000E-8	2.543735E-3
9.975000E-8	2.557438E-3
9.980000E-8	2.523179E-3
9.985000E-8	2.468365E-3
9.990000E-8	2.391283E-3
9.995000E-8	2.233692E-3
1.000000E-7	2.019574E-3
1.000500E-7	1.817446E-3
1.001000E-7	1.627309E-3
1.001500E-7	1.428607E-3
1.002000E-7	1.300136E-3
1.002500E-7	1.271016E-3
1.003000E-7	1.283007E-3
1.003500E-7	1.341247E-3
1.004000E-7	1.493699E-3
1.004500E-7	1.678697E-3
1.005000E-7	1.861982E-3
1.005500E-7	2.086378E-3
1.006000E-7	2.317626E-3
1.006500E-7	2.482069E-3
1.007000E-7	2.595123E-3
1.007500E-7	2.689336E-3
1.008000E-7	2.715030E-3
1.008500E-7	2.658503E-3
1.009000E-7	2.571143E-3
1.009500E-7	2.447811E-3
1.010000E-7	2.255961E-3
1.010500E-7	2.062398E-3
1.011000E-7	1.894530E-3
1.011500E-7	1.724948E-3
1.012000E-7	1.567357E-3
1.012500E-7	1.468006E-3
1.013000E-7	1.404626E-3
1.013500E-7	1.344673E-3
1.014000E-7	1.312127E-3
1.014500E-7	1.317266E-3
1.015000E-7	1.358377E-3
1.015500E-7	1.421755E-3
1.016000E-7	1.507403E-3
1.016500E-7	1.605041E-3
1.017000E-7	1.709531E-3
1.017500E-7	1.814020E-3
1.018000E-7	1.885964E-3
1.018500E-7	1.921936E-3
1.019000E-7	1.959621E-3
1.019500E-7	2.005871E-3
1.020000E-7	2.036704E-3
1.020500E-7	2.036704E-3
1.021000E-7	2.034991E-3
1.021500E-7	2.050407E-3
1.022000E-7	2.057259E-3
1.022500E-7	2.040130E-3
1.023000E-7	2.028139E-3
1.023500E-7	2.031565E-3
1.024000E-7	2.040130E-3
1.024500E-7	2.046982E-3
1.025000E-7	2.055547E-3
1.025500E-7	2.077815E-3
1.026000E-7	2.112074E-3
1.026500E-7	2.136055E-3
1.027000E-7	2.168601E-3
1.027500E-7	2.237119E-3
1.028000E-7	2.314202E-3
1.028500E-7	2.381007E-3
1.029000E-7	2.439247E-3
1.029500E-7	2.492348E-3
1.030000E-7	2.530033E-3
1.030500E-7	2.571143E-3
1.031000E-7	2.610541E-3
1.031500E-7	2.603689E-3
1.032000E-7	2.552300E-3
1.032500E-7	2.504338E-3
1.033000E-7	2.434107E-3
1.033500E-7	2.336469E-3
1.034000E-7	2.243970E-3
1.034500E-7	2.166887E-3
1.035000E-7	2.082953E-3
1.035500E-7	2.031564E-3
1.036000E-7	2.055546E-3
1.036500E-7	2.101795E-3
1.037000E-7	2.130915E-3
1.037500E-7	2.178878E-3
1.038000E-7	2.281655E-3
1.038500E-7	2.408413E-3
1.039000E-7	2.524893E-3
1.039500E-7	2.625957E-3
1.040000E-7	2.718456E-3
1.040500E-7	2.783548E-3
1.041000E-7	2.792113E-3
1.041500E-7	2.742437E-3
1.042000E-7	2.653364E-3
1.042500E-7	2.531745E-3
1.043000E-7	2.386144E-3
1.043500E-7	2.230266E-3
1.044000E-7	2.069249E-3
1.044500E-7	1.892816E-3
1.045000E-7	1.750641E-3
1.045500E-7	1.658142E-3
1.046000E-7	1.598189E-3
1.046500E-7	1.581060E-3
1.047000E-7	1.615319E-3
1.047500E-7	1.658143E-3
1.048000E-7	1.700966E-3
1.048500E-7	1.776336E-3
1.049000E-7	1.843141E-3
1.049500E-7	1.832863E-3
1.050000E-7	1.784901E-3
1.050500E-7	1.738651E-3
1.051000E-7	1.653003E-3
1.051500E-7	1.536523E-3
1.052000E-7	1.454302E-3
1.052500E-7	1.404626E-3
1.053000E-7	1.361803E-3
1.053500E-7	1.356664E-3
1.054000E-7	1.411478E-3
1.054500E-7	1.481709E-3
1.055000E-7	1.575921E-3
1.055500E-7	1.707818E-3
1.056000E-7	1.831150E-3
1.056500E-7	1.913372E-3
1.057000E-7	1.981890E-3
1.057500E-7	2.050407E-3
1.058000E-7	2.103509E-3
1.058500E-7	2.168601E-3
1.059000E-7	2.235406E-3
1.059500E-7	2.273091E-3
1.060000E-7	2.302211E-3
1.060500E-7	2.355312E-3
1.061000E-7	2.382719E-3
1.061500E-7	2.357025E-3
1.062000E-7	2.326192E-3
1.062500E-7	2.298785E-3
1.063000E-7	2.242258E-3
1.063500E-7	2.184018E-3
1.064000E-7	2.137768E-3
1.064500E-7	2.058972E-3
1.065000E-7	1.964760E-3
1.065500E-7	1.916797E-3
1.066000E-7	1.908232E-3
1.066500E-7	1.903093E-3
1.067000E-7	1.913371E-3
1.067500E-7	1.937352E-3
1.068000E-7	1.942491E-3
1.068500E-7	1.930501E-3
1.069000E-7	1.904807E-3
1.069500E-7	1.841428E-3
1.070000E-7	1.774623E-3
1.070500E-7	1.735225E-3
1.071000E-7	1.695827E-3
1.071500E-7	1.632448E-3
1.072000E-7	1.587911E-3
1.072500E-7	1.567355E-3
1.073000E-7	1.553652E-3
1.073500E-7	1.586197E-3
1.074000E-7	1.682122E-3
1.074500E-7	1.800316E-3
1.075000E-7	1.908231E-3
1.075500E-7	2.022999E-3
1.076000E-7	2.141192E-3
1.076500E-7	2.249108E-3
1.077000E-7	2.338182E-3
1.077500E-7	2.381005E-3
1.078000E-7	2.365589E-3
1.078500E-7	2.314201E-3
1.079000E-7	2.214850E-3
1.079500E-7	2.082953E-3
1.080000E-7	1.942491E-3
1.080500E-7	1.798604E-3
1.081000E-7	1.644438E-3
1.081500E-7	1.493699E-3
1.082000E-7	1.382357E-3
1.082500E-7	1.313839E-3
1.083000E-7	1.283006E-3
1.083500E-7	1.288145E-3
1.084000E-7	1.330969E-3
1.084500E-7	1.387496E-3
1.085000E-7	1.456014E-3
1.085500E-7	1.548513E-3
1.086000E-7	1.659855E-3
1.086500E-7	1.762632E-3
1.087000E-7	1.849993E-3
1.087500E-7	1.933927E-3
1.088000E-7	2.007584E-3
1.088500E-7	2.055546E-3
1.089000E-7	2.069250E-3
1.089500E-7	2.070963E-3
1.090000E-7	2.062398E-3
1.090500E-7	2.057259E-3
1.091000E-7	2.040130E-3
1.091500E-7	2.004158E-3
1.092000E-7	1.969899E-3
1.092500E-7	1.963047E-3
1.093000E-7	1.952770E-3
1.093500E-7	1.921937E-3
1.094000E-7	1.908233E-3
1.094500E-7	1.932214E-3
1.095000E-7	1.961334E-3
1.095500E-7	1.999019E-3
1.096000E-7	2.070963E-3
1.096500E-7	2.139481E-3
1.097000E-7	2.156610E-3
1.097500E-7	2.177165E-3
1.098000E-7	2.199433E-3
1.098500E-7	2.172026E-3
1.099000E-7	2.100082E-3
1.099500E-7	2.024712E-3
1.100000E-7	1.930500E-3
1.100500E-7	1.839714E-3
1.101000E-7	1.786613E-3
1.101500E-7	1.735224E-3
1.102000E-7	1.678697E-3
1.102500E-7	1.673559E-3
1.103000E-7	1.707818E-3
1.103500E-7	1.740364E-3
1.104000E-7	1.795178E-3
1.104500E-7	1.882539E-3
1.105000E-7	1.952769E-3
1.105500E-7	2.007584E-3
1.106000E-7	2.088092E-3
1.106500E-7	2.166888E-3
1.107000E-7	2.197721E-3
1.107500E-7	2.216563E-3
1.108000E-7	2.254248E-3
1.108500E-7	2.288507E-3
1.109000E-7	2.312488E-3
1.109500E-7	2.309062E-3
1.110000E-7	2.286794E-3
1.110500E-7	2.274803E-3
1.111000E-7	2.286794E-3
1.111500E-7	2.274803E-3
1.112000E-7	2.226841E-3
1.112500E-7	2.177165E-3
1.113000E-7	2.117212E-3
1.113500E-7	2.038416E-3
1.114000E-7	1.976750E-3
1.114500E-7	1.927075E-3
1.115000E-7	1.860270E-3
1.115500E-7	1.803742E-3
1.116000E-7	1.788326E-3
1.116500E-7	1.779761E-3
1.117000E-7	1.760919E-3
1.117500E-7	1.762632E-3
1.118000E-7	1.781475E-3
1.118500E-7	1.802030E-3
1.119000E-7	1.843141E-3
1.119500E-7	1.932214E-3
1.120000E-7	2.057259E-3
1.120500E-7	2.199434E-3
1.121000E-7	2.322766E-3
1.121500E-7	2.411839E-3
1.122000E-7	2.500913E-3
1.122500E-7	2.608828E-3
1.123000E-7	2.668781E-3
1.123500E-7	2.668781E-3
1.124000E-7	2.663643E-3
1.124500E-7	2.631097E-3
1.125000E-7	2.509477E-3
1.125500E-7	2.353599E-3
1.126000E-7	2.235406E-3
1.126500E-7	2.100083E-3
1.127000E-7	1.928788E-3
1.127500E-7	1.784900E-3
1.128000E-7	1.687262E-3
1.128500E-7	1.615318E-3
1.129000E-7	1.581059E-3
1.129500E-7	1.575920E-3
1.130000E-7	1.555364E-3
1.130500E-7	1.531383E-3
1.131000E-7	1.536522E-3
1.131500E-7	1.553652E-3
1.132000E-7	1.582772E-3
1.132500E-7	1.639299E-3
1.133000E-7	1.687262E-3
1.133500E-7	1.688975E-3
1.134000E-7	1.685550E-3
1.134500E-7	1.697540E-3
1.135000E-7	1.688975E-3
1.135500E-7	1.659855E-3
1.136000E-7	1.647865E-3
1.136500E-7	1.656429E-3
1.137000E-7	1.675272E-3
1.137500E-7	1.694114E-3
1.138000E-7	1.719808E-3
1.138500E-7	1.759206E-3
1.139000E-7	1.805456E-3
1.139500E-7	1.861983E-3
1.140000E-7	1.928788E-3
1.140500E-7	1.995593E-3
1.141000E-7	2.036704E-3
1.141500E-7	2.053834E-3
1.142000E-7	2.065824E-3
1.142500E-7	2.048695E-3
1.143000E-7	1.999019E-3
1.143500E-7	1.945917E-3
1.144000E-7	1.903093E-3
1.144500E-7	1.841427E-3
1.145000E-7	1.790038E-3
1.145500E-7	1.781473E-3
1.146000E-7	1.790038E-3
1.146500E-7	1.808880E-3
1.147000E-7	1.896241E-3
1.147500E-7	2.036702E-3
1.148000E-7	2.151470E-3
1.148500E-7	2.250821E-3
1.149000E-7	2.358737E-3
1.149500E-7	2.415264E-3
1.150000E-7	2.408413E-3
1.150500E-7	2.413552E-3
1.151000E-7	2.410126E-3
1.151500E-7	2.334757E-3
1.152000E-7	2.228554E-3
1.152500E-7	2.158324E-3
1.153000E-7	2.070963E-3
1.153500E-7	1.947631E-3
1.154000E-7	1.855132E-3
1.154500E-7	1.807169E-3
1.155000E-7	1.788326E-3
1.155500E-7	1.831150E-3
1.156000E-7	1.935639E-3
1.156500E-7	2.062397E-3
1.157000E-7	2.206285E-3
1.157500E-7	2.375866E-3
1.158000E-7	2.518041E-3
1.158500E-7	2.627669E-3
1.159000E-7	2.737298E-3
1.159500E-7	2.821233E-3
1.160000E-7	2.853779E-3
1.160500E-7	2.834937E-3
1.161000E-7	2.761280E-3
1.161500E-7	2.625957E-3
1.162000E-7	2.442672E-3
1.162500E-7	2.228554E-3
1.163000E-7	1.993880E-3
1.163500E-7	1.781474E-3
1.164000E-7	1.623883E-3
1.164500E-7	1.493699E-3
1.165000E-7	1.380645E-3
1.165500E-7	1.339534E-3
1.166000E-7	1.387496E-3
1.166500E-7	1.461153E-3
1.167000E-7	1.558791E-3
1.167500E-7	1.709531E-3
1.168000E-7	1.849993E-3
1.168500E-7	1.921936E-3
1.169000E-7	1.971612E-3
1.169500E-7	2.017861E-3
1.170000E-7	2.023000E-3
1.170500E-7	1.981889E-3
1.171000E-7	1.935639E-3
1.171500E-7	1.894528E-3
1.172000E-7	1.843140E-3
1.172500E-7	1.781474E-3
1.173000E-7	1.716382E-3
1.173500E-7	1.661567E-3
1.174000E-7	1.635873E-3
1.174500E-7	1.641012E-3
1.175000E-7	1.649577E-3
1.175500E-7	1.664994E-3
1.176000E-7	1.704392E-3
1.176500E-7	1.790039E-3
1.177000E-7	1.909946E-3
1.177500E-7	2.004158E-3
1.178000E-7	2.052120E-3
1.178500E-7	2.115499E-3
1.179000E-7	2.196007E-3
1.179500E-7	2.223415E-3
1.180000E-7	2.231979E-3
1.180500E-7	2.309062E-3
1.181000E-7	2.386145E-3
1.181500E-7	2.375867E-3
1.182000E-7	2.322766E-3
1.182500E-7	2.290220E-3
1.183000E-7	2.247396E-3
1.183500E-7	2.170313E-3
1.184000E-7	2.098370E-3
1.184500E-7	2.043555E-3
1.185000E-7	1.995593E-3
1.185500E-7	1.993880E-3
1.186000E-7	2.046981E-3
1.186500E-7	2.130916E-3
1.187000E-7	2.211424E-3
1.187500E-7	2.291933E-3
1.188000E-7	2.379293E-3
1.188500E-7	2.459801E-3
1.189000E-7	2.512903E-3
1.189500E-7	2.550587E-3
1.190000E-7	2.588272E-3
1.190500E-7	2.608827E-3
1.191000E-7	2.584846E-3
1.191500E-7	2.540309E-3
1.192000E-7	2.483782E-3
1.192500E-7	2.423828E-3
1.193000E-7	2.370727E-3
1.193500E-7	2.322764E-3
1.194000E-7	2.264524E-3
1.194500E-7	2.196006E-3
1.195000E-7	2.120637E-3
1.195500E-7	2.040128E-3
1.196000E-7	1.959620E-3
1.196500E-7	1.887676E-3
1.197000E-7	1.798603E-3
1.197500E-7	1.709530E-3
1.198000E-7	1.666707E-3
1.198500E-7	1.658142E-3
1.199000E-7	1.639299E-3
1.199500E-7	1.615318E-3
1.200000E-7	1.617031E-3
1.200500E-7	1.639299E-3
1.201000E-7	1.664994E-3
1.201500E-7	1.697540E-3
1.202000E-7	1.714669E-3
1.202500E-7	1.719808E-3
1.203000E-7	1.730086E-3
1.203500E-7	1.747216E-3
1.204000E-7	1.754067E-3
1.204500E-7	1.750641E-3
1.205000E-7	1.750641E-3
1.205500E-7	1.748928E-3
1.206000E-7	1.747215E-3
1.206500E-7	1.736937E-3
1.207000E-7	1.719808E-3
1.207500E-7	1.709530E-3
1.208000E-7	1.688975E-3
1.208500E-7	1.623883E-3
1.209000E-7	1.551939E-3
1.209500E-7	1.483421E-3
1.210000E-7	1.406339E-3
1.210500E-7	1.346386E-3
1.211000E-7	1.332682E-3
1.211500E-7	1.336108E-3
1.212000E-7	1.348099E-3
1.212500E-7	1.413191E-3
1.213000E-7	1.526245E-3
1.213500E-7	1.642725E-3
1.214000E-7	1.757493E-3
1.214500E-7	1.882538E-3
1.215000E-7	1.983602E-3
1.215500E-7	2.022999E-3
1.216000E-7	2.019574E-3
1.216500E-7	1.973324E-3
1.217000E-7	1.873974E-3
1.217500E-7	1.730086E-3
1.218000E-7	1.562218E-3
1.218500E-7	1.390923E-3
1.219000E-7	1.231619E-3
1.219500E-7	1.115139E-3
1.220000E-7	1.038056E-3
1.220500E-7	1.019214E-3
1.221000E-7	1.068889E-3
1.221500E-7	1.185369E-3
1.222000E-7	1.365228E-3
1.222500E-7	1.589624E-3
1.223000E-7	1.817446E-3
1.223500E-7	2.011008E-3
1.224000E-7	2.197720E-3
1.224500E-7	2.355311E-3
1.225000E-7	2.437532E-3
1.225500E-7	2.449523E-3
1.226000E-7	2.432394E-3
1.226500E-7	2.369015E-3
1.227000E-7	2.254247E-3
1.227500E-7	2.125776E-3
1.228000E-7	2.011009E-3
1.228500E-7	1.903093E-3
1.229000E-7	1.800316E-3
1.229500E-7	1.728372E-3
1.230000E-7	1.676983E-3
1.230500E-7	1.651289E-3
1.231000E-7	1.661567E-3
1.231500E-7	1.690687E-3
1.232000E-7	1.712955E-3
1.232500E-7	1.759205E-3
1.233000E-7	1.820871E-3
1.233500E-7	1.855130E-3
1.234000E-7	1.865408E-3
1.234500E-7	1.901380E-3
1.235000E-7	1.957907E-3
1.235500E-7	2.002444E-3
1.236000E-7	2.053833E-3
1.236500E-7	2.112073E-3
1.237000E-7	2.149758E-3
1.237500E-7	2.153184E-3
1.238000E-7	2.139480E-3
1.238500E-7	2.130915E-3
1.239000E-7	2.130915E-3
1.239500E-7	2.149757E-3
1.240000E-7	2.180590E-3
1.240500E-7	2.223414E-3
1.241000E-7	2.278228E-3
1.241500E-7	2.345033E-3
1.242000E-7	2.406699E-3
1.242500E-7	2.478642E-3
1.243000E-7	2.554012E-3
1.243500E-7	2.624243E-3
1.244000E-7	2.687622E-3
1.244500E-7	2.754427E-3
1.245000E-7	2.802390E-3
1.245500E-7	2.822945E-3
1.246000E-7	2.831510E-3
1.246500E-7	2.850353E-3
1.247000E-7	2.877760E-3
1.247500E-7	2.929149E-3
1.248000E-7	3.016509E-3
1.248500E-7	3.105582E-3
1.249000E-7	3.158684E-3
1.249500E-7	3.179239E-3
1.250000E-7	3.179239E-3
1.250500E-7	3.136415E-3
1.251000E-7	3.042203E-3
1.251500E-7	2.925723E-3
1.252000E-7	2.783548E-3
1.252500E-7	2.586559E-3
1.253000E-7	2.370727E-3
1.253500E-7	2.170312E-3
1.254000E-7	1.988740E-3
1.254500E-7	1.829435E-3
1.255000E-7	1.728371E-3
1.255500E-7	1.707816E-3
1.256000E-7	1.740362E-3
1.256500E-7	1.800315E-3
1.257000E-7	1.901379E-3
1.257500E-7	2.045267E-3
1.258000E-7	2.213136E-3
1.258500E-7	2.381005E-3
1.259000E-7	2.516328E-3
1.259500E-7	2.591698E-3
1.260000E-7	2.622531E-3
1.260500E-7	2.636235E-3
1.261000E-7	2.607115E-3
1.261500E-7	2.514616E-3
1.262000E-7	2.394709E-3
1.262500E-7	2.291932E-3
1.263000E-7	2.192581E-3
1.263500E-7	2.101795E-3
1.264000E-7	2.034990E-3
1.264500E-7	1.988741E-3
1.265000E-7	1.963046E-3
1.265500E-7	1.968185E-3
1.266000E-7	2.009296E-3
1.266500E-7	2.069249E-3
1.267000E-7	2.142906E-3
1.267500E-7	2.230267E-3
1.268000E-7	2.322766E-3
1.268500E-7	2.422117E-3
1.269000E-7	2.526606E-3
1.269500E-7	2.605402E-3
1.270000E-7	2.624244E-3
1.270500E-7	2.595124E-3
1.271000E-7	2.543736E-3
1.271500E-7	2.473505E-3
1.272000E-7	2.387857E-3
1.272500E-7	2.297071E-3
1.273000E-7	2.207998E-3
1.273500E-7	2.115498E-3
1.274000E-7	2.043554E-3
1.274500E-7	1.992166E-3
1.275000E-7	1.925361E-3
1.275500E-7	1.865408E-3
1.276000E-7	1.853417E-3
1.276500E-7	1.882537E-3
1.277000E-7	1.908231E-3
1.277500E-7	1.915083E-3
1.278000E-7	1.909945E-3
1.278500E-7	1.889390E-3
1.279000E-7	1.855131E-3
1.279500E-7	1.822585E-3
1.280000E-7	1.778049E-3
1.280500E-7	1.740364E-3
1.281000E-7	1.730087E-3
1.281500E-7	1.764346E-3
1.282000E-7	1.831151E-3
1.282500E-7	1.942492E-3
1.283000E-7	2.094944E-3
1.283500E-7	2.261100E-3
1.284000E-7	2.434107E-3
1.284500E-7	2.619105E-3
1.285000E-7	2.783548E-3
1.285500E-7	2.912019E-3
1.286000E-7	2.994240E-3
1.286500E-7	3.023360E-3
1.287000E-7	2.982250E-3
1.287500E-7	2.876047E-3
1.288000E-7	2.718456E-3
1.288500E-7	2.516328E-3
1.289000E-7	2.297071E-3
1.289500E-7	2.100082E-3
1.290000E-7	1.909945E-3
1.290500E-7	1.723234E-3
1.291000E-7	1.574208E-3
1.291500E-7	1.495412E-3
1.292000E-7	1.442311E-3
1.292500E-7	1.396062E-3
1.293000E-7	1.408052E-3
1.293500E-7	1.474857E-3
1.294000E-7	1.551940E-3
1.294500E-7	1.646152E-3
1.295000E-7	1.769484E-3
1.295500E-7	1.892816E-3
1.296000E-7	2.004158E-3
1.296500E-7	2.129203E-3
1.297000E-7	2.245683E-3
1.297500E-7	2.338182E-3
1.298000E-7	2.422117E-3
1.298500E-7	2.500912E-3
1.299000E-7	2.555726E-3
1.299500E-7	2.586559E-3
1.300000E-7	2.584846E-3
1.300500E-7	2.555726E-3
1.301000E-7	2.528319E-3
1.301500E-7	2.497486E-3
1.302000E-7	2.458088E-3
1.302500E-7	2.447811E-3
1.303000E-7	2.452950E-3
1.303500E-7	2.451237E-3
1.304000E-7	2.452950E-3
1.304500E-7	2.466653E-3
1.305000E-7	2.461514E-3
1.305500E-7	2.442672E-3
1.306000E-7	2.442672E-3
1.306500E-7	2.440959E-3
1.307000E-7	2.406700E-3
1.307500E-7	2.353599E-3
1.308000E-7	2.274803E-3
1.308500E-7	2.160036E-3
1.309000E-7	2.029852E-3
1.309500E-7	1.918510E-3
1.310000E-7	1.838002E-3
1.310500E-7	1.781474E-3
1.311000E-7	1.752354E-3
1.311500E-7	1.750641E-3
1.312000E-7	1.776335E-3
1.312500E-7	1.855131E-3
1.313000E-7	1.981889E-3
1.313500E-7	2.112073E-3
1.314000E-7	2.225127E-3
1.314500E-7	2.348459E-3
1.315000E-7	2.480356E-3
1.315500E-7	2.588272E-3
1.316000E-7	2.663642E-3
1.316500E-7	2.709891E-3
1.317000E-7	2.735585E-3
1.317500E-7	2.762993E-3
1.318000E-7	2.788687E-3
1.318500E-7	2.774983E-3
1.319000E-7	2.711604E-3
1.319500E-7	2.643086E-3
1.320000E-7	2.583133E-3
1.320500E-7	2.502625E-3
1.321000E-7	2.401561E-3
1.321500E-7	2.302210E-3
1.322000E-7	2.192582E-3
1.322500E-7	2.081240E-3
1.323000E-7	1.985315E-3
1.323500E-7	1.887677E-3
1.324000E-7	1.795178E-3
1.324500E-7	1.755781E-3
1.325000E-7	1.757494E-3
1.325500E-7	1.757494E-3
1.326000E-7	1.730087E-3
1.326500E-7	1.687263E-3
1.327000E-7	1.639300E-3
1.327500E-7	1.581060E-3
1.328000E-7	1.507403E-3
1.328500E-7	1.421755E-3
1.329000E-7	1.365228E-3
1.329500E-7	1.358376E-3
1.330000E-7	1.372079E-3
1.330500E-7	1.420042E-3
1.331000E-7	1.517680E-3
1.331500E-7	1.630735E-3
1.332000E-7	1.726660E-3
1.332500E-7	1.839715E-3
1.333000E-7	1.969899E-3
1.333500E-7	2.091519E-3
1.334000E-7	2.204573E-3
1.334500E-7	2.307350E-3
1.335000E-7	2.346748E-3
1.335500E-7	2.339896E-3
1.336000E-7	2.321053E-3
1.336500E-7	2.274803E-3
1.337000E-7	2.197721E-3
1.337500E-7	2.137767E-3
1.338000E-7	2.086379E-3
1.338500E-7	2.024713E-3
1.339000E-7	1.973324E-3
1.339500E-7	1.939065E-3
1.340000E-7	1.889390E-3
1.340500E-7	1.861983E-3
1.341000E-7	1.889390E-3
1.341500E-7	1.939065E-3
1.342000E-7	2.000731E-3
1.342500E-7	2.093230E-3
1.343000E-7	2.172026E-3
1.343500E-7	2.202859E-3
1.344000E-7	2.233692E-3
1.344500E-7	2.271376E-3
1.345000E-7	2.262812E-3
1.345500E-7	2.223414E-3
1.346000E-7	2.184016E-3
1.346500E-7	2.113786E-3
1.347000E-7	2.017861E-3
1.347500E-7	1.942491E-3
1.348000E-7	1.879112E-3
1.348500E-7	1.802030E-3
1.349000E-7	1.743789E-3
1.349500E-7	1.740363E-3
1.350000E-7	1.762631E-3
1.350500E-7	1.807168E-3
1.351000E-7	1.897954E-3
1.351500E-7	2.007582E-3
1.352000E-7	2.122350E-3
1.352500E-7	2.259385E-3
1.353000E-7	2.410125E-3
1.353500E-7	2.533457E-3
1.354000E-7	2.608827E-3
1.354500E-7	2.624244E-3
1.355000E-7	2.579708E-3
1.355500E-7	2.468366E-3
1.356000E-7	2.293645E-3
1.356500E-7	2.074388E-3
1.357000E-7	1.844853E-3
1.357500E-7	1.610179E-3
1.358000E-7	1.375506E-3
1.358500E-7	1.180229E-3
1.359000E-7	1.056897E-3
1.359500E-7	9.712497E-4
1.360000E-7	9.232872E-4
1.360500E-7	9.575462E-4
1.361000E-7	1.065462E-3
1.361500E-7	1.183655E-3
1.362000E-7	1.288145E-3
1.362500E-7	1.404626E-3
1.363000E-7	1.519394E-3
1.363500E-7	1.581060E-3
1.364000E-7	1.586199E-3
1.364500E-7	1.586199E-3
1.365000E-7	1.591338E-3
1.365500E-7	1.603328E-3
1.366000E-7	1.622171E-3
1.366500E-7	1.668420E-3
1.367000E-7	1.742077E-3
1.367500E-7	1.839715E-3
1.368000E-7	1.961334E-3
1.368500E-7	2.091518E-3
1.369000E-7	2.221702E-3
1.369500E-7	2.334756E-3
1.370000E-7	2.410126E-3
1.370500E-7	2.435820E-3
1.371000E-7	2.435820E-3
1.371500E-7	2.425542E-3
1.372000E-7	2.372441E-3
1.372500E-7	2.295358E-3
1.373000E-7	2.225128E-3
1.373500E-7	2.142906E-3
1.374000E-7	2.040129E-3
1.374500E-7	1.971611E-3
1.375000E-7	1.961334E-3
1.375500E-7	1.975037E-3
1.376000E-7	2.011009E-3
1.376500E-7	2.089805E-3
1.377000E-7	2.182304E-3
1.377500E-7	2.255960E-3
1.378000E-7	2.341608E-3
1.378500E-7	2.440959E-3
1.379000E-7	2.492347E-3
1.379500E-7	2.502625E-3
1.380000E-7	2.524893E-3
1.380500E-7	2.557439E-3
1.381000E-7	2.562578E-3
1.381500E-7	2.559153E-3
1.382000E-7	2.572856E-3
1.382500E-7	2.562578E-3
1.383000E-7	2.482070E-3
1.383500E-7	2.363876E-3
1.384000E-7	2.238831E-3
1.384500E-7	2.101795E-3
1.385000E-7	1.966472E-3
1.385500E-7	1.848278E-3
1.386000E-7	1.752353E-3
1.386500E-7	1.671845E-3
1.387000E-7	1.601614E-3
1.387500E-7	1.551939E-3
1.388000E-7	1.553652E-3
1.388500E-7	1.611892E-3
1.389000E-7	1.702678E-3
1.389500E-7	1.808881E-3
1.390000E-7	1.944204E-3
1.390500E-7	2.096656E-3
1.391000E-7	2.240544E-3
1.391500E-7	2.334756E-3
1.392000E-7	2.336469E-3
1.392500E-7	2.269664E-3
1.393000E-7	2.153183E-3
1.393500E-7	1.976750E-3
1.394000E-7	1.760918E-3
1.394500E-7	1.574207E-3
1.395000E-7	1.450875E-3
1.395500E-7	1.342959E-3
1.396000E-7	1.271016E-3
1.396500E-7	1.284719E-3
1.397000E-7	1.348099E-3
1.397500E-7	1.432033E-3
1.398000E-7	1.581059E-3
1.398500E-7	1.798604E-3
1.399000E-7	2.019574E-3
1.399500E-7	2.211424E-3
1.400000E-7	2.377580E-3
1.400500E-7	2.478644E-3
1.401000E-7	2.485495E-3
1.401500E-7	2.440959E-3
1.402000E-7	2.381006E-3
1.402500E-7	2.298784E-3
1.403000E-7	2.189156E-3
1.403500E-7	2.074388E-3
1.404000E-7	1.957908E-3
1.404500E-7	1.838002E-3
1.405000E-7	1.743790E-3
1.405500E-7	1.712957E-3
1.406000E-7	1.742077E-3
1.406500E-7	1.800317E-3
1.407000E-7	1.899668E-3
1.407500E-7	2.033278E-3
1.408000E-7	2.154897E-3
1.408500E-7	2.242257E-3
1.409000E-7	2.338182E-3
1.409500E-7	2.449523E-3
1.410000E-7	2.531745E-3
1.410500E-7	2.562578E-3
1.411000E-7	2.569430E-3
1.411500E-7	2.555726E-3
1.412000E-7	2.507763E-3
1.412500E-7	2.435820E-3
1.413000E-7	2.358737E-3
1.413500E-7	2.273090E-3
1.414000E-7	2.180590E-3
1.414500E-7	2.125776E-3
1.415000E-7	2.113785E-3
1.415500E-7	2.115498E-3
1.416000E-7	2.100082E-3
1.416500E-7	2.076100E-3
1.417000E-7	2.065823E-3
1.417500E-7	2.055545E-3
1.418000E-7	2.040128E-3
1.418500E-7	2.024712E-3
1.419000E-7	1.997305E-3
1.419500E-7	1.976749E-3
1.420000E-7	1.981888E-3
1.420500E-7	1.993879E-3
1.421000E-7	2.022999E-3
1.421500E-7	2.082953E-3
1.422000E-7	2.139480E-3
1.422500E-7	2.187443E-3
1.423000E-7	2.252535E-3
1.423500E-7	2.317627E-3
1.424000E-7	2.346747E-3
1.424500E-7	2.367302E-3
1.425000E-7	2.392997E-3
1.425500E-7	2.384432E-3
1.426000E-7	2.346747E-3
1.426500E-7	2.298785E-3
1.427000E-7	2.225128E-3
1.427500E-7	2.153184E-3
1.428000E-7	2.110360E-3
1.428500E-7	2.060685E-3
1.429000E-7	2.012722E-3
1.429500E-7	2.023000E-3
1.430000E-7	2.072675E-3
1.430500E-7	2.100082E-3
1.431000E-7	2.117211E-3
1.431500E-7	2.170312E-3
1.432000E-7	2.218274E-3
1.432500E-7	2.249107E-3
1.433000E-7	2.276514E-3
1.433500E-7	2.300496E-3
1.434000E-7	2.312486E-3
1.434500E-7	2.314199E-3
1.435000E-7	2.291931E-3
1.435500E-7	2.226839E-3
1.436000E-7	2.149757E-3
1.436500E-7	2.094943E-3
1.437000E-7	2.050406E-3
1.437500E-7	2.011009E-3
1.438000E-7	1.976750E-3
1.438500E-7	1.961334E-3
1.439000E-7	1.969899E-3
1.439500E-7	2.011010E-3
1.440000E-7	2.070963E-3
1.440500E-7	2.151472E-3
1.441000E-7	2.245684E-3
1.441500E-7	2.341608E-3
1.442000E-7	2.439246E-3
1.442500E-7	2.526606E-3
1.443000E-7	2.588272E-3
1.443500E-7	2.617392E-3
1.444000E-7	2.631095E-3
1.444500E-7	2.600262E-3
1.445000E-7	2.506050E-3
1.445500E-7	2.360450E-3
1.446000E-7	2.230266E-3
1.446500E-7	2.103508E-3
1.447000E-7	1.961334E-3
1.447500E-7	1.812307E-3
1.448000E-7	1.692401E-3
1.448500E-7	1.618744E-3
1.449000E-7	1.596476E-3
1.449500E-7	1.606753E-3
1.450000E-7	1.635873E-3
1.450500E-7	1.690687E-3
1.451000E-7	1.779760E-3
1.451500E-7	1.851704E-3
1.452000E-7	1.897954E-3
1.452500E-7	1.978462E-3
1.453000E-7	2.088091E-3
1.453500E-7	2.177164E-3
1.454000E-7	2.257673E-3
1.454500E-7	2.355311E-3
1.455000E-7	2.454662E-3
1.455500E-7	2.530032E-3
1.456000E-7	2.595124E-3
1.456500E-7	2.634522E-3
1.457000E-7	2.620819E-3
1.457500E-7	2.559152E-3
1.458000E-7	2.482070E-3
1.458500E-7	2.370728E-3
1.459000E-7	2.219989E-3
1.459500E-7	2.062398E-3
1.460000E-7	1.913372E-3
1.460500E-7	1.759206E-3
1.461000E-7	1.634161E-3
1.461500E-7	1.558792E-3
1.462000E-7	1.534810E-3
1.462500E-7	1.567356E-3
1.463000E-7	1.642726E-3
1.463500E-7	1.719809E-3
1.464000E-7	1.791752E-3
1.464500E-7	1.865409E-3
1.465000E-7	1.906519E-3
1.465500E-7	1.923649E-3
1.466000E-7	1.949343E-3
1.466500E-7	1.968185E-3
1.467000E-7	1.947630E-3
1.467500E-7	1.920222E-3
1.468000E-7	1.932213E-3
1.468500E-7	1.978463E-3
1.469000E-7	2.040129E-3
1.469500E-7	2.108647E-3
1.470000E-7	2.187442E-3
1.470500E-7	2.261099E-3
1.471000E-7	2.298784E-3
1.471500E-7	2.278229E-3
1.472000E-7	2.214850E-3
1.472500E-7	2.117212E-3
1.473000E-7	1.983602E-3
1.473500E-7	1.805456E-3
1.474000E-7	1.615319E-3
1.474500E-7	1.464579E-3
1.475000E-7	1.396061E-3
1.475500E-7	1.401200E-3
1.476000E-7	1.466292E-3
1.476500E-7	1.593050E-3
1.477000E-7	1.784900E-3
1.477500E-7	2.014435E-3
1.478000E-7	2.264525E-3
1.478500E-7	2.500912E-3
1.479000E-7	2.713317E-3
1.479500E-7	2.886325E-3
1.480000E-7	3.002805E-3
1.480500E-7	3.037064E-3
1.481000E-7	2.977111E-3
1.481500E-7	2.848640E-3
1.482000E-7	2.667068E-3
1.482500E-7	2.444385E-3
1.483000E-7	2.211424E-3
1.483500E-7	1.981889E-3
1.484000E-7	1.771197E-3
1.484500E-7	1.605041E-3
1.485000E-7	1.490274E-3
1.485500E-7	1.432033E-3
1.486000E-7	1.437172E-3
1.486500E-7	1.488561E-3
1.487000E-7	1.539949E-3
1.487500E-7	1.599902E-3
1.488000E-7	1.678698E-3
1.488500E-7	1.748928E-3
1.489000E-7	1.800317E-3
1.489500E-7	1.834576E-3
1.490000E-7	1.846566E-3
1.490500E-7	1.856844E-3
1.491000E-7	1.879113E-3
1.491500E-7	1.896242E-3
1.492000E-7	1.928788E-3
1.492500E-7	1.999019E-3
1.493000E-7	2.076102E-3
1.493500E-7	2.124064E-3
1.494000E-7	2.175452E-3
1.494500E-7	2.221702E-3
1.495000E-7	2.223414E-3
1.495500E-7	2.211423E-3
1.496000E-7	2.207997E-3
1.496500E-7	2.161747E-3
1.497000E-7	2.055545E-3
1.497500E-7	1.932212E-3
1.498000E-7	1.834575E-3
1.498500E-7	1.769483E-3
1.499000E-7	1.738650E-3
1.499500E-7	1.757493E-3
1.500000E-7	1.838002E-3
1.500500E-7	1.966473E-3
1.501000E-7	2.115500E-3
1.501500E-7	2.271378E-3
1.502000E-7	2.437534E-3
1.502500E-7	2.584847E-3
1.503000E-7	2.670494E-3
1.503500E-7	2.694475E-3
1.504000E-7	2.672207E-3
1.504500E-7	2.595124E-3
1.505000E-7	2.461514E-3
1.505500E-7	2.307348E-3
1.506000E-7	2.160035E-3
1.506500E-7	2.033277E-3
1.507000E-7	1.940777E-3
1.507500E-7	1.908232E-3
1.508000E-7	1.935639E-3
1.508500E-7	1.995592E-3
1.509000E-7	2.081240E-3
1.509500E-7	2.192581E-3
1.510000E-7	2.310775E-3
1.510500E-7	2.413552E-3
1.511000E-7	2.502625E-3
1.511500E-7	2.547162E-3
1.512000E-7	2.543736E-3
1.512500E-7	2.524893E-3
1.513000E-7	2.502625E-3
1.513500E-7	2.468366E-3
1.514000E-7	2.430681E-3
1.514500E-7	2.392996E-3
1.515000E-7	2.336469E-3
1.515500E-7	2.276516E-3
1.516000E-7	2.240544E-3
1.516500E-7	2.206285E-3
1.517000E-7	2.156609E-3
1.517500E-7	2.117212E-3
1.518000E-7	2.103508E-3
1.518500E-7	2.091518E-3
1.519000E-7	2.081240E-3
1.519500E-7	2.067537E-3
1.520000E-7	2.055546E-3
1.520500E-7	2.048694E-3
1.521000E-7	2.046981E-3
1.521500E-7	2.046981E-3
1.522000E-7	2.060685E-3
1.522500E-7	2.084666E-3
1.523000E-7	2.105221E-3
1.523500E-7	2.120637E-3
1.524000E-7	2.120637E-3
1.524500E-7	2.074387E-3
1.525000E-7	2.000730E-3
1.525500E-7	1.944203E-3
1.526000E-7	1.915083E-3
1.526500E-7	1.896240E-3
1.527000E-7	1.897953E-3
1.527500E-7	1.904805E-3
1.528000E-7	1.916796E-3
1.528500E-7	1.963045E-3
1.529000E-7	2.024712E-3
1.529500E-7	2.057258E-3
1.530000E-7	2.077814E-3
1.530500E-7	2.101795E-3
1.531000E-7	2.113786E-3
1.531500E-7	2.113786E-3
1.532000E-7	2.105221E-3
1.532500E-7	2.100082E-3
1.533000E-7	2.101795E-3
1.533500E-7	2.112073E-3
1.534000E-7	2.117212E-3
1.534500E-7	2.124063E-3
1.535000E-7	2.149758E-3
1.535500E-7	2.154897E-3
1.536000E-7	2.129202E-3
1.536500E-7	2.093230E-3
1.537000E-7	2.060684E-3
1.537500E-7	2.012722E-3
1.538000E-7	1.954482E-3
1.538500E-7	1.908232E-3
1.539000E-7	1.856844E-3
1.539500E-7	1.802030E-3
1.540000E-7	1.772910E-3
1.540500E-7	1.738651E-3
1.541000E-7	1.668420E-3
1.541500E-7	1.608467E-3
1.542000E-7	1.589625E-3
1.542500E-7	1.579347E-3
1.543000E-7	1.570782E-3
1.543500E-7	1.581060E-3
1.544000E-7	1.617031E-3
1.544500E-7	1.687262E-3
1.545000E-7	1.784900E-3
1.545500E-7	1.909945E-3
1.546000E-7	2.053832E-3
1.546500E-7	2.190868E-3
1.547000E-7	2.307348E-3
1.547500E-7	2.398134E-3
1.548000E-7	2.471791E-3
1.548500E-7	2.511189E-3
1.549000E-7	2.495773E-3
1.549500E-7	2.434107E-3
1.550000E-7	2.336469E-3
1.550500E-7	2.219989E-3
1.551000E-7	2.096657E-3
1.551500E-7	1.954483E-3
1.552000E-7	1.824299E-3
1.552500E-7	1.726661E-3
1.553000E-7	1.663281E-3
1.553500E-7	1.625597E-3
1.554000E-7	1.625597E-3
1.554500E-7	1.663281E-3
1.555000E-7	1.743790E-3
1.555500E-7	1.879112E-3
1.556000E-7	2.024713E-3
1.556500E-7	2.118925E-3
1.557000E-7	2.175452E-3
1.557500E-7	2.225127E-3
1.558000E-7	2.257673E-3
1.558500E-7	2.233692E-3
1.559000E-7	2.175452E-3
1.559500E-7	2.101795E-3
1.560000E-7	2.009296E-3
1.560500E-7	1.891102E-3
1.561000E-7	1.783187E-3
1.561500E-7	1.712956E-3
1.562000E-7	1.659855E-3
1.562500E-7	1.620458E-3
1.563000E-7	1.611893E-3
1.563500E-7	1.639300E-3
1.564000E-7	1.683837E-3
1.564500E-7	1.742077E-3
1.565000E-7	1.817447E-3
1.565500E-7	1.891104E-3
1.566000E-7	1.940779E-3
1.566500E-7	1.959621E-3
1.567000E-7	1.949343E-3
1.567500E-7	1.927075E-3
1.568000E-7	1.901380E-3
1.568500E-7	1.843140E-3
1.569000E-7	1.745502E-3
1.569500E-7	1.661567E-3
1.570000E-7	1.620457E-3
1.570500E-7	1.581059E-3
1.571000E-7	1.557078E-3
1.571500E-7	1.574207E-3
1.572000E-7	1.615318E-3
1.572500E-7	1.671845E-3
1.573000E-7	1.743789E-3
1.573500E-7	1.810594E-3
1.574000E-7	1.855130E-3
1.574500E-7	1.918509E-3
1.575000E-7	2.014434E-3
1.575500E-7	2.086378E-3
1.576000E-7	2.129202E-3
1.576500E-7	2.180590E-3
1.577000E-7	2.225127E-3
1.577500E-7	2.243970E-3
1.578000E-7	2.264525E-3
1.578500E-7	2.281655E-3
1.579000E-7	2.266239E-3
1.579500E-7	2.249109E-3
1.580000E-7	2.278229E-3
1.580500E-7	2.343321E-3
1.581000E-7	2.413552E-3
1.581500E-7	2.478644E-3
1.582000E-7	2.538597E-3
1.582500E-7	2.610540E-3
1.583000E-7	2.673919E-3
1.583500E-7	2.715030E-3
1.584000E-7	2.759567E-3
1.584500E-7	2.826372E-3
1.585000E-7	2.874334E-3
1.585500E-7	2.888038E-3
1.586000E-7	2.879473E-3
1.586500E-7	2.852066E-3
1.587000E-7	2.790400E-3
1.587500E-7	2.704753E-3
1.588000E-7	2.608828E-3
1.588500E-7	2.530032E-3
1.589000E-7	2.471792E-3
1.589500E-7	2.411838E-3
1.590000E-7	2.334756E-3
1.590500E-7	2.264525E-3
1.591000E-7	2.211423E-3
1.591500E-7	2.153183E-3
1.592000E-7	2.070962E-3
1.592500E-7	1.981888E-3
1.593000E-7	1.899667E-3
1.593500E-7	1.827723E-3
1.594000E-7	1.778047E-3
1.594500E-7	1.754066E-3
1.595000E-7	1.742075E-3
1.595500E-7	1.721520E-3
1.596000E-7	1.706104E-3
1.596500E-7	1.728372E-3
1.597000E-7	1.784899E-3
1.597500E-7	1.815733E-3
1.598000E-7	1.808881E-3
1.598500E-7	1.790039E-3
1.599000E-7	1.735224E-3
1.599500E-7	1.632448E-3
1.600000E-7	1.521106E-3
1.600500E-7	1.411478E-3
1.601000E-7	1.272729E-3
1.601500E-7	1.145971E-3
1.602000E-7	1.089444E-3
1.602500E-7	1.070601E-3
1.603000E-7	1.060323E-3
1.603500E-7	1.092869E-3
1.604000E-7	1.188794E-3
1.604500E-7	1.296710E-3
1.605000E-7	1.385783E-3
1.605500E-7	1.486847E-3
1.606000E-7	1.603328E-3
1.606500E-7	1.707817E-3
1.607000E-7	1.771196E-3
1.607500E-7	1.829436E-3
1.608000E-7	1.899667E-3
1.608500E-7	1.945916E-3
1.609000E-7	1.961332E-3
1.609500E-7	1.995591E-3
1.610000E-7	2.052118E-3
1.610500E-7	2.110359E-3
1.611000E-7	2.194293E-3
1.611500E-7	2.286792E-3
1.612000E-7	2.338181E-3
1.612500E-7	2.346746E-3
1.613000E-7	2.343320E-3
1.613500E-7	2.303922E-3
1.614000E-7	2.226840E-3
1.614500E-7	2.172026E-3
1.615000E-7	2.106934E-3
1.615500E-7	2.009296E-3
1.616000E-7	1.935639E-3
1.616500E-7	1.920223E-3
1.617000E-7	1.920223E-3
1.617500E-7	1.925362E-3
1.618000E-7	1.966473E-3
1.618500E-7	2.011010E-3
1.619000E-7	2.028139E-3
1.619500E-7	2.033278E-3
1.620000E-7	2.036704E-3
1.620500E-7	2.016149E-3
1.621000E-7	1.969900E-3
1.621500E-7	1.901382E-3
1.622000E-7	1.819160E-3
1.622500E-7	1.757493E-3
1.623000E-7	1.743790E-3
1.623500E-7	1.759206E-3
1.624000E-7	1.771196E-3
1.624500E-7	1.790038E-3
1.625000E-7	1.841426E-3
1.625500E-7	1.920222E-3
1.626000E-7	2.002443E-3
1.626500E-7	2.089803E-3
1.627000E-7	2.170312E-3
1.627500E-7	2.238830E-3
1.628000E-7	2.293644E-3
1.628500E-7	2.314200E-3
1.629000E-7	2.285080E-3
1.629500E-7	2.228553E-3
1.630000E-7	2.180590E-3
1.630500E-7	2.129202E-3
1.631000E-7	2.074387E-3
1.631500E-7	2.040128E-3
1.632000E-7	2.021286E-3
1.632500E-7	2.007582E-3
1.633000E-7	2.014434E-3
1.633500E-7	2.036702E-3
1.634000E-7	2.045267E-3
1.634500E-7	2.076100E-3
1.635000E-7	2.134340E-3
1.635500E-7	2.175451E-3
1.636000E-7	2.189155E-3
1.636500E-7	2.189155E-3
1.637000E-7	2.146331E-3
1.637500E-7	2.065823E-3
1.638000E-7	2.000731E-3
1.638500E-7	1.940777E-3
1.639000E-7	1.844852E-3
1.639500E-7	1.735224E-3
1.640000E-7	1.653002E-3
1.640500E-7	1.606753E-3
1.641000E-7	1.598188E-3
1.641500E-7	1.618744E-3
1.642000E-7	1.663281E-3
1.642500E-7	1.759206E-3
1.643000E-7	1.911658E-3
1.643500E-7	2.050407E-3
1.644000E-7	2.151471E-3
1.644500E-7	2.254248E-3
1.645000E-7	2.357025E-3
1.645500E-7	2.406700E-3
1.646000E-7	2.394709E-3
1.646500E-7	2.321052E-3
1.647000E-7	2.194294E-3
1.647500E-7	2.052119E-3
1.648000E-7	1.920222E-3
1.648500E-7	1.790038E-3
1.649000E-7	1.692400E-3
1.649500E-7	1.656428E-3
1.650000E-7	1.646151E-3
1.650500E-7	1.649576E-3
1.651000E-7	1.706104E-3
1.651500E-7	1.805455E-3
1.652000E-7	1.897954E-3
1.652500E-7	1.969898E-3
1.653000E-7	2.041841E-3
1.653500E-7	2.074387E-3
1.654000E-7	2.060684E-3
1.654500E-7	2.040129E-3
1.655000E-7	2.005870E-3
1.655500E-7	1.935639E-3
1.656000E-7	1.848279E-3
1.656500E-7	1.772909E-3
1.657000E-7	1.685549E-3
1.657500E-7	1.610179E-3
1.658000E-7	1.589624E-3
1.658500E-7	1.608466E-3
1.659000E-7	1.635873E-3
1.659500E-7	1.702678E-3
1.660000E-7	1.805455E-3
1.660500E-7	1.894528E-3
1.661000E-7	1.959620E-3
1.661500E-7	2.029851E-3
1.662000E-7	2.093230E-3
1.662500E-7	2.124063E-3
1.663000E-7	2.127489E-3
1.663500E-7	2.117211E-3
1.664000E-7	2.074388E-3
1.664500E-7	2.021286E-3
1.665000E-7	1.983601E-3
1.665500E-7	1.956194E-3
1.666000E-7	1.927074E-3
1.666500E-7	1.916796E-3
1.667000E-7	1.932213E-3
1.667500E-7	1.980175E-3
1.668000E-7	2.079526E-3
1.668500E-7	2.196006E-3
1.669000E-7	2.286793E-3
1.669500E-7	2.358736E-3
1.670000E-7	2.428967E-3
1.670500E-7	2.466652E-3
1.671000E-7	2.459801E-3
1.671500E-7	2.401561E-3
1.672000E-7	2.298784E-3
1.672500E-7	2.185730E-3
1.673000E-7	2.110360E-3
1.673500E-7	2.038416E-3
1.674000E-7	1.961334E-3
1.674500E-7	1.921936E-3
1.675000E-7	1.927074E-3
1.675500E-7	1.937352E-3
1.676000E-7	1.963046E-3
1.676500E-7	2.024712E-3
1.677000E-7	2.110359E-3
1.677500E-7	2.196006E-3
1.678000E-7	2.307348E-3
1.678500E-7	2.416976E-3
1.679000E-7	2.471791E-3
1.679500E-7	2.478643E-3
1.680000E-7	2.476930E-3
1.680500E-7	2.447810E-3
1.681000E-7	2.391283E-3
1.681500E-7	2.362163E-3
1.682000E-7	2.357024E-3
1.682500E-7	2.305636E-3
1.683000E-7	2.223414E-3
1.683500E-7	2.192581E-3
1.684000E-7	2.160035E-3
1.684500E-7	2.072675E-3
1.685000E-7	1.985315E-3
1.685500E-7	1.949343E-3
1.686000E-7	1.894529E-3
1.686500E-7	1.832863E-3
1.687000E-7	1.822585E-3
1.687500E-7	1.853419E-3
1.688000E-7	1.875687E-3
1.688500E-7	1.927075E-3
1.689000E-7	1.990454E-3
1.689500E-7	2.026426E-3
1.690000E-7	2.060685E-3
1.690500E-7	2.118925E-3
1.691000E-7	2.125777E-3
1.691500E-7	2.067537E-3
1.692000E-7	2.009296E-3
1.692500E-7	1.957908E-3
1.693000E-7	1.913371E-3
1.693500E-7	1.894528E-3
1.694000E-7	1.884251E-3
1.694500E-7	1.865408E-3
1.695000E-7	1.880825E-3
1.695500E-7	1.949343E-3
1.696000E-7	2.031564E-3
1.696500E-7	2.125776E-3
1.697000E-7	2.221701E-3
1.697500E-7	2.314201E-3
1.698000E-7	2.399848E-3
1.698500E-7	2.464940E-3
1.699000E-7	2.497486E-3
1.699500E-7	2.514615E-3
1.700000E-7	2.543735E-3
1.700500E-7	2.557439E-3
1.701000E-7	2.538596E-3
1.701500E-7	2.518041E-3
1.702000E-7	2.478643E-3
1.702500E-7	2.413551E-3
1.703000E-7	2.338182E-3
1.703500E-7	2.271377E-3
1.704000E-7	2.168600E-3
1.704500E-7	2.055545E-3
1.705000E-7	1.976750E-3
1.705500E-7	1.930500E-3
1.706000E-7	1.885964E-3
1.706500E-7	1.865408E-3
1.707000E-7	1.885964E-3
1.707500E-7	1.918510E-3
1.708000E-7	1.961333E-3
1.708500E-7	2.021286E-3
1.709000E-7	2.084665E-3
1.709500E-7	2.141193E-3
1.710000E-7	2.196007E-3
1.710500E-7	2.254247E-3
1.711000E-7	2.305635E-3
1.711500E-7	2.314200E-3
1.712000E-7	2.290219E-3
1.712500E-7	2.261099E-3
1.713000E-7	2.225127E-3
1.713500E-7	2.148044E-3
1.714000E-7	2.058971E-3
1.714500E-7	1.997305E-3
1.715000E-7	1.927074E-3
1.715500E-7	1.853418E-3
1.716000E-7	1.807168E-3
1.716500E-7	1.790039E-3
1.717000E-7	1.772909E-3
1.717500E-7	1.783187E-3
1.718000E-7	1.839714E-3
1.718500E-7	1.916797E-3
1.719000E-7	1.997305E-3
1.719500E-7	2.088092E-3
1.720000E-7	2.175452E-3
1.720500E-7	2.226841E-3
1.721000E-7	2.247396E-3
1.721500E-7	2.233693E-3
1.722000E-7	2.175453E-3
1.722500E-7	2.091518E-3
1.723000E-7	2.002445E-3
1.723500E-7	1.904807E-3
1.724000E-7	1.796891E-3
1.724500E-7	1.707818E-3
1.725000E-7	1.632448E-3
1.725500E-7	1.567356E-3
1.726000E-7	1.536523E-3
1.726500E-7	1.543375E-3
1.727000E-7	1.569069E-3
1.727500E-7	1.615318E-3
1.728000E-7	1.704391E-3
1.728500E-7	1.819159E-3
1.729000E-7	1.939065E-3
1.729500E-7	2.060684E-3
1.730000E-7	2.207997E-3
1.730500E-7	2.351885E-3
1.731000E-7	2.464939E-3
1.731500E-7	2.521467E-3
1.732000E-7	2.512902E-3
1.732500E-7	2.452949E-3
1.733000E-7	2.369014E-3
1.733500E-7	2.255960E-3
1.734000E-7	2.098369E-3
1.734500E-7	1.937352E-3
1.735000E-7	1.808881E-3
1.735500E-7	1.685548E-3
1.736000E-7	1.586198E-3
1.736500E-7	1.539948E-3
1.737000E-7	1.548513E-3
1.737500E-7	1.593049E-3
1.738000E-7	1.683835E-3
1.738500E-7	1.807168E-3
1.739000E-7	1.928787E-3
1.739500E-7	1.999018E-3
1.740000E-7	2.029851E-3
1.740500E-7	2.065823E-3
1.741000E-7	2.108646E-3
1.741500E-7	2.130915E-3
1.742000E-7	2.125776E-3
1.742500E-7	2.132628E-3
1.743000E-7	2.158322E-3
1.743500E-7	2.190868E-3
1.744000E-7	2.228553E-3
1.744500E-7	2.264525E-3
1.745000E-7	2.281654E-3
1.745500E-7	2.278228E-3
1.746000E-7	2.281654E-3
1.746500E-7	2.257673E-3
1.747000E-7	2.156609E-3
1.747500E-7	2.031564E-3
1.748000E-7	1.952768E-3
1.748500E-7	1.894528E-3
1.749000E-7	1.793464E-3
1.749500E-7	1.723233E-3
1.750000E-7	1.745502E-3
1.750500E-7	1.802029E-3
1.751000E-7	1.836288E-3
1.751500E-7	1.904806E-3
1.752000E-7	2.029851E-3
1.752500E-7	2.165174E-3
1.753000E-7	2.279942E-3
1.753500E-7	2.370728E-3
1.754000E-7	2.410126E-3
1.754500E-7	2.387858E-3
1.755000E-7	2.315914E-3
1.755500E-7	2.214850E-3
1.756000E-7	2.096656E-3
1.756500E-7	1.973324E-3
1.757000E-7	1.848279E-3
1.757500E-7	1.754067E-3
1.758000E-7	1.728373E-3
1.758500E-7	1.724947E-3
1.759000E-7	1.718095E-3
1.759500E-7	1.767770E-3
1.760000E-7	1.877399E-3
1.760500E-7	1.985314E-3
1.761000E-7	2.074388E-3
1.761500E-7	2.197720E-3
1.762000E-7	2.310774E-3
1.762500E-7	2.360450E-3
1.763000E-7	2.372440E-3
1.763500E-7	2.367301E-3
1.764000E-7	2.333042E-3
1.764500E-7	2.273089E-3
1.765000E-7	2.187442E-3
1.765500E-7	2.074388E-3
1.766000E-7	1.966472E-3
1.766500E-7	1.884251E-3
1.767000E-7	1.814020E-3
1.767500E-7	1.781474E-3
1.768000E-7	1.810594E-3
1.768500E-7	1.885964E-3
1.769000E-7	1.973324E-3
1.769500E-7	2.072675E-3
1.770000E-7	2.178877E-3
1.770500E-7	2.283367E-3
1.771000E-7	2.399847E-3
1.771500E-7	2.502624E-3
1.772000E-7	2.569429E-3
1.772500E-7	2.598549E-3
1.773000E-7	2.607114E-3
1.773500E-7	2.583132E-3
1.774000E-7	2.547161E-3
1.774500E-7	2.524893E-3
1.775000E-7	2.495773E-3
1.775500E-7	2.428968E-3
1.776000E-7	2.372441E-3
1.776500E-7	2.360450E-3
1.777000E-7	2.341608E-3
1.777500E-7	2.314201E-3
1.778000E-7	2.329617E-3
1.778500E-7	2.381006E-3
1.779000E-7	2.418690E-3
1.779500E-7	2.456375E-3
1.780000E-7	2.523180E-3
1.780500E-7	2.576281E-3
1.781000E-7	2.574568E-3
1.781500E-7	2.545448E-3
1.782000E-7	2.482069E-3
1.782500E-7	2.367302E-3
1.783000E-7	2.214850E-3
1.783500E-7	2.046981E-3
1.784000E-7	1.848279E-3
1.784500E-7	1.646151E-3
1.785000E-7	1.476570E-3
1.785500E-7	1.337821E-3
1.786000E-7	1.228193E-3
1.786500E-7	1.199073E-3
1.787000E-7	1.265877E-3
1.787500E-7	1.397774E-3
1.788000E-7	1.594763E-3
1.788500E-7	1.843140E-3
1.789000E-7	2.089805E-3
1.789500E-7	2.315914E-3
1.790000E-7	2.542023E-3
1.790500E-7	2.723595E-3
1.791000E-7	2.798965E-3
1.791500E-7	2.786974E-3
1.792000E-7	2.730447E-3
1.792500E-7	2.622531E-3
1.793000E-7	2.470079E-3
1.793500E-7	2.291932E-3
1.794000E-7	2.096656E-3
1.794500E-7	1.927074E-3
1.795000E-7	1.814020E-3
1.795500E-7	1.738650E-3
1.796000E-7	1.651290E-3
1.796500E-7	1.579346E-3
1.797000E-7	1.562216E-3
1.797500E-7	1.584484E-3
1.798000E-7	1.617030E-3
1.798500E-7	1.671844E-3
1.799000E-7	1.735223E-3
1.799500E-7	1.788324E-3
1.800000E-7	1.855129E-3
1.800500E-7	1.957906E-3
1.801000E-7	2.052118E-3
1.801500E-7	2.113785E-3
1.802000E-7	2.177164E-3
1.802500E-7	2.240543E-3
1.803000E-7	2.264525E-3
1.803500E-7	2.266238E-3
1.804000E-7	2.259387E-3
1.804500E-7	2.242257E-3
1.805000E-7	2.201147E-3
1.805500E-7	2.132629E-3
1.806000E-7	2.082953E-3
1.806500E-7	2.062397E-3
1.807000E-7	2.045268E-3
1.807500E-7	2.036703E-3
1.808000E-7	2.084665E-3
1.808500E-7	2.180590E-3
1.809000E-7	2.255960E-3
1.809500E-7	2.329616E-3
1.810000E-7	2.447810E-3
1.810500E-7	2.569429E-3
1.811000E-7	2.629383E-3
1.811500E-7	2.663642E-3
1.812000E-7	2.697901E-3
1.812500E-7	2.696188E-3
1.813000E-7	2.658504E-3
1.813500E-7	2.584847E-3
1.814000E-7	2.473506E-3
1.814500E-7	2.333044E-3
1.815000E-7	2.197721E-3
1.815500E-7	2.057259E-3
1.816000E-7	1.913371E-3
1.816500E-7	1.802029E-3
1.817000E-7	1.733511E-3
1.817500E-7	1.723233E-3
1.818000E-7	1.774621E-3
1.818500E-7	1.877398E-3
1.819000E-7	2.021285E-3
1.819500E-7	2.206284E-3
1.820000E-7	2.416977E-3
1.820500E-7	2.622530E-3
1.821000E-7	2.804103E-3
1.821500E-7	2.959981E-3
1.822000E-7	3.071323E-3
1.822500E-7	3.117573E-3
1.823000E-7	3.076462E-3
1.823500E-7	2.944565E-3
1.824000E-7	2.759567E-3
1.824500E-7	2.543735E-3
1.825000E-7	2.295358E-3
1.825500E-7	2.045268E-3
1.826000E-7	1.829436E-3
1.826500E-7	1.663280E-3
1.827000E-7	1.562216E-3
1.827500E-7	1.510828E-3
1.828000E-7	1.485134E-3
1.828500E-7	1.473144E-3
1.829000E-7	1.485134E-3
1.829500E-7	1.488560E-3
1.830000E-7	1.466292E-3
1.830500E-7	1.450875E-3
1.831000E-7	1.414903E-3
1.831500E-7	1.339534E-3
1.832000E-7	1.248747E-3
1.832500E-7	1.161387E-3
1.833000E-7	1.067175E-3
1.833500E-7	9.918047E-4
1.834000E-7	9.832399E-4
1.834500E-7	1.015786E-3
1.835000E-7	1.058610E-3
1.835500E-7	1.161387E-3
1.836000E-7	1.332681E-3
1.836500E-7	1.519393E-3
1.837000E-7	1.702678E-3
1.837500E-7	1.877399E-3
1.838000E-7	2.026425E-3
1.838500E-7	2.144619E-3
1.839000E-7	2.235405E-3
1.839500E-7	2.273090E-3
1.840000E-7	2.247396E-3
1.840500E-7	2.201146E-3
1.841000E-7	2.142906E-3
1.841500E-7	2.070962E-3
1.842000E-7	2.004157E-3
1.842500E-7	1.983602E-3
1.843000E-7	1.978463E-3
1.843500E-7	1.969898E-3
1.844000E-7	1.975037E-3
1.844500E-7	2.012722E-3
1.845000E-7	2.052120E-3
1.845500E-7	2.098369E-3
1.846000E-7	2.184017E-3
1.846500E-7	2.288507E-3
1.847000E-7	2.392996E-3
1.847500E-7	2.504338E-3
1.848000E-7	2.643087E-3
1.848500E-7	2.762993E-3
1.849000E-7	2.810955E-3
1.849500E-7	2.786974E-3
1.850000E-7	2.728734E-3
1.850500E-7	2.660216E-3
1.851000E-7	2.555726E-3
1.851500E-7	2.401561E-3
1.852000E-7	2.238831E-3
1.852500E-7	2.079526E-3
1.853000E-7	1.921935E-3
1.853500E-7	1.784899E-3
1.854000E-7	1.678697E-3
1.854500E-7	1.584485E-3
1.855000E-7	1.529670E-3
1.855500E-7	1.533096E-3
1.856000E-7	1.565642E-3
1.856500E-7	1.617031E-3
1.857000E-7	1.678697E-3
1.857500E-7	1.731798E-3
1.858000E-7	1.772909E-3
1.858500E-7	1.822585E-3
1.859000E-7	1.860269E-3
1.859500E-7	1.863695E-3
1.860000E-7	1.879112E-3
1.860500E-7	1.932213E-3
1.861000E-7	1.983602E-3
1.861500E-7	1.995592E-3
1.862000E-7	1.997305E-3
1.862500E-7	2.022999E-3
1.863000E-7	2.050407E-3
1.863500E-7	2.065823E-3
1.864000E-7	2.060684E-3
1.864500E-7	2.041842E-3
1.865000E-7	2.012722E-3
1.865500E-7	2.012722E-3
1.866000E-7	2.031565E-3
1.866500E-7	2.023000E-3
1.867000E-7	1.980176E-3
1.867500E-7	1.957908E-3
1.868000E-7	1.976750E-3
1.868500E-7	2.004158E-3
1.869000E-7	2.024713E-3
1.869500E-7	2.046981E-3
1.870000E-7	2.062397E-3
1.870500E-7	2.076101E-3
1.871000E-7	2.076101E-3
1.871500E-7	2.046981E-3
1.872000E-7	1.983602E-3
1.872500E-7	1.906519E-3
1.873000E-7	1.810594E-3
1.873500E-7	1.694114E-3
1.874000E-7	1.572494E-3
1.874500E-7	1.461153E-3
1.875000E-7	1.360089E-3
1.875500E-7	1.298423E-3
1.876000E-7	1.294997E-3
1.876500E-7	1.349811E-3
1.877000E-7	1.450875E-3
1.877500E-7	1.615318E-3
1.878000E-7	1.814020E-3
1.878500E-7	2.007583E-3
1.879000E-7	2.185729E-3
1.879500E-7	2.370727E-3
1.880000E-7	2.519753E-3
1.880500E-7	2.601975E-3
1.881000E-7	2.629382E-3
1.881500E-7	2.613965E-3
1.882000E-7	2.526605E-3
1.882500E-7	2.379292E-3
1.883000E-7	2.211423E-3
1.883500E-7	2.033276E-3
1.884000E-7	1.848278E-3
1.884500E-7	1.704391E-3
1.885000E-7	1.644438E-3
1.885500E-7	1.651290E-3
1.886000E-7	1.688975E-3
1.886500E-7	1.759205E-3
1.887000E-7	1.858556E-3
1.887500E-7	1.966472E-3
1.888000E-7	2.074388E-3
1.888500E-7	2.185729E-3
1.889000E-7	2.255960E-3
1.889500E-7	2.255960E-3
1.890000E-7	2.218275E-3
1.890500E-7	2.178877E-3
1.891000E-7	2.094943E-3
1.891500E-7	1.975036E-3
1.892000E-7	1.877399E-3
1.892500E-7	1.807168E-3
1.893000E-7	1.754066E-3
1.893500E-7	1.747215E-3
1.894000E-7	1.798603E-3
1.894500E-7	1.853417E-3
1.895000E-7	1.903093E-3
1.895500E-7	1.969898E-3
1.896000E-7	2.021286E-3
1.896500E-7	2.033277E-3
1.897000E-7	2.024712E-3
1.897500E-7	2.016147E-3
1.898000E-7	2.004156E-3
1.898500E-7	2.011008E-3
1.899000E-7	2.016146E-3
1.899500E-7	1.981887E-3
1.900000E-7	1.932212E-3
1.900500E-7	1.921934E-3
1.901000E-7	1.942489E-3
1.901500E-7	1.959619E-3
1.902000E-7	2.011008E-3
1.902500E-7	2.088090E-3
1.903000E-7	2.158321E-3
1.903500E-7	2.223414E-3
1.904000E-7	2.285080E-3
1.904500E-7	2.329617E-3
1.905000E-7	2.333043E-3
1.905500E-7	2.309062E-3
1.906000E-7	2.252534E-3
1.906500E-7	2.182303E-3
1.907000E-7	2.113785E-3
1.907500E-7	2.014434E-3
1.908000E-7	1.872260E-3
1.908500E-7	1.748927E-3
1.909000E-7	1.704390E-3
1.909500E-7	1.711242E-3
1.910000E-7	1.733510E-3
1.910500E-7	1.817445E-3
1.911000E-7	1.956193E-3
1.911500E-7	2.105220E-3
1.912000E-7	2.245682E-3
1.912500E-7	2.375866E-3
1.913000E-7	2.452949E-3
1.913500E-7	2.440958E-3
1.914000E-7	2.351885E-3
1.914500E-7	2.213136E-3
1.915000E-7	2.043555E-3
1.915500E-7	1.826010E-3
1.916000E-7	1.589624E-3
1.916500E-7	1.401199E-3
1.917000E-7	1.272728E-3
1.917500E-7	1.187081E-3
1.918000E-7	1.171664E-3
1.918500E-7	1.271015E-3
1.919000E-7	1.433745E-3
1.919500E-7	1.603326E-3
1.920000E-7	1.784899E-3
1.920500E-7	2.002443E-3
1.921000E-7	2.197719E-3
1.921500E-7	2.329616E-3
1.922000E-7	2.408412E-3
1.922500E-7	2.459800E-3
1.923000E-7	2.449523E-3
1.923500E-7	2.372440E-3
1.924000E-7	2.264525E-3
1.924500E-7	2.141192E-3
1.925000E-7	2.014434E-3
1.925500E-7	1.904806E-3
1.926000E-7	1.843139E-3
1.926500E-7	1.827723E-3
1.927000E-7	1.822584E-3
1.927500E-7	1.826010E-3
1.928000E-7	1.849991E-3
1.928500E-7	1.884250E-3
1.929000E-7	1.911657E-3
1.929500E-7	1.932213E-3
1.930000E-7	1.952768E-3
1.930500E-7	1.985314E-3
1.931000E-7	2.000731E-3
1.931500E-7	2.007583E-3
1.932000E-7	2.014435E-3
1.932500E-7	2.009296E-3
1.933000E-7	1.964760E-3
1.933500E-7	1.899668E-3
1.934000E-7	1.846566E-3
1.934500E-7	1.802030E-3
1.935000E-7	1.776335E-3
1.935500E-7	1.760919E-3
1.936000E-7	1.728373E-3
1.936500E-7	1.716382E-3
1.937000E-7	1.762632E-3
1.937500E-7	1.824298E-3
1.938000E-7	1.877399E-3
1.938500E-7	1.978463E-3
1.939000E-7	2.115499E-3
1.939500E-7	2.228554E-3
1.940000E-7	2.339895E-3
1.940500E-7	2.466653E-3
1.941000E-7	2.528319E-3
1.941500E-7	2.540310E-3
1.942000E-7	2.583133E-3
1.942500E-7	2.637948E-3
1.943000E-7	2.625957E-3
1.943500E-7	2.581420E-3
1.944000E-7	2.548874E-3
1.944500E-7	2.502624E-3
1.945000E-7	2.437532E-3
1.945500E-7	2.391282E-3
1.946000E-7	2.351884E-3
1.946500E-7	2.290218E-3
1.947000E-7	2.237117E-3
1.947500E-7	2.235404E-3
1.948000E-7	2.245682E-3
1.948500E-7	2.240543E-3
1.949000E-7	2.219988E-3
1.949500E-7	2.207998E-3
1.950000E-7	2.201146E-3
1.950500E-7	2.192581E-3
1.951000E-7	2.187443E-3
1.951500E-7	2.177165E-3
1.952000E-7	2.166887E-3
1.952500E-7	2.168600E-3
1.953000E-7	2.206285E-3
1.953500E-7	2.250821E-3
1.954000E-7	2.264525E-3
1.954500E-7	2.254247E-3
1.955000E-7	2.271376E-3
1.955500E-7	2.315913E-3
1.956000E-7	2.331329E-3
1.956500E-7	2.322764E-3
1.957000E-7	2.341606E-3
1.957500E-7	2.382717E-3
1.958000E-7	2.408411E-3
1.958500E-7	2.427253E-3
1.959000E-7	2.459799E-3
1.959500E-7	2.488919E-3
1.960000E-7	2.507762E-3
1.960500E-7	2.536882E-3
1.961000E-7	2.557438E-3
1.961500E-7	2.550586E-3
1.962000E-7	2.512901E-3
1.962500E-7	2.442671E-3
1.963000E-7	2.367301E-3
1.963500E-7	2.293644E-3
1.964000E-7	2.211423E-3
1.964500E-7	2.112072E-3
1.965000E-7	2.034989E-3
1.965500E-7	2.017860E-3
1.966000E-7	2.021286E-3
1.966500E-7	2.022999E-3
1.967000E-7	2.036703E-3
1.967500E-7	2.058971E-3
1.968000E-7	2.106934E-3
1.968500E-7	2.156609E-3
1.969000E-7	2.180590E-3
1.969500E-7	2.197720E-3
1.970000E-7	2.240543E-3
1.970500E-7	2.266237E-3
1.971000E-7	2.255960E-3
1.971500E-7	2.250821E-3
1.972000E-7	2.264524E-3
1.972500E-7	2.266237E-3
1.973000E-7	2.257673E-3
1.973500E-7	2.243969E-3
1.974000E-7	2.202859E-3
1.974500E-7	2.158322E-3
1.975000E-7	2.132628E-3
1.975500E-7	2.076101E-3
1.976000E-7	2.011009E-3
1.976500E-7	1.995593E-3
1.977000E-7	1.969898E-3
1.977500E-7	1.858557E-3
1.978000E-7	1.736937E-3
1.978500E-7	1.694114E-3
1.979000E-7	1.685549E-3
1.979500E-7	1.680410E-3
1.980000E-7	1.724946E-3
1.980500E-7	1.793464E-3
1.981000E-7	1.853417E-3
1.981500E-7	1.933926E-3
1.982000E-7	2.031564E-3
1.982500E-7	2.110360E-3
1.983000E-7	2.182303E-3
1.983500E-7	2.259386E-3
1.984000E-7	2.305636E-3
1.984500E-7	2.326191E-3
1.985000E-7	2.329617E-3
1.985500E-7	2.300496E-3
1.986000E-7	2.230265E-3
1.986500E-7	2.139479E-3
1.987000E-7	2.046980E-3
1.987500E-7	1.945916E-3
1.988000E-7	1.849990E-3
1.988500E-7	1.767769E-3
1.989000E-7	1.688974E-3
1.989500E-7	1.613604E-3
1.990000E-7	1.550225E-3
1.990500E-7	1.548512E-3
1.991000E-7	1.593049E-3
1.991500E-7	1.663280E-3
1.992000E-7	1.755780E-3
1.992500E-7	1.891103E-3
1.993000E-7	2.036703E-3
1.993500E-7	2.172026E-3
1.994000E-7	2.293645E-3
1.994500E-7	2.379293E-3
1.995000E-7	2.406700E-3
1.995500E-7	2.418691E-3
1.996000E-7	2.456376E-3
1.996500E-7	2.495774E-3
1.997000E-7	2.523181E-3
1.997500E-7	2.567718E-3
1.998000E-7	2.634523E-3
1.998500E-7	2.687624E-3
1.999000E-7	2.713318E-3
1.999500E-7	2.728735E-3
2.000000E-7	2.740725E-3
