Study Name	Tungsten_Kyocera
Sample Name	2024-02-05
Run Name	spot03
Operator	Angus+Samantha
Date	2/5/2024
Time	16:26
Sign	FIX
Grating Spacing	03.40um
Channel	3
Number Traces	10000
Files in Batch	1
Batch Number	57
dt	50.000001E-12
time stamp (ms)	5:25:13 PM
	
Time	Amplitude
0.000000E+0	9.489789E-4
5.000000E-11	9.678214E-4
1.000000E-10	9.078683E-4
1.500000E-10	8.085174E-4
2.000000E-10	6.749075E-4
2.500000E-10	5.138905E-4
3.000000E-10	3.631512E-4
3.500000E-10	2.500968E-4
4.000000E-10	1.575977E-4
4.500000E-10	7.195039E-5
5.000000E-10	-8.557971E-6
5.500000E-10	-5.994623E-5
6.000000E-10	-6.165907E-5
6.500000E-10	-2.054823E-5
7.000000E-10	1.713674E-5
7.500000E-10	5.653461E-5
8.000000E-10	1.130619E-4
8.500000E-10	1.541726E-4
9.000000E-10	1.319042E-4
9.500000E-10	1.062098E-4
1.000000E-9	1.130614E-4
1.050000E-9	1.062094E-4
1.100000E-9	5.482079E-5
1.150000E-9	8.571079E-6
1.200000E-9	-1.706761E-6
1.250000E-9	-1.027160E-5
1.300000E-9	-2.568810E-5
1.350000E-9	3.432089E-6
1.400000E-9	9.421837E-5
1.450000E-9	1.918565E-4
1.500000E-9	2.620876E-4
1.550000E-9	3.323185E-4
1.600000E-9	4.076883E-4
1.650000E-9	4.522249E-4
1.700000E-9	4.950486E-4
1.750000E-9	5.618534E-4
1.800000E-9	6.218065E-4
1.850000E-9	6.492135E-4
1.900000E-9	6.800464E-4
1.950000E-9	7.451382E-4
2.000000E-9	8.273595E-4
2.050000E-9	9.181455E-4
2.100000E-9	1.003793E-3
2.150000E-9	1.077449E-3
2.200000E-9	1.152819E-3
2.250000E-9	1.212772E-3
2.300000E-9	1.238466E-3
2.350000E-9	1.260735E-3
2.400000E-9	1.294994E-3
2.450000E-9	1.286429E-3
2.500000E-9	1.233328E-3
2.550000E-9	1.197356E-3
2.600000E-9	1.197356E-3
2.650000E-9	1.175088E-3
2.700000E-9	1.156245E-3
2.750000E-9	1.202495E-3
2.800000E-9	1.300133E-3
2.850000E-9	1.382355E-3
2.900000E-9	1.452586E-3
2.950000E-9	1.539946E-3
3.000000E-9	1.615316E-3
3.050000E-9	1.649575E-3
3.100000E-9	1.651288E-3
3.150000E-9	1.634159E-3
3.200000E-9	1.591335E-3
3.250000E-9	1.488558E-3
3.300000E-9	1.329254E-3
3.350000E-9	1.164811E-3
3.400000E-9	1.019211E-3
3.450000E-9	8.444901E-4
3.500000E-9	6.423624E-4
3.550000E-9	4.881972E-4
3.600000E-9	4.094016E-4
3.650000E-9	3.665779E-4
3.700000E-9	3.477354E-4
3.750000E-9	3.802814E-4
3.800000E-9	4.573639E-4
3.850000E-9	5.430111E-4
3.900000E-9	6.526396E-4
3.950000E-9	7.862494E-4
4.000000E-9	9.164333E-4
4.050000E-9	1.027775E-3
4.100000E-9	1.125413E-3
4.150000E-9	1.181940E-3
4.200000E-9	1.205921E-3
4.250000E-9	1.212773E-3
4.300000E-9	1.221338E-3
4.350000E-9	1.228190E-3
4.400000E-9	1.238468E-3
4.450000E-9	1.255597E-3
4.500000E-9	1.248746E-3
4.550000E-9	1.221338E-3
4.600000E-9	1.173376E-3
4.650000E-9	1.080877E-3
4.700000E-9	9.387018E-4
4.750000E-9	8.016659E-4
4.800000E-9	6.971759E-4
4.850000E-9	5.806954E-4
4.900000E-9	4.590761E-4
4.950000E-9	3.819934E-4
5.000000E-9	3.597251E-4
5.050000E-9	3.631510E-4
5.100000E-9	3.854194E-4
5.150000E-9	4.453726E-4
5.200000E-9	5.464365E-4
5.250000E-9	6.492134E-4
5.300000E-9	7.297219E-4
5.350000E-9	8.016657E-4
5.400000E-9	8.856001E-4
5.450000E-9	9.661086E-4
5.500000E-9	1.019210E-3
5.550000E-9	1.053469E-3
5.600000E-9	1.077450E-3
5.650000E-9	1.080876E-3
5.700000E-9	1.067173E-3
5.750000E-9	1.051757E-3
5.800000E-9	1.032914E-3
5.850000E-9	1.012359E-3
5.900000E-9	9.832392E-4
5.950000E-9	9.506933E-4
6.000000E-9	9.267119E-4
6.050000E-9	9.181471E-4
6.100000E-9	8.941656E-4
6.150000E-9	8.513417E-4
6.200000E-9	8.290731E-4
6.250000E-9	8.136563E-4
6.300000E-9	7.793972E-4
6.350000E-9	7.434251E-4
6.400000E-9	7.245826E-4
6.450000E-9	7.074531E-4
6.500000E-9	7.006014E-4
6.550000E-9	7.160180E-4
6.600000E-9	7.434253E-4
6.650000E-9	7.776844E-4
6.700000E-9	8.153693E-4
6.750000E-9	8.444895E-4
6.800000E-9	8.667579E-4
6.850000E-9	9.130075E-4
6.900000E-9	9.763865E-4
6.950000E-9	1.036340E-3
7.000000E-9	1.092867E-3
7.050000E-9	1.139116E-3
7.100000E-9	1.169949E-3
7.150000E-9	1.216199E-3
7.200000E-9	1.262449E-3
7.250000E-9	1.250458E-3
7.300000E-9	1.192218E-3
7.350000E-9	1.144255E-3
7.400000E-9	1.104858E-3
7.450000E-9	1.036340E-3
7.500000E-9	9.404149E-4
7.550000E-9	8.256474E-4
7.600000E-9	7.177316E-4
7.650000E-9	6.355101E-4
7.700000E-9	5.584274E-4
7.750000E-9	4.916224E-4
7.800000E-9	4.830576E-4
7.850000E-9	5.378719E-4
7.900000E-9	5.789825E-4
7.950000E-9	5.995378E-4
8.000000E-9	6.389355E-4
8.050000E-9	6.868979E-4
8.100000E-9	7.125921E-4
8.150000E-9	7.331475E-4
8.200000E-9	7.639806E-4
8.250000E-9	7.708325E-4
8.300000E-9	7.571290E-4
8.350000E-9	7.674068E-4
8.400000E-9	7.913881E-4
8.450000E-9	7.948140E-4
8.500000E-9	8.222212E-4
8.550000E-9	9.095815E-4
8.600000E-9	1.005506E-3
8.650000E-9	1.072311E-3
8.700000E-9	1.154533E-3
8.750000E-9	1.265874E-3
8.800000E-9	1.358373E-3
8.850000E-9	1.416613E-3
8.900000E-9	1.462863E-3
8.950000E-9	1.497122E-3
9.000000E-9	1.502260E-3
9.050000E-9	1.474853E-3
9.100000E-9	1.401196E-3
9.150000E-9	1.300133E-3
9.200000E-9	1.221337E-3
9.250000E-9	1.168236E-3
9.300000E-9	1.098005E-3
9.350000E-9	1.005506E-3
9.400000E-9	9.558305E-4
9.450000E-9	9.284234E-4
9.500000E-9	8.633314E-4
9.550000E-9	7.913875E-4
9.600000E-9	7.622673E-4
9.650000E-9	7.537025E-4
9.700000E-9	7.331471E-4
9.750000E-9	7.417118E-4
9.800000E-9	7.999520E-4
9.850000E-9	8.444887E-4
9.900000E-9	8.650443E-4
9.950000E-9	9.061552E-4
1.000000E-8	9.558308E-4
1.005000E-8	9.472662E-4
1.010000E-8	8.753226E-4
1.015000E-8	7.913883E-4
1.020000E-8	7.245835E-4
1.025000E-8	6.543527E-4
1.030000E-8	5.635665E-4
1.035000E-8	4.864839E-4
1.040000E-8	4.744932E-4
1.045000E-8	4.950485E-4
1.050000E-8	4.916225E-4
1.055000E-8	5.019002E-4
1.060000E-8	5.567145E-4
1.065000E-8	6.235194E-4
1.070000E-8	6.646302E-4
1.075000E-8	7.023151E-4
1.080000E-8	7.588425E-4
1.085000E-8	8.068051E-4
1.090000E-8	8.102310E-4
1.095000E-8	7.862497E-4
1.100000E-8	7.708331E-4
1.105000E-8	7.622683E-4
1.110000E-8	7.297223E-4
1.115000E-8	6.834726E-4
1.120000E-8	6.646300E-4
1.125000E-8	6.663428E-4
1.130000E-8	6.560650E-4
1.135000E-8	6.526389E-4
1.140000E-8	7.314344E-4
1.145000E-8	8.650440E-4
1.150000E-8	1.020922E-3
1.155000E-8	1.257308E-3
1.160000E-8	1.659851E-3
1.165000E-8	2.219984E-3
1.170000E-8	2.966828E-3
1.175000E-8	4.033993E-3
1.180000E-8	5.488283E-3
1.185000E-8	7.329699E-3
1.190000E-8	9.625046E-3
1.195000E-8	1.247196E-2
1.200000E-8	1.587730E-2
1.205000E-8	1.980337E-2
1.210000E-8	2.423133E-2
1.215000E-8	2.914406E-2
1.220000E-8	3.448674E-2
1.225000E-8	4.014975E-2
1.230000E-8	4.598062E-2
1.235000E-8	5.182348E-2
1.240000E-8	5.755157E-2
1.245000E-8	6.298504E-2
1.250000E-8	6.793204E-2
1.255000E-8	7.224866E-2
1.260000E-8	7.582873E-2
1.265000E-8	7.856944E-2
1.270000E-8	8.040059E-2
1.275000E-8	8.132387E-2
1.280000E-8	8.137355E-2
1.285000E-8	8.059073E-2
1.290000E-8	7.903880E-2
1.295000E-8	7.683424E-2
1.300000E-8	7.407126E-2
1.305000E-8	7.085778E-2
1.310000E-8	6.733253E-2
1.315000E-8	6.370109E-2
1.320000E-8	6.013816E-2
1.325000E-8	5.676365E-2
1.330000E-8	5.368549E-2
1.335000E-8	5.105954E-2
1.340000E-8	4.903312E-2
1.345000E-8	4.758054E-2
1.350000E-8	4.666411E-2
1.355000E-8	4.635235E-2
1.360000E-8	4.665554E-2
1.365000E-8	4.745377E-2
1.370000E-8	4.862542E-2
1.375000E-8	5.011911E-2
1.380000E-8	5.183034E-2
1.385000E-8	5.360153E-2
1.390000E-8	5.534360E-2
1.395000E-8	5.695377E-2
1.400000E-8	5.830528E-2
1.405000E-8	5.930736E-2
1.410000E-8	5.989319E-2
1.415000E-8	6.000282E-2
1.420000E-8	5.963625E-2
1.425000E-8	5.880205E-2
1.430000E-8	5.747280E-2
1.435000E-8	5.569991E-2
1.440000E-8	5.361182E-2
1.445000E-8	5.127537E-2
1.450000E-8	4.875562E-2
1.455000E-8	4.619306E-2
1.460000E-8	4.370414E-2
1.465000E-8	4.138481E-2
1.470000E-8	3.936354E-2
1.475000E-8	3.776878E-2
1.480000E-8	3.662624E-2
1.485000E-8	3.597018E-2
1.490000E-8	3.584685E-2
1.495000E-8	3.621684E-2
1.500000E-8	3.702706E-2
1.505000E-8	3.823126E-2
1.510000E-8	3.974208E-2
1.515000E-8	4.145331E-2
1.520000E-8	4.326903E-2
1.525000E-8	4.504022E-2
1.530000E-8	4.662984E-2
1.535000E-8	4.796251E-2
1.540000E-8	4.894917E-2
1.545000E-8	4.946819E-2
1.550000E-8	4.951616E-2
1.555000E-8	4.911362E-2
1.560000E-8	4.821261E-2
1.565000E-8	4.679087E-2
1.570000E-8	4.494603E-2
1.575000E-8	4.279799E-2
1.580000E-8	4.043755E-2
1.585000E-8	3.796748E-2
1.590000E-8	3.550427E-2
1.595000E-8	3.317809E-2
1.600000E-8	3.110885E-2
1.605000E-8	2.938905E-2
1.610000E-8	2.808721E-2
1.615000E-8	2.725300E-2
1.620000E-8	2.692411E-2
1.625000E-8	2.706628E-2
1.630000E-8	2.766924E-2
1.635000E-8	2.874668E-2
1.640000E-8	3.021981E-2
1.645000E-8	3.194475E-2
1.650000E-8	3.380672E-2
1.655000E-8	3.571494E-2
1.660000E-8	3.753066E-2
1.665000E-8	3.913741E-2
1.670000E-8	4.047522E-2
1.675000E-8	4.146188E-2
1.680000E-8	4.200317E-2
1.685000E-8	4.207340E-2
1.690000E-8	4.164860E-2
1.695000E-8	4.070819E-2
1.700000E-8	3.929330E-2
1.705000E-8	3.747758E-2
1.710000E-8	3.533126E-2
1.715000E-8	3.295197E-2
1.720000E-8	3.049561E-2
1.725000E-8	2.809235E-2
1.730000E-8	2.582783E-2
1.735000E-8	2.384424E-2
1.740000E-8	2.226147E-2
1.745000E-8	2.112236E-2
1.750000E-8	2.048172E-2
1.755000E-8	2.038065E-2
1.760000E-8	2.080717E-2
1.765000E-8	2.168934E-2
1.770000E-8	2.297919E-2
1.775000E-8	2.463046E-2
1.780000E-8	2.653869E-2
1.785000E-8	2.854283E-2
1.790000E-8	3.050244E-2
1.795000E-8	3.232844E-2
1.800000E-8	3.393861E-2
1.805000E-8	3.522161E-2
1.810000E-8	3.608151E-2
1.815000E-8	3.648063E-2
1.820000E-8	3.638813E-2
1.825000E-8	3.577148E-2
1.830000E-8	3.466834E-2
1.835000E-8	3.317294E-2
1.840000E-8	3.136407E-2
1.845000E-8	2.930682E-2
1.850000E-8	2.709198E-2
1.855000E-8	2.482404E-2
1.860000E-8	2.263661E-2
1.865000E-8	2.062047E-2
1.870000E-8	1.885956E-2
1.875000E-8	1.746351E-2
1.880000E-8	1.653680E-2
1.885000E-8	1.610857E-2
1.890000E-8	1.614796E-2
1.895000E-8	1.667726E-2
1.900000E-8	1.770160E-2
1.905000E-8	1.914047E-2
1.910000E-8	2.089110E-2
1.915000E-8	2.287298E-2
1.920000E-8	2.494564E-2
1.925000E-8	2.696178E-2
1.930000E-8	2.879121E-2
1.935000E-8	3.034999E-2
1.940000E-8	3.152165E-2
1.945000E-8	3.220169E-2
1.950000E-8	3.235072E-2
1.955000E-8	3.199614E-2
1.960000E-8	3.115337E-2
1.965000E-8	2.983612E-2
1.970000E-8	2.812831E-2
1.975000E-8	2.617556E-2
1.980000E-8	2.407891E-2
1.985000E-8	2.191375E-2
1.990000E-8	1.976914E-2
1.995000E-8	1.778555E-2
2.000000E-8	1.607089E-2
2.005000E-8	1.467312E-2
2.010000E-8	1.361966E-2
2.015000E-8	1.300128E-2
2.020000E-8	1.288994E-2
2.025000E-8	1.321711E-2
2.030000E-8	1.391085E-2
2.035000E-8	1.501398E-2
2.040000E-8	1.650253E-2
2.045000E-8	1.822918E-2
2.050000E-8	2.009629E-2
2.055000E-8	2.206961E-2
2.060000E-8	2.402408E-2
2.065000E-8	2.579869E-2
2.070000E-8	2.729752E-2
2.075000E-8	2.842978E-2
2.080000E-8	2.911325E-2
2.085000E-8	2.931195E-2
2.090000E-8	2.898992E-2
2.095000E-8	2.812831E-2
2.100000E-8	2.678879E-2
2.105000E-8	2.506557E-2
2.110000E-8	2.299290E-2
2.115000E-8	2.067700E-2
2.120000E-8	1.830628E-2
2.125000E-8	1.597667E-2
2.130000E-8	1.377211E-2
2.135000E-8	1.185019E-2
2.140000E-8	1.032909E-2
2.145000E-8	9.239651E-3
2.150000E-8	8.657248E-3
2.155000E-8	8.664097E-3
2.160000E-8	9.196821E-3
2.165000E-8	1.016121E-2
2.170000E-8	1.153156E-2
2.175000E-8	1.326164E-2
2.180000E-8	1.520412E-2
2.185000E-8	1.722368E-2
2.190000E-8	1.923125E-2
2.195000E-8	2.111207E-2
2.200000E-8	2.274622E-2
2.205000E-8	2.402751E-2
2.210000E-8	2.488227E-2
2.215000E-8	2.527967E-2
2.220000E-8	2.523514E-2
2.225000E-8	2.471269E-2
2.230000E-8	2.370548E-2
2.235000E-8	2.232656E-2
2.240000E-8	2.067700E-2
2.245000E-8	1.876021E-2
2.250000E-8	1.665329E-2
2.255000E-8	1.452067E-2
2.260000E-8	1.247712E-2
2.265000E-8	1.059117E-2
2.270000E-8	8.969007E-3
2.275000E-8	7.730545E-3
2.280000E-8	6.947727E-3
2.285000E-8	6.654811E-3
2.290000E-8	6.872353E-3
2.295000E-8	7.569521E-3
2.300000E-8	8.700064E-3
2.305000E-8	1.018861E-2
2.310000E-8	1.194267E-2
2.315000E-8	1.387658E-2
2.320000E-8	1.586703E-2
2.325000E-8	1.775812E-2
2.330000E-8	1.941454E-2
2.335000E-8	2.080545E-2
2.340000E-8	2.186406E-2
2.345000E-8	2.247215E-2
2.350000E-8	2.258350E-2
2.355000E-8	2.226318E-2
2.360000E-8	2.154203E-2
2.365000E-8	2.037723E-2
2.370000E-8	1.882359E-2
2.375000E-8	1.702842E-2
2.380000E-8	1.510307E-2
2.385000E-8	1.308522E-2
2.390000E-8	1.104510E-2
2.395000E-8	9.140304E-3
2.400000E-8	7.497588E-3
2.405000E-8	6.161488E-3
2.410000E-8	5.155987E-3
2.415000E-8	4.575296E-3
2.420000E-8	4.493073E-3
2.425000E-8	4.869919E-3
2.430000E-8	5.654446E-3
2.435000E-8	6.874062E-3
2.440000E-8	8.477379E-3
2.445000E-8	1.030338E-2
2.450000E-8	1.221160E-2
2.455000E-8	1.416436E-2
2.460000E-8	1.607429E-2
2.465000E-8	1.777525E-2
2.470000E-8	1.914732E-2
2.475000E-8	2.013569E-2
2.480000E-8	2.070097E-2
2.485000E-8	2.080203E-2
2.490000E-8	2.041491E-2
2.495000E-8	1.956186E-2
2.500000E-8	1.830970E-2
2.505000E-8	1.671838E-2
2.510000E-8	1.485127E-2
2.515000E-8	1.282485E-2
2.520000E-8	1.077103E-2
2.525000E-8	8.794289E-3
2.530000E-8	6.993982E-3
2.535000E-8	5.496866E-3
2.540000E-8	4.381737E-3
2.545000E-8	3.681140E-3
2.550000E-8	3.393363E-3
2.555000E-8	3.556091E-3
2.560000E-8	4.169324E-3
2.565000E-8	5.173108E-3
2.570000E-8	6.498927E-3
2.575000E-8	8.088540E-3
2.580000E-8	9.859725E-3
2.585000E-8	1.168744E-2
2.590000E-8	1.344835E-2
2.595000E-8	1.504481E-2
2.600000E-8	1.642545E-2
2.605000E-8	1.751146E-2
2.610000E-8	1.819835E-2
2.615000E-8	1.846215E-2
2.620000E-8	1.832854E-2
2.625000E-8	1.778554E-2
2.630000E-8	1.682629E-2
2.635000E-8	1.555871E-2
2.640000E-8	1.407701E-2
2.645000E-8	1.237948E-2
2.650000E-8	1.053464E-2
2.655000E-8	8.729196E-3
2.660000E-8	7.045369E-3
2.665000E-8	5.483161E-3
2.670000E-8	4.126506E-3
2.675000E-8	3.110727E-3
2.680000E-8	2.494065E-3
2.685000E-8	2.266241E-3
2.690000E-8	2.454663E-3
2.695000E-8	3.054193E-3
2.700000E-8	4.010015E-3
2.705000E-8	5.263891E-3
2.710000E-8	6.764431E-3
2.715000E-8	8.453395E-3
2.720000E-8	1.025028E-2
2.725000E-8	1.202146E-2
2.730000E-8	1.363848E-2
2.735000E-8	1.503454E-2
2.740000E-8	1.614624E-2
2.745000E-8	1.687082E-2
2.750000E-8	1.716031E-2
2.755000E-8	1.701642E-2
2.760000E-8	1.643916E-2
2.765000E-8	1.546278E-2
2.770000E-8	1.415238E-2
2.775000E-8	1.257819E-2
2.780000E-8	1.080529E-2
2.785000E-8	8.941601E-3
2.790000E-8	7.088193E-3
2.795000E-8	5.359830E-3
2.800000E-8	3.852436E-3
2.805000E-8	2.632817E-3
2.810000E-8	1.750648E-3
2.815000E-8	1.283012E-3
2.820000E-8	1.272732E-3
2.825000E-8	1.675273E-3
2.830000E-8	2.461513E-3
2.835000E-8	3.645157E-3
2.840000E-8	5.138845E-3
2.845000E-8	6.810680E-3
2.850000E-8	8.561311E-3
2.855000E-8	1.033592E-2
2.860000E-8	1.201119E-2
2.865000E-8	1.347233E-2
2.870000E-8	1.464570E-2
2.875000E-8	1.549018E-2
2.880000E-8	1.593384E-2
2.885000E-8	1.592014E-2
2.890000E-8	1.546278E-2
2.895000E-8	1.462687E-2
2.900000E-8	1.348091E-2
2.905000E-8	1.204032E-2
2.910000E-8	1.037876E-2
2.915000E-8	8.645261E-3
2.920000E-8	6.927176E-3
2.925000E-8	5.233072E-3
2.930000E-8	3.652022E-3
2.935000E-8	2.355320E-3
2.940000E-8	1.399495E-3
2.945000E-8	7.657038E-4
2.950000E-8	5.053345E-4
2.955000E-8	6.766277E-4
2.960000E-8	1.267593E-3
2.965000E-8	2.187443E-3
2.970000E-8	3.372801E-3
2.975000E-8	4.806536E-3
2.980000E-8	6.423556E-3
2.985000E-8	8.061132E-3
2.990000E-8	9.613061E-3
2.995000E-8	1.104851E-2
3.000000E-8	1.229896E-2
3.005000E-8	1.321882E-2
3.010000E-8	1.377210E-2
3.015000E-8	1.399478E-2
3.020000E-8	1.386803E-2
3.025000E-8	1.335414E-2
3.030000E-8	1.251309E-2
3.035000E-8	1.142880E-2
3.040000E-8	1.014751E-2
3.045000E-8	8.737760E-3
3.050000E-8	7.268052E-3
3.055000E-8	5.788067E-3
3.060000E-8	4.388589E-3
3.065000E-8	3.162119E-3
3.070000E-8	2.161757E-3
3.075000E-8	1.411485E-3
3.080000E-8	9.695432E-4
3.085000E-8	8.564869E-4
3.090000E-8	1.074029E-3
3.095000E-8	1.635874E-3
3.100000E-8	2.511188E-3
3.105000E-8	3.619463E-3
3.110000E-8	4.907598E-3
3.115000E-8	6.365314E-3
3.120000E-8	7.896688E-3
3.125000E-8	9.373248E-3
3.130000E-8	1.071449E-2
3.135000E-8	1.187415E-2
3.140000E-8	1.276317E-2
3.145000E-8	1.331645E-2
3.150000E-8	1.350145E-2
3.155000E-8	1.330275E-2
3.160000E-8	1.274262E-2
3.165000E-8	1.185532E-2
3.170000E-8	1.067510E-2
3.175000E-8	9.275623E-3
3.180000E-8	7.763092E-3
3.185000E-8	6.200886E-3
3.190000E-8	4.669512E-3
3.195000E-8	3.287164E-3
3.200000E-8	2.122360E-3
3.205000E-8	1.175100E-3
3.210000E-8	5.293177E-4
3.215000E-8	2.792261E-4
3.220000E-8	3.922790E-4
3.225000E-8	8.136622E-4
3.230000E-8	1.541663E-3
3.235000E-8	2.547161E-3
3.240000E-8	3.758213E-3
3.245000E-8	5.106301E-3
3.250000E-8	6.507490E-3
3.255000E-8	7.903541E-3
3.260000E-8	9.265334E-3
3.265000E-8	1.050722E-2
3.270000E-8	1.150930E-2
3.275000E-8	1.224072E-2
3.280000E-8	1.270493E-2
3.285000E-8	1.283341E-2
3.290000E-8	1.260387E-2
3.295000E-8	1.207457E-2
3.300000E-8	1.125750E-2
3.305000E-8	1.013723E-2
3.310000E-8	8.804563E-3
3.315000E-8	7.372541E-3
3.320000E-8	5.889129E-3
3.325000E-8	4.424560E-3
3.330000E-8	3.066193E-3
3.335000E-8	1.879120E-3
3.340000E-8	9.232950E-4
3.345000E-8	2.740869E-4
3.350000E-8	-4.623572E-5
3.355000E-8	-4.109863E-5
3.360000E-8	3.083407E-4
3.365000E-8	9.900918E-4
3.370000E-8	1.933924E-3
3.375000E-8	3.109004E-3
3.380000E-8	4.486212E-3
3.385000E-8	5.962772E-3
3.390000E-8	7.410212E-3
3.395000E-8	8.778857E-3
3.400000E-8	1.001903E-2
3.405000E-8	1.100740E-2
3.410000E-8	1.165832E-2
3.415000E-8	1.195980E-2
3.420000E-8	1.191527E-2
3.425000E-8	1.149560E-2
3.430000E-8	1.072306E-2
3.435000E-8	9.683303E-3
3.440000E-8	8.455122E-3
3.445000E-8	7.071062E-3
3.450000E-8	5.618483E-3
3.455000E-8	4.229284E-3
3.460000E-8	2.963416E-3
3.465000E-8	1.831158E-3
3.470000E-8	9.164435E-4
3.475000E-8	3.203371E-4
3.480000E-8	3.084791E-5
3.485000E-8	-5.125308E-6
3.490000E-8	2.072786E-4
3.495000E-8	7.177352E-4
3.500000E-8	1.490273E-3
3.505000E-8	2.446096E-3
3.510000E-8	3.537242E-3
3.515000E-8	4.738016E-3
3.520000E-8	6.000457E-3
3.525000E-8	7.244057E-3
3.530000E-8	8.376315E-3
3.535000E-8	9.352695E-3
3.540000E-8	1.014750E-2
3.545000E-8	1.069565E-2
3.550000E-8	1.094403E-2
3.555000E-8	1.088750E-2
3.560000E-8	1.052093E-2
3.565000E-8	9.825476E-3
3.570000E-8	8.835394E-3
3.575000E-8	7.626055E-3
3.580000E-8	6.262550E-3
3.585000E-8	4.813398E-3
3.590000E-8	3.383088E-3
3.595000E-8	2.082962E-3
3.600000E-8	9.609813E-4
3.605000E-8	5.997079E-5
3.610000E-8	-5.669686E-4
3.615000E-8	-8.307635E-4
3.620000E-8	-7.159975E-4
3.625000E-8	-2.826234E-4
3.630000E-8	4.196833E-4
3.635000E-8	1.396062E-3
3.640000E-8	2.600262E-3
3.645000E-8	3.926081E-3
3.650000E-8	5.296438E-3
3.655000E-8	6.666795E-3
3.660000E-8	7.956644E-3
3.665000E-8	9.059782E-3
3.670000E-8	9.904265E-3
3.675000E-8	1.048667E-2
3.680000E-8	1.078815E-2
3.685000E-8	1.074875E-2
3.690000E-8	1.037876E-2
3.695000E-8	9.727838E-3
3.700000E-8	8.840533E-3
3.705000E-8	7.742535E-3
3.710000E-8	6.498937E-3
3.715000E-8	5.176542E-3
3.720000E-8	3.842157E-3
3.725000E-8	2.574576E-3
3.730000E-8	1.442318E-3
3.735000E-8	5.087615E-4
3.740000E-8	-1.592885E-4
3.745000E-8	-5.464155E-4
3.750000E-8	-6.543323E-4
3.755000E-8	-4.607706E-4
3.760000E-8	6.852860E-5
3.765000E-8	8.530569E-4
3.770000E-8	1.791751E-3
3.775000E-8	2.865767E-3
3.780000E-8	4.061403E-3
3.785000E-8	5.282734E-3
3.790000E-8	6.425269E-3
3.795000E-8	7.458176E-3
3.800000E-8	8.345483E-3
3.805000E-8	9.008395E-3
3.810000E-8	9.395522E-3
3.815000E-8	9.530846E-3
3.820000E-8	9.422931E-3
3.825000E-8	9.035806E-3
3.830000E-8	8.400304E-3
3.835000E-8	7.612350E-3
3.840000E-8	6.707915E-3
3.845000E-8	5.663018E-3
3.850000E-8	4.561594E-3
3.855000E-8	3.530400E-3
3.860000E-8	2.608835E-3
3.865000E-8	1.784907E-3
3.870000E-8	1.103154E-3
3.875000E-8	6.355187E-4
3.880000E-8	4.008440E-4
3.885000E-8	3.871394E-4
3.890000E-8	5.909790E-4
3.895000E-8	1.019214E-3
3.900000E-8	1.641013E-3
3.905000E-8	2.425541E-3
3.910000E-8	3.347106E-3
3.915000E-8	4.357744E-3
3.920000E-8	5.409492E-3
3.925000E-8	6.438973E-3
3.930000E-8	7.375955E-3
3.935000E-8	8.153633E-3
3.940000E-8	8.737749E-3
3.945000E-8	9.095756E-3
3.950000E-8	9.171126E-3
3.955000E-8	8.979277E-3
3.960000E-8	8.573310E-3
3.965000E-8	7.956651E-3
3.970000E-8	7.129299E-3
3.975000E-8	6.166624E-3
3.980000E-8	5.138857E-3
3.985000E-8	4.069978E-3
3.990000E-8	3.040498E-3
3.995000E-8	2.156617E-3
4.000000E-8	1.471438E-3
4.005000E-8	9.746829E-4
4.010000E-8	6.903329E-4
4.015000E-8	6.577860E-4
4.020000E-8	8.667644E-4
4.025000E-8	1.252176E-3
4.030000E-8	1.793466E-3
4.035000E-8	2.516329E-3
4.040000E-8	3.400208E-3
4.045000E-8	4.328625E-3
4.050000E-8	5.219356E-3
4.055000E-8	6.087820E-3
4.060000E-8	6.934016E-3
4.065000E-8	7.665444E-3
4.070000E-8	8.211874E-3
4.075000E-8	8.569881E-3
4.080000E-8	8.758306E-3
4.085000E-8	8.718909E-3
4.090000E-8	8.432848E-3
4.095000E-8	7.941233E-3
4.100000E-8	7.269759E-3
4.105000E-8	6.415000E-3
4.110000E-8	5.418065E-3
4.115000E-8	4.378307E-3
4.120000E-8	3.341975E-3
4.125000E-8	2.338189E-3
4.130000E-8	1.428614E-3
4.135000E-8	6.869076E-4
4.140000E-8	1.524677E-4
4.145000E-8	-1.678541E-4
4.150000E-8	-2.723447E-4
4.155000E-8	-1.284582E-4
4.160000E-8	2.792221E-4
4.165000E-8	9.061597E-4
4.170000E-8	1.680411E-3
4.175000E-8	2.601975E-3
4.180000E-8	3.664002E-3
4.185000E-8	4.773991E-3
4.190000E-8	5.839444E-3
4.195000E-8	6.834666E-3
4.200000E-8	7.704843E-3
4.205000E-8	8.393448E-3
4.210000E-8	8.859370E-3
4.215000E-8	9.109461E-3
4.220000E-8	9.148860E-3
4.225000E-8	8.936456E-3
4.230000E-8	8.412295E-3
4.235000E-8	7.641470E-3
4.240000E-8	6.731896E-3
4.245000E-8	5.705842E-3
4.250000E-8	4.565020E-3
4.255000E-8	3.419059E-3
4.260000E-8	2.370735E-3
4.265000E-8	1.432040E-3
4.270000E-8	6.629266E-4
4.275000E-8	1.610325E-4
4.280000E-8	-6.679025E-5
4.285000E-8	-2.568048E-5
4.290000E-8	3.014913E-4
4.295000E-8	8.993087E-4
4.300000E-8	1.700967E-3
4.305000E-8	2.648225E-3
4.310000E-8	3.703400E-3
4.315000E-8	4.808250E-3
4.320000E-8	5.871989E-3
4.325000E-8	6.812397E-3
4.330000E-8	7.574659E-3
4.335000E-8	8.141644E-3
4.340000E-8	8.509928E-3
4.345000E-8	8.640113E-3
4.350000E-8	8.527060E-3
4.355000E-8	8.208452E-3
4.360000E-8	7.725402E-3
4.365000E-8	7.074484E-3
4.370000E-8	6.276251E-3
4.375000E-8	5.419779E-3
4.380000E-8	4.565019E-3
4.385000E-8	3.687991E-3
4.390000E-8	2.817814E-3
4.395000E-8	2.043562E-3
4.400000E-8	1.396068E-3
4.405000E-8	8.479243E-4
4.410000E-8	4.419553E-4
4.415000E-8	2.381139E-4
4.420000E-8	2.346871E-4
4.425000E-8	4.145456E-4
4.430000E-8	7.571341E-4
4.435000E-8	1.269304E-3
4.440000E-8	1.969899E-3
4.445000E-8	2.793826E-3
4.450000E-8	3.638308E-3
4.455000E-8	4.482790E-3
4.460000E-8	5.327273E-3
4.465000E-8	6.051849E-3
4.470000E-8	6.588002E-3
4.475000E-8	6.969990E-3
4.480000E-8	7.187534E-3
4.485000E-8	7.144711E-3
4.490000E-8	6.855224E-3
4.495000E-8	6.387591E-3
4.500000E-8	5.786347E-3
4.505000E-8	5.056633E-3
4.510000E-8	4.229280E-3
4.515000E-8	3.377946E-3
4.520000E-8	2.572862E-3
4.525000E-8	1.820878E-3
4.530000E-8	1.154542E-3
4.535000E-8	6.320932E-4
4.540000E-8	3.032069E-4
4.545000E-8	1.558928E-4
4.550000E-8	2.021417E-4
4.555000E-8	4.659346E-4
4.560000E-8	9.455588E-4
4.565000E-8	1.596478E-3
4.570000E-8	2.360451E-3
4.575000E-8	3.213498E-3
4.580000E-8	4.131637E-3
4.585000E-8	5.044637E-3
4.590000E-8	5.868564E-3
4.595000E-8	6.596567E-3
4.600000E-8	7.233783E-3
4.605000E-8	7.684288E-3
4.610000E-8	7.867574E-3
4.615000E-8	7.831603E-3
4.620000E-8	7.605495E-3
4.625000E-8	7.170407E-3
4.630000E-8	6.528053E-3
4.635000E-8	5.769218E-3
4.640000E-8	4.960708E-3
4.645000E-8	4.119652E-3
4.650000E-8	3.240911E-3
4.655000E-8	2.404993E-3
4.660000E-8	1.704398E-3
4.665000E-8	1.159681E-3
4.670000E-8	7.331567E-4
4.675000E-8	4.847790E-4
4.680000E-8	4.539453E-4
4.685000E-8	6.029710E-4
4.690000E-8	9.027359E-4
4.695000E-8	1.380647E-3
4.700000E-8	1.983604E-3
4.705000E-8	2.627671E-3
4.710000E-8	3.288868E-3
4.715000E-8	3.960342E-3
4.720000E-8	4.590706E-3
4.725000E-8	5.140562E-3
4.730000E-8	5.591067E-3
4.735000E-8	5.928518E-3
4.740000E-8	6.151201E-3
4.745000E-8	6.231710E-3
4.750000E-8	6.159767E-3
4.755000E-8	5.971344E-3
4.760000E-8	5.686995E-3
4.765000E-8	5.282741E-3
4.770000E-8	4.770570E-3
4.775000E-8	4.198447E-3
4.780000E-8	3.614332E-3
4.785000E-8	3.052486E-3
4.790000E-8	2.511195E-3
4.795000E-8	1.999024E-3
4.800000E-8	1.575926E-3
4.805000E-8	1.272734E-3
4.810000E-8	1.077458E-3
4.815000E-8	1.022643E-3
4.820000E-8	1.152827E-3
4.825000E-8	1.413194E-3
4.830000E-8	1.769486E-3
4.835000E-8	2.254249E-3
4.840000E-8	2.858919E-3
4.845000E-8	3.497848E-3
4.850000E-8	4.129924E-3
4.855000E-8	4.758576E-3
4.860000E-8	5.328987E-3
4.865000E-8	5.782918E-3
4.870000E-8	6.106665E-3
4.875000E-8	6.296802E-3
4.880000E-8	6.341340E-3
4.885000E-8	6.212869E-3
4.890000E-8	5.945650E-3
4.895000E-8	5.589358E-3
4.900000E-8	5.159409E-3
4.905000E-8	4.614693E-3
4.910000E-8	3.977477E-3
4.915000E-8	3.353965E-3
4.920000E-8	2.793832E-3
4.925000E-8	2.259392E-3
4.930000E-8	1.760925E-3
4.935000E-8	1.351530E-3
4.940000E-8	1.058616E-3
4.945000E-8	8.873205E-4
4.950000E-8	8.479221E-4
4.955000E-8	9.661148E-4
4.960000E-8	1.257315E-3
4.965000E-8	1.697542E-3
4.970000E-8	2.252536E-3
4.975000E-8	2.917159E-3
4.980000E-8	3.650299E-3
4.985000E-8	4.357746E-3
4.990000E-8	4.982972E-3
4.995000E-8	5.543105E-3
5.000000E-8	5.993610E-3
5.005000E-8	6.274534E-3
5.010000E-8	6.394441E-3
5.015000E-8	6.337914E-3
5.020000E-8	6.098102E-3
5.025000E-8	5.695560E-3
5.030000E-8	5.171399E-3
5.035000E-8	4.575295E-3
5.040000E-8	3.968912E-3
5.045000E-8	3.365955E-3
5.050000E-8	2.769850E-3
5.055000E-8	2.230272E-3
5.060000E-8	1.796897E-3
5.065000E-8	1.449168E-3
5.070000E-8	1.183661E-3
5.075000E-8	1.058616E-3
5.080000E-8	1.056902E-3
5.085000E-8	1.133984E-3
5.090000E-8	1.317269E-3
5.095000E-8	1.653006E-3
5.100000E-8	2.079529E-3
5.105000E-8	2.543737E-3
5.110000E-8	3.085028E-3
5.115000E-8	3.713679E-3
5.120000E-8	4.333766E-3
5.125000E-8	4.868205E-3
5.130000E-8	5.335839E-3
5.135000E-8	5.721253E-3
5.140000E-8	5.969630E-3
5.145000E-8	6.055278E-3
5.150000E-8	5.974770E-3
5.155000E-8	5.741810E-3
5.160000E-8	5.382091E-3
5.165000E-8	4.917883E-3
5.170000E-8	4.345759E-3
5.175000E-8	3.713682E-3
5.180000E-8	3.076466E-3
5.185000E-8	2.440963E-3
5.190000E-8	1.829441E-3
5.195000E-8	1.330974E-3
5.200000E-8	9.781068E-4
5.205000E-8	7.297292E-4
5.210000E-8	5.858414E-4
5.215000E-8	6.081092E-4
5.220000E-8	8.033847E-4
5.225000E-8	1.104863E-3
5.230000E-8	1.457729E-3
5.235000E-8	1.861984E-3
5.240000E-8	2.333044E-3
5.245000E-8	2.845215E-3
5.250000E-8	3.340256E-3
5.255000E-8	3.816455E-3
5.260000E-8	4.251544E-3
5.265000E-8	4.590707E-3
5.270000E-8	4.818529E-3
5.275000E-8	4.986399E-3
5.280000E-8	5.080611E-3
5.285000E-8	5.037788E-3
5.290000E-8	4.873346E-3
5.295000E-8	4.672931E-3
5.300000E-8	4.431406E-3
5.305000E-8	4.105947E-3
5.310000E-8	3.720534E-3
5.315000E-8	3.329983E-3
5.320000E-8	2.942857E-3
5.325000E-8	2.557444E-3
5.330000E-8	2.214854E-3
5.335000E-8	1.935644E-3
5.340000E-8	1.709534E-3
5.345000E-8	1.533101E-3
5.350000E-8	1.456017E-3
5.355000E-8	1.486850E-3
5.360000E-8	1.606756E-3
5.365000E-8	1.791753E-3
5.370000E-8	2.050408E-3
5.375000E-8	2.396423E-3
5.380000E-8	2.810956E-3
5.385000E-8	3.266599E-3
5.390000E-8	3.718818E-3
5.395000E-8	4.155619E-3
5.400000E-8	4.554736E-3
5.405000E-8	4.868206E-3
5.410000E-8	5.065195E-3
5.415000E-8	5.162833E-3
5.420000E-8	5.116584E-3
5.425000E-8	4.880198E-3
5.430000E-8	4.498211E-3
5.435000E-8	4.040854E-3
5.440000E-8	3.489286E-3
5.445000E-8	2.858921E-3
5.450000E-8	2.233696E-3
5.455000E-8	1.666710E-3
5.460000E-8	1.169956E-3
5.465000E-8	7.759781E-4
5.470000E-8	5.121842E-4
5.475000E-8	3.991296E-4
5.480000E-8	4.693602E-4
5.485000E-8	6.903302E-4
5.490000E-8	1.017503E-3
5.495000E-8	1.456017E-3
5.500000E-8	1.978465E-3
5.505000E-8	2.499200E-3
5.510000E-8	2.975399E-3
5.515000E-8	3.444746E-3
5.520000E-8	3.893538E-3
5.525000E-8	4.263534E-3
5.530000E-8	4.530754E-3
5.535000E-8	4.698623E-3
5.540000E-8	4.777418E-3
5.545000E-8	4.773993E-3
5.550000E-8	4.681494E-3
5.555000E-8	4.520478E-3
5.560000E-8	4.333767E-3
5.565000E-8	4.105946E-3
5.570000E-8	3.806181E-3
5.575000E-8	3.473870E-3
5.580000E-8	3.148410E-3
5.585000E-8	2.802395E-3
5.590000E-8	2.437538E-3
5.595000E-8	2.118930E-3
5.600000E-8	1.860275E-3
5.605000E-8	1.663286E-3
5.610000E-8	1.543380E-3
5.615000E-8	1.526250E-3
5.620000E-8	1.594767E-3
5.625000E-8	1.757497E-3
5.630000E-8	2.007586E-3
5.635000E-8	2.326194E-3
5.640000E-8	2.696190E-3
5.645000E-8	3.102158E-3
5.650000E-8	3.506413E-3
5.655000E-8	3.910668E-3
5.660000E-8	4.321775E-3
5.665000E-8	4.648948E-3
5.670000E-8	4.816817E-3
5.675000E-8	4.895613E-3
5.680000E-8	4.929872E-3
5.685000E-8	4.864781E-3
5.690000E-8	4.693486E-3
5.695000E-8	4.469091E-3
5.700000E-8	4.181316E-3
5.705000E-8	3.818171E-3
5.710000E-8	3.429333E-3
5.715000E-8	3.061049E-3
5.720000E-8	2.703044E-3
5.725000E-8	2.370732E-3
5.730000E-8	2.100086E-3
5.735000E-8	1.915088E-3
5.740000E-8	1.805459E-3
5.745000E-8	1.745506E-3
5.750000E-8	1.711246E-3
5.755000E-8	1.748931E-3
5.760000E-8	1.913373E-3
5.765000E-8	2.146333E-3
5.770000E-8	2.404988E-3
5.775000E-8	2.730447E-3
5.780000E-8	3.117573E-3
5.785000E-8	3.472153E-3
5.790000E-8	3.795900E-3
5.795000E-8	4.128211E-3
5.800000E-8	4.395431E-3
5.805000E-8	4.541032E-3
5.810000E-8	4.606125E-3
5.815000E-8	4.611264E-3
5.820000E-8	4.501636E-3
5.825000E-8	4.275527E-3
5.830000E-8	3.962059E-3
5.835000E-8	3.590350E-3
5.840000E-8	3.187807E-3
5.845000E-8	2.749293E-3
5.850000E-8	2.273094E-3
5.855000E-8	1.826015E-3
5.860000E-8	1.454306E-3
5.865000E-8	1.142549E-3
5.870000E-8	8.770422E-4
5.875000E-8	7.417192E-4
5.880000E-8	7.537096E-4
5.885000E-8	8.599121E-4
5.890000E-8	1.065466E-3
5.895000E-8	1.399490E-3
5.900000E-8	1.827726E-3
5.905000E-8	2.297073E-3
5.910000E-8	2.812670E-3
5.915000E-8	3.365952E-3
5.920000E-8	3.883261E-3
5.925000E-8	4.332053E-3
5.930000E-8	4.707188E-3
5.935000E-8	4.982973E-3
5.940000E-8	5.130286E-3
5.945000E-8	5.132000E-3
5.950000E-8	5.001816E-3
5.955000E-8	4.770569E-3
5.960000E-8	4.470803E-3
5.965000E-8	4.080252E-3
5.970000E-8	3.621183E-3
5.975000E-8	3.148410E-3
5.980000E-8	2.703044E-3
5.985000E-8	2.290224E-3
5.990000E-8	1.947634E-3
5.995000E-8	1.740368E-3
6.000000E-8	1.649581E-3
6.005000E-8	1.630739E-3
6.010000E-8	1.692404E-3
6.015000E-8	1.858560E-3
6.020000E-8	2.084668E-3
6.025000E-8	2.333045E-3
6.030000E-8	2.593413E-3
6.035000E-8	2.865771E-3
6.040000E-8	3.124425E-3
6.045000E-8	3.359099E-3
6.050000E-8	3.535532E-3
6.055000E-8	3.684559E-3
6.060000E-8	3.828446E-3
6.065000E-8	3.943214E-3
6.070000E-8	3.994602E-3
6.075000E-8	4.016871E-3
6.080000E-8	4.006594E-3
6.085000E-8	3.929511E-3
6.090000E-8	3.792476E-3
6.095000E-8	3.636598E-3
6.100000E-8	3.463590E-3
6.105000E-8	3.258037E-3
6.110000E-8	3.007947E-3
6.115000E-8	2.730450E-3
6.120000E-8	2.459804E-3
6.125000E-8	2.235408E-3
6.130000E-8	2.052123E-3
6.135000E-8	1.923652E-3
6.140000E-8	1.891106E-3
6.145000E-8	1.940782E-3
6.150000E-8	2.012726E-3
6.155000E-8	2.115502E-3
6.160000E-8	2.291935E-3
6.165000E-8	2.509479E-3
6.170000E-8	2.720171E-3
6.175000E-8	2.939428E-3
6.180000E-8	3.153546E-3
6.185000E-8	3.328266E-3
6.190000E-8	3.465302E-3
6.195000E-8	3.590347E-3
6.200000E-8	3.682846E-3
6.205000E-8	3.729096E-3
6.210000E-8	3.739374E-3
6.215000E-8	3.730809E-3
6.220000E-8	3.696551E-3
6.225000E-8	3.614330E-3
6.230000E-8	3.482433E-3
6.235000E-8	3.319703E-3
6.240000E-8	3.150122E-3
6.245000E-8	2.924013E-3
6.250000E-8	2.631099E-3
6.255000E-8	2.343324E-3
6.260000E-8	2.094947E-3
6.265000E-8	1.851708E-3
6.270000E-8	1.641016E-3
6.275000E-8	1.524535E-3
6.280000E-8	1.483425E-3
6.285000E-8	1.515970E-3
6.290000E-8	1.649580E-3
6.295000E-8	1.889393E-3
6.300000E-8	2.185732E-3
6.305000E-8	2.523182E-3
6.310000E-8	2.879475E-3
6.315000E-8	3.213499E-3
6.320000E-8	3.530394E-3
6.325000E-8	3.818169E-3
6.330000E-8	4.016871E-3
6.335000E-8	4.126499E-3
6.340000E-8	4.208721E-3
6.345000E-8	4.215572E-3
6.350000E-8	4.090527E-3
6.355000E-8	3.910668E-3
6.360000E-8	3.725670E-3
6.365000E-8	3.479007E-3
6.370000E-8	3.168964E-3
6.375000E-8	2.876050E-3
6.380000E-8	2.622535E-3
6.385000E-8	2.374158E-3
6.390000E-8	2.158327E-3
6.395000E-8	2.012727E-3
6.400000E-8	1.949348E-3
6.405000E-8	1.961338E-3
6.410000E-8	2.034995E-3
6.415000E-8	2.142910E-3
6.420000E-8	2.305640E-3
6.425000E-8	2.514619E-3
6.430000E-8	2.740727E-3
6.435000E-8	2.982252E-3
6.440000E-8	3.242619E-3
6.445000E-8	3.470441E-3
6.450000E-8	3.643448E-3
6.455000E-8	3.797613E-3
6.460000E-8	3.929510E-3
6.465000E-8	4.003167E-3
6.470000E-8	4.001454E-3
6.475000E-8	3.967195E-3
6.480000E-8	3.922659E-3
6.485000E-8	3.847290E-3
6.490000E-8	3.723958E-3
6.495000E-8	3.557803E-3
6.500000E-8	3.360814E-3
6.505000E-8	3.132993E-3
6.510000E-8	2.874338E-3
6.515000E-8	2.629386E-3
6.520000E-8	2.411842E-3
6.525000E-8	2.206288E-3
6.530000E-8	2.023003E-3
6.535000E-8	1.909948E-3
6.540000E-8	1.892819E-3
6.545000E-8	1.927077E-3
6.550000E-8	1.983604E-3
6.555000E-8	2.089807E-3
6.560000E-8	2.259388E-3
6.565000E-8	2.449525E-3
6.570000E-8	2.631097E-3
6.575000E-8	2.855493E-3
6.580000E-8	3.121000E-3
6.585000E-8	3.348822E-3
6.590000E-8	3.502987E-3
6.595000E-8	3.622893E-3
6.600000E-8	3.711967E-3
6.605000E-8	3.734235E-3
6.610000E-8	3.699977E-3
6.615000E-8	3.636598E-3
6.620000E-8	3.556090E-3
6.625000E-8	3.456739E-3
6.630000E-8	3.323129E-3
6.635000E-8	3.174103E-3
6.640000E-8	3.016512E-3
6.645000E-8	2.852069E-3
6.650000E-8	2.675636E-3
6.655000E-8	2.506054E-3
6.660000E-8	2.357027E-3
6.665000E-8	2.190871E-3
6.670000E-8	2.021289E-3
6.675000E-8	1.906522E-3
6.680000E-8	1.858559E-3
6.685000E-8	1.814022E-3
6.690000E-8	1.772911E-3
6.695000E-8	1.788328E-3
6.700000E-8	1.868836E-3
6.705000E-8	1.971613E-3
6.710000E-8	2.089806E-3
6.715000E-8	2.242258E-3
6.720000E-8	2.430682E-3
6.725000E-8	2.619106E-3
6.730000E-8	2.790401E-3
6.735000E-8	2.951418E-3
6.740000E-8	3.121000E-3
6.745000E-8	3.270027E-3
6.750000E-8	3.357387E-3
6.755000E-8	3.386508E-3
6.760000E-8	3.386508E-3
6.765000E-8	3.331694E-3
6.770000E-8	3.203223E-3
6.775000E-8	3.035355E-3
6.780000E-8	2.846930E-3
6.785000E-8	2.601979E-3
6.790000E-8	2.317630E-3
6.795000E-8	2.036707E-3
6.800000E-8	1.798607E-3
6.805000E-8	1.598192E-3
6.810000E-8	1.437175E-3
6.815000E-8	1.351528E-3
6.820000E-8	1.365231E-3
6.825000E-8	1.464582E-3
6.830000E-8	1.591340E-3
6.835000E-8	1.771199E-3
6.840000E-8	2.045270E-3
6.845000E-8	2.355314E-3
6.850000E-8	2.627672E-3
6.855000E-8	2.903456E-3
6.860000E-8	3.206648E-3
6.865000E-8	3.455025E-3
6.870000E-8	3.600626E-3
6.875000E-8	3.696551E-3
6.880000E-8	3.753078E-3
6.885000E-8	3.722245E-3
6.890000E-8	3.619469E-3
6.895000E-8	3.475581E-3
6.900000E-8	3.302574E-3
6.905000E-8	3.121001E-3
6.910000E-8	2.944568E-3
6.915000E-8	2.776699E-3
6.920000E-8	2.639663E-3
6.925000E-8	2.543738E-3
6.930000E-8	2.456378E-3
6.935000E-8	2.406702E-3
6.940000E-8	2.430684E-3
6.945000E-8	2.463229E-3
6.950000E-8	2.459803E-3
6.955000E-8	2.497488E-3
6.960000E-8	2.605404E-3
6.965000E-8	2.696190E-3
6.970000E-8	2.745865E-3
6.975000E-8	2.805818E-3
6.980000E-8	2.865771E-3
6.985000E-8	2.889752E-3
6.990000E-8	2.908595E-3
6.995000E-8	2.953131E-3
7.000000E-8	3.002807E-3
7.005000E-8	3.050769E-3
7.010000E-8	3.132991E-3
7.015000E-8	3.216925E-3
7.020000E-8	3.288869E-3
7.025000E-8	3.348822E-3
7.030000E-8	3.381369E-3
7.035000E-8	3.374517E-3
7.040000E-8	3.367665E-3
7.045000E-8	3.362527E-3
7.050000E-8	3.302573E-3
7.055000E-8	3.199797E-3
7.060000E-8	3.115862E-3
7.065000E-8	3.007946E-3
7.070000E-8	2.846929E-3
7.075000E-8	2.696190E-3
7.080000E-8	2.600265E-3
7.085000E-8	2.500914E-3
7.090000E-8	2.370729E-3
7.095000E-8	2.276517E-3
7.100000E-8	2.249110E-3
7.105000E-8	2.240545E-3
7.110000E-8	2.240545E-3
7.115000E-8	2.290221E-3
7.120000E-8	2.411840E-3
7.125000E-8	2.547163E-3
7.130000E-8	2.661931E-3
7.135000E-8	2.786976E-3
7.140000E-8	2.927438E-3
7.145000E-8	3.026789E-3
7.150000E-8	3.050770E-3
7.155000E-8	3.055909E-3
7.160000E-8	3.035354E-3
7.165000E-8	2.954845E-3
7.170000E-8	2.824661E-3
7.175000E-8	2.709894E-3
7.180000E-8	2.608830E-3
7.185000E-8	2.471794E-3
7.190000E-8	2.327907E-3
7.195000E-8	2.233695E-3
7.200000E-8	2.187445E-3
7.205000E-8	2.149761E-3
7.210000E-8	2.129205E-3
7.215000E-8	2.151473E-3
7.220000E-8	2.214852E-3
7.225000E-8	2.288509E-3
7.230000E-8	2.338184E-3
7.235000E-8	2.387859E-3
7.240000E-8	2.464942E-3
7.245000E-8	2.569431E-3
7.250000E-8	2.663643E-3
7.255000E-8	2.778411E-3
7.260000E-8	2.930863E-3
7.265000E-8	3.079890E-3
7.270000E-8	3.182667E-3
7.275000E-8	3.290583E-3
7.280000E-8	3.420767E-3
7.285000E-8	3.492711E-3
7.290000E-8	3.479007E-3
7.295000E-8	3.444749E-3
7.300000E-8	3.401925E-3
7.305000E-8	3.319703E-3
7.310000E-8	3.196371E-3
7.315000E-8	3.074752E-3
7.320000E-8	2.965123E-3
7.325000E-8	2.891466E-3
7.330000E-8	2.860633E-3
7.335000E-8	2.857207E-3
7.340000E-8	2.894891E-3
7.345000E-8	2.983965E-3
7.350000E-8	3.069612E-3
7.355000E-8	3.117574E-3
7.360000E-8	3.174102E-3
7.365000E-8	3.242620E-3
7.370000E-8	3.264888E-3
7.375000E-8	3.247759E-3
7.380000E-8	3.254611E-3
7.385000E-8	3.264888E-3
7.390000E-8	3.239194E-3
7.395000E-8	3.218639E-3
7.400000E-8	3.237481E-3
7.405000E-8	3.256323E-3
7.410000E-8	3.235768E-3
7.415000E-8	3.201509E-3
7.420000E-8	3.158686E-3
7.425000E-8	3.078177E-3
7.430000E-8	2.944567E-3
7.435000E-8	2.781838E-3
7.440000E-8	2.613969E-3
7.445000E-8	2.456378E-3
7.450000E-8	2.329620E-3
7.455000E-8	2.238834E-3
7.460000E-8	2.187445E-3
7.465000E-8	2.189158E-3
7.470000E-8	2.231982E-3
7.475000E-8	2.309064E-3
7.480000E-8	2.427258E-3
7.485000E-8	2.579710E-3
7.490000E-8	2.715033E-3
7.495000E-8	2.817809E-3
7.500000E-8	2.941142E-3
7.505000E-8	3.062761E-3
7.510000E-8	3.121001E-3
7.515000E-8	3.131278E-3
7.520000E-8	3.141556E-3
7.525000E-8	3.127852E-3
7.530000E-8	3.095306E-3
7.535000E-8	3.086741E-3
7.540000E-8	3.088454E-3
7.545000E-8	3.043918E-3
7.550000E-8	2.983964E-3
7.555000E-8	2.949706E-3
7.560000E-8	2.913734E-3
7.565000E-8	2.836651E-3
7.570000E-8	2.739013E-3
7.575000E-8	2.655079E-3
7.580000E-8	2.586561E-3
7.585000E-8	2.504340E-3
7.590000E-8	2.403276E-3
7.595000E-8	2.333045E-3
7.600000E-8	2.315915E-3
7.605000E-8	2.321054E-3
7.610000E-8	2.327906E-3
7.615000E-8	2.365591E-3
7.620000E-8	2.437534E-3
7.625000E-8	2.504339E-3
7.630000E-8	2.560867E-3
7.635000E-8	2.651653E-3
7.640000E-8	2.749291E-3
7.645000E-8	2.816096E-3
7.650000E-8	2.872623E-3
7.655000E-8	2.934289E-3
7.660000E-8	2.985677E-3
7.665000E-8	3.031927E-3
7.670000E-8	3.064473E-3
7.675000E-8	3.076464E-3
7.680000E-8	3.079889E-3
7.685000E-8	3.083315E-3
7.690000E-8	3.062760E-3
7.695000E-8	3.040492E-3
7.700000E-8	3.014798E-3
7.705000E-8	2.953132E-3
7.710000E-8	2.867485E-3
7.715000E-8	2.810958E-3
7.720000E-8	2.766421E-3
7.725000E-8	2.691052E-3
7.730000E-8	2.622534E-3
7.735000E-8	2.572858E-3
7.740000E-8	2.516331E-3
7.745000E-8	2.473507E-3
7.750000E-8	2.492349E-3
7.755000E-8	2.560867E-3
7.760000E-8	2.644801E-3
7.765000E-8	2.749291E-3
7.770000E-8	2.876049E-3
7.775000E-8	3.004520E-3
7.780000E-8	3.131278E-3
7.785000E-8	3.234055E-3
7.790000E-8	3.285443E-3
7.795000E-8	3.331693E-3
7.800000E-8	3.379655E-3
7.805000E-8	3.386507E-3
7.810000E-8	3.336832E-3
7.815000E-8	3.276879E-3
7.820000E-8	3.220351E-3
7.825000E-8	3.148408E-3
7.830000E-8	3.066186E-3
7.835000E-8	2.975400E-3
7.840000E-8	2.884614E-3
7.845000E-8	2.817809E-3
7.850000E-8	2.783550E-3
7.855000E-8	2.747578E-3
7.860000E-8	2.711606E-3
7.865000E-8	2.689338E-3
7.870000E-8	2.644801E-3
7.875000E-8	2.588274E-3
7.880000E-8	2.588274E-3
7.885000E-8	2.605404E-3
7.890000E-8	2.584849E-3
7.895000E-8	2.589988E-3
7.900000E-8	2.668783E-3
7.905000E-8	2.752718E-3
7.910000E-8	2.797254E-3
7.915000E-8	2.867485E-3
7.920000E-8	2.954846E-3
7.925000E-8	2.985679E-3
7.930000E-8	2.978827E-3
7.935000E-8	2.978827E-3
7.940000E-8	2.947994E-3
7.945000E-8	2.840078E-3
7.950000E-8	2.704755E-3
7.955000E-8	2.588275E-3
7.960000E-8	2.475220E-3
7.965000E-8	2.355314E-3
7.970000E-8	2.245685E-3
7.975000E-8	2.184019E-3
7.980000E-8	2.178880E-3
7.985000E-8	2.187445E-3
7.990000E-8	2.204574E-3
7.995000E-8	2.262814E-3
8.000000E-8	2.357026E-3
8.005000E-8	2.430683E-3
8.010000E-8	2.500914E-3
8.015000E-8	2.603690E-3
8.020000E-8	2.727022E-3
8.025000E-8	2.828086E-3
8.030000E-8	2.888039E-3
8.035000E-8	2.939428E-3
8.040000E-8	2.990816E-3
8.045000E-8	3.013084E-3
8.050000E-8	2.978825E-3
8.055000E-8	2.913733E-3
8.060000E-8	2.867484E-3
8.065000E-8	2.836651E-3
8.070000E-8	2.764707E-3
8.075000E-8	2.670495E-3
8.080000E-8	2.598552E-3
8.085000E-8	2.555728E-3
8.090000E-8	2.506053E-3
8.095000E-8	2.476933E-3
8.100000E-8	2.512905E-3
8.105000E-8	2.577997E-3
8.110000E-8	2.612256E-3
8.115000E-8	2.673922E-3
8.120000E-8	2.778412E-3
8.125000E-8	2.872624E-3
8.130000E-8	2.920586E-3
8.135000E-8	2.968549E-3
8.140000E-8	2.999382E-3
8.145000E-8	2.983965E-3
8.150000E-8	2.966836E-3
8.155000E-8	2.992530E-3
8.160000E-8	3.019937E-3
8.165000E-8	2.994243E-3
8.170000E-8	2.936003E-3
8.175000E-8	2.905169E-3
8.180000E-8	2.879475E-3
8.185000E-8	2.828086E-3
8.190000E-8	2.761281E-3
8.195000E-8	2.709893E-3
8.200000E-8	2.667069E-3
8.205000E-8	2.620819E-3
8.210000E-8	2.589986E-3
8.215000E-8	2.574570E-3
8.220000E-8	2.567718E-3
8.225000E-8	2.569431E-3
8.230000E-8	2.588274E-3
8.235000E-8	2.620820E-3
8.240000E-8	2.667070E-3
8.245000E-8	2.701329E-3
8.250000E-8	2.699616E-3
8.255000E-8	2.685912E-3
8.260000E-8	2.689338E-3
8.265000E-8	2.658505E-3
8.270000E-8	2.567719E-3
8.275000E-8	2.487210E-3
8.280000E-8	2.454664E-3
8.285000E-8	2.396424E-3
8.290000E-8	2.302212E-3
8.295000E-8	2.281657E-3
8.300000E-8	2.317628E-3
8.305000E-8	2.314203E-3
8.310000E-8	2.315915E-3
8.315000E-8	2.394711E-3
8.320000E-8	2.518043E-3
8.325000E-8	2.629385E-3
8.330000E-8	2.742439E-3
8.335000E-8	2.874336E-3
8.340000E-8	2.997668E-3
8.345000E-8	3.071325E-3
8.350000E-8	3.086742E-3
8.355000E-8	3.083316E-3
8.360000E-8	3.088455E-3
8.365000E-8	3.045631E-3
8.370000E-8	2.917160E-3
8.375000E-8	2.774986E-3
8.380000E-8	2.667070E-3
8.385000E-8	2.530035E-3
8.390000E-8	2.358740E-3
8.395000E-8	2.226843E-3
8.400000E-8	2.149760E-3
8.405000E-8	2.094946E-3
8.410000E-8	2.084668E-3
8.415000E-8	2.148047E-3
8.420000E-8	2.262814E-3
8.425000E-8	2.404989E-3
8.430000E-8	2.564293E-3
8.435000E-8	2.723597E-3
8.440000E-8	2.882900E-3
8.445000E-8	3.011371E-3
8.450000E-8	3.090167E-3
8.455000E-8	3.126139E-3
8.460000E-8	3.136417E-3
8.465000E-8	3.097019E-3
8.470000E-8	3.006233E-3
8.475000E-8	2.908595E-3
8.480000E-8	2.807532E-3
8.485000E-8	2.668783E-3
8.490000E-8	2.533461E-3
8.495000E-8	2.483785E-3
8.500000E-8	2.485498E-3
8.505000E-8	2.504341E-3
8.510000E-8	2.572859E-3
8.515000E-8	2.692765E-3
8.520000E-8	2.807532E-3
8.525000E-8	2.910309E-3
8.530000E-8	3.035354E-3
8.535000E-8	3.153547E-3
8.540000E-8	3.244333E-3
8.545000E-8	3.292295E-3
8.550000E-8	3.292295E-3
8.555000E-8	3.280305E-3
8.560000E-8	3.276879E-3
8.565000E-8	3.218638E-3
8.570000E-8	3.098732E-3
8.575000E-8	3.007946E-3
8.580000E-8	2.954844E-3
8.585000E-8	2.888039E-3
8.590000E-8	2.826373E-3
8.595000E-8	2.829799E-3
8.600000E-8	2.841790E-3
8.605000E-8	2.822947E-3
8.610000E-8	2.783549E-3
8.615000E-8	2.733874E-3
8.620000E-8	2.682485E-3
8.625000E-8	2.648227E-3
8.630000E-8	2.610542E-3
8.635000E-8	2.559154E-3
8.640000E-8	2.547163E-3
8.645000E-8	2.557441E-3
8.650000E-8	2.512905E-3
8.655000E-8	2.478646E-3
8.660000E-8	2.531747E-3
8.665000E-8	2.596839E-3
8.670000E-8	2.637950E-3
8.675000E-8	2.725310E-3
8.680000E-8	2.846929E-3
8.685000E-8	2.924012E-3
8.690000E-8	2.985678E-3
8.695000E-8	3.057622E-3
8.700000E-8	3.066186E-3
8.705000E-8	2.989104E-3
8.710000E-8	2.906882E-3
8.715000E-8	2.855494E-3
8.720000E-8	2.798966E-3
8.725000E-8	2.744152E-3
8.730000E-8	2.727023E-3
8.735000E-8	2.749291E-3
8.740000E-8	2.810957E-3
8.745000E-8	2.913734E-3
8.750000E-8	3.031928E-3
8.755000E-8	3.143270E-3
8.760000E-8	3.247760E-3
8.765000E-8	3.348824E-3
8.770000E-8	3.401925E-3
8.775000E-8	3.393361E-3
8.780000E-8	3.335120E-3
8.785000E-8	3.216927E-3
8.790000E-8	3.040493E-3
8.795000E-8	2.829801E-3
8.800000E-8	2.629386E-3
8.805000E-8	2.437535E-3
8.810000E-8	2.267953E-3
8.815000E-8	2.161750E-3
8.820000E-8	2.148047E-3
8.825000E-8	2.216565E-3
8.830000E-8	2.341610E-3
8.835000E-8	2.518043E-3
8.840000E-8	2.749291E-3
8.845000E-8	2.995956E-3
8.850000E-8	3.204935E-3
8.855000E-8	3.386508E-3
8.860000E-8	3.542386E-3
8.865000E-8	3.605765E-3
8.870000E-8	3.568080E-3
8.875000E-8	3.485859E-3
8.880000E-8	3.365952E-3
8.885000E-8	3.172389E-3
8.890000E-8	2.939428E-3
8.895000E-8	2.740727E-3
8.900000E-8	2.574571E-3
8.905000E-8	2.428970E-3
8.910000E-8	2.327906E-3
8.915000E-8	2.317629E-3
8.920000E-8	2.372443E-3
8.925000E-8	2.430683E-3
8.930000E-8	2.500914E-3
8.935000E-8	2.631098E-3
8.940000E-8	2.826374E-3
8.945000E-8	2.997669E-3
8.950000E-8	3.103871E-3
8.955000E-8	3.177528E-3
8.960000E-8	3.208361E-3
8.965000E-8	3.162111E-3
8.970000E-8	3.054195E-3
8.975000E-8	2.932576E-3
8.980000E-8	2.790402E-3
8.985000E-8	2.622533E-3
8.990000E-8	2.461516E-3
8.995000E-8	2.326194E-3
9.000000E-8	2.213139E-3
9.005000E-8	2.105224E-3
9.010000E-8	2.000734E-3
9.015000E-8	1.945920E-3
9.020000E-8	1.969901E-3
9.025000E-8	1.985317E-3
9.030000E-8	1.949345E-3
9.035000E-8	1.951058E-3
9.040000E-8	2.041844E-3
9.045000E-8	2.106936E-3
9.050000E-8	2.110362E-3
9.055000E-8	2.136056E-3
9.060000E-8	2.216564E-3
9.065000E-8	2.310777E-3
9.070000E-8	2.427257E-3
9.075000E-8	2.598552E-3
9.080000E-8	2.785264E-3
9.085000E-8	2.961697E-3
9.090000E-8	3.144983E-3
9.095000E-8	3.319703E-3
9.100000E-8	3.444748E-3
9.105000E-8	3.494424E-3
9.110000E-8	3.470442E-3
9.115000E-8	3.413915E-3
9.120000E-8	3.331693E-3
9.125000E-8	3.179241E-3
9.130000E-8	2.947993E-3
9.135000E-8	2.725309E-3
9.140000E-8	2.579709E-3
9.145000E-8	2.447812E-3
9.150000E-8	2.295360E-3
9.155000E-8	2.207999E-3
9.160000E-8	2.238833E-3
9.165000E-8	2.331332E-3
9.170000E-8	2.458090E-3
9.175000E-8	2.631098E-3
9.180000E-8	2.828087E-3
9.185000E-8	3.004520E-3
9.190000E-8	3.150120E-3
9.195000E-8	3.273452E-3
9.200000E-8	3.338544E-3
9.205000E-8	3.312850E-3
9.210000E-8	3.198082E-3
9.215000E-8	3.049056E-3
9.220000E-8	2.889751E-3
9.225000E-8	2.701327E-3
9.230000E-8	2.494061E-3
9.235000E-8	2.324479E-3
9.240000E-8	2.206286E-3
9.245000E-8	2.112074E-3
9.250000E-8	2.065825E-3
9.255000E-8	2.110362E-3
9.260000E-8	2.209713E-3
9.265000E-8	2.319341E-3
9.270000E-8	2.449525E-3
9.275000E-8	2.603691E-3
9.280000E-8	2.769847E-3
9.285000E-8	2.922299E-3
9.290000E-8	3.028502E-3
9.295000E-8	3.097019E-3
9.300000E-8	3.186093E-3
9.305000E-8	3.282018E-3
9.310000E-8	3.338545E-3
9.315000E-8	3.398498E-3
9.320000E-8	3.480720E-3
9.325000E-8	3.506414E-3
9.330000E-8	3.451600E-3
9.335000E-8	3.391647E-3
9.340000E-8	3.365952E-3
9.345000E-8	3.319703E-3
9.350000E-8	3.235768E-3
9.355000E-8	3.153547E-3
9.360000E-8	3.086742E-3
9.365000E-8	3.014798E-3
9.370000E-8	2.932577E-3
9.375000E-8	2.867485E-3
9.380000E-8	2.841790E-3
9.385000E-8	2.821235E-3
9.390000E-8	2.774986E-3
9.395000E-8	2.757856E-3
9.400000E-8	2.788689E-3
9.405000E-8	2.826374E-3
9.410000E-8	2.862345E-3
9.415000E-8	2.925724E-3
9.420000E-8	3.013084E-3
9.425000E-8	3.078176E-3
9.430000E-8	3.117574E-3
9.435000E-8	3.167250E-3
9.440000E-8	3.216925E-3
9.445000E-8	3.225490E-3
9.450000E-8	3.203222E-3
9.455000E-8	3.172389E-3
9.460000E-8	3.143269E-3
9.465000E-8	3.086742E-3
9.470000E-8	3.019937E-3
9.475000E-8	2.968549E-3
9.480000E-8	2.946280E-3
9.485000E-8	2.936003E-3
9.490000E-8	2.924012E-3
9.495000E-8	2.913734E-3
9.500000E-8	2.927438E-3
9.505000E-8	2.944567E-3
9.510000E-8	2.956558E-3
9.515000E-8	2.975400E-3
9.520000E-8	3.009659E-3
9.525000E-8	3.028502E-3
9.530000E-8	3.026789E-3
9.535000E-8	3.035354E-3
9.540000E-8	3.037067E-3
9.545000E-8	2.997669E-3
9.550000E-8	2.937716E-3
9.555000E-8	2.876050E-3
9.560000E-8	2.802393E-3
9.565000E-8	2.728736E-3
9.570000E-8	2.675635E-3
9.575000E-8	2.651653E-3
9.580000E-8	2.658505E-3
9.585000E-8	2.696190E-3
9.590000E-8	2.733875E-3
9.595000E-8	2.798966E-3
9.600000E-8	2.901743E-3
9.605000E-8	2.985678E-3
9.610000E-8	3.021650E-3
9.615000E-8	3.057621E-3
9.620000E-8	3.102158E-3
9.625000E-8	3.076464E-3
9.630000E-8	2.980539E-3
9.635000E-8	2.857207E-3
9.640000E-8	2.689338E-3
9.645000E-8	2.461516E-3
9.650000E-8	2.211426E-3
9.655000E-8	1.971613E-3
9.660000E-8	1.747217E-3
9.665000E-8	1.579348E-3
9.670000E-8	1.509118E-3
9.675000E-8	1.517682E-3
9.680000E-8	1.594765E-3
9.685000E-8	1.743791E-3
9.690000E-8	1.956196E-3
9.695000E-8	2.201148E-3
9.700000E-8	2.463228E-3
9.705000E-8	2.706467E-3
9.710000E-8	2.879474E-3
9.715000E-8	3.007945E-3
9.720000E-8	3.112435E-3
9.725000E-8	3.144981E-3
9.730000E-8	3.085028E-3
9.735000E-8	3.007945E-3
9.740000E-8	2.924011E-3
9.745000E-8	2.788688E-3
9.750000E-8	2.625958E-3
9.755000E-8	2.495775E-3
9.760000E-8	2.398137E-3
9.765000E-8	2.331331E-3
9.770000E-8	2.300498E-3
9.775000E-8	2.286795E-3
9.780000E-8	2.274804E-3
9.785000E-8	2.291933E-3
9.790000E-8	2.321053E-3
9.795000E-8	2.321053E-3
9.800000E-8	2.314202E-3
9.805000E-8	2.291934E-3
9.810000E-8	2.228555E-3
9.815000E-8	2.160037E-3
9.820000E-8	2.137769E-3
9.825000E-8	2.115501E-3
9.830000E-8	2.094946E-3
9.835000E-8	2.163464E-3
9.840000E-8	2.329620E-3
9.845000E-8	2.473507E-3
9.850000E-8	2.595126E-3
9.855000E-8	2.768134E-3
9.860000E-8	2.968548E-3
9.865000E-8	3.098732E-3
9.870000E-8	3.155259E-3
9.875000E-8	3.191230E-3
9.880000E-8	3.220350E-3
9.885000E-8	3.213498E-3
9.890000E-8	3.174100E-3
9.895000E-8	3.144980E-3
9.900000E-8	3.143267E-3
9.905000E-8	3.122712E-3
9.910000E-8	3.062759E-3
9.915000E-8	3.042204E-3
9.920000E-8	3.085028E-3
9.925000E-8	3.126139E-3
9.930000E-8	3.138130E-3
9.935000E-8	3.158686E-3
9.940000E-8	3.194658E-3
9.945000E-8	3.194658E-3
9.950000E-8	3.165538E-3
9.955000E-8	3.143270E-3
9.960000E-8	3.110723E-3
9.965000E-8	3.079890E-3
9.970000E-8	3.074751E-3
9.975000E-8	3.097019E-3
9.980000E-8	3.110723E-3
9.985000E-8	3.134704E-3
9.990000E-8	3.189518E-3
9.995000E-8	3.268313E-3
1.000000E-7	3.347108E-3
1.000500E-7	3.401923E-3
1.001000E-7	3.437895E-3
1.001500E-7	3.456737E-3
1.002000E-7	3.434469E-3
1.002500E-7	3.335118E-3
1.003000E-7	3.174102E-3
1.003500E-7	2.980539E-3
1.004000E-7	2.764707E-3
1.004500E-7	2.514617E-3
1.005000E-7	2.250823E-3
1.005500E-7	2.036705E-3
1.006000E-7	1.901382E-3
1.006500E-7	1.820873E-3
1.007000E-7	1.798605E-3
1.007500E-7	1.885965E-3
1.008000E-7	2.070963E-3
1.008500E-7	2.300498E-3
1.009000E-7	2.542024E-3
1.009500E-7	2.810956E-3
1.010000E-7	3.076463E-3
1.010500E-7	3.261461E-3
1.011000E-7	3.345396E-3
1.011500E-7	3.345396E-3
1.012000E-7	3.276878E-3
1.012500E-7	3.131277E-3
1.013000E-7	2.903455E-3
1.013500E-7	2.627671E-3
1.014000E-7	2.362164E-3
1.014500E-7	2.120639E-3
1.015000E-7	1.904807E-3
1.015500E-7	1.764346E-3
1.016000E-7	1.752355E-3
1.016500E-7	1.814022E-3
1.017000E-7	1.897956E-3
1.017500E-7	2.048696E-3
1.018000E-7	2.298786E-3
1.018500E-7	2.560867E-3
1.019000E-7	2.762995E-3
1.019500E-7	2.917160E-3
1.020000E-7	3.043918E-3
1.020500E-7	3.103871E-3
1.021000E-7	3.076464E-3
1.021500E-7	3.002807E-3
1.022000E-7	2.903456E-3
1.022500E-7	2.762994E-3
1.023000E-7	2.596838E-3
1.023500E-7	2.451238E-3
1.024000E-7	2.341609E-3
1.024500E-7	2.245684E-3
1.025000E-7	2.182305E-3
1.025500E-7	2.161750E-3
1.026000E-7	2.178880E-3
1.026500E-7	2.238833E-3
1.027000E-7	2.317629E-3
1.027500E-7	2.362165E-3
1.028000E-7	2.394711E-3
1.028500E-7	2.446100E-3
1.029000E-7	2.485497E-3
1.029500E-7	2.500914E-3
1.030000E-7	2.531747E-3
1.030500E-7	2.588274E-3
1.031000E-7	2.644801E-3
1.031500E-7	2.716744E-3
1.032000E-7	2.829799E-3
1.032500E-7	2.924011E-3
1.033000E-7	2.973686E-3
1.033500E-7	3.045630E-3
1.034000E-7	3.138129E-3
1.034500E-7	3.177527E-3
1.035000E-7	3.144981E-3
1.035500E-7	3.076463E-3
1.036000E-7	3.001093E-3
1.036500E-7	2.908594E-3
1.037000E-7	2.798966E-3
1.037500E-7	2.679060E-3
1.038000E-7	2.591699E-3
1.038500E-7	2.540311E-3
1.039000E-7	2.507765E-3
1.039500E-7	2.497488E-3
1.040000E-7	2.543738E-3
1.040500E-7	2.593413E-3
1.041000E-7	2.620820E-3
1.041500E-7	2.670496E-3
1.042000E-7	2.756143E-3
1.042500E-7	2.805818E-3
1.043000E-7	2.812670E-3
1.043500E-7	2.846929E-3
1.044000E-7	2.896604E-3
1.044500E-7	2.906882E-3
1.045000E-7	2.888039E-3
1.045500E-7	2.869197E-3
1.046000E-7	2.850354E-3
1.046500E-7	2.843502E-3
1.047000E-7	2.843503E-3
1.047500E-7	2.836651E-3
1.048000E-7	2.817808E-3
1.048500E-7	2.824660E-3
1.049000E-7	2.831512E-3
1.049500E-7	2.798966E-3
1.050000E-7	2.727022E-3
1.050500E-7	2.646514E-3
1.051000E-7	2.557441E-3
1.051500E-7	2.475219E-3
1.052000E-7	2.422118E-3
1.052500E-7	2.370730E-3
1.053000E-7	2.291934E-3
1.053500E-7	2.240546E-3
1.054000E-7	2.228555E-3
1.054500E-7	2.204574E-3
1.055000E-7	2.160037E-3
1.055500E-7	2.158324E-3
1.056000E-7	2.190870E-3
1.056500E-7	2.202861E-3
1.057000E-7	2.178880E-3
1.057500E-7	2.141195E-3
1.058000E-7	2.096658E-3
1.058500E-7	2.062399E-3
1.059000E-7	2.036705E-3
1.059500E-7	2.024714E-3
1.060000E-7	2.023001E-3
1.060500E-7	2.043556E-3
1.061000E-7	2.079528E-3
1.061500E-7	2.129203E-3
1.062000E-7	2.197721E-3
1.062500E-7	2.269665E-3
1.063000E-7	2.326192E-3
1.063500E-7	2.379294E-3
1.064000E-7	2.440960E-3
1.064500E-7	2.487210E-3
1.065000E-7	2.488923E-3
1.065500E-7	2.458089E-3
1.066000E-7	2.430682E-3
1.066500E-7	2.389571E-3
1.067000E-7	2.314202E-3
1.067500E-7	2.255961E-3
1.068000E-7	2.255961E-3
1.068500E-7	2.274803E-3
1.069000E-7	2.283368E-3
1.069500E-7	2.348460E-3
1.070000E-7	2.488922E-3
1.070500E-7	2.607115E-3
1.071000E-7	2.660217E-3
1.071500E-7	2.732161E-3
1.072000E-7	2.819522E-3
1.072500E-7	2.860633E-3
1.073000E-7	2.850355E-3
1.073500E-7	2.809245E-3
1.074000E-7	2.715033E-3
1.074500E-7	2.577997E-3
1.075000E-7	2.437535E-3
1.075500E-7	2.307351E-3
1.076000E-7	2.197722E-3
1.076500E-7	2.108649E-3
1.077000E-7	2.036705E-3
1.077500E-7	1.990455E-3
1.078000E-7	1.975039E-3
1.078500E-7	1.997307E-3
1.079000E-7	2.033279E-3
1.079500E-7	2.089806E-3
1.080000E-7	2.172028E-3
1.080500E-7	2.238833E-3
1.081000E-7	2.255962E-3
1.081500E-7	2.269666E-3
1.082000E-7	2.315916E-3
1.082500E-7	2.375869E-3
1.083000E-7	2.439248E-3
1.083500E-7	2.526608E-3
1.084000E-7	2.631098E-3
1.084500E-7	2.720171E-3
1.085000E-7	2.788688E-3
1.085500E-7	2.869197E-3
1.086000E-7	2.977112E-3
1.086500E-7	3.083315E-3
1.087000E-7	3.153546E-3
1.087500E-7	3.206647E-3
1.088000E-7	3.282017E-3
1.088500E-7	3.348822E-3
1.089000E-7	3.381368E-3
1.089500E-7	3.393359E-3
1.090000E-7	3.408776E-3
1.090500E-7	3.407063E-3
1.091000E-7	3.365952E-3
1.091500E-7	3.316277E-3
1.092000E-7	3.276879E-3
1.092500E-7	3.211787E-3
1.093000E-7	3.107297E-3
1.093500E-7	3.006233E-3
1.094000E-7	2.918873E-3
1.094500E-7	2.812670E-3
1.095000E-7	2.696189E-3
1.095500E-7	2.605403E-3
1.096000E-7	2.538597E-3
1.096500E-7	2.485496E-3
1.097000E-7	2.428969E-3
1.097500E-7	2.391284E-3
1.098000E-7	2.392997E-3
1.098500E-7	2.411840E-3
1.099000E-7	2.422117E-3
1.099500E-7	2.437534E-3
1.100000E-7	2.442673E-3
1.100500E-7	2.408415E-3
1.101000E-7	2.355313E-3
1.101500E-7	2.322768E-3
1.102000E-7	2.307351E-3
1.102500E-7	2.303925E-3
1.103000E-7	2.343323E-3
1.103500E-7	2.420406E-3
1.104000E-7	2.523182E-3
1.104500E-7	2.656792E-3
1.105000E-7	2.817809E-3
1.105500E-7	2.956557E-3
1.106000E-7	3.066186E-3
1.106500E-7	3.129565E-3
1.107000E-7	3.139842E-3
1.107500E-7	3.110722E-3
1.108000E-7	3.076463E-3
1.108500E-7	3.016510E-3
1.109000E-7	2.889752E-3
1.109500E-7	2.735587E-3
1.110000E-7	2.608829E-3
1.110500E-7	2.487210E-3
1.111000E-7	2.360452E-3
1.111500E-7	2.262814E-3
1.112000E-7	2.233694E-3
1.112500E-7	2.225129E-3
1.113000E-7	2.194296E-3
1.113500E-7	2.190870E-3
1.114000E-7	2.245684E-3
1.114500E-7	2.291933E-3
1.115000E-7	2.293646E-3
1.115500E-7	2.300498E-3
1.116000E-7	2.321053E-3
1.116500E-7	2.310776E-3
1.117000E-7	2.276517E-3
1.117500E-7	2.255961E-3
1.118000E-7	2.255961E-3
1.118500E-7	2.266239E-3
1.119000E-7	2.276517E-3
1.119500E-7	2.281656E-3
1.120000E-7	2.295359E-3
1.120500E-7	2.324479E-3
1.121000E-7	2.351886E-3
1.121500E-7	2.392997E-3
1.122000E-7	2.473506E-3
1.122500E-7	2.550588E-3
1.123000E-7	2.598551E-3
1.123500E-7	2.677346E-3
1.124000E-7	2.795540E-3
1.124500E-7	2.882900E-3
1.125000E-7	2.918872E-3
1.125500E-7	2.959983E-3
1.126000E-7	2.995955E-3
1.126500E-7	2.985677E-3
1.127000E-7	2.949706E-3
1.127500E-7	2.917160E-3
1.128000E-7	2.865771E-3
1.128500E-7	2.766420E-3
1.129000E-7	2.649940E-3
1.129500E-7	2.560866E-3
1.130000E-7	2.509478E-3
1.130500E-7	2.471793E-3
1.131000E-7	2.456377E-3
1.131500E-7	2.490636E-3
1.132000E-7	2.584848E-3
1.132500E-7	2.697902E-3
1.133000E-7	2.769846E-3
1.133500E-7	2.821235E-3
1.134000E-7	2.896605E-3
1.134500E-7	2.968548E-3
1.135000E-7	2.970261E-3
1.135500E-7	2.924012E-3
1.136000E-7	2.882901E-3
1.136500E-7	2.821235E-3
1.137000E-7	2.696189E-3
1.137500E-7	2.574570E-3
1.138000E-7	2.506052E-3
1.138500E-7	2.446099E-3
1.139000E-7	2.384433E-3
1.139500E-7	2.387858E-3
1.140000E-7	2.470080E-3
1.140500E-7	2.555727E-3
1.141000E-7	2.622532E-3
1.141500E-7	2.715031E-3
1.142000E-7	2.828086E-3
1.142500E-7	2.917159E-3
1.143000E-7	2.980539E-3
1.143500E-7	3.045631E-3
1.144000E-7	3.114149E-3
1.144500E-7	3.150121E-3
1.145000E-7	3.156972E-3
1.145500E-7	3.144982E-3
1.146000E-7	3.132991E-3
1.146500E-7	3.103871E-3
1.147000E-7	3.045631E-3
1.147500E-7	2.980539E-3
1.148000E-7	2.930863E-3
1.148500E-7	2.888039E-3
1.149000E-7	2.840077E-3
1.149500E-7	2.800679E-3
1.150000E-7	2.783549E-3
1.150500E-7	2.762994E-3
1.151000E-7	2.701328E-3
1.151500E-7	2.637949E-3
1.152000E-7	2.629384E-3
1.152500E-7	2.649940E-3
1.153000E-7	2.624245E-3
1.153500E-7	2.576283E-3
1.154000E-7	2.564292E-3
1.154500E-7	2.583135E-3
1.155000E-7	2.586561E-3
1.155500E-7	2.600264E-3
1.156000E-7	2.646514E-3
1.156500E-7	2.706467E-3
1.157000E-7	2.764707E-3
1.157500E-7	2.845215E-3
1.158000E-7	2.949705E-3
1.158500E-7	3.026787E-3
1.159000E-7	3.076463E-3
1.159500E-7	3.134703E-3
1.160000E-7	3.189517E-3
1.160500E-7	3.196369E-3
1.161000E-7	3.158685E-3
1.161500E-7	3.144981E-3
1.162000E-7	3.146694E-3
1.162500E-7	3.095306E-3
1.163000E-7	3.016511E-3
1.163500E-7	2.975400E-3
1.164000E-7	2.973687E-3
1.164500E-7	2.947993E-3
1.165000E-7	2.918872E-3
1.165500E-7	2.936002E-3
1.166000E-7	2.971973E-3
1.166500E-7	2.973686E-3
1.167000E-7	2.959982E-3
1.167500E-7	2.995954E-3
1.168000E-7	3.050768E-3
1.168500E-7	3.043917E-3
1.169000E-7	2.968547E-3
1.169500E-7	2.894891E-3
1.170000E-7	2.838364E-3
1.170500E-7	2.730448E-3
1.171000E-7	2.567719E-3
1.171500E-7	2.427257E-3
1.172000E-7	2.333045E-3
1.172500E-7	2.245685E-3
1.173000E-7	2.158325E-3
1.173500E-7	2.124066E-3
1.174000E-7	2.154898E-3
1.174500E-7	2.172028E-3
1.175000E-7	2.182305E-3
1.175500E-7	2.255962E-3
1.176000E-7	2.372442E-3
1.176500E-7	2.439247E-3
1.177000E-7	2.492348E-3
1.177500E-7	2.601977E-3
1.178000E-7	2.709893E-3
1.178500E-7	2.744152E-3
1.179000E-7	2.771559E-3
1.179500E-7	2.819522E-3
1.180000E-7	2.817809E-3
1.180500E-7	2.747578E-3
1.181000E-7	2.673921E-3
1.181500E-7	2.622533E-3
1.182000E-7	2.567718E-3
1.182500E-7	2.488923E-3
1.183000E-7	2.384433E-3
1.183500E-7	2.295359E-3
1.184000E-7	2.230267E-3
1.184500E-7	2.156611E-3
1.185000E-7	2.091519E-3
1.185500E-7	2.093231E-3
1.186000E-7	2.141194E-3
1.186500E-7	2.190870E-3
1.187000E-7	2.264526E-3
1.187500E-7	2.386146E-3
1.188000E-7	2.500913E-3
1.188500E-7	2.593413E-3
1.189000E-7	2.655079E-3
1.189500E-7	2.709893E-3
1.190000E-7	2.773272E-3
1.190500E-7	2.846929E-3
1.191000E-7	2.855494E-3
1.191500E-7	2.786976E-3
1.192000E-7	2.721884E-3
1.192500E-7	2.672209E-3
1.193000E-7	2.576284E-3
1.193500E-7	2.461516E-3
1.194000E-7	2.377582E-3
1.194500E-7	2.309064E-3
1.195000E-7	2.247397E-3
1.195500E-7	2.223416E-3
1.196000E-7	2.259388E-3
1.196500E-7	2.309063E-3
1.197000E-7	2.357025E-3
1.197500E-7	2.423830E-3
1.198000E-7	2.524894E-3
1.198500E-7	2.624245E-3
1.199000E-7	2.689337E-3
1.199500E-7	2.749290E-3
1.200000E-7	2.802392E-3
1.200500E-7	2.834938E-3
1.201000E-7	2.836651E-3
1.201500E-7	2.833225E-3
1.202000E-7	2.824661E-3
1.202500E-7	2.778411E-3
1.203000E-7	2.720171E-3
1.203500E-7	2.685912E-3
1.204000E-7	2.648227E-3
1.204500E-7	2.566006E-3
1.205000E-7	2.466655E-3
1.205500E-7	2.401563E-3
1.206000E-7	2.353600E-3
1.206500E-7	2.290221E-3
1.207000E-7	2.223416E-3
1.207500E-7	2.187444E-3
1.208000E-7	2.168602E-3
1.208500E-7	2.161750E-3
1.209000E-7	2.180592E-3
1.209500E-7	2.237119E-3
1.210000E-7	2.314202E-3
1.210500E-7	2.391284E-3
1.211000E-7	2.451237E-3
1.211500E-7	2.494061E-3
1.212000E-7	2.531745E-3
1.212500E-7	2.550588E-3
1.213000E-7	2.507764E-3
1.213500E-7	2.423829E-3
1.214000E-7	2.370728E-3
1.214500E-7	2.322766E-3
1.215000E-7	2.223415E-3
1.215500E-7	2.115499E-3
1.216000E-7	2.067537E-3
1.216500E-7	2.065824E-3
1.217000E-7	2.069250E-3
1.217500E-7	2.093231E-3
1.218000E-7	2.156610E-3
1.218500E-7	2.223415E-3
1.219000E-7	2.273091E-3
1.219500E-7	2.321054E-3
1.220000E-7	2.384433E-3
1.220500E-7	2.422118E-3
1.221000E-7	2.404988E-3
1.221500E-7	2.391285E-3
1.222000E-7	2.394711E-3
1.222500E-7	2.353600E-3
1.223000E-7	2.267953E-3
1.223500E-7	2.221703E-3
1.224000E-7	2.223416E-3
1.224500E-7	2.219990E-3
1.225000E-7	2.213138E-3
1.225500E-7	2.247397E-3
1.226000E-7	2.312489E-3
1.226500E-7	2.365590E-3
1.227000E-7	2.406701E-3
1.227500E-7	2.451237E-3
1.228000E-7	2.497487E-3
1.228500E-7	2.547162E-3
1.229000E-7	2.583134E-3
1.229500E-7	2.598551E-3
1.230000E-7	2.615680E-3
1.230500E-7	2.631097E-3
1.231000E-7	2.629384E-3
1.231500E-7	2.607116E-3
1.232000E-7	2.588273E-3
1.232500E-7	2.548875E-3
1.233000E-7	2.482071E-3
1.233500E-7	2.439247E-3
1.234000E-7	2.442673E-3
1.234500E-7	2.446099E-3
1.235000E-7	2.440960E-3
1.235500E-7	2.487210E-3
1.236000E-7	2.588274E-3
1.236500E-7	2.675634E-3
1.237000E-7	2.732161E-3
1.237500E-7	2.812670E-3
1.238000E-7	2.889753E-3
1.238500E-7	2.894892E-3
1.239000E-7	2.879475E-3
1.239500E-7	2.896605E-3
1.240000E-7	2.881188E-3
1.240500E-7	2.786976E-3
1.241000E-7	2.677348E-3
1.241500E-7	2.593413E-3
1.242000E-7	2.499201E-3
1.242500E-7	2.408415E-3
1.243000E-7	2.326193E-3
1.243500E-7	2.252537E-3
1.244000E-7	2.221703E-3
1.244500E-7	2.243972E-3
1.245000E-7	2.266240E-3
1.245500E-7	2.293647E-3
1.246000E-7	2.370730E-3
1.246500E-7	2.476932E-3
1.247000E-7	2.562580E-3
1.247500E-7	2.648227E-3
1.248000E-7	2.761281E-3
1.248500E-7	2.872623E-3
1.249000E-7	2.959983E-3
1.249500E-7	3.021649E-3
1.250000E-7	3.059334E-3
1.250500E-7	3.067899E-3
1.251000E-7	3.031927E-3
1.251500E-7	2.966835E-3
1.252000E-7	2.934289E-3
1.252500E-7	2.915446E-3
1.253000E-7	2.870910E-3
1.253500E-7	2.822947E-3
1.254000E-7	2.829799E-3
1.254500E-7	2.853780E-3
1.255000E-7	2.876048E-3
1.255500E-7	2.924011E-3
1.256000E-7	2.989103E-3
1.256500E-7	3.014797E-3
1.257000E-7	3.014797E-3
1.257500E-7	3.018223E-3
1.258000E-7	3.004520E-3
1.258500E-7	2.947992E-3
1.259000E-7	2.876049E-3
1.259500E-7	2.804105E-3
1.260000E-7	2.745865E-3
1.260500E-7	2.711606E-3
1.261000E-7	2.704754E-3
1.261500E-7	2.727023E-3
1.262000E-7	2.773272E-3
1.262500E-7	2.805818E-3
1.263000E-7	2.816096E-3
1.263500E-7	2.841790E-3
1.264000E-7	2.894891E-3
1.264500E-7	2.932576E-3
1.265000E-7	2.917160E-3
1.265500E-7	2.867484E-3
1.266000E-7	2.805818E-3
1.266500E-7	2.751003E-3
1.267000E-7	2.680772E-3
1.267500E-7	2.598551E-3
1.268000E-7	2.554014E-3
1.268500E-7	2.560866E-3
1.269000E-7	2.559153E-3
1.269500E-7	2.550588E-3
1.270000E-7	2.600264E-3
1.270500E-7	2.692763E-3
1.271000E-7	2.764707E-3
1.271500E-7	2.855493E-3
1.272000E-7	3.009659E-3
1.272500E-7	3.177528E-3
1.273000E-7	3.294008E-3
1.273500E-7	3.398498E-3
1.274000E-7	3.520117E-3
1.274500E-7	3.592060E-3
1.275000E-7	3.604051E-3
1.275500E-7	3.624606E-3
1.276000E-7	3.657152E-3
1.276500E-7	3.633171E-3
1.277000E-7	3.581782E-3
1.277500E-7	3.547523E-3
1.278000E-7	3.485857E-3
1.278500E-7	3.365951E-3
1.279000E-7	3.223777E-3
1.279500E-7	3.105583E-3
1.280000E-7	3.016510E-3
1.280500E-7	2.929150E-3
1.281000E-7	2.840077E-3
1.281500E-7	2.786975E-3
1.282000E-7	2.795540E-3
1.282500E-7	2.826373E-3
1.283000E-7	2.848641E-3
1.283500E-7	2.896603E-3
1.284000E-7	2.978825E-3
1.284500E-7	3.076463E-3
1.285000E-7	3.168962E-3
1.285500E-7	3.276878E-3
1.286000E-7	3.381368E-3
1.286500E-7	3.422479E-3
1.287000E-7	3.403636E-3
1.287500E-7	3.381368E-3
1.288000E-7	3.352248E-3
1.288500E-7	3.282017E-3
1.289000E-7	3.151833E-3
1.289500E-7	3.007946E-3
1.290000E-7	2.872623E-3
1.290500E-7	2.742439E-3
1.291000E-7	2.607116E-3
1.291500E-7	2.488922E-3
1.292000E-7	2.418691E-3
1.292500E-7	2.367303E-3
1.293000E-7	2.336470E-3
1.293500E-7	2.360451E-3
1.294000E-7	2.434108E-3
1.294500E-7	2.504339E-3
1.295000E-7	2.569431E-3
1.295500E-7	2.648227E-3
1.296000E-7	2.723597E-3
1.296500E-7	2.759569E-3
1.297000E-7	2.788689E-3
1.297500E-7	2.828087E-3
1.298000E-7	2.840078E-3
1.298500E-7	2.800680E-3
1.299000E-7	2.745865E-3
1.299500E-7	2.718458E-3
1.300000E-7	2.684199E-3
1.300500E-7	2.607116E-3
1.301000E-7	2.524895E-3
1.301500E-7	2.471793E-3
1.302000E-7	2.440960E-3
1.302500E-7	2.391284E-3
1.303000E-7	2.324479E-3
1.303500E-7	2.262813E-3
1.304000E-7	2.206286E-3
1.304500E-7	2.130916E-3
1.305000E-7	2.052121E-3
1.305500E-7	1.983603E-3
1.306000E-7	1.906521E-3
1.306500E-7	1.798605E-3
1.307000E-7	1.700968E-3
1.307500E-7	1.653005E-3
1.308000E-7	1.611894E-3
1.308500E-7	1.565645E-3
1.309000E-7	1.536525E-3
1.309500E-7	1.567358E-3
1.310000E-7	1.629024E-3
1.310500E-7	1.707819E-3
1.311000E-7	1.772911E-3
1.311500E-7	1.826012E-3
1.312000E-7	1.911660E-3
1.312500E-7	2.019575E-3
1.313000E-7	2.098371E-3
1.313500E-7	2.163463E-3
1.314000E-7	2.273091E-3
1.314500E-7	2.381007E-3
1.315000E-7	2.430683E-3
1.315500E-7	2.476932E-3
1.316000E-7	2.536886E-3
1.316500E-7	2.550589E-3
1.317000E-7	2.533460E-3
1.317500E-7	2.531747E-3
1.318000E-7	2.518044E-3
1.318500E-7	2.444387E-3
1.319000E-7	2.375869E-3
1.319500E-7	2.338184E-3
1.320000E-7	2.310777E-3
1.320500E-7	2.298786E-3
1.321000E-7	2.312490E-3
1.321500E-7	2.334758E-3
1.322000E-7	2.369017E-3
1.322500E-7	2.434108E-3
1.323000E-7	2.509478E-3
1.323500E-7	2.595125E-3
1.324000E-7	2.682485E-3
1.324500E-7	2.752716E-3
1.325000E-7	2.778410E-3
1.325500E-7	2.807530E-3
1.326000E-7	2.857205E-3
1.326500E-7	2.872622E-3
1.327000E-7	2.836650E-3
1.327500E-7	2.804104E-3
1.328000E-7	2.814382E-3
1.328500E-7	2.843502E-3
1.329000E-7	2.872622E-3
1.329500E-7	2.925724E-3
1.330000E-7	3.004519E-3
1.330500E-7	3.073037E-3
1.331000E-7	3.114148E-3
1.331500E-7	3.148407E-3
1.332000E-7	3.179241E-3
1.332500E-7	3.168963E-3
1.333000E-7	3.117575E-3
1.333500E-7	3.057622E-3
1.334000E-7	3.004520E-3
1.334500E-7	2.918873E-3
1.335000E-7	2.824661E-3
1.335500E-7	2.781837E-3
1.336000E-7	2.786976E-3
1.336500E-7	2.769846E-3
1.337000E-7	2.749291E-3
1.337500E-7	2.764707E-3
1.338000E-7	2.798966E-3
1.338500E-7	2.781836E-3
1.339000E-7	2.727022E-3
1.339500E-7	2.689337E-3
1.340000E-7	2.667069E-3
1.340500E-7	2.607116E-3
1.341000E-7	2.514617E-3
1.341500E-7	2.442673E-3
1.342000E-7	2.420405E-3
1.342500E-7	2.401563E-3
1.343000E-7	2.374156E-3
1.343500E-7	2.386146E-3
1.344000E-7	2.430683E-3
1.344500E-7	2.432396E-3
1.345000E-7	2.410127E-3
1.345500E-7	2.437534E-3
1.346000E-7	2.478645E-3
1.346500E-7	2.476932E-3
1.347000E-7	2.461516E-3
1.347500E-7	2.468367E-3
1.348000E-7	2.500913E-3
1.348500E-7	2.540311E-3
1.349000E-7	2.559153E-3
1.349500E-7	2.560866E-3
1.350000E-7	2.605403E-3
1.350500E-7	2.668782E-3
1.351000E-7	2.677346E-3
1.351500E-7	2.694476E-3
1.352000E-7	2.773271E-3
1.352500E-7	2.833225E-3
1.353000E-7	2.855493E-3
1.353500E-7	2.932576E-3
1.354000E-7	3.045631E-3
1.354500E-7	3.073038E-3
1.355000E-7	3.054196E-3
1.355500E-7	3.061048E-3
1.356000E-7	3.054196E-3
1.356500E-7	2.973688E-3
1.357000E-7	2.867485E-3
1.357500E-7	2.764708E-3
1.358000E-7	2.661931E-3
1.358500E-7	2.552302E-3
1.359000E-7	2.439248E-3
1.359500E-7	2.350174E-3
1.360000E-7	2.327906E-3
1.360500E-7	2.341609E-3
1.361000E-7	2.351887E-3
1.361500E-7	2.406701E-3
1.362000E-7	2.540311E-3
1.362500E-7	2.694476E-3
1.363000E-7	2.833225E-3
1.363500E-7	2.961696E-3
1.364000E-7	3.067898E-3
1.364500E-7	3.127851E-3
1.365000E-7	3.155259E-3
1.365500E-7	3.153546E-3
1.366000E-7	3.102157E-3
1.366500E-7	3.011371E-3
1.367000E-7	2.906881E-3
1.367500E-7	2.822947E-3
1.368000E-7	2.766420E-3
1.368500E-7	2.704754E-3
1.369000E-7	2.644801E-3
1.369500E-7	2.629384E-3
1.370000E-7	2.680773E-3
1.370500E-7	2.739013E-3
1.371000E-7	2.776698E-3
1.371500E-7	2.833226E-3
1.372000E-7	2.906883E-3
1.372500E-7	2.944567E-3
1.373000E-7	2.953132E-3
1.373500E-7	2.939429E-3
1.374000E-7	2.896605E-3
1.374500E-7	2.848642E-3
1.375000E-7	2.829800E-3
1.375500E-7	2.812671E-3
1.376000E-7	2.771560E-3
1.376500E-7	2.732162E-3
1.377000E-7	2.704755E-3
1.377500E-7	2.684199E-3
1.378000E-7	2.675634E-3
1.378500E-7	2.667069E-3
1.379000E-7	2.619107E-3
1.379500E-7	2.569431E-3
1.380000E-7	2.566005E-3
1.380500E-7	2.562578E-3
1.381000E-7	2.519754E-3
1.381500E-7	2.492347E-3
1.382000E-7	2.509476E-3
1.382500E-7	2.512902E-3
1.383000E-7	2.475217E-3
1.383500E-7	2.464940E-3
1.384000E-7	2.506051E-3
1.384500E-7	2.564291E-3
1.385000E-7	2.619106E-3
1.385500E-7	2.692763E-3
1.386000E-7	2.797253E-3
1.386500E-7	2.896604E-3
1.387000E-7	2.942854E-3
1.387500E-7	2.961696E-3
1.388000E-7	2.989103E-3
1.388500E-7	2.980539E-3
1.389000E-7	2.901743E-3
1.389500E-7	2.817809E-3
1.390000E-7	2.785263E-3
1.390500E-7	2.732161E-3
1.391000E-7	2.632810E-3
1.391500E-7	2.571144E-3
1.392000E-7	2.595126E-3
1.392500E-7	2.639662E-3
1.393000E-7	2.665357E-3
1.393500E-7	2.709893E-3
1.394000E-7	2.776698E-3
1.394500E-7	2.824661E-3
1.395000E-7	2.831512E-3
1.395500E-7	2.831512E-3
1.396000E-7	2.853780E-3
1.396500E-7	2.850354E-3
1.397000E-7	2.786975E-3
1.397500E-7	2.716744E-3
1.398000E-7	2.692763E-3
1.398500E-7	2.672207E-3
1.399000E-7	2.625958E-3
1.399500E-7	2.637948E-3
1.400000E-7	2.730448E-3
1.400500E-7	2.816095E-3
1.401000E-7	2.864058E-3
1.401500E-7	2.924011E-3
1.402000E-7	2.980539E-3
1.402500E-7	2.977113E-3
1.403000E-7	2.929150E-3
1.403500E-7	2.896604E-3
1.404000E-7	2.862345E-3
1.404500E-7	2.809244E-3
1.405000E-7	2.768133E-3
1.405500E-7	2.771559E-3
1.406000E-7	2.802392E-3
1.406500E-7	2.819522E-3
1.407000E-7	2.812670E-3
1.407500E-7	2.826373E-3
1.408000E-7	2.874336E-3
1.408500E-7	2.900030E-3
1.409000E-7	2.872623E-3
1.409500E-7	2.828086E-3
1.410000E-7	2.785262E-3
1.410500E-7	2.696189E-3
1.411000E-7	2.562579E-3
1.411500E-7	2.458089E-3
1.412000E-7	2.382720E-3
1.412500E-7	2.298785E-3
1.413000E-7	2.221703E-3
1.413500E-7	2.209712E-3
1.414000E-7	2.250823E-3
1.414500E-7	2.303924E-3
1.415000E-7	2.381007E-3
1.415500E-7	2.504339E-3
1.416000E-7	2.658504E-3
1.416500E-7	2.773271E-3
1.417000E-7	2.834937E-3
1.417500E-7	2.876048E-3
1.418000E-7	2.905168E-3
1.418500E-7	2.865770E-3
1.419000E-7	2.768132E-3
1.419500E-7	2.697902E-3
1.420000E-7	2.665356E-3
1.420500E-7	2.608829E-3
1.421000E-7	2.530034E-3
1.421500E-7	2.492349E-3
1.422000E-7	2.483784E-3
1.422500E-7	2.470081E-3
1.423000E-7	2.463229E-3
1.423500E-7	2.488923E-3
1.424000E-7	2.535173E-3
1.424500E-7	2.566006E-3
1.425000E-7	2.567718E-3
1.425500E-7	2.569431E-3
1.426000E-7	2.591699E-3
1.426500E-7	2.601977E-3
1.427000E-7	2.577996E-3
1.427500E-7	2.566005E-3
1.428000E-7	2.588273E-3
1.428500E-7	2.584848E-3
1.429000E-7	2.540311E-3
1.429500E-7	2.530034E-3
1.430000E-7	2.557441E-3
1.430500E-7	2.562580E-3
1.431000E-7	2.550590E-3
1.431500E-7	2.545451E-3
1.432000E-7	2.555729E-3
1.432500E-7	2.577997E-3
1.433000E-7	2.627672E-3
1.433500E-7	2.684199E-3
1.434000E-7	2.725309E-3
1.434500E-7	2.744152E-3
1.435000E-7	2.732161E-3
1.435500E-7	2.713318E-3
1.436000E-7	2.718457E-3
1.436500E-7	2.721883E-3
1.437000E-7	2.696189E-3
1.437500E-7	2.675633E-3
1.438000E-7	2.703041E-3
1.438500E-7	2.721883E-3
1.439000E-7	2.728735E-3
1.439500E-7	2.771559E-3
1.440000E-7	2.862346E-3
1.440500E-7	2.949706E-3
1.441000E-7	3.030215E-3
1.441500E-7	3.110723E-3
1.442000E-7	3.180954E-3
1.442500E-7	3.215213E-3
1.443000E-7	3.196370E-3
1.443500E-7	3.148407E-3
1.444000E-7	3.093593E-3
1.444500E-7	3.031927E-3
1.445000E-7	2.942853E-3
1.445500E-7	2.860632E-3
1.446000E-7	2.814382E-3
1.446500E-7	2.774984E-3
1.447000E-7	2.711605E-3
1.447500E-7	2.655078E-3
1.448000E-7	2.619106E-3
1.448500E-7	2.560866E-3
1.449000E-7	2.506052E-3
1.449500E-7	2.499201E-3
1.450000E-7	2.524895E-3
1.450500E-7	2.555728E-3
1.451000E-7	2.617394E-3
1.451500E-7	2.692764E-3
1.452000E-7	2.744152E-3
1.452500E-7	2.786976E-3
1.453000E-7	2.848642E-3
1.453500E-7	2.893178E-3
1.454000E-7	2.900030E-3
1.454500E-7	2.876049E-3
1.455000E-7	2.798966E-3
1.455500E-7	2.675634E-3
1.456000E-7	2.554015E-3
1.456500E-7	2.442673E-3
1.457000E-7	2.315915E-3
1.457500E-7	2.214852E-3
1.458000E-7	2.213139E-3
1.458500E-7	2.269666E-3
1.459000E-7	2.341610E-3
1.459500E-7	2.478646E-3
1.460000E-7	2.708180E-3
1.460500E-7	2.954845E-3
1.461000E-7	3.175815E-3
1.461500E-7	3.396785E-3
1.462000E-7	3.597200E-3
1.462500E-7	3.732522E-3
1.463000E-7	3.789050E-3
1.463500E-7	3.782198E-3
1.464000E-7	3.710254E-3
1.464500E-7	3.580070E-3
1.465000E-7	3.412201E-3
1.465500E-7	3.242620E-3
1.466000E-7	3.083316E-3
1.466500E-7	2.932576E-3
1.467000E-7	2.786976E-3
1.467500E-7	2.708180E-3
1.468000E-7	2.708180E-3
1.468500E-7	2.727023E-3
1.469000E-7	2.730449E-3
1.469500E-7	2.778411E-3
1.470000E-7	2.862346E-3
1.470500E-7	2.901743E-3
1.471000E-7	2.864059E-3
1.471500E-7	2.797254E-3
1.472000E-7	2.715032E-3
1.472500E-7	2.624246E-3
1.473000E-7	2.538599E-3
1.473500E-7	2.482071E-3
1.474000E-7	2.463229E-3
1.474500E-7	2.482071E-3
1.475000E-7	2.528320E-3
1.475500E-7	2.610542E-3
1.476000E-7	2.745864E-3
1.476500E-7	2.889752E-3
1.477000E-7	3.007945E-3
1.477500E-7	3.129564E-3
1.478000E-7	3.258035E-3
1.478500E-7	3.331692E-3
1.479000E-7	3.352247E-3
1.479500E-7	3.379654E-3
1.480000E-7	3.393358E-3
1.480500E-7	3.317989E-3
1.481000E-7	3.201508E-3
1.481500E-7	3.129565E-3
1.482000E-7	3.085028E-3
1.482500E-7	3.031927E-3
1.483000E-7	2.977113E-3
1.483500E-7	2.932576E-3
1.484000E-7	2.888040E-3
1.484500E-7	2.822948E-3
1.485000E-7	2.751004E-3
1.485500E-7	2.708180E-3
1.486000E-7	2.691051E-3
1.486500E-7	2.661931E-3
1.487000E-7	2.613968E-3
1.487500E-7	2.596839E-3
1.488000E-7	2.605404E-3
1.488500E-7	2.588274E-3
1.489000E-7	2.576283E-3
1.489500E-7	2.598551E-3
1.490000E-7	2.632810E-3
1.490500E-7	2.636236E-3
1.491000E-7	2.637949E-3
1.491500E-7	2.661930E-3
1.492000E-7	2.696189E-3
1.492500E-7	2.723596E-3
1.493000E-7	2.744151E-3
1.493500E-7	2.752716E-3
1.494000E-7	2.766420E-3
1.494500E-7	2.774985E-3
1.495000E-7	2.764707E-3
1.495500E-7	2.745865E-3
1.496000E-7	2.749291E-3
1.496500E-7	2.737300E-3
1.497000E-7	2.684199E-3
1.497500E-7	2.636237E-3
1.498000E-7	2.629385E-3
1.498500E-7	2.595126E-3
1.499000E-7	2.538599E-3
1.499500E-7	2.516331E-3
1.500000E-7	2.518044E-3
1.500500E-7	2.482072E-3
1.501000E-7	2.444387E-3
1.501500E-7	2.463229E-3
1.502000E-7	2.514617E-3
1.502500E-7	2.548876E-3
1.503000E-7	2.577996E-3
1.503500E-7	2.624245E-3
1.504000E-7	2.687624E-3
1.504500E-7	2.745865E-3
1.505000E-7	2.786975E-3
1.505500E-7	2.816096E-3
1.506000E-7	2.850355E-3
1.506500E-7	2.879475E-3
1.507000E-7	2.905169E-3
1.507500E-7	2.937715E-3
1.508000E-7	2.965122E-3
1.508500E-7	2.959984E-3
1.509000E-7	2.930864E-3
1.509500E-7	2.912021E-3
1.510000E-7	2.884614E-3
1.510500E-7	2.812670E-3
1.511000E-7	2.730449E-3
1.511500E-7	2.685912E-3
1.512000E-7	2.643088E-3
1.512500E-7	2.571144E-3
1.513000E-7	2.514617E-3
1.513500E-7	2.482071E-3
1.514000E-7	2.446099E-3
1.514500E-7	2.384433E-3
1.515000E-7	2.307350E-3
1.515500E-7	2.269665E-3
1.516000E-7	2.290221E-3
1.516500E-7	2.334757E-3
1.517000E-7	2.372442E-3
1.517500E-7	2.449525E-3
1.518000E-7	2.574570E-3
1.518500E-7	2.679060E-3
1.519000E-7	2.728735E-3
1.519500E-7	2.766420E-3
1.520000E-7	2.807531E-3
1.520500E-7	2.802392E-3
1.521000E-7	2.745865E-3
1.521500E-7	2.675634E-3
1.522000E-7	2.627671E-3
1.522500E-7	2.583135E-3
1.523000E-7	2.526608E-3
1.523500E-7	2.488923E-3
1.524000E-7	2.511191E-3
1.524500E-7	2.555728E-3
1.525000E-7	2.596838E-3
1.525500E-7	2.668782E-3
1.526000E-7	2.793827E-3
1.526500E-7	2.882900E-3
1.527000E-7	2.906881E-3
1.527500E-7	2.915446E-3
1.528000E-7	2.920585E-3
1.528500E-7	2.857206E-3
1.529000E-7	2.718457E-3
1.529500E-7	2.552302E-3
1.530000E-7	2.387859E-3
1.530500E-7	2.240546E-3
1.531000E-7	2.118926E-3
1.531500E-7	2.034992E-3
1.532000E-7	1.997307E-3
1.532500E-7	1.964761E-3
1.533000E-7	1.930502E-3
1.533500E-7	1.944206E-3
1.534000E-7	2.021289E-3
1.534500E-7	2.086380E-3
1.535000E-7	2.108649E-3
1.535500E-7	2.125778E-3
1.536000E-7	2.166889E-3
1.536500E-7	2.213138E-3
1.537000E-7	2.269665E-3
1.537500E-7	2.339896E-3
1.538000E-7	2.406701E-3
1.538500E-7	2.470080E-3
1.539000E-7	2.533459E-3
1.539500E-7	2.600264E-3
1.540000E-7	2.675634E-3
1.540500E-7	2.756142E-3
1.541000E-7	2.821234E-3
1.541500E-7	2.879474E-3
1.542000E-7	2.927437E-3
1.542500E-7	2.942853E-3
1.543000E-7	2.942853E-3
1.543500E-7	2.959983E-3
1.544000E-7	2.977112E-3
1.544500E-7	2.947992E-3
1.545000E-7	2.905168E-3
1.545500E-7	2.877761E-3
1.546000E-7	2.810956E-3
1.546500E-7	2.672207E-3
1.547000E-7	2.519755E-3
1.547500E-7	2.398136E-3
1.548000E-7	2.257674E-3
1.548500E-7	2.106935E-3
1.549000E-7	1.988742E-3
1.549500E-7	1.927076E-3
1.550000E-7	1.918511E-3
1.550500E-7	1.956196E-3
1.551000E-7	2.046982E-3
1.551500E-7	2.192583E-3
1.552000E-7	2.379294E-3
1.552500E-7	2.574570E-3
1.553000E-7	2.752716E-3
1.553500E-7	2.922298E-3
1.554000E-7	3.071325E-3
1.554500E-7	3.153546E-3
1.555000E-7	3.163824E-3
1.555500E-7	3.131278E-3
1.556000E-7	3.066186E-3
1.556500E-7	2.965122E-3
1.557000E-7	2.846929E-3
1.557500E-7	2.747578E-3
1.558000E-7	2.691051E-3
1.558500E-7	2.670495E-3
1.559000E-7	2.675634E-3
1.559500E-7	2.715032E-3
1.560000E-7	2.817808E-3
1.560500E-7	2.966835E-3
1.561000E-7	3.107296E-3
1.561500E-7	3.206647E-3
1.562000E-7	3.288869E-3
1.562500E-7	3.338544E-3
1.563000E-7	3.300860E-3
1.563500E-7	3.204935E-3
1.564000E-7	3.114149E-3
1.564500E-7	3.011372E-3
1.565000E-7	2.862346E-3
1.565500E-7	2.727023E-3
1.566000E-7	2.665357E-3
1.566500E-7	2.644802E-3
1.567000E-7	2.644802E-3
1.567500E-7	2.692764E-3
1.568000E-7	2.805819E-3
1.568500E-7	2.929151E-3
1.569000E-7	3.023363E-3
1.569500E-7	3.103871E-3
1.570000E-7	3.184379E-3
1.570500E-7	3.249471E-3
1.571000E-7	3.263174E-3
1.571500E-7	3.240906E-3
1.572000E-7	3.232341E-3
1.572500E-7	3.242619E-3
1.573000E-7	3.239193E-3
1.573500E-7	3.234054E-3
1.574000E-7	3.235767E-3
1.574500E-7	3.220350E-3
1.575000E-7	3.189518E-3
1.575500E-7	3.186092E-3
1.576000E-7	3.218638E-3
1.576500E-7	3.242619E-3
1.577000E-7	3.239193E-3
1.577500E-7	3.228915E-3
1.578000E-7	3.230628E-3
1.578500E-7	3.213499E-3
1.579000E-7	3.151833E-3
1.579500E-7	3.097018E-3
1.580000E-7	3.103870E-3
1.580500E-7	3.129564E-3
1.581000E-7	3.122712E-3
1.581500E-7	3.148407E-3
1.582000E-7	3.240906E-3
1.582500E-7	3.328266E-3
1.583000E-7	3.376229E-3
1.583500E-7	3.441321E-3
1.584000E-7	3.508126E-3
1.584500E-7	3.523542E-3
1.585000E-7	3.499561E-3
1.585500E-7	3.484145E-3
1.586000E-7	3.439608E-3
1.586500E-7	3.316276E-3
1.587000E-7	3.156972E-3
1.587500E-7	3.033640E-3
1.588000E-7	2.912021E-3
1.588500E-7	2.778411E-3
1.589000E-7	2.682485E-3
1.589500E-7	2.637949E-3
1.590000E-7	2.601977E-3
1.590500E-7	2.579708E-3
1.591000E-7	2.596837E-3
1.591500E-7	2.653365E-3
1.592000E-7	2.733873E-3
1.592500E-7	2.826372E-3
1.593000E-7	2.912020E-3
1.593500E-7	2.994241E-3
1.594000E-7	3.078176E-3
1.594500E-7	3.122713E-3
1.595000E-7	3.112435E-3
1.595500E-7	3.081602E-3
1.596000E-7	3.052482E-3
1.596500E-7	3.013085E-3
1.597000E-7	2.970261E-3
1.597500E-7	2.927437E-3
1.598000E-7	2.882901E-3
1.598500E-7	2.855494E-3
1.599000E-7	2.840077E-3
1.599500E-7	2.812670E-3
1.600000E-7	2.812669E-3
1.600500E-7	2.862345E-3
1.601000E-7	2.893178E-3
1.601500E-7	2.905168E-3
1.602000E-7	2.958270E-3
1.602500E-7	3.013084E-3
1.603000E-7	3.013084E-3
1.603500E-7	3.001093E-3
1.604000E-7	2.992528E-3
1.604500E-7	2.947991E-3
1.605000E-7	2.874335E-3
1.605500E-7	2.788687E-3
1.606000E-7	2.685911E-3
1.606500E-7	2.588273E-3
1.607000E-7	2.494061E-3
1.607500E-7	2.357025E-3
1.608000E-7	2.209712E-3
1.608500E-7	2.125777E-3
1.609000E-7	2.070963E-3
1.609500E-7	2.004158E-3
1.610000E-7	1.987029E-3
1.610500E-7	2.031566E-3
1.611000E-7	2.088093E-3
1.611500E-7	2.161750E-3
1.612000E-7	2.269665E-3
1.612500E-7	2.362165E-3
1.613000E-7	2.425543E-3
1.613500E-7	2.509478E-3
1.614000E-7	2.603690E-3
1.614500E-7	2.663643E-3
1.615000E-7	2.694476E-3
1.615500E-7	2.737299E-3
1.616000E-7	2.802391E-3
1.616500E-7	2.829798E-3
1.617000E-7	2.798965E-3
1.617500E-7	2.786975E-3
1.618000E-7	2.833224E-3
1.618500E-7	2.864057E-3
1.619000E-7	2.838363E-3
1.619500E-7	2.852067E-3
1.620000E-7	2.937714E-3
1.620500E-7	3.002806E-3
1.621000E-7	3.011371E-3
1.621500E-7	3.033639E-3
1.622000E-7	3.066185E-3
1.622500E-7	3.049056E-3
1.623000E-7	3.006232E-3
1.623500E-7	2.997667E-3
1.624000E-7	2.997667E-3
1.624500E-7	2.973686E-3
1.625000E-7	2.941140E-3
1.625500E-7	2.906881E-3
1.626000E-7	2.848641E-3
1.626500E-7	2.783549E-3
1.627000E-7	2.744151E-3
1.627500E-7	2.721883E-3
1.628000E-7	2.694476E-3
1.628500E-7	2.660217E-3
1.629000E-7	2.607116E-3
1.629500E-7	2.567718E-3
1.630000E-7	2.567718E-3
1.630500E-7	2.579709E-3
1.631000E-7	2.574570E-3
1.631500E-7	2.574570E-3
1.632000E-7	2.605404E-3
1.632500E-7	2.637950E-3
1.633000E-7	2.648227E-3
1.633500E-7	2.661931E-3
1.634000E-7	2.673922E-3
1.634500E-7	2.668783E-3
1.635000E-7	2.665357E-3
1.635500E-7	2.661931E-3
1.636000E-7	2.643088E-3
1.636500E-7	2.600265E-3
1.637000E-7	2.545450E-3
1.637500E-7	2.516330E-3
1.638000E-7	2.524895E-3
1.638500E-7	2.560866E-3
1.639000E-7	2.593412E-3
1.639500E-7	2.653366E-3
1.640000E-7	2.759568E-3
1.640500E-7	2.862345E-3
1.641000E-7	2.929150E-3
1.641500E-7	2.995955E-3
1.642000E-7	3.047344E-3
1.642500E-7	3.043918E-3
1.643000E-7	2.985678E-3
1.643500E-7	2.903456E-3
1.644000E-7	2.793828E-3
1.644500E-7	2.637949E-3
1.645000E-7	2.444386E-3
1.645500E-7	2.271378E-3
1.646000E-7	2.148046E-3
1.646500E-7	2.067537E-3
1.647000E-7	2.002445E-3
1.647500E-7	1.992167E-3
1.648000E-7	2.074388E-3
1.648500E-7	2.204572E-3
1.649000E-7	2.341608E-3
1.649500E-7	2.504338E-3
1.650000E-7	2.691049E-3
1.650500E-7	2.860631E-3
1.651000E-7	2.992528E-3
1.651500E-7	3.091879E-3
1.652000E-7	3.175813E-3
1.652500E-7	3.232341E-3
1.653000E-7	3.239192E-3
1.653500E-7	3.189517E-3
1.654000E-7	3.105583E-3
1.654500E-7	3.002806E-3
1.655000E-7	2.882899E-3
1.655500E-7	2.783548E-3
1.656000E-7	2.713318E-3
1.656500E-7	2.637948E-3
1.657000E-7	2.583134E-3
1.657500E-7	2.583135E-3
1.658000E-7	2.598551E-3
1.658500E-7	2.591700E-3
1.659000E-7	2.627672E-3
1.659500E-7	2.708181E-3
1.660000E-7	2.802393E-3
1.660500E-7	2.888040E-3
1.661000E-7	2.954845E-3
1.661500E-7	3.011372E-3
1.662000E-7	3.074751E-3
1.662500E-7	3.127852E-3
1.663000E-7	3.117575E-3
1.663500E-7	3.074751E-3
1.664000E-7	3.054196E-3
1.664500E-7	3.014798E-3
1.665000E-7	2.917160E-3
1.665500E-7	2.829800E-3
1.666000E-7	2.773273E-3
1.666500E-7	2.732162E-3
1.667000E-7	2.718458E-3
1.667500E-7	2.747578E-3
1.668000E-7	2.783550E-3
1.668500E-7	2.797253E-3
1.669000E-7	2.810956E-3
1.669500E-7	2.833224E-3
1.670000E-7	2.846928E-3
1.670500E-7	2.829798E-3
1.671000E-7	2.773271E-3
1.671500E-7	2.689337E-3
1.672000E-7	2.596837E-3
1.672500E-7	2.478644E-3
1.673000E-7	2.336469E-3
1.673500E-7	2.206286E-3
1.674000E-7	2.136055E-3
1.674500E-7	2.110360E-3
1.675000E-7	2.096657E-3
1.675500E-7	2.130916E-3
1.676000E-7	2.255961E-3
1.676500E-7	2.384432E-3
1.677000E-7	2.473505E-3
1.677500E-7	2.579708E-3
1.678000E-7	2.704753E-3
1.678500E-7	2.793827E-3
1.679000E-7	2.845215E-3
1.679500E-7	2.898317E-3
1.680000E-7	2.930863E-3
1.680500E-7	2.932576E-3
1.681000E-7	2.918872E-3
1.681500E-7	2.913733E-3
1.682000E-7	2.937714E-3
1.682500E-7	2.963409E-3
1.683000E-7	2.949705E-3
1.683500E-7	2.944566E-3
1.684000E-7	2.992529E-3
1.684500E-7	3.018223E-3
1.685000E-7	2.975399E-3
1.685500E-7	2.939428E-3
1.686000E-7	2.936002E-3
1.686500E-7	2.893178E-3
1.687000E-7	2.804105E-3
1.687500E-7	2.718458E-3
1.688000E-7	2.637949E-3
1.688500E-7	2.538598E-3
1.689000E-7	2.444386E-3
1.689500E-7	2.363877E-3
1.690000E-7	2.307350E-3
1.690500E-7	2.257674E-3
1.691000E-7	2.196008E-3
1.691500E-7	2.148046E-3
1.692000E-7	2.136055E-3
1.692500E-7	2.134342E-3
1.693000E-7	2.146333E-3
1.693500E-7	2.223415E-3
1.694000E-7	2.322766E-3
1.694500E-7	2.392997E-3
1.695000E-7	2.492348E-3
1.695500E-7	2.643088E-3
1.696000E-7	2.754429E-3
1.696500E-7	2.800678E-3
1.697000E-7	2.846928E-3
1.697500E-7	2.903455E-3
1.698000E-7	2.925723E-3
1.698500E-7	2.894890E-3
1.699000E-7	2.846928E-3
1.699500E-7	2.841789E-3
1.700000E-7	2.881187E-3
1.700500E-7	2.903455E-3
1.701000E-7	2.894890E-3
1.701500E-7	2.910307E-3
1.702000E-7	2.973686E-3
1.702500E-7	3.040491E-3
1.703000E-7	3.083315E-3
1.703500E-7	3.126139E-3
1.704000E-7	3.179240E-3
1.704500E-7	3.187805E-3
1.705000E-7	3.121000E-3
1.705500E-7	3.066186E-3
1.706000E-7	3.055908E-3
1.706500E-7	2.999381E-3
1.707000E-7	2.898317E-3
1.707500E-7	2.843502E-3
1.708000E-7	2.836651E-3
1.708500E-7	2.819521E-3
1.709000E-7	2.798966E-3
1.709500E-7	2.804105E-3
1.710000E-7	2.809244E-3
1.710500E-7	2.816096E-3
1.711000E-7	2.826373E-3
1.711500E-7	2.838364E-3
1.712000E-7	2.840077E-3
1.712500E-7	2.822947E-3
1.713000E-7	2.771559E-3
1.713500E-7	2.721883E-3
1.714000E-7	2.687624E-3
1.714500E-7	2.608829E-3
1.715000E-7	2.475219E-3
1.715500E-7	2.357026E-3
1.716000E-7	2.271378E-3
1.716500E-7	2.168601E-3
1.717000E-7	2.067538E-3
1.717500E-7	2.024714E-3
1.718000E-7	2.019575E-3
1.718500E-7	2.016149E-3
1.719000E-7	2.045269E-3
1.719500E-7	2.168602E-3
1.720000E-7	2.365591E-3
1.720500E-7	2.560867E-3
1.721000E-7	2.751004E-3
1.721500E-7	2.977113E-3
1.722000E-7	3.180954E-3
1.722500E-7	3.280304E-3
1.723000E-7	3.309425E-3
1.723500E-7	3.319702E-3
1.724000E-7	3.270027E-3
1.724500E-7	3.155259E-3
1.725000E-7	3.018223E-3
1.725500E-7	2.862345E-3
1.726000E-7	2.680772E-3
1.726500E-7	2.530033E-3
1.727000E-7	2.420404E-3
1.727500E-7	2.339896E-3
1.728000E-7	2.309063E-3
1.728500E-7	2.324479E-3
1.729000E-7	2.348460E-3
1.729500E-7	2.401562E-3
1.730000E-7	2.521468E-3
1.730500E-7	2.632810E-3
1.731000E-7	2.661930E-3
1.731500E-7	2.648226E-3
1.732000E-7	2.617394E-3
1.732500E-7	2.540311E-3
1.733000E-7	2.423831E-3
1.733500E-7	2.317628E-3
1.734000E-7	2.230268E-3
1.734500E-7	2.158324E-3
1.735000E-7	2.118926E-3
1.735500E-7	2.117213E-3
1.736000E-7	2.141194E-3
1.736500E-7	2.221703E-3
1.737000E-7	2.341609E-3
1.737500E-7	2.470080E-3
1.738000E-7	2.603690E-3
1.738500E-7	2.745864E-3
1.739000E-7	2.872623E-3
1.739500E-7	2.954844E-3
1.740000E-7	3.002806E-3
1.740500E-7	3.038778E-3
1.741000E-7	3.045630E-3
1.741500E-7	3.021649E-3
1.742000E-7	2.978825E-3
1.742500E-7	2.925724E-3
1.743000E-7	2.867483E-3
1.743500E-7	2.828086E-3
1.744000E-7	2.819521E-3
1.744500E-7	2.816095E-3
1.745000E-7	2.786975E-3
1.745500E-7	2.739012E-3
1.746000E-7	2.723596E-3
1.746500E-7	2.742438E-3
1.747000E-7	2.737300E-3
1.747500E-7	2.689337E-3
1.748000E-7	2.643088E-3
1.748500E-7	2.615681E-3
1.749000E-7	2.577996E-3
1.749500E-7	2.554015E-3
1.750000E-7	2.581422E-3
1.750500E-7	2.634523E-3
1.751000E-7	2.673921E-3
1.751500E-7	2.740726E-3
1.752000E-7	2.869197E-3
1.752500E-7	3.009658E-3
1.753000E-7	3.119287E-3
1.753500E-7	3.239193E-3
1.754000E-7	3.367663E-3
1.754500E-7	3.456737E-3
1.755000E-7	3.487570E-3
1.755500E-7	3.489283E-3
1.756000E-7	3.455024E-3
1.756500E-7	3.360812E-3
1.757000E-7	3.216925E-3
1.757500E-7	3.054195E-3
1.758000E-7	2.917159E-3
1.758500E-7	2.807531E-3
1.759000E-7	2.685912E-3
1.759500E-7	2.591700E-3
1.760000E-7	2.571144E-3
1.760500E-7	2.574570E-3
1.761000E-7	2.550589E-3
1.761500E-7	2.543737E-3
1.762000E-7	2.584847E-3
1.762500E-7	2.619106E-3
1.763000E-7	2.653365E-3
1.763500E-7	2.713318E-3
1.764000E-7	2.762994E-3
1.764500E-7	2.769846E-3
1.765000E-7	2.768133E-3
1.765500E-7	2.785262E-3
1.766000E-7	2.798966E-3
1.766500E-7	2.783549E-3
1.767000E-7	2.735587E-3
1.767500E-7	2.696189E-3
1.768000E-7	2.691050E-3
1.768500E-7	2.703041E-3
1.769000E-7	2.725309E-3
1.769500E-7	2.769846E-3
1.770000E-7	2.805818E-3
1.770500E-7	2.810957E-3
1.771000E-7	2.805818E-3
1.771500E-7	2.805819E-3
1.772000E-7	2.800680E-3
1.772500E-7	2.752717E-3
1.773000E-7	2.670495E-3
1.773500E-7	2.586561E-3
1.774000E-7	2.528320E-3
1.774500E-7	2.483784E-3
1.775000E-7	2.428969E-3
1.775500E-7	2.404988E-3
1.776000E-7	2.434108E-3
1.776500E-7	2.485496E-3
1.777000E-7	2.538598E-3
1.777500E-7	2.603690E-3
1.778000E-7	2.653365E-3
1.778500E-7	2.667069E-3
1.779000E-7	2.670495E-3
1.779500E-7	2.689337E-3
1.780000E-7	2.708180E-3
1.780500E-7	2.713319E-3
1.781000E-7	2.703041E-3
1.781500E-7	2.703041E-3
1.782000E-7	2.744152E-3
1.782500E-7	2.790401E-3
1.783000E-7	2.812669E-3
1.783500E-7	2.858919E-3
1.784000E-7	2.941140E-3
1.784500E-7	2.989103E-3
1.785000E-7	2.997667E-3
1.785500E-7	3.023362E-3
1.786000E-7	3.043917E-3
1.786500E-7	3.026788E-3
1.787000E-7	2.983964E-3
1.787500E-7	2.959983E-3
1.788000E-7	2.966835E-3
1.788500E-7	2.968548E-3
1.789000E-7	2.953132E-3
1.789500E-7	2.980539E-3
1.790000E-7	3.083316E-3
1.790500E-7	3.174102E-3
1.791000E-7	3.191231E-3
1.791500E-7	3.198083E-3
1.792000E-7	3.235768E-3
1.792500E-7	3.252897E-3
1.793000E-7	3.230628E-3
1.793500E-7	3.222064E-3
1.794000E-7	3.240906E-3
1.794500E-7	3.244332E-3
1.795000E-7	3.218638E-3
1.795500E-7	3.189518E-3
1.796000E-7	3.177527E-3
1.796500E-7	3.141555E-3
1.797000E-7	3.050769E-3
1.797500E-7	2.946279E-3
1.798000E-7	2.869196E-3
1.798500E-7	2.804104E-3
1.799000E-7	2.721883E-3
1.799500E-7	2.634522E-3
1.800000E-7	2.577995E-3
1.800500E-7	2.526607E-3
1.801000E-7	2.464940E-3
1.801500E-7	2.439246E-3
1.802000E-7	2.452950E-3
1.802500E-7	2.439246E-3
1.803000E-7	2.401561E-3
1.803500E-7	2.386145E-3
1.804000E-7	2.381006E-3
1.804500E-7	2.329618E-3
1.805000E-7	2.269665E-3
1.805500E-7	2.247397E-3
1.806000E-7	2.254249E-3
1.806500E-7	2.267953E-3
1.807000E-7	2.295360E-3
1.807500E-7	2.345036E-3
1.808000E-7	2.408415E-3
1.808500E-7	2.461516E-3
1.809000E-7	2.494062E-3
1.809500E-7	2.542025E-3
1.810000E-7	2.608830E-3
1.810500E-7	2.649940E-3
1.811000E-7	2.634523E-3
1.811500E-7	2.600264E-3
1.812000E-7	2.550589E-3
1.812500E-7	2.473506E-3
1.813000E-7	2.382719E-3
1.813500E-7	2.321053E-3
1.814000E-7	2.288507E-3
1.814500E-7	2.269665E-3
1.815000E-7	2.276516E-3
1.815500E-7	2.309062E-3
1.816000E-7	2.382719E-3
1.816500E-7	2.488922E-3
1.817000E-7	2.601976E-3
1.817500E-7	2.699614E-3
1.818000E-7	2.797252E-3
1.818500E-7	2.867483E-3
1.819000E-7	2.865770E-3
1.819500E-7	2.840076E-3
1.820000E-7	2.838363E-3
1.820500E-7	2.807530E-3
1.821000E-7	2.728735E-3
1.821500E-7	2.655078E-3
1.822000E-7	2.608828E-3
1.822500E-7	2.557440E-3
1.823000E-7	2.511191E-3
1.823500E-7	2.514617E-3
1.824000E-7	2.548876E-3
1.824500E-7	2.589987E-3
1.825000E-7	2.627672E-3
1.825500E-7	2.670496E-3
1.826000E-7	2.730449E-3
1.826500E-7	2.802393E-3
1.827000E-7	2.841790E-3
1.827500E-7	2.876049E-3
1.828000E-7	2.946280E-3
1.828500E-7	2.997668E-3
1.829000E-7	2.989103E-3
1.829500E-7	2.985677E-3
1.830000E-7	3.006232E-3
1.830500E-7	2.982251E-3
1.831000E-7	2.908594E-3
1.831500E-7	2.850354E-3
1.832000E-7	2.798965E-3
1.832500E-7	2.699615E-3
1.833000E-7	2.574570E-3
1.833500E-7	2.482071E-3
1.834000E-7	2.427256E-3
1.834500E-7	2.384433E-3
1.835000E-7	2.358739E-3
1.835500E-7	2.384433E-3
1.836000E-7	2.452951E-3
1.836500E-7	2.531746E-3
1.837000E-7	2.615680E-3
1.837500E-7	2.708180E-3
1.838000E-7	2.786975E-3
1.838500E-7	2.834938E-3
1.839000E-7	2.877761E-3
1.839500E-7	2.929150E-3
1.840000E-7	2.958270E-3
1.840500E-7	2.937715E-3
1.841000E-7	2.865771E-3
1.841500E-7	2.761282E-3
1.842000E-7	2.644801E-3
1.842500E-7	2.514617E-3
1.843000E-7	2.379294E-3
1.843500E-7	2.266240E-3
1.844000E-7	2.178879E-3
1.844500E-7	2.108648E-3
1.845000E-7	2.041843E-3
1.845500E-7	2.031565E-3
1.846000E-7	2.086380E-3
1.846500E-7	2.141194E-3
1.847000E-7	2.184018E-3
1.847500E-7	2.288507E-3
1.848000E-7	2.471793E-3
1.848500E-7	2.624245E-3
1.849000E-7	2.704754E-3
1.849500E-7	2.783550E-3
1.850000E-7	2.877762E-3
1.850500E-7	2.912021E-3
1.851000E-7	2.889752E-3
1.851500E-7	2.870910E-3
1.852000E-7	2.857206E-3
1.852500E-7	2.833225E-3
1.853000E-7	2.834938E-3
1.853500E-7	2.882901E-3
1.854000E-7	2.951419E-3
1.854500E-7	3.009659E-3
1.855000E-7	3.062760E-3
1.855500E-7	3.121000E-3
1.856000E-7	3.175814E-3
1.856500E-7	3.174101E-3
1.857000E-7	3.100444E-3
1.857500E-7	2.990816E-3
1.858000E-7	2.865770E-3
1.858500E-7	2.697901E-3
1.859000E-7	2.476931E-3
1.859500E-7	2.242257E-3
1.860000E-7	2.036704E-3
1.860500E-7	1.851705E-3
1.861000E-7	1.685550E-3
1.861500E-7	1.565643E-3
1.862000E-7	1.507403E-3
1.862500E-7	1.491987E-3
1.863000E-7	1.524533E-3
1.863500E-7	1.646152E-3
1.864000E-7	1.805456E-3
1.864500E-7	1.921937E-3
1.865000E-7	1.997306E-3
1.865500E-7	2.094944E-3
1.866000E-7	2.178879E-3
1.866500E-7	2.180592E-3
1.867000E-7	2.137768E-3
1.867500E-7	2.098371E-3
1.868000E-7	2.069250E-3
1.868500E-7	2.036705E-3
1.869000E-7	2.024714E-3
1.869500E-7	2.045269E-3
1.870000E-7	2.105223E-3
1.870500E-7	2.202861E-3
1.871000E-7	2.341609E-3
1.871500E-7	2.538598E-3
1.872000E-7	2.774985E-3
1.872500E-7	2.975399E-3
1.873000E-7	3.112435E-3
1.873500E-7	3.228915E-3
1.874000E-7	3.347109E-3
1.874500E-7	3.407062E-3
1.875000E-7	3.360812E-3
1.875500E-7	3.271739E-3
1.876000E-7	3.194657E-3
1.876500E-7	3.109009E-3
1.877000E-7	2.989103E-3
1.877500E-7	2.870910E-3
1.878000E-7	2.780123E-3
1.878500E-7	2.706467E-3
1.879000E-7	2.655078E-3
1.879500E-7	2.667069E-3
1.880000E-7	2.732161E-3
1.880500E-7	2.816095E-3
1.881000E-7	2.913733E-3
1.881500E-7	3.037065E-3
1.882000E-7	3.167249E-3
1.882500E-7	3.275165E-3
1.883000E-7	3.352248E-3
1.883500E-7	3.372803E-3
1.884000E-7	3.350535E-3
1.884500E-7	3.295721E-3
1.885000E-7	3.194657E-3
1.885500E-7	3.037066E-3
1.886000E-7	2.872623E-3
1.886500E-7	2.708180E-3
1.887000E-7	2.524894E-3
1.887500E-7	2.353600E-3
1.888000E-7	2.252536E-3
1.888500E-7	2.189156E-3
1.889000E-7	2.122351E-3
1.889500E-7	2.108648E-3
1.890000E-7	2.175453E-3
1.890500E-7	2.255961E-3
1.891000E-7	2.333044E-3
1.891500E-7	2.470079E-3
1.892000E-7	2.651652E-3
1.892500E-7	2.792114E-3
1.893000E-7	2.898316E-3
1.893500E-7	3.025074E-3
1.894000E-7	3.148407E-3
1.894500E-7	3.218638E-3
1.895000E-7	3.263174E-3
1.895500E-7	3.309424E-3
1.896000E-7	3.317989E-3
1.896500E-7	3.268313E-3
1.897000E-7	3.165537E-3
1.897500E-7	3.043917E-3
1.898000E-7	2.942854E-3
1.898500E-7	2.858919E-3
1.899000E-7	2.752716E-3
1.899500E-7	2.670495E-3
1.900000E-7	2.673921E-3
1.900500E-7	2.721883E-3
1.901000E-7	2.751003E-3
1.901500E-7	2.798966E-3
1.902000E-7	2.898317E-3
1.902500E-7	2.985677E-3
1.903000E-7	3.009658E-3
1.903500E-7	3.013084E-3
1.904000E-7	3.011371E-3
1.904500E-7	2.978825E-3
1.905000E-7	2.901742E-3
1.905500E-7	2.812669E-3
1.906000E-7	2.723595E-3
1.906500E-7	2.622531E-3
1.907000E-7	2.509477E-3
1.907500E-7	2.423830E-3
1.908000E-7	2.396422E-3
1.908500E-7	2.403274E-3
1.909000E-7	2.410126E-3
1.909500E-7	2.458089E-3
1.910000E-7	2.566004E-3
1.910500E-7	2.682485E-3
1.911000E-7	2.790401E-3
1.911500E-7	2.918872E-3
1.912000E-7	3.085028E-3
1.912500E-7	3.252897E-3
1.913000E-7	3.415627E-3
1.913500E-7	3.568079E-3
1.914000E-7	3.693124E-3
1.914500E-7	3.773633E-3
1.915000E-7	3.821595E-3
1.915500E-7	3.821595E-3
1.916000E-7	3.758216E-3
1.916500E-7	3.643449E-3
1.917000E-7	3.494422E-3
1.917500E-7	3.329980E-3
1.918000E-7	3.158685E-3
1.918500E-7	2.965122E-3
1.919000E-7	2.752716E-3
1.919500E-7	2.576283E-3
1.920000E-7	2.480357E-3
1.920500E-7	2.423830E-3
1.921000E-7	2.372442E-3
1.921500E-7	2.403275E-3
1.922000E-7	2.524894E-3
1.922500E-7	2.644800E-3
1.923000E-7	2.754429E-3
1.923500E-7	2.900029E-3
1.924000E-7	3.055907E-3
1.924500E-7	3.175814E-3
1.925000E-7	3.240906E-3
1.925500E-7	3.232341E-3
1.926000E-7	3.167249E-3
1.926500E-7	3.083315E-3
1.927000E-7	2.959982E-3
1.927500E-7	2.800678E-3
1.928000E-7	2.675633E-3
1.928500E-7	2.583134E-3
1.929000E-7	2.463227E-3
1.929500E-7	2.360451E-3
1.930000E-7	2.350173E-3
1.930500E-7	2.355312E-3
1.931000E-7	2.300497E-3
1.931500E-7	2.276516E-3
1.932000E-7	2.303923E-3
1.932500E-7	2.276516E-3
1.933000E-7	2.192582E-3
1.933500E-7	2.158323E-3
1.934000E-7	2.175453E-3
1.934500E-7	2.192583E-3
1.935000E-7	2.240545E-3
1.935500E-7	2.329618E-3
1.936000E-7	2.430682E-3
1.936500E-7	2.562579E-3
1.937000E-7	2.694476E-3
1.937500E-7	2.786976E-3
1.938000E-7	2.872623E-3
1.938500E-7	2.968548E-3
1.939000E-7	3.013084E-3
1.939500E-7	3.006233E-3
1.940000E-7	3.014797E-3
1.940500E-7	2.989103E-3
1.941000E-7	2.901743E-3
1.941500E-7	2.846928E-3
1.942000E-7	2.855493E-3
1.942500E-7	2.826373E-3
1.943000E-7	2.749290E-3
1.943500E-7	2.706466E-3
1.944000E-7	2.708180E-3
1.944500E-7	2.691050E-3
1.945000E-7	2.675634E-3
1.945500E-7	2.679060E-3
1.946000E-7	2.691051E-3
1.946500E-7	2.675635E-3
1.947000E-7	2.644802E-3
1.947500E-7	2.622533E-3
1.948000E-7	2.634524E-3
1.948500E-7	2.656792E-3
1.949000E-7	2.660218E-3
1.949500E-7	2.665356E-3
1.950000E-7	2.694476E-3
1.950500E-7	2.718457E-3
1.951000E-7	2.713318E-3
1.951500E-7	2.679059E-3
1.952000E-7	2.668782E-3
1.952500E-7	2.661930E-3
1.953000E-7	2.624246E-3
1.953500E-7	2.572857E-3
1.954000E-7	2.559154E-3
1.954500E-7	2.555728E-3
1.955000E-7	2.523182E-3
1.955500E-7	2.509478E-3
1.956000E-7	2.545450E-3
1.956500E-7	2.564292E-3
1.957000E-7	2.545450E-3
1.957500E-7	2.526607E-3
1.958000E-7	2.524894E-3
1.958500E-7	2.492347E-3
1.959000E-7	2.432394E-3
1.959500E-7	2.379293E-3
1.960000E-7	2.346747E-3
1.960500E-7	2.300497E-3
1.961000E-7	2.240544E-3
1.961500E-7	2.228554E-3
1.962000E-7	2.288507E-3
1.962500E-7	2.341609E-3
1.963000E-7	2.343322E-3
1.963500E-7	2.375868E-3
1.964000E-7	2.461515E-3
1.964500E-7	2.547162E-3
1.965000E-7	2.607115E-3
1.965500E-7	2.677346E-3
1.966000E-7	2.762993E-3
1.966500E-7	2.841788E-3
1.967000E-7	2.906880E-3
1.967500E-7	2.959981E-3
1.968000E-7	3.009657E-3
1.968500E-7	3.050768E-3
1.969000E-7	3.066184E-3
1.969500E-7	3.071323E-3
1.970000E-7	3.091879E-3
1.970500E-7	3.100444E-3
1.971000E-7	3.057620E-3
1.971500E-7	2.989103E-3
1.972000E-7	2.906881E-3
1.972500E-7	2.792114E-3
1.973000E-7	2.663643E-3
1.973500E-7	2.559154E-3
1.974000E-7	2.466655E-3
1.974500E-7	2.375869E-3
1.975000E-7	2.305638E-3
1.975500E-7	2.283370E-3
1.976000E-7	2.300500E-3
1.976500E-7	2.312490E-3
1.977000E-7	2.291935E-3
1.977500E-7	2.279944E-3
1.978000E-7	2.297073E-3
1.978500E-7	2.295360E-3
1.979000E-7	2.255962E-3
1.979500E-7	2.240546E-3
1.980000E-7	2.276517E-3
1.980500E-7	2.312489E-3
1.981000E-7	2.348461E-3
1.981500E-7	2.423831E-3
1.982000E-7	2.535172E-3
1.982500E-7	2.639662E-3
1.983000E-7	2.754430E-3
1.983500E-7	2.879475E-3
1.984000E-7	2.982252E-3
1.984500E-7	3.038779E-3
1.985000E-7	3.067899E-3
1.985500E-7	3.069612E-3
1.986000E-7	3.031927E-3
1.986500E-7	2.942854E-3
1.987000E-7	2.814383E-3
1.987500E-7	2.701328E-3
1.988000E-7	2.620819E-3
1.988500E-7	2.524894E-3
1.989000E-7	2.396423E-3
1.989500E-7	2.309063E-3
1.990000E-7	2.291933E-3
1.990500E-7	2.259387E-3
1.991000E-7	2.219990E-3
1.991500E-7	2.242258E-3
1.992000E-7	2.310776E-3
1.992500E-7	2.334757E-3
1.993000E-7	2.333044E-3
1.993500E-7	2.372442E-3
1.994000E-7	2.444385E-3
1.994500E-7	2.516329E-3
1.995000E-7	2.595124E-3
1.995500E-7	2.696188E-3
1.996000E-7	2.785261E-3
1.996500E-7	2.831511E-3
1.997000E-7	2.857205E-3
1.997500E-7	2.877760E-3
1.998000E-7	2.891464E-3
1.998500E-7	2.848640E-3
1.999000E-7	2.764706E-3
1.999500E-7	2.691049E-3
2.000000E-7	2.637948E-3
