Study Name	Tungsten_Kyocera
Sample Name	2024-02-05
Run Name	spot03
Operator	Angus+Samantha
Date	2/5/2024
Time	16:26
Sign	FIX
Grating Spacing	03.40um
Channel	3
Number Traces	10000
Files in Batch	1
Batch Number	63
dt	50.000001E-12
time stamp (ms)	5:31:28 PM
	
Time	Amplitude
0.000000E+0	1.101431E-3
5.000000E-11	1.041478E-3
1.000000E-10	9.626821E-4
1.500000E-10	8.838866E-4
2.000000E-10	8.050910E-4
2.500000E-10	7.091660E-4
3.000000E-10	6.457869E-4
3.500000E-10	6.560646E-4
4.000000E-10	6.886107E-4
4.500000E-10	7.125920E-4
5.000000E-10	7.622675E-4
5.500000E-10	8.273595E-4
6.000000E-10	8.427761E-4
6.500000E-10	8.324985E-4
7.000000E-10	8.564798E-4
7.500000E-10	8.667575E-4
8.000000E-10	8.530540E-4
8.500000E-10	8.684704E-4
9.000000E-10	9.095811E-4
9.500000E-10	9.147198E-4
1.000000E-9	8.924514E-4
1.050000E-9	9.027290E-4
1.100000E-9	9.369878E-4
1.150000E-9	9.626820E-4
1.200000E-9	9.986539E-4
1.250000E-9	1.036339E-3
1.300000E-9	1.043191E-3
1.350000E-9	1.034626E-3
1.400000E-9	1.044904E-3
1.450000E-9	1.068886E-3
1.500000E-9	1.091154E-3
1.550000E-9	1.127126E-3
1.600000E-9	1.164811E-3
1.650000E-9	1.211061E-3
1.700000E-9	1.288143E-3
1.750000E-9	1.366939E-3
1.800000E-9	1.406337E-3
1.850000E-9	1.442308E-3
1.900000E-9	1.498836E-3
1.950000E-9	1.521104E-3
2.000000E-9	1.478280E-3
2.050000E-9	1.442308E-3
2.100000E-9	1.433743E-3
2.150000E-9	1.425179E-3
2.200000E-9	1.409762E-3
2.250000E-9	1.406336E-3
2.300000E-9	1.414901E-3
2.350000E-9	1.444021E-3
2.400000E-9	1.476567E-3
2.450000E-9	1.481706E-3
2.500000E-9	1.486845E-3
2.550000E-9	1.491984E-3
2.600000E-9	1.444021E-3
2.650000E-9	1.368651E-3
2.700000E-9	1.306985E-3
2.750000E-9	1.235041E-3
2.800000E-9	1.106570E-3
2.850000E-9	9.780995E-4
2.900000E-9	8.890263E-4
2.950000E-9	7.896754E-4
3.000000E-9	6.731950E-4
3.050000E-9	5.892607E-4
3.100000E-9	5.498630E-4
3.150000E-9	5.207429E-4
3.200000E-9	4.847710E-4
3.250000E-9	4.213920E-4
3.300000E-9	3.545870E-4
3.350000E-9	3.220409E-4
3.400000E-9	3.203279E-4
3.450000E-9	3.049114E-4
3.500000E-9	3.117632E-4
3.550000E-9	3.665775E-4
3.600000E-9	4.231048E-4
3.650000E-9	4.693545E-4
3.700000E-9	5.481502E-4
3.750000E-9	6.355106E-4
3.800000E-9	6.714826E-4
3.850000E-9	7.091676E-4
3.900000E-9	7.708337E-4
3.950000E-9	7.999538E-4
4.000000E-9	7.862502E-4
4.050000E-9	7.879631E-4
4.100000E-9	8.102313E-4
4.150000E-9	8.205088E-4
4.200000E-9	8.170827E-4
4.250000E-9	8.239343E-4
4.300000E-9	8.616190E-4
4.350000E-9	9.404144E-4
4.400000E-9	1.012358E-3
4.450000E-9	1.046617E-3
4.500000E-9	1.086015E-3
4.550000E-9	1.140829E-3
4.600000E-9	1.144255E-3
4.650000E-9	1.082589E-3
4.700000E-9	1.026062E-3
4.750000E-9	9.489789E-4
4.800000E-9	8.136561E-4
4.850000E-9	6.731945E-4
4.900000E-9	5.875471E-4
4.950000E-9	5.018997E-4
5.000000E-9	4.196782E-4
5.050000E-9	3.819933E-4
5.100000E-9	3.819932E-4
5.150000E-9	4.145392E-4
5.200000E-9	4.933346E-4
5.250000E-9	5.687042E-4
5.300000E-9	6.098150E-4
5.350000E-9	6.612034E-4
5.400000E-9	7.228695E-4
5.450000E-9	7.571285E-4
5.500000E-9	7.691192E-4
5.550000E-9	7.811099E-4
5.600000E-9	7.639806E-4
5.650000E-9	7.417124E-4
5.700000E-9	7.691196E-4
5.750000E-9	8.016656E-4
5.800000E-9	8.136564E-4
5.850000E-9	8.753225E-4
5.900000E-9	1.014071E-3
5.950000E-9	1.135690E-3
6.000000E-9	1.221338E-3
6.050000E-9	1.336105E-3
6.100000E-9	1.449159E-3
6.150000E-9	1.473141E-3
6.200000E-9	1.421752E-3
6.250000E-9	1.346383E-3
6.300000E-9	1.233328E-3
6.350000E-9	1.051756E-3
6.400000E-9	8.359245E-4
6.450000E-9	6.115285E-4
6.500000E-9	4.145396E-4
6.550000E-9	2.569485E-4
6.600000E-9	1.336164E-4
6.650000E-9	6.852444E-5
6.700000E-9	1.027834E-4
6.750000E-9	2.175509E-4
6.800000E-9	3.717161E-4
6.850000E-9	5.550015E-4
6.900000E-9	7.571292E-4
6.950000E-9	9.541181E-4
7.000000E-9	1.127126E-3
7.050000E-9	1.288143E-3
7.100000E-9	1.413188E-3
7.150000E-9	1.478280E-3
7.200000E-9	1.493697E-3
7.250000E-9	1.476567E-3
7.300000E-9	1.442308E-3
7.350000E-9	1.368651E-3
7.400000E-9	1.264161E-3
7.450000E-9	1.169949E-3
7.500000E-9	1.123700E-3
7.550000E-9	1.089441E-3
7.600000E-9	1.043191E-3
7.650000E-9	1.017497E-3
7.700000E-9	1.034626E-3
7.750000E-9	1.055182E-3
7.800000E-9	1.060321E-3
7.850000E-9	1.080876E-3
7.900000E-9	1.133978E-3
7.950000E-9	1.187079E-3
8.000000E-9	1.236754E-3
8.050000E-9	1.293282E-3
8.100000E-9	1.348096E-3
8.150000E-9	1.378929E-3
8.200000E-9	1.377216E-3
8.250000E-9	1.353234E-3
8.300000E-9	1.329253E-3
8.350000E-9	1.303559E-3
8.400000E-9	1.257310E-3
8.450000E-9	1.175088E-3
8.500000E-9	1.092867E-3
8.550000E-9	1.022636E-3
8.600000E-9	9.335630E-4
8.650000E-9	8.393510E-4
8.700000E-9	7.776850E-4
8.750000E-9	7.400003E-4
8.800000E-9	7.040285E-4
8.850000E-9	6.783343E-4
8.900000E-9	6.783343E-4
8.950000E-9	6.851860E-4
9.000000E-9	6.886118E-4
9.050000E-9	6.971764E-4
9.100000E-9	7.108798E-4
9.150000E-9	7.194444E-4
9.200000E-9	7.160185E-4
9.250000E-9	7.280091E-4
9.300000E-9	7.554161E-4
9.350000E-9	7.811102E-4
9.400000E-9	7.896749E-4
9.450000E-9	7.999526E-4
9.500000E-9	8.376374E-4
9.550000E-9	8.993035E-4
9.600000E-9	9.524049E-4
9.650000E-9	9.969416E-4
9.700000E-9	1.050043E-3
9.750000E-9	1.115135E-3
9.800000E-9	1.164811E-3
9.850000E-9	1.197357E-3
9.900000E-9	1.216199E-3
9.950000E-9	1.217912E-3
1.000000E-8	1.199070E-3
1.005000E-8	1.147682E-3
1.010000E-8	1.070599E-3
1.015000E-8	9.626835E-4
1.020000E-8	8.359254E-4
1.025000E-8	7.160191E-4
1.030000E-8	6.303717E-4
1.035000E-8	5.772703E-4
1.040000E-8	5.241688E-4
1.045000E-8	4.864839E-4
1.050000E-8	4.847709E-4
1.055000E-8	5.087520E-4
1.060000E-8	5.190297E-4
1.065000E-8	5.395850E-4
1.070000E-8	5.892604E-4
1.075000E-8	6.355099E-4
1.080000E-8	6.389358E-4
1.085000E-8	6.355098E-4
1.090000E-8	6.492133E-4
1.095000E-8	6.509262E-4
1.100000E-8	6.200931E-4
1.105000E-8	5.926860E-4
1.110000E-8	5.687046E-4
1.115000E-8	5.327327E-4
1.120000E-8	4.796314E-4
1.125000E-8	4.350948E-4
1.130000E-8	4.025488E-4
1.135000E-8	3.785675E-4
1.140000E-8	3.785675E-4
1.145000E-8	4.333818E-4
1.150000E-8	5.755564E-4
1.155000E-8	8.239336E-4
1.160000E-8	1.212772E-3
1.165000E-8	1.779757E-3
1.170000E-8	2.617387E-3
1.175000E-8	3.823301E-3
1.180000E-8	5.438608E-3
1.185000E-8	7.492430E-3
1.190000E-8	1.005328E-2
1.195000E-8	1.314344E-2
1.200000E-8	1.674919E-2
1.205000E-8	2.090137E-2
1.210000E-8	2.558799E-2
1.215000E-8	3.069086E-2
1.220000E-8	3.609178E-2
1.225000E-8	4.175135E-2
1.230000E-8	4.754968E-2
1.235000E-8	5.325893E-2
1.240000E-8	5.871467E-2
1.245000E-8	6.382439E-2
1.250000E-8	6.844250E-2
1.255000E-8	7.238913E-2
1.260000E-8	7.559919E-2
1.265000E-8	7.804186E-2
1.270000E-8	7.963490E-2
1.275000E-8	8.038689E-2
1.280000E-8	8.034920E-2
1.285000E-8	7.950130E-2
1.290000E-8	7.785687E-2
1.295000E-8	7.558379E-2
1.300000E-8	7.287049E-2
1.305000E-8	6.976834E-2
1.310000E-8	6.638014E-2
1.315000E-8	6.290799E-2
1.320000E-8	5.954034E-2
1.325000E-8	5.638681E-2
1.330000E-8	5.355188E-2
1.335000E-8	5.119315E-2
1.340000E-8	4.936029E-2
1.345000E-8	4.807901E-2
1.350000E-8	4.739040E-2
1.355000E-8	4.729447E-2
1.360000E-8	4.770215E-2
1.365000E-8	4.850381E-2
1.370000E-8	4.965319E-2
1.375000E-8	5.109035E-2
1.380000E-8	5.268682E-2
1.385000E-8	5.428500E-2
1.390000E-8	5.580781E-2
1.395000E-8	5.719187E-2
1.400000E-8	5.830357E-2
1.405000E-8	5.903500E-2
1.410000E-8	5.939130E-2
1.415000E-8	5.936218E-2
1.420000E-8	5.885343E-2
1.425000E-8	5.785136E-2
1.430000E-8	5.646216E-2
1.435000E-8	5.473552E-2
1.440000E-8	5.265086E-2
1.445000E-8	5.026987E-2
1.450000E-8	4.776554E-2
1.455000E-8	4.525950E-2
1.460000E-8	4.282026E-2
1.465000E-8	4.054547E-2
1.470000E-8	3.856017E-2
1.475000E-8	3.698597E-2
1.480000E-8	3.587084E-2
1.485000E-8	3.526274E-2
1.490000E-8	3.517709E-2
1.495000E-8	3.559162E-2
1.500000E-8	3.643438E-2
1.505000E-8	3.764544E-2
1.510000E-8	3.914426E-2
1.515000E-8	4.081267E-2
1.520000E-8	4.255302E-2
1.525000E-8	4.427967E-2
1.530000E-8	4.587100E-2
1.535000E-8	4.718997E-2
1.540000E-8	4.816293E-2
1.545000E-8	4.875047E-2
1.550000E-8	4.889778E-2
1.555000E-8	4.858089E-2
1.560000E-8	4.779636E-2
1.565000E-8	4.654078E-2
1.570000E-8	4.489292E-2
1.575000E-8	4.292304E-2
1.580000E-8	4.067908E-2
1.585000E-8	3.825012E-2
1.590000E-8	3.579204E-2
1.595000E-8	3.342818E-2
1.600000E-8	3.124759E-2
1.605000E-8	2.937192E-2
1.610000E-8	2.791762E-2
1.615000E-8	2.695837E-2
1.620000E-8	2.654212E-2
1.625000E-8	2.667230E-2
1.630000E-8	2.730438E-2
1.635000E-8	2.838011E-2
1.640000E-8	2.984125E-2
1.645000E-8	3.159873E-2
1.650000E-8	3.353607E-2
1.655000E-8	3.550939E-2
1.660000E-8	3.737478E-2
1.665000E-8	3.903634E-2
1.670000E-8	4.039642E-2
1.675000E-8	4.135396E-2
1.680000E-8	4.185072E-2
1.685000E-8	4.188155E-2
1.690000E-8	4.142763E-2
1.695000E-8	4.046495E-2
1.700000E-8	3.904150E-2
1.705000E-8	3.727374E-2
1.710000E-8	3.525760E-2
1.715000E-8	3.303934E-2
1.720000E-8	3.070802E-2
1.725000E-8	2.836471E-2
1.730000E-8	2.613274E-2
1.735000E-8	2.414572E-2
1.740000E-8	2.253041E-2
1.745000E-8	2.135190E-2
1.750000E-8	2.066158E-2
1.755000E-8	2.049713E-2
1.760000E-8	2.087398E-2
1.765000E-8	2.174073E-2
1.770000E-8	2.303743E-2
1.775000E-8	2.470241E-2
1.780000E-8	2.662433E-2
1.785000E-8	2.865760E-2
1.790000E-8	3.067031E-2
1.795000E-8	3.253742E-2
1.800000E-8	3.412019E-2
1.805000E-8	3.531411E-2
1.810000E-8	3.608665E-2
1.815000E-8	3.640012E-2
1.820000E-8	3.620314E-2
1.825000E-8	3.549569E-2
1.830000E-8	3.437372E-2
1.835000E-8	3.288345E-2
1.840000E-8	3.105574E-2
1.845000E-8	2.898822E-2
1.850000E-8	2.681963E-2
1.855000E-8	2.462192E-2
1.860000E-8	2.247046E-2
1.865000E-8	2.046802E-2
1.870000E-8	1.874308E-2
1.875000E-8	1.736930E-2
1.880000E-8	1.639292E-2
1.885000E-8	1.588417E-2
1.890000E-8	1.589444E-2
1.895000E-8	1.643059E-2
1.900000E-8	1.743780E-2
1.905000E-8	1.886126E-2
1.910000E-8	2.066328E-2
1.915000E-8	2.272566E-2
1.920000E-8	2.485143E-2
1.925000E-8	2.692752E-2
1.930000E-8	2.888542E-2
1.935000E-8	3.057096E-2
1.940000E-8	3.181456E-2
1.945000E-8	3.256826E-2
1.950000E-8	3.282520E-2
1.955000E-8	3.250660E-2
1.960000E-8	3.161587E-2
1.965000E-8	3.025579E-2
1.970000E-8	2.850174E-2
1.975000E-8	2.640509E-2
1.980000E-8	2.408919E-2
1.985000E-8	2.171333E-2
1.990000E-8	1.937516E-2
1.995000E-8	1.719287E-2
2.000000E-8	1.530177E-2
2.005000E-8	1.378753E-2
2.010000E-8	1.271522E-2
2.015000E-8	1.213453E-2
2.020000E-8	1.203004E-2
2.025000E-8	1.239147E-2
2.030000E-8	1.323766E-2
2.035000E-8	1.452579E-2
2.040000E-8	1.612911E-2
2.045000E-8	1.797567E-2
2.050000E-8	1.997639E-2
2.055000E-8	2.197711E-2
2.060000E-8	2.384593E-2
2.065000E-8	2.550749E-2
2.070000E-8	2.686243E-2
2.075000E-8	2.783368E-2
2.080000E-8	2.838011E-2
2.085000E-8	2.845548E-2
2.090000E-8	2.802039E-2
2.095000E-8	2.711082E-2
2.100000E-8	2.577301E-2
2.105000E-8	2.404636E-2
2.110000E-8	2.202338E-2
2.115000E-8	1.984451E-2
2.120000E-8	1.760569E-2
2.125000E-8	1.540798E-2
2.130000E-8	1.338670E-2
2.135000E-8	1.162750E-2
2.140000E-8	1.019548E-2
2.145000E-8	9.196827E-3
2.150000E-8	8.715487E-3
2.155000E-8	8.730901E-3
2.160000E-8	9.265338E-3
2.165000E-8	1.034107E-2
2.170000E-8	1.185874E-2
2.175000E-8	1.367446E-2
2.180000E-8	1.569231E-2
2.185000E-8	1.781293E-2
2.190000E-8	1.990615E-2
2.195000E-8	2.183665E-2
2.200000E-8	2.349649E-2
2.205000E-8	2.478463E-2
2.210000E-8	2.565138E-2
2.215000E-8	2.604536E-2
2.220000E-8	2.588777E-2
2.225000E-8	2.519232E-2
2.230000E-8	2.406691E-2
2.235000E-8	2.255610E-2
2.240000E-8	2.068214E-2
2.245000E-8	1.858035E-2
2.250000E-8	1.642375E-2
2.255000E-8	1.426201E-2
2.260000E-8	1.216366E-2
2.265000E-8	1.028284E-2
2.270000E-8	8.725770E-3
2.275000E-8	7.542123E-3
2.280000E-8	6.788424E-3
2.285000E-8	6.517777E-3
2.290000E-8	6.733606E-3
2.295000E-8	7.442764E-3
2.300000E-8	8.600713E-3
2.305000E-8	1.009440E-2
2.310000E-8	1.185188E-2
2.315000E-8	1.378580E-2
2.320000E-8	1.576939E-2
2.325000E-8	1.767590E-2
2.330000E-8	1.941797E-2
2.335000E-8	2.089795E-2
2.340000E-8	2.200109E-2
2.345000E-8	2.266572E-2
2.350000E-8	2.286442E-2
2.355000E-8	2.255609E-2
2.360000E-8	2.175786E-2
2.365000E-8	2.054681E-2
2.370000E-8	1.900687E-2
2.375000E-8	1.720143E-2
2.380000E-8	1.519557E-2
2.385000E-8	1.310235E-2
2.390000E-8	1.107936E-2
2.395000E-8	9.232803E-3
2.400000E-8	7.614067E-3
2.405000E-8	6.298523E-3
2.410000E-8	5.388947E-3
2.415000E-8	4.923024E-3
2.420000E-8	4.883624E-3
2.425000E-8	5.313571E-3
2.430000E-8	6.218005E-3
2.435000E-8	7.492435E-3
2.440000E-8	9.037511E-3
2.445000E-8	1.079328E-2
2.450000E-8	1.267581E-2
2.455000E-8	1.456347E-2
2.460000E-8	1.634837E-2
2.465000E-8	1.794141E-2
2.470000E-8	1.926380E-2
2.475000E-8	2.026074E-2
2.480000E-8	2.084999E-2
2.485000E-8	2.097847E-2
2.490000E-8	2.066329E-2
2.495000E-8	1.993186E-2
2.500000E-8	1.878076E-2
2.505000E-8	1.725282E-2
2.510000E-8	1.546621E-2
2.515000E-8	1.353230E-2
2.520000E-8	1.151959E-2
2.525000E-8	9.522291E-3
2.530000E-8	7.658604E-3
2.535000E-8	6.038156E-3
2.540000E-8	4.744879E-3
2.545000E-8	3.860997E-3
2.550000E-8	3.446462E-3
2.555000E-8	3.532107E-3
2.560000E-8	4.092239E-3
2.565000E-8	5.078894E-3
2.570000E-8	6.459528E-3
2.575000E-8	8.163908E-3
2.580000E-8	1.004986E-2
2.585000E-8	1.199577E-2
2.590000E-8	1.390399E-2
2.595000E-8	1.564606E-2
2.600000E-8	1.710035E-2
2.605000E-8	1.820349E-2
2.610000E-8	1.891436E-2
2.615000E-8	1.916274E-2
2.620000E-8	1.892807E-2
2.625000E-8	1.825831E-2
2.630000E-8	1.720999E-2
2.635000E-8	1.581051E-2
2.640000E-8	1.414382E-2
2.645000E-8	1.231610E-2
2.650000E-8	1.039761E-2
2.655000E-8	8.463689E-3
2.660000E-8	6.641114E-3
2.665000E-8	5.053212E-3
2.670000E-8	3.763362E-3
2.675000E-8	2.793833E-3
2.680000E-8	2.196013E-3
2.685000E-8	2.031569E-3
2.690000E-8	2.341610E-3
2.695000E-8	3.085027E-3
2.700000E-8	4.217283E-3
2.705000E-8	5.690415E-3
2.710000E-8	7.437620E-3
2.715000E-8	9.345841E-3
2.720000E-8	1.128832E-2
2.725000E-8	1.314344E-2
2.730000E-8	1.481871E-2
2.735000E-8	1.623703E-2
2.740000E-8	1.727165E-2
2.745000E-8	1.784891E-2
2.750000E-8	1.796025E-2
2.755000E-8	1.763651E-2
2.760000E-8	1.688281E-2
2.765000E-8	1.572486E-2
2.770000E-8	1.423632E-2
2.775000E-8	1.252680E-2
2.780000E-8	1.069223E-2
2.785000E-8	8.804565E-3
2.790000E-8	6.969999E-3
2.795000E-8	5.293024E-3
2.800000E-8	3.871278E-3
2.805000E-8	2.747584E-3
2.810000E-8	1.990460E-3
2.815000E-8	1.632452E-3
2.820000E-8	1.651293E-3
2.825000E-8	2.038417E-3
2.830000E-8	2.814380E-3
2.835000E-8	3.915803E-3
2.840000E-8	5.227918E-3
2.845000E-8	6.733597E-3
2.850000E-8	8.417423E-3
2.855000E-8	1.012694E-2
2.860000E-8	1.169086E-2
2.865000E-8	1.306122E-2
2.870000E-8	1.421918E-2
2.875000E-8	1.508250E-2
2.880000E-8	1.556042E-2
2.885000E-8	1.562551E-2
2.890000E-8	1.528977E-2
2.895000E-8	1.460460E-2
2.900000E-8	1.358197E-2
2.905000E-8	1.223902E-2
2.910000E-8	1.067681E-2
2.915000E-8	9.020395E-3
2.920000E-8	7.305736E-3
2.925000E-8	5.592790E-3
2.930000E-8	4.028869E-3
2.935000E-8	2.694483E-3
2.940000E-8	1.615326E-3
2.945000E-8	8.821833E-4
2.950000E-8	5.687124E-4
2.955000E-8	6.577839E-4
2.960000E-8	1.121991E-3
2.965000E-8	1.968185E-3
2.970000E-8	3.158681E-3
2.975000E-8	4.595842E-3
2.980000E-8	6.200872E-3
2.985000E-8	7.882985E-3
2.990000E-8	9.532552E-3
2.995000E-8	1.107934E-2
3.000000E-8	1.244456E-2
3.005000E-8	1.350316E-2
3.010000E-8	1.420205E-2
3.015000E-8	1.456177E-2
3.020000E-8	1.453608E-2
3.025000E-8	1.410099E-2
3.030000E-8	1.331304E-2
3.035000E-8	1.221504E-2
3.040000E-8	1.083269E-2
3.045000E-8	9.260208E-3
3.050000E-8	7.620919E-3
3.055000E-8	5.978203E-3
3.060000E-8	4.398866E-3
3.065000E-8	2.982259E-3
3.070000E-8	1.817454E-3
3.075000E-8	9.729701E-4
3.080000E-8	4.659364E-4
3.085000E-8	2.963531E-4
3.090000E-8	5.019050E-4
3.095000E-8	1.121990E-3
3.100000E-8	2.088090E-3
3.105000E-8	3.302568E-3
3.110000E-8	4.746581E-3
3.115000E-8	6.370454E-3
3.120000E-8	8.035437E-3
3.125000E-8	9.625052E-3
3.130000E-8	1.108448E-2
3.135000E-8	1.232637E-2
3.140000E-8	1.326507E-2
3.145000E-8	1.385432E-2
3.150000E-8	1.407700E-2
3.155000E-8	1.391085E-2
3.160000E-8	1.336100E-2
3.165000E-8	1.246341E-2
3.170000E-8	1.129005E-2
3.175000E-8	9.893997E-3
3.180000E-8	8.328365E-3
3.185000E-8	6.683936E-3
3.190000E-8	5.072054E-3
3.195000E-8	3.562948E-3
3.200000E-8	2.192590E-3
3.205000E-8	1.065470E-3
3.210000E-8	2.929300E-4
3.215000E-8	-1.198916E-4
3.220000E-8	-2.175312E-4
3.225000E-8	4.626085E-5
3.230000E-8	7.074565E-4
3.235000E-8	1.690686E-3
3.240000E-8	2.915442E-3
3.245000E-8	4.350890E-3
3.250000E-8	5.931939E-3
3.255000E-8	7.533544E-3
3.260000E-8	9.044363E-3
3.265000E-8	1.039588E-2
3.270000E-8	1.151443E-2
3.275000E-8	1.232466E-2
3.280000E-8	1.278202E-2
3.285000E-8	1.284882E-2
3.290000E-8	1.251994E-2
3.295000E-8	1.182448E-2
3.300000E-8	1.079158E-2
3.305000E-8	9.488027E-3
3.310000E-8	8.006329E-3
3.315000E-8	6.423567E-3
3.320000E-8	4.820250E-3
3.325000E-8	3.307718E-3
3.330000E-8	1.985323E-3
3.335000E-8	9.044532E-4
3.340000E-8	1.233487E-4
3.345000E-8	-2.911854E-4
3.350000E-8	-3.237327E-4
3.355000E-8	-1.026492E-5
3.360000E-8	6.389404E-4
3.365000E-8	1.591337E-3
3.370000E-8	2.766417E-3
3.375000E-8	4.080246E-3
3.380000E-8	5.457454E-3
3.385000E-8	6.829524E-3
3.390000E-8	8.122798E-3
3.395000E-8	9.268759E-3
3.400000E-8	1.019033E-2
3.405000E-8	1.085837E-2
3.410000E-8	1.126263E-2
3.415000E-8	1.137740E-2
3.420000E-8	1.119583E-2
3.425000E-8	1.076074E-2
3.430000E-8	1.010982E-2
3.435000E-8	9.256778E-3
3.440000E-8	8.210169E-3
3.445000E-8	7.052218E-3
3.450000E-8	5.853156E-3
3.455000E-8	4.626687E-3
3.460000E-8	3.408782E-3
3.465000E-8	2.331338E-3
3.470000E-8	1.456022E-3
3.475000E-8	7.554254E-4
3.480000E-8	2.706603E-4
3.485000E-8	1.045032E-4
3.490000E-8	2.586670E-4
3.495000E-8	6.869022E-4
3.500000E-8	1.373792E-3
3.505000E-8	2.329615E-3
3.510000E-8	3.497844E-3
3.515000E-8	4.801396E-3
3.520000E-8	6.156336E-3
3.525000E-8	7.487295E-3
3.530000E-8	8.705201E-3
3.535000E-8	9.726117E-3
3.540000E-8	1.047468E-2
3.545000E-8	1.093889E-2
3.550000E-8	1.111018E-2
3.555000E-8	1.094917E-2
3.560000E-8	1.042672E-2
3.565000E-8	9.606218E-3
3.570000E-8	8.581877E-3
3.575000E-8	7.398232E-3
3.580000E-8	6.074126E-3
3.585000E-8	4.707195E-3
3.590000E-8	3.417346E-3
3.595000E-8	2.254255E-3
3.600000E-8	1.226487E-3
3.605000E-8	4.128362E-4
3.610000E-8	-1.010490E-4
3.615000E-8	-3.203075E-4
3.620000E-8	-2.672076E-4
3.625000E-8	9.764854E-5
3.630000E-8	7.742610E-4
3.635000E-8	1.676983E-3
3.640000E-8	2.759564E-3
3.645000E-8	4.006588E-3
3.650000E-8	5.337548E-3
3.655000E-8	6.642813E-3
3.660000E-8	7.874422E-3
3.665000E-8	8.980986E-3
3.670000E-8	9.890562E-3
3.675000E-8	1.054148E-2
3.680000E-8	1.088579E-2
3.685000E-8	1.089435E-2
3.690000E-8	1.058945E-2
3.695000E-8	9.977928E-3
3.700000E-8	9.056364E-3
3.705000E-8	7.891561E-3
3.710000E-8	6.598287E-3
3.715000E-8	5.243346E-3
3.720000E-8	3.874702E-3
3.725000E-8	2.567724E-3
3.730000E-8	1.414911E-3
3.735000E-8	4.676505E-4
3.740000E-8	-2.072512E-4
3.745000E-8	-5.635451E-4
3.750000E-8	-6.012310E-4
3.755000E-8	-3.340126E-4
3.760000E-8	2.278326E-4
3.765000E-8	1.039768E-3
3.770000E-8	2.050405E-3
3.775000E-8	3.210069E-3
3.780000E-8	4.438251E-3
3.785000E-8	5.664721E-3
3.790000E-8	6.839802E-3
3.795000E-8	7.896690E-3
3.800000E-8	8.734322E-3
3.805000E-8	9.316724E-3
3.810000E-8	9.666166E-3
3.815000E-8	9.780935E-3
3.820000E-8	9.619919E-3
3.825000E-8	9.179693E-3
3.830000E-8	8.530488E-3
3.835000E-8	7.697997E-3
3.840000E-8	6.711340E-3
3.845000E-8	5.635611E-3
3.850000E-8	4.541038E-3
3.855000E-8	3.432762E-3
3.860000E-8	2.370735E-3
3.865000E-8	1.469725E-3
3.870000E-8	7.759814E-4
3.875000E-8	2.569578E-4
3.880000E-8	-7.364178E-5
3.885000E-8	-1.541513E-4
3.890000E-8	-1.700218E-6
3.895000E-8	3.580174E-4
3.900000E-8	9.215756E-4
3.905000E-8	1.670132E-3
3.910000E-8	2.559151E-3
3.915000E-8	3.554372E-3
3.920000E-8	4.590704E-3
3.925000E-8	5.620185E-3
3.930000E-8	6.611981E-3
3.935000E-8	7.492436E-3
3.940000E-8	8.162199E-3
3.945000E-8	8.621270E-3
3.950000E-8	8.869648E-3
3.955000E-8	8.852520E-3
3.960000E-8	8.515070E-3
3.965000E-8	7.910401E-3
3.970000E-8	7.117308E-3
3.975000E-8	6.168337E-3
3.980000E-8	5.099459E-3
3.985000E-8	3.968915E-3
3.990000E-8	2.874342E-3
3.995000E-8	1.865416E-3
4.000000E-8	9.866744E-4
4.005000E-8	2.929304E-4
4.010000E-8	-1.472978E-4
4.015000E-8	-3.305842E-4
4.020000E-8	-2.774840E-4
4.025000E-8	3.940990E-5
4.030000E-8	6.338011E-4
4.035000E-8	1.440598E-3
4.040000E-8	2.381005E-3
4.045000E-8	3.396781E-3
4.050000E-8	4.451956E-3
4.055000E-8	5.486575E-3
4.060000E-8	6.433835E-3
4.065000E-8	7.262901E-3
4.070000E-8	7.949794E-3
4.075000E-8	8.434558E-3
4.080000E-8	8.669233E-3
4.085000E-8	8.648679E-3
4.090000E-8	8.390025E-3
4.095000E-8	7.879568E-3
4.100000E-8	7.141289E-3
4.105000E-8	6.231715E-3
4.110000E-8	5.227929E-3
4.115000E-8	4.164190E-3
4.120000E-8	3.057626E-3
4.125000E-8	2.005877E-3
4.130000E-8	1.108293E-3
4.135000E-8	3.682995E-4
4.140000E-8	-2.021122E-4
4.145000E-8	-4.967397E-4
4.150000E-8	-4.539169E-4
4.155000E-8	-1.661428E-4
4.160000E-8	3.323238E-4
4.165000E-8	1.089445E-3
4.170000E-8	2.043556E-3
4.175000E-8	3.062758E-3
4.180000E-8	4.129923E-3
4.185000E-8	5.236486E-3
4.190000E-8	6.265967E-3
4.195000E-8	7.148135E-3
4.200000E-8	7.876137E-3
4.205000E-8	8.379744E-3
4.210000E-8	8.607566E-3
4.215000E-8	8.593864E-3
4.220000E-8	8.354052E-3
4.225000E-8	7.893271E-3
4.230000E-8	7.238926E-3
4.235000E-8	6.433843E-3
4.240000E-8	5.503714E-3
4.245000E-8	4.511918E-3
4.250000E-8	3.511558E-3
4.255000E-8	2.530040E-3
4.260000E-8	1.630743E-3
4.265000E-8	8.582034E-4
4.270000E-8	2.346902E-4
4.275000E-8	-2.123898E-4
4.280000E-8	-4.128057E-4
4.285000E-8	-3.888256E-4
4.290000E-8	-1.849862E-4
4.295000E-8	2.415364E-4
4.300000E-8	8.941681E-4
4.305000E-8	1.718095E-3
4.310000E-8	2.651650E-3
4.315000E-8	3.634881E-3
4.320000E-8	4.600983E-3
4.325000E-8	5.515696E-3
4.330000E-8	6.351614E-3
4.335000E-8	7.041932E-3
4.340000E-8	7.536975E-3
4.345000E-8	7.836741E-3
4.350000E-8	7.922390E-3
4.355000E-8	7.766512E-3
4.360000E-8	7.382813E-3
4.365000E-8	6.817542E-3
4.370000E-8	6.110096E-3
4.375000E-8	5.270753E-3
4.380000E-8	4.335484E-3
4.385000E-8	3.393364E-3
4.390000E-8	2.495780E-3
4.395000E-8	1.656436E-3
4.400000E-8	9.147297E-4
4.405000E-8	3.374661E-4
4.410000E-8	-3.424402E-5
4.415000E-8	-1.712806E-4
4.420000E-8	-7.535650E-5
4.425000E-8	2.278342E-4
4.430000E-8	7.211620E-4
4.435000E-8	1.413192E-3
4.440000E-8	2.233693E-3
4.445000E-8	3.109008E-3
4.450000E-8	3.984323E-3
4.455000E-8	4.806537E-3
4.460000E-8	5.520836E-3
4.465000E-8	6.128932E-3
4.470000E-8	6.606845E-3
4.475000E-8	6.918602E-3
4.480000E-8	7.043647E-3
4.485000E-8	6.995686E-3
4.490000E-8	6.783281E-3
4.495000E-8	6.442405E-3
4.500000E-8	5.967920E-3
4.505000E-8	5.347834E-3
4.510000E-8	4.636961E-3
4.515000E-8	3.898682E-3
4.520000E-8	3.129569E-3
4.525000E-8	2.351891E-3
4.530000E-8	1.646157E-3
4.535000E-8	1.039774E-3
4.540000E-8	5.378798E-4
4.545000E-8	2.175582E-4
4.550000E-8	1.284844E-4
4.555000E-8	2.415381E-4
4.560000E-8	5.498678E-4
4.565000E-8	1.048335E-3
4.570000E-8	1.709531E-3
4.575000E-8	2.504338E-3
4.580000E-8	3.383079E-3
4.585000E-8	4.266959E-3
4.590000E-8	5.097738E-3
4.595000E-8	5.848009E-3
4.600000E-8	6.469809E-3
4.605000E-8	6.922027E-3
4.610000E-8	7.189247E-3
4.615000E-8	7.238924E-3
4.620000E-8	7.055639E-3
4.625000E-8	6.670227E-3
4.630000E-8	6.142641E-3
4.635000E-8	5.486583E-3
4.640000E-8	4.720897E-3
4.645000E-8	3.883266E-3
4.650000E-8	3.052488E-3
4.655000E-8	2.278236E-3
4.660000E-8	1.567363E-3
4.665000E-8	9.438500E-4
4.670000E-8	4.847797E-4
4.675000E-8	1.970038E-4
4.680000E-8	8.223548E-5
4.685000E-8	1.593171E-4
4.690000E-8	4.351004E-4
4.695000E-8	8.770397E-4
4.700000E-8	1.461154E-3
4.705000E-8	2.163461E-3
4.710000E-8	2.959981E-3
4.715000E-8	3.804463E-3
4.720000E-8	4.630104E-3
4.725000E-8	5.394078E-3
4.730000E-8	6.086109E-3
4.735000E-8	6.692493E-3
4.740000E-8	7.127582E-3
4.745000E-8	7.367395E-3
4.750000E-8	7.435914E-3
4.755000E-8	7.312582E-3
4.760000E-8	6.956290E-3
4.765000E-8	6.397870E-3
4.770000E-8	5.704127E-3
4.775000E-8	4.916172E-3
4.780000E-8	4.063125E-3
4.785000E-8	3.187809E-3
4.790000E-8	2.333049E-3
4.795000E-8	1.555371E-3
4.800000E-8	8.821828E-4
4.805000E-8	3.323265E-4
4.810000E-8	-2.567982E-5
4.815000E-8	-1.764197E-4
4.820000E-8	-1.575779E-4
4.825000E-8	3.255847E-5
4.830000E-8	4.488038E-4
4.835000E-8	1.043196E-3
4.840000E-8	1.721522E-3
4.845000E-8	2.473505E-3
4.850000E-8	3.290580E-3
4.855000E-8	4.097378E-3
4.860000E-8	4.816815E-3
4.865000E-8	5.455745E-3
4.870000E-8	5.997036E-3
4.875000E-8	6.379024E-3
4.880000E-8	6.579439E-3
4.885000E-8	6.593144E-3
4.890000E-8	6.421850E-3
4.895000E-8	6.111807E-3
4.900000E-8	5.686997E-3
4.905000E-8	5.142280E-3
4.910000E-8	4.487935E-3
4.915000E-8	3.804470E-3
4.920000E-8	3.146699E-3
4.925000E-8	2.540315E-3
4.930000E-8	2.031570E-3
4.935000E-8	1.649583E-3
4.940000E-8	1.382363E-3
4.945000E-8	1.236762E-3
4.950000E-8	1.257317E-3
4.955000E-8	1.449166E-3
4.960000E-8	1.776338E-3
4.965000E-8	2.233694E-3
4.970000E-8	2.816095E-3
4.975000E-8	3.482431E-3
4.980000E-8	4.198442E-3
4.985000E-8	4.916167E-3
4.990000E-8	5.570512E-3
4.995000E-8	6.130646E-3
5.000000E-8	6.579438E-3
5.005000E-8	6.879204E-3
5.010000E-8	7.004250E-3
5.015000E-8	6.985408E-3
5.020000E-8	6.808975E-3
5.025000E-8	6.457822E-3
5.030000E-8	5.969633E-3
5.035000E-8	5.407787E-3
5.040000E-8	4.775710E-3
5.045000E-8	4.105948E-3
5.050000E-8	3.446464E-3
5.055000E-8	2.826377E-3
5.060000E-8	2.250827E-3
5.065000E-8	1.778053E-3
5.070000E-8	1.442315E-3
5.075000E-8	1.209354E-3
5.080000E-8	1.087735E-3
5.085000E-8	1.137409E-3
5.090000E-8	1.354953E-3
5.095000E-8	1.671848E-3
5.100000E-8	2.064112E-3
5.105000E-8	2.554014E-3
5.110000E-8	3.095305E-3
5.115000E-8	3.629744E-3
5.120000E-8	4.138489E-3
5.125000E-8	4.630105E-3
5.130000E-8	5.075471E-3
5.135000E-8	5.440328E-3
5.140000E-8	5.692132E-3
5.145000E-8	5.842872E-3
5.150000E-8	5.914816E-3
5.155000E-8	5.885696E-3
5.160000E-8	5.712689E-3
5.165000E-8	5.418063E-3
5.170000E-8	5.049780E-3
5.175000E-8	4.597563E-3
5.180000E-8	4.064837E-3
5.185000E-8	3.504704E-3
5.190000E-8	2.961700E-3
5.195000E-8	2.423835E-3
5.200000E-8	1.920229E-3
5.205000E-8	1.510834E-3
5.210000E-8	1.245327E-3
5.215000E-8	1.128846E-3
5.220000E-8	1.140836E-3
5.225000E-8	1.291575E-3
5.230000E-8	1.623886E-3
5.235000E-8	2.136056E-3
5.240000E-8	2.723596E-3
5.245000E-8	3.331692E-3
5.250000E-8	3.987750E-3
5.255000E-8	4.662651E-3
5.260000E-8	5.245053E-3
5.265000E-8	5.681854E-3
5.270000E-8	5.981620E-3
5.275000E-8	6.111804E-3
5.280000E-8	6.067268E-3
5.285000E-8	5.878844E-3
5.290000E-8	5.567089E-3
5.295000E-8	5.126862E-3
5.300000E-8	4.587284E-3
5.305000E-8	4.018586E-3
5.310000E-8	3.460166E-3
5.315000E-8	2.906885E-3
5.320000E-8	2.370733E-3
5.325000E-8	1.889395E-3
5.330000E-8	1.502269E-3
5.335000E-8	1.214494E-3
5.340000E-8	1.038060E-3
5.345000E-8	9.935231E-4
5.350000E-8	1.062041E-3
5.355000E-8	1.221344E-3
5.360000E-8	1.450878E-3
5.365000E-8	1.774625E-3
5.370000E-8	2.185732E-3
5.375000E-8	2.627671E-3
5.380000E-8	3.064473E-3
5.385000E-8	3.514978E-3
5.390000E-8	3.970621E-3
5.395000E-8	4.366312E-3
5.400000E-8	4.664365E-3
5.405000E-8	4.871632E-3
5.410000E-8	4.982974E-3
5.415000E-8	5.008668E-3
5.420000E-8	4.970984E-3
5.425000E-8	4.869921E-3
5.430000E-8	4.674645E-3
5.435000E-8	4.395435E-3
5.440000E-8	4.063124E-3
5.445000E-8	3.687989E-3
5.450000E-8	3.288872E-3
5.455000E-8	2.889756E-3
5.460000E-8	2.483787E-3
5.465000E-8	2.077819E-3
5.470000E-8	1.719813E-3
5.475000E-8	1.435463E-3
5.480000E-8	1.238474E-3
5.485000E-8	1.164817E-3
5.490000E-8	1.229908E-3
5.495000E-8	1.399489E-3
5.500000E-8	1.644440E-3
5.505000E-8	1.976751E-3
5.510000E-8	2.404987E-3
5.515000E-8	2.881186E-3
5.520000E-8	3.367663E-3
5.525000E-8	3.826733E-3
5.530000E-8	4.239553E-3
5.535000E-8	4.561587E-3
5.540000E-8	4.770567E-3
5.545000E-8	4.871631E-3
5.550000E-8	4.873345E-3
5.555000E-8	4.772281E-3
5.560000E-8	4.571867E-3
5.565000E-8	4.275527E-3
5.570000E-8	3.888402E-3
5.575000E-8	3.443036E-3
5.580000E-8	2.977115E-3
5.585000E-8	2.538600E-3
5.590000E-8	2.149761E-3
5.595000E-8	1.796894E-3
5.600000E-8	1.488564E-3
5.605000E-8	1.267594E-3
5.610000E-8	1.159678E-3
5.615000E-8	1.132270E-3
5.620000E-8	1.187084E-3
5.625000E-8	1.351527E-3
5.630000E-8	1.630737E-3
5.635000E-8	2.000733E-3
5.640000E-8	2.410127E-3
5.645000E-8	2.838363E-3
5.650000E-8	3.295720E-3
5.655000E-8	3.756502E-3
5.660000E-8	4.150480E-3
5.665000E-8	4.450246E-3
5.670000E-8	4.690058E-3
5.675000E-8	4.861353E-3
5.680000E-8	4.890473E-3
5.685000E-8	4.763716E-3
5.690000E-8	4.547885E-3
5.695000E-8	4.266962E-3
5.700000E-8	3.907244E-3
5.705000E-8	3.496137E-3
5.710000E-8	3.109012E-3
5.715000E-8	2.752719E-3
5.720000E-8	2.420407E-3
5.725000E-8	2.132632E-3
5.730000E-8	1.927079E-3
5.735000E-8	1.812311E-3
5.740000E-8	1.769487E-3
5.745000E-8	1.812311E-3
5.750000E-8	1.952772E-3
5.755000E-8	2.144621E-3
5.760000E-8	2.357027E-3
5.765000E-8	2.610542E-3
5.770000E-8	2.941141E-3
5.775000E-8	3.305998E-3
5.780000E-8	3.645162E-3
5.785000E-8	3.962057E-3
5.790000E-8	4.308072E-3
5.795000E-8	4.647236E-3
5.800000E-8	4.899039E-3
5.805000E-8	5.063482E-3
5.810000E-8	5.166259E-3
5.815000E-8	5.169685E-3
5.820000E-8	5.020659E-3
5.825000E-8	4.779134E-3
5.830000E-8	4.499924E-3
5.835000E-8	4.157335E-3
5.840000E-8	3.735950E-3
5.845000E-8	3.304287E-3
5.850000E-8	2.930865E-3
5.855000E-8	2.613970E-3
5.860000E-8	2.336473E-3
5.865000E-8	2.117215E-3
5.870000E-8	1.983605E-3
5.875000E-8	1.933930E-3
5.880000E-8	1.959624E-3
5.885000E-8	2.050410E-3
5.890000E-8	2.204575E-3
5.895000E-8	2.413554E-3
5.900000E-8	2.641376E-3
5.905000E-8	2.869197E-3
5.910000E-8	3.121000E-3
5.915000E-8	3.410488E-3
5.920000E-8	3.681133E-3
5.925000E-8	3.929510E-3
5.930000E-8	4.160758E-3
5.935000E-8	4.340617E-3
5.940000E-8	4.422839E-3
5.945000E-8	4.433117E-3
5.950000E-8	4.390294E-3
5.955000E-8	4.294369E-3
5.960000E-8	4.126501E-3
5.965000E-8	3.905531E-3
5.970000E-8	3.638312E-3
5.975000E-8	3.338546E-3
5.980000E-8	3.014800E-3
5.985000E-8	2.665359E-3
5.990000E-8	2.333047E-3
5.995000E-8	2.057262E-3
6.000000E-8	1.826014E-3
6.005000E-8	1.647868E-3
6.010000E-8	1.584488E-3
6.015000E-8	1.651293E-3
6.020000E-8	1.769486E-3
6.025000E-8	1.947632E-3
6.030000E-8	2.269666E-3
6.035000E-8	2.699616E-3
6.040000E-8	3.100445E-3
6.045000E-8	3.470441E-3
6.050000E-8	3.871271E-3
6.055000E-8	4.241267E-3
6.060000E-8	4.481080E-3
6.065000E-8	4.606125E-3
6.070000E-8	4.652375E-3
6.075000E-8	4.587283E-3
6.080000E-8	4.390294E-3
6.085000E-8	4.138491E-3
6.090000E-8	3.883262E-3
6.095000E-8	3.612617E-3
6.100000E-8	3.326555E-3
6.105000E-8	3.091881E-3
6.110000E-8	2.934290E-3
6.115000E-8	2.814384E-3
6.120000E-8	2.706468E-3
6.125000E-8	2.634525E-3
6.130000E-8	2.612256E-3
6.135000E-8	2.607117E-3
6.140000E-8	2.584849E-3
6.145000E-8	2.579710E-3
6.150000E-8	2.608830E-3
6.155000E-8	2.643089E-3
6.160000E-8	2.701329E-3
6.165000E-8	2.786976E-3
6.170000E-8	2.874336E-3
6.175000E-8	2.954845E-3
6.180000E-8	3.050769E-3
6.185000E-8	3.150120E-3
6.190000E-8	3.232342E-3
6.195000E-8	3.314563E-3
6.200000E-8	3.364239E-3
6.205000E-8	3.353961E-3
6.210000E-8	3.333406E-3
6.215000E-8	3.323128E-3
6.220000E-8	3.246046E-3
6.225000E-8	3.117575E-3
6.230000E-8	3.007947E-3
6.235000E-8	2.889754E-3
6.240000E-8	2.723598E-3
6.245000E-8	2.566007E-3
6.250000E-8	2.439249E-3
6.255000E-8	2.285084E-3
6.260000E-8	2.125780E-3
6.265000E-8	2.028141E-3
6.270000E-8	1.973327E-3
6.275000E-8	1.928790E-3
6.280000E-8	1.932216E-3
6.285000E-8	2.000734E-3
6.290000E-8	2.124066E-3
6.295000E-8	2.303925E-3
6.300000E-8	2.507766E-3
6.305000E-8	2.720171E-3
6.310000E-8	2.970261E-3
6.315000E-8	3.268314E-3
6.320000E-8	3.526969E-3
6.325000E-8	3.730809E-3
6.330000E-8	3.927798E-3
6.335000E-8	4.087102E-3
6.340000E-8	4.150481E-3
6.345000E-8	4.140203E-3
6.350000E-8	4.073398E-3
6.355000E-8	3.931224E-3
6.360000E-8	3.727383E-3
6.365000E-8	3.499561E-3
6.370000E-8	3.244332E-3
6.375000E-8	2.970261E-3
6.380000E-8	2.728736E-3
6.385000E-8	2.521469E-3
6.390000E-8	2.333045E-3
6.395000E-8	2.177167E-3
6.400000E-8	2.096659E-3
6.405000E-8	2.096659E-3
6.410000E-8	2.154899E-3
6.415000E-8	2.243972E-3
6.420000E-8	2.362165E-3
6.425000E-8	2.519756E-3
6.430000E-8	2.697903E-3
6.435000E-8	2.858919E-3
6.440000E-8	3.014797E-3
6.445000E-8	3.179240E-3
6.450000E-8	3.333405E-3
6.455000E-8	3.455024E-3
6.460000E-8	3.538959E-3
6.465000E-8	3.583495E-3
6.470000E-8	3.604051E-3
6.475000E-8	3.609190E-3
6.480000E-8	3.569792E-3
6.485000E-8	3.460164E-3
6.490000E-8	3.317990E-3
6.495000E-8	3.163825E-3
6.500000E-8	2.973688E-3
6.505000E-8	2.745866E-3
6.510000E-8	2.516332E-3
6.515000E-8	2.278232E-3
6.520000E-8	2.052123E-3
6.525000E-8	1.877403E-3
6.530000E-8	1.747218E-3
6.535000E-8	1.634164E-3
6.540000E-8	1.570785E-3
6.545000E-8	1.618747E-3
6.550000E-8	1.731802E-3
6.555000E-8	1.860272E-3
6.560000E-8	2.012725E-3
6.565000E-8	2.204574E-3
6.570000E-8	2.415267E-3
6.575000E-8	2.601978E-3
6.580000E-8	2.756143E-3
6.585000E-8	2.893178E-3
6.590000E-8	3.019936E-3
6.595000E-8	3.114148E-3
6.600000E-8	3.138129E-3
6.605000E-8	3.115861E-3
6.610000E-8	3.114148E-3
6.615000E-8	3.112435E-3
6.620000E-8	3.033640E-3
6.625000E-8	2.874336E-3
6.630000E-8	2.691050E-3
6.635000E-8	2.478645E-3
6.640000E-8	2.219990E-3
6.645000E-8	1.951058E-3
6.650000E-8	1.719810E-3
6.655000E-8	1.522821E-3
6.660000E-8	1.361804E-3
6.665000E-8	1.262453E-3
6.670000E-8	1.257315E-3
6.675000E-8	1.324120E-3
6.680000E-8	1.447452E-3
6.685000E-8	1.646154E-3
6.690000E-8	1.921938E-3
6.695000E-8	2.221704E-3
6.700000E-8	2.518044E-3
6.705000E-8	2.817809E-3
6.710000E-8	3.098733E-3
6.715000E-8	3.305999E-3
6.720000E-8	3.434470E-3
6.725000E-8	3.497849E-3
6.730000E-8	3.504700E-3
6.735000E-8	3.467015E-3
6.740000E-8	3.412201E-3
6.745000E-8	3.357387E-3
6.750000E-8	3.300859E-3
6.755000E-8	3.258036E-3
6.760000E-8	3.223777E-3
6.765000E-8	3.194658E-3
6.770000E-8	3.175815E-3
6.775000E-8	3.136418E-3
6.780000E-8	3.049058E-3
6.785000E-8	2.956559E-3
6.790000E-8	2.888041E-3
6.795000E-8	2.800681E-3
6.800000E-8	2.680775E-3
6.805000E-8	2.576285E-3
6.810000E-8	2.512906E-3
6.815000E-8	2.475221E-3
6.820000E-8	2.454665E-3
6.825000E-8	2.478646E-3
6.830000E-8	2.584848E-3
6.835000E-8	2.768133E-3
6.840000E-8	2.992529E-3
6.845000E-8	3.247758E-3
6.850000E-8	3.525255E-3
6.855000E-8	3.794188E-3
6.860000E-8	4.025436E-3
6.865000E-8	4.215573E-3
6.870000E-8	4.344044E-3
6.875000E-8	4.374877E-3
6.880000E-8	4.311499E-3
6.885000E-8	4.177889E-3
6.890000E-8	3.965484E-3
6.895000E-8	3.677709E-3
6.900000E-8	3.347110E-3
6.905000E-8	2.992530E-3
6.910000E-8	2.637950E-3
6.915000E-8	2.300500E-3
6.920000E-8	1.985317E-3
6.925000E-8	1.706107E-3
6.930000E-8	1.502267E-3
6.935000E-8	1.385786E-3
6.940000E-8	1.332685E-3
6.945000E-8	1.315555E-3
6.950000E-8	1.349814E-3
6.955000E-8	1.449165E-3
6.960000E-8	1.594765E-3
6.965000E-8	1.774625E-3
6.970000E-8	2.005872E-3
6.975000E-8	2.267953E-3
6.980000E-8	2.523182E-3
6.985000E-8	2.773272E-3
6.990000E-8	3.049056E-3
6.995000E-8	3.309424E-3
7.000000E-8	3.487571E-3
7.005000E-8	3.580070E-3
7.010000E-8	3.631458E-3
7.015000E-8	3.631458E-3
7.020000E-8	3.532108E-3
7.025000E-8	3.335119E-3
7.030000E-8	3.109010E-3
7.035000E-8	2.900031E-3
7.040000E-8	2.677348E-3
7.045000E-8	2.425545E-3
7.050000E-8	2.231982E-3
7.055000E-8	2.156613E-3
7.060000E-8	2.158326E-3
7.065000E-8	2.213140E-3
7.070000E-8	2.360453E-3
7.075000E-8	2.574571E-3
7.080000E-8	2.786976E-3
7.085000E-8	3.019937E-3
7.090000E-8	3.295721E-3
7.095000E-8	3.525255E-3
7.100000E-8	3.658865E-3
7.105000E-8	3.758216E-3
7.110000E-8	3.828446E-3
7.115000E-8	3.795900E-3
7.120000E-8	3.681133E-3
7.125000E-8	3.554375E-3
7.130000E-8	3.417339E-3
7.135000E-8	3.239193E-3
7.140000E-8	3.031927E-3
7.145000E-8	2.836651E-3
7.150000E-8	2.661930E-3
7.155000E-8	2.519756E-3
7.160000E-8	2.399850E-3
7.165000E-8	2.314203E-3
7.170000E-8	2.286796E-3
7.175000E-8	2.302212E-3
7.180000E-8	2.321055E-3
7.185000E-8	2.339897E-3
7.190000E-8	2.367305E-3
7.195000E-8	2.382721E-3
7.200000E-8	2.362166E-3
7.205000E-8	2.345036E-3
7.210000E-8	2.346749E-3
7.215000E-8	2.353601E-3
7.220000E-8	2.381008E-3
7.225000E-8	2.446100E-3
7.230000E-8	2.536886E-3
7.235000E-8	2.637950E-3
7.240000E-8	2.780125E-3
7.245000E-8	2.954845E-3
7.250000E-8	3.122714E-3
7.255000E-8	3.280305E-3
7.260000E-8	3.417340E-3
7.265000E-8	3.518404E-3
7.270000E-8	3.569793E-3
7.275000E-8	3.588635E-3
7.280000E-8	3.562941E-3
7.285000E-8	3.485858E-3
7.290000E-8	3.389933E-3
7.295000E-8	3.283731E-3
7.300000E-8	3.155260E-3
7.305000E-8	3.025076E-3
7.310000E-8	2.908595E-3
7.315000E-8	2.814383E-3
7.320000E-8	2.745865E-3
7.325000E-8	2.682486E-3
7.330000E-8	2.612255E-3
7.335000E-8	2.555728E-3
7.340000E-8	2.519756E-3
7.345000E-8	2.473507E-3
7.350000E-8	2.432396E-3
7.355000E-8	2.437535E-3
7.360000E-8	2.452951E-3
7.365000E-8	2.447812E-3
7.370000E-8	2.482071E-3
7.375000E-8	2.581422E-3
7.380000E-8	2.670495E-3
7.385000E-8	2.752716E-3
7.390000E-8	2.891465E-3
7.395000E-8	3.054195E-3
7.400000E-8	3.174101E-3
7.405000E-8	3.287156E-3
7.410000E-8	3.429330E-3
7.415000E-8	3.516691E-3
7.420000E-8	3.526969E-3
7.425000E-8	3.516691E-3
7.430000E-8	3.484145E-3
7.435000E-8	3.413915E-3
7.440000E-8	3.317990E-3
7.445000E-8	3.206649E-3
7.450000E-8	3.061048E-3
7.455000E-8	2.910309E-3
7.460000E-8	2.785264E-3
7.465000E-8	2.660219E-3
7.470000E-8	2.547164E-3
7.475000E-8	2.500915E-3
7.480000E-8	2.512905E-3
7.485000E-8	2.555729E-3
7.490000E-8	2.668783E-3
7.495000E-8	2.850355E-3
7.500000E-8	3.038779E-3
7.505000E-8	3.232342E-3
7.510000E-8	3.451599E-3
7.515000E-8	3.631459E-3
7.520000E-8	3.710254E-3
7.525000E-8	3.725671E-3
7.530000E-8	3.711967E-3
7.535000E-8	3.628033E-3
7.540000E-8	3.456738E-3
7.545000E-8	3.244333E-3
7.550000E-8	3.016511E-3
7.555000E-8	2.762995E-3
7.560000E-8	2.506053E-3
7.565000E-8	2.273092E-3
7.570000E-8	2.067538E-3
7.575000E-8	1.896244E-3
7.580000E-8	1.771199E-3
7.585000E-8	1.675274E-3
7.590000E-8	1.603330E-3
7.595000E-8	1.574210E-3
7.600000E-8	1.579349E-3
7.605000E-8	1.574210E-3
7.610000E-8	1.577636E-3
7.615000E-8	1.634163E-3
7.620000E-8	1.716385E-3
7.625000E-8	1.784902E-3
7.630000E-8	1.885966E-3
7.635000E-8	2.052122E-3
7.640000E-8	2.252537E-3
7.645000E-8	2.458091E-3
7.650000E-8	2.685912E-3
7.655000E-8	2.932577E-3
7.660000E-8	3.160399E-3
7.665000E-8	3.352249E-3
7.670000E-8	3.518405E-3
7.675000E-8	3.670857E-3
7.680000E-8	3.773634E-3
7.685000E-8	3.801041E-3
7.690000E-8	3.768495E-3
7.695000E-8	3.708542E-3
7.700000E-8	3.597200E-3
7.705000E-8	3.439609E-3
7.710000E-8	3.297435E-3
7.715000E-8	3.182667E-3
7.720000E-8	3.038779E-3
7.725000E-8	2.869197E-3
7.730000E-8	2.745865E-3
7.735000E-8	2.672208E-3
7.740000E-8	2.615681E-3
7.745000E-8	2.574570E-3
7.750000E-8	2.562579E-3
7.755000E-8	2.571144E-3
7.760000E-8	2.613968E-3
7.765000E-8	2.715032E-3
7.770000E-8	2.853780E-3
7.775000E-8	2.965122E-3
7.780000E-8	3.045631E-3
7.785000E-8	3.121001E-3
7.790000E-8	3.198083E-3
7.795000E-8	3.234055E-3
7.800000E-8	3.220352E-3
7.805000E-8	3.167250E-3
7.810000E-8	3.085029E-3
7.815000E-8	2.985678E-3
7.820000E-8	2.891466E-3
7.825000E-8	2.788689E-3
7.830000E-8	2.672209E-3
7.835000E-8	2.581423E-3
7.840000E-8	2.526609E-3
7.845000E-8	2.502628E-3
7.850000E-8	2.487212E-3
7.855000E-8	2.466656E-3
7.860000E-8	2.423833E-3
7.865000E-8	2.374158E-3
7.870000E-8	2.338186E-3
7.875000E-8	2.305639E-3
7.880000E-8	2.254251E-3
7.885000E-8	2.209714E-3
7.890000E-8	2.199436E-3
7.895000E-8	2.196010E-3
7.900000E-8	2.197722E-3
7.905000E-8	2.226842E-3
7.910000E-8	2.285082E-3
7.915000E-8	2.375868E-3
7.920000E-8	2.480358E-3
7.925000E-8	2.581421E-3
7.930000E-8	2.677347E-3
7.935000E-8	2.756142E-3
7.940000E-8	2.793827E-3
7.945000E-8	2.793827E-3
7.950000E-8	2.804105E-3
7.955000E-8	2.809244E-3
7.960000E-8	2.780124E-3
7.965000E-8	2.737301E-3
7.970000E-8	2.680774E-3
7.975000E-8	2.589988E-3
7.980000E-8	2.461517E-3
7.985000E-8	2.334759E-3
7.990000E-8	2.254250E-3
7.995000E-8	2.211427E-3
8.000000E-8	2.156612E-3
8.005000E-8	2.077817E-3
8.010000E-8	2.033280E-3
8.015000E-8	2.036705E-3
8.020000E-8	2.031566E-3
8.025000E-8	2.040131E-3
8.030000E-8	2.113787E-3
8.035000E-8	2.223416E-3
8.040000E-8	2.334757E-3
8.045000E-8	2.466654E-3
8.050000E-8	2.620819E-3
8.055000E-8	2.728735E-3
8.060000E-8	2.790401E-3
8.065000E-8	2.852067E-3
8.070000E-8	2.913733E-3
8.075000E-8	2.920585E-3
8.080000E-8	2.884613E-3
8.085000E-8	2.843503E-3
8.090000E-8	2.816096E-3
8.095000E-8	2.804105E-3
8.100000E-8	2.781837E-3
8.105000E-8	2.742439E-3
8.110000E-8	2.704754E-3
8.115000E-8	2.691051E-3
8.120000E-8	2.673921E-3
8.125000E-8	2.651653E-3
8.130000E-8	2.670495E-3
8.135000E-8	2.709893E-3
8.140000E-8	2.721884E-3
8.145000E-8	2.740726E-3
8.150000E-8	2.780124E-3
8.155000E-8	2.778411E-3
8.160000E-8	2.718458E-3
8.165000E-8	2.679060E-3
8.170000E-8	2.696190E-3
8.175000E-8	2.720171E-3
8.180000E-8	2.718458E-3
8.185000E-8	2.723597E-3
8.190000E-8	2.737301E-3
8.195000E-8	2.757856E-3
8.200000E-8	2.788690E-3
8.205000E-8	2.812671E-3
8.210000E-8	2.843504E-3
8.215000E-8	2.903457E-3
8.220000E-8	2.961698E-3
8.225000E-8	2.992531E-3
8.230000E-8	3.025077E-3
8.235000E-8	3.038780E-3
8.240000E-8	3.013086E-3
8.245000E-8	2.970262E-3
8.250000E-8	2.947994E-3
8.255000E-8	2.910309E-3
8.260000E-8	2.858920E-3
8.265000E-8	2.841791E-3
8.270000E-8	2.858920E-3
8.275000E-8	2.870910E-3
8.280000E-8	2.900030E-3
8.285000E-8	2.959983E-3
8.290000E-8	3.013085E-3
8.295000E-8	3.055908E-3
8.300000E-8	3.110723E-3
8.305000E-8	3.160398E-3
8.310000E-8	3.179241E-3
8.315000E-8	3.182666E-3
8.320000E-8	3.172389E-3
8.325000E-8	3.138130E-3
8.330000E-8	3.100445E-3
8.335000E-8	3.081602E-3
8.340000E-8	3.052482E-3
8.345000E-8	3.002807E-3
8.350000E-8	2.953131E-3
8.355000E-8	2.932576E-3
8.360000E-8	2.915447E-3
8.365000E-8	2.881188E-3
8.370000E-8	2.841790E-3
8.375000E-8	2.798967E-3
8.380000E-8	2.740727E-3
8.385000E-8	2.684200E-3
8.390000E-8	2.667071E-3
8.395000E-8	2.675635E-3
8.400000E-8	2.667071E-3
8.405000E-8	2.653367E-3
8.410000E-8	2.677348E-3
8.415000E-8	2.751005E-3
8.420000E-8	2.834939E-3
8.425000E-8	2.900031E-3
8.430000E-8	2.958270E-3
8.435000E-8	3.007946E-3
8.440000E-8	3.043917E-3
8.445000E-8	3.059334E-3
8.450000E-8	3.033640E-3
8.455000E-8	2.965122E-3
8.460000E-8	2.886326E-3
8.465000E-8	2.840077E-3
8.470000E-8	2.828086E-3
8.475000E-8	2.807531E-3
8.480000E-8	2.771559E-3
8.485000E-8	2.754430E-3
8.490000E-8	2.762995E-3
8.495000E-8	2.742439E-3
8.500000E-8	2.673922E-3
8.505000E-8	2.610543E-3
8.510000E-8	2.571145E-3
8.515000E-8	2.516331E-3
8.520000E-8	2.437535E-3
8.525000E-8	2.351888E-3
8.530000E-8	2.254250E-3
8.535000E-8	2.153186E-3
8.540000E-8	2.088094E-3
8.545000E-8	2.064113E-3
8.550000E-8	2.070964E-3
8.555000E-8	2.130918E-3
8.560000E-8	2.226843E-3
8.565000E-8	2.339897E-3
8.570000E-8	2.454665E-3
8.575000E-8	2.569432E-3
8.580000E-8	2.649940E-3
8.585000E-8	2.711606E-3
8.590000E-8	2.792115E-3
8.595000E-8	2.865771E-3
8.600000E-8	2.893178E-3
8.605000E-8	2.924011E-3
8.610000E-8	3.006232E-3
8.615000E-8	3.085028E-3
8.620000E-8	3.102157E-3
8.625000E-8	3.088454E-3
8.630000E-8	3.103870E-3
8.635000E-8	3.103870E-3
8.640000E-8	3.028501E-3
8.645000E-8	2.903456E-3
8.650000E-8	2.793827E-3
8.655000E-8	2.672208E-3
8.660000E-8	2.530033E-3
8.665000E-8	2.392998E-3
8.670000E-8	2.309063E-3
8.675000E-8	2.261101E-3
8.680000E-8	2.240546E-3
8.685000E-8	2.266240E-3
8.690000E-8	2.367304E-3
8.695000E-8	2.500913E-3
8.700000E-8	2.603690E-3
8.705000E-8	2.682486E-3
8.710000E-8	2.793827E-3
8.715000E-8	2.913734E-3
8.720000E-8	2.968548E-3
8.725000E-8	2.961697E-3
8.730000E-8	2.946280E-3
8.735000E-8	2.910308E-3
8.740000E-8	2.831513E-3
8.745000E-8	2.718459E-3
8.750000E-8	2.612256E-3
8.755000E-8	2.506053E-3
8.760000E-8	2.413554E-3
8.765000E-8	2.346749E-3
8.770000E-8	2.321055E-3
8.775000E-8	2.314203E-3
8.780000E-8	2.305639E-3
8.785000E-8	2.302213E-3
8.790000E-8	2.326194E-3
8.795000E-8	2.408415E-3
8.800000E-8	2.512905E-3
8.805000E-8	2.589987E-3
8.810000E-8	2.646514E-3
8.815000E-8	2.713319E-3
8.820000E-8	2.780124E-3
8.825000E-8	2.812669E-3
8.830000E-8	2.846928E-3
8.835000E-8	2.901742E-3
8.840000E-8	2.924010E-3
8.845000E-8	2.932575E-3
8.850000E-8	2.966834E-3
8.855000E-8	3.011371E-3
8.860000E-8	3.023361E-3
8.865000E-8	3.018223E-3
8.870000E-8	3.019936E-3
8.875000E-8	2.994242E-3
8.880000E-8	2.901743E-3
8.885000E-8	2.781837E-3
8.890000E-8	2.673921E-3
8.895000E-8	2.555728E-3
8.900000E-8	2.416979E-3
8.905000E-8	2.307351E-3
8.910000E-8	2.279944E-3
8.915000E-8	2.293647E-3
8.920000E-8	2.307350E-3
8.925000E-8	2.351887E-3
8.930000E-8	2.461515E-3
8.935000E-8	2.589986E-3
8.940000E-8	2.704753E-3
8.945000E-8	2.817808E-3
8.950000E-8	2.932575E-3
8.955000E-8	3.037065E-3
8.960000E-8	3.100444E-3
8.965000E-8	3.097018E-3
8.970000E-8	3.057620E-3
8.975000E-8	3.055908E-3
8.980000E-8	3.076463E-3
8.985000E-8	3.083315E-3
8.990000E-8	3.100445E-3
8.995000E-8	3.163824E-3
9.000000E-8	3.230629E-3
9.005000E-8	3.290583E-3
9.010000E-8	3.359101E-3
9.015000E-8	3.393360E-3
9.020000E-8	3.347110E-3
9.025000E-8	3.268315E-3
9.030000E-8	3.175815E-3
9.035000E-8	3.016511E-3
9.040000E-8	2.817809E-3
9.045000E-8	2.651653E-3
9.050000E-8	2.514617E-3
9.055000E-8	2.372443E-3
9.060000E-8	2.288508E-3
9.065000E-8	2.305638E-3
9.070000E-8	2.353600E-3
9.075000E-8	2.408415E-3
9.080000E-8	2.499201E-3
9.085000E-8	2.608830E-3
9.090000E-8	2.682486E-3
9.095000E-8	2.721884E-3
9.100000E-8	2.718458E-3
9.105000E-8	2.648227E-3
9.110000E-8	2.554015E-3
9.115000E-8	2.483784E-3
9.120000E-8	2.418692E-3
9.125000E-8	2.343322E-3
9.130000E-8	2.297073E-3
9.135000E-8	2.267953E-3
9.140000E-8	2.257675E-3
9.145000E-8	2.298786E-3
9.150000E-8	2.381007E-3
9.155000E-8	2.446099E-3
9.160000E-8	2.494062E-3
9.165000E-8	2.555728E-3
9.170000E-8	2.588274E-3
9.175000E-8	2.567719E-3
9.180000E-8	2.512904E-3
9.185000E-8	2.439248E-3
9.190000E-8	2.367304E-3
9.195000E-8	2.302211E-3
9.200000E-8	2.250823E-3
9.205000E-8	2.219990E-3
9.210000E-8	2.209712E-3
9.215000E-8	2.201147E-3
9.220000E-8	2.163462E-3
9.225000E-8	2.112073E-3
9.230000E-8	2.072675E-3
9.235000E-8	2.009296E-3
9.240000E-8	1.916797E-3
9.245000E-8	1.834575E-3
9.250000E-8	1.784900E-3
9.255000E-8	1.759206E-3
9.260000E-8	1.748928E-3
9.265000E-8	1.748928E-3
9.270000E-8	1.781475E-3
9.275000E-8	1.877400E-3
9.280000E-8	2.005871E-3
9.285000E-8	2.130917E-3
9.290000E-8	2.262814E-3
9.295000E-8	2.427257E-3
9.300000E-8	2.555728E-3
9.305000E-8	2.648228E-3
9.310000E-8	2.751004E-3
9.315000E-8	2.860633E-3
9.320000E-8	2.898318E-3
9.325000E-8	2.906882E-3
9.330000E-8	2.965123E-3
9.335000E-8	3.025076E-3
9.340000E-8	3.028502E-3
9.345000E-8	2.997668E-3
9.350000E-8	2.971974E-3
9.355000E-8	2.924012E-3
9.360000E-8	2.860633E-3
9.365000E-8	2.785263E-3
9.370000E-8	2.692764E-3
9.375000E-8	2.577996E-3
9.380000E-8	2.468368E-3
9.385000E-8	2.381008E-3
9.390000E-8	2.329619E-3
9.395000E-8	2.302212E-3
9.400000E-8	2.269666E-3
9.405000E-8	2.254249E-3
9.410000E-8	2.285082E-3
9.415000E-8	2.331332E-3
9.420000E-8	2.348461E-3
9.425000E-8	2.362165E-3
9.430000E-8	2.427257E-3
9.435000E-8	2.514617E-3
9.440000E-8	2.571144E-3
9.445000E-8	2.632811E-3
9.450000E-8	2.733874E-3
9.455000E-8	2.816096E-3
9.460000E-8	2.843503E-3
9.465000E-8	2.882901E-3
9.470000E-8	2.941141E-3
9.475000E-8	2.966835E-3
9.480000E-8	2.942854E-3
9.485000E-8	2.900030E-3
9.490000E-8	2.855493E-3
9.495000E-8	2.809244E-3
9.500000E-8	2.764707E-3
9.505000E-8	2.703041E-3
9.510000E-8	2.643088E-3
9.515000E-8	2.624245E-3
9.520000E-8	2.620819E-3
9.525000E-8	2.593412E-3
9.530000E-8	2.560867E-3
9.535000E-8	2.547163E-3
9.540000E-8	2.531747E-3
9.545000E-8	2.511192E-3
9.550000E-8	2.502627E-3
9.555000E-8	2.488924E-3
9.560000E-8	2.459804E-3
9.565000E-8	2.428971E-3
9.570000E-8	2.418693E-3
9.575000E-8	2.435822E-3
9.580000E-8	2.452952E-3
9.585000E-8	2.461516E-3
9.590000E-8	2.490636E-3
9.595000E-8	2.552302E-3
9.600000E-8	2.581422E-3
9.605000E-8	2.574571E-3
9.610000E-8	2.600265E-3
9.615000E-8	2.660218E-3
9.620000E-8	2.685912E-3
9.625000E-8	2.656792E-3
9.630000E-8	2.636236E-3
9.635000E-8	2.632811E-3
9.640000E-8	2.617394E-3
9.645000E-8	2.579709E-3
9.650000E-8	2.547163E-3
9.655000E-8	2.533459E-3
9.660000E-8	2.528320E-3
9.665000E-8	2.526608E-3
9.670000E-8	2.538598E-3
9.675000E-8	2.540311E-3
9.680000E-8	2.533459E-3
9.685000E-8	2.543737E-3
9.690000E-8	2.571144E-3
9.695000E-8	2.603690E-3
9.700000E-8	2.631097E-3
9.705000E-8	2.661930E-3
9.710000E-8	2.711606E-3
9.715000E-8	2.756142E-3
9.720000E-8	2.759568E-3
9.725000E-8	2.745864E-3
9.730000E-8	2.759568E-3
9.735000E-8	2.785262E-3
9.740000E-8	2.780123E-3
9.745000E-8	2.783548E-3
9.750000E-8	2.810956E-3
9.755000E-8	2.819520E-3
9.760000E-8	2.783548E-3
9.765000E-8	2.757854E-3
9.770000E-8	2.749290E-3
9.775000E-8	2.720170E-3
9.780000E-8	2.665356E-3
9.785000E-8	2.620819E-3
9.790000E-8	2.613968E-3
9.795000E-8	2.639662E-3
9.800000E-8	2.663644E-3
9.805000E-8	2.682486E-3
9.810000E-8	2.709894E-3
9.815000E-8	2.730449E-3
9.820000E-8	2.720171E-3
9.825000E-8	2.723597E-3
9.830000E-8	2.737301E-3
9.835000E-8	2.718458E-3
9.840000E-8	2.684199E-3
9.845000E-8	2.680773E-3
9.850000E-8	2.663644E-3
9.855000E-8	2.615681E-3
9.860000E-8	2.596839E-3
9.865000E-8	2.627672E-3
9.870000E-8	2.668783E-3
9.875000E-8	2.703042E-3
9.880000E-8	2.742439E-3
9.885000E-8	2.802393E-3
9.890000E-8	2.888040E-3
9.895000E-8	2.970261E-3
9.900000E-8	3.009659E-3
9.905000E-8	3.062760E-3
9.910000E-8	3.155259E-3
9.915000E-8	3.222064E-3
9.920000E-8	3.232341E-3
9.925000E-8	3.230628E-3
9.930000E-8	3.230628E-3
9.935000E-8	3.192943E-3
9.940000E-8	3.110722E-3
9.945000E-8	3.006232E-3
9.950000E-8	2.891465E-3
9.955000E-8	2.764707E-3
9.960000E-8	2.600264E-3
9.965000E-8	2.408414E-3
9.970000E-8	2.247397E-3
9.975000E-8	2.148046E-3
9.980000E-8	2.091518E-3
9.985000E-8	2.091518E-3
9.990000E-8	2.175453E-3
9.995000E-8	2.300498E-3
1.000000E-7	2.422118E-3
1.000500E-7	2.531746E-3
1.001000E-7	2.649940E-3
1.001500E-7	2.752717E-3
1.002000E-7	2.812670E-3
1.002500E-7	2.826374E-3
1.003000E-7	2.797254E-3
1.003500E-7	2.708181E-3
1.004000E-7	2.588274E-3
1.004500E-7	2.437535E-3
1.005000E-7	2.267953E-3
1.005500E-7	2.118926E-3
1.006000E-7	1.997307E-3
1.006500E-7	1.901382E-3
1.007000E-7	1.867123E-3
1.007500E-7	1.908233E-3
1.008000E-7	1.981890E-3
1.008500E-7	2.076102E-3
1.009000E-7	2.231980E-3
1.009500E-7	2.413553E-3
1.010000E-7	2.552301E-3
1.010500E-7	2.680773E-3
1.011000E-7	2.841790E-3
1.011500E-7	2.978825E-3
1.012000E-7	3.062760E-3
1.012500E-7	3.129565E-3
1.013000E-7	3.174101E-3
1.013500E-7	3.163823E-3
1.014000E-7	3.121000E-3
1.014500E-7	3.057621E-3
1.015000E-7	2.971973E-3
1.015500E-7	2.872622E-3
1.016000E-7	2.752716E-3
1.016500E-7	2.586560E-3
1.017000E-7	2.427256E-3
1.017500E-7	2.314202E-3
1.018000E-7	2.194295E-3
1.018500E-7	2.069250E-3
1.019000E-7	1.992168E-3
1.019500E-7	1.963047E-3
1.020000E-7	1.925363E-3
1.020500E-7	1.904807E-3
1.021000E-7	1.949344E-3
1.021500E-7	1.992168E-3
1.022000E-7	2.028140E-3
1.022500E-7	2.105223E-3
1.023000E-7	2.228555E-3
1.023500E-7	2.339897E-3
1.024000E-7	2.437535E-3
1.024500E-7	2.536886E-3
1.025000E-7	2.613969E-3
1.025500E-7	2.679061E-3
1.026000E-7	2.761282E-3
1.026500E-7	2.841790E-3
1.027000E-7	2.893179E-3
1.027500E-7	2.934289E-3
1.028000E-7	2.946280E-3
1.028500E-7	2.906882E-3
1.029000E-7	2.846929E-3
1.029500E-7	2.781837E-3
1.030000E-7	2.691050E-3
1.030500E-7	2.583135E-3
1.031000E-7	2.511191E-3
1.031500E-7	2.468368E-3
1.032000E-7	2.406702E-3
1.032500E-7	2.350175E-3
1.033000E-7	2.336471E-3
1.033500E-7	2.372443E-3
1.034000E-7	2.430683E-3
1.034500E-7	2.514617E-3
1.035000E-7	2.632811E-3
1.035500E-7	2.774985E-3
1.036000E-7	2.900030E-3
1.036500E-7	2.989103E-3
1.037000E-7	3.064473E-3
1.037500E-7	3.134704E-3
1.038000E-7	3.167250E-3
1.038500E-7	3.141555E-3
1.039000E-7	3.102158E-3
1.039500E-7	3.038779E-3
1.040000E-7	2.937715E-3
1.040500E-7	2.817808E-3
1.041000E-7	2.718457E-3
1.041500E-7	2.627671E-3
1.042000E-7	2.531746E-3
1.042500E-7	2.461515E-3
1.043000E-7	2.422118E-3
1.043500E-7	2.375868E-3
1.044000E-7	2.319341E-3
1.044500E-7	2.271379E-3
1.045000E-7	2.237120E-3
1.045500E-7	2.225129E-3
1.046000E-7	2.237120E-3
1.046500E-7	2.257675E-3
1.047000E-7	2.305638E-3
1.047500E-7	2.389573E-3
1.048000E-7	2.454665E-3
1.048500E-7	2.487211E-3
1.049000E-7	2.557442E-3
1.049500E-7	2.672209E-3
1.050000E-7	2.745866E-3
1.050500E-7	2.797254E-3
1.051000E-7	2.874337E-3
1.051500E-7	2.918874E-3
1.052000E-7	2.879476E-3
1.052500E-7	2.850356E-3
1.053000E-7	2.848643E-3
1.053500E-7	2.795541E-3
1.054000E-7	2.696190E-3
1.054500E-7	2.610543E-3
1.055000E-7	2.536886E-3
1.055500E-7	2.468368E-3
1.056000E-7	2.427257E-3
1.056500E-7	2.403275E-3
1.057000E-7	2.398136E-3
1.057500E-7	2.435821E-3
1.058000E-7	2.511191E-3
1.058500E-7	2.588273E-3
1.059000E-7	2.682485E-3
1.059500E-7	2.768132E-3
1.060000E-7	2.786975E-3
1.060500E-7	2.759567E-3
1.061000E-7	2.752715E-3
1.061500E-7	2.745864E-3
1.062000E-7	2.675633E-3
1.062500E-7	2.574569E-3
1.063000E-7	2.502625E-3
1.063500E-7	2.447811E-3
1.064000E-7	2.384432E-3
1.064500E-7	2.338183E-3
1.065000E-7	2.327905E-3
1.065500E-7	2.343322E-3
1.066000E-7	2.355313E-3
1.066500E-7	2.353600E-3
1.067000E-7	2.374156E-3
1.067500E-7	2.408415E-3
1.068000E-7	2.422118E-3
1.068500E-7	2.399850E-3
1.069000E-7	2.363878E-3
1.069500E-7	2.324480E-3
1.070000E-7	2.247397E-3
1.070500E-7	2.144620E-3
1.071000E-7	2.058973E-3
1.071500E-7	2.005872E-3
1.072000E-7	1.966474E-3
1.072500E-7	1.951057E-3
1.073000E-7	1.981890E-3
1.073500E-7	2.043556E-3
1.074000E-7	2.132629E-3
1.074500E-7	2.235406E-3
1.075000E-7	2.355313E-3
1.075500E-7	2.500913E-3
1.076000E-7	2.661930E-3
1.076500E-7	2.780124E-3
1.077000E-7	2.852067E-3
1.077500E-7	2.942854E-3
1.078000E-7	3.031927E-3
1.078500E-7	3.055908E-3
1.079000E-7	3.052482E-3
1.079500E-7	3.064473E-3
1.080000E-7	3.045630E-3
1.080500E-7	2.983964E-3
1.081000E-7	2.941141E-3
1.081500E-7	2.932576E-3
1.082000E-7	2.896604E-3
1.082500E-7	2.846928E-3
1.083000E-7	2.824660E-3
1.083500E-7	2.805818E-3
1.084000E-7	2.757855E-3
1.084500E-7	2.692763E-3
1.085000E-7	2.655078E-3
1.085500E-7	2.627671E-3
1.086000E-7	2.577995E-3
1.086500E-7	2.530033E-3
1.087000E-7	2.511190E-3
1.087500E-7	2.494061E-3
1.088000E-7	2.452950E-3
1.088500E-7	2.416978E-3
1.089000E-7	2.422117E-3
1.089500E-7	2.439247E-3
1.090000E-7	2.428970E-3
1.090500E-7	2.411840E-3
1.091000E-7	2.411841E-3
1.091500E-7	2.410128E-3
1.092000E-7	2.425544E-3
1.092500E-7	2.485498E-3
1.093000E-7	2.564293E-3
1.093500E-7	2.643088E-3
1.094000E-7	2.720171E-3
1.094500E-7	2.817809E-3
1.095000E-7	2.918873E-3
1.095500E-7	3.030214E-3
1.096000E-7	3.127852E-3
1.096500E-7	3.191231E-3
1.097000E-7	3.223777E-3
1.097500E-7	3.220351E-3
1.098000E-7	3.170675E-3
1.098500E-7	3.074750E-3
1.099000E-7	2.983964E-3
1.099500E-7	2.908595E-3
1.100000E-7	2.828086E-3
1.100500E-7	2.754430E-3
1.101000E-7	2.721884E-3
1.101500E-7	2.691051E-3
1.102000E-7	2.658505E-3
1.102500E-7	2.691050E-3
1.103000E-7	2.788688E-3
1.103500E-7	2.870910E-3
1.104000E-7	2.930863E-3
1.104500E-7	3.026788E-3
1.105000E-7	3.127851E-3
1.105500E-7	3.172388E-3
1.106000E-7	3.201508E-3
1.106500E-7	3.251183E-3
1.107000E-7	3.271739E-3
1.107500E-7	3.251183E-3
1.108000E-7	3.228915E-3
1.108500E-7	3.211786E-3
1.109000E-7	3.196370E-3
1.109500E-7	3.174101E-3
1.110000E-7	3.126139E-3
1.110500E-7	3.055908E-3
1.111000E-7	2.994242E-3
1.111500E-7	2.912021E-3
1.112000E-7	2.795540E-3
1.112500E-7	2.689337E-3
1.113000E-7	2.608829E-3
1.113500E-7	2.500913E-3
1.114000E-7	2.372442E-3
1.114500E-7	2.283368E-3
1.115000E-7	2.247397E-3
1.115500E-7	2.226841E-3
1.116000E-7	2.211425E-3
1.116500E-7	2.228555E-3
1.117000E-7	2.285082E-3
1.117500E-7	2.351887E-3
1.118000E-7	2.410128E-3
1.118500E-7	2.463229E-3
1.119000E-7	2.536886E-3
1.119500E-7	2.591700E-3
1.120000E-7	2.588274E-3
1.120500E-7	2.555728E-3
1.121000E-7	2.538598E-3
1.121500E-7	2.524895E-3
1.122000E-7	2.490635E-3
1.122500E-7	2.451237E-3
1.123000E-7	2.428969E-3
1.123500E-7	2.423830E-3
1.124000E-7	2.427256E-3
1.124500E-7	2.439247E-3
1.125000E-7	2.485497E-3
1.125500E-7	2.588274E-3
1.126000E-7	2.691051E-3
1.126500E-7	2.762995E-3
1.127000E-7	2.829800E-3
1.127500E-7	2.910309E-3
1.128000E-7	2.958271E-3
1.128500E-7	2.983966E-3
1.129000E-7	3.028502E-3
1.129500E-7	3.052483E-3
1.130000E-7	3.014798E-3
1.130500E-7	2.954845E-3
1.131000E-7	2.905169E-3
1.131500E-7	2.824661E-3
1.132000E-7	2.720171E-3
1.132500E-7	2.646514E-3
1.133000E-7	2.610542E-3
1.133500E-7	2.567718E-3
1.134000E-7	2.526608E-3
1.134500E-7	2.506052E-3
1.135000E-7	2.492349E-3
1.135500E-7	2.466655E-3
1.136000E-7	2.435822E-3
1.136500E-7	2.401563E-3
1.137000E-7	2.375869E-3
1.137500E-7	2.353601E-3
1.138000E-7	2.334758E-3
1.138500E-7	2.322767E-3
1.139000E-7	2.353600E-3
1.139500E-7	2.437535E-3
1.140000E-7	2.511191E-3
1.140500E-7	2.583135E-3
1.141000E-7	2.699615E-3
1.141500E-7	2.853780E-3
1.142000E-7	2.966834E-3
1.142500E-7	3.050768E-3
1.143000E-7	3.139842E-3
1.143500E-7	3.203221E-3
1.144000E-7	3.211785E-3
1.144500E-7	3.174101E-3
1.145000E-7	3.105583E-3
1.145500E-7	3.006232E-3
1.146000E-7	2.891465E-3
1.146500E-7	2.771559E-3
1.147000E-7	2.661930E-3
1.147500E-7	2.581422E-3
1.148000E-7	2.535172E-3
1.148500E-7	2.518043E-3
1.149000E-7	2.562579E-3
1.149500E-7	2.655078E-3
1.150000E-7	2.720170E-3
1.150500E-7	2.773272E-3
1.151000E-7	2.848641E-3
1.151500E-7	2.920585E-3
1.152000E-7	2.958270E-3
1.152500E-7	2.970261E-3
1.153000E-7	2.975400E-3
1.153500E-7	2.989103E-3
1.154000E-7	3.025075E-3
1.154500E-7	3.055909E-3
1.155000E-7	3.073038E-3
1.155500E-7	3.088455E-3
1.156000E-7	3.095306E-3
1.156500E-7	3.073038E-3
1.157000E-7	3.057621E-3
1.157500E-7	3.057621E-3
1.158000E-7	3.014797E-3
1.158500E-7	2.913733E-3
1.159000E-7	2.800678E-3
1.159500E-7	2.663642E-3
1.160000E-7	2.471792E-3
1.160500E-7	2.264526E-3
1.161000E-7	2.084666E-3
1.161500E-7	1.935640E-3
1.162000E-7	1.832863E-3
1.162500E-7	1.802031E-3
1.163000E-7	1.819160E-3
1.163500E-7	1.879114E-3
1.164000E-7	2.004159E-3
1.164500E-7	2.170315E-3
1.165000E-7	2.336471E-3
1.165500E-7	2.488923E-3
1.166000E-7	2.639662E-3
1.166500E-7	2.761281E-3
1.167000E-7	2.843502E-3
1.167500E-7	2.889752E-3
1.168000E-7	2.891465E-3
1.168500E-7	2.846928E-3
1.169000E-7	2.812669E-3
1.169500E-7	2.785262E-3
1.170000E-7	2.723595E-3
1.170500E-7	2.651652E-3
1.171000E-7	2.624245E-3
1.171500E-7	2.610541E-3
1.172000E-7	2.576283E-3
1.172500E-7	2.566005E-3
1.173000E-7	2.591699E-3
1.173500E-7	2.608829E-3
1.174000E-7	2.631097E-3
1.174500E-7	2.658504E-3
1.175000E-7	2.653366E-3
1.175500E-7	2.622533E-3
1.176000E-7	2.591700E-3
1.176500E-7	2.538599E-3
1.177000E-7	2.478646E-3
1.177500E-7	2.458090E-3
1.178000E-7	2.461516E-3
1.178500E-7	2.447813E-3
1.179000E-7	2.452951E-3
1.179500E-7	2.490636E-3
1.180000E-7	2.518043E-3
1.180500E-7	2.548876E-3
1.181000E-7	2.625959E-3
1.181500E-7	2.708180E-3
1.182000E-7	2.757855E-3
1.182500E-7	2.816095E-3
1.183000E-7	2.896604E-3
1.183500E-7	2.951418E-3
1.184000E-7	2.951418E-3
1.184500E-7	2.920585E-3
1.185000E-7	2.888039E-3
1.185500E-7	2.840077E-3
1.186000E-7	2.747578E-3
1.186500E-7	2.648227E-3
1.187000E-7	2.562579E-3
1.187500E-7	2.464941E-3
1.188000E-7	2.360452E-3
1.188500E-7	2.288508E-3
1.189000E-7	2.243971E-3
1.189500E-7	2.214851E-3
1.190000E-7	2.228554E-3
1.190500E-7	2.266239E-3
1.191000E-7	2.298785E-3
1.191500E-7	2.329618E-3
1.192000E-7	2.370728E-3
1.192500E-7	2.423830E-3
1.193000E-7	2.487209E-3
1.193500E-7	2.547162E-3
1.194000E-7	2.583134E-3
1.194500E-7	2.622532E-3
1.195000E-7	2.703040E-3
1.195500E-7	2.780123E-3
1.196000E-7	2.807530E-3
1.196500E-7	2.809243E-3
1.197000E-7	2.814382E-3
1.197500E-7	2.797253E-3
1.198000E-7	2.739013E-3
1.198500E-7	2.653365E-3
1.199000E-7	2.557440E-3
1.199500E-7	2.471793E-3
1.200000E-7	2.384432E-3
1.200500E-7	2.288507E-3
1.201000E-7	2.218276E-3
1.201500E-7	2.221702E-3
1.202000E-7	2.269665E-3
1.202500E-7	2.343321E-3
1.203000E-7	2.473505E-3
1.203500E-7	2.644800E-3
1.204000E-7	2.805817E-3
1.204500E-7	2.944566E-3
1.205000E-7	3.061047E-3
1.205500E-7	3.105584E-3
1.206000E-7	3.061047E-3
1.206500E-7	2.978826E-3
1.207000E-7	2.872623E-3
1.207500E-7	2.723596E-3
1.208000E-7	2.543737E-3
1.208500E-7	2.394711E-3
1.209000E-7	2.321054E-3
1.209500E-7	2.303924E-3
1.210000E-7	2.297072E-3
1.210500E-7	2.315915E-3
1.211000E-7	2.406701E-3
1.211500E-7	2.562579E-3
1.212000E-7	2.706466E-3
1.212500E-7	2.812669E-3
1.213000E-7	2.901742E-3
1.213500E-7	2.947992E-3
1.214000E-7	2.924011E-3
1.214500E-7	2.843502E-3
1.215000E-7	2.754429E-3
1.215500E-7	2.665356E-3
1.216000E-7	2.566005E-3
1.216500E-7	2.470080E-3
1.217000E-7	2.394710E-3
1.217500E-7	2.351887E-3
1.218000E-7	2.339896E-3
1.218500E-7	2.351887E-3
1.219000E-7	2.410127E-3
1.219500E-7	2.511191E-3
1.220000E-7	2.617393E-3
1.220500E-7	2.703041E-3
1.221000E-7	2.807530E-3
1.221500E-7	2.937714E-3
1.222000E-7	3.018223E-3
1.222500E-7	3.021649E-3
1.223000E-7	3.018223E-3
1.223500E-7	3.011371E-3
1.224000E-7	2.939427E-3
1.224500E-7	2.812669E-3
1.225000E-7	2.704754E-3
1.225500E-7	2.586560E-3
1.226000E-7	2.422118E-3
1.226500E-7	2.262814E-3
1.227000E-7	2.163463E-3
1.227500E-7	2.077815E-3
1.228000E-7	1.997307E-3
1.228500E-7	1.966474E-3
1.229000E-7	1.995594E-3
1.229500E-7	2.046983E-3
1.230000E-7	2.086381E-3
1.230500E-7	2.139482E-3
1.231000E-7	2.238833E-3
1.231500E-7	2.357026E-3
1.232000E-7	2.446100E-3
1.232500E-7	2.516330E-3
1.233000E-7	2.607116E-3
1.233500E-7	2.673921E-3
1.234000E-7	2.687624E-3
1.234500E-7	2.697902E-3
1.235000E-7	2.728734E-3
1.235500E-7	2.730447E-3
1.236000E-7	2.694475E-3
1.236500E-7	2.679059E-3
1.237000E-7	2.682485E-3
1.237500E-7	2.658504E-3
1.238000E-7	2.581421E-3
1.238500E-7	2.495774E-3
1.239000E-7	2.430683E-3
1.239500E-7	2.355313E-3
1.240000E-7	2.269666E-3
1.240500E-7	2.201148E-3
1.241000E-7	2.178880E-3
1.241500E-7	2.165176E-3
1.242000E-7	2.154898E-3
1.242500E-7	2.166889E-3
1.243000E-7	2.196009E-3
1.243500E-7	2.202860E-3
1.244000E-7	2.173740E-3
1.244500E-7	2.137768E-3
1.245000E-7	2.098370E-3
1.245500E-7	2.062398E-3
1.246000E-7	2.057259E-3
1.246500E-7	2.082954E-3
1.247000E-7	2.136055E-3
1.247500E-7	2.204573E-3
1.248000E-7	2.279943E-3
1.248500E-7	2.377581E-3
1.249000E-7	2.518042E-3
1.249500E-7	2.685911E-3
1.250000E-7	2.838363E-3
1.250500E-7	2.956557E-3
1.251000E-7	3.031926E-3
1.251500E-7	3.071324E-3
1.252000E-7	3.055908E-3
1.252500E-7	2.987390E-3
1.253000E-7	2.888039E-3
1.253500E-7	2.780124E-3
1.254000E-7	2.655079E-3
1.254500E-7	2.516330E-3
1.255000E-7	2.399850E-3
1.255500E-7	2.326193E-3
1.256000E-7	2.279943E-3
1.256500E-7	2.262814E-3
1.257000E-7	2.283369E-3
1.257500E-7	2.309063E-3
1.258000E-7	2.314202E-3
1.258500E-7	2.324479E-3
1.259000E-7	2.346747E-3
1.259500E-7	2.334757E-3
1.260000E-7	2.285081E-3
1.260500E-7	2.240545E-3
1.261000E-7	2.221702E-3
1.261500E-7	2.206286E-3
1.262000E-7	2.214850E-3
1.262500E-7	2.249109E-3
1.263000E-7	2.290220E-3
1.263500E-7	2.338183E-3
1.264000E-7	2.384432E-3
1.264500E-7	2.396423E-3
1.265000E-7	2.377581E-3
1.265500E-7	2.365590E-3
1.266000E-7	2.374155E-3
1.266500E-7	2.384432E-3
1.267000E-7	2.387858E-3
1.267500E-7	2.381007E-3
1.268000E-7	2.355312E-3
1.268500E-7	2.353600E-3
1.269000E-7	2.394710E-3
1.269500E-7	2.442673E-3
1.270000E-7	2.468367E-3
1.270500E-7	2.543737E-3
1.271000E-7	2.675634E-3
1.271500E-7	2.783550E-3
1.272000E-7	2.843503E-3
1.272500E-7	2.922298E-3
1.273000E-7	3.007946E-3
1.273500E-7	3.021649E-3
1.274000E-7	2.997668E-3
1.274500E-7	2.994242E-3
1.275000E-7	2.994242E-3
1.275500E-7	2.963408E-3
1.276000E-7	2.929149E-3
1.276500E-7	2.925724E-3
1.277000E-7	2.927437E-3
1.277500E-7	2.891465E-3
1.278000E-7	2.822947E-3
1.278500E-7	2.774985E-3
1.279000E-7	2.754430E-3
1.279500E-7	2.716745E-3
1.280000E-7	2.648227E-3
1.280500E-7	2.588274E-3
1.281000E-7	2.572858E-3
1.281500E-7	2.583135E-3
1.282000E-7	2.607117E-3
1.282500E-7	2.636237E-3
1.283000E-7	2.685912E-3
1.283500E-7	2.766421E-3
1.284000E-7	2.848642E-3
1.284500E-7	2.889753E-3
1.285000E-7	2.898318E-3
1.285500E-7	2.908595E-3
1.286000E-7	2.896604E-3
1.286500E-7	2.831512E-3
1.287000E-7	2.740726E-3
1.287500E-7	2.648227E-3
1.288000E-7	2.552301E-3
1.288500E-7	2.456376E-3
1.289000E-7	2.369016E-3
1.289500E-7	2.314201E-3
1.290000E-7	2.290220E-3
1.290500E-7	2.309062E-3
1.291000E-7	2.362164E-3
1.291500E-7	2.428969E-3
1.292000E-7	2.473505E-3
1.292500E-7	2.499200E-3
1.293000E-7	2.531746E-3
1.293500E-7	2.557440E-3
1.294000E-7	2.545450E-3
1.294500E-7	2.507765E-3
1.295000E-7	2.475219E-3
1.295500E-7	2.454664E-3
1.296000E-7	2.437534E-3
1.296500E-7	2.442673E-3
1.297000E-7	2.475219E-3
1.297500E-7	2.519756E-3
1.298000E-7	2.560867E-3
1.298500E-7	2.593413E-3
1.299000E-7	2.629385E-3
1.299500E-7	2.672208E-3
1.300000E-7	2.701328E-3
1.300500E-7	2.728736E-3
1.301000E-7	2.769846E-3
1.301500E-7	2.793828E-3
1.302000E-7	2.781837E-3
1.302500E-7	2.773272E-3
1.303000E-7	2.809244E-3
1.303500E-7	2.862345E-3
1.304000E-7	2.894891E-3
1.304500E-7	2.930863E-3
1.305000E-7	2.982251E-3
1.305500E-7	3.035353E-3
1.306000E-7	3.061047E-3
1.306500E-7	3.064472E-3
1.307000E-7	3.054195E-3
1.307500E-7	3.030213E-3
1.308000E-7	2.966834E-3
1.308500E-7	2.853780E-3
1.309000E-7	2.716744E-3
1.309500E-7	2.586560E-3
1.310000E-7	2.447811E-3
1.310500E-7	2.315915E-3
1.311000E-7	2.231980E-3
1.311500E-7	2.209712E-3
1.312000E-7	2.225129E-3
1.312500E-7	2.257675E-3
1.313000E-7	2.327906E-3
1.313500E-7	2.439247E-3
1.314000E-7	2.550589E-3
1.314500E-7	2.651652E-3
1.315000E-7	2.756142E-3
1.315500E-7	2.848641E-3
1.316000E-7	2.874335E-3
1.316500E-7	2.864057E-3
1.317000E-7	2.852067E-3
1.317500E-7	2.804104E-3
1.318000E-7	2.692763E-3
1.318500E-7	2.574570E-3
1.319000E-7	2.470080E-3
1.319500E-7	2.360452E-3
1.320000E-7	2.261101E-3
1.320500E-7	2.213139E-3
1.321000E-7	2.197722E-3
1.321500E-7	2.194296E-3
1.322000E-7	2.199435E-3
1.322500E-7	2.230268E-3
1.323000E-7	2.278231E-3
1.323500E-7	2.353600E-3
1.324000E-7	2.446099E-3
1.324500E-7	2.542024E-3
1.325000E-7	2.629384E-3
1.325500E-7	2.708179E-3
1.326000E-7	2.769845E-3
1.326500E-7	2.824660E-3
1.327000E-7	2.879474E-3
1.327500E-7	2.908594E-3
1.328000E-7	2.891465E-3
1.328500E-7	2.853780E-3
1.329000E-7	2.833225E-3
1.329500E-7	2.822948E-3
1.330000E-7	2.756143E-3
1.330500E-7	2.660218E-3
1.331000E-7	2.593413E-3
1.331500E-7	2.536885E-3
1.332000E-7	2.447812E-3
1.332500E-7	2.367303E-3
1.333000E-7	2.333044E-3
1.333500E-7	2.279943E-3
1.334000E-7	2.182304E-3
1.334500E-7	2.120638E-3
1.335000E-7	2.115499E-3
1.335500E-7	2.108648E-3
1.336000E-7	2.120638E-3
1.336500E-7	2.177166E-3
1.337000E-7	2.235406E-3
1.337500E-7	2.274804E-3
1.338000E-7	2.324479E-3
1.338500E-7	2.375868E-3
1.339000E-7	2.399849E-3
1.339500E-7	2.416978E-3
1.340000E-7	2.430682E-3
1.340500E-7	2.439246E-3
1.341000E-7	2.458089E-3
1.341500E-7	2.476931E-3
1.342000E-7	2.452950E-3
1.342500E-7	2.398136E-3
1.343000E-7	2.362164E-3
1.343500E-7	2.326192E-3
1.344000E-7	2.240545E-3
1.344500E-7	2.127491E-3
1.345000E-7	2.034992E-3
1.345500E-7	1.954484E-3
1.346000E-7	1.870549E-3
1.346500E-7	1.800318E-3
1.347000E-7	1.776337E-3
1.347500E-7	1.772911E-3
1.348000E-7	1.784901E-3
1.348500E-7	1.826012E-3
1.349000E-7	1.903094E-3
1.349500E-7	1.992167E-3
1.350000E-7	2.086379E-3
1.350500E-7	2.206285E-3
1.351000E-7	2.338182E-3
1.351500E-7	2.447810E-3
1.352000E-7	2.521467E-3
1.352500E-7	2.571143E-3
1.353000E-7	2.600263E-3
1.353500E-7	2.605402E-3
1.354000E-7	2.579708E-3
1.354500E-7	2.540310E-3
1.355000E-7	2.500913E-3
1.355500E-7	2.470080E-3
1.356000E-7	2.454664E-3
1.356500E-7	2.464942E-3
1.357000E-7	2.490636E-3
1.357500E-7	2.518043E-3
1.358000E-7	2.543737E-3
1.358500E-7	2.596839E-3
1.359000E-7	2.697902E-3
1.359500E-7	2.810957E-3
1.360000E-7	2.877762E-3
1.360500E-7	2.925724E-3
1.361000E-7	2.990816E-3
1.361500E-7	3.026788E-3
1.362000E-7	2.999381E-3
1.362500E-7	2.970261E-3
1.363000E-7	2.965122E-3
1.363500E-7	2.930863E-3
1.364000E-7	2.879474E-3
1.364500E-7	2.869197E-3
1.365000E-7	2.882900E-3
1.365500E-7	2.894891E-3
1.366000E-7	2.908595E-3
1.366500E-7	2.946279E-3
1.367000E-7	3.011371E-3
1.367500E-7	3.073038E-3
1.368000E-7	3.095306E-3
1.368500E-7	3.069612E-3
1.369000E-7	3.031927E-3
1.369500E-7	2.975400E-3
1.370000E-7	2.879475E-3
1.370500E-7	2.769846E-3
1.371000E-7	2.682486E-3
1.371500E-7	2.605403E-3
1.372000E-7	2.524894E-3
1.372500E-7	2.449525E-3
1.373000E-7	2.401562E-3
1.373500E-7	2.406701E-3
1.374000E-7	2.451238E-3
1.374500E-7	2.507765E-3
1.375000E-7	2.574570E-3
1.375500E-7	2.644801E-3
1.376000E-7	2.701328E-3
1.376500E-7	2.754430E-3
1.377000E-7	2.793827E-3
1.377500E-7	2.805818E-3
1.378000E-7	2.814383E-3
1.378500E-7	2.857207E-3
1.379000E-7	2.913734E-3
1.379500E-7	2.951419E-3
1.380000E-7	2.983965E-3
1.380500E-7	3.014798E-3
1.381000E-7	3.057621E-3
1.381500E-7	3.126139E-3
1.382000E-7	3.180954E-3
1.382500E-7	3.211787E-3
1.383000E-7	3.266601E-3
1.383500E-7	3.323129E-3
1.384000E-7	3.305999E-3
1.384500E-7	3.244333E-3
1.385000E-7	3.196371E-3
1.385500E-7	3.126140E-3
1.386000E-7	3.004520E-3
1.386500E-7	2.874336E-3
1.387000E-7	2.740726E-3
1.387500E-7	2.581421E-3
1.388000E-7	2.428969E-3
1.388500E-7	2.302211E-3
1.389000E-7	2.201147E-3
1.389500E-7	2.146332E-3
1.390000E-7	2.120638E-3
1.390500E-7	2.086379E-3
1.391000E-7	2.074389E-3
1.391500E-7	2.117213E-3
1.392000E-7	2.156611E-3
1.392500E-7	2.170314E-3
1.393000E-7	2.209712E-3
1.393500E-7	2.252536E-3
1.394000E-7	2.257675E-3
1.394500E-7	2.261100E-3
1.395000E-7	2.312489E-3
1.395500E-7	2.351886E-3
1.396000E-7	2.358738E-3
1.396500E-7	2.391284E-3
1.397000E-7	2.463228E-3
1.397500E-7	2.535172E-3
1.398000E-7	2.598551E-3
1.398500E-7	2.658504E-3
1.399000E-7	2.713319E-3
1.399500E-7	2.752716E-3
1.400000E-7	2.776698E-3
1.400500E-7	2.790401E-3
1.401000E-7	2.804105E-3
1.401500E-7	2.797253E-3
1.402000E-7	2.759568E-3
1.402500E-7	2.725309E-3
1.403000E-7	2.713318E-3
1.403500E-7	2.673920E-3
1.404000E-7	2.612254E-3
1.404500E-7	2.600264E-3
1.405000E-7	2.649940E-3
1.405500E-7	2.692763E-3
1.406000E-7	2.713319E-3
1.406500E-7	2.749291E-3
1.407000E-7	2.802392E-3
1.407500E-7	2.852068E-3
1.408000E-7	2.891466E-3
1.408500E-7	2.927438E-3
1.409000E-7	2.968549E-3
1.409500E-7	3.018224E-3
1.410000E-7	3.064474E-3
1.410500E-7	3.081603E-3
1.411000E-7	3.079890E-3
1.411500E-7	3.057621E-3
1.412000E-7	2.978826E-3
1.412500E-7	2.884613E-3
1.413000E-7	2.824660E-3
1.413500E-7	2.766420E-3
1.414000E-7	2.672208E-3
1.414500E-7	2.583134E-3
1.415000E-7	2.512903E-3
1.415500E-7	2.475219E-3
1.416000E-7	2.476932E-3
1.416500E-7	2.512904E-3
1.417000E-7	2.562579E-3
1.417500E-7	2.637949E-3
1.418000E-7	2.744152E-3
1.418500E-7	2.843503E-3
1.419000E-7	2.934289E-3
1.419500E-7	3.030215E-3
1.420000E-7	3.091881E-3
1.420500E-7	3.102158E-3
1.421000E-7	3.107297E-3
1.421500E-7	3.112435E-3
1.422000E-7	3.052482E-3
1.422500E-7	2.956557E-3
1.423000E-7	2.877761E-3
1.423500E-7	2.798965E-3
1.424000E-7	2.696188E-3
1.424500E-7	2.632809E-3
1.425000E-7	2.620818E-3
1.425500E-7	2.617393E-3
1.426000E-7	2.591699E-3
1.426500E-7	2.572857E-3
1.427000E-7	2.584847E-3
1.427500E-7	2.610542E-3
1.428000E-7	2.591700E-3
1.428500E-7	2.536886E-3
1.429000E-7	2.514617E-3
1.429500E-7	2.521469E-3
1.430000E-7	2.488923E-3
1.430500E-7	2.442673E-3
1.431000E-7	2.440960E-3
1.431500E-7	2.458090E-3
1.432000E-7	2.466654E-3
1.432500E-7	2.492348E-3
1.433000E-7	2.550589E-3
1.433500E-7	2.639662E-3
1.434000E-7	2.751003E-3
1.434500E-7	2.874336E-3
1.435000E-7	2.997668E-3
1.435500E-7	3.102158E-3
1.436000E-7	3.174102E-3
1.436500E-7	3.215212E-3
1.437000E-7	3.251184E-3
1.437500E-7	3.273453E-3
1.438000E-7	3.254610E-3
1.438500E-7	3.213499E-3
1.439000E-7	3.170676E-3
1.439500E-7	3.078177E-3
1.440000E-7	2.920585E-3
1.440500E-7	2.754429E-3
1.441000E-7	2.620820E-3
1.441500E-7	2.499200E-3
1.442000E-7	2.369016E-3
1.442500E-7	2.262814E-3
1.443000E-7	2.204573E-3
1.443500E-7	2.187444E-3
1.444000E-7	2.199434E-3
1.444500E-7	2.231980E-3
1.445000E-7	2.286794E-3
1.445500E-7	2.351886E-3
1.446000E-7	2.459802E-3
1.446500E-7	2.607115E-3
1.447000E-7	2.771558E-3
1.447500E-7	2.929149E-3
1.448000E-7	3.043917E-3
1.448500E-7	3.098731E-3
1.449000E-7	3.115861E-3
1.449500E-7	3.121000E-3
1.450000E-7	3.097019E-3
1.450500E-7	3.047344E-3
1.451000E-7	3.025075E-3
1.451500E-7	3.011372E-3
1.452000E-7	2.932576E-3
1.452500E-7	2.845216E-3
1.453000E-7	2.802392E-3
1.453500E-7	2.773272E-3
1.454000E-7	2.737300E-3
1.454500E-7	2.739013E-3
1.455000E-7	2.781837E-3
1.455500E-7	2.841790E-3
1.456000E-7	2.905169E-3
1.456500E-7	2.941140E-3
1.457000E-7	2.953131E-3
1.457500E-7	2.959983E-3
1.458000E-7	2.958270E-3
1.458500E-7	2.925724E-3
1.459000E-7	2.888040E-3
1.459500E-7	2.858920E-3
1.460000E-7	2.809245E-3
1.460500E-7	2.761282E-3
1.461000E-7	2.771560E-3
1.461500E-7	2.821235E-3
1.462000E-7	2.869198E-3
1.462500E-7	2.942854E-3
1.463000E-7	3.074751E-3
1.463500E-7	3.246046E-3
1.464000E-7	3.396785E-3
1.464500E-7	3.525256E-3
1.465000E-7	3.634884E-3
1.465500E-7	3.698263E-3
1.466000E-7	3.675995E-3
1.466500E-7	3.583496E-3
1.467000E-7	3.479006E-3
1.467500E-7	3.341970E-3
1.468000E-7	3.124426E-3
1.468500E-7	2.884613E-3
1.469000E-7	2.696189E-3
1.469500E-7	2.545450E-3
1.470000E-7	2.392998E-3
1.470500E-7	2.293647E-3
1.471000E-7	2.288508E-3
1.471500E-7	2.329619E-3
1.472000E-7	2.363877E-3
1.472500E-7	2.415266E-3
1.473000E-7	2.516329E-3
1.473500E-7	2.644800E-3
1.474000E-7	2.754429E-3
1.474500E-7	2.819521E-3
1.475000E-7	2.869196E-3
1.475500E-7	2.894890E-3
1.476000E-7	2.857205E-3
1.476500E-7	2.761280E-3
1.477000E-7	2.665355E-3
1.477500E-7	2.595124E-3
1.478000E-7	2.531746E-3
1.478500E-7	2.488922E-3
1.479000E-7	2.499200E-3
1.479500E-7	2.564292E-3
1.480000E-7	2.641375E-3
1.480500E-7	2.727022E-3
1.481000E-7	2.852068E-3
1.481500E-7	2.970261E-3
1.482000E-7	3.042205E-3
1.482500E-7	3.066186E-3
1.483000E-7	3.049057E-3
1.483500E-7	2.961696E-3
1.484000E-7	2.805818E-3
1.484500E-7	2.631097E-3
1.485000E-7	2.452950E-3
1.485500E-7	2.279943E-3
1.486000E-7	2.137768E-3
1.486500E-7	2.045269E-3
1.487000E-7	2.017862E-3
1.487500E-7	2.069250E-3
1.488000E-7	2.180592E-3
1.488500E-7	2.339896E-3
1.489000E-7	2.528320E-3
1.489500E-7	2.708180E-3
1.490000E-7	2.848642E-3
1.490500E-7	2.951419E-3
1.491000E-7	3.009659E-3
1.491500E-7	3.001094E-3
1.492000E-7	2.946279E-3
1.492500E-7	2.886326E-3
1.493000E-7	2.809243E-3
1.493500E-7	2.732161E-3
1.494000E-7	2.694476E-3
1.494500E-7	2.699614E-3
1.495000E-7	2.749290E-3
1.495500E-7	2.845215E-3
1.496000E-7	2.947992E-3
1.496500E-7	3.042204E-3
1.497000E-7	3.155259E-3
1.497500E-7	3.252897E-3
1.498000E-7	3.270026E-3
1.498500E-7	3.228916E-3
1.499000E-7	3.165537E-3
1.499500E-7	3.047344E-3
1.500000E-7	2.893179E-3
1.500500E-7	2.768134E-3
1.501000E-7	2.658505E-3
1.501500E-7	2.545450E-3
1.502000E-7	2.475220E-3
1.502500E-7	2.461516E-3
1.503000E-7	2.451238E-3
1.503500E-7	2.449526E-3
1.504000E-7	2.475220E-3
1.504500E-7	2.511192E-3
1.505000E-7	2.547163E-3
1.505500E-7	2.584848E-3
1.506000E-7	2.586561E-3
1.506500E-7	2.533460E-3
1.507000E-7	2.466655E-3
1.507500E-7	2.410127E-3
1.508000E-7	2.334757E-3
1.508500E-7	2.264526E-3
1.509000E-7	2.261100E-3
1.509500E-7	2.297072E-3
1.510000E-7	2.309063E-3
1.510500E-7	2.331331E-3
1.511000E-7	2.382719E-3
1.511500E-7	2.434108E-3
1.512000E-7	2.475219E-3
1.512500E-7	2.536885E-3
1.513000E-7	2.601977E-3
1.513500E-7	2.646513E-3
1.514000E-7	2.682485E-3
1.514500E-7	2.691050E-3
1.515000E-7	2.667069E-3
1.515500E-7	2.653365E-3
1.516000E-7	2.672208E-3
1.516500E-7	2.694476E-3
1.517000E-7	2.732161E-3
1.517500E-7	2.798966E-3
1.518000E-7	2.860632E-3
1.518500E-7	2.917159E-3
1.519000E-7	3.014797E-3
1.519500E-7	3.144981E-3
1.520000E-7	3.258036E-3
1.520500E-7	3.347109E-3
1.521000E-7	3.420766E-3
1.521500E-7	3.455025E-3
1.522000E-7	3.446460E-3
1.522500E-7	3.410488E-3
1.523000E-7	3.335118E-3
1.523500E-7	3.215212E-3
1.524000E-7	3.085028E-3
1.524500E-7	2.973686E-3
1.525000E-7	2.879474E-3
1.525500E-7	2.781836E-3
1.526000E-7	2.673921E-3
1.526500E-7	2.605403E-3
1.527000E-7	2.607116E-3
1.527500E-7	2.625958E-3
1.528000E-7	2.596838E-3
1.528500E-7	2.554015E-3
1.529000E-7	2.550589E-3
1.529500E-7	2.572857E-3
1.530000E-7	2.596838E-3
1.530500E-7	2.610542E-3
1.531000E-7	2.613968E-3
1.531500E-7	2.627671E-3
1.532000E-7	2.649940E-3
1.532500E-7	2.670495E-3
1.533000E-7	2.677347E-3
1.533500E-7	2.682486E-3
1.534000E-7	2.680773E-3
1.534500E-7	2.663644E-3
1.535000E-7	2.644801E-3
1.535500E-7	2.622533E-3
1.536000E-7	2.583135E-3
1.536500E-7	2.526608E-3
1.537000E-7	2.482071E-3
1.537500E-7	2.459803E-3
1.538000E-7	2.461515E-3
1.538500E-7	2.494061E-3
1.539000E-7	2.557440E-3
1.539500E-7	2.649939E-3
1.540000E-7	2.761281E-3
1.540500E-7	2.858919E-3
1.541000E-7	2.944566E-3
1.541500E-7	3.001094E-3
1.542000E-7	2.978825E-3
1.542500E-7	2.870910E-3
1.543000E-7	2.740726E-3
1.543500E-7	2.596838E-3
1.544000E-7	2.413553E-3
1.544500E-7	2.245684E-3
1.545000E-7	2.139481E-3
1.545500E-7	2.057260E-3
1.546000E-7	1.992168E-3
1.546500E-7	1.995594E-3
1.547000E-7	2.076102E-3
1.547500E-7	2.189157E-3
1.548000E-7	2.319341E-3
1.548500E-7	2.442673E-3
1.549000E-7	2.543737E-3
1.549500E-7	2.649940E-3
1.550000E-7	2.740726E-3
1.550500E-7	2.776698E-3
1.551000E-7	2.778411E-3
1.551500E-7	2.778411E-3
1.552000E-7	2.768133E-3
1.552500E-7	2.744151E-3
1.553000E-7	2.740725E-3
1.553500E-7	2.764707E-3
1.554000E-7	2.792114E-3
1.554500E-7	2.819521E-3
1.555000E-7	2.864058E-3
1.555500E-7	2.898317E-3
1.556000E-7	2.888039E-3
1.556500E-7	2.833225E-3
1.557000E-7	2.766420E-3
1.557500E-7	2.668782E-3
1.558000E-7	2.543737E-3
1.558500E-7	2.440960E-3
1.559000E-7	2.372442E-3
1.559500E-7	2.310776E-3
1.560000E-7	2.257675E-3
1.560500E-7	2.247397E-3
1.561000E-7	2.269665E-3
1.561500E-7	2.298785E-3
1.562000E-7	2.322766E-3
1.562500E-7	2.350173E-3
1.563000E-7	2.386145E-3
1.563500E-7	2.408413E-3
1.564000E-7	2.403274E-3
1.564500E-7	2.372441E-3
1.565000E-7	2.343321E-3
1.565500E-7	2.312488E-3
1.566000E-7	2.276516E-3
1.566500E-7	2.264526E-3
1.567000E-7	2.293646E-3
1.567500E-7	2.374155E-3
1.568000E-7	2.487209E-3
1.568500E-7	2.632810E-3
1.569000E-7	2.822947E-3
1.569500E-7	3.018223E-3
1.570000E-7	3.184379E-3
1.570500E-7	3.321415E-3
1.571000E-7	3.439608E-3
1.571500E-7	3.501274E-3
1.572000E-7	3.477293E-3
1.572500E-7	3.427617E-3
1.573000E-7	3.379655E-3
1.573500E-7	3.276878E-3
1.574000E-7	3.139842E-3
1.574500E-7	3.025075E-3
1.575000E-7	2.925724E-3
1.575500E-7	2.822947E-3
1.576000E-7	2.733874E-3
1.576500E-7	2.680773E-3
1.577000E-7	2.644801E-3
1.577500E-7	2.612255E-3
1.578000E-7	2.560867E-3
1.578500E-7	2.485497E-3
1.579000E-7	2.428970E-3
1.579500E-7	2.357026E-3
1.580000E-7	2.225129E-3
1.580500E-7	2.098371E-3
1.581000E-7	2.062399E-3
1.581500E-7	2.062398E-3
1.582000E-7	2.058973E-3
1.582500E-7	2.091519E-3
1.583000E-7	2.166888E-3
1.583500E-7	2.242258E-3
1.584000E-7	2.309063E-3
1.584500E-7	2.370729E-3
1.585000E-7	2.430682E-3
1.585500E-7	2.494061E-3
1.586000E-7	2.526607E-3
1.586500E-7	2.504339E-3
1.587000E-7	2.470080E-3
1.587500E-7	2.440960E-3
1.588000E-7	2.370729E-3
1.588500E-7	2.276517E-3
1.589000E-7	2.207999E-3
1.589500E-7	2.185730E-3
1.590000E-7	2.172027E-3
1.590500E-7	2.180592E-3
1.591000E-7	2.250822E-3
1.591500E-7	2.379293E-3
1.592000E-7	2.523181E-3
1.592500E-7	2.646513E-3
1.593000E-7	2.762994E-3
1.593500E-7	2.896604E-3
1.594000E-7	3.001093E-3
1.594500E-7	3.035352E-3
1.595000E-7	3.055908E-3
1.595500E-7	3.085028E-3
1.596000E-7	3.085028E-3
1.596500E-7	3.062759E-3
1.597000E-7	3.078176E-3
1.597500E-7	3.105583E-3
1.598000E-7	3.097018E-3
1.598500E-7	3.083315E-3
1.599000E-7	3.079889E-3
1.599500E-7	3.050769E-3
1.600000E-7	2.992529E-3
1.600500E-7	2.937714E-3
1.601000E-7	2.848641E-3
1.601500E-7	2.709892E-3
1.602000E-7	2.564292E-3
1.602500E-7	2.458089E-3
1.603000E-7	2.387858E-3
1.603500E-7	2.360451E-3
1.604000E-7	2.377581E-3
1.604500E-7	2.425544E-3
1.605000E-7	2.523182E-3
1.605500E-7	2.658504E-3
1.606000E-7	2.793827E-3
1.606500E-7	2.908595E-3
1.607000E-7	3.013085E-3
1.607500E-7	3.085028E-3
1.608000E-7	3.083315E-3
1.608500E-7	3.037066E-3
1.609000E-7	2.989103E-3
1.609500E-7	2.924011E-3
1.610000E-7	2.819522E-3
1.610500E-7	2.735587E-3
1.611000E-7	2.701328E-3
1.611500E-7	2.708180E-3
1.612000E-7	2.713319E-3
1.612500E-7	2.709893E-3
1.613000E-7	2.718457E-3
1.613500E-7	2.737300E-3
1.614000E-7	2.730448E-3
1.614500E-7	2.696189E-3
1.615000E-7	2.663643E-3
1.615500E-7	2.646513E-3
1.616000E-7	2.605402E-3
1.616500E-7	2.559153E-3
1.617000E-7	2.536885E-3
1.617500E-7	2.535172E-3
1.618000E-7	2.540311E-3
1.618500E-7	2.572857E-3
1.619000E-7	2.632810E-3
1.619500E-7	2.689337E-3
1.620000E-7	2.718457E-3
1.620500E-7	2.733873E-3
1.621000E-7	2.740725E-3
1.621500E-7	2.733873E-3
1.622000E-7	2.704753E-3
1.622500E-7	2.672207E-3
1.623000E-7	2.658503E-3
1.623500E-7	2.660216E-3
1.624000E-7	2.675633E-3
1.624500E-7	2.735586E-3
1.625000E-7	2.843502E-3
1.625500E-7	2.934288E-3
1.626000E-7	3.001094E-3
1.626500E-7	3.079889E-3
1.627000E-7	3.156972E-3
1.627500E-7	3.186092E-3
1.628000E-7	3.187806E-3
1.628500E-7	3.196370E-3
1.629000E-7	3.210074E-3
1.629500E-7	3.232342E-3
1.630000E-7	3.256323E-3
1.630500E-7	3.264888E-3
1.631000E-7	3.287156E-3
1.631500E-7	3.345396E-3
1.632000E-7	3.408775E-3
1.632500E-7	3.439608E-3
1.633000E-7	3.482432E-3
1.633500E-7	3.528681E-3
1.634000E-7	3.508126E-3
1.634500E-7	3.417339E-3
1.635000E-7	3.309424E-3
1.635500E-7	3.144980E-3
1.636000E-7	2.918871E-3
1.636500E-7	2.701327E-3
1.637000E-7	2.514616E-3
1.637500E-7	2.305636E-3
1.638000E-7	2.125777E-3
1.638500E-7	2.024713E-3
1.639000E-7	1.990454E-3
1.639500E-7	1.971611E-3
1.640000E-7	1.999018E-3
1.640500E-7	2.088092E-3
1.641000E-7	2.216563E-3
1.641500E-7	2.370728E-3
1.642000E-7	2.518041E-3
1.642500E-7	2.648225E-3
1.643000E-7	2.762993E-3
1.643500E-7	2.846927E-3
1.644000E-7	2.894890E-3
1.644500E-7	2.905168E-3
1.645000E-7	2.886325E-3
1.645500E-7	2.821233E-3
1.646000E-7	2.703040E-3
1.646500E-7	2.550588E-3
1.647000E-7	2.377580E-3
1.647500E-7	2.201147E-3
1.648000E-7	2.028140E-3
1.648500E-7	1.826012E-3
1.649000E-7	1.611894E-3
1.649500E-7	1.432034E-3
1.650000E-7	1.284721E-3
1.650500E-7	1.164815E-3
1.651000E-7	1.098010E-3
1.651500E-7	1.118565E-3
1.652000E-7	1.197361E-3
1.652500E-7	1.308702E-3
1.653000E-7	1.493700E-3
1.653500E-7	1.740364E-3
1.654000E-7	1.995593E-3
1.654500E-7	2.225128E-3
1.655000E-7	2.451237E-3
1.655500E-7	2.643087E-3
1.656000E-7	2.764706E-3
1.656500E-7	2.821233E-3
1.657000E-7	2.822946E-3
1.657500E-7	2.740725E-3
1.658000E-7	2.588272E-3
1.658500E-7	2.440959E-3
1.659000E-7	2.341608E-3
1.659500E-7	2.249109E-3
1.660000E-7	2.153184E-3
1.660500E-7	2.115499E-3
1.661000E-7	2.153184E-3
1.661500E-7	2.213137E-3
1.662000E-7	2.273090E-3
1.662500E-7	2.391284E-3
1.663000E-7	2.562578E-3
1.663500E-7	2.699614E-3
1.664000E-7	2.768132E-3
1.664500E-7	2.817808E-3
1.665000E-7	2.840076E-3
1.665500E-7	2.802391E-3
1.666000E-7	2.737299E-3
1.666500E-7	2.665356E-3
1.667000E-7	2.559153E-3
1.667500E-7	2.437534E-3
1.668000E-7	2.350173E-3
1.668500E-7	2.300498E-3
1.669000E-7	2.291933E-3
1.669500E-7	2.343321E-3
1.670000E-7	2.427256E-3
1.670500E-7	2.511190E-3
1.671000E-7	2.619106E-3
1.671500E-7	2.747577E-3
1.672000E-7	2.843502E-3
1.672500E-7	2.912020E-3
1.673000E-7	2.992528E-3
1.673500E-7	3.050769E-3
1.674000E-7	3.054195E-3
1.674500E-7	3.030214E-3
1.675000E-7	3.013084E-3
1.675500E-7	2.995955E-3
1.676000E-7	2.934289E-3
1.676500E-7	2.853780E-3
1.677000E-7	2.786975E-3
1.677500E-7	2.735587E-3
1.678000E-7	2.679059E-3
1.678500E-7	2.617393E-3
1.679000E-7	2.552301E-3
1.679500E-7	2.504338E-3
1.680000E-7	2.473505E-3
1.680500E-7	2.456376E-3
1.681000E-7	2.468366E-3
1.681500E-7	2.509477E-3
1.682000E-7	2.545449E-3
1.682500E-7	2.579708E-3
1.683000E-7	2.625958E-3
1.683500E-7	2.643088E-3
1.684000E-7	2.607116E-3
1.684500E-7	2.559153E-3
1.685000E-7	2.509478E-3
1.685500E-7	2.410126E-3
1.686000E-7	2.278229E-3
1.686500E-7	2.192582E-3
1.687000E-7	2.156610E-3
1.687500E-7	2.127489E-3
1.688000E-7	2.122350E-3
1.688500E-7	2.184017E-3
1.689000E-7	2.307349E-3
1.689500E-7	2.485496E-3
1.690000E-7	2.687624E-3
1.690500E-7	2.865770E-3
1.691000E-7	3.033639E-3
1.691500E-7	3.198083E-3
1.692000E-7	3.299147E-3
1.692500E-7	3.323128E-3
1.693000E-7	3.340257E-3
1.693500E-7	3.350535E-3
1.694000E-7	3.299147E-3
1.694500E-7	3.215212E-3
1.695000E-7	3.174101E-3
1.695500E-7	3.153546E-3
1.696000E-7	3.114148E-3
1.696500E-7	3.102157E-3
1.697000E-7	3.129564E-3
1.697500E-7	3.162110E-3
1.698000E-7	3.199795E-3
1.698500E-7	3.264887E-3
1.699000E-7	3.338544E-3
1.699500E-7	3.374516E-3
1.700000E-7	3.364238E-3
1.700500E-7	3.321415E-3
1.701000E-7	3.240906E-3
1.701500E-7	3.129564E-3
1.702000E-7	3.006232E-3
1.702500E-7	2.894891E-3
1.703000E-7	2.809243E-3
1.703500E-7	2.709892E-3
1.704000E-7	2.588273E-3
1.704500E-7	2.482070E-3
1.705000E-7	2.420404E-3
1.705500E-7	2.370729E-3
1.706000E-7	2.334757E-3
1.706500E-7	2.338183E-3
1.707000E-7	2.374155E-3
1.707500E-7	2.437534E-3
1.708000E-7	2.499200E-3
1.708500E-7	2.530033E-3
1.709000E-7	2.528321E-3
1.709500E-7	2.547163E-3
1.710000E-7	2.543737E-3
1.710500E-7	2.487210E-3
1.711000E-7	2.434108E-3
1.711500E-7	2.394710E-3
1.712000E-7	2.315914E-3
1.712500E-7	2.214851E-3
1.713000E-7	2.173740E-3
1.713500E-7	2.177166E-3
1.714000E-7	2.184017E-3
1.714500E-7	2.211425E-3
1.715000E-7	2.288507E-3
1.715500E-7	2.379294E-3
1.716000E-7	2.463228E-3
1.716500E-7	2.540311E-3
1.717000E-7	2.605403E-3
1.717500E-7	2.651652E-3
1.718000E-7	2.675634E-3
1.718500E-7	2.670495E-3
1.719000E-7	2.644800E-3
1.719500E-7	2.603690E-3
1.720000E-7	2.528320E-3
1.720500E-7	2.422117E-3
1.721000E-7	2.346747E-3
1.721500E-7	2.317627E-3
1.722000E-7	2.288507E-3
1.722500E-7	2.286794E-3
1.723000E-7	2.375867E-3
1.723500E-7	2.500912E-3
1.724000E-7	2.601976E-3
1.724500E-7	2.723595E-3
1.725000E-7	2.886325E-3
1.725500E-7	3.009658E-3
1.726000E-7	3.062759E-3
1.726500E-7	3.112435E-3
1.727000E-7	3.148407E-3
1.727500E-7	3.136417E-3
1.728000E-7	3.078176E-3
1.728500E-7	2.985677E-3
1.729000E-7	2.881188E-3
1.729500E-7	2.788688E-3
1.730000E-7	2.677347E-3
1.730500E-7	2.530033E-3
1.731000E-7	2.418691E-3
1.731500E-7	2.374154E-3
1.732000E-7	2.333043E-3
1.732500E-7	2.291932E-3
1.733000E-7	2.278229E-3
1.733500E-7	2.264525E-3
1.734000E-7	2.233692E-3
1.734500E-7	2.194295E-3
1.735000E-7	2.156610E-3
1.735500E-7	2.110361E-3
1.736000E-7	2.086379E-3
1.736500E-7	2.076102E-3
1.737000E-7	2.070963E-3
1.737500E-7	2.101796E-3
1.738000E-7	2.189157E-3
1.738500E-7	2.314202E-3
1.739000E-7	2.468367E-3
1.739500E-7	2.653365E-3
1.740000E-7	2.834938E-3
1.740500E-7	3.018223E-3
1.741000E-7	3.228915E-3
1.741500E-7	3.398497E-3
1.742000E-7	3.472154E-3
1.742500E-7	3.504700E-3
1.743000E-7	3.514978E-3
1.743500E-7	3.455025E-3
1.744000E-7	3.321415E-3
1.744500E-7	3.162111E-3
1.745000E-7	3.001094E-3
1.745500E-7	2.846929E-3
1.746000E-7	2.721884E-3
1.746500E-7	2.620820E-3
1.747000E-7	2.530034E-3
1.747500E-7	2.487210E-3
1.748000E-7	2.485497E-3
1.748500E-7	2.488922E-3
1.749000E-7	2.483783E-3
1.749500E-7	2.480357E-3
1.750000E-7	2.449524E-3
1.750500E-7	2.386145E-3
1.751000E-7	2.333043E-3
1.751500E-7	2.274803E-3
1.752000E-7	2.172026E-3
1.752500E-7	2.062398E-3
1.753000E-7	2.005871E-3
1.753500E-7	1.969899E-3
1.754000E-7	1.947631E-3
1.754500E-7	1.987028E-3
1.755000E-7	2.076102E-3
1.755500E-7	2.154897E-3
1.756000E-7	2.245683E-3
1.756500E-7	2.384432E-3
1.757000E-7	2.512903E-3
1.757500E-7	2.603689E-3
1.758000E-7	2.684198E-3
1.758500E-7	2.744151E-3
1.759000E-7	2.754429E-3
1.759500E-7	2.751003E-3
1.760000E-7	2.759568E-3
1.760500E-7	2.749290E-3
1.761000E-7	2.732161E-3
1.761500E-7	2.737300E-3
1.762000E-7	2.740726E-3
1.762500E-7	2.744152E-3
1.763000E-7	2.774984E-3
1.763500E-7	2.816095E-3
1.764000E-7	2.862345E-3
1.764500E-7	2.949705E-3
1.765000E-7	3.083314E-3
1.765500E-7	3.206646E-3
1.766000E-7	3.304284E-3
1.766500E-7	3.395071E-3
1.767000E-7	3.470440E-3
1.767500E-7	3.552662E-3
1.768000E-7	3.624606E-3
1.768500E-7	3.652013E-3
1.769000E-7	3.648587E-3
1.769500E-7	3.657152E-3
1.770000E-7	3.634884E-3
1.770500E-7	3.557802E-3
1.771000E-7	3.446460E-3
1.771500E-7	3.280304E-3
1.772000E-7	3.055908E-3
1.772500E-7	2.855493E-3
1.773000E-7	2.718457E-3
1.773500E-7	2.574570E-3
1.774000E-7	2.432395E-3
1.774500E-7	2.381007E-3
1.775000E-7	2.416978E-3
1.775500E-7	2.480357E-3
1.776000E-7	2.574569E-3
1.776500E-7	2.694476E-3
1.777000E-7	2.798966E-3
1.777500E-7	2.900030E-3
1.778000E-7	2.982251E-3
1.778500E-7	2.980538E-3
1.779000E-7	2.906882E-3
1.779500E-7	2.797253E-3
1.780000E-7	2.639662E-3
1.780500E-7	2.434108E-3
1.781000E-7	2.264527E-3
1.781500E-7	2.139481E-3
1.782000E-7	2.017862E-3
1.782500E-7	1.959622E-3
1.783000E-7	1.997307E-3
1.783500E-7	2.074390E-3
1.784000E-7	2.173741E-3
1.784500E-7	2.333045E-3
1.785000E-7	2.511192E-3
1.785500E-7	2.660218E-3
1.786000E-7	2.790402E-3
1.786500E-7	2.903456E-3
1.787000E-7	2.978826E-3
1.787500E-7	3.025075E-3
1.788000E-7	3.062760E-3
1.788500E-7	3.062760E-3
1.789000E-7	3.025075E-3
1.789500E-7	2.971973E-3
1.790000E-7	2.917159E-3
1.790500E-7	2.864058E-3
1.791000E-7	2.834937E-3
1.791500E-7	2.809243E-3
1.792000E-7	2.739012E-3
1.792500E-7	2.670495E-3
1.793000E-7	2.649939E-3
1.793500E-7	2.629384E-3
1.794000E-7	2.603690E-3
1.794500E-7	2.603690E-3
1.795000E-7	2.632810E-3
1.795500E-7	2.679060E-3
1.796000E-7	2.754430E-3
1.796500E-7	2.821234E-3
1.797000E-7	2.850354E-3
1.797500E-7	2.891465E-3
1.798000E-7	2.932575E-3
1.798500E-7	2.905168E-3
1.799000E-7	2.838363E-3
1.799500E-7	2.771558E-3
1.800000E-7	2.649938E-3
1.800500E-7	2.478644E-3
1.801000E-7	2.339895E-3
1.801500E-7	2.201146E-3
1.802000E-7	2.045268E-3
1.802500E-7	1.963047E-3
1.803000E-7	1.971612E-3
1.803500E-7	1.983602E-3
1.804000E-7	2.012723E-3
1.804500E-7	2.118925E-3
1.805000E-7	2.273091E-3
1.805500E-7	2.413552E-3
1.806000E-7	2.536884E-3
1.806500E-7	2.631096E-3
1.807000E-7	2.685911E-3
1.807500E-7	2.737299E-3
1.808000E-7	2.769845E-3
1.808500E-7	2.774984E-3
1.809000E-7	2.786974E-3
1.809500E-7	2.824659E-3
1.810000E-7	2.852066E-3
1.810500E-7	2.862344E-3
1.811000E-7	2.888039E-3
1.811500E-7	2.925723E-3
1.812000E-7	2.941140E-3
1.812500E-7	2.929150E-3
1.813000E-7	2.908594E-3
1.813500E-7	2.862345E-3
1.814000E-7	2.786976E-3
1.814500E-7	2.727023E-3
1.815000E-7	2.708180E-3
1.815500E-7	2.713319E-3
1.816000E-7	2.725310E-3
1.816500E-7	2.762995E-3
1.817000E-7	2.836651E-3
1.817500E-7	2.915447E-3
1.818000E-7	3.007946E-3
1.818500E-7	3.127852E-3
1.819000E-7	3.251184E-3
1.819500E-7	3.336832E-3
1.820000E-7	3.377943E-3
1.820500E-7	3.367665E-3
1.821000E-7	3.317989E-3
1.821500E-7	3.215213E-3
1.822000E-7	3.057622E-3
1.822500E-7	2.888040E-3
1.823000E-7	2.762995E-3
1.823500E-7	2.680773E-3
1.824000E-7	2.639662E-3
1.824500E-7	2.643088E-3
1.825000E-7	2.691051E-3
1.825500E-7	2.785263E-3
1.826000E-7	2.908595E-3
1.826500E-7	3.040492E-3
1.827000E-7	3.191231E-3
1.827500E-7	3.336832E-3
1.828000E-7	3.424192E-3
1.828500E-7	3.441321E-3
1.829000E-7	3.439608E-3
1.829500E-7	3.410488E-3
1.830000E-7	3.295721E-3
1.830500E-7	3.126139E-3
1.831000E-7	2.947992E-3
1.831500E-7	2.769846E-3
1.832000E-7	2.622532E-3
1.832500E-7	2.524894E-3
1.833000E-7	2.464941E-3
1.833500E-7	2.452950E-3
1.834000E-7	2.490635E-3
1.834500E-7	2.531746E-3
1.835000E-7	2.581421E-3
1.835500E-7	2.667068E-3
1.836000E-7	2.752716E-3
1.836500E-7	2.812669E-3
1.837000E-7	2.891464E-3
1.837500E-7	2.966834E-3
1.838000E-7	2.983964E-3
1.838500E-7	2.985677E-3
1.839000E-7	3.028500E-3
1.839500E-7	3.062759E-3
1.840000E-7	3.062759E-3
1.840500E-7	3.083315E-3
1.841000E-7	3.134703E-3
1.841500E-7	3.167249E-3
1.842000E-7	3.163823E-3
1.842500E-7	3.141555E-3
1.843000E-7	3.105583E-3
1.843500E-7	3.052481E-3
1.844000E-7	2.963408E-3
1.844500E-7	2.831511E-3
1.845000E-7	2.703040E-3
1.845500E-7	2.608828E-3
1.846000E-7	2.531746E-3
1.846500E-7	2.447812E-3
1.847000E-7	2.389572E-3
1.847500E-7	2.382720E-3
1.848000E-7	2.398137E-3
1.848500E-7	2.422118E-3
1.849000E-7	2.485497E-3
1.849500E-7	2.588274E-3
1.850000E-7	2.668782E-3
1.850500E-7	2.704754E-3
1.851000E-7	2.759569E-3
1.851500E-7	2.829799E-3
1.852000E-7	2.870910E-3
1.852500E-7	2.901743E-3
1.853000E-7	2.953132E-3
1.853500E-7	2.994242E-3
1.854000E-7	3.006233E-3
1.854500E-7	3.011372E-3
1.855000E-7	3.018224E-3
1.855500E-7	3.011372E-3
1.856000E-7	2.990816E-3
1.856500E-7	2.973687E-3
1.857000E-7	2.973686E-3
1.857500E-7	2.963409E-3
1.858000E-7	2.946279E-3
1.858500E-7	2.941140E-3
1.859000E-7	2.947992E-3
1.859500E-7	2.929150E-3
1.860000E-7	2.908594E-3
1.860500E-7	2.906881E-3
1.861000E-7	2.901742E-3
1.861500E-7	2.888039E-3
1.862000E-7	2.869196E-3
1.862500E-7	2.845215E-3
1.863000E-7	2.800679E-3
1.863500E-7	2.737300E-3
1.864000E-7	2.651652E-3
1.864500E-7	2.555727E-3
1.865000E-7	2.506052E-3
1.865500E-7	2.504339E-3
1.866000E-7	2.502626E-3
1.866500E-7	2.521468E-3
1.867000E-7	2.595125E-3
1.867500E-7	2.685911E-3
1.868000E-7	2.745864E-3
1.868500E-7	2.810956E-3
1.869000E-7	2.912020E-3
1.869500E-7	2.968547E-3
1.870000E-7	2.939427E-3
1.870500E-7	2.888039E-3
1.871000E-7	2.864058E-3
1.871500E-7	2.822947E-3
1.872000E-7	2.745864E-3
1.872500E-7	2.684198E-3
1.873000E-7	2.679059E-3
1.873500E-7	2.723596E-3
1.874000E-7	2.795540E-3
1.874500E-7	2.903456E-3
1.875000E-7	3.057621E-3
1.875500E-7	3.234054E-3
1.876000E-7	3.401923E-3
1.876500E-7	3.559514E-3
1.877000E-7	3.689698E-3
1.877500E-7	3.747939E-3
1.878000E-7	3.717106E-3
1.878500E-7	3.633171E-3
1.879000E-7	3.528681E-3
1.879500E-7	3.383081E-3
1.880000E-7	3.204935E-3
1.880500E-7	3.028501E-3
1.881000E-7	2.881188E-3
1.881500E-7	2.773272E-3
1.882000E-7	2.718458E-3
1.882500E-7	2.733874E-3
1.883000E-7	2.828087E-3
1.883500E-7	2.983965E-3
1.884000E-7	3.150120E-3
1.884500E-7	3.294008E-3
1.885000E-7	3.429331E-3
1.885500E-7	3.525255E-3
1.886000E-7	3.532107E-3
1.886500E-7	3.473867E-3
1.887000E-7	3.405349E-3
1.887500E-7	3.300859E-3
1.888000E-7	3.129564E-3
1.888500E-7	2.936001E-3
1.889000E-7	2.759568E-3
1.889500E-7	2.603690E-3
1.890000E-7	2.488922E-3
1.890500E-7	2.428969E-3
1.891000E-7	2.406701E-3
1.891500E-7	2.420404E-3
1.892000E-7	2.464941E-3
1.892500E-7	2.509478E-3
1.893000E-7	2.548875E-3
1.893500E-7	2.583134E-3
1.894000E-7	2.567718E-3
1.894500E-7	2.492348E-3
1.895000E-7	2.416978E-3
1.895500E-7	2.369016E-3
1.896000E-7	2.297072E-3
1.896500E-7	2.237119E-3
1.897000E-7	2.254248E-3
1.897500E-7	2.321053E-3
1.898000E-7	2.394710E-3
1.898500E-7	2.506052E-3
1.899000E-7	2.644801E-3
1.899500E-7	2.769846E-3
1.900000E-7	2.908595E-3
1.900500E-7	3.052482E-3
1.901000E-7	3.127852E-3
1.901500E-7	3.151833E-3
1.902000E-7	3.167250E-3
1.902500E-7	3.132991E-3
1.903000E-7	3.042204E-3
1.903500E-7	2.959983E-3
1.904000E-7	2.881187E-3
1.904500E-7	2.776697E-3
1.905000E-7	2.680772E-3
1.905500E-7	2.615680E-3
1.906000E-7	2.576282E-3
1.906500E-7	2.559153E-3
1.907000E-7	2.555727E-3
1.907500E-7	2.555727E-3
1.908000E-7	2.555727E-3
1.908500E-7	2.557440E-3
1.909000E-7	2.531746E-3
1.909500E-7	2.500913E-3
1.910000E-7	2.476932E-3
1.910500E-7	2.439247E-3
1.911000E-7	2.398136E-3
1.911500E-7	2.387859E-3
1.912000E-7	2.382720E-3
1.912500E-7	2.367303E-3
1.913000E-7	2.387859E-3
1.913500E-7	2.439247E-3
1.914000E-7	2.482071E-3
1.914500E-7	2.528321E-3
1.915000E-7	2.622533E-3
1.915500E-7	2.747578E-3
1.916000E-7	2.874336E-3
1.916500E-7	2.992529E-3
1.917000E-7	3.126139E-3
1.917500E-7	3.261462E-3
1.918000E-7	3.376229E-3
1.918500E-7	3.460164E-3
1.919000E-7	3.523543E-3
1.919500E-7	3.566366E-3
1.920000E-7	3.573218E-3
1.920500E-7	3.537246E-3
1.921000E-7	3.463590E-3
1.921500E-7	3.350535E-3
1.922000E-7	3.249471E-3
1.922500E-7	3.172389E-3
1.923000E-7	3.079889E-3
1.923500E-7	2.942853E-3
1.924000E-7	2.840076E-3
1.924500E-7	2.781836E-3
1.925000E-7	2.701328E-3
1.925500E-7	2.600264E-3
1.926000E-7	2.514616E-3
1.926500E-7	2.478644E-3
1.927000E-7	2.483783E-3
1.927500E-7	2.502625E-3
1.928000E-7	2.488922E-3
1.928500E-7	2.461515E-3
1.929000E-7	2.473505E-3
1.929500E-7	2.514616E-3
1.930000E-7	2.530032E-3
1.930500E-7	2.514616E-3
1.931000E-7	2.500912E-3
1.931500E-7	2.507764E-3
1.932000E-7	2.492348E-3
1.932500E-7	2.446099E-3
1.933000E-7	2.398136E-3
1.933500E-7	2.351887E-3
1.934000E-7	2.259388E-3
1.934500E-7	2.163463E-3
1.935000E-7	2.120639E-3
1.935500E-7	2.094945E-3
1.936000E-7	2.038417E-3
1.936500E-7	2.023001E-3
1.937000E-7	2.077815E-3
1.937500E-7	2.141193E-3
1.938000E-7	2.214850E-3
1.938500E-7	2.321053E-3
1.939000E-7	2.430681E-3
1.939500E-7	2.523180E-3
1.940000E-7	2.607115E-3
1.940500E-7	2.672207E-3
1.941000E-7	2.684198E-3
1.941500E-7	2.672207E-3
1.942000E-7	2.656791E-3
1.942500E-7	2.634523E-3
1.943000E-7	2.605403E-3
1.943500E-7	2.579709E-3
1.944000E-7	2.555728E-3
1.944500E-7	2.530033E-3
1.945000E-7	2.535172E-3
1.945500E-7	2.552301E-3
1.946000E-7	2.547162E-3
1.946500E-7	2.538597E-3
1.947000E-7	2.550588E-3
1.947500E-7	2.536884E-3
1.948000E-7	2.482070E-3
1.948500E-7	2.452950E-3
1.949000E-7	2.447811E-3
1.949500E-7	2.423830E-3
1.950000E-7	2.391284E-3
1.950500E-7	2.420404E-3
1.951000E-7	2.483783E-3
1.951500E-7	2.528320E-3
1.952000E-7	2.571143E-3
1.952500E-7	2.636235E-3
1.953000E-7	2.694475E-3
1.953500E-7	2.735586E-3
1.954000E-7	2.764706E-3
1.954500E-7	2.786975E-3
1.955000E-7	2.819521E-3
1.955500E-7	2.852067E-3
1.956000E-7	2.876049E-3
1.956500E-7	2.915447E-3
1.957000E-7	3.009659E-3
1.957500E-7	3.109010E-3
1.958000E-7	3.187805E-3
1.958500E-7	3.261462E-3
1.959000E-7	3.347109E-3
1.959500E-7	3.395072E-3
1.960000E-7	3.383081E-3
1.960500E-7	3.324841E-3
1.961000E-7	3.223777E-3
1.961500E-7	3.100444E-3
1.962000E-7	2.966834E-3
1.962500E-7	2.824660E-3
1.963000E-7	2.696189E-3
1.963500E-7	2.612254E-3
1.964000E-7	2.569431E-3
1.964500E-7	2.564292E-3
1.965000E-7	2.610541E-3
1.965500E-7	2.699614E-3
1.966000E-7	2.804104E-3
1.966500E-7	2.936001E-3
1.967000E-7	3.076463E-3
1.967500E-7	3.191230E-3
1.968000E-7	3.268313E-3
1.968500E-7	3.316275E-3
1.969000E-7	3.309423E-3
1.969500E-7	3.251183E-3
1.970000E-7	3.179240E-3
1.970500E-7	3.109009E-3
1.971000E-7	3.055908E-3
1.971500E-7	3.025075E-3
1.972000E-7	3.013084E-3
1.972500E-7	3.033640E-3
1.973000E-7	3.103871E-3
1.973500E-7	3.191231E-3
1.974000E-7	3.244333E-3
1.974500E-7	3.282017E-3
1.975000E-7	3.329980E-3
1.975500E-7	3.341970E-3
1.976000E-7	3.273452E-3
1.976500E-7	3.180953E-3
1.977000E-7	3.110722E-3
1.977500E-7	2.987390E-3
1.978000E-7	2.780124E-3
1.978500E-7	2.589986E-3
1.979000E-7	2.464941E-3
1.979500E-7	2.346748E-3
1.980000E-7	2.226841E-3
1.980500E-7	2.180592E-3
1.981000E-7	2.189156E-3
1.981500E-7	2.213137E-3
1.982000E-7	2.267951E-3
1.982500E-7	2.384432E-3
1.983000E-7	2.514615E-3
1.983500E-7	2.639660E-3
1.984000E-7	2.776696E-3
1.984500E-7	2.918871E-3
1.985000E-7	3.035351E-3
1.985500E-7	3.124425E-3
1.986000E-7	3.167249E-3
1.986500E-7	3.162110E-3
1.987000E-7	3.151833E-3
1.987500E-7	3.132990E-3
1.988000E-7	3.057621E-3
1.988500E-7	2.958270E-3
1.989000E-7	2.889752E-3
1.989500E-7	2.834938E-3
1.990000E-7	2.761281E-3
1.990500E-7	2.687624E-3
1.991000E-7	2.622532E-3
1.991500E-7	2.562578E-3
1.992000E-7	2.521467E-3
1.992500E-7	2.518041E-3
1.993000E-7	2.545448E-3
1.993500E-7	2.591698E-3
1.994000E-7	2.653364E-3
1.994500E-7	2.745864E-3
1.995000E-7	2.879474E-3
1.995500E-7	3.009658E-3
1.996000E-7	3.100444E-3
1.996500E-7	3.158685E-3
1.997000E-7	3.210073E-3
1.997500E-7	3.216925E-3
1.998000E-7	3.167249E-3
1.998500E-7	3.105583E-3
1.999000E-7	3.028500E-3
1.999500E-7	2.898316E-3
2.000000E-7	2.739012E-3
