Study Name	Tungsten_Kyocera
Sample Name	2024-02-05
Run Name	spot00
Operator	Angus+Samantha
Date	2/5/2024
Time	15:26
Sign	FIX
Grating Spacing	03.40um
Channel	3
Number Traces	10000
Files in Batch	1
Batch Number	33
dt	50.000001E-12
time stamp (ms)	4:00:51 PM
	
Time	Amplitude
0.000000E+0	8.787357E-4
5.000000E-11	9.678091E-4
1.000000E-10	1.034614E-3
1.500000E-10	1.048318E-3
2.000000E-10	1.043179E-3
2.500000E-10	1.053457E-3
3.000000E-10	1.032901E-3
3.500000E-10	9.592443E-4
4.000000E-10	8.496155E-4
4.500000E-10	7.194313E-4
5.000000E-10	5.926730E-4
5.500000E-10	4.916090E-4
6.000000E-10	4.059615E-4
6.500000E-10	3.254528E-4
7.000000E-10	2.672125E-4
7.500000E-10	2.757773E-4
8.000000E-10	3.528600E-4
8.500000E-10	4.813313E-4
9.000000E-10	6.269320E-4
9.500000E-10	7.519774E-4
1.000000E-9	8.530414E-4
1.050000E-9	9.421148E-4
1.100000E-9	1.005494E-3
1.150000E-9	1.008920E-3
1.200000E-9	9.678091E-4
1.250000E-9	8.855875E-4
1.300000E-9	7.622551E-4
1.350000E-9	5.978119E-4
1.400000E-9	4.402205E-4
1.450000E-9	3.220269E-4
1.500000E-9	2.620737E-4
1.550000E-9	2.603607E-4
1.600000E-9	3.254528E-4
1.650000E-9	4.470723E-4
1.700000E-9	6.217932E-4
1.750000E-9	8.119306E-4
1.800000E-9	9.900774E-4
1.850000E-9	1.161372E-3
1.900000E-9	1.308686E-3
1.950000E-9	1.385769E-3
2.000000E-9	1.392621E-3
2.050000E-9	1.360075E-3
2.100000E-9	1.257298E-3
2.150000E-9	1.051744E-3
2.200000E-9	8.153565E-4
2.250000E-9	6.406356E-4
2.300000E-9	5.138773E-4
2.350000E-9	3.888320E-4
2.400000E-9	2.809161E-4
2.450000E-9	2.089722E-4
2.500000E-9	1.884168E-4
2.550000E-9	2.106851E-4
2.600000E-9	2.586478E-4
2.650000E-9	3.288787E-4
2.700000E-9	4.522111E-4
2.750000E-9	5.995248E-4
2.800000E-9	6.954500E-4
2.850000E-9	7.485515E-4
2.900000E-9	8.307731E-4
2.950000E-9	9.369760E-4
3.000000E-9	1.012346E-3
3.050000E-9	1.039753E-3
3.100000E-9	1.051744E-3
3.150000E-9	1.044892E-3
3.200000E-9	9.883645E-4
3.250000E-9	8.718839E-4
3.300000E-9	7.399867E-4
3.350000E-9	6.252191E-4
3.400000E-9	5.292939E-4
3.450000E-9	4.487852E-4
3.500000E-9	3.836931E-4
3.550000E-9	3.254528E-4
3.600000E-9	2.689255E-4
3.650000E-9	2.312406E-4
3.700000E-9	2.346665E-4
3.750000E-9	2.689255E-4
3.800000E-9	3.134622E-4
3.850000E-9	3.973967E-4
3.900000E-9	5.104514E-4
3.950000E-9	5.926730E-4
4.000000E-9	6.509133E-4
4.050000E-9	7.245702E-4
4.100000E-9	8.016529E-4
4.150000E-9	8.290601E-4
4.200000E-9	8.136436E-4
4.250000E-9	7.982270E-4
4.300000E-9	7.896623E-4
4.350000E-9	7.673939E-4
4.400000E-9	7.554033E-4
4.450000E-9	7.622551E-4
4.500000E-9	7.536903E-4
4.550000E-9	7.262831E-4
4.600000E-9	6.697558E-4
4.650000E-9	5.978119E-4
4.700000E-9	5.515622E-4
4.750000E-9	5.395716E-4
4.800000E-9	5.241550E-4
4.850000E-9	4.916090E-4
4.900000E-9	4.642018E-4
4.950000E-9	4.196651E-4
5.000000E-9	3.442953E-4
5.050000E-9	2.603607E-4
5.100000E-9	2.141110E-4
5.150000E-9	1.849909E-4
5.200000E-9	1.541578E-4
5.250000E-9	1.267506E-4
5.300000E-9	1.370283E-4
5.350000E-9	1.747132E-4
5.400000E-9	2.192499E-4
5.450000E-9	2.517960E-4
5.500000E-9	3.134622E-4
5.550000E-9	3.956838E-4
5.600000E-9	4.881831E-4
5.650000E-9	5.841083E-4
5.700000E-9	6.663299E-4
5.750000E-9	7.108666E-4
5.800000E-9	7.331349E-4
5.850000E-9	7.451256E-4
5.900000E-9	7.365608E-4
5.950000E-9	7.108666E-4
6.000000E-9	6.954500E-4
6.050000E-9	6.766076E-4
6.100000E-9	6.372097E-4
6.150000E-9	6.183673E-4
6.200000E-9	6.286450E-4
6.250000E-9	6.646169E-4
6.300000E-9	7.365608E-4
6.350000E-9	8.427637E-4
6.400000E-9	9.575314E-4
6.450000E-9	1.086003E-3
6.500000E-9	1.219613E-3
6.550000E-9	1.327529E-3
6.600000E-9	1.375491E-3
6.650000E-9	1.385769E-3
6.700000E-9	1.389195E-3
6.750000E-9	1.360075E-3
6.800000E-9	1.279566E-3
6.850000E-9	1.140817E-3
6.900000E-9	9.849386E-4
6.950000E-9	8.616062E-4
7.000000E-9	7.502644E-4
7.050000E-9	6.354968E-4
7.100000E-9	5.207291E-4
7.150000E-9	4.299428E-4
7.200000E-9	3.836931E-4
7.250000E-9	4.059615E-4
7.300000E-9	4.933219E-4
7.350000E-9	6.269320E-4
7.400000E-9	7.828105E-4
7.450000E-9	9.558184E-4
7.500000E-9	1.139104E-3
7.550000E-9	1.313825E-3
7.600000E-9	1.456000E-3
7.650000E-9	1.526231E-3
7.700000E-9	1.493685E-3
7.750000E-9	1.366926E-3
7.800000E-9	1.180215E-3
7.850000E-9	9.815127E-4
7.900000E-9	7.982270E-4
7.950000E-9	6.474874E-4
8.000000E-9	5.275809E-4
8.050000E-9	4.504982E-4
8.100000E-9	4.504982E-4
8.150000E-9	5.275809E-4
8.200000E-9	6.406356E-4
8.250000E-9	7.759587E-4
8.300000E-9	9.404019E-4
8.350000E-9	1.106558E-3
8.400000E-9	1.217900E-3
8.450000E-9	1.293270E-3
8.500000E-9	1.354936E-3
8.550000E-9	1.363501E-3
8.600000E-9	1.315538E-3
8.650000E-9	1.247020E-3
8.700000E-9	1.142530E-3
8.750000E-9	9.849386E-4
8.800000E-9	8.222083E-4
8.850000E-9	7.177184E-4
8.900000E-9	6.851723E-4
8.950000E-9	6.920241E-4
9.000000E-9	7.314220E-4
9.050000E-9	8.102177E-4
9.100000E-9	9.061429E-4
9.150000E-9	9.695220E-4
9.200000E-9	9.832256E-4
9.250000E-9	9.917904E-4
9.300000E-9	9.952163E-4
9.350000E-9	9.609573E-4
9.400000E-9	8.924393E-4
9.450000E-9	8.119306E-4
9.500000E-9	7.074407E-4
9.550000E-9	6.149414E-4
9.600000E-9	5.806824E-4
9.650000E-9	6.012378E-4
9.700000E-9	6.526263E-4
9.750000E-9	7.691069E-4
9.800000E-9	9.404019E-4
9.850000E-9	1.109984E-3
9.900000E-9	1.250446E-3
9.950000E-9	1.344658E-3
1.000000E-8	1.337806E-3
1.005000E-8	1.247020E-3
1.010000E-8	1.125400E-3
1.015000E-8	9.900774E-4
1.020000E-8	8.290601E-4
1.025000E-8	6.714687E-4
1.030000E-8	5.549881E-4
1.035000E-8	4.898960E-4
1.040000E-8	4.642018E-4
1.045000E-8	4.659147E-4
1.050000E-8	5.001737E-4
1.055000E-8	5.841083E-4
1.060000E-8	7.108666E-4
1.065000E-8	8.461896E-4
1.070000E-8	9.695220E-4
1.075000E-8	1.080864E-3
1.080000E-8	1.135678E-3
1.085000E-8	1.104845E-3
1.090000E-8	1.027762E-3
1.095000E-8	9.232724E-4
1.100000E-8	7.828105E-4
1.105000E-8	6.269320E-4
1.110000E-8	5.035996E-4
1.115000E-8	4.162392E-4
1.120000E-8	3.460082E-4
1.125000E-8	3.203140E-4
1.130000E-8	3.374435E-4
1.135000E-8	3.597118E-4
1.140000E-8	3.717025E-4
1.145000E-8	3.819802E-4
1.150000E-8	4.059615E-4
1.155000E-8	4.727665E-4
1.160000E-8	5.978119E-4
1.165000E-8	7.502644E-4
1.170000E-8	9.472537E-4
1.175000E-8	1.291557E-3
1.180000E-8	1.855117E-3
1.185000E-8	2.682472E-3
1.190000E-8	3.840426E-3
1.195000E-8	5.414627E-3
1.200000E-8	7.478732E-3
1.205000E-8	1.011154E-2
1.210000E-8	1.336785E-2
1.215000E-8	1.721343E-2
1.220000E-8	2.163113E-2
1.225000E-8	2.659354E-2
1.230000E-8	3.193452E-2
1.235000E-8	3.739712E-2
1.240000E-8	4.279291E-2
1.245000E-8	4.790949E-2
1.250000E-8	5.252932E-2
1.255000E-8	5.654619E-2
1.260000E-8	5.991727E-2
1.265000E-8	6.258262E-2
1.270000E-8	6.452511E-2
1.275000E-8	6.578755E-2
1.280000E-8	6.640421E-2
1.285000E-8	6.642306E-2
1.290000E-8	6.591602E-2
1.295000E-8	6.495163E-2
1.300000E-8	6.354701E-2
1.305000E-8	6.176212E-2
1.310000E-8	5.978195E-2
1.315000E-8	5.768016E-2
1.320000E-8	5.549615E-2
1.325000E-8	5.323677E-2
1.330000E-8	5.099794E-2
1.335000E-8	4.882935E-2
1.340000E-8	4.672413E-2
1.345000E-8	4.483817E-2
1.350000E-8	4.326568E-2
1.355000E-8	4.200153E-2
1.360000E-8	4.110908E-2
1.365000E-8	4.076306E-2
1.370000E-8	4.091038E-2
1.375000E-8	4.144311E-2
1.380000E-8	4.233727E-2
1.385000E-8	4.357230E-2
1.390000E-8	4.501632E-2
1.395000E-8	4.657682E-2
1.400000E-8	4.812704E-2
1.405000E-8	4.947170E-2
1.410000E-8	5.053544E-2
1.415000E-8	5.135081E-2
1.420000E-8	5.180645E-2
1.425000E-8	5.178761E-2
1.430000E-8	5.136965E-2
1.435000E-8	5.062966E-2
1.440000E-8	4.946314E-2
1.445000E-8	4.793347E-2
1.450000E-8	4.617427E-2
1.455000E-8	4.423179E-2
1.460000E-8	4.216254E-2
1.465000E-8	4.001108E-2
1.470000E-8	3.792128E-2
1.475000E-8	3.597537E-2
1.480000E-8	3.420418E-2
1.485000E-8	3.268822E-2
1.490000E-8	3.154054E-2
1.495000E-8	3.079712E-2
1.500000E-8	3.046995E-2
1.505000E-8	3.063097E-2
1.510000E-8	3.120309E-2
1.515000E-8	3.215720E-2
1.520000E-8	3.341622E-2
1.525000E-8	3.492533E-2
1.530000E-8	3.655949E-2
1.535000E-8	3.818336E-2
1.540000E-8	3.968048E-2
1.545000E-8	4.094806E-2
1.550000E-8	4.189875E-2
1.555000E-8	4.248972E-2
1.560000E-8	4.272611E-2
1.565000E-8	4.258222E-2
1.570000E-8	4.201866E-2
1.575000E-8	4.105427E-2
1.580000E-8	3.976955E-2
1.585000E-8	3.817480E-2
1.590000E-8	3.628199E-2
1.595000E-8	3.419390E-2
1.600000E-8	3.200646E-2
1.605000E-8	2.985157E-2
1.610000E-8	2.784400E-2
1.615000E-8	2.607966E-2
1.620000E-8	2.458083E-2
1.625000E-8	2.346741E-2
1.630000E-8	2.285760E-2
1.635000E-8	2.276167E-2
1.640000E-8	2.311111E-2
1.645000E-8	2.388879E-2
1.650000E-8	2.510499E-2
1.655000E-8	2.661410E-2
1.660000E-8	2.833390E-2
1.665000E-8	3.019588E-2
1.670000E-8	3.204244E-2
1.675000E-8	3.369372E-2
1.680000E-8	3.506408E-2
1.685000E-8	3.609528E-2
1.690000E-8	3.674277E-2
1.695000E-8	3.696717E-2
1.700000E-8	3.673763E-2
1.705000E-8	3.608671E-2
1.710000E-8	3.506751E-2
1.715000E-8	3.367830E-2
1.720000E-8	3.193452E-2
1.725000E-8	2.997662E-2
1.730000E-8	2.790395E-2
1.735000E-8	2.574049E-2
1.740000E-8	2.355991E-2
1.745000E-8	2.155576E-2
1.750000E-8	1.979142E-2
1.755000E-8	1.827374E-2
1.760000E-8	1.714834E-2
1.765000E-8	1.653853E-2
1.770000E-8	1.641177E-2
1.775000E-8	1.678862E-2
1.780000E-8	1.768278E-2
1.785000E-8	1.902059E-2
1.790000E-8	2.068044E-2
1.795000E-8	2.258866E-2
1.800000E-8	2.463564E-2
1.805000E-8	2.666377E-2
1.810000E-8	2.853431E-2
1.815000E-8	3.015305E-2
1.820000E-8	3.139665E-2
1.825000E-8	3.216234E-2
1.830000E-8	3.243984E-2
1.835000E-8	3.223257E-2
1.840000E-8	3.153198E-2
1.845000E-8	3.032435E-2
1.850000E-8	2.867649E-2
1.855000E-8	2.672201E-2
1.860000E-8	2.456198E-2
1.865000E-8	2.227519E-2
1.870000E-8	2.000554E-2
1.875000E-8	1.790546E-2
1.880000E-8	1.604691E-2
1.885000E-8	1.444359E-2
1.890000E-8	1.324281E-2
1.895000E-8	1.250795E-2
1.900000E-8	1.219962E-2
1.905000E-8	1.234865E-2
1.910000E-8	1.302013E-2
1.915000E-8	1.415581E-2
1.920000E-8	1.561353E-2
1.925000E-8	1.734190E-2
1.930000E-8	1.929980E-2
1.935000E-8	2.135705E-2
1.940000E-8	2.334065E-2
1.945000E-8	2.512383E-2
1.950000E-8	2.658498E-2
1.955000E-8	2.765557E-2
1.960000E-8	2.829108E-2
1.965000E-8	2.843496E-2
1.970000E-8	2.809922E-2
1.975000E-8	2.734381E-2
1.980000E-8	2.617387E-2
1.985000E-8	2.462879E-2
1.990000E-8	2.278394E-2
1.995000E-8	2.072840E-2
2.000000E-8	1.857351E-2
2.005000E-8	1.647686E-2
2.010000E-8	1.453095E-2
2.015000E-8	1.272892E-2
2.020000E-8	1.121639E-2
2.025000E-8	1.015950E-2
2.030000E-8	9.606216E-3
2.035000E-8	9.494874E-3
2.040000E-8	9.839177E-3
2.045000E-8	1.066139E-2
2.050000E-8	1.189129E-2
2.055000E-8	1.343980E-2
2.060000E-8	1.522812E-2
2.065000E-8	1.717060E-2
2.070000E-8	1.913707E-2
2.075000E-8	2.096650E-2
2.080000E-8	2.251672E-2
2.085000E-8	2.374319E-2
2.090000E-8	2.459624E-2
2.095000E-8	2.499365E-2
2.100000E-8	2.491142E-2
2.105000E-8	2.437185E-2
2.110000E-8	2.340745E-2
2.115000E-8	2.203367E-2
2.120000E-8	2.031729E-2
2.125000E-8	1.835939E-2
2.130000E-8	1.623533E-2
2.135000E-8	1.404104E-2
2.140000E-8	1.188444E-2
2.145000E-8	9.911121E-3
2.150000E-8	8.247847E-3
2.155000E-8	6.956282E-3
2.160000E-8	6.118650E-3
2.165000E-8	5.779486E-3
2.170000E-8	5.940503E-3
2.175000E-8	6.581146E-3
2.180000E-8	7.648314E-3
2.185000E-8	9.097470E-3
2.190000E-8	1.084639E-2
2.195000E-8	1.276490E-2
2.200000E-8	1.473993E-2
2.205000E-8	1.667042E-2
2.210000E-8	1.845874E-2
2.215000E-8	1.996956E-2
2.220000E-8	2.106756E-2
2.225000E-8	2.173733E-2
2.230000E-8	2.200626E-2
2.235000E-8	2.184011E-2
2.240000E-8	2.117719E-2
2.245000E-8	2.008433E-2
2.250000E-8	1.864545E-2
2.255000E-8	1.692223E-2
2.260000E-8	1.498831E-2
2.265000E-8	1.298073E-2
2.270000E-8	1.100056E-2
2.275000E-8	9.095757E-3
2.280000E-8	7.396511E-3
2.285000E-8	6.002169E-3
2.290000E-8	5.013797E-3
2.295000E-8	4.453662E-3
2.300000E-8	4.301210E-3
2.305000E-8	4.546162E-3
2.310000E-8	5.203935E-3
2.315000E-8	6.284806E-3
2.320000E-8	7.701416E-3
2.325000E-8	9.364690E-3
2.330000E-8	1.117528E-2
2.335000E-8	1.299443E-2
2.340000E-8	1.469882E-2
2.345000E-8	1.624732E-2
2.350000E-8	1.757315E-2
2.355000E-8	1.855809E-2
2.360000E-8	1.916790E-2
2.365000E-8	1.939744E-2
2.370000E-8	1.919874E-2
2.375000E-8	1.855638E-2
2.380000E-8	1.753889E-2
2.385000E-8	1.618908E-2
2.390000E-8	1.453609E-2
2.395000E-8	1.265355E-2
2.400000E-8	1.068195E-2
2.405000E-8	8.744602E-3
2.410000E-8	6.957995E-3
2.415000E-8	5.388933E-3
2.420000E-8	4.111072E-3
2.425000E-8	3.235755E-3
2.430000E-8	2.834925E-3
2.435000E-8	2.872610E-3
2.440000E-8	3.328254E-3
2.445000E-8	4.203572E-3
2.450000E-8	5.438609E-3
2.455000E-8	6.952857E-3
2.460000E-8	8.682936E-3
2.465000E-8	1.053292E-2
2.470000E-8	1.234694E-2
2.475000E-8	1.402391E-2
2.480000E-8	1.551589E-2
2.485000E-8	1.669783E-2
2.490000E-8	1.749093E-2
2.495000E-8	1.786777E-2
2.500000E-8	1.785407E-2
2.505000E-8	1.744296E-2
2.510000E-8	1.662589E-2
2.515000E-8	1.543539E-2
2.520000E-8	1.397938E-2
2.525000E-8	1.235208E-2
2.530000E-8	1.057232E-2
2.535000E-8	8.693214E-3
2.540000E-8	6.872348E-3
2.545000E-8	5.234768E-3
2.550000E-8	3.818158E-3
2.555000E-8	2.668768E-3
2.560000E-8	1.872247E-3
2.565000E-8	1.471416E-3
2.570000E-8	1.512527E-3
2.575000E-8	2.036690E-3
2.580000E-8	2.975387E-3
2.585000E-8	4.225840E-3
2.590000E-8	5.776060E-3
2.595000E-8	7.543824E-3
2.600000E-8	9.378394E-3
2.605000E-8	1.114787E-2
2.610000E-8	1.277689E-2
2.615000E-8	1.418151E-2
2.620000E-8	1.530691E-2
2.625000E-8	1.610172E-2
2.630000E-8	1.647001E-2
2.635000E-8	1.637066E-2
2.640000E-8	1.588075E-2
2.645000E-8	1.500543E-2
2.650000E-8	1.373100E-2
2.655000E-8	1.213796E-2
2.660000E-8	1.036334E-2
2.665000E-8	8.477382E-3
2.670000E-8	6.558878E-3
2.675000E-8	4.726021E-3
2.680000E-8	3.095293E-3
2.685000E-8	1.766044E-3
2.690000E-8	8.067918E-4
2.695000E-8	2.380924E-4
2.700000E-8	6.851030E-5
2.705000E-8	3.391564E-4
2.710000E-8	1.031188E-3
2.715000E-8	2.082940E-3
2.720000E-8	3.437883E-3
2.725000E-8	5.008658E-3
2.730000E-8	6.659942E-3
2.735000E-8	8.299235E-3
2.740000E-8	9.887140E-3
2.745000E-8	1.135000E-2
2.750000E-8	1.254906E-2
2.755000E-8	1.341753E-2
2.760000E-8	1.391942E-2
2.765000E-8	1.405132E-2
2.770000E-8	1.384577E-2
2.775000E-8	1.328392E-2
2.780000E-8	1.236235E-2
2.785000E-8	1.114445E-2
2.790000E-8	9.719271E-3
2.795000E-8	8.119376E-3
2.800000E-8	6.420129E-3
2.805000E-8	4.765419E-3
2.810000E-8	3.227190E-3
2.815000E-8	1.863682E-3
2.820000E-8	8.085047E-4
2.825000E-8	1.284635E-4
2.830000E-8	-1.798675E-4
2.835000E-8	-9.421996E-5
2.840000E-8	4.162392E-4
2.845000E-8	1.269288E-3
2.850000E-8	2.420391E-3
2.855000E-8	3.842139E-3
2.860000E-8	5.440322E-3
2.865000E-8	7.100170E-3
2.870000E-8	8.741176E-3
2.875000E-8	1.023658E-2
2.880000E-8	1.146819E-2
2.885000E-8	1.241203E-2
2.890000E-8	1.303897E-2
2.895000E-8	1.328392E-2
2.900000E-8	1.316744E-2
2.905000E-8	1.275804E-2
2.910000E-8	1.204888E-2
2.915000E-8	1.103996E-2
2.920000E-8	9.816909E-3
2.925000E-8	8.468817E-3
2.930000E-8	7.062485E-3
2.935000E-8	5.700690E-3
2.940000E-8	4.383431E-3
2.945000E-8	3.105571E-3
2.950000E-8	1.954468E-3
2.955000E-8	1.017485E-3
2.960000E-8	3.305917E-4
2.965000E-8	-8.565521E-5
2.970000E-8	-1.798675E-4
2.975000E-8	1.540884E-5
2.980000E-8	4.830442E-4
2.985000E-8	1.262436E-3
2.990000E-8	2.297058E-3
2.995000E-8	3.508114E-3
3.000000E-8	4.881900E-3
3.005000E-8	6.385870E-3
3.010000E-8	7.852155E-3
3.015000E-8	9.155710E-3
3.020000E-8	1.025542E-2
3.025000E-8	1.105023E-2
3.030000E-8	1.149046E-2
3.035000E-8	1.161208E-2
3.040000E-8	1.140653E-2
3.045000E-8	1.083954E-2
3.050000E-8	9.967649E-3
3.055000E-8	8.850805E-3
3.060000E-8	7.492436E-3
3.065000E-8	5.985040E-3
3.070000E-8	4.482783E-3
3.075000E-8	3.016497E-3
3.080000E-8	1.599888E-3
3.085000E-8	3.956838E-4
3.090000E-8	-4.950503E-4
3.095000E-8	-1.106573E-3
3.100000E-8	-1.396062E-3
3.105000E-8	-1.265878E-3
3.110000E-8	-7.297244E-4
3.115000E-8	1.336024E-4
3.120000E-8	1.317251E-3
3.125000E-8	2.750990E-3
3.130000E-8	4.278942E-3
3.135000E-8	5.842865E-3
3.140000E-8	7.446186E-3
3.145000E-8	8.962147E-3
3.150000E-8	1.022459E-2
3.155000E-8	1.119241E-2
3.160000E-8	1.187588E-2
3.165000E-8	1.221333E-2
3.170000E-8	1.216022E-2
3.175000E-8	1.170287E-2
3.180000E-8	1.087894E-2
3.185000E-8	9.753530E-3
3.190000E-8	8.405438E-3
3.195000E-8	6.918598E-3
3.200000E-8	5.359813E-3
3.205000E-8	3.813019E-3
3.210000E-8	2.379280E-3
3.215000E-8	1.120262E-3
3.220000E-8	1.061952E-4
3.225000E-8	-5.995402E-4
3.230000E-8	-9.678245E-4
3.235000E-8	-1.026065E-3
3.240000E-8	-7.862518E-4
3.245000E-8	-2.672279E-4
3.250000E-8	4.864701E-4
3.255000E-8	1.430306E-3
3.260000E-8	2.564279E-3
3.265000E-8	3.855843E-3
3.270000E-8	5.186805E-3
3.275000E-8	6.435546E-3
3.280000E-8	7.559241E-3
3.285000E-8	8.523632E-3
3.290000E-8	9.272191E-3
3.295000E-8	9.751817E-3
3.300000E-8	9.940241E-3
3.305000E-8	9.851168E-3
3.310000E-8	9.465754E-3
3.315000E-8	8.772010E-3
3.320000E-8	7.787063E-3
3.325000E-8	6.589711E-3
3.330000E-8	5.241619E-3
3.335000E-8	3.809593E-3
3.340000E-8	2.404974E-3
3.345000E-8	1.123688E-3
3.350000E-8	3.082539E-5
3.355000E-8	-8.016683E-4
3.360000E-8	-1.329257E-3
3.365000E-8	-1.555366E-3
3.370000E-8	-1.445738E-3
3.375000E-8	-9.781022E-4
3.380000E-8	-2.124135E-4
3.385000E-8	7.708198E-4
3.390000E-8	1.935626E-3
3.395000E-8	3.261449E-3
3.400000E-8	4.667781E-3
3.405000E-8	6.048419E-3
3.410000E-8	7.338270E-3
3.415000E-8	8.487660E-3
3.420000E-8	9.443486E-3
3.425000E-8	1.010982E-2
3.430000E-8	1.046269E-2
3.435000E-8	1.050380E-2
3.440000E-8	1.025371E-2
3.445000E-8	9.700428E-3
3.450000E-8	8.867935E-3
3.455000E-8	7.829887E-3
3.460000E-8	6.637674E-3
3.465000E-8	5.323841E-3
3.470000E-8	3.962046E-3
3.475000E-8	2.670481E-3
3.480000E-8	1.485120E-3
3.485000E-8	4.248039E-4
3.490000E-8	-3.939862E-4
3.495000E-8	-9.061583E-4
3.500000E-8	-1.169953E-3
3.505000E-8	-1.187082E-3
3.510000E-8	-8.890288E-4
3.515000E-8	-3.237553E-4
3.520000E-8	3.956838E-4
3.525000E-8	1.265862E-3
3.530000E-8	2.298771E-3
3.535000E-8	3.386495E-3
3.540000E-8	4.436533E-3
3.545000E-8	5.464303E-3
3.550000E-8	6.432120E-3
3.555000E-8	7.252623E-3
3.560000E-8	7.886414E-3
3.565000E-8	8.300948E-3
3.570000E-8	8.456827E-3
3.575000E-8	8.352337E-3
3.580000E-8	8.001182E-3
3.585000E-8	7.396511E-3
3.590000E-8	6.562304E-3
3.595000E-8	5.553376E-3
3.600000E-8	4.403987E-3
3.605000E-8	3.162098E-3
3.610000E-8	1.940765E-3
3.615000E-8	8.085047E-4
3.620000E-8	-1.832934E-4
3.625000E-8	-9.352784E-4
3.630000E-8	-1.375507E-3
3.635000E-8	-1.521107E-3
3.640000E-8	-1.384071E-3
3.645000E-8	-9.438432E-4
3.650000E-8	-2.124135E-4
3.655000E-8	7.416997E-4
3.660000E-8	1.856830E-3
3.665000E-8	3.062747E-3
3.670000E-8	4.287506E-3
3.675000E-8	5.471155E-3
3.680000E-8	6.548600E-3
3.685000E-8	7.463316E-3
3.690000E-8	8.175903E-3
3.695000E-8	8.667520E-3
3.700000E-8	8.907333E-3
3.705000E-8	8.866222E-3
3.710000E-8	8.557891E-3
3.715000E-8	8.025163E-3
3.720000E-8	7.274891E-3
3.725000E-8	6.307074E-3
3.730000E-8	5.178240E-3
3.735000E-8	3.996305E-3
3.740000E-8	2.831499E-3
3.745000E-8	1.723220E-3
3.750000E-8	7.108666E-4
3.755000E-8	-1.438955E-4
3.760000E-8	-7.691223E-4
3.765000E-8	-1.106573E-3
3.770000E-8	-1.154536E-3
3.775000E-8	-9.369914E-4
3.780000E-8	-4.899114E-4
3.785000E-8	1.935556E-4
3.790000E-8	1.115123E-3
3.795000E-8	2.219976E-3
3.800000E-8	3.367652E-3
3.805000E-8	4.467366E-3
3.810000E-8	5.495136E-3
3.815000E-8	6.396148E-3
3.820000E-8	7.072763E-3
3.825000E-8	7.506139E-3
3.830000E-8	7.709980E-3
3.835000E-8	7.687712E-3
3.840000E-8	7.442760E-3
3.845000E-8	7.009384E-3
3.850000E-8	6.414990E-3
3.855000E-8	5.651015E-3
3.860000E-8	4.755142E-3
3.865000E-8	3.792464E-3
3.870000E-8	2.798953E-3
3.875000E-8	1.784886E-3
3.880000E-8	7.862364E-4
3.885000E-8	-1.147754E-4
3.890000E-8	-8.256496E-4
3.895000E-8	-1.293285E-3
3.900000E-8	-1.534811E-3
3.905000E-8	-1.557079E-3
3.910000E-8	-1.322405E-3
3.915000E-8	-8.256496E-4
3.920000E-8	-1.250531E-4
3.925000E-8	7.348479E-4
3.930000E-8	1.747201E-3
3.935000E-8	2.870897E-3
3.940000E-8	4.023712E-3
3.945000E-8	5.150833E-3
3.950000E-8	6.188881E-3
3.955000E-8	7.033365E-3
3.960000E-8	7.600352E-3
3.965000E-8	7.886414E-3
3.970000E-8	7.906970E-3
3.975000E-8	7.668870E-3
3.980000E-8	7.165262E-3
3.985000E-8	6.404713E-3
3.990000E-8	5.428331E-3
3.995000E-8	4.325191E-3
4.000000E-8	3.146682E-3
4.005000E-8	1.940765E-3
4.010000E-8	7.965141E-4
4.015000E-8	-1.969970E-4
4.020000E-8	-1.002083E-3
4.025000E-8	-1.575922E-3
4.030000E-8	-1.851707E-3
4.035000E-8	-1.849994E-3
4.040000E-8	-1.627310E-3
4.045000E-8	-1.205925E-3
4.050000E-8	-5.550035E-4
4.055000E-8	2.894809E-4
4.060000E-8	1.243594E-3
4.065000E-8	2.267938E-3
4.070000E-8	3.338532E-3
4.075000E-8	4.369728E-3
4.080000E-8	5.248471E-3
4.085000E-8	5.937077E-3
4.090000E-8	6.444110E-3
4.095000E-8	6.733599E-3
4.100000E-8	6.803830E-3
4.105000E-8	6.687349E-3
4.110000E-8	6.380731E-3
4.115000E-8	5.873698E-3
4.120000E-8	5.215925E-3
4.125000E-8	4.460514E-3
4.130000E-8	3.624595E-3
4.135000E-8	2.727009E-3
4.140000E-8	1.851691E-3
4.145000E-8	1.019198E-3
4.150000E-8	2.620737E-4
4.155000E-8	-3.408848E-4
4.160000E-8	-7.280115E-4
4.165000E-8	-8.993065E-4
4.170000E-8	-8.581957E-4
4.175000E-8	-6.269474E-4
4.180000E-8	-2.175524E-4
4.185000E-8	3.477212E-4
4.190000E-8	1.074012E-3
4.195000E-8	1.928774E-3
4.200000E-8	2.836638E-3
4.205000E-8	3.727372E-3
4.210000E-8	4.568430E-3
4.215000E-8	5.325554E-3
4.220000E-8	5.950781E-3
4.225000E-8	6.413277E-3
4.230000E-8	6.713044E-3
4.235000E-8	6.827811E-3
4.240000E-8	6.719895E-3
4.245000E-8	6.406425E-3
4.250000E-8	5.949068E-3
4.255000E-8	5.366665E-3
4.260000E-8	4.616393E-3
4.265000E-8	3.758205E-3
4.270000E-8	2.872610E-3
4.275000E-8	1.976737E-3
4.280000E-8	1.091141E-3
4.285000E-8	3.048974E-4
4.290000E-8	-3.066258E-4
4.295000E-8	-7.468539E-4
4.300000E-8	-1.012361E-3
4.305000E-8	-1.036342E-3
4.310000E-8	-8.393532E-4
4.315000E-8	-4.830596E-4
4.320000E-8	5.138079E-5
4.325000E-8	7.571162E-4
4.330000E-8	1.526231E-3
4.335000E-8	2.288494E-3
4.340000E-8	3.054182E-3
4.345000E-8	3.763344E-3
4.350000E-8	4.357737E-3
4.355000E-8	4.866483E-3
4.360000E-8	5.274166E-3
4.365000E-8	5.498562E-3
4.370000E-8	5.543099E-3
4.375000E-8	5.414627E-3
4.380000E-8	5.113148E-3
4.385000E-8	4.664355E-3
4.390000E-8	4.095656E-3
4.395000E-8	3.403624E-3
4.400000E-8	2.643074E-3
4.405000E-8	1.853404E-3
4.410000E-8	1.058595E-3
4.415000E-8	3.237399E-4
4.420000E-8	-2.638020E-4
4.425000E-8	-7.177338E-4
4.430000E-8	-1.053472E-3
4.435000E-8	-1.192221E-3
4.440000E-8	-1.118564E-3
4.445000E-8	-8.633345E-4
4.450000E-8	-3.956992E-4
4.455000E-8	2.500830E-4
4.460000E-8	1.000355E-3
4.465000E-8	1.836275E-3
4.470000E-8	2.713305E-3
4.475000E-8	3.530382E-3
4.480000E-8	4.258386E-3
4.485000E-8	4.909307E-3
4.490000E-8	5.426618E-3
4.495000E-8	5.736662E-3
4.500000E-8	5.873698E-3
4.505000E-8	5.851430E-3
4.510000E-8	5.654440E-3
4.515000E-8	5.275878E-3
4.520000E-8	4.739725E-3
4.525000E-8	4.073388E-3
4.530000E-8	3.328254E-3
4.535000E-8	2.536871E-3
4.540000E-8	1.721507E-3
4.545000E-8	9.609573E-4
4.550000E-8	3.100363E-4
4.555000E-8	-2.398207E-4
4.560000E-8	-6.731971E-4
4.565000E-8	-9.061583E-4
4.570000E-8	-9.232878E-4
4.575000E-8	-7.896777E-4
4.580000E-8	-4.984762E-4
4.585000E-8	-2.741491E-5
4.590000E-8	6.115155E-4
4.595000E-8	1.322390E-3
4.600000E-8	2.017847E-3
4.605000E-8	2.680759E-3
4.610000E-8	3.312838E-3
4.615000E-8	3.886676E-3
4.620000E-8	4.362876E-3
4.625000E-8	4.719170E-3
4.630000E-8	4.933288E-3
4.635000E-8	4.977825E-3
4.640000E-8	4.821947E-3
4.645000E-8	4.503338E-3
4.650000E-8	4.092230E-3
4.655000E-8	3.617743E-3
4.660000E-8	3.042192E-3
4.665000E-8	2.401548E-3
4.670000E-8	1.781460E-3
4.675000E-8	1.192206E-3
4.680000E-8	6.303579E-4
4.685000E-8	1.147599E-4
4.690000E-8	-3.031999E-4
4.695000E-8	-6.063920E-4
4.700000E-8	-7.554187E-4
4.705000E-8	-7.211597E-4
4.710000E-8	-5.001891E-4
4.715000E-8	-1.438955E-4
4.720000E-8	3.031845E-4
4.725000E-8	8.667450E-4
4.730000E-8	1.560490E-3
4.735000E-8	2.309049E-3
4.740000E-8	3.026775E-3
4.745000E-8	3.729085E-3
4.750000E-8	4.366302E-3
4.755000E-8	4.803104E-3
4.760000E-8	5.006945E-3
4.765000E-8	5.072037E-3
4.770000E-8	5.005232E-3
4.775000E-8	4.770558E-3
4.780000E-8	4.398848E-3
4.785000E-8	3.958620E-3
4.790000E-8	3.455013E-3
4.795000E-8	2.850341E-3
4.800000E-8	2.201133E-3
4.805000E-8	1.605026E-3
4.810000E-8	1.082577E-3
4.815000E-8	6.354968E-4
4.820000E-8	2.843420E-4
4.825000E-8	2.568654E-5
4.830000E-8	-1.353308E-4
4.835000E-8	-1.695898E-4
4.840000E-8	-6.852571E-5
4.845000E-8	1.473060E-4
4.850000E-8	4.642018E-4
4.855000E-8	8.633191E-4
4.860000E-8	1.358362E-3
4.865000E-8	1.971598E-3
4.870000E-8	2.668768E-3
4.875000E-8	3.367652E-3
4.880000E-8	4.023712E-3
4.885000E-8	4.624957E-3
4.890000E-8	5.118287E-3
4.895000E-8	5.467729E-3
4.900000E-8	5.651015E-3
4.905000E-8	5.654440E-3
4.910000E-8	5.484858E-3
4.915000E-8	5.186805E-3
4.920000E-8	4.758568E-3
4.925000E-8	4.183016E-3
4.930000E-8	3.525244E-3
4.935000E-8	2.862332E-3
4.940000E-8	2.219976E-3
4.945000E-8	1.611878E-3
4.950000E-8	1.074012E-3
4.955000E-8	6.166543E-4
4.960000E-8	2.706384E-4
4.965000E-8	8.735275E-5
4.970000E-8	6.851030E-5
4.975000E-8	1.627225E-4
4.980000E-8	3.579989E-4
4.985000E-8	7.005889E-4
4.990000E-8	1.157947E-3
4.995000E-8	1.656415E-3
5.000000E-8	2.194281E-3
5.005000E-8	2.781823E-3
5.010000E-8	3.336819E-3
5.015000E-8	3.780473E-3
5.020000E-8	4.126489E-3
5.025000E-8	4.390283E-3
5.030000E-8	4.498199E-3
5.035000E-8	4.426255E-3
5.040000E-8	4.236118E-3
5.045000E-8	3.962046E-3
5.050000E-8	3.612604E-3
5.055000E-8	3.194644E-3
5.060000E-8	2.730435E-3
5.065000E-8	2.230253E-3
5.070000E-8	1.755766E-3
5.075000E-8	1.360075E-3
5.080000E-8	1.007207E-3
5.085000E-8	6.834594E-4
5.090000E-8	4.522111E-4
5.095000E-8	3.425823E-4
5.100000E-8	3.220269E-4
5.105000E-8	3.802672E-4
5.110000E-8	5.412845E-4
5.115000E-8	8.033659E-4
5.120000E-8	1.115123E-3
5.125000E-8	1.449148E-3
5.130000E-8	1.829423E-3
5.135000E-8	2.235392E-3
5.140000E-8	2.648213E-3
5.145000E-8	3.064460E-3
5.150000E-8	3.451587E-3
5.155000E-8	3.761631E-3
5.160000E-8	3.967185E-3
5.165000E-8	4.069962E-3
5.170000E-8	4.042554E-3
5.175000E-8	3.893528E-3
5.180000E-8	3.669131E-3
5.185000E-8	3.383069E-3
5.190000E-8	3.004507E-3
5.195000E-8	2.548862E-3
5.200000E-8	2.070949E-3
5.205000E-8	1.627295E-3
5.210000E-8	1.245307E-3
5.215000E-8	9.352630E-4
5.220000E-8	6.817464E-4
5.225000E-8	4.864701E-4
5.230000E-8	3.734154E-4
5.235000E-8	3.734154E-4
5.240000E-8	4.916090E-4
5.245000E-8	6.817464E-4
5.250000E-8	9.523925E-4
5.255000E-8	1.313825E-3
5.260000E-8	1.736924E-3
5.265000E-8	2.154883E-3
5.270000E-8	2.555714E-3
5.275000E-8	2.968535E-3
5.280000E-8	3.369365E-3
5.285000E-8	3.729085E-3
5.290000E-8	4.025425E-3
5.295000E-8	4.205285E-3
5.300000E-8	4.242970E-3
5.305000E-8	4.176165E-3
5.310000E-8	4.040841E-3
5.315000E-8	3.813019E-3
5.320000E-8	3.494410E-3
5.325000E-8	3.120987E-3
5.330000E-8	2.694463E-3
5.335000E-8	2.242244E-3
5.340000E-8	1.831136E-3
5.345000E-8	1.476555E-3
5.350000E-8	1.145956E-3
5.355000E-8	8.427637E-4
5.360000E-8	6.098025E-4
5.365000E-8	4.710536E-4
5.370000E-8	4.076744E-4
5.375000E-8	4.145262E-4
5.380000E-8	5.190162E-4
5.385000E-8	7.365608E-4
5.390000E-8	1.056882E-3
5.395000E-8	1.426880E-3
5.400000E-8	1.834562E-3
5.405000E-8	2.276503E-3
5.410000E-8	2.720157E-3
5.415000E-8	3.144969E-3
5.420000E-8	3.552651E-3
5.425000E-8	3.927787E-3
5.430000E-8	4.210424E-3
5.435000E-8	4.380006E-3
5.440000E-8	4.419403E-3
5.445000E-8	4.321765E-3
5.450000E-8	4.116211E-3
5.455000E-8	3.837000E-3
5.460000E-8	3.502975E-3
5.465000E-8	3.127839E-3
5.470000E-8	2.718444E-3
5.475000E-8	2.293632E-3
5.480000E-8	1.889376E-3
5.485000E-8	1.546786E-3
5.490000E-8	1.276140E-3
5.495000E-8	1.096280E-3
5.500000E-8	1.034614E-3
5.505000E-8	1.065447E-3
5.510000E-8	1.099706E-3
5.515000E-8	1.159659E-3
5.520000E-8	1.313825E-3
5.525000E-8	1.527944E-3
5.530000E-8	1.735211E-3
5.535000E-8	1.951042E-3
5.540000E-8	2.216550E-3
5.545000E-8	2.506038E-3
5.550000E-8	2.757842E-3
5.555000E-8	2.959970E-3
5.560000E-8	3.110710E-3
5.565000E-8	3.206635E-3
5.570000E-8	3.249459E-3
5.575000E-8	3.240894E-3
5.580000E-8	3.165524E-3
5.585000E-8	2.980525E-3
5.590000E-8	2.684185E-3
5.595000E-8	2.324466E-3
5.600000E-8	1.937339E-3
5.605000E-8	1.531370E-3
5.610000E-8	1.156234E-3
5.615000E-8	8.890134E-4
5.620000E-8	7.279961E-4
5.625000E-8	6.372097E-4
5.630000E-8	6.200802E-4
5.635000E-8	6.834594E-4
5.640000E-8	8.204954E-4
5.645000E-8	1.032901E-3
5.650000E-8	1.294983E-3
5.655000E-8	1.587897E-3
5.660000E-8	1.908219E-3
5.665000E-8	2.242244E-3
5.670000E-8	2.555714E-3
5.675000E-8	2.870897E-3
5.680000E-8	3.210061E-3
5.685000E-8	3.482420E-3
5.690000E-8	3.619456E-3
5.695000E-8	3.670844E-3
5.700000E-8	3.681122E-3
5.705000E-8	3.629733E-3
5.710000E-8	3.511540E-3
5.715000E-8	3.336819E-3
5.720000E-8	3.097006E-3
5.725000E-8	2.822934E-3
5.730000E-8	2.565991E-3
5.735000E-8	2.327891E-3
5.740000E-8	2.096643E-3
5.745000E-8	1.880811E-3
5.750000E-8	1.721507E-3
5.755000E-8	1.622156E-3
5.760000E-8	1.527944E-3
5.765000E-8	1.430306E-3
5.770000E-8	1.385769E-3
5.775000E-8	1.404611E-3
5.780000E-8	1.447435E-3
5.785000E-8	1.521092E-3
5.790000E-8	1.678683E-3
5.795000E-8	1.892802E-3
5.800000E-8	2.118912E-3
5.805000E-8	2.382706E-3
5.810000E-8	2.689324E-3
5.815000E-8	2.973674E-3
5.820000E-8	3.189505E-3
5.825000E-8	3.381356E-3
5.830000E-8	3.547512E-3
5.835000E-8	3.655428E-3
5.840000E-8	3.698251E-3
5.845000E-8	3.658854E-3
5.850000E-8	3.506401E-3
5.855000E-8	3.230616E-3
5.860000E-8	2.879461E-3
5.865000E-8	2.495761E-3
5.870000E-8	2.091504E-3
5.875000E-8	1.707803E-3
5.880000E-8	1.382343E-3
5.885000E-8	1.135678E-3
5.890000E-8	9.626702E-4
5.895000E-8	8.547544E-4
5.900000E-8	7.896623E-4
5.905000E-8	7.896623E-4
5.910000E-8	8.804486E-4
5.915000E-8	1.039753E-3
5.920000E-8	1.245307E-3
5.925000E-8	1.509101E-3
5.930000E-8	1.805442E-3
5.935000E-8	2.086365E-3
5.940000E-8	2.370715E-3
5.945000E-8	2.691037E-3
5.950000E-8	2.995942E-3
5.955000E-8	3.211774E-3
5.960000E-8	3.350523E-3
5.965000E-8	3.446448E-3
5.970000E-8	3.477281E-3
5.975000E-8	3.431031E-3
5.980000E-8	3.328254E-3
5.985000E-8	3.172376E-3
5.990000E-8	2.923998E-3
5.995000E-8	2.576269E-3
6.000000E-8	2.172013E-3
6.005000E-8	1.764331E-3
6.010000E-8	1.387482E-3
6.015000E-8	1.096280E-3
6.020000E-8	9.112817E-4
6.025000E-8	7.948011E-4
6.030000E-8	7.279961E-4
6.035000E-8	7.194313E-4
6.040000E-8	7.622551E-4
6.045000E-8	8.581803E-4
6.050000E-8	1.048318E-3
6.055000E-8	1.294983E-3
6.060000E-8	1.569055E-3
6.065000E-8	1.870534E-3
6.070000E-8	2.180578E-3
6.075000E-8	2.410113E-3
6.080000E-8	2.567704E-3
6.085000E-8	2.721870E-3
6.090000E-8	2.848628E-3
6.095000E-8	2.881174E-3
6.100000E-8	2.881174E-3
6.105000E-8	2.891452E-3
6.110000E-8	2.850341E-3
6.115000E-8	2.732148E-3
6.120000E-8	2.564279E-3
6.125000E-8	2.339882E-3
6.130000E-8	2.057245E-3
6.135000E-8	1.738637E-3
6.140000E-8	1.404611E-3
6.145000E-8	1.094567E-3
6.150000E-8	8.753098E-4
6.155000E-8	7.451256E-4
6.160000E-8	6.560522E-4
6.165000E-8	6.389227E-4
6.170000E-8	7.485515E-4
6.175000E-8	9.198465E-4
6.180000E-8	1.065447E-3
6.185000E-8	1.224752E-3
6.190000E-8	1.456000E-3
6.195000E-8	1.711229E-3
6.200000E-8	1.968172E-3
6.205000E-8	2.243957E-3
6.210000E-8	2.506038E-3
6.215000E-8	2.706453E-3
6.220000E-8	2.858906E-3
6.225000E-8	2.971961E-3
6.230000E-8	3.038766E-3
6.235000E-8	3.067886E-3
6.240000E-8	3.057608E-3
6.245000E-8	2.994229E-3
6.250000E-8	2.894878E-3
6.255000E-8	2.766407E-3
6.260000E-8	2.581408E-3
6.265000E-8	2.363863E-3
6.270000E-8	2.148032E-3
6.275000E-8	1.923635E-3
6.280000E-8	1.688961E-3
6.285000E-8	1.512527E-3
6.290000E-8	1.409750E-3
6.295000E-8	1.313825E-3
6.300000E-8	1.228177E-3
6.305000E-8	1.221326E-3
6.310000E-8	1.289844E-3
6.315000E-8	1.387482E-3
6.320000E-8	1.505675E-3
6.325000E-8	1.651276E-3
6.330000E-8	1.791738E-3
6.335000E-8	1.933913E-3
6.340000E-8	2.089791E-3
6.345000E-8	2.225114E-3
6.350000E-8	2.302197E-3
6.355000E-8	2.360437E-3
6.360000E-8	2.427243E-3
6.365000E-8	2.461502E-3
6.370000E-8	2.470066E-3
6.375000E-8	2.456363E-3
6.380000E-8	2.394696E-3
6.385000E-8	2.276503E-3
6.390000E-8	2.127476E-3
6.395000E-8	1.988727E-3
6.400000E-8	1.853404E-3
6.405000E-8	1.702665E-3
6.410000E-8	1.539934E-3
6.415000E-8	1.372065E-3
6.420000E-8	1.229890E-3
6.425000E-8	1.145956E-3
6.430000E-8	1.115123E-3
6.435000E-8	1.109984E-3
6.440000E-8	1.142530E-3
6.445000E-8	1.236742E-3
6.450000E-8	1.353223E-3
6.455000E-8	1.449148E-3
6.460000E-8	1.546786E-3
6.465000E-8	1.680396E-3
6.470000E-8	1.814006E-3
6.475000E-8	1.906506E-3
6.480000E-8	1.959607E-3
6.485000E-8	2.026412E-3
6.490000E-8	2.100069E-3
6.495000E-8	2.149745E-3
6.500000E-8	2.156596E-3
6.505000E-8	2.142893E-3
6.510000E-8	2.096643E-3
6.515000E-8	2.022986E-3
6.520000E-8	1.954468E-3
6.525000E-8	1.897941E-3
6.530000E-8	1.814006E-3
6.535000E-8	1.663267E-3
6.540000E-8	1.485120E-3
6.545000E-8	1.334380E-3
6.550000E-8	1.214474E-3
6.555000E-8	1.115123E-3
6.560000E-8	1.055170E-3
6.565000E-8	1.060308E-3
6.570000E-8	1.135678E-3
6.575000E-8	1.272714E-3
6.580000E-8	1.440583E-3
6.585000E-8	1.644424E-3
6.590000E-8	1.891089E-3
6.595000E-8	2.154883E-3
6.600000E-8	2.404974E-3
6.605000E-8	2.639648E-3
6.610000E-8	2.846915E-3
6.615000E-8	2.999368E-3
6.620000E-8	3.088441E-3
6.625000E-8	3.120987E-3
6.630000E-8	3.088441E-3
6.635000E-8	3.023349E-3
6.640000E-8	2.939415E-3
6.645000E-8	2.822934E-3
6.650000E-8	2.672194E-3
6.655000E-8	2.536871E-3
6.660000E-8	2.411826E-3
6.665000E-8	2.240531E-3
6.670000E-8	2.022986E-3
6.675000E-8	1.827710E-3
6.680000E-8	1.680396E-3
6.685000E-8	1.555351E-3
6.690000E-8	1.438870E-3
6.695000E-8	1.375491E-3
6.700000E-8	1.404611E-3
6.705000E-8	1.467990E-3
6.710000E-8	1.503962E-3
6.715000E-8	1.524518E-3
6.720000E-8	1.587897E-3
6.725000E-8	1.688961E-3
6.730000E-8	1.779747E-3
6.735000E-8	1.843127E-3
6.740000E-8	1.887663E-3
6.745000E-8	1.906506E-3
6.750000E-8	1.892802E-3
6.755000E-8	1.844839E-3
6.760000E-8	1.786599E-3
6.765000E-8	1.736924E-3
6.770000E-8	1.718081E-3
6.775000E-8	1.742062E-3
6.780000E-8	1.771183E-3
6.785000E-8	1.779747E-3
6.790000E-8	1.805442E-3
6.795000E-8	1.865395E-3
6.800000E-8	1.916783E-3
6.805000E-8	1.930487E-3
6.810000E-8	1.891089E-3
6.815000E-8	1.783173E-3
6.820000E-8	1.627295E-3
6.825000E-8	1.486833E-3
6.830000E-8	1.384056E-3
6.835000E-8	1.291557E-3
6.840000E-8	1.219613E-3
6.845000E-8	1.190493E-3
6.850000E-8	1.235029E-3
6.855000E-8	1.373778E-3
6.860000E-8	1.574193E-3
6.865000E-8	1.771183E-3
6.870000E-8	1.988727E-3
6.875000E-8	2.266225E-3
6.880000E-8	2.579695E-3
6.885000E-8	2.850341E-3
6.890000E-8	3.045617E-3
6.895000E-8	3.175802E-3
6.900000E-8	3.201496E-3
6.905000E-8	3.105571E-3
6.910000E-8	2.917146E-3
6.915000E-8	2.685898E-3
6.920000E-8	2.440946E-3
6.925000E-8	2.202846E-3
6.930000E-8	1.944191E-3
6.935000E-8	1.676970E-3
6.940000E-8	1.464565E-3
6.945000E-8	1.351510E-3
6.950000E-8	1.294983E-3
6.955000E-8	1.265862E-3
6.960000E-8	1.272714E-3
6.965000E-8	1.300121E-3
6.970000E-8	1.305260E-3
6.975000E-8	1.308686E-3
6.980000E-8	1.336093E-3
6.985000E-8	1.360075E-3
6.990000E-8	1.389195E-3
6.995000E-8	1.450861E-3
7.000000E-8	1.498824E-3
7.005000E-8	1.512527E-3
7.010000E-8	1.550212E-3
7.015000E-8	1.640998E-3
7.020000E-8	1.731785E-3
7.025000E-8	1.834562E-3
7.030000E-8	2.009283E-3
7.035000E-8	2.199420E-3
7.040000E-8	2.334743E-3
7.045000E-8	2.427243E-3
7.050000E-8	2.497473E-3
7.055000E-8	2.524881E-3
7.060000E-8	2.519742E-3
7.065000E-8	2.480344E-3
7.070000E-8	2.391271E-3
7.075000E-8	2.257660E-3
7.080000E-8	2.101782E-3
7.085000E-8	1.887663E-3
7.090000E-8	1.639285E-3
7.095000E-8	1.402898E-3
7.100000E-8	1.235029E-3
7.105000E-8	1.149382E-3
7.110000E-8	1.140817E-3
7.115000E-8	1.163085E-3
7.120000E-8	1.188780E-3
7.125000E-8	1.262436E-3
7.130000E-8	1.423454E-3
7.135000E-8	1.611878E-3
7.140000E-8	1.778034E-3
7.145000E-8	1.945904E-3
7.150000E-8	2.106921E-3
7.155000E-8	2.223401E-3
7.160000E-8	2.264512E-3
7.165000E-8	2.257660E-3
7.170000E-8	2.225114E-3
7.175000E-8	2.175439E-3
7.180000E-8	2.105208E-3
7.185000E-8	2.010996E-3
7.190000E-8	1.909932E-3
7.195000E-8	1.848265E-3
7.200000E-8	1.853404E-3
7.205000E-8	1.885950E-3
7.210000E-8	1.928774E-3
7.215000E-8	1.980163E-3
7.220000E-8	2.031551E-3
7.225000E-8	2.077801E-3
7.230000E-8	2.130902E-3
7.235000E-8	2.170300E-3
7.240000E-8	2.146319E-3
7.245000E-8	2.091504E-3
7.250000E-8	2.064097E-3
7.255000E-8	2.070949E-3
7.260000E-8	2.065810E-3
7.265000E-8	2.072662E-3
7.270000E-8	2.100069E-3
7.275000E-8	2.134328E-3
7.280000E-8	2.139467E-3
7.285000E-8	2.148032E-3
7.290000E-8	2.185717E-3
7.295000E-8	2.204559E-3
7.300000E-8	2.184004E-3
7.305000E-8	2.132615E-3
7.310000E-8	2.060671E-3
7.315000E-8	1.956181E-3
7.320000E-8	1.837988E-3
7.325000E-8	1.712942E-3
7.330000E-8	1.575906E-3
7.335000E-8	1.442296E-3
7.340000E-8	1.341232E-3
7.345000E-8	1.271001E-3
7.350000E-8	1.229890E-3
7.355000E-8	1.243594E-3
7.360000E-8	1.318964E-3
7.365000E-8	1.408037E-3
7.370000E-8	1.500537E-3
7.375000E-8	1.570767E-3
7.380000E-8	1.611878E-3
7.385000E-8	1.652989E-3
7.390000E-8	1.728359E-3
7.395000E-8	1.814006E-3
7.400000E-8	1.903080E-3
7.405000E-8	2.000718E-3
7.410000E-8	2.077801E-3
7.415000E-8	2.108634E-3
7.420000E-8	2.139467E-3
7.425000E-8	2.242244E-3
7.430000E-8	2.399835E-3
7.435000E-8	2.542010E-3
7.440000E-8	2.608815E-3
7.445000E-8	2.601963E-3
7.450000E-8	2.533445E-3
7.455000E-8	2.398122E-3
7.460000E-8	2.195994E-3
7.465000E-8	1.973311E-3
7.470000E-8	1.748914E-3
7.475000E-8	1.509101E-3
7.480000E-8	1.288131E-3
7.485000E-8	1.120262E-3
7.490000E-8	9.849386E-4
7.495000E-8	9.044299E-4
7.500000E-8	9.078558E-4
7.505000E-8	9.969292E-4
7.510000E-8	1.142530E-3
7.515000E-8	1.365213E-3
7.520000E-8	1.623869E-3
7.525000E-8	1.839701E-3
7.530000E-8	1.973311E-3
7.535000E-8	2.034977E-3
7.540000E-8	2.014422E-3
7.545000E-8	1.954468E-3
7.550000E-8	1.901367E-3
7.555000E-8	1.846552E-3
7.560000E-8	1.798590E-3
7.565000E-8	1.800303E-3
7.570000E-8	1.844839E-3
7.575000E-8	1.894515E-3
7.580000E-8	1.954468E-3
7.585000E-8	2.046968E-3
7.590000E-8	2.136041E-3
7.595000E-8	2.202846E-3
7.600000E-8	2.238818E-3
7.605000E-8	2.223401E-3
7.610000E-8	2.163448E-3
7.615000E-8	2.096643E-3
7.620000E-8	2.010996E-3
7.625000E-8	1.906506E-3
7.630000E-8	1.822571E-3
7.635000E-8	1.791738E-3
7.640000E-8	1.793451E-3
7.645000E-8	1.829423E-3
7.650000E-8	1.935626E-3
7.655000E-8	2.091504E-3
7.660000E-8	2.243957E-3
7.665000E-8	2.382706E-3
7.670000E-8	2.482057E-3
7.675000E-8	2.545436E-3
7.680000E-8	2.619093E-3
7.685000E-8	2.720157E-3
7.690000E-8	2.778397E-3
7.695000E-8	2.774971E-3
7.700000E-8	2.774971E-3
7.705000E-8	2.759555E-3
7.710000E-8	2.691037E-3
7.715000E-8	2.589973E-3
7.720000E-8	2.473492E-3
7.725000E-8	2.375854E-3
7.730000E-8	2.315901E-3
7.735000E-8	2.235392E-3
7.740000E-8	2.086365E-3
7.745000E-8	1.904793E-3
7.750000E-8	1.742062E-3
7.755000E-8	1.589610E-3
7.760000E-8	1.464565E-3
7.765000E-8	1.416602E-3
7.770000E-8	1.432019E-3
7.775000E-8	1.471416E-3
7.780000E-8	1.514240E-3
7.785000E-8	1.515953E-3
7.790000E-8	1.479981E-3
7.795000E-8	1.474842E-3
7.800000E-8	1.512527E-3
7.805000E-8	1.563916E-3
7.810000E-8	1.625582E-3
7.815000E-8	1.723220E-3
7.820000E-8	1.815719E-3
7.825000E-8	1.897941E-3
7.830000E-8	1.961320E-3
7.835000E-8	2.016135E-3
7.840000E-8	2.072662E-3
7.845000E-8	2.156596E-3
7.850000E-8	2.223401E-3
7.855000E-8	2.223401E-3
7.860000E-8	2.184004E-3
7.865000E-8	2.106921E-3
7.870000E-8	1.975024E-3
7.875000E-8	1.784886E-3
7.880000E-8	1.582758E-3
7.885000E-8	1.409750E-3
7.890000E-8	1.279566E-3
7.895000E-8	1.199057E-3
7.900000E-8	1.207622E-3
7.905000E-8	1.308686E-3
7.910000E-8	1.442296E-3
7.915000E-8	1.565629E-3
7.920000E-8	1.688961E-3
7.925000E-8	1.807155E-3
7.930000E-8	1.880811E-3
7.935000E-8	1.930487E-3
7.940000E-8	1.976737E-3
7.945000E-8	1.988727E-3
7.950000E-8	1.954468E-3
7.955000E-8	1.925348E-3
7.960000E-8	1.891089E-3
7.965000E-8	1.767757E-3
7.970000E-8	1.598175E-3
7.975000E-8	1.512527E-3
7.980000E-8	1.498824E-3
7.985000E-8	1.497111E-3
7.990000E-8	1.497111E-3
7.995000E-8	1.503962E-3
8.000000E-8	1.485120E-3
8.005000E-8	1.438870E-3
8.010000E-8	1.394334E-3
8.015000E-8	1.361788E-3
8.020000E-8	1.356649E-3
8.025000E-8	1.385769E-3
8.030000E-8	1.420028E-3
8.035000E-8	1.447435E-3
8.040000E-8	1.505675E-3
8.045000E-8	1.611878E-3
8.050000E-8	1.754053E-3
8.055000E-8	1.908219E-3
8.060000E-8	2.062384E-3
8.065000E-8	2.216550E-3
8.070000E-8	2.370715E-3
8.075000E-8	2.502612E-3
8.080000E-8	2.588260E-3
8.085000E-8	2.639648E-3
8.090000E-8	2.658491E-3
8.095000E-8	2.605389E-3
8.100000E-8	2.476918E-3
8.105000E-8	2.326178E-3
8.110000E-8	2.180578E-3
8.115000E-8	2.052106E-3
8.120000E-8	1.968172E-3
8.125000E-8	1.915070E-3
8.130000E-8	1.844839E-3
8.135000E-8	1.747201E-3
8.140000E-8	1.671832E-3
8.145000E-8	1.625582E-3
8.150000E-8	1.569055E-3
8.155000E-8	1.538221E-3
8.160000E-8	1.533083E-3
8.165000E-8	1.510814E-3
8.170000E-8	1.476555E-3
8.175000E-8	1.469703E-3
8.180000E-8	1.469703E-3
8.185000E-8	1.479981E-3
8.190000E-8	1.517666E-3
8.195000E-8	1.582758E-3
8.200000E-8	1.678683E-3
8.205000E-8	1.798590E-3
8.210000E-8	1.915070E-3
8.215000E-8	1.993866E-3
8.220000E-8	2.055532E-3
8.225000E-8	2.129189E-3
8.230000E-8	2.204559E-3
8.235000E-8	2.259373E-3
8.240000E-8	2.252522E-3
8.245000E-8	2.184004E-3
8.250000E-8	2.094930E-3
8.255000E-8	2.016135E-3
8.260000E-8	1.935626E-3
8.265000E-8	1.865395E-3
8.270000E-8	1.810580E-3
8.275000E-8	1.748914E-3
8.280000E-8	1.695813E-3
8.285000E-8	1.702665E-3
8.290000E-8	1.742062E-3
8.295000E-8	1.759192E-3
8.300000E-8	1.769470E-3
8.305000E-8	1.790025E-3
8.310000E-8	1.800303E-3
8.315000E-8	1.771183E-3
8.320000E-8	1.709516E-3
8.325000E-8	1.661554E-3
8.330000E-8	1.664980E-3
8.335000E-8	1.702665E-3
8.340000E-8	1.718081E-3
8.345000E-8	1.721507E-3
8.350000E-8	1.699239E-3
8.355000E-8	1.610165E-3
8.360000E-8	1.485120E-3
8.365000E-8	1.384056E-3
8.370000E-8	1.325816E-3
8.375000E-8	1.312112E-3
8.380000E-8	1.358362E-3
8.385000E-8	1.466278E-3
8.390000E-8	1.599888E-3
8.395000E-8	1.712942E-3
8.400000E-8	1.803729E-3
8.405000E-8	1.884237E-3
8.410000E-8	1.915070E-3
8.415000E-8	1.884237E-3
8.420000E-8	1.831136E-3
8.425000E-8	1.790025E-3
8.430000E-8	1.699239E-3
8.435000E-8	1.545073E-3
8.440000E-8	1.402898E-3
8.445000E-8	1.303547E-3
8.450000E-8	1.224752E-3
8.455000E-8	1.181928E-3
8.460000E-8	1.236742E-3
8.465000E-8	1.384056E-3
8.470000E-8	1.574193E-3
8.475000E-8	1.762618E-3
8.480000E-8	1.923635E-3
8.485000E-8	2.060671E-3
8.490000E-8	2.184004E-3
8.495000E-8	2.303910E-3
8.500000E-8	2.398122E-3
8.505000E-8	2.427243E-3
8.510000E-8	2.410113E-3
8.515000E-8	2.341595E-3
8.520000E-8	2.209698E-3
8.525000E-8	2.048681E-3
8.530000E-8	1.913358E-3
8.535000E-8	1.805442E-3
8.540000E-8	1.712942E-3
8.545000E-8	1.634147E-3
8.550000E-8	1.572480E-3
8.555000E-8	1.515953E-3
8.560000E-8	1.479981E-3
8.565000E-8	1.509101E-3
8.570000E-8	1.582758E-3
8.575000E-8	1.668406E-3
8.580000E-8	1.757479E-3
8.585000E-8	1.831136E-3
8.590000E-8	1.904793E-3
8.595000E-8	1.981876E-3
8.600000E-8	2.060671E-3
8.605000E-8	2.136041E-3
8.610000E-8	2.218263E-3
8.615000E-8	2.300484E-3
8.620000E-8	2.360437E-3
8.625000E-8	2.394696E-3
8.630000E-8	2.413539E-3
8.635000E-8	2.382706E-3
8.640000E-8	2.285068E-3
8.645000E-8	2.142893E-3
8.650000E-8	1.964746E-3
8.655000E-8	1.764331E-3
8.660000E-8	1.575906E-3
8.665000E-8	1.432019E-3
8.670000E-8	1.312112E-3
8.675000E-8	1.243594E-3
8.680000E-8	1.257298E-3
8.685000E-8	1.322390E-3
8.690000E-8	1.406324E-3
8.695000E-8	1.533083E-3
8.700000E-8	1.702665E-3
8.705000E-8	1.872247E-3
8.710000E-8	1.992153E-3
8.715000E-8	2.033264E-3
8.720000E-8	2.016135E-3
8.725000E-8	1.992153E-3
8.730000E-8	1.956181E-3
8.735000E-8	1.849978E-3
8.740000E-8	1.716368E-3
8.745000E-8	1.605026E-3
8.750000E-8	1.476555E-3
8.755000E-8	1.327529E-3
8.760000E-8	1.224752E-3
8.765000E-8	1.197344E-3
8.770000E-8	1.221326E-3
8.775000E-8	1.296695E-3
8.780000E-8	1.445722E-3
8.785000E-8	1.598175E-3
8.790000E-8	1.719794E-3
8.795000E-8	1.815719E-3
8.800000E-8	1.920209E-3
8.805000E-8	2.043542E-3
8.810000E-8	2.177152E-3
8.815000E-8	2.285068E-3
8.820000E-8	2.387845E-3
8.825000E-8	2.494048E-3
8.830000E-8	2.554001E-3
8.835000E-8	2.542010E-3
8.840000E-8	2.480344E-3
8.845000E-8	2.374141E-3
8.850000E-8	2.245670E-3
8.855000E-8	2.144606E-3
8.860000E-8	2.074375E-3
8.865000E-8	2.004144E-3
8.870000E-8	1.990440E-3
8.875000E-8	2.041829E-3
8.880000E-8	2.106921E-3
8.885000E-8	2.178865E-3
8.890000E-8	2.295345E-3
8.895000E-8	2.422104E-3
8.900000E-8	2.507751E-3
8.905000E-8	2.542010E-3
8.910000E-8	2.547149E-3
8.915000E-8	2.519742E-3
8.920000E-8	2.461502E-3
8.925000E-8	2.391271E-3
8.930000E-8	2.314188E-3
8.935000E-8	2.223401E-3
8.940000E-8	2.100069E-3
8.945000E-8	1.978450E-3
8.950000E-8	1.877386E-3
8.955000E-8	1.790025E-3
8.960000E-8	1.719794E-3
8.965000E-8	1.666693E-3
8.970000E-8	1.634147E-3
8.975000E-8	1.640998E-3
8.980000E-8	1.673544E-3
8.985000E-8	1.702665E-3
8.990000E-8	1.721507E-3
8.995000E-8	1.752340E-3
9.000000E-8	1.767757E-3
9.005000E-8	1.755766E-3
9.010000E-8	1.730072E-3
9.015000E-8	1.683822E-3
9.020000E-8	1.620443E-3
9.025000E-8	1.574193E-3
9.030000E-8	1.529657E-3
9.035000E-8	1.440583E-3
9.040000E-8	1.346371E-3
9.045000E-8	1.349797E-3
9.050000E-8	1.404611E-3
9.055000E-8	1.454287E-3
9.060000E-8	1.505675E-3
9.065000E-8	1.574193E-3
9.070000E-8	1.652989E-3
9.075000E-8	1.764331E-3
9.080000E-8	1.897941E-3
9.085000E-8	1.988727E-3
9.090000E-8	2.029838E-3
9.095000E-8	2.033264E-3
9.100000E-8	1.985301E-3
9.105000E-8	1.920209E-3
9.110000E-8	1.865395E-3
9.115000E-8	1.817432E-3
9.120000E-8	1.776321E-3
9.125000E-8	1.772896E-3
9.130000E-8	1.834562E-3
9.135000E-8	1.925348E-3
9.140000E-8	2.019560E-3
9.145000E-8	2.117199E-3
9.150000E-8	2.211411E-3
9.155000E-8	2.312475E-3
9.160000E-8	2.392984E-3
9.165000E-8	2.427243E-3
9.170000E-8	2.374141E-3
9.175000E-8	2.255948E-3
9.180000E-8	2.086365E-3
9.185000E-8	1.879099E-3
9.190000E-8	1.676970E-3
9.195000E-8	1.485120E-3
9.200000E-8	1.310399E-3
9.205000E-8	1.193918E-3
9.210000E-8	1.178502E-3
9.215000E-8	1.233316E-3
9.220000E-8	1.303547E-3
9.225000E-8	1.409750E-3
9.230000E-8	1.565629E-3
9.235000E-8	1.699239E-3
9.240000E-8	1.783173E-3
9.245000E-8	1.851691E-3
9.250000E-8	1.899654E-3
9.255000E-8	1.882524E-3
9.260000E-8	1.843127E-3
9.265000E-8	1.822571E-3
9.270000E-8	1.776321E-3
9.275000E-8	1.682109E-3
9.280000E-8	1.599888E-3
9.285000E-8	1.558777E-3
9.290000E-8	1.551925E-3
9.295000E-8	1.584471E-3
9.300000E-8	1.642711E-3
9.305000E-8	1.694100E-3
9.310000E-8	1.750627E-3
9.315000E-8	1.827710E-3
9.320000E-8	1.894515E-3
9.325000E-8	1.939052E-3
9.330000E-8	1.949329E-3
9.335000E-8	1.906506E-3
9.340000E-8	1.839701E-3
9.345000E-8	1.784886E-3
9.350000E-8	1.757479E-3
9.355000E-8	1.755766E-3
9.360000E-8	1.766044E-3
9.365000E-8	1.745488E-3
9.370000E-8	1.695813E-3
9.375000E-8	1.656415E-3
9.380000E-8	1.640998E-3
9.385000E-8	1.617017E-3
9.390000E-8	1.611878E-3
9.395000E-8	1.618730E-3
9.400000E-8	1.601601E-3
9.405000E-8	1.553638E-3
9.410000E-8	1.488546E-3
9.415000E-8	1.411463E-3
9.420000E-8	1.348084E-3
9.425000E-8	1.342945E-3
9.430000E-8	1.373778E-3
9.435000E-8	1.423454E-3
9.440000E-8	1.498824E-3
9.445000E-8	1.574193E-3
9.450000E-8	1.610165E-3
9.455000E-8	1.639285E-3
9.460000E-8	1.690674E-3
9.465000E-8	1.721507E-3
9.470000E-8	1.697526E-3
9.475000E-8	1.651276E-3
9.480000E-8	1.617017E-3
9.485000E-8	1.603314E-3
9.490000E-8	1.613591E-3
9.495000E-8	1.644424E-3
9.500000E-8	1.711229E-3
9.505000E-8	1.825997E-3
9.510000E-8	1.949329E-3
9.515000E-8	2.028125E-3
9.520000E-8	2.096643E-3
9.525000E-8	2.173726E-3
9.530000E-8	2.202846E-3
9.535000E-8	2.189142E-3
9.540000E-8	2.175439E-3
9.545000E-8	2.142893E-3
9.550000E-8	2.082940E-3
9.555000E-8	2.048681E-3
9.560000E-8	2.036690E-3
9.565000E-8	1.990440E-3
9.570000E-8	1.921922E-3
9.575000E-8	1.873960E-3
9.580000E-8	1.843127E-3
9.585000E-8	1.817432E-3
9.590000E-8	1.819145E-3
9.595000E-8	1.849978E-3
9.600000E-8	1.880811E-3
9.605000E-8	1.933913E-3
9.610000E-8	1.985301E-3
9.615000E-8	1.966459E-3
9.620000E-8	1.911645E-3
9.625000E-8	1.885950E-3
9.630000E-8	1.841414E-3
9.635000E-8	1.736924E-3
9.640000E-8	1.634147E-3
9.645000E-8	1.551925E-3
9.650000E-8	1.467990E-3
9.655000E-8	1.406324E-3
9.660000E-8	1.384056E-3
9.665000E-8	1.365213E-3
9.670000E-8	1.346371E-3
9.675000E-8	1.363501E-3
9.680000E-8	1.392621E-3
9.685000E-8	1.414889E-3
9.690000E-8	1.474842E-3
9.695000E-8	1.553638E-3
9.700000E-8	1.611878E-3
9.705000E-8	1.658128E-3
9.710000E-8	1.714655E-3
9.715000E-8	1.754053E-3
9.720000E-8	1.788312E-3
9.725000E-8	1.841414E-3
9.730000E-8	1.889376E-3
9.735000E-8	1.892802E-3
9.740000E-8	1.884237E-3
9.745000E-8	1.892802E-3
9.750000E-8	1.918496E-3
9.755000E-8	1.928774E-3
9.760000E-8	1.915070E-3
9.765000E-8	1.891089E-3
9.770000E-8	1.853404E-3
9.775000E-8	1.752340E-3
9.780000E-8	1.625582E-3
9.785000E-8	1.546786E-3
9.790000E-8	1.486833E-3
9.795000E-8	1.396047E-3
9.800000E-8	1.320677E-3
9.805000E-8	1.300121E-3
9.810000E-8	1.294983E-3
9.815000E-8	1.313825E-3
9.820000E-8	1.397760E-3
9.825000E-8	1.536508E-3
9.830000E-8	1.678683E-3
9.835000E-8	1.825997E-3
9.840000E-8	1.976737E-3
9.845000E-8	2.079514E-3
9.850000E-8	2.118912E-3
9.855000E-8	2.112060E-3
9.860000E-8	2.067523E-3
9.865000E-8	1.990440E-3
9.870000E-8	1.899654E-3
9.875000E-8	1.802016E-3
9.880000E-8	1.719794E-3
9.885000E-8	1.647850E-3
9.890000E-8	1.567342E-3
9.895000E-8	1.507388E-3
9.900000E-8	1.529657E-3
9.905000E-8	1.605026E-3
9.910000E-8	1.654702E-3
9.915000E-8	1.661554E-3
9.920000E-8	1.649563E-3
9.925000E-8	1.642711E-3
9.930000E-8	1.639285E-3
9.935000E-8	1.637573E-3
9.940000E-8	1.635860E-3
9.945000E-8	1.639285E-3
9.950000E-8	1.654702E-3
9.955000E-8	1.692387E-3
9.960000E-8	1.747201E-3
9.965000E-8	1.844839E-3
9.970000E-8	1.980163E-3
9.975000E-8	2.106921E-3
9.980000E-8	2.201133E-3
9.985000E-8	2.252522E-3
9.990000E-8	2.250809E-3
9.995000E-8	2.192568E-3
1.000000E-7	2.064097E-3
1.000500E-7	1.856830E-3
1.001000E-7	1.629008E-3
1.001500E-7	1.437157E-3
1.002000E-7	1.291557E-3
1.002500E-7	1.197344E-3
1.003000E-7	1.207622E-3
1.003500E-7	1.320677E-3
1.004000E-7	1.481694E-3
1.004500E-7	1.690674E-3
1.005000E-7	1.942478E-3
1.005500E-7	2.197707E-3
1.006000E-7	2.439233E-3
1.006500E-7	2.692750E-3
1.007000E-7	2.894878E-3
1.007500E-7	3.002794E-3
1.008000E-7	3.040479E-3
1.008500E-7	3.019923E-3
1.009000E-7	2.898304E-3
1.009500E-7	2.701315E-3
1.010000E-7	2.506038E-3
1.010500E-7	2.329604E-3
1.011000E-7	2.165161E-3
1.011500E-7	2.041829E-3
1.012000E-7	1.961320E-3
1.012500E-7	1.901367E-3
1.013000E-7	1.887663E-3
1.013500E-7	1.909932E-3
1.014000E-7	1.920209E-3
1.014500E-7	1.909932E-3
1.015000E-7	1.885950E-3
1.015500E-7	1.841414E-3
1.016000E-7	1.781460E-3
1.016500E-7	1.766044E-3
1.017000E-7	1.786599E-3
1.017500E-7	1.774609E-3
1.018000E-7	1.724933E-3
1.018500E-7	1.671832E-3
1.019000E-7	1.627295E-3
1.019500E-7	1.591323E-3
1.020000E-7	1.539934E-3
1.020500E-7	1.469703E-3
1.021000E-7	1.414889E-3
1.021500E-7	1.392621E-3
1.022000E-7	1.377204E-3
1.022500E-7	1.360075E-3
1.023000E-7	1.385769E-3
1.023500E-7	1.430306E-3
1.024000E-7	1.447435E-3
1.024500E-7	1.461139E-3
1.025000E-7	1.497111E-3
1.025500E-7	1.512527E-3
1.026000E-7	1.519379E-3
1.026500E-7	1.572480E-3
1.027000E-7	1.634147E-3
1.027500E-7	1.663267E-3
1.028000E-7	1.668406E-3
1.028500E-7	1.706091E-3
1.029000E-7	1.743775E-3
1.029500E-7	1.764331E-3
1.030000E-7	1.798590E-3
1.030500E-7	1.848265E-3
1.031000E-7	1.909932E-3
1.031500E-7	1.939052E-3
1.032000E-7	1.944191E-3
1.032500E-7	1.956181E-3
1.033000E-7	1.983588E-3
1.033500E-7	1.983588E-3
1.034000E-7	1.903080E-3
1.034500E-7	1.790025E-3
1.035000E-7	1.695813E-3
1.035500E-7	1.601601E-3
1.036000E-7	1.502249E-3
1.036500E-7	1.476555E-3
1.037000E-7	1.534796E-3
1.037500E-7	1.579332E-3
1.038000E-7	1.606739E-3
1.038500E-7	1.683822E-3
1.039000E-7	1.793451E-3
1.039500E-7	1.877386E-3
1.040000E-7	1.971598E-3
1.040500E-7	2.086365E-3
1.041000E-7	2.173726E-3
1.041500E-7	2.216550E-3
1.042000E-7	2.247383E-3
1.042500E-7	2.237105E-3
1.043000E-7	2.151458E-3
1.043500E-7	2.038403E-3
1.044000E-7	1.942478E-3
1.044500E-7	1.865395E-3
1.045000E-7	1.778034E-3
1.045500E-7	1.690674E-3
1.046000E-7	1.618730E-3
1.046500E-7	1.551925E-3
1.047000E-7	1.462852E-3
1.047500E-7	1.358362E-3
1.048000E-7	1.301834E-3
1.048500E-7	1.286418E-3
1.049000E-7	1.250446E-3
1.049500E-7	1.181928E-3
1.050000E-7	1.125400E-3
1.050500E-7	1.121975E-3
1.051000E-7	1.171650E-3
1.051500E-7	1.235029E-3
1.052000E-7	1.303547E-3
1.052500E-7	1.401185E-3
1.053000E-7	1.527944E-3
1.053500E-7	1.640998E-3
1.054000E-7	1.745488E-3
1.054500E-7	1.880811E-3
1.055000E-7	2.060671E-3
1.055500E-7	2.243957E-3
1.056000E-7	2.406687E-3
1.056500E-7	2.495761E-3
1.057000E-7	2.500899E-3
1.057500E-7	2.459789E-3
1.058000E-7	2.396409E-3
1.058500E-7	2.264512E-3
1.059000E-7	2.077801E-3
1.059500E-7	1.889376E-3
1.060000E-7	1.716368E-3
1.060500E-7	1.581045E-3
1.061000E-7	1.481694E-3
1.061500E-7	1.413176E-3
1.062000E-7	1.392621E-3
1.062500E-7	1.433731E-3
1.063000E-7	1.478268E-3
1.063500E-7	1.515953E-3
1.064000E-7	1.563916E-3
1.064500E-7	1.613591E-3
1.065000E-7	1.656415E-3
1.065500E-7	1.712942E-3
1.066000E-7	1.774609E-3
1.066500E-7	1.827710E-3
1.067000E-7	1.889376E-3
1.067500E-7	1.923635E-3
1.068000E-7	1.899654E-3
1.068500E-7	1.853404E-3
1.069000E-7	1.822571E-3
1.069500E-7	1.757479E-3
1.070000E-7	1.651276E-3
1.070500E-7	1.543360E-3
1.071000E-7	1.421741E-3
1.071500E-7	1.289844E-3
1.072000E-7	1.212761E-3
1.072500E-7	1.181928E-3
1.073000E-7	1.139104E-3
1.073500E-7	1.133965E-3
1.074000E-7	1.200770E-3
1.074500E-7	1.269288E-3
1.075000E-7	1.313825E-3
1.075500E-7	1.372065E-3
1.076000E-7	1.447435E-3
1.076500E-7	1.509101E-3
1.077000E-7	1.575906E-3
1.077500E-7	1.623869E-3
1.078000E-7	1.594749E-3
1.078500E-7	1.533083E-3
1.079000E-7	1.491972E-3
1.079500E-7	1.430306E-3
1.080000E-7	1.322390E-3
1.080500E-7	1.229890E-3
1.081000E-7	1.164798E-3
1.081500E-7	1.091141E-3
1.082000E-7	1.020911E-3
1.082500E-7	9.952163E-4
1.083000E-7	1.012346E-3
1.083500E-7	1.060308E-3
1.084000E-7	1.128826E-3
1.084500E-7	1.187067E-3
1.085000E-7	1.243594E-3
1.085500E-7	1.349797E-3
1.086000E-7	1.471416E-3
1.086500E-7	1.546786E-3
1.087000E-7	1.615304E-3
1.087500E-7	1.702665E-3
1.088000E-7	1.752340E-3
1.088500E-7	1.757479E-3
1.089000E-7	1.771183E-3
1.089500E-7	1.786599E-3
1.090000E-7	1.807155E-3
1.090500E-7	1.817432E-3
1.091000E-7	1.771183E-3
1.091500E-7	1.683822E-3
1.092000E-7	1.630721E-3
1.092500E-7	1.610165E-3
1.093000E-7	1.575906E-3
1.093500E-7	1.563916E-3
1.094000E-7	1.594749E-3
1.094500E-7	1.658128E-3
1.095000E-7	1.747201E-3
1.095500E-7	1.853404E-3
1.096000E-7	1.904793E-3
1.096500E-7	1.921922E-3
1.097000E-7	1.980163E-3
1.097500E-7	2.038403E-3
1.098000E-7	2.041829E-3
1.098500E-7	2.022986E-3
1.099000E-7	2.016135E-3
1.099500E-7	1.976737E-3
1.100000E-7	1.909932E-3
1.100500E-7	1.841414E-3
1.101000E-7	1.733498E-3
1.101500E-7	1.589610E-3
1.102000E-7	1.440583E-3
1.102500E-7	1.289844E-3
1.103000E-7	1.140817E-3
1.103500E-7	1.039753E-3
1.104000E-7	1.000355E-3
1.104500E-7	9.815127E-4
1.105000E-7	1.019198E-3
1.105500E-7	1.144243E-3
1.106000E-7	1.324103E-3
1.106500E-7	1.522805E-3
1.107000E-7	1.716368E-3
1.107500E-7	1.897941E-3
1.108000E-7	2.043542E-3
1.108500E-7	2.153171E-3
1.109000E-7	2.207985E-3
1.109500E-7	2.184004E-3
1.110000E-7	2.091504E-3
1.110500E-7	1.975024E-3
1.111000E-7	1.846552E-3
1.111500E-7	1.659841E-3
1.112000E-7	1.430306E-3
1.112500E-7	1.226465E-3
1.113000E-7	1.070586E-3
1.113500E-7	9.421148E-4
1.114000E-7	8.838745E-4
1.114500E-7	9.164206E-4
1.115000E-7	9.780868E-4
1.115500E-7	1.039753E-3
1.116000E-7	1.121975E-3
1.116500E-7	1.212761E-3
1.117000E-7	1.277853E-3
1.117500E-7	1.318964E-3
1.118000E-7	1.375491E-3
1.118500E-7	1.430306E-3
1.119000E-7	1.456000E-3
1.119500E-7	1.450861E-3
1.120000E-7	1.432019E-3
1.120500E-7	1.401185E-3
1.121000E-7	1.334380E-3
1.121500E-7	1.267575E-3
1.122000E-7	1.264149E-3
1.122500E-7	1.325816E-3
1.123000E-7	1.425167E-3
1.123500E-7	1.534796E-3
1.124000E-7	1.651276E-3
1.124500E-7	1.757479E-3
1.125000E-7	1.860256E-3
1.125500E-7	1.964746E-3
1.126000E-7	2.036690E-3
1.126500E-7	2.070949E-3
1.127000E-7	2.113773E-3
1.127500E-7	2.161735E-3
1.128000E-7	2.187430E-3
1.128500E-7	2.197707E-3
1.129000E-7	2.197707E-3
1.129500E-7	2.185717E-3
1.130000E-7	2.182291E-3
1.130500E-7	2.204559E-3
1.131000E-7	2.213124E-3
1.131500E-7	2.192568E-3
1.132000E-7	2.142893E-3
1.132500E-7	2.081227E-3
1.133000E-7	2.009283E-3
1.133500E-7	1.933913E-3
1.134000E-7	1.863682E-3
1.134500E-7	1.817432E-3
1.135000E-7	1.805442E-3
1.135500E-7	1.807155E-3
1.136000E-7	1.836275E-3
1.136500E-7	1.908219E-3
1.137000E-7	2.009283E-3
1.137500E-7	2.105208E-3
1.138000E-7	2.197707E-3
1.138500E-7	2.326178E-3
1.139000E-7	2.461502E-3
1.139500E-7	2.514603E-3
1.140000E-7	2.475205E-3
1.140500E-7	2.401548E-3
1.141000E-7	2.307336E-3
1.141500E-7	2.132615E-3
1.142000E-7	1.909932E-3
1.142500E-7	1.742062E-3
1.143000E-7	1.617017E-3
1.143500E-7	1.462852E-3
1.144000E-7	1.300121E-3
1.144500E-7	1.176789E-3
1.145000E-7	1.072299E-3
1.145500E-7	9.746609E-4
1.146000E-7	9.044299E-4
1.146500E-7	8.273472E-4
1.147000E-7	7.468385E-4
1.147500E-7	7.502644E-4
1.148000E-7	8.410508E-4
1.148500E-7	9.541055E-4
1.149000E-7	1.091141E-3
1.149500E-7	1.289844E-3
1.150000E-7	1.536508E-3
1.150500E-7	1.774609E-3
1.151000E-7	1.987014E-3
1.151500E-7	2.172013E-3
1.152000E-7	2.303910E-3
1.152500E-7	2.369002E-3
1.153000E-7	2.346734E-3
1.153500E-7	2.266225E-3
1.154000E-7	2.161735E-3
1.154500E-7	2.016135E-3
1.155000E-7	1.808868E-3
1.155500E-7	1.611878E-3
1.156000E-7	1.479981E-3
1.156500E-7	1.399472E-3
1.157000E-7	1.325816E-3
1.157500E-7	1.281279E-3
1.158000E-7	1.294983E-3
1.158500E-7	1.305260E-3
1.159000E-7	1.329242E-3
1.159500E-7	1.402898E-3
1.160000E-7	1.502249E-3
1.160500E-7	1.589610E-3
1.161000E-7	1.675257E-3
1.161500E-7	1.762618E-3
1.162000E-7	1.836275E-3
1.162500E-7	1.887663E-3
1.163000E-7	1.918496E-3
1.163500E-7	1.894515E-3
1.164000E-7	1.843127E-3
1.164500E-7	1.795164E-3
1.165000E-7	1.721507E-3
1.165500E-7	1.647850E-3
1.166000E-7	1.620443E-3
1.166500E-7	1.623869E-3
1.167000E-7	1.605026E-3
1.167500E-7	1.593036E-3
1.168000E-7	1.596462E-3
1.168500E-7	1.581045E-3
1.169000E-7	1.587897E-3
1.169500E-7	1.639285E-3
1.170000E-7	1.671832E-3
1.170500E-7	1.687248E-3
1.171000E-7	1.738637E-3
1.171500E-7	1.790025E-3
1.172000E-7	1.788312E-3
1.172500E-7	1.759192E-3
1.173000E-7	1.743775E-3
1.173500E-7	1.702665E-3
1.174000E-7	1.637573E-3
1.174500E-7	1.563916E-3
1.175000E-7	1.478268E-3
1.175500E-7	1.406324E-3
1.176000E-7	1.401185E-3
1.176500E-7	1.414889E-3
1.177000E-7	1.394334E-3
1.177500E-7	1.370352E-3
1.178000E-7	1.370352E-3
1.178500E-7	1.353223E-3
1.179000E-7	1.344658E-3
1.179500E-7	1.377204E-3
1.180000E-7	1.426880E-3
1.180500E-7	1.466278E-3
1.181000E-7	1.521092E-3
1.181500E-7	1.586184E-3
1.182000E-7	1.622156E-3
1.182500E-7	1.670119E-3
1.183000E-7	1.769470E-3
1.183500E-7	1.858543E-3
1.184000E-7	1.887663E-3
1.184500E-7	1.889376E-3
1.185000E-7	1.872247E-3
1.185500E-7	1.802016E-3
1.186000E-7	1.702665E-3
1.186500E-7	1.630721E-3
1.187000E-7	1.574193E-3
1.187500E-7	1.519379E-3
1.188000E-7	1.519379E-3
1.188500E-7	1.560490E-3
1.189000E-7	1.577619E-3
1.189500E-7	1.546786E-3
1.190000E-7	1.512527E-3
1.190500E-7	1.512527E-3
1.191000E-7	1.521092E-3
1.191500E-7	1.500537E-3
1.192000E-7	1.491972E-3
1.192500E-7	1.546786E-3
1.193000E-7	1.627295E-3
1.193500E-7	1.683822E-3
1.194000E-7	1.712942E-3
1.194500E-7	1.735211E-3
1.195000E-7	1.743775E-3
1.195500E-7	1.748914E-3
1.196000E-7	1.760905E-3
1.196500E-7	1.776321E-3
1.197000E-7	1.757479E-3
1.197500E-7	1.692387E-3
1.198000E-7	1.589610E-3
1.198500E-7	1.486833E-3
1.199000E-7	1.390908E-3
1.199500E-7	1.310399E-3
1.200000E-7	1.267575E-3
1.200500E-7	1.272714E-3
1.201000E-7	1.317251E-3
1.201500E-7	1.392621E-3
1.202000E-7	1.478268E-3
1.202500E-7	1.550212E-3
1.203000E-7	1.603314E-3
1.203500E-7	1.668406E-3
1.204000E-7	1.721507E-3
1.204500E-7	1.712942E-3
1.205000E-7	1.644424E-3
1.205500E-7	1.543360E-3
1.206000E-7	1.433731E-3
1.206500E-7	1.334380E-3
1.207000E-7	1.259011E-3
1.207500E-7	1.253872E-3
1.208000E-7	1.334380E-3
1.208500E-7	1.491972E-3
1.209000E-7	1.695813E-3
1.209500E-7	1.957894E-3
1.210000E-7	2.278216E-3
1.210500E-7	2.613954E-3
1.211000E-7	2.894878E-3
1.211500E-7	3.078164E-3
1.212000E-7	3.163811E-3
1.212500E-7	3.174089E-3
1.213000E-7	3.079876E-3
1.213500E-7	2.891452E-3
1.214000E-7	2.680759E-3
1.214500E-7	2.485483E-3
1.215000E-7	2.266225E-3
1.215500E-7	2.048681E-3
1.216000E-7	1.892802E-3
1.216500E-7	1.803729E-3
1.217000E-7	1.783173E-3
1.217500E-7	1.814006E-3
1.218000E-7	1.889376E-3
1.218500E-7	1.981876E-3
1.219000E-7	2.088078E-3
1.219500E-7	2.187430E-3
1.220000E-7	2.279929E-3
1.220500E-7	2.386132E-3
1.221000E-7	2.475205E-3
1.221500E-7	2.464927E-3
1.222000E-7	2.363863E-3
1.222500E-7	2.257660E-3
1.223000E-7	2.158309E-3
1.223500E-7	1.999005E-3
1.224000E-7	1.793451E-3
1.224500E-7	1.617017E-3
1.225000E-7	1.461139E-3
1.225500E-7	1.274427E-3
1.226000E-7	1.089429E-3
1.226500E-7	9.523925E-4
1.227000E-7	8.427637E-4
1.227500E-7	7.725328E-4
1.228000E-7	7.862364E-4
1.228500E-7	8.735968E-4
1.229000E-7	1.003781E-3
1.229500E-7	1.178502E-3
1.230000E-7	1.390908E-3
1.230500E-7	1.610165E-3
1.231000E-7	1.812293E-3
1.231500E-7	1.973311E-3
1.232000E-7	2.062384E-3
1.232500E-7	2.082940E-3
1.233000E-7	2.076088E-3
1.233500E-7	2.036690E-3
1.234000E-7	1.957894E-3
1.234500E-7	1.849978E-3
1.235000E-7	1.757479E-3
1.235500E-7	1.694100E-3
1.236000E-7	1.673544E-3
1.236500E-7	1.692387E-3
1.237000E-7	1.757479E-3
1.237500E-7	1.880811E-3
1.238000E-7	2.048681E-3
1.238500E-7	2.192568E-3
1.239000E-7	2.276503E-3
1.239500E-7	2.295345E-3
1.240000E-7	2.247383E-3
1.240500E-7	2.136041E-3
1.241000E-7	1.999005E-3
1.241500E-7	1.829423E-3
1.242000E-7	1.634147E-3
1.242500E-7	1.456000E-3
1.243000E-7	1.322390E-3
1.243500E-7	1.202483E-3
1.244000E-7	1.109984E-3
1.244500E-7	1.074012E-3
1.245000E-7	1.068873E-3
1.245500E-7	1.097993E-3
1.246000E-7	1.193918E-3
1.246500E-7	1.373778E-3
1.247000E-7	1.567342E-3
1.247500E-7	1.730072E-3
1.248000E-7	1.880811E-3
1.248500E-7	2.029838E-3
1.249000E-7	2.161735E-3
1.249500E-7	2.245670E-3
1.250000E-7	2.297058E-3
1.250500E-7	2.348447E-3
1.251000E-7	2.396409E-3
1.251500E-7	2.423817E-3
1.252000E-7	2.410113E-3
1.252500E-7	2.360437E-3
1.253000E-7	2.257660E-3
1.253500E-7	2.089791E-3
1.254000E-7	1.885950E-3
1.254500E-7	1.676970E-3
1.255000E-7	1.450861E-3
1.255500E-7	1.209335E-3
1.256000E-7	1.039753E-3
1.256500E-7	9.592443E-4
1.257000E-7	8.975781E-4
1.257500E-7	8.667450E-4
1.258000E-7	9.215594E-4
1.258500E-7	1.053457E-3
1.259000E-7	1.192206E-3
1.259500E-7	1.336093E-3
1.260000E-7	1.521092E-3
1.260500E-7	1.724933E-3
1.261000E-7	1.909932E-3
1.261500E-7	2.064097E-3
1.262000E-7	2.160022E-3
1.262500E-7	2.192568E-3
1.263000E-7	2.195994E-3
1.263500E-7	2.173726E-3
1.264000E-7	2.100069E-3
1.264500E-7	1.983588E-3
1.265000E-7	1.887663E-3
1.265500E-7	1.819145E-3
1.266000E-7	1.767757E-3
1.266500E-7	1.723220E-3
1.267000E-7	1.671832E-3
1.267500E-7	1.625582E-3
1.268000E-7	1.625582E-3
1.268500E-7	1.663267E-3
1.269000E-7	1.690674E-3
1.269500E-7	1.699239E-3
1.270000E-7	1.690674E-3
1.270500E-7	1.646137E-3
1.271000E-7	1.579332E-3
1.271500E-7	1.500537E-3
1.272000E-7	1.413176E-3
1.272500E-7	1.324103E-3
1.273000E-7	1.264149E-3
1.273500E-7	1.224752E-3
1.274000E-7	1.212761E-3
1.274500E-7	1.243594E-3
1.275000E-7	1.296695E-3
1.275500E-7	1.365213E-3
1.276000E-7	1.485120E-3
1.276500E-7	1.644424E-3
1.277000E-7	1.781460E-3
1.277500E-7	1.870534E-3
1.278000E-7	1.940765E-3
1.278500E-7	1.990440E-3
1.279000E-7	2.012709E-3
1.279500E-7	2.016135E-3
1.280000E-7	2.002431E-3
1.280500E-7	1.956181E-3
1.281000E-7	1.884237E-3
1.281500E-7	1.810580E-3
1.282000E-7	1.752340E-3
1.282500E-7	1.694100E-3
1.283000E-7	1.629008E-3
1.283500E-7	1.572480E-3
1.284000E-7	1.539934E-3
1.284500E-7	1.558777E-3
1.285000E-7	1.632434E-3
1.285500E-7	1.736924E-3
1.286000E-7	1.872247E-3
1.286500E-7	2.029838E-3
1.287000E-7	2.172013E-3
1.287500E-7	2.254235E-3
1.288000E-7	2.293632E-3
1.288500E-7	2.271364E-3
1.289000E-7	2.178865E-3
1.289500E-7	2.053819E-3
1.290000E-7	1.933913E-3
1.290500E-7	1.795164E-3
1.291000E-7	1.637573E-3
1.291500E-7	1.522805E-3
1.292000E-7	1.464565E-3
1.292500E-7	1.435444E-3
1.293000E-7	1.456000E-3
1.293500E-7	1.543360E-3
1.294000E-7	1.685535E-3
1.294500E-7	1.851691E-3
1.295000E-7	2.000718E-3
1.295500E-7	2.127476E-3
1.296000E-7	2.223401E-3
1.296500E-7	2.257660E-3
1.297000E-7	2.206272E-3
1.297500E-7	2.074375E-3
1.298000E-7	1.891089E-3
1.298500E-7	1.688961E-3
1.299000E-7	1.502249E-3
1.299500E-7	1.356649E-3
1.300000E-7	1.223039E-3
1.300500E-7	1.123688E-3
1.301000E-7	1.115123E-3
1.301500E-7	1.216187E-3
1.302000E-7	1.390908E-3
1.302500E-7	1.618730E-3
1.303000E-7	1.873960E-3
1.303500E-7	2.130902E-3
1.304000E-7	2.399835E-3
1.304500E-7	2.624232E-3
1.305000E-7	2.750990E-3
1.305500E-7	2.824647E-3
1.306000E-7	2.898304E-3
1.306500E-7	2.937702E-3
1.307000E-7	2.900017E-3
1.307500E-7	2.814369E-3
1.308000E-7	2.684185E-3
1.308500E-7	2.512890E-3
1.309000E-7	2.338169E-3
1.309500E-7	2.172013E-3
1.310000E-7	1.990440E-3
1.310500E-7	1.802016E-3
1.311000E-7	1.649563E-3
1.311500E-7	1.531370E-3
1.312000E-7	1.440583E-3
1.312500E-7	1.409750E-3
1.313000E-7	1.433731E-3
1.313500E-7	1.476555E-3
1.314000E-7	1.491972E-3
1.314500E-7	1.514240E-3
1.315000E-7	1.543360E-3
1.315500E-7	1.548499E-3
1.316000E-7	1.543360E-3
1.316500E-7	1.560490E-3
1.317000E-7	1.610165E-3
1.317500E-7	1.640998E-3
1.318000E-7	1.658128E-3
1.318500E-7	1.707803E-3
1.319000E-7	1.817432E-3
1.319500E-7	1.944191E-3
1.320000E-7	2.031551E-3
1.320500E-7	2.101782E-3
1.321000E-7	2.178865E-3
1.321500E-7	2.219976E-3
1.322000E-7	2.175439E-3
1.322500E-7	2.106921E-3
1.323000E-7	2.057245E-3
1.323500E-7	2.005857E-3
1.324000E-7	1.959607E-3
1.324500E-7	1.969885E-3
1.325000E-7	2.000718E-3
1.325500E-7	2.010996E-3
1.326000E-7	2.057245E-3
1.326500E-7	2.156596E-3
1.327000E-7	2.262799E-3
1.327500E-7	2.322753E-3
1.328000E-7	2.358725E-3
1.328500E-7	2.370715E-3
1.329000E-7	2.353586E-3
1.329500E-7	2.310762E-3
1.330000E-7	2.243957E-3
1.330500E-7	2.163448E-3
1.331000E-7	2.100069E-3
1.331500E-7	2.026412E-3
1.332000E-7	1.944191E-3
1.332500E-7	1.885950E-3
1.333000E-7	1.858543E-3
1.333500E-7	1.819145E-3
1.334000E-7	1.778034E-3
1.334500E-7	1.769470E-3
1.335000E-7	1.800303E-3
1.335500E-7	1.856830E-3
1.336000E-7	1.915070E-3
1.336500E-7	1.933913E-3
1.337000E-7	1.952755E-3
1.337500E-7	1.997292E-3
1.338000E-7	2.026412E-3
1.338500E-7	1.981876E-3
1.339000E-7	1.915070E-3
1.339500E-7	1.860256E-3
1.340000E-7	1.776321E-3
1.340500E-7	1.666693E-3
1.341000E-7	1.577619E-3
1.341500E-7	1.493685E-3
1.342000E-7	1.413176E-3
1.342500E-7	1.372065E-3
1.343000E-7	1.366926E-3
1.343500E-7	1.370352E-3
1.344000E-7	1.397760E-3
1.344500E-7	1.461139E-3
1.345000E-7	1.479981E-3
1.345500E-7	1.440583E-3
1.346000E-7	1.411463E-3
1.346500E-7	1.404611E-3
1.347000E-7	1.402898E-3
1.347500E-7	1.420028E-3
1.348000E-7	1.452574E-3
1.348500E-7	1.479981E-3
1.349000E-7	1.510814E-3
1.349500E-7	1.557064E-3
1.350000E-7	1.599888E-3
1.350500E-7	1.656415E-3
1.351000E-7	1.726646E-3
1.351500E-7	1.776321E-3
1.352000E-7	1.767757E-3
1.352500E-7	1.714655E-3
1.353000E-7	1.611878E-3
1.353500E-7	1.461139E-3
1.354000E-7	1.281279E-3
1.354500E-7	1.106558E-3
1.355000E-7	9.626702E-4
1.355500E-7	8.616062E-4
1.356000E-7	8.067918E-4
1.356500E-7	8.016529E-4
1.357000E-7	8.667450E-4
1.357500E-7	9.558184E-4
1.358000E-7	1.056882E-3
1.358500E-7	1.175076E-3
1.359000E-7	1.294983E-3
1.359500E-7	1.380630E-3
1.360000E-7	1.428593E-3
1.360500E-7	1.456000E-3
1.361000E-7	1.445722E-3
1.361500E-7	1.385769E-3
1.362000E-7	1.348084E-3
1.362500E-7	1.380630E-3
1.363000E-7	1.461139E-3
1.363500E-7	1.562203E-3
1.364000E-7	1.678683E-3
1.364500E-7	1.786599E-3
1.365000E-7	1.849978E-3
1.365500E-7	1.885950E-3
1.366000E-7	1.880811E-3
1.366500E-7	1.812293E-3
1.367000E-7	1.730072E-3
1.367500E-7	1.658128E-3
1.368000E-7	1.594749E-3
1.368500E-7	1.539934E-3
1.369000E-7	1.522805E-3
1.369500E-7	1.538221E-3
1.370000E-7	1.539934E-3
1.370500E-7	1.527944E-3
1.371000E-7	1.531370E-3
1.371500E-7	1.553638E-3
1.372000E-7	1.572480E-3
1.372500E-7	1.615304E-3
1.373000E-7	1.671832E-3
1.373500E-7	1.692387E-3
1.374000E-7	1.676970E-3
1.374500E-7	1.661554E-3
1.375000E-7	1.613591E-3
1.375500E-7	1.503962E-3
1.376000E-7	1.404611E-3
1.376500E-7	1.370352E-3
1.377000E-7	1.363501E-3
1.377500E-7	1.380630E-3
1.378000E-7	1.445722E-3
1.378500E-7	1.543360E-3
1.379000E-7	1.623869E-3
1.379500E-7	1.664980E-3
1.380000E-7	1.702665E-3
1.380500E-7	1.738637E-3
1.381000E-7	1.776321E-3
1.381500E-7	1.805442E-3
1.382000E-7	1.839701E-3
1.382500E-7	1.892802E-3
1.383000E-7	1.956181E-3
1.383500E-7	1.993866E-3
1.384000E-7	1.988727E-3
1.384500E-7	1.933913E-3
1.385000E-7	1.824284E-3
1.385500E-7	1.706091E-3
1.386000E-7	1.620443E-3
1.386500E-7	1.572480E-3
1.387000E-7	1.539934E-3
1.387500E-7	1.545073E-3
1.388000E-7	1.596462E-3
1.388500E-7	1.670119E-3
1.389000E-7	1.767757E-3
1.389500E-7	1.899654E-3
1.390000E-7	2.052106E-3
1.390500E-7	2.187430E-3
1.391000E-7	2.286781E-3
1.391500E-7	2.351873E-3
1.392000E-7	2.370715E-3
1.392500E-7	2.345021E-3
1.393000E-7	2.273077E-3
1.393500E-7	2.172013E-3
1.394000E-7	2.064097E-3
1.394500E-7	1.961320E-3
1.395000E-7	1.867108E-3
1.395500E-7	1.805442E-3
1.396000E-7	1.784886E-3
1.396500E-7	1.786599E-3
1.397000E-7	1.784886E-3
1.397500E-7	1.776321E-3
1.398000E-7	1.769470E-3
1.398500E-7	1.757479E-3
1.399000E-7	1.714655E-3
1.399500E-7	1.639285E-3
1.400000E-7	1.567342E-3
1.400500E-7	1.517666E-3
1.401000E-7	1.467990E-3
1.401500E-7	1.399472E-3
1.402000E-7	1.342945E-3
1.402500E-7	1.342945E-3
1.403000E-7	1.361788E-3
1.403500E-7	1.389195E-3
1.404000E-7	1.447435E-3
1.404500E-7	1.563916E-3
1.405000E-7	1.704378E-3
1.405500E-7	1.839701E-3
1.406000E-7	1.928774E-3
1.406500E-7	1.949329E-3
1.407000E-7	1.913358E-3
1.407500E-7	1.843127E-3
1.408000E-7	1.707803E-3
1.408500E-7	1.522805E-3
1.409000E-7	1.366926E-3
1.409500E-7	1.252159E-3
1.410000E-7	1.181928E-3
1.410500E-7	1.161372E-3
1.411000E-7	1.180215E-3
1.411500E-7	1.224752E-3
1.412000E-7	1.310399E-3
1.412500E-7	1.416602E-3
1.413000E-7	1.491972E-3
1.413500E-7	1.541647E-3
1.414000E-7	1.594749E-3
1.414500E-7	1.620443E-3
1.415000E-7	1.596462E-3
1.415500E-7	1.557064E-3
1.416000E-7	1.505675E-3
1.416500E-7	1.447435E-3
1.417000E-7	1.402898E-3
1.417500E-7	1.368639E-3
1.418000E-7	1.324103E-3
1.418500E-7	1.318964E-3
1.419000E-7	1.390908E-3
1.419500E-7	1.488546E-3
1.420000E-7	1.570767E-3
1.420500E-7	1.690674E-3
1.421000E-7	1.853404E-3
1.421500E-7	1.985301E-3
1.422000E-7	2.064097E-3
1.422500E-7	2.117199E-3
1.423000E-7	2.141180E-3
1.423500E-7	2.134328E-3
1.424000E-7	2.124050E-3
1.424500E-7	2.101782E-3
1.425000E-7	2.040116E-3
1.425500E-7	1.985301E-3
1.426000E-7	1.947617E-3
1.426500E-7	1.887663E-3
1.427000E-7	1.808868E-3
1.427500E-7	1.747201E-3
1.428000E-7	1.683822E-3
1.428500E-7	1.594749E-3
1.429000E-7	1.536508E-3
1.429500E-7	1.546786E-3
1.430000E-7	1.574193E-3
1.430500E-7	1.572480E-3
1.431000E-7	1.581045E-3
1.431500E-7	1.622156E-3
1.432000E-7	1.687248E-3
1.432500E-7	1.750627E-3
1.433000E-7	1.796877E-3
1.433500E-7	1.829423E-3
1.434000E-7	1.860256E-3
1.434500E-7	1.875673E-3
1.435000E-7	1.846552E-3
1.435500E-7	1.772896E-3
1.436000E-7	1.676970E-3
1.436500E-7	1.557064E-3
1.437000E-7	1.423454E-3
1.437500E-7	1.303547E-3
1.438000E-7	1.221326E-3
1.438500E-7	1.187067E-3
1.439000E-7	1.185354E-3
1.439500E-7	1.197344E-3
1.440000E-7	1.223039E-3
1.440500E-7	1.296695E-3
1.441000E-7	1.399472E-3
1.441500E-7	1.493685E-3
1.442000E-7	1.562203E-3
1.442500E-7	1.617017E-3
1.443000E-7	1.656415E-3
1.443500E-7	1.642711E-3
1.444000E-7	1.567342E-3
1.444500E-7	1.485120E-3
1.445000E-7	1.445722E-3
1.445500E-7	1.426880E-3
1.446000E-7	1.406324E-3
1.446500E-7	1.442296E-3
1.447000E-7	1.550212E-3
1.447500E-7	1.651276E-3
1.448000E-7	1.700952E-3
1.448500E-7	1.779747E-3
1.449000E-7	1.918496E-3
1.449500E-7	2.065810E-3
1.450000E-7	2.165161E-3
1.450500E-7	2.219976E-3
1.451000E-7	2.228540E-3
1.451500E-7	2.175439E-3
1.452000E-7	2.076088E-3
1.452500E-7	1.930487E-3
1.453000E-7	1.759192E-3
1.453500E-7	1.611878E-3
1.454000E-7	1.505675E-3
1.454500E-7	1.399472E-3
1.455000E-7	1.288131E-3
1.455500E-7	1.226465E-3
1.456000E-7	1.235029E-3
1.456500E-7	1.286418E-3
1.457000E-7	1.382343E-3
1.457500E-7	1.521092E-3
1.458000E-7	1.649563E-3
1.458500E-7	1.709516E-3
1.459000E-7	1.724933E-3
1.459500E-7	1.709516E-3
1.460000E-7	1.644424E-3
1.460500E-7	1.521092E-3
1.461000E-7	1.346371E-3
1.461500E-7	1.190493E-3
1.462000E-7	1.089429E-3
1.462500E-7	1.053457E-3
1.463000E-7	1.086003E-3
1.463500E-7	1.195631E-3
1.464000E-7	1.330954E-3
1.464500E-7	1.481694E-3
1.465000E-7	1.649563E-3
1.465500E-7	1.832849E-3
1.466000E-7	2.002431E-3
1.466500E-7	2.161735E-3
1.467000E-7	2.295345E-3
1.467500E-7	2.389558E-3
1.468000E-7	2.439233E-3
1.468500E-7	2.459789E-3
1.469000E-7	2.442659E-3
1.469500E-7	2.369002E-3
1.470000E-7	2.257660E-3
1.470500E-7	2.105208E-3
1.471000E-7	1.940765E-3
1.471500E-7	1.800303E-3
1.472000E-7	1.700952E-3
1.472500E-7	1.610165E-3
1.473000E-7	1.479981E-3
1.473500E-7	1.344658E-3
1.474000E-7	1.262436E-3
1.474500E-7	1.255585E-3
1.475000E-7	1.306973E-3
1.475500E-7	1.387482E-3
1.476000E-7	1.474842E-3
1.476500E-7	1.567342E-3
1.477000E-7	1.664980E-3
1.477500E-7	1.743775E-3
1.478000E-7	1.790025E-3
1.478500E-7	1.820858E-3
1.479000E-7	1.853404E-3
1.479500E-7	1.858543E-3
1.480000E-7	1.829423E-3
1.480500E-7	1.779747E-3
1.481000E-7	1.731785E-3
1.481500E-7	1.704378E-3
1.482000E-7	1.692387E-3
1.482500E-7	1.673544E-3
1.483000E-7	1.654702E-3
1.483500E-7	1.659841E-3
1.484000E-7	1.714655E-3
1.484500E-7	1.800303E-3
1.485000E-7	1.873960E-3
1.485500E-7	1.927061E-3
1.486000E-7	1.966459E-3
1.486500E-7	1.981876E-3
1.487000E-7	1.933913E-3
1.487500E-7	1.834562E-3
1.488000E-7	1.757479E-3
1.488500E-7	1.700952E-3
1.489000E-7	1.579332E-3
1.489500E-7	1.399472E-3
1.490000E-7	1.274427E-3
1.490500E-7	1.187067E-3
1.491000E-7	1.082577E-3
1.491500E-7	1.003781E-3
1.492000E-7	9.678091E-4
1.492500E-7	9.198465E-4
1.493000E-7	8.239213E-4
1.493500E-7	7.194313E-4
1.494000E-7	6.440615E-4
1.494500E-7	5.978119E-4
1.495000E-7	6.012378E-4
1.495500E-7	6.577651E-4
1.496000E-7	7.571162E-4
1.496500E-7	8.821616E-4
1.497000E-7	1.019198E-3
1.497500E-7	1.163085E-3
1.498000E-7	1.305260E-3
1.498500E-7	1.464565E-3
1.499000E-7	1.601601E-3
1.499500E-7	1.692387E-3
1.500000E-7	1.778034E-3
1.500500E-7	1.860256E-3
1.501000E-7	1.885950E-3
1.501500E-7	1.872247E-3
1.502000E-7	1.863682E-3
1.502500E-7	1.827710E-3
1.503000E-7	1.759192E-3
1.503500E-7	1.716368E-3
1.504000E-7	1.709516E-3
1.504500E-7	1.719794E-3
1.505000E-7	1.742062E-3
1.505500E-7	1.795164E-3
1.506000E-7	1.853404E-3
1.506500E-7	1.909932E-3
1.507000E-7	1.957894E-3
1.507500E-7	1.990440E-3
1.508000E-7	2.024699E-3
1.508500E-7	2.074375E-3
1.509000E-7	2.094930E-3
1.509500E-7	2.089791E-3
1.510000E-7	2.088078E-3
1.510500E-7	2.079514E-3
1.511000E-7	2.038403E-3
1.511500E-7	1.949329E-3
1.512000E-7	1.834562E-3
1.512500E-7	1.726646E-3
1.513000E-7	1.642711E-3
1.513500E-7	1.529657E-3
1.514000E-7	1.373778E-3
1.514500E-7	1.262436E-3
1.515000E-7	1.192206E-3
1.515500E-7	1.111697E-3
1.516000E-7	1.034614E-3
1.516500E-7	9.986422E-4
1.517000E-7	9.763738E-4
1.517500E-7	9.369760E-4
1.518000E-7	8.924393E-4
1.518500E-7	8.581803E-4
1.519000E-7	8.307731E-4
1.519500E-7	7.913752E-4
1.520000E-7	7.536903E-4
1.520500E-7	7.571162E-4
1.521000E-7	8.153565E-4
1.521500E-7	8.753098E-4
1.522000E-7	8.958652E-4
1.522500E-7	9.027170E-4
1.523000E-7	9.421148E-4
1.523500E-7	1.007207E-3
1.524000E-7	1.068873E-3
1.524500E-7	1.132252E-3
1.525000E-7	1.219613E-3
1.525500E-7	1.317251E-3
1.526000E-7	1.408037E-3
1.526500E-7	1.474842E-3
1.527000E-7	1.517666E-3
1.527500E-7	1.553638E-3
1.528000E-7	1.611878E-3
1.528500E-7	1.676970E-3
1.529000E-7	1.714655E-3
1.529500E-7	1.736924E-3
1.530000E-7	1.754053E-3
1.530500E-7	1.788312E-3
1.531000E-7	1.848265E-3
1.531500E-7	1.906506E-3
1.532000E-7	1.944191E-3
1.532500E-7	1.983588E-3
1.533000E-7	2.028125E-3
1.533500E-7	2.021273E-3
1.534000E-7	1.949329E-3
1.534500E-7	1.894515E-3
1.535000E-7	1.868821E-3
1.535500E-7	1.800303E-3
1.536000E-7	1.683822E-3
1.536500E-7	1.603314E-3
1.537000E-7	1.557064E-3
1.537500E-7	1.514240E-3
1.538000E-7	1.498824E-3
1.538500E-7	1.522805E-3
1.539000E-7	1.521092E-3
1.539500E-7	1.462852E-3
1.540000E-7	1.404611E-3
1.540500E-7	1.375491E-3
1.541000E-7	1.342945E-3
1.541500E-7	1.310399E-3
1.542000E-7	1.306973E-3
1.542500E-7	1.342945E-3
1.543000E-7	1.401185E-3
1.543500E-7	1.488546E-3
1.544000E-7	1.570767E-3
1.544500E-7	1.654702E-3
1.545000E-7	1.796877E-3
1.545500E-7	1.983588E-3
1.546000E-7	2.137754E-3
1.546500E-7	2.252522E-3
1.547000E-7	2.336456E-3
1.547500E-7	2.339882E-3
1.548000E-7	2.245670E-3
1.548500E-7	2.124050E-3
1.549000E-7	1.983588E-3
1.549500E-7	1.776321E-3
1.550000E-7	1.526231E-3
1.550500E-7	1.291557E-3
1.551000E-7	1.075725E-3
1.551500E-7	9.198465E-4
1.552000E-7	8.204954E-4
1.552500E-7	7.536903E-4
1.553000E-7	7.091536E-4
1.553500E-7	7.160054E-4
1.554000E-7	7.451256E-4
1.554500E-7	7.982270E-4
1.555000E-7	9.095688E-4
1.555500E-7	1.075725E-3
1.556000E-7	1.240168E-3
1.556500E-7	1.413176E-3
1.557000E-7	1.577619E-3
1.557500E-7	1.690674E-3
1.558000E-7	1.726646E-3
1.558500E-7	1.730072E-3
1.559000E-7	1.695813E-3
1.559500E-7	1.605026E-3
1.560000E-7	1.522805E-3
1.560500E-7	1.495398E-3
1.561000E-7	1.481694E-3
1.561500E-7	1.462852E-3
1.562000E-7	1.445722E-3
1.562500E-7	1.420028E-3
1.563000E-7	1.399472E-3
1.563500E-7	1.409750E-3
1.564000E-7	1.397760E-3
1.564500E-7	1.349797E-3
1.565000E-7	1.348084E-3
1.565500E-7	1.411463E-3
1.566000E-7	1.452574E-3
1.566500E-7	1.473129E-3
1.567000E-7	1.534796E-3
1.567500E-7	1.608452E-3
1.568000E-7	1.644424E-3
1.568500E-7	1.678683E-3
1.569000E-7	1.731785E-3
1.569500E-7	1.788312E-3
1.570000E-7	1.851691E-3
1.570500E-7	1.915070E-3
1.571000E-7	1.932200E-3
1.571500E-7	1.867108E-3
1.572000E-7	1.745488E-3
1.572500E-7	1.622156E-3
1.573000E-7	1.536508E-3
1.573500E-7	1.464565E-3
1.574000E-7	1.372065E-3
1.574500E-7	1.282992E-3
1.575000E-7	1.231603E-3
1.575500E-7	1.207622E-3
1.576000E-7	1.185354E-3
1.576500E-7	1.185354E-3
1.577000E-7	1.211048E-3
1.577500E-7	1.245307E-3
1.578000E-7	1.296695E-3
1.578500E-7	1.368639E-3
1.579000E-7	1.459426E-3
1.579500E-7	1.553638E-3
1.580000E-7	1.622156E-3
1.580500E-7	1.644424E-3
1.581000E-7	1.639285E-3
1.581500E-7	1.627295E-3
1.582000E-7	1.587897E-3
1.582500E-7	1.541647E-3
1.583000E-7	1.557064E-3
1.583500E-7	1.618730E-3
1.584000E-7	1.668406E-3
1.584500E-7	1.688961E-3
1.585000E-7	1.694100E-3
1.585500E-7	1.682109E-3
1.586000E-7	1.656415E-3
1.586500E-7	1.656415E-3
1.587000E-7	1.673544E-3
1.587500E-7	1.659841E-3
1.588000E-7	1.598175E-3
1.588500E-7	1.533083E-3
1.589000E-7	1.497111E-3
1.589500E-7	1.483407E-3
1.590000E-7	1.481694E-3
1.590500E-7	1.485120E-3
1.591000E-7	1.490259E-3
1.591500E-7	1.491972E-3
1.592000E-7	1.509101E-3
1.592500E-7	1.539934E-3
1.593000E-7	1.562203E-3
1.593500E-7	1.569055E-3
1.594000E-7	1.553638E-3
1.594500E-7	1.495398E-3
1.595000E-7	1.390908E-3
1.595500E-7	1.282992E-3
1.596000E-7	1.193918E-3
1.596500E-7	1.092854E-3
1.597000E-7	9.780868E-4
1.597500E-7	8.855875E-4
1.598000E-7	8.444767E-4
1.598500E-7	8.341990E-4
1.599000E-7	8.461896E-4
1.599500E-7	9.061429E-4
1.600000E-7	1.010633E-3
1.600500E-7	1.118549E-3
1.601000E-7	1.192206E-3
1.601500E-7	1.238455E-3
1.602000E-7	1.279566E-3
1.602500E-7	1.329242E-3
1.603000E-7	1.353223E-3
1.603500E-7	1.315538E-3
1.604000E-7	1.269288E-3
1.604500E-7	1.277853E-3
1.605000E-7	1.296695E-3
1.605500E-7	1.313825E-3
1.606000E-7	1.378917E-3
1.606500E-7	1.495398E-3
1.607000E-7	1.601601E-3
1.607500E-7	1.716368E-3
1.608000E-7	1.834562E-3
1.608500E-7	1.877386E-3
1.609000E-7	1.824284E-3
1.609500E-7	1.759192E-3
1.610000E-7	1.702665E-3
1.610500E-7	1.620443E-3
1.611000E-7	1.529657E-3
1.611500E-7	1.491972E-3
1.612000E-7	1.491972E-3
1.612500E-7	1.519379E-3
1.613000E-7	1.574193E-3
1.613500E-7	1.646137E-3
1.614000E-7	1.771183E-3
1.614500E-7	1.949329E-3
1.615000E-7	2.103495E-3
1.615500E-7	2.194281E-3
1.616000E-7	2.264512E-3
1.616500E-7	2.319327E-3
1.617000E-7	2.286781E-3
1.617500E-7	2.163448E-3
1.618000E-7	2.009283E-3
1.618500E-7	1.873960E-3
1.619000E-7	1.738637E-3
1.619500E-7	1.587897E-3
1.620000E-7	1.447435E-3
1.620500E-7	1.348084E-3
1.621000E-7	1.291557E-3
1.621500E-7	1.262436E-3
1.622000E-7	1.279566E-3
1.622500E-7	1.373778E-3
1.623000E-7	1.521092E-3
1.623500E-7	1.652989E-3
1.624000E-7	1.724933E-3
1.624500E-7	1.735211E-3
1.625000E-7	1.683822E-3
1.625500E-7	1.570767E-3
1.626000E-7	1.442296E-3
1.626500E-7	1.289844E-3
1.627000E-7	1.096280E-3
1.627500E-7	8.992911E-4
1.628000E-7	7.468385E-4
1.628500E-7	6.183673E-4
1.629000E-7	4.779054E-4
1.629500E-7	3.682766E-4
1.630000E-7	3.151751E-4
1.630500E-7	2.929068E-4
1.631000E-7	2.997586E-4
1.631500E-7	3.460082E-4
1.632000E-7	4.128133E-4
1.632500E-7	5.395716E-4
1.633000E-7	7.091536E-4
1.633500E-7	8.547544E-4
1.634000E-7	9.575314E-4
1.634500E-7	1.070586E-3
1.635000E-7	1.209335E-3
1.635500E-7	1.320677E-3
1.636000E-7	1.402898E-3
1.636500E-7	1.481694E-3
1.637000E-7	1.551925E-3
1.637500E-7	1.598175E-3
1.638000E-7	1.623869E-3
1.638500E-7	1.637573E-3
1.639000E-7	1.634147E-3
1.639500E-7	1.649563E-3
1.640000E-7	1.673544E-3
1.640500E-7	1.690674E-3
1.641000E-7	1.736924E-3
1.641500E-7	1.800303E-3
1.642000E-7	1.800303E-3
1.642500E-7	1.743775E-3
1.643000E-7	1.711229E-3
1.643500E-7	1.688961E-3
1.644000E-7	1.632434E-3
1.644500E-7	1.594749E-3
1.645000E-7	1.586184E-3
1.645500E-7	1.533083E-3
1.646000E-7	1.442296E-3
1.646500E-7	1.408037E-3
1.647000E-7	1.406324E-3
1.647500E-7	1.392621E-3
1.648000E-7	1.396047E-3
1.648500E-7	1.467990E-3
1.649000E-7	1.562203E-3
1.649500E-7	1.640998E-3
1.650000E-7	1.682109E-3
1.650500E-7	1.706091E-3
1.651000E-7	1.723220E-3
1.651500E-7	1.743775E-3
1.652000E-7	1.724933E-3
1.652500E-7	1.694100E-3
1.653000E-7	1.687248E-3
1.653500E-7	1.709516E-3
1.654000E-7	1.730072E-3
1.654500E-7	1.774609E-3
1.655000E-7	1.856830E-3
1.655500E-7	1.925348E-3
1.656000E-7	2.002431E-3
1.656500E-7	2.100069E-3
1.657000E-7	2.163448E-3
1.657500E-7	2.151458E-3
1.658000E-7	2.118912E-3
1.658500E-7	2.093217E-3
1.659000E-7	2.043542E-3
1.659500E-7	1.961320E-3
1.660000E-7	1.879099E-3
1.660500E-7	1.796877E-3
1.661000E-7	1.714655E-3
1.661500E-7	1.625582E-3
1.662000E-7	1.563916E-3
1.662500E-7	1.551925E-3
1.663000E-7	1.551925E-3
1.663500E-7	1.521092E-3
1.664000E-7	1.473129E-3
1.664500E-7	1.425167E-3
1.665000E-7	1.358362E-3
1.665500E-7	1.284705E-3
1.666000E-7	1.262436E-3
1.666500E-7	1.286418E-3
1.667000E-7	1.303547E-3
1.667500E-7	1.336093E-3
1.668000E-7	1.409750E-3
1.668500E-7	1.449148E-3
1.669000E-7	1.425167E-3
1.669500E-7	1.401185E-3
1.670000E-7	1.378917E-3
1.670500E-7	1.322390E-3
1.671000E-7	1.267575E-3
1.671500E-7	1.223039E-3
1.672000E-7	1.104845E-3
1.672500E-7	9.352630E-4
1.673000E-7	8.067918E-4
1.673500E-7	7.314220E-4
1.674000E-7	6.748946E-4
1.674500E-7	7.108666E-4
1.675000E-7	8.359119E-4
1.675500E-7	9.506796E-4
1.676000E-7	1.019198E-3
1.676500E-7	1.092854E-3
1.677000E-7	1.188780E-3
1.677500E-7	1.282992E-3
1.678000E-7	1.353223E-3
1.678500E-7	1.387482E-3
1.679000E-7	1.389195E-3
1.679500E-7	1.387482E-3
1.680000E-7	1.375491E-3
1.680500E-7	1.341232E-3
1.681000E-7	1.294983E-3
1.681500E-7	1.264149E-3
1.682000E-7	1.253872E-3
1.682500E-7	1.267575E-3
1.683000E-7	1.308686E-3
1.683500E-7	1.368639E-3
1.684000E-7	1.423454E-3
1.684500E-7	1.490259E-3
1.685000E-7	1.569055E-3
1.685500E-7	1.606739E-3
1.686000E-7	1.599888E-3
1.686500E-7	1.625582E-3
1.687000E-7	1.699239E-3
1.687500E-7	1.738637E-3
1.688000E-7	1.759192E-3
1.688500E-7	1.805442E-3
1.689000E-7	1.836275E-3
1.689500E-7	1.807155E-3
1.690000E-7	1.762618E-3
1.690500E-7	1.759192E-3
1.691000E-7	1.776321E-3
1.691500E-7	1.784886E-3
1.692000E-7	1.803729E-3
1.692500E-7	1.829423E-3
1.693000E-7	1.841414E-3
1.693500E-7	1.831136E-3
1.694000E-7	1.800303E-3
1.694500E-7	1.764331E-3
1.695000E-7	1.718081E-3
1.695500E-7	1.634147E-3
1.696000E-7	1.485120E-3
1.696500E-7	1.298408E-3
1.697000E-7	1.127113E-3
1.697500E-7	1.005494E-3
1.698000E-7	9.266983E-4
1.698500E-7	8.890134E-4
1.699000E-7	8.992911E-4
1.699500E-7	9.575314E-4
1.700000E-7	1.050031E-3
1.700500E-7	1.166511E-3
1.701000E-7	1.296695E-3
1.701500E-7	1.430306E-3
1.702000E-7	1.557064E-3
1.702500E-7	1.668406E-3
1.703000E-7	1.762618E-3
1.703500E-7	1.810580E-3
1.704000E-7	1.831136E-3
1.704500E-7	1.841414E-3
1.705000E-7	1.814006E-3
1.705500E-7	1.772896E-3
1.706000E-7	1.750627E-3
1.706500E-7	1.730072E-3
1.707000E-7	1.702665E-3
1.707500E-7	1.706091E-3
1.708000E-7	1.760905E-3
1.708500E-7	1.831136E-3
1.709000E-7	1.865395E-3
1.709500E-7	1.863682E-3
1.710000E-7	1.829423E-3
1.710500E-7	1.790025E-3
1.711000E-7	1.762618E-3
1.711500E-7	1.721507E-3
1.712000E-7	1.678683E-3
1.712500E-7	1.676970E-3
1.713000E-7	1.694100E-3
1.713500E-7	1.695813E-3
1.714000E-7	1.706091E-3
1.714500E-7	1.754053E-3
1.715000E-7	1.807155E-3
1.715500E-7	1.853404E-3
1.716000E-7	1.909932E-3
1.716500E-7	1.981876E-3
1.717000E-7	2.014422E-3
1.717500E-7	1.963033E-3
1.718000E-7	1.865395E-3
1.718500E-7	1.778034E-3
1.719000E-7	1.680396E-3
1.719500E-7	1.570767E-3
1.720000E-7	1.519379E-3
1.720500E-7	1.558777E-3
1.721000E-7	1.625582E-3
1.721500E-7	1.682109E-3
1.722000E-7	1.759192E-3
1.722500E-7	1.853404E-3
1.723000E-7	1.947617E-3
1.723500E-7	2.053819E-3
1.724000E-7	2.137754E-3
1.724500E-7	2.158309E-3
1.725000E-7	2.127476E-3
1.725500E-7	2.093217E-3
1.726000E-7	2.022986E-3
1.726500E-7	1.875673E-3
1.727000E-7	1.656415E-3
1.727500E-7	1.416602E-3
1.728000E-7	1.193918E-3
1.728500E-7	1.003781E-3
1.729000E-7	8.684580E-4
1.729500E-7	7.828105E-4
1.730000E-7	7.656810E-4
1.730500E-7	8.256342E-4
1.731000E-7	9.181335E-4
1.731500E-7	1.010633E-3
1.732000E-7	1.121975E-3
1.732500E-7	1.253872E-3
1.733000E-7	1.344658E-3
1.733500E-7	1.336093E-3
1.734000E-7	1.294983E-3
1.734500E-7	1.253872E-3
1.735000E-7	1.202483E-3
1.735500E-7	1.152808E-3
1.736000E-7	1.133965E-3
1.736500E-7	1.106558E-3
1.737000E-7	1.053457E-3
1.737500E-7	1.036327E-3
1.738000E-7	1.046605E-3
1.738500E-7	1.079151E-3
1.739000E-7	1.127113E-3
1.739500E-7	1.193918E-3
1.740000E-7	1.252159E-3
1.740500E-7	1.301834E-3
1.741000E-7	1.354936E-3
1.741500E-7	1.399472E-3
1.742000E-7	1.418315E-3
1.742500E-7	1.430306E-3
1.743000E-7	1.490259E-3
1.743500E-7	1.581045E-3
1.744000E-7	1.659841E-3
1.744500E-7	1.767757E-3
1.745000E-7	1.961320E-3
1.745500E-7	2.160022E-3
1.746000E-7	2.283355E-3
1.746500E-7	2.384419E-3
1.747000E-7	2.476918E-3
1.747500E-7	2.468353E-3
1.748000E-7	2.355299E-3
1.748500E-7	2.235392E-3
1.749000E-7	2.084653E-3
1.749500E-7	1.872247E-3
1.750000E-7	1.675257E-3
1.750500E-7	1.524518E-3
1.751000E-7	1.402898E-3
1.751500E-7	1.325816E-3
1.752000E-7	1.310399E-3
1.752500E-7	1.337806E-3
1.753000E-7	1.437157E-3
1.753500E-7	1.615304E-3
1.754000E-7	1.802016E-3
1.754500E-7	1.990440E-3
1.755000E-7	2.221689E-3
1.755500E-7	2.411826E-3
1.756000E-7	2.452937E-3
1.756500E-7	2.398122E-3
1.757000E-7	2.329604E-3
1.757500E-7	2.195994E-3
1.758000E-7	1.983588E-3
1.758500E-7	1.760905E-3
1.759000E-7	1.558777E-3
1.759500E-7	1.356649E-3
1.760000E-7	1.190493E-3
1.760500E-7	1.106558E-3
1.761000E-7	1.091141E-3
1.761500E-7	1.132252E-3
1.762000E-7	1.229890E-3
1.762500E-7	1.351510E-3
1.763000E-7	1.490259E-3
1.763500E-7	1.622156E-3
1.764000E-7	1.706091E-3
1.764500E-7	1.718081E-3
1.765000E-7	1.694100E-3
1.765500E-7	1.647850E-3
1.766000E-7	1.529657E-3
1.766500E-7	1.373778E-3
1.767000E-7	1.262436E-3
1.767500E-7	1.164798E-3
1.768000E-7	1.043179E-3
1.768500E-7	9.541055E-4
1.769000E-7	9.301242E-4
1.769500E-7	9.352630E-4
1.770000E-7	9.523925E-4
1.770500E-7	1.003781E-3
1.771000E-7	1.089429E-3
1.771500E-7	1.193918E-3
1.772000E-7	1.310399E-3
1.772500E-7	1.411463E-3
1.773000E-7	1.502249E-3
1.773500E-7	1.611878E-3
1.774000E-7	1.709516E-3
1.774500E-7	1.781460E-3
1.775000E-7	1.844839E-3
1.775500E-7	1.880811E-3
1.776000E-7	1.873960E-3
1.776500E-7	1.834562E-3
1.777000E-7	1.781460E-3
1.777500E-7	1.730072E-3
1.778000E-7	1.695813E-3
1.778500E-7	1.688961E-3
1.779000E-7	1.670119E-3
1.779500E-7	1.649563E-3
1.780000E-7	1.673544E-3
1.780500E-7	1.742062E-3
1.781000E-7	1.815719E-3
1.781500E-7	1.879099E-3
1.782000E-7	1.944191E-3
1.782500E-7	2.000718E-3
1.783000E-7	2.034977E-3
1.783500E-7	2.045255E-3
1.784000E-7	2.052106E-3
1.784500E-7	2.045255E-3
1.785000E-7	2.004144E-3
1.785500E-7	1.959607E-3
1.786000E-7	1.947617E-3
1.786500E-7	1.939052E-3
1.787000E-7	1.916783E-3
1.787500E-7	1.896228E-3
1.788000E-7	1.867108E-3
1.788500E-7	1.815719E-3
1.789000E-7	1.759192E-3
1.789500E-7	1.738637E-3
1.790000E-7	1.743775E-3
1.790500E-7	1.742062E-3
1.791000E-7	1.743775E-3
1.791500E-7	1.755766E-3
1.792000E-7	1.771183E-3
1.792500E-7	1.767757E-3
1.793000E-7	1.743775E-3
1.793500E-7	1.702665E-3
1.794000E-7	1.663267E-3
1.794500E-7	1.634147E-3
1.795000E-7	1.623869E-3
1.795500E-7	1.622156E-3
1.796000E-7	1.617017E-3
1.796500E-7	1.618730E-3
1.797000E-7	1.658128E-3
1.797500E-7	1.688961E-3
1.798000E-7	1.688961E-3
1.798500E-7	1.709516E-3
1.799000E-7	1.793451E-3
1.799500E-7	1.899654E-3
1.800000E-7	1.975024E-3
1.800500E-7	2.019560E-3
1.801000E-7	2.036690E-3
1.801500E-7	2.041829E-3
1.802000E-7	2.014422E-3
1.802500E-7	1.921922E-3
1.803000E-7	1.778034E-3
1.803500E-7	1.635860E-3
1.804000E-7	1.498824E-3
1.804500E-7	1.349797E-3
1.805000E-7	1.221326E-3
1.805500E-7	1.120262E-3
1.806000E-7	1.012346E-3
1.806500E-7	8.992911E-4
1.807000E-7	8.410508E-4
1.807500E-7	8.359119E-4
1.808000E-7	8.444767E-4
1.808500E-7	8.958652E-4
1.809000E-7	9.917904E-4
1.809500E-7	1.091141E-3
1.810000E-7	1.192206E-3
1.810500E-7	1.337806E-3
1.811000E-7	1.503962E-3
1.811500E-7	1.627295E-3
1.812000E-7	1.755766E-3
1.812500E-7	1.889376E-3
1.813000E-7	1.966459E-3
1.813500E-7	1.990440E-3
1.814000E-7	2.021273E-3
1.814500E-7	2.043542E-3
1.815000E-7	2.026412E-3
1.815500E-7	1.973311E-3
1.816000E-7	1.899654E-3
1.816500E-7	1.790025E-3
1.817000E-7	1.639285E-3
1.817500E-7	1.464565E-3
1.818000E-7	1.298408E-3
1.818500E-7	1.154521E-3
1.819000E-7	1.027762E-3
1.819500E-7	9.095688E-4
1.820000E-7	8.410508E-4
1.820500E-7	8.239213E-4
1.821000E-7	8.307731E-4
1.821500E-7	8.616062E-4
1.822000E-7	9.421148E-4
1.822500E-7	1.043179E-3
1.823000E-7	1.142530E-3
1.823500E-7	1.279566E-3
1.824000E-7	1.459426E-3
1.824500E-7	1.651276E-3
1.825000E-7	1.839701E-3
1.825500E-7	2.004144E-3
1.826000E-7	2.113773E-3
1.826500E-7	2.158309E-3
1.827000E-7	2.185717E-3
1.827500E-7	2.199420E-3
1.828000E-7	2.192568E-3
1.828500E-7	2.185717E-3
1.829000E-7	2.175439E-3
1.829500E-7	2.134328E-3
1.830000E-7	2.091504E-3
1.830500E-7	2.093217E-3
1.831000E-7	2.105208E-3
1.831500E-7	2.094930E-3
1.832000E-7	2.069236E-3
1.832500E-7	2.014422E-3
1.833000E-7	1.908219E-3
1.833500E-7	1.769470E-3
1.834000E-7	1.640998E-3
1.834500E-7	1.514240E-3
1.835000E-7	1.401185E-3
1.835500E-7	1.346371E-3
1.836000E-7	1.330954E-3
1.836500E-7	1.341232E-3
1.837000E-7	1.402898E-3
1.837500E-7	1.519379E-3
1.838000E-7	1.654702E-3
1.838500E-7	1.820858E-3
1.839000E-7	2.034977E-3
1.839500E-7	2.243957E-3
1.840000E-7	2.399835E-3
1.840500E-7	2.528307E-3
1.841000E-7	2.607102E-3
1.841500E-7	2.577982E-3
1.842000E-7	2.490622E-3
1.842500E-7	2.386132E-3
1.843000E-7	2.242244E-3
1.843500E-7	2.082940E-3
1.844000E-7	1.927061E-3
1.844500E-7	1.747201E-3
1.845000E-7	1.519379E-3
1.845500E-7	1.318964E-3
1.846000E-7	1.180215E-3
1.846500E-7	1.074012E-3
1.847000E-7	9.917904E-4
1.847500E-7	9.712350E-4
1.848000E-7	9.815127E-4
1.848500E-7	9.472537E-4
1.849000E-7	9.044299E-4
1.849500E-7	9.215594E-4
1.850000E-7	1.010633E-3
1.850500E-7	1.149382E-3
1.851000E-7	1.303547E-3
1.851500E-7	1.438870E-3
1.852000E-7	1.510814E-3
1.852500E-7	1.536508E-3
1.853000E-7	1.533083E-3
1.853500E-7	1.473129E-3
1.854000E-7	1.365213E-3
1.854500E-7	1.271001E-3
1.855000E-7	1.197344E-3
1.855500E-7	1.113410E-3
1.856000E-7	1.058595E-3
1.856500E-7	1.108271E-3
1.857000E-7	1.219613E-3
1.857500E-7	1.317251E-3
1.858000E-7	1.397760E-3
1.858500E-7	1.509101E-3
1.859000E-7	1.632434E-3
1.859500E-7	1.754053E-3
1.860000E-7	1.849978E-3
1.860500E-7	1.918496E-3
1.861000E-7	1.988727E-3
1.861500E-7	2.077801E-3
1.862000E-7	2.139467E-3
1.862500E-7	2.142893E-3
1.863000E-7	2.117199E-3
1.863500E-7	2.101782E-3
1.864000E-7	2.081227E-3
1.864500E-7	2.038403E-3
1.865000E-7	1.988727E-3
1.865500E-7	1.916783E-3
1.866000E-7	1.808868E-3
1.866500E-7	1.699239E-3
1.867000E-7	1.613591E-3
1.867500E-7	1.524518E-3
1.868000E-7	1.440583E-3
1.868500E-7	1.416602E-3
1.869000E-7	1.423454E-3
1.869500E-7	1.425167E-3
1.870000E-7	1.447435E-3
1.870500E-7	1.485120E-3
1.871000E-7	1.514240E-3
1.871500E-7	1.569055E-3
1.872000E-7	1.664980E-3
1.872500E-7	1.723220E-3
1.873000E-7	1.743775E-3
1.873500E-7	1.772896E-3
1.874000E-7	1.771183E-3
1.874500E-7	1.690674E-3
1.875000E-7	1.558777E-3
1.875500E-7	1.382343E-3
1.876000E-7	1.156234E-3
1.876500E-7	9.523925E-4
1.877000E-7	8.119306E-4
1.877500E-7	6.817464E-4
1.878000E-7	5.841083E-4
1.878500E-7	5.652658E-4
1.879000E-7	6.098025E-4
1.879500E-7	7.262831E-4
1.880000E-7	9.249853E-4
1.880500E-7	1.137391E-3
1.881000E-7	1.291557E-3
1.881500E-7	1.432019E-3
1.882000E-7	1.565629E-3
1.882500E-7	1.635860E-3
1.883000E-7	1.649563E-3
1.883500E-7	1.652989E-3
1.884000E-7	1.608452E-3
1.884500E-7	1.502249E-3
1.885000E-7	1.380630E-3
1.885500E-7	1.272714E-3
1.886000E-7	1.168224E-3
1.886500E-7	1.094567E-3
1.887000E-7	1.079151E-3
1.887500E-7	1.121975E-3
1.888000E-7	1.228177E-3
1.888500E-7	1.413176E-3
1.889000E-7	1.637573E-3
1.889500E-7	1.841414E-3
1.890000E-7	2.012709E-3
1.890500E-7	2.153171E-3
1.891000E-7	2.235392E-3
1.891500E-7	2.245670E-3
1.892000E-7	2.202846E-3
1.892500E-7	2.130902E-3
1.893000E-7	2.060671E-3
1.893500E-7	1.993866E-3
1.894000E-7	1.908219E-3
1.894500E-7	1.832849E-3
1.895000E-7	1.819145E-3
1.895500E-7	1.841414E-3
1.896000E-7	1.844839E-3
1.896500E-7	1.884237E-3
1.897000E-7	1.964746E-3
1.897500E-7	2.007570E-3
1.898000E-7	2.005857E-3
1.898500E-7	2.021273E-3
1.899000E-7	2.052106E-3
1.899500E-7	2.086365E-3
1.900000E-7	2.117199E-3
1.900500E-7	2.136041E-3
1.901000E-7	2.144606E-3
1.901500E-7	2.156596E-3
1.902000E-7	2.175439E-3
1.902500E-7	2.158309E-3
1.903000E-7	2.106921E-3
1.903500E-7	2.031551E-3
1.904000E-7	1.932200E-3
1.904500E-7	1.831136E-3
1.905000E-7	1.731785E-3
1.905500E-7	1.630721E-3
1.906000E-7	1.553638E-3
1.906500E-7	1.500537E-3
1.907000E-7	1.437157E-3
1.907500E-7	1.375491E-3
1.908000E-7	1.366926E-3
1.908500E-7	1.380630E-3
1.909000E-7	1.385769E-3
1.909500E-7	1.406324E-3
1.910000E-7	1.449148E-3
1.910500E-7	1.457713E-3
1.911000E-7	1.421741E-3
1.911500E-7	1.402898E-3
1.912000E-7	1.406324E-3
1.912500E-7	1.409750E-3
1.913000E-7	1.402898E-3
1.913500E-7	1.384056E-3
1.914000E-7	1.363501E-3
1.914500E-7	1.348084E-3
1.915000E-7	1.336093E-3
1.915500E-7	1.300121E-3
1.916000E-7	1.247020E-3
1.916500E-7	1.228177E-3
1.917000E-7	1.274427E-3
1.917500E-7	1.339519E-3
1.918000E-7	1.375491E-3
1.918500E-7	1.414889E-3
1.919000E-7	1.450861E-3
1.919500E-7	1.420028E-3
1.920000E-7	1.327529E-3
1.920500E-7	1.260724E-3
1.921000E-7	1.240168E-3
1.921500E-7	1.223039E-3
1.922000E-7	1.219613E-3
1.922500E-7	1.226465E-3
1.923000E-7	1.221326E-3
1.923500E-7	1.202483E-3
1.924000E-7	1.219613E-3
1.924500E-7	1.286418E-3
1.925000E-7	1.392621E-3
1.925500E-7	1.534796E-3
1.926000E-7	1.664980E-3
1.926500E-7	1.772896E-3
1.927000E-7	1.872247E-3
1.927500E-7	1.937339E-3
1.928000E-7	1.939052E-3
1.928500E-7	1.942478E-3
1.929000E-7	2.007570E-3
1.929500E-7	2.084653E-3
1.930000E-7	2.118912E-3
1.930500E-7	2.154883E-3
1.931000E-7	2.219976E-3
1.931500E-7	2.242244E-3
1.932000E-7	2.219976E-3
1.932500E-7	2.223401E-3
1.933000E-7	2.264512E-3
1.933500E-7	2.278216E-3
1.934000E-7	2.245670E-3
1.934500E-7	2.178865E-3
1.935000E-7	2.088078E-3
1.935500E-7	2.002431E-3
1.936000E-7	1.932200E-3
1.936500E-7	1.879099E-3
1.937000E-7	1.856830E-3
1.937500E-7	1.841414E-3
1.938000E-7	1.795164E-3
1.938500E-7	1.724933E-3
1.939000E-7	1.670119E-3
1.939500E-7	1.606739E-3
1.940000E-7	1.481694E-3
1.940500E-7	1.353223E-3
1.941000E-7	1.284705E-3
1.941500E-7	1.245307E-3
1.942000E-7	1.188780E-3
1.942500E-7	1.149382E-3
1.943000E-7	1.178502E-3
1.943500E-7	1.272714E-3
1.944000E-7	1.396047E-3
1.944500E-7	1.510814E-3
1.945000E-7	1.625582E-3
1.945500E-7	1.745488E-3
1.946000E-7	1.858543E-3
1.946500E-7	1.939052E-3
1.947000E-7	1.985301E-3
1.947500E-7	1.969885E-3
1.948000E-7	1.911645E-3
1.948500E-7	1.832849E-3
1.949000E-7	1.752340E-3
1.949500E-7	1.670119E-3
1.950000E-7	1.620443E-3
1.950500E-7	1.646137E-3
1.951000E-7	1.740350E-3
1.951500E-7	1.856830E-3
1.952000E-7	1.987014E-3
1.952500E-7	2.127476E-3
1.953000E-7	2.230253E-3
1.953500E-7	2.269651E-3
1.954000E-7	2.276503E-3
1.954500E-7	2.273077E-3
1.955000E-7	2.225114E-3
1.955500E-7	2.108634E-3
1.956000E-7	1.961320E-3
1.956500E-7	1.800303E-3
1.957000E-7	1.610165E-3
1.957500E-7	1.408037E-3
1.958000E-7	1.252159E-3
1.958500E-7	1.163085E-3
1.959000E-7	1.106558E-3
1.959500E-7	1.074012E-3
1.960000E-7	1.103132E-3
1.960500E-7	1.200770E-3
1.961000E-7	1.301834E-3
1.961500E-7	1.368639E-3
1.962000E-7	1.447435E-3
1.962500E-7	1.546786E-3
1.963000E-7	1.613591E-3
1.963500E-7	1.634147E-3
1.964000E-7	1.634147E-3
1.964500E-7	1.611878E-3
1.965000E-7	1.534796E-3
1.965500E-7	1.426880E-3
1.966000E-7	1.301834E-3
1.966500E-7	1.171650E-3
1.967000E-7	1.079151E-3
1.967500E-7	1.022623E-3
1.968000E-7	9.849386E-4
1.968500E-7	9.643832E-4
1.969000E-7	9.832256E-4
1.969500E-7	1.056882E-3
1.970000E-7	1.175076E-3
1.970500E-7	1.348084E-3
1.971000E-7	1.565629E-3
1.971500E-7	1.754053E-3
1.972000E-7	1.870534E-3
1.972500E-7	1.947617E-3
1.973000E-7	2.045255E-3
1.973500E-7	2.115486E-3
1.974000E-7	2.120624E-3
1.974500E-7	2.117199E-3
1.975000E-7	2.130902E-3
1.975500E-7	2.091504E-3
1.976000E-7	1.973311E-3
1.976500E-7	1.836275E-3
1.977000E-7	1.712942E-3
1.977500E-7	1.593036E-3
1.978000E-7	1.488546E-3
1.978500E-7	1.437157E-3
1.979000E-7	1.377204E-3
1.979500E-7	1.282992E-3
1.980000E-7	1.163085E-3
1.980500E-7	1.017485E-3
1.981000E-7	8.873004E-4
1.981500E-7	8.119306E-4
1.982000E-7	7.810975E-4
1.982500E-7	7.879493E-4
1.983000E-7	8.427637E-4
1.983500E-7	9.232724E-4
1.984000E-7	9.558184E-4
1.984500E-7	9.626702E-4
1.985000E-7	9.780868E-4
1.985500E-7	9.763738E-4
1.986000E-7	9.541055E-4
1.986500E-7	9.643832E-4
1.987000E-7	1.008920E-3
1.987500E-7	1.034614E-3
1.988000E-7	1.041466E-3
1.988500E-7	1.046605E-3
1.989000E-7	1.029475E-3
1.989500E-7	9.900774E-4
1.990000E-7	9.712350E-4
1.990500E-7	1.005494E-3
1.991000E-7	1.056882E-3
1.991500E-7	1.104845E-3
1.992000E-7	1.157947E-3
1.992500E-7	1.262436E-3
1.993000E-7	1.435444E-3
1.993500E-7	1.644424E-3
1.994000E-7	1.819145E-3
1.994500E-7	1.921922E-3
1.995000E-7	1.980163E-3
1.995500E-7	1.971598E-3
1.996000E-7	1.915070E-3
1.996500E-7	1.867108E-3
1.997000E-7	1.836275E-3
1.997500E-7	1.760905E-3
1.998000E-7	1.644424E-3
1.998500E-7	1.555351E-3
1.999000E-7	1.495398E-3
1.999500E-7	1.450861E-3
2.000000E-7	1.483407E-3
