Study Name	Tungsten_Kyocera
Sample Name	2024-02-05
Run Name	spot03
Operator	Angus+Samantha
Date	2/5/2024
Time	16:26
Sign	FIX
Grating Spacing	03.40um
Channel	3
Number Traces	10000
Files in Batch	1
Batch Number	270
dt	50.000001E-12
time stamp (ms)	9:06:41 PM
	
Time	Amplitude
0.000000E+0	-1.369901E-5
5.000000E-11	3.255068E-5
1.000000E-10	1.147722E-4
1.500000E-10	2.244008E-4
2.000000E-10	3.203259E-4
2.500000E-10	4.111120E-4
3.000000E-10	5.275922E-4
3.500000E-10	6.286560E-4
4.000000E-10	6.988868E-4
4.500000E-10	7.537010E-4
5.000000E-10	7.845341E-4
5.500000E-10	7.708306E-4
6.000000E-10	7.434234E-4
6.500000E-10	7.005998E-4
7.000000E-10	6.012489E-4
7.500000E-10	4.522226E-4
8.000000E-10	3.271775E-4
8.500000E-10	2.244006E-4
9.000000E-10	9.421657E-5
9.500000E-10	-4.110630E-5
1.000000E-9	-1.216148E-4
1.050000E-9	-1.678644E-4
1.100000E-9	-2.483729E-4
1.150000E-9	-3.323072E-4
1.200000E-9	-3.545755E-4
1.250000E-9	-3.168906E-4
1.300000E-9	-2.826316E-4
1.350000E-9	-2.312430E-4
1.400000E-9	-1.164756E-4
1.450000E-9	3.430728E-6
1.500000E-9	8.222632E-5
1.550000E-9	1.507442E-4
1.600000E-9	2.295396E-4
1.650000E-9	2.740760E-4
1.700000E-9	2.740759E-4
1.750000E-9	2.518074E-4
1.800000E-9	1.867153E-4
1.850000E-9	9.421613E-5
1.900000E-9	2.569817E-5
1.950000E-9	-2.226441E-5
2.000000E-9	-8.393047E-5
2.050000E-9	-1.216152E-4
2.100000E-9	-9.934689E-5
2.150000E-9	-6.337497E-5
2.200000E-9	-1.541245E-5
2.250000E-9	6.680898E-5
2.300000E-9	1.678728E-4
2.350000E-9	2.569461E-4
2.400000E-9	3.323157E-4
2.450000E-9	3.905558E-4
2.500000E-9	4.076852E-4
2.550000E-9	3.648615E-4
2.600000E-9	2.860658E-4
2.650000E-9	1.952796E-4
2.700000E-9	1.096321E-4
2.750000E-9	3.254944E-5
2.800000E-9	-2.397785E-5
2.850000E-9	-6.851448E-5
2.900000E-9	-9.934755E-5
2.950000E-9	-8.906988E-5
3.000000E-9	-8.561343E-6
3.050000E-9	9.250261E-5
3.100000E-9	1.764371E-4
3.150000E-9	2.826399E-4
3.200000E-9	4.179629E-4
3.250000E-9	5.275916E-4
3.300000E-9	5.824061E-4
3.350000E-9	6.286557E-4
3.400000E-9	6.560629E-4
3.450000E-9	6.286558E-4
3.500000E-9	5.721285E-4
3.550000E-9	5.018977E-4
3.600000E-9	4.265280E-4
3.650000E-9	3.425936E-4
3.700000E-9	2.757887E-4
3.750000E-9	2.552335E-4
3.800000E-9	2.655113E-4
3.850000E-9	2.843538E-4
3.900000E-9	3.117611E-4
3.950000E-9	3.922698E-4
4.000000E-9	5.241667E-4
4.050000E-9	6.560637E-4
4.100000E-9	7.571276E-4
4.150000E-9	8.667562E-4
4.200000E-9	9.746717E-4
4.250000E-9	1.010644E-3
4.300000E-9	9.832362E-4
4.350000E-9	9.267089E-4
4.400000E-9	8.393485E-4
4.450000E-9	7.125904E-4
4.500000E-9	5.789804E-4
4.550000E-9	4.470835E-4
4.600000E-9	3.117607E-4
4.650000E-9	2.021322E-4
4.700000E-9	1.507438E-4
4.750000E-9	1.593085E-4
4.800000E-9	2.004192E-4
4.850000E-9	2.689370E-4
4.900000E-9	3.768527E-4
4.950000E-9	5.018978E-4
5.000000E-9	6.029617E-4
5.050000E-9	6.612019E-4
5.100000E-9	6.868962E-4
5.150000E-9	6.903222E-4
5.200000E-9	6.560634E-4
5.250000E-9	5.875456E-4
5.300000E-9	4.881948E-4
5.350000E-9	3.682886E-4
5.400000E-9	2.449564E-4
5.450000E-9	1.250500E-4
5.500000E-9	8.569398E-6
5.550000E-9	-9.420770E-5
5.600000E-9	-1.627259E-4
5.650000E-9	-2.004110E-4
5.700000E-9	-2.243926E-4
5.750000E-9	-2.209670E-4
5.800000E-9	-1.798566E-4
5.850000E-9	-1.404589E-4
5.900000E-9	-1.181907E-4
5.950000E-9	-8.221875E-5
6.000000E-9	-2.740435E-5
6.050000E-9	3.426190E-5
6.100000E-9	8.393761E-5
6.150000E-9	1.319005E-4
6.200000E-9	1.764374E-4
6.250000E-9	2.261132E-4
6.300000E-9	2.620853E-4
6.350000E-9	2.586595E-4
6.400000E-9	2.261136E-4
6.450000E-9	1.901417E-4
6.500000E-9	1.815769E-4
6.550000E-9	2.089839E-4
6.600000E-9	2.466686E-4
6.650000E-9	2.689368E-4
6.700000E-9	2.877791E-4
6.750000E-9	3.203249E-4
6.800000E-9	3.614356E-4
6.850000E-9	3.991204E-4
6.900000E-9	4.162499E-4
6.950000E-9	3.991206E-4
7.000000E-9	3.562970E-4
7.050000E-9	2.963441E-4
7.100000E-9	2.072710E-4
7.150000E-9	9.764260E-5
7.200000E-9	1.370835E-5
7.250000E-9	-3.939290E-5
7.300000E-9	-7.193882E-5
7.350000E-9	-6.337400E-5
7.400000E-9	5.118181E-9
7.450000E-9	9.250431E-5
7.500000E-9	1.935682E-4
7.550000E-9	3.237521E-4
7.600000E-9	4.607878E-4
7.650000E-9	5.567127E-4
7.700000E-9	6.132399E-4
7.750000E-9	6.457857E-4
7.800000E-9	6.115267E-4
7.850000E-9	5.173145E-4
7.900000E-9	3.922693E-4
7.950000E-9	2.449557E-4
8.000000E-9	5.824432E-5
8.050000E-9	-1.267541E-4
8.100000E-9	-2.586512E-4
8.150000E-9	-3.237433E-4
8.200000E-9	-3.357340E-4
8.250000E-9	-3.168916E-4
8.300000E-9	-2.569385E-4
8.350000E-9	-1.318934E-4
8.400000E-9	2.912367E-5
8.450000E-9	1.473171E-4
8.500000E-9	2.346774E-4
8.550000E-9	3.186119E-4
8.600000E-9	3.631486E-4
8.650000E-9	3.425933E-4
8.700000E-9	3.031956E-4
8.750000E-9	2.706496E-4
8.800000E-9	2.158353E-4
8.850000E-9	1.370397E-4
8.900000E-9	9.421597E-5
8.950000E-9	8.736418E-5
9.000000E-9	1.044937E-4
9.050000E-9	1.319009E-4
9.100000E-9	1.935671E-4
9.150000E-9	2.877793E-4
9.200000E-9	3.819916E-4
9.250000E-9	4.539355E-4
9.300000E-9	5.018982E-4
9.350000E-9	5.275926E-4
9.400000E-9	5.036115E-4
9.450000E-9	4.453714E-4
9.500000E-9	3.751406E-4
9.550000E-9	2.980580E-4
9.600000E-9	2.175494E-4
9.650000E-9	1.421795E-4
9.700000E-9	6.338370E-5
9.750000E-9	1.370804E-5
9.800000E-9	2.741146E-5
9.850000E-9	8.736449E-5
9.900000E-9	1.695859E-4
9.950000E-9	2.929181E-4
1.000000E-8	4.607870E-4
1.005000E-8	6.081006E-4
1.010000E-8	7.262941E-4
1.015000E-8	8.393488E-4
1.020000E-8	9.438388E-4
1.025000E-8	9.918016E-4
1.030000E-8	1.003792E-3
1.035000E-8	1.010644E-3
1.040000E-8	1.012357E-3
1.045000E-8	9.849503E-4
1.050000E-8	9.369877E-4
1.055000E-8	8.907380E-4
1.060000E-8	8.376365E-4
1.065000E-8	7.639796E-4
1.070000E-8	6.731933E-4
1.075000E-8	6.046753E-4
1.080000E-8	5.806939E-4
1.085000E-8	5.618514E-4
1.090000E-8	5.156018E-4
1.095000E-8	4.727780E-4
1.100000E-8	4.625002E-4
1.105000E-8	4.625002E-4
1.110000E-8	4.727778E-4
1.115000E-8	5.224531E-4
1.120000E-8	6.046745E-4
1.125000E-8	6.903217E-4
1.130000E-8	7.759690E-4
1.135000E-8	8.753199E-4
1.140000E-8	9.746707E-4
1.145000E-8	1.072309E-3
1.150000E-8	1.173372E-3
1.155000E-8	1.293279E-3
1.160000E-8	1.466286E-3
1.165000E-8	1.776329E-3
1.170000E-8	2.303916E-3
1.175000E-8	3.110714E-3
1.180000E-8	4.251535E-3
1.185000E-8	5.806890E-3
1.190000E-8	7.838443E-3
1.195000E-8	1.039073E-2
1.200000E-8	1.348945E-2
1.205000E-8	1.716372E-2
1.210000E-8	2.139298E-2
1.215000E-8	2.611729E-2
1.220000E-8	3.127668E-2
1.225000E-8	3.678723E-2
1.230000E-8	4.251190E-2
1.235000E-8	4.826741E-2
1.240000E-8	5.390129E-2
1.245000E-8	5.925425E-2
1.250000E-8	6.410361E-2
1.255000E-8	6.826093E-2
1.260000E-8	7.164058E-2
1.265000E-8	7.418431E-2
1.270000E-8	7.582531E-2
1.275000E-8	7.657387E-2
1.280000E-8	7.648652E-2
1.285000E-8	7.560606E-2
1.290000E-8	7.398733E-2
1.295000E-8	7.174337E-2
1.300000E-8	6.899238E-2
1.305000E-8	6.587139E-2
1.310000E-8	6.252601E-2
1.315000E-8	5.915150E-2
1.320000E-8	5.586607E-2
1.325000E-8	5.279133E-2
1.330000E-8	5.004890E-2
1.335000E-8	4.779466E-2
1.340000E-8	4.605602E-2
1.345000E-8	4.478330E-2
1.350000E-8	4.401761E-2
1.355000E-8	4.380520E-2
1.360000E-8	4.409469E-2
1.365000E-8	4.480042E-2
1.370000E-8	4.588471E-2
1.375000E-8	4.725849E-2
1.380000E-8	4.882241E-2
1.385000E-8	5.048911E-2
1.390000E-8	5.213011E-2
1.395000E-8	5.358954E-2
1.400000E-8	5.475777E-2
1.405000E-8	5.558855E-2
1.410000E-8	5.599966E-2
1.415000E-8	5.592943E-2
1.420000E-8	5.537273E-2
1.425000E-8	5.433297E-2
1.430000E-8	5.283586E-2
1.435000E-8	5.096018E-2
1.440000E-8	4.879502E-2
1.445000E-8	4.640717E-2
1.450000E-8	4.390285E-2
1.455000E-8	4.140537E-2
1.460000E-8	3.905178E-2
1.465000E-8	3.693801E-2
1.470000E-8	3.517024E-2
1.475000E-8	3.378104E-2
1.480000E-8	3.280980E-2
1.485000E-8	3.231818E-2
1.490000E-8	3.236271E-2
1.495000E-8	3.287488E-2
1.500000E-8	3.380672E-2
1.505000E-8	3.511713E-2
1.510000E-8	3.671016E-2
1.515000E-8	3.848135E-2
1.520000E-8	4.035189E-2
1.525000E-8	4.218817E-2
1.530000E-8	4.380690E-2
1.535000E-8	4.513272E-2
1.540000E-8	4.612109E-2
1.545000E-8	4.664183E-2
1.550000E-8	4.664012E-2
1.555000E-8	4.616735E-2
1.560000E-8	4.522352E-2
1.565000E-8	4.377094E-2
1.570000E-8	4.190555E-2
1.575000E-8	3.976950E-2
1.580000E-8	3.743304E-2
1.585000E-8	3.499895E-2
1.590000E-8	3.259911E-2
1.595000E-8	3.035858E-2
1.600000E-8	2.839383E-2
1.605000E-8	2.679565E-2
1.610000E-8	2.560343E-2
1.615000E-8	2.485830E-2
1.620000E-8	2.463219E-2
1.625000E-8	2.493195E-2
1.630000E-8	2.568222E-2
1.635000E-8	2.681105E-2
1.640000E-8	2.827904E-2
1.645000E-8	2.997828E-2
1.650000E-8	3.177002E-2
1.655000E-8	3.355149E-2
1.660000E-8	3.523874E-2
1.665000E-8	3.673072E-2
1.670000E-8	3.792807E-2
1.675000E-8	3.874686E-2
1.680000E-8	3.914769E-2
1.685000E-8	3.911515E-2
1.690000E-8	3.865094E-2
1.695000E-8	3.774479E-2
1.700000E-8	3.645495E-2
1.705000E-8	3.483964E-2
1.710000E-8	3.295883E-2
1.715000E-8	3.087931E-2
1.720000E-8	2.870044E-2
1.725000E-8	2.651130E-2
1.730000E-8	2.439067E-2
1.735000E-8	2.246703E-2
1.740000E-8	2.086885E-2
1.745000E-8	1.966978E-2
1.750000E-8	1.892465E-2
1.755000E-8	1.867284E-2
1.760000E-8	1.892807E-2
1.765000E-8	1.966292E-2
1.770000E-8	2.082430E-2
1.775000E-8	2.233169E-2
1.780000E-8	2.408403E-2
1.785000E-8	2.599911E-2
1.790000E-8	2.795358E-2
1.795000E-8	2.979671E-2
1.800000E-8	3.144285E-2
1.805000E-8	3.281150E-2
1.810000E-8	3.376218E-2
1.815000E-8	3.424524E-2
1.820000E-8	3.428464E-2
1.825000E-8	3.385126E-2
1.830000E-8	3.292114E-2
1.835000E-8	3.159189E-2
1.840000E-8	2.994404E-2
1.845000E-8	2.797586E-2
1.850000E-8	2.577644E-2
1.855000E-8	2.351535E-2
1.860000E-8	2.128852E-2
1.865000E-8	1.918502E-2
1.870000E-8	1.731448E-2
1.875000E-8	1.581052E-2
1.880000E-8	1.474335E-2
1.885000E-8	1.416266E-2
1.890000E-8	1.410955E-2
1.895000E-8	1.460802E-2
1.900000E-8	1.558440E-2
1.905000E-8	1.695133E-2
1.910000E-8	1.864200E-2
1.915000E-8	2.057763E-2
1.920000E-8	2.262803E-2
1.925000E-8	2.465958E-2
1.930000E-8	2.654725E-2
1.935000E-8	2.817112E-2
1.940000E-8	2.942329E-2
1.945000E-8	3.024379E-2
1.950000E-8	3.057611E-2
1.955000E-8	3.038597E-2
1.960000E-8	2.969052E-2
1.965000E-8	2.853770E-2
1.970000E-8	2.695837E-2
1.975000E-8	2.503987E-2
1.980000E-8	2.291239E-2
1.985000E-8	2.069584E-2
1.990000E-8	1.845702E-2
1.995000E-8	1.631070E-2
2.000000E-8	1.438363E-2
2.005000E-8	1.279230E-2
2.010000E-8	1.159324E-2
2.015000E-8	1.084811E-2
2.020000E-8	1.061857E-2
2.025000E-8	1.091319E-2
2.030000E-8	1.167545E-2
2.035000E-8	1.286595E-2
2.040000E-8	1.445042E-2
2.045000E-8	1.631068E-2
2.050000E-8	1.830455E-2
2.055000E-8	2.033439E-2
2.060000E-8	2.229229E-2
2.065000E-8	2.404121E-2
2.070000E-8	2.545610E-2
2.075000E-8	2.646332E-2
2.080000E-8	2.700804E-2
2.085000E-8	2.704915E-2
2.090000E-8	2.659008E-2
2.095000E-8	2.566681E-2
2.100000E-8	2.432728E-2
2.105000E-8	2.264860E-2
2.110000E-8	2.071982E-2
2.115000E-8	1.863688E-2
2.120000E-8	1.650769E-2
2.125000E-8	1.443160E-2
2.130000E-8	1.250282E-2
2.135000E-8	1.081899E-2
2.140000E-8	9.469186E-3
2.145000E-8	8.520212E-3
2.150000E-8	7.996048E-3
2.155000E-8	7.912112E-3
2.160000E-8	8.287245E-3
2.165000E-8	9.119734E-3
2.170000E-8	1.032907E-2
2.175000E-8	1.182961E-2
2.180000E-8	1.355626E-2
2.185000E-8	1.542337E-2
2.190000E-8	1.733159E-2
2.195000E-8	1.917644E-2
2.200000E-8	2.085684E-2
2.205000E-8	2.225461E-2
2.210000E-8	2.328409E-2
2.215000E-8	2.388533E-2
2.220000E-8	2.399839E-2
2.225000E-8	2.360955E-2
2.230000E-8	2.275822E-2
2.235000E-8	2.148037E-2
2.240000E-8	1.983080E-2
2.245000E-8	1.789689E-2
2.250000E-8	1.579339E-2
2.255000E-8	1.362822E-2
2.260000E-8	1.150760E-2
2.265000E-8	9.542846E-3
2.270000E-8	7.848740E-3
2.275000E-8	6.536622E-3
2.280000E-8	5.692137E-3
2.285000E-8	5.335842E-3
2.290000E-8	5.464311E-3
2.295000E-8	6.055275E-3
2.300000E-8	7.065911E-3
2.305000E-8	8.449970E-3
2.310000E-8	1.014407E-2
2.315000E-8	1.204030E-2
2.320000E-8	1.401190E-2
2.325000E-8	1.594068E-2
2.330000E-8	1.772557E-2
2.335000E-8	1.925352E-2
2.340000E-8	2.044231E-2
2.345000E-8	2.125082E-2
2.350000E-8	2.164480E-2
2.355000E-8	2.157971E-2
2.360000E-8	2.101615E-2
2.365000E-8	2.000038E-2
2.370000E-8	1.861803E-2
2.375000E-8	1.691708E-2
2.380000E-8	1.497631E-2
2.385000E-8	1.290879E-2
2.390000E-8	1.084126E-2
2.395000E-8	8.861092E-3
2.400000E-8	7.076201E-3
2.405000E-8	5.585936E-3
2.410000E-8	4.470806E-3
2.415000E-8	3.790764E-3
2.420000E-8	3.590347E-3
2.425000E-8	3.878120E-3
2.430000E-8	4.614685E-3
2.435000E-8	5.770922E-3
2.440000E-8	7.283452E-3
2.445000E-8	9.054637E-3
2.450000E-8	1.095429E-2
2.455000E-8	1.284539E-2
2.460000E-8	1.463884E-2
2.465000E-8	1.626614E-2
2.470000E-8	1.761423E-2
2.475000E-8	1.857006E-2
2.480000E-8	1.911649E-2
2.485000E-8	1.926723E-2
2.490000E-8	1.899145E-2
2.495000E-8	1.827373E-2
2.500000E-8	1.716374E-2
2.505000E-8	1.572658E-2
2.510000E-8	1.403761E-2
2.515000E-8	1.218249E-2
2.520000E-8	1.025200E-2
2.525000E-8	8.333504E-3
2.530000E-8	6.545187E-3
2.535000E-8	4.993257E-3
2.540000E-8	3.763360E-3
2.545000E-8	2.922301E-3
2.550000E-8	2.528322E-3
2.555000E-8	2.595125E-3
2.560000E-8	3.117571E-3
2.565000E-8	4.087097E-3
2.570000E-8	5.428333E-3
2.575000E-8	7.028223E-3
2.580000E-8	8.816538E-3
2.585000E-8	1.071448E-2
2.590000E-8	1.255419E-2
2.595000E-8	1.421575E-2
2.600000E-8	1.564092E-2
2.605000E-8	1.675091E-2
2.610000E-8	1.744979E-2
2.615000E-8	1.774785E-2
2.620000E-8	1.765192E-2
2.625000E-8	1.714318E-2
2.630000E-8	1.623703E-2
2.635000E-8	1.501057E-2
2.640000E-8	1.351859E-2
2.645000E-8	1.181250E-2
2.650000E-8	9.993349E-3
2.655000E-8	8.151932E-3
2.660000E-8	6.361902E-3
2.665000E-8	4.722611E-3
2.670000E-8	3.328272E-3
2.675000E-8	2.235410E-3
2.680000E-8	1.502267E-3
2.685000E-8	1.192222E-3
2.690000E-8	1.329256E-3
2.695000E-8	1.892814E-3
2.700000E-8	2.858914E-3
2.705000E-8	4.195011E-3
2.710000E-8	5.800041E-3
2.715000E-8	7.590070E-3
2.720000E-8	9.458894E-3
2.725000E-8	1.128661E-2
2.730000E-8	1.296358E-2
2.735000E-8	1.440760E-2
2.740000E-8	1.551416E-2
2.745000E-8	1.621990E-2
2.750000E-8	1.650767E-2
2.755000E-8	1.635522E-2
2.760000E-8	1.574370E-2
2.765000E-8	1.473135E-2
2.770000E-8	1.338669E-2
2.775000E-8	1.177995E-2
2.780000E-8	1.002589E-2
2.785000E-8	8.235864E-3
2.790000E-8	6.459539E-3
2.795000E-8	4.779138E-3
2.800000E-8	3.335124E-3
2.805000E-8	2.187449E-3
2.810000E-8	1.339540E-3
2.815000E-8	8.342190E-4
2.820000E-8	7.417183E-4
2.825000E-8	1.055186E-3
2.830000E-8	1.733511E-3
2.835000E-8	2.716741E-3
2.840000E-8	3.953487E-3
2.845000E-8	5.399212E-3
2.850000E-8	6.978548E-3
2.855000E-8	8.568162E-3
2.860000E-8	1.008241E-2
2.865000E-8	1.145962E-2
2.870000E-8	1.262099E-2
2.875000E-8	1.352029E-2
2.880000E-8	1.414723E-2
2.885000E-8	1.443672E-2
2.890000E-8	1.432024E-2
2.895000E-8	1.381664E-2
2.900000E-8	1.298244E-2
2.905000E-8	1.182962E-2
2.910000E-8	1.041302E-2
2.915000E-8	8.828544E-3
2.920000E-8	7.154996E-3
2.925000E-8	5.464317E-3
2.930000E-8	3.855860E-3
2.935000E-8	2.410133E-3
2.940000E-8	1.195652E-3
2.945000E-8	2.877892E-4
2.950000E-8	-2.466517E-4
2.955000E-8	-3.716985E-4
2.960000E-8	-6.850862E-5
2.965000E-8	6.749086E-4
2.970000E-8	1.798600E-3
2.975000E-8	3.206641E-3
2.980000E-8	4.803106E-3
2.985000E-8	6.509200E-3
2.990000E-8	8.210156E-3
2.995000E-8	9.803197E-3
3.000000E-8	1.120953E-2
3.005000E-8	1.234521E-2
3.010000E-8	1.313831E-2
3.015000E-8	1.354428E-2
3.020000E-8	1.354599E-2
3.025000E-8	1.313660E-2
3.030000E-8	1.236235E-2
3.035000E-8	1.129690E-2
3.040000E-8	9.971078E-3
3.045000E-8	8.446556E-3
3.050000E-8	6.856942E-3
3.055000E-8	5.291310E-3
3.060000E-8	3.792481E-3
3.065000E-8	2.418698E-3
3.070000E-8	1.271023E-3
3.075000E-8	4.111223E-4
3.080000E-8	-1.284572E-4
3.085000E-8	-3.220217E-4
3.090000E-8	-1.849876E-4
3.095000E-8	2.689417E-4
3.100000E-8	1.053470E-3
3.105000E-8	2.125773E-3
3.110000E-8	3.381362E-3
3.115000E-8	4.729450E-3
3.120000E-8	6.103233E-3
3.125000E-8	7.456460E-3
3.130000E-8	8.720615E-3
3.135000E-8	9.813476E-3
3.140000E-8	1.067509E-2
3.145000E-8	1.126263E-2
3.150000E-8	1.155726E-2
3.155000E-8	1.154013E-2
3.160000E-8	1.119240E-2
3.165000E-8	1.051922E-2
3.170000E-8	9.570247E-3
3.175000E-8	8.436277E-3
3.180000E-8	7.165272E-3
3.185000E-8	5.786350E-3
3.190000E-8	4.374883E-3
3.195000E-8	3.018229E-3
3.200000E-8	1.800323E-3
3.205000E-8	7.862581E-4
3.210000E-8	5.140280E-5
3.215000E-8	-3.716965E-4
3.220000E-8	-4.556325E-4
3.225000E-8	-2.123958E-4
3.230000E-8	3.460232E-4
3.235000E-8	1.211060E-3
3.240000E-8	2.336464E-3
3.245000E-8	3.621173E-3
3.250000E-8	4.967549E-3
3.255000E-8	6.360174E-3
3.260000E-8	7.737383E-3
3.265000E-8	8.986121E-3
3.270000E-8	1.001903E-2
3.275000E-8	1.079328E-2
3.280000E-8	1.126092E-2
3.285000E-8	1.137740E-2
3.290000E-8	1.115986E-2
3.295000E-8	1.063227E-2
3.300000E-8	9.789503E-3
3.305000E-8	8.665811E-3
3.310000E-8	7.331427E-3
3.315000E-8	5.863432E-3
3.320000E-8	4.342336E-3
3.325000E-8	2.872628E-3
3.330000E-8	1.538242E-3
3.335000E-8	4.076969E-4
3.340000E-8	-4.556290E-4
3.345000E-8	-9.900694E-4
3.350000E-8	-1.175069E-3
3.355000E-8	-9.866460E-4
3.360000E-8	-4.487822E-4
3.365000E-8	3.939863E-4
3.370000E-8	1.495410E-3
3.375000E-8	2.797248E-3
3.380000E-8	4.205289E-3
3.385000E-8	5.642451E-3
3.390000E-8	7.050493E-3
3.395000E-8	8.355758E-3
3.400000E-8	9.484591E-3
3.405000E-8	1.036676E-2
3.410000E-8	1.097143E-2
3.415000E-8	1.127120E-2
3.420000E-8	1.122837E-2
3.425000E-8	1.086009E-2
3.430000E-8	1.020404E-2
3.435000E-8	9.263630E-3
3.440000E-8	8.047439E-3
3.445000E-8	6.654814E-3
3.450000E-8	5.210801E-3
3.455000E-8	3.780490E-3
3.460000E-8	2.387865E-3
3.465000E-8	1.123710E-3
3.470000E-8	1.010800E-4
3.475000E-8	-6.252104E-4
3.480000E-8	-1.032893E-3
3.485000E-8	-1.109977E-3
3.490000E-8	-8.581753E-4
3.495000E-8	-3.083209E-4
3.500000E-8	5.275955E-4
3.505000E-8	1.599899E-3
3.510000E-8	2.828080E-3
3.515000E-8	4.140197E-3
3.520000E-8	5.450600E-3
3.525000E-8	6.649663E-3
3.530000E-8	7.699699E-3
3.535000E-8	8.590432E-3
3.540000E-8	9.260195E-3
3.545000E-8	9.626767E-3
3.550000E-8	9.700425E-3
3.555000E-8	9.506863E-3
3.560000E-8	9.040943E-3
3.565000E-8	8.304377E-3
3.570000E-8	7.353693E-3
3.575000E-8	6.247131E-3
3.580000E-8	5.032652E-3
3.585000E-8	3.780489E-3
3.590000E-8	2.569436E-3
3.595000E-8	1.459446E-3
3.600000E-8	5.070473E-4
3.605000E-8	-2.500758E-4
3.610000E-8	-7.571089E-4
3.615000E-8	-9.609505E-4
3.620000E-8	-8.581748E-4
3.625000E-8	-4.796147E-4
3.630000E-8	1.473226E-4
3.635000E-8	1.010647E-3
3.640000E-8	2.069247E-3
3.645000E-8	3.261457E-3
3.650000E-8	4.513620E-3
3.655000E-8	5.734951E-3
3.660000E-8	6.853505E-3
3.665000E-8	7.826459E-3
3.670000E-8	8.595572E-3
3.675000E-8	9.111170E-3
3.680000E-8	9.364687E-3
3.685000E-8	9.356123E-3
3.690000E-8	9.070063E-3
3.695000E-8	8.511643E-3
3.700000E-8	7.739106E-3
3.705000E-8	6.791847E-3
3.710000E-8	5.697275E-3
3.715000E-8	4.537611E-3
3.720000E-8	3.403641E-3
3.725000E-8	2.317633E-3
3.730000E-8	1.318985E-3
3.735000E-8	5.019089E-4
3.740000E-8	-1.010490E-4
3.745000E-8	-5.070182E-4
3.750000E-8	-6.834528E-4
3.755000E-8	-5.806772E-4
3.760000E-8	-2.466540E-4
3.765000E-8	2.672287E-4
3.770000E-8	9.678228E-4
3.775000E-8	1.849989E-3
3.780000E-8	2.843498E-3
3.785000E-8	3.888394E-3
3.790000E-8	4.955560E-3
3.795000E-8	6.000457E-3
3.800000E-8	6.957995E-3
3.805000E-8	7.763081E-3
3.810000E-8	8.357474E-3
3.815000E-8	8.686361E-3
3.820000E-8	8.720621E-3
3.825000E-8	8.467106E-3
3.830000E-8	7.956649E-3
3.835000E-8	7.221796E-3
3.840000E-8	6.315648E-3
3.845000E-8	5.272464E-3
3.850000E-8	4.119652E-3
3.855000E-8	2.932580E-3
3.860000E-8	1.836294E-3
3.865000E-8	8.958860E-4
3.870000E-8	1.147818E-4
3.875000E-8	-4.504914E-4
3.880000E-8	-7.211379E-4
3.885000E-8	-7.091483E-4
3.890000E-8	-4.487816E-4
3.895000E-8	7.024012E-5
3.900000E-8	8.307874E-4
3.905000E-8	1.748926E-3
3.910000E-8	2.780119E-3
3.915000E-8	3.891821E-3
3.920000E-8	4.991532E-3
3.925000E-8	5.997032E-3
3.930000E-8	6.892903E-3
3.935000E-8	7.658591E-3
3.940000E-8	8.225577E-3
3.945000E-8	8.557889E-3
3.950000E-8	8.660667E-3
3.955000E-8	8.535623E-3
3.960000E-8	8.179331E-3
3.965000E-8	7.590079E-3
3.970000E-8	6.786708E-3
3.975000E-8	5.818893E-3
3.980000E-8	4.751728E-3
3.985000E-8	3.633175E-3
3.990000E-8	2.512908E-3
3.995000E-8	1.491991E-3
4.000000E-8	6.029719E-4
4.005000E-8	-1.541509E-4
4.010000E-8	-7.194239E-4
4.015000E-8	-1.027755E-3
4.020000E-8	-1.099700E-3
4.025000E-8	-9.386838E-4
4.030000E-8	-5.070222E-4
4.035000E-8	1.593131E-4
4.040000E-8	9.798137E-4
4.045000E-8	1.933924E-3
4.050000E-8	2.971969E-3
4.055000E-8	4.016866E-3
4.060000E-8	5.042921E-3
4.065000E-8	6.003885E-3
4.070000E-8	6.786702E-3
4.075000E-8	7.367391E-3
4.080000E-8	7.790490E-3
4.085000E-8	8.009748E-3
4.090000E-8	7.941231E-3
4.095000E-8	7.596930E-3
4.100000E-8	7.033371E-3
4.105000E-8	6.262546E-3
4.110000E-8	5.327278E-3
4.115000E-8	4.302937E-3
4.120000E-8	3.204938E-3
4.125000E-8	2.086384E-3
4.130000E-8	1.053477E-3
4.135000E-8	1.644572E-4
4.140000E-8	-5.395645E-4
4.145000E-8	-1.022616E-3
4.150000E-8	-1.255578E-3
4.155000E-8	-1.238449E-3
4.160000E-8	-9.678044E-4
4.165000E-8	-4.573472E-4
4.170000E-8	2.518119E-4
4.175000E-8	1.115136E-3
4.180000E-8	2.067534E-3
4.185000E-8	3.040487E-3
4.190000E-8	4.003163E-3
4.195000E-8	4.905886E-3
4.200000E-8	5.661296E-3
4.205000E-8	6.233421E-3
4.210000E-8	6.653093E-3
4.215000E-8	6.925452E-3
4.220000E-8	6.999110E-3
4.225000E-8	6.867214E-3
4.230000E-8	6.564024E-3
4.235000E-8	6.092964E-3
4.240000E-8	5.452323E-3
4.245000E-8	4.681498E-3
4.250000E-8	3.813034E-3
4.255000E-8	2.908598E-3
4.260000E-8	2.016153E-3
4.265000E-8	1.176809E-3
4.270000E-8	4.642225E-4
4.275000E-8	-6.507874E-5
4.280000E-8	-4.059560E-4
4.285000E-8	-5.429927E-4
4.290000E-8	-4.196615E-4
4.295000E-8	-2.568472E-5
4.300000E-8	5.687069E-4
4.305000E-8	1.332680E-3
4.310000E-8	2.259384E-3
4.315000E-8	3.266596E-3
4.320000E-8	4.239550E-3
4.325000E-8	5.128569E-3
4.330000E-8	5.913099E-3
4.335000E-8	6.526334E-3
4.340000E-8	6.927164E-3
4.345000E-8	7.113876E-3
4.350000E-8	7.084757E-3
4.355000E-8	6.844945E-3
4.360000E-8	6.428700E-3
4.365000E-8	5.868567E-3
4.370000E-8	5.167973E-3
4.375000E-8	4.357750E-3
4.380000E-8	3.497851E-3
4.385000E-8	2.613971E-3
4.390000E-8	1.752359E-3
4.395000E-8	9.729680E-4
4.400000E-8	2.895020E-4
4.405000E-8	-3.134557E-4
4.410000E-8	-7.536836E-4
4.415000E-8	-9.780803E-4
4.420000E-8	-1.002062E-3
4.425000E-8	-8.461851E-4
4.430000E-8	-4.710506E-4
4.435000E-8	9.422100E-5
4.440000E-8	8.102320E-4
4.445000E-8	1.634159E-3
4.450000E-8	2.509474E-3
4.455000E-8	3.371086E-3
4.460000E-8	4.198439E-3
4.465000E-8	4.957275E-3
4.470000E-8	5.567084E-3
4.475000E-8	5.995321E-3
4.480000E-8	6.238560E-3
4.485000E-8	6.279671E-3
4.490000E-8	6.111803E-3
4.495000E-8	5.765789E-3
4.500000E-8	5.253619E-3
4.505000E-8	4.587283E-3
4.510000E-8	3.825023E-3
4.515000E-8	3.018226E-3
4.520000E-8	2.187447E-3
4.525000E-8	1.378936E-3
4.530000E-8	6.560730E-4
4.535000E-8	6.339325E-5
4.540000E-8	-3.802603E-4
4.545000E-8	-6.663230E-4
4.550000E-8	-7.862301E-4
4.555000E-8	-7.177131E-4
4.560000E-8	-4.487815E-4
4.565000E-8	-8.555140E-6
4.570000E-8	5.892624E-4
4.575000E-8	1.330968E-3
4.580000E-8	2.144617E-3
4.585000E-8	2.968544E-3
4.590000E-8	3.782193E-3
4.595000E-8	4.546168E-3
4.600000E-8	5.183384E-3
4.605000E-8	5.656158E-3
4.610000E-8	5.959350E-3
4.615000E-8	6.084396E-3
4.620000E-8	6.033009E-3
4.625000E-8	5.812039E-3
4.630000E-8	5.424914E-3
4.635000E-8	4.904179E-3
4.640000E-8	4.314926E-3
4.645000E-8	3.687988E-3
4.650000E-8	3.031930E-3
4.655000E-8	2.391288E-3
4.660000E-8	1.834580E-3
4.665000E-8	1.342964E-3
4.670000E-8	9.044491E-4
4.675000E-8	5.635722E-4
4.680000E-8	3.717214E-4
4.685000E-8	2.912122E-4
4.690000E-8	3.151926E-4
4.695000E-8	4.916254E-4
4.700000E-8	8.033810E-4
4.705000E-8	1.219626E-3
4.710000E-8	1.735223E-3
4.715000E-8	2.326189E-3
4.720000E-8	2.954841E-3
4.725000E-8	3.580066E-3
4.730000E-8	4.164181E-3
4.735000E-8	4.681491E-3
4.740000E-8	5.137136E-3
4.745000E-8	5.476300E-3
4.750000E-8	5.623614E-3
4.755000E-8	5.603059E-3
4.760000E-8	5.459172E-3
4.765000E-8	5.142277E-3
4.770000E-8	4.636959E-3
4.775000E-8	4.034002E-3
4.780000E-8	3.381369E-3
4.785000E-8	2.679061E-3
4.790000E-8	1.971614E-3
4.795000E-8	1.325833E-3
4.800000E-8	7.400054E-4
4.805000E-8	2.740837E-4
4.810000E-8	-1.540469E-5
4.815000E-8	-1.284596E-4
4.820000E-8	-7.364573E-5
4.825000E-8	1.901476E-4
4.830000E-8	6.543558E-4
4.835000E-8	1.264164E-3
4.840000E-8	1.985315E-3
4.845000E-8	2.786973E-3
4.850000E-8	3.610901E-3
4.855000E-8	4.415986E-3
4.860000E-8	5.157691E-3
4.865000E-8	5.753797E-3
4.870000E-8	6.149488E-3
4.875000E-8	6.368745E-3
4.880000E-8	6.403005E-3
4.885000E-8	6.216294E-3
4.890000E-8	5.818891E-3
4.895000E-8	5.272461E-3
4.900000E-8	4.619829E-3
4.905000E-8	3.907244E-3
4.910000E-8	3.167251E-3
4.915000E-8	2.442675E-3
4.920000E-8	1.776340E-3
4.925000E-8	1.212780E-3
4.930000E-8	7.571366E-4
4.935000E-8	4.351027E-4
4.940000E-8	2.620949E-4
4.945000E-8	2.244098E-4
4.950000E-8	3.066308E-4
4.955000E-8	5.001932E-4
4.960000E-8	7.674122E-4
4.965000E-8	1.086020E-3
4.970000E-8	1.468006E-3
4.975000E-8	1.882538E-3
4.980000E-8	2.278228E-3
4.985000E-8	2.663641E-3
4.990000E-8	3.062757E-3
4.995000E-8	3.424189E-3
5.000000E-8	3.705112E-3
5.005000E-8	3.927795E-3
5.010000E-8	4.114506E-3
5.015000E-8	4.207006E-3
5.020000E-8	4.152192E-3
5.025000E-8	3.977472E-3
5.030000E-8	3.729096E-3
5.035000E-8	3.417340E-3
5.040000E-8	3.061048E-3
5.045000E-8	2.655080E-3
5.050000E-8	2.219992E-3
5.055000E-8	1.800320E-3
5.060000E-8	1.435463E-3
5.065000E-8	1.135697E-3
5.070000E-8	9.250043E-4
5.075000E-8	8.290790E-4
5.080000E-8	8.462080E-4
5.085000E-8	9.866690E-4
5.090000E-8	1.252175E-3
5.095000E-8	1.594764E-3
5.100000E-8	1.961334E-3
5.105000E-8	2.363876E-3
5.110000E-8	2.812667E-3
5.115000E-8	3.261459E-3
5.120000E-8	3.684557E-3
5.125000E-8	4.075108E-3
5.130000E-8	4.400568E-3
5.135000E-8	4.659223E-3
5.140000E-8	4.842508E-3
5.145000E-8	4.931582E-3
5.150000E-8	4.917879E-3
5.155000E-8	4.823667E-3
5.160000E-8	4.642096E-3
5.165000E-8	4.333766E-3
5.170000E-8	3.907243E-3
5.175000E-8	3.427618E-3
5.180000E-8	2.922300E-3
5.185000E-8	2.403277E-3
5.190000E-8	1.901384E-3
5.195000E-8	1.457731E-3
5.200000E-8	1.087734E-3
5.205000E-8	8.170887E-4
5.210000E-8	6.732009E-4
5.215000E-8	6.457934E-4
5.220000E-8	7.297273E-4
5.225000E-8	9.044473E-4
5.230000E-8	1.168241E-3
5.235000E-8	1.507404E-3
5.240000E-8	1.904807E-3
5.245000E-8	2.312488E-3
5.250000E-8	2.713317E-3
5.255000E-8	3.107294E-3
5.260000E-8	3.480717E-3
5.265000E-8	3.806176E-3
5.270000E-8	4.063119E-3
5.275000E-8	4.248117E-3
5.280000E-8	4.349181E-3
5.285000E-8	4.347468E-3
5.290000E-8	4.237840E-3
5.295000E-8	4.010019E-3
5.300000E-8	3.677708E-3
5.305000E-8	3.273453E-3
5.310000E-8	2.826374E-3
5.315000E-8	2.358740E-3
5.320000E-8	1.885967E-3
5.325000E-8	1.447453E-3
5.330000E-8	1.074031E-3
5.335000E-8	7.879686E-4
5.340000E-8	6.046832E-4
5.345000E-8	5.567205E-4
5.350000E-8	6.372287E-4
5.355000E-8	8.016712E-4
5.360000E-8	1.032919E-3
5.365000E-8	1.337823E-3
5.370000E-8	1.675273E-3
5.375000E-8	2.012723E-3
5.380000E-8	2.357024E-3
5.385000E-8	2.691048E-3
5.390000E-8	3.006230E-3
5.395000E-8	3.292292E-3
5.400000E-8	3.537244E-3
5.405000E-8	3.723955E-3
5.410000E-8	3.845574E-3
5.415000E-8	3.891824E-3
5.420000E-8	3.849001E-3
5.425000E-8	3.749651E-3
5.430000E-8	3.595486E-3
5.435000E-8	3.374516E-3
5.440000E-8	3.093594E-3
5.445000E-8	2.780125E-3
5.450000E-8	2.439249E-3
5.455000E-8	2.076104E-3
5.460000E-8	1.731802E-3
5.465000E-8	1.409768E-3
5.470000E-8	1.110002E-3
5.475000E-8	8.753277E-4
5.480000E-8	7.331526E-4
5.485000E-8	6.714860E-4
5.490000E-8	7.091702E-4
5.495000E-8	8.667608E-4
5.500000E-8	1.109999E-3
5.505000E-8	1.404625E-3
5.510000E-8	1.766057E-3
5.515000E-8	2.190867E-3
5.520000E-8	2.634520E-3
5.525000E-8	3.062757E-3
5.530000E-8	3.473864E-3
5.535000E-8	3.831870E-3
5.540000E-8	4.114507E-3
5.545000E-8	4.302931E-3
5.550000E-8	4.398857E-3
5.555000E-8	4.402283E-3
5.560000E-8	4.294368E-3
5.565000E-8	4.066546E-3
5.570000E-8	3.753078E-3
5.575000E-8	3.393359E-3
5.580000E-8	2.995956E-3
5.585000E-8	2.548877E-3
5.590000E-8	2.067539E-3
5.595000E-8	1.599904E-3
5.600000E-8	1.204213E-3
5.605000E-8	9.095862E-4
5.610000E-8	7.160228E-4
5.615000E-8	6.286622E-4
5.620000E-8	6.526430E-4
5.625000E-8	7.948172E-4
5.630000E-8	1.062037E-3
5.635000E-8	1.432033E-3
5.640000E-8	1.885963E-3
5.645000E-8	2.396421E-3
5.650000E-8	2.939425E-3
5.655000E-8	3.463587E-3
5.660000E-8	3.917517E-3
5.665000E-8	4.273810E-3
5.670000E-8	4.508484E-3
5.675000E-8	4.612974E-3
5.680000E-8	4.571864E-3
5.685000E-8	4.381727E-3
5.690000E-8	4.056267E-3
5.695000E-8	3.643448E-3
5.700000E-8	3.153545E-3
5.705000E-8	2.612255E-3
5.710000E-8	2.053834E-3
5.715000E-8	1.512543E-3
5.720000E-8	1.032918E-3
5.725000E-8	6.714869E-4
5.730000E-8	4.282485E-4
5.735000E-8	2.860738E-4
5.740000E-8	2.449629E-4
5.745000E-8	3.186194E-4
5.750000E-8	4.899138E-4
5.755000E-8	7.691237E-4
5.760000E-8	1.128842E-3
5.765000E-8	1.517681E-3
5.770000E-8	1.915084E-3
5.775000E-8	2.310774E-3
5.780000E-8	2.684197E-3
5.785000E-8	3.014795E-3
5.790000E-8	3.314561E-3
5.795000E-8	3.574929E-3
5.800000E-8	3.771918E-3
5.805000E-8	3.898676E-3
5.810000E-8	3.955204E-3
5.815000E-8	3.919232E-3
5.820000E-8	3.818168E-3
5.825000E-8	3.681133E-3
5.830000E-8	3.475580E-3
5.835000E-8	3.194657E-3
5.840000E-8	2.881187E-3
5.845000E-8	2.545450E-3
5.850000E-8	2.180593E-3
5.855000E-8	1.808883E-3
5.860000E-8	1.457729E-3
5.865000E-8	1.144260E-3
5.870000E-8	8.907438E-4
5.875000E-8	7.040325E-4
5.880000E-8	5.926908E-4
5.885000E-8	5.755611E-4
5.890000E-8	6.543564E-4
5.895000E-8	8.239378E-4
5.900000E-8	1.086018E-3
5.905000E-8	1.447450E-3
5.910000E-8	1.843140E-3
5.915000E-8	2.257673E-3
5.920000E-8	2.697900E-3
5.925000E-8	3.122711E-3
5.930000E-8	3.475578E-3
5.935000E-8	3.758214E-3
5.940000E-8	3.951777E-3
5.945000E-8	4.013444E-3
5.950000E-8	3.932935E-3
5.955000E-8	3.744512E-3
5.960000E-8	3.448172E-3
5.965000E-8	3.055908E-3
5.970000E-8	2.629384E-3
5.975000E-8	2.204573E-3
5.980000E-8	1.783189E-3
5.985000E-8	1.390924E-3
5.990000E-8	1.056899E-3
5.995000E-8	7.999572E-4
6.000000E-8	6.406530E-4
6.005000E-8	5.687091E-4
6.010000E-8	5.635701E-4
6.015000E-8	6.235230E-4
6.020000E-8	7.588456E-4
6.025000E-8	9.489824E-4
6.030000E-8	1.169952E-3
6.035000E-8	1.438885E-3
6.040000E-8	1.738650E-3
6.045000E-8	2.048694E-3
6.050000E-8	2.363876E-3
6.055000E-8	2.689336E-3
6.060000E-8	2.983963E-3
6.065000E-8	3.232340E-3
6.070000E-8	3.441320E-3
6.075000E-8	3.621179E-3
6.080000E-8	3.756502E-3
6.085000E-8	3.837011E-3
6.090000E-8	3.842150E-3
6.095000E-8	3.754790E-3
6.100000E-8	3.614328E-3
6.105000E-8	3.427617E-3
6.110000E-8	3.141555E-3
6.115000E-8	2.769846E-3
6.120000E-8	2.389572E-3
6.125000E-8	1.997308E-3
6.130000E-8	1.575923E-3
6.135000E-8	1.188797E-3
6.140000E-8	8.873179E-4
6.145000E-8	6.663476E-4
6.150000E-8	5.447282E-4
6.155000E-8	5.550056E-4
6.160000E-8	6.629210E-4
6.165000E-8	8.581966E-4
6.170000E-8	1.163101E-3
6.175000E-8	1.543375E-3
6.180000E-8	1.908232E-3
6.185000E-8	2.237118E-3
6.190000E-8	2.524893E-3
6.195000E-8	2.754427E-3
6.200000E-8	2.901741E-3
6.205000E-8	2.954842E-3
6.210000E-8	2.913732E-3
6.215000E-8	2.817807E-3
6.220000E-8	2.658503E-3
6.225000E-8	2.437533E-3
6.230000E-8	2.206285E-3
6.235000E-8	2.002445E-3
6.240000E-8	1.786614E-3
6.245000E-8	1.582773E-3
6.250000E-8	1.454302E-3
6.255000E-8	1.372081E-3
6.260000E-8	1.267591E-3
6.265000E-8	1.178518E-3
6.270000E-8	1.132268E-3
6.275000E-8	1.089445E-3
6.280000E-8	1.065463E-3
6.285000E-8	1.092870E-3
6.290000E-8	1.121990E-3
6.295000E-8	1.139119E-3
6.300000E-8	1.207637E-3
6.305000E-8	1.322404E-3
6.310000E-8	1.432033E-3
6.315000E-8	1.539948E-3
6.320000E-8	1.697539E-3
6.325000E-8	1.868834E-3
6.330000E-8	2.009296E-3
6.335000E-8	2.115499E-3
6.340000E-8	2.196007E-3
6.345000E-8	2.264525E-3
6.350000E-8	2.315914E-3
6.355000E-8	2.327904E-3
6.360000E-8	2.307349E-3
6.365000E-8	2.252535E-3
6.370000E-8	2.154897E-3
6.375000E-8	2.033278E-3
6.380000E-8	1.899668E-3
6.385000E-8	1.750642E-3
6.390000E-8	1.591338E-3
6.395000E-8	1.468005E-3
6.400000E-8	1.404626E-3
6.405000E-8	1.366941E-3
6.410000E-8	1.363515E-3
6.415000E-8	1.428607E-3
6.420000E-8	1.550226E-3
6.425000E-8	1.692400E-3
6.430000E-8	1.858556E-3
6.435000E-8	2.079526E-3
6.440000E-8	2.321052E-3
6.445000E-8	2.535170E-3
6.450000E-8	2.747576E-3
6.455000E-8	2.956555E-3
6.460000E-8	3.093591E-3
6.465000E-8	3.141554E-3
6.470000E-8	3.160396E-3
6.475000E-8	3.138128E-3
6.480000E-8	3.050768E-3
6.485000E-8	2.920584E-3
6.490000E-8	2.774984E-3
6.495000E-8	2.612254E-3
6.500000E-8	2.437533E-3
6.505000E-8	2.267952E-3
6.510000E-8	2.118926E-3
6.515000E-8	2.004158E-3
6.520000E-8	1.894530E-3
6.525000E-8	1.795179E-3
6.530000E-8	1.736939E-3
6.535000E-8	1.716383E-3
6.540000E-8	1.695828E-3
6.545000E-8	1.692402E-3
6.550000E-8	1.704392E-3
6.555000E-8	1.683837E-3
6.560000E-8	1.629022E-3
6.565000E-8	1.620457E-3
6.570000E-8	1.664994E-3
6.575000E-8	1.714669E-3
6.580000E-8	1.774622E-3
6.585000E-8	1.867121E-3
6.590000E-8	1.988740E-3
6.595000E-8	2.132628E-3
6.600000E-8	2.286793E-3
6.605000E-8	2.432393E-3
6.610000E-8	2.547161E-3
6.615000E-8	2.613966E-3
6.620000E-8	2.643087E-3
6.625000E-8	2.643087E-3
6.630000E-8	2.583134E-3
6.635000E-8	2.422118E-3
6.640000E-8	2.199435E-3
6.645000E-8	1.961335E-3
6.650000E-8	1.700968E-3
6.655000E-8	1.432035E-3
6.660000E-8	1.219630E-3
6.665000E-8	1.063751E-3
6.670000E-8	9.352802E-4
6.675000E-8	8.547714E-4
6.680000E-8	8.530582E-4
6.685000E-8	9.215758E-4
6.690000E-8	1.044908E-3
6.695000E-8	1.216202E-3
6.700000E-8	1.409765E-3
6.705000E-8	1.601615E-3
6.710000E-8	1.803743E-3
6.715000E-8	2.017861E-3
6.720000E-8	2.221702E-3
6.725000E-8	2.386145E-3
6.730000E-8	2.507764E-3
6.735000E-8	2.607115E-3
6.740000E-8	2.677346E-3
6.745000E-8	2.697901E-3
6.750000E-8	2.648226E-3
6.755000E-8	2.555727E-3
6.760000E-8	2.427256E-3
6.765000E-8	2.269665E-3
6.770000E-8	2.093232E-3
6.775000E-8	1.891104E-3
6.780000E-8	1.673560E-3
6.785000E-8	1.457729E-3
6.790000E-8	1.267592E-3
6.795000E-8	1.111714E-3
6.800000E-8	9.849556E-4
6.805000E-8	9.044472E-4
6.810000E-8	9.027343E-4
6.815000E-8	9.661132E-4
6.820000E-8	1.063751E-3
6.825000E-8	1.216203E-3
6.830000E-8	1.442312E-3
6.835000E-8	1.709531E-3
6.840000E-8	1.999019E-3
6.845000E-8	2.305636E-3
6.850000E-8	2.601976E-3
6.855000E-8	2.865770E-3
6.860000E-8	3.095304E-3
6.865000E-8	3.264886E-3
6.870000E-8	3.341969E-3
6.875000E-8	3.355672E-3
6.880000E-8	3.299145E-3
6.885000E-8	3.144980E-3
6.890000E-8	2.915445E-3
6.895000E-8	2.624245E-3
6.900000E-8	2.278229E-3
6.905000E-8	1.944205E-3
6.910000E-8	1.654717E-3
6.915000E-8	1.390923E-3
6.920000E-8	1.163101E-3
6.925000E-8	1.024353E-3
6.930000E-8	9.763904E-4
6.935000E-8	9.643999E-4
6.940000E-8	9.935201E-4
6.945000E-8	1.084306E-3
6.950000E-8	1.223055E-3
6.955000E-8	1.380646E-3
6.960000E-8	1.524534E-3
6.965000E-8	1.646153E-3
6.970000E-8	1.754068E-3
6.975000E-8	1.851706E-3
6.980000E-8	1.918511E-3
6.985000E-8	1.952769E-3
6.990000E-8	1.985315E-3
6.995000E-8	2.031565E-3
7.000000E-8	2.060685E-3
7.005000E-8	2.077814E-3
7.010000E-8	2.096657E-3
7.015000E-8	2.122351E-3
7.020000E-8	2.141194E-3
7.025000E-8	2.165175E-3
7.030000E-8	2.173740E-3
7.035000E-8	2.136055E-3
7.040000E-8	2.050408E-3
7.045000E-8	1.937353E-3
7.050000E-8	1.822586E-3
7.055000E-8	1.712957E-3
7.060000E-8	1.610180E-3
7.065000E-8	1.507404E-3
7.070000E-8	1.414904E-3
7.075000E-8	1.354951E-3
7.080000E-8	1.336109E-3
7.085000E-8	1.336109E-3
7.090000E-8	1.351525E-3
7.095000E-8	1.426895E-3
7.100000E-8	1.546801E-3
7.105000E-8	1.668420E-3
7.110000E-8	1.791752E-3
7.115000E-8	1.945917E-3
7.120000E-8	2.081240E-3
7.125000E-8	2.151470E-3
7.130000E-8	2.197720E-3
7.135000E-8	2.235405E-3
7.140000E-8	2.225127E-3
7.145000E-8	2.178878E-3
7.150000E-8	2.134341E-3
7.155000E-8	2.079527E-3
7.160000E-8	1.987028E-3
7.165000E-8	1.887677E-3
7.170000E-8	1.802030E-3
7.175000E-8	1.692401E-3
7.180000E-8	1.570782E-3
7.185000E-8	1.464579E-3
7.190000E-8	1.377219E-3
7.195000E-8	1.317266E-3
7.200000E-8	1.291572E-3
7.205000E-8	1.277868E-3
7.210000E-8	1.267590E-3
7.215000E-8	1.312127E-3
7.220000E-8	1.404626E-3
7.225000E-8	1.486848E-3
7.230000E-8	1.587911E-3
7.235000E-8	1.724947E-3
7.240000E-8	1.867122E-3
7.245000E-8	2.007583E-3
7.250000E-8	2.173739E-3
7.255000E-8	2.324478E-3
7.260000E-8	2.442671E-3
7.265000E-8	2.562578E-3
7.270000E-8	2.670493E-3
7.275000E-8	2.709891E-3
7.280000E-8	2.704752E-3
7.285000E-8	2.697901E-3
7.290000E-8	2.667068E-3
7.295000E-8	2.615679E-3
7.300000E-8	2.555726E-3
7.305000E-8	2.466653E-3
7.310000E-8	2.345034E-3
7.315000E-8	2.240545E-3
7.320000E-8	2.142907E-3
7.325000E-8	2.021288E-3
7.330000E-8	1.903095E-3
7.335000E-8	1.815734E-3
7.340000E-8	1.742077E-3
7.345000E-8	1.678698E-3
7.350000E-8	1.644439E-3
7.355000E-8	1.625597E-3
7.360000E-8	1.601615E-3
7.365000E-8	1.572495E-3
7.370000E-8	1.548514E-3
7.375000E-8	1.548514E-3
7.380000E-8	1.574208E-3
7.385000E-8	1.587912E-3
7.390000E-8	1.594764E-3
7.395000E-8	1.623884E-3
7.400000E-8	1.651291E-3
7.405000E-8	1.644439E-3
7.410000E-8	1.632449E-3
7.415000E-8	1.646152E-3
7.420000E-8	1.656430E-3
7.425000E-8	1.656430E-3
7.430000E-8	1.637588E-3
7.435000E-8	1.613606E-3
7.440000E-8	1.581060E-3
7.445000E-8	1.510829E-3
7.450000E-8	1.389210E-3
7.455000E-8	1.264165E-3
7.460000E-8	1.156249E-3
7.465000E-8	1.024352E-3
7.470000E-8	8.890294E-4
7.475000E-8	8.068079E-4
7.480000E-8	7.571323E-4
7.485000E-8	7.023178E-4
7.490000E-8	7.160213E-4
7.495000E-8	8.307886E-4
7.500000E-8	9.729631E-4
7.505000E-8	1.106573E-3
7.510000E-8	1.272729E-3
7.515000E-8	1.456014E-3
7.520000E-8	1.599902E-3
7.525000E-8	1.707817E-3
7.530000E-8	1.790039E-3
7.535000E-8	1.839714E-3
7.540000E-8	1.860270E-3
7.545000E-8	1.879112E-3
7.550000E-8	1.897955E-3
7.555000E-8	1.923649E-3
7.560000E-8	1.956195E-3
7.565000E-8	1.976750E-3
7.570000E-8	1.978463E-3
7.575000E-8	1.975038E-3
7.580000E-8	1.952769E-3
7.585000E-8	1.901381E-3
7.590000E-8	1.856845E-3
7.595000E-8	1.839715E-3
7.600000E-8	1.796892E-3
7.605000E-8	1.726661E-3
7.610000E-8	1.700966E-3
7.615000E-8	1.724948E-3
7.620000E-8	1.776336E-3
7.625000E-8	1.872261E-3
7.630000E-8	2.016148E-3
7.635000E-8	2.184016E-3
7.640000E-8	2.357024E-3
7.645000E-8	2.540309E-3
7.650000E-8	2.709891E-3
7.655000E-8	2.846927E-3
7.660000E-8	2.918870E-3
7.665000E-8	2.903454E-3
7.670000E-8	2.831511E-3
7.675000E-8	2.730447E-3
7.680000E-8	2.581421E-3
7.685000E-8	2.372441E-3
7.690000E-8	2.156610E-3
7.695000E-8	1.966473E-3
7.700000E-8	1.766058E-3
7.705000E-8	1.563930E-3
7.710000E-8	1.402913E-3
7.715000E-8	1.281294E-3
7.720000E-8	1.202498E-3
7.725000E-8	1.176804E-3
7.730000E-8	1.188795E-3
7.735000E-8	1.221341E-3
7.740000E-8	1.303562E-3
7.745000E-8	1.433747E-3
7.750000E-8	1.563931E-3
7.755000E-8	1.671846E-3
7.760000E-8	1.771197E-3
7.765000E-8	1.849993E-3
7.770000E-8	1.897955E-3
7.775000E-8	1.925362E-3
7.780000E-8	1.935640E-3
7.785000E-8	1.945917E-3
7.790000E-8	1.971611E-3
7.795000E-8	2.005870E-3
7.800000E-8	2.043555E-3
7.805000E-8	2.101795E-3
7.810000E-8	2.177165E-3
7.815000E-8	2.273090E-3
7.820000E-8	2.381006E-3
7.825000E-8	2.492347E-3
7.830000E-8	2.583134E-3
7.835000E-8	2.668781E-3
7.840000E-8	2.745864E-3
7.845000E-8	2.762993E-3
7.850000E-8	2.685911E-3
7.855000E-8	2.567717E-3
7.860000E-8	2.439246E-3
7.865000E-8	2.285081E-3
7.870000E-8	2.118925E-3
7.875000E-8	1.969899E-3
7.880000E-8	1.836289E-3
7.885000E-8	1.716383E-3
7.890000E-8	1.651291E-3
7.895000E-8	1.637587E-3
7.900000E-8	1.635874E-3
7.905000E-8	1.644439E-3
7.910000E-8	1.718095E-3
7.915000E-8	1.815733E-3
7.920000E-8	1.887677E-3
7.925000E-8	1.944204E-3
7.930000E-8	1.988741E-3
7.935000E-8	1.999018E-3
7.940000E-8	1.985315E-3
7.945000E-8	1.995593E-3
7.950000E-8	2.028139E-3
7.955000E-8	2.077814E-3
7.960000E-8	2.146332E-3
7.965000E-8	2.202859E-3
7.970000E-8	2.228554E-3
7.975000E-8	2.255961E-3
7.980000E-8	2.295358E-3
7.985000E-8	2.317627E-3
7.990000E-8	2.315913E-3
7.995000E-8	2.300497E-3
8.000000E-8	2.279941E-3
8.005000E-8	2.238831E-3
8.010000E-8	2.170313E-3
8.015000E-8	2.098369E-3
8.020000E-8	2.040129E-3
8.025000E-8	1.975037E-3
8.030000E-8	1.894529E-3
8.035000E-8	1.827724E-3
8.040000E-8	1.796891E-3
8.045000E-8	1.791752E-3
8.050000E-8	1.786613E-3
8.055000E-8	1.776336E-3
8.060000E-8	1.772910E-3
8.065000E-8	1.796891E-3
8.070000E-8	1.834576E-3
8.075000E-8	1.841428E-3
8.080000E-8	1.826011E-3
8.085000E-8	1.846566E-3
8.090000E-8	1.901381E-3
8.095000E-8	1.918510E-3
8.100000E-8	1.882538E-3
8.105000E-8	1.849992E-3
8.110000E-8	1.819159E-3
8.115000E-8	1.747215E-3
8.120000E-8	1.653003E-3
8.125000E-8	1.567356E-3
8.130000E-8	1.485135E-3
8.135000E-8	1.404626E-3
8.140000E-8	1.353238E-3
8.145000E-8	1.332682E-3
8.150000E-8	1.342960E-3
8.155000E-8	1.408052E-3
8.160000E-8	1.515967E-3
8.165000E-8	1.629022E-3
8.170000E-8	1.755780E-3
8.175000E-8	1.909945E-3
8.180000E-8	2.046980E-3
8.185000E-8	2.124063E-3
8.190000E-8	2.168600E-3
8.195000E-8	2.196007E-3
8.200000E-8	2.178877E-3
8.205000E-8	2.113785E-3
8.210000E-8	2.016148E-3
8.215000E-8	1.894528E-3
8.220000E-8	1.774622E-3
8.225000E-8	1.676984E-3
8.230000E-8	1.582772E-3
8.235000E-8	1.490273E-3
8.240000E-8	1.423468E-3
8.245000E-8	1.389210E-3
8.250000E-8	1.365229E-3
8.255000E-8	1.337822E-3
8.260000E-8	1.320692E-3
8.265000E-8	1.303563E-3
8.270000E-8	1.286434E-3
8.275000E-8	1.294998E-3
8.280000E-8	1.339535E-3
8.285000E-8	1.411479E-3
8.290000E-8	1.502265E-3
8.295000E-8	1.606754E-3
8.300000E-8	1.730086E-3
8.305000E-8	1.849993E-3
8.310000E-8	1.952769E-3
8.315000E-8	2.064111E-3
8.320000E-8	2.175452E-3
8.325000E-8	2.240544E-3
8.330000E-8	2.254247E-3
8.335000E-8	2.254247E-3
8.340000E-8	2.249108E-3
8.345000E-8	2.206285E-3
8.350000E-8	2.130915E-3
8.355000E-8	2.043555E-3
8.360000E-8	1.952768E-3
8.365000E-8	1.875686E-3
8.370000E-8	1.800316E-3
8.375000E-8	1.730085E-3
8.380000E-8	1.673558E-3
8.385000E-8	1.632447E-3
8.390000E-8	1.569068E-3
8.395000E-8	1.507402E-3
8.400000E-8	1.471431E-3
8.405000E-8	1.469718E-3
8.410000E-8	1.486848E-3
8.415000E-8	1.538236E-3
8.420000E-8	1.625597E-3
8.425000E-8	1.728373E-3
8.430000E-8	1.820872E-3
8.435000E-8	1.901381E-3
8.440000E-8	1.975037E-3
8.445000E-8	2.048694E-3
8.450000E-8	2.093230E-3
8.455000E-8	2.057258E-3
8.460000E-8	1.961333E-3
8.465000E-8	1.844852E-3
8.470000E-8	1.687261E-3
8.475000E-8	1.481707E-3
8.480000E-8	1.269302E-3
8.485000E-8	1.079165E-3
8.490000E-8	9.078706E-4
8.495000E-8	7.982422E-4
8.500000E-8	7.793999E-4
8.505000E-8	8.170848E-4
8.510000E-8	8.838897E-4
8.515000E-8	9.849535E-4
8.520000E-8	1.147683E-3
8.525000E-8	1.337820E-3
8.530000E-8	1.500550E-3
8.535000E-8	1.639299E-3
8.540000E-8	1.772909E-3
8.545000E-8	1.868834E-3
8.550000E-8	1.908231E-3
8.555000E-8	1.937352E-3
8.560000E-8	1.980175E-3
8.565000E-8	1.983602E-3
8.570000E-8	1.945917E-3
8.575000E-8	1.920223E-3
8.580000E-8	1.896242E-3
8.585000E-8	1.870548E-3
8.590000E-8	1.879113E-3
8.595000E-8	1.918511E-3
8.600000E-8	1.920224E-3
8.605000E-8	1.901381E-3
8.610000E-8	1.911659E-3
8.615000E-8	1.911659E-3
8.620000E-8	1.831150E-3
8.625000E-8	1.694115E-3
8.630000E-8	1.550227E-3
8.635000E-8	1.390923E-3
8.640000E-8	1.233332E-3
8.645000E-8	1.135694E-3
8.650000E-8	1.096296E-3
8.655000E-8	1.087731E-3
8.660000E-8	1.116851E-3
8.665000E-8	1.188795E-3
8.670000E-8	1.281294E-3
8.675000E-8	1.404626E-3
8.680000E-8	1.550227E-3
8.685000E-8	1.676985E-3
8.690000E-8	1.762632E-3
8.695000E-8	1.838002E-3
8.700000E-8	1.873974E-3
8.705000E-8	1.831150E-3
8.710000E-8	1.724948E-3
8.715000E-8	1.594764E-3
8.720000E-8	1.438885E-3
8.725000E-8	1.291572E-3
8.730000E-8	1.185369E-3
8.735000E-8	1.118564E-3
8.740000E-8	1.084305E-3
8.745000E-8	1.089444E-3
8.750000E-8	1.121990E-3
8.755000E-8	1.185369E-3
8.760000E-8	1.286433E-3
8.765000E-8	1.390923E-3
8.770000E-8	1.468006E-3
8.775000E-8	1.534811E-3
8.780000E-8	1.582773E-3
8.785000E-8	1.572495E-3
8.790000E-8	1.522820E-3
8.795000E-8	1.471432E-3
8.800000E-8	1.418330E-3
8.805000E-8	1.366942E-3
8.810000E-8	1.339535E-3
8.815000E-8	1.329257E-3
8.820000E-8	1.346386E-3
8.825000E-8	1.420043E-3
8.830000E-8	1.533097E-3
8.835000E-8	1.649577E-3
8.840000E-8	1.774622E-3
8.845000E-8	1.915084E-3
8.850000E-8	2.048694E-3
8.855000E-8	2.199433E-3
8.860000E-8	2.360450E-3
8.865000E-8	2.452949E-3
8.870000E-8	2.487208E-3
8.875000E-8	2.538596E-3
8.880000E-8	2.588272E-3
8.885000E-8	2.579707E-3
8.890000E-8	2.533458E-3
8.895000E-8	2.485495E-3
8.900000E-8	2.404987E-3
8.905000E-8	2.298784E-3
8.910000E-8	2.216563E-3
8.915000E-8	2.141193E-3
8.920000E-8	2.060685E-3
8.925000E-8	1.995593E-3
8.930000E-8	1.928788E-3
8.935000E-8	1.851706E-3
8.940000E-8	1.805456E-3
8.945000E-8	1.786614E-3
8.950000E-8	1.731800E-3
8.955000E-8	1.663282E-3
8.960000E-8	1.663282E-3
8.965000E-8	1.704393E-3
8.970000E-8	1.714670E-3
8.975000E-8	1.726661E-3
8.980000E-8	1.790040E-3
8.985000E-8	1.858557E-3
8.990000E-8	1.908233E-3
8.995000E-8	1.973324E-3
9.000000E-8	2.064111E-3
9.005000E-8	2.141193E-3
9.010000E-8	2.172026E-3
9.015000E-8	2.178878E-3
9.020000E-8	2.182304E-3
9.025000E-8	2.172026E-3
9.030000E-8	2.141193E-3
9.035000E-8	2.132628E-3
9.040000E-8	2.158322E-3
9.045000E-8	2.172026E-3
9.050000E-8	2.170313E-3
9.055000E-8	2.190868E-3
9.060000E-8	2.223414E-3
9.065000E-8	2.219988E-3
9.070000E-8	2.201146E-3
9.075000E-8	2.209710E-3
9.080000E-8	2.214849E-3
9.085000E-8	2.187442E-3
9.090000E-8	2.144619E-3
9.095000E-8	2.110360E-3
9.100000E-8	2.070962E-3
9.105000E-8	2.017861E-3
9.110000E-8	1.964759E-3
9.115000E-8	1.928788E-3
9.120000E-8	1.903094E-3
9.125000E-8	1.891103E-3
9.130000E-8	1.899668E-3
9.135000E-8	1.923649E-3
9.140000E-8	1.956196E-3
9.145000E-8	2.000732E-3
9.150000E-8	2.057259E-3
9.155000E-8	2.118926E-3
9.160000E-8	2.172027E-3
9.165000E-8	2.196008E-3
9.170000E-8	2.189156E-3
9.175000E-8	2.172027E-3
9.180000E-8	2.163462E-3
9.185000E-8	2.134342E-3
9.190000E-8	2.065824E-3
9.195000E-8	1.997306E-3
9.200000E-8	1.959621E-3
9.205000E-8	1.923649E-3
9.210000E-8	1.889390E-3
9.215000E-8	1.913371E-3
9.220000E-8	1.992166E-3
9.225000E-8	2.057258E-3
9.230000E-8	2.117211E-3
9.235000E-8	2.196007E-3
9.240000E-8	2.257673E-3
9.245000E-8	2.237117E-3
9.250000E-8	2.127488E-3
9.255000E-8	1.987027E-3
9.260000E-8	1.839713E-3
9.265000E-8	1.663280E-3
9.270000E-8	1.474856E-3
9.275000E-8	1.303561E-3
9.280000E-8	1.181942E-3
9.285000E-8	1.094582E-3
9.290000E-8	1.020925E-3
9.295000E-8	1.000370E-3
9.300000E-8	1.053472E-3
9.305000E-8	1.149397E-3
9.310000E-8	1.255600E-3
9.315000E-8	1.394348E-3
9.320000E-8	1.565643E-3
9.325000E-8	1.716382E-3
9.330000E-8	1.829437E-3
9.335000E-8	1.928788E-3
9.340000E-8	1.997306E-3
9.345000E-8	2.017861E-3
9.350000E-8	2.007583E-3
9.355000E-8	1.987028E-3
9.360000E-8	1.952769E-3
9.365000E-8	1.909945E-3
9.370000E-8	1.860270E-3
9.375000E-8	1.803743E-3
9.380000E-8	1.776336E-3
9.385000E-8	1.791752E-3
9.390000E-8	1.822585E-3
9.395000E-8	1.853418E-3
9.400000E-8	1.937352E-3
9.405000E-8	2.048694E-3
9.410000E-8	2.156609E-3
9.415000E-8	2.262812E-3
9.420000E-8	2.341607E-3
9.425000E-8	2.367302E-3
9.430000E-8	2.363876E-3
9.435000E-8	2.348459E-3
9.440000E-8	2.295358E-3
9.445000E-8	2.182304E-3
9.450000E-8	2.055546E-3
9.455000E-8	1.932214E-3
9.460000E-8	1.815733E-3
9.465000E-8	1.719808E-3
9.470000E-8	1.634160E-3
9.475000E-8	1.570781E-3
9.480000E-8	1.560503E-3
9.485000E-8	1.598188E-3
9.490000E-8	1.630734E-3
9.495000E-8	1.663280E-3
9.500000E-8	1.712955E-3
9.505000E-8	1.779760E-3
9.510000E-8	1.841426E-3
9.515000E-8	1.882537E-3
9.520000E-8	1.896241E-3
9.525000E-8	1.903093E-3
9.530000E-8	1.916797E-3
9.535000E-8	1.947630E-3
9.540000E-8	1.999019E-3
9.545000E-8	2.064111E-3
9.550000E-8	2.136054E-3
9.555000E-8	2.219989E-3
9.560000E-8	2.317627E-3
9.565000E-8	2.411838E-3
9.570000E-8	2.478643E-3
9.575000E-8	2.500912E-3
9.580000E-8	2.485495E-3
9.585000E-8	2.446097E-3
9.590000E-8	2.392996E-3
9.595000E-8	2.312488E-3
9.600000E-8	2.201146E-3
9.605000E-8	2.084666E-3
9.610000E-8	1.968185E-3
9.615000E-8	1.865409E-3
9.620000E-8	1.788326E-3
9.625000E-8	1.740363E-3
9.630000E-8	1.730086E-3
9.635000E-8	1.742076E-3
9.640000E-8	1.769483E-3
9.645000E-8	1.790039E-3
9.650000E-8	1.817446E-3
9.655000E-8	1.839714E-3
9.660000E-8	1.826011E-3
9.665000E-8	1.788326E-3
9.670000E-8	1.747215E-3
9.675000E-8	1.697540E-3
9.680000E-8	1.658142E-3
9.685000E-8	1.639300E-3
9.690000E-8	1.608467E-3
9.695000E-8	1.577634E-3
9.700000E-8	1.582772E-3
9.705000E-8	1.615318E-3
9.710000E-8	1.656429E-3
9.715000E-8	1.712956E-3
9.720000E-8	1.808881E-3
9.725000E-8	1.906519E-3
9.730000E-8	1.971611E-3
9.735000E-8	2.026426E-3
9.740000E-8	2.086379E-3
9.745000E-8	2.146332E-3
9.750000E-8	2.206286E-3
9.755000E-8	2.250822E-3
9.760000E-8	2.261100E-3
9.765000E-8	2.223415E-3
9.770000E-8	2.165175E-3
9.775000E-8	2.105221E-3
9.780000E-8	2.021287E-3
9.785000E-8	1.911658E-3
9.790000E-8	1.807168E-3
9.795000E-8	1.719807E-3
9.800000E-8	1.639299E-3
9.805000E-8	1.570781E-3
9.810000E-8	1.543373E-3
9.815000E-8	1.533096E-3
9.820000E-8	1.505689E-3
9.825000E-8	1.485134E-3
9.830000E-8	1.498837E-3
9.835000E-8	1.534809E-3
9.840000E-8	1.562217E-3
9.845000E-8	1.574207E-3
9.850000E-8	1.579346E-3
9.855000E-8	1.603327E-3
9.860000E-8	1.635873E-3
9.865000E-8	1.649577E-3
9.870000E-8	1.635873E-3
9.875000E-8	1.598189E-3
9.880000E-8	1.569068E-3
9.885000E-8	1.562217E-3
9.890000E-8	1.572494E-3
9.895000E-8	1.584485E-3
9.900000E-8	1.613605E-3
9.905000E-8	1.680410E-3
9.910000E-8	1.755780E-3
9.915000E-8	1.819159E-3
9.920000E-8	1.884251E-3
9.925000E-8	1.959620E-3
9.930000E-8	2.021286E-3
9.935000E-8	2.058971E-3
9.940000E-8	2.079526E-3
9.945000E-8	2.069249E-3
9.950000E-8	2.016147E-3
9.955000E-8	1.945916E-3
9.960000E-8	1.889389E-3
9.965000E-8	1.838001E-3
9.970000E-8	1.779761E-3
9.975000E-8	1.747215E-3
9.980000E-8	1.750641E-3
9.985000E-8	1.800316E-3
9.990000E-8	1.880825E-3
9.995000E-8	1.999018E-3
1.000000E-7	2.122350E-3
1.000500E-7	2.216562E-3
1.001000E-7	2.303923E-3
1.001500E-7	2.386144E-3
1.002000E-7	2.423829E-3
1.002500E-7	2.399848E-3
1.003000E-7	2.309062E-3
1.003500E-7	2.173739E-3
1.004000E-7	2.024712E-3
1.004500E-7	1.858557E-3
1.005000E-7	1.685549E-3
1.005500E-7	1.543374E-3
1.006000E-7	1.430320E-3
1.006500E-7	1.310414E-3
1.007000E-7	1.216202E-3
1.007500E-7	1.212776E-3
1.008000E-7	1.257313E-3
1.008500E-7	1.308701E-3
1.009000E-7	1.385784E-3
1.009500E-7	1.515968E-3
1.010000E-7	1.646152E-3
1.010500E-7	1.755780E-3
1.011000E-7	1.867121E-3
1.011500E-7	1.993879E-3
1.012000E-7	2.122350E-3
1.012500E-7	2.231979E-3
1.013000E-7	2.300497E-3
1.013500E-7	2.317626E-3
1.014000E-7	2.307348E-3
1.014500E-7	2.262812E-3
1.015000E-7	2.170313E-3
1.015500E-7	2.055546E-3
1.016000E-7	1.944204E-3
1.016500E-7	1.815733E-3
1.017000E-7	1.664994E-3
1.017500E-7	1.538236E-3
1.018000E-7	1.426895E-3
1.018500E-7	1.322405E-3
1.019000E-7	1.247035E-3
1.019500E-7	1.226480E-3
1.020000E-7	1.260738E-3
1.020500E-7	1.341247E-3
1.021000E-7	1.464578E-3
1.021500E-7	1.620456E-3
1.022000E-7	1.798603E-3
1.022500E-7	1.952768E-3
1.023000E-7	2.079526E-3
1.023500E-7	2.196006E-3
1.024000E-7	2.302209E-3
1.024500E-7	2.346746E-3
1.025000E-7	2.338181E-3
1.025500E-7	2.319339E-3
1.026000E-7	2.295358E-3
1.026500E-7	2.237117E-3
1.027000E-7	2.144618E-3
1.027500E-7	2.052119E-3
1.028000E-7	1.956194E-3
1.028500E-7	1.863695E-3
1.029000E-7	1.795177E-3
1.029500E-7	1.767770E-3
1.030000E-7	1.779761E-3
1.030500E-7	1.817446E-3
1.031000E-7	1.858557E-3
1.031500E-7	1.916797E-3
1.032000E-7	1.990454E-3
1.032500E-7	2.053833E-3
1.033000E-7	2.077814E-3
1.033500E-7	2.110360E-3
1.034000E-7	2.172026E-3
1.034500E-7	2.213136E-3
1.035000E-7	2.211423E-3
1.035500E-7	2.218275E-3
1.036000E-7	2.231978E-3
1.036500E-7	2.213136E-3
1.037000E-7	2.172026E-3
1.037500E-7	2.160035E-3
1.038000E-7	2.158323E-3
1.038500E-7	2.132629E-3
1.039000E-7	2.086379E-3
1.039500E-7	2.046982E-3
1.040000E-7	1.966473E-3
1.040500E-7	1.836289E-3
1.041000E-7	1.702679E-3
1.041500E-7	1.599902E-3
1.042000E-7	1.503977E-3
1.042500E-7	1.426894E-3
1.043000E-7	1.389209E-3
1.043500E-7	1.366941E-3
1.044000E-7	1.387496E-3
1.044500E-7	1.474857E-3
1.045000E-7	1.586198E-3
1.045500E-7	1.718095E-3
1.046000E-7	1.875687E-3
1.046500E-7	2.021288E-3
1.047000E-7	2.106935E-3
1.047500E-7	2.166888E-3
1.048000E-7	2.197722E-3
1.048500E-7	2.134343E-3
1.049000E-7	2.026427E-3
1.049500E-7	1.939066E-3
1.050000E-7	1.814021E-3
1.050500E-7	1.639300E-3
1.051000E-7	1.519394E-3
1.051500E-7	1.473144E-3
1.052000E-7	1.432034E-3
1.052500E-7	1.409765E-3
1.053000E-7	1.459441E-3
1.053500E-7	1.557079E-3
1.054000E-7	1.678698E-3
1.054500E-7	1.829437E-3
1.055000E-7	1.988741E-3
1.055500E-7	2.113786E-3
1.056000E-7	2.214850E-3
1.056500E-7	2.281655E-3
1.057000E-7	2.314201E-3
1.057500E-7	2.339895E-3
1.058000E-7	2.360450E-3
1.058500E-7	2.345033E-3
1.059000E-7	2.288506E-3
1.059500E-7	2.252534E-3
1.060000E-7	2.218275E-3
1.060500E-7	2.156609E-3
1.061000E-7	2.077814E-3
1.061500E-7	2.031564E-3
1.062000E-7	2.004157E-3
1.062500E-7	1.968185E-3
1.063000E-7	1.933926E-3
1.063500E-7	1.916797E-3
1.064000E-7	1.885964E-3
1.064500E-7	1.836288E-3
1.065000E-7	1.784900E-3
1.065500E-7	1.730086E-3
1.066000E-7	1.641012E-3
1.066500E-7	1.517680E-3
1.067000E-7	1.399487E-3
1.067500E-7	1.303562E-3
1.068000E-7	1.224766E-3
1.068500E-7	1.145971E-3
1.069000E-7	1.096295E-3
1.069500E-7	1.101434E-3
1.070000E-7	1.147683E-3
1.070500E-7	1.226479E-3
1.071000E-7	1.346385E-3
1.071500E-7	1.490272E-3
1.072000E-7	1.637586E-3
1.072500E-7	1.783186E-3
1.073000E-7	1.903092E-3
1.073500E-7	1.981888E-3
1.074000E-7	2.017860E-3
1.074500E-7	2.007582E-3
1.075000E-7	1.944203E-3
1.075500E-7	1.861982E-3
1.076000E-7	1.755779E-3
1.076500E-7	1.617031E-3
1.077000E-7	1.498838E-3
1.077500E-7	1.468005E-3
1.078000E-7	1.491986E-3
1.078500E-7	1.526245E-3
1.079000E-7	1.579346E-3
1.079500E-7	1.663281E-3
1.080000E-7	1.767771E-3
1.080500E-7	1.889390E-3
1.081000E-7	1.990453E-3
1.081500E-7	2.043555E-3
1.082000E-7	2.048693E-3
1.082500E-7	2.007583E-3
1.083000E-7	1.901380E-3
1.083500E-7	1.743788E-3
1.084000E-7	1.579345E-3
1.084500E-7	1.425180E-3
1.085000E-7	1.301848E-3
1.085500E-7	1.229904E-3
1.086000E-7	1.178516E-3
1.086500E-7	1.142544E-3
1.087000E-7	1.157961E-3
1.087500E-7	1.228191E-3
1.088000E-7	1.298422E-3
1.088500E-7	1.360089E-3
1.089000E-7	1.418329E-3
1.089500E-7	1.464579E-3
1.090000E-7	1.488560E-3
1.090500E-7	1.476569E-3
1.091000E-7	1.413190E-3
1.091500E-7	1.330969E-3
1.092000E-7	1.269303E-3
1.092500E-7	1.235044E-3
1.093000E-7	1.224766E-3
1.093500E-7	1.269303E-3
1.094000E-7	1.363515E-3
1.094500E-7	1.478282E-3
1.095000E-7	1.610179E-3
1.095500E-7	1.783187E-3
1.096000E-7	1.927074E-3
1.096500E-7	1.990453E-3
1.097000E-7	2.002444E-3
1.097500E-7	2.007583E-3
1.098000E-7	1.975037E-3
1.098500E-7	1.884250E-3
1.099000E-7	1.767770E-3
1.099500E-7	1.658142E-3
1.100000E-7	1.550226E-3
1.100500E-7	1.452588E-3
1.101000E-7	1.399487E-3
1.101500E-7	1.399487E-3
1.102000E-7	1.425181E-3
1.102500E-7	1.468005E-3
1.103000E-7	1.531384E-3
1.103500E-7	1.587911E-3
1.104000E-7	1.611892E-3
1.104500E-7	1.593050E-3
1.105000E-7	1.515967E-3
1.105500E-7	1.394348E-3
1.106000E-7	1.267590E-3
1.106500E-7	1.147683E-3
1.107000E-7	1.041481E-3
1.107500E-7	9.592592E-4
1.108000E-7	9.455557E-4
1.108500E-7	1.015787E-3
1.109000E-7	1.130554E-3
1.109500E-7	1.274442E-3
1.110000E-7	1.468005E-3
1.110500E-7	1.702678E-3
1.111000E-7	1.921935E-3
1.111500E-7	2.093230E-3
1.112000E-7	2.237118E-3
1.112500E-7	2.333043E-3
1.113000E-7	2.331330E-3
1.113500E-7	2.266238E-3
1.114000E-7	2.185729E-3
1.114500E-7	2.065823E-3
1.115000E-7	1.904806E-3
1.115500E-7	1.766057E-3
1.116000E-7	1.688975E-3
1.116500E-7	1.649577E-3
1.117000E-7	1.611892E-3
1.117500E-7	1.623883E-3
1.118000E-7	1.712956E-3
1.118500E-7	1.836288E-3
1.119000E-7	1.930500E-3
1.119500E-7	2.002444E-3
1.120000E-7	2.070962E-3
1.120500E-7	2.130915E-3
1.121000E-7	2.146332E-3
1.121500E-7	2.122351E-3
1.122000E-7	2.074388E-3
1.122500E-7	2.029851E-3
1.123000E-7	1.987027E-3
1.123500E-7	1.959620E-3
1.124000E-7	1.949342E-3
1.124500E-7	1.966471E-3
1.125000E-7	2.024711E-3
1.125500E-7	2.106932E-3
1.126000E-7	2.168598E-3
1.126500E-7	2.201144E-3
1.127000E-7	2.221700E-3
1.127500E-7	2.226839E-3
1.128000E-7	2.192580E-3
1.128500E-7	2.134340E-3
1.129000E-7	2.077813E-3
1.129500E-7	2.011008E-3
1.130000E-7	1.932212E-3
1.130500E-7	1.880824E-3
1.131000E-7	1.887676E-3
1.131500E-7	1.920222E-3
1.132000E-7	1.957907E-3
1.132500E-7	2.024712E-3
1.133000E-7	2.105220E-3
1.133500E-7	2.151470E-3
1.134000E-7	2.153183E-3
1.134500E-7	2.134340E-3
1.135000E-7	2.089804E-3
1.135500E-7	2.009296E-3
1.136000E-7	1.894528E-3
1.136500E-7	1.760919E-3
1.137000E-7	1.637586E-3
1.137500E-7	1.545087E-3
1.138000E-7	1.476570E-3
1.138500E-7	1.442311E-3
1.139000E-7	1.450875E-3
1.139500E-7	1.478283E-3
1.140000E-7	1.512541E-3
1.140500E-7	1.586198E-3
1.141000E-7	1.687262E-3
1.141500E-7	1.766057E-3
1.142000E-7	1.810594E-3
1.142500E-7	1.861982E-3
1.143000E-7	1.908232E-3
1.143500E-7	1.915083E-3
1.144000E-7	1.904805E-3
1.144500E-7	1.897954E-3
1.145000E-7	1.889389E-3
1.145500E-7	1.880824E-3
1.146000E-7	1.884250E-3
1.146500E-7	1.875685E-3
1.147000E-7	1.856843E-3
1.147500E-7	1.868834E-3
1.148000E-7	1.885963E-3
1.148500E-7	1.880825E-3
1.149000E-7	1.873973E-3
1.149500E-7	1.897954E-3
1.150000E-7	1.920223E-3
1.150500E-7	1.942491E-3
1.151000E-7	1.992167E-3
1.151500E-7	2.053833E-3
1.152000E-7	2.106934E-3
1.152500E-7	2.166887E-3
1.153000E-7	2.214850E-3
1.153500E-7	2.231979E-3
1.154000E-7	2.218276E-3
1.154500E-7	2.172026E-3
1.155000E-7	2.105221E-3
1.155500E-7	2.057258E-3
1.156000E-7	2.009295E-3
1.156500E-7	1.930500E-3
1.157000E-7	1.851704E-3
1.157500E-7	1.795177E-3
1.158000E-7	1.762631E-3
1.158500E-7	1.764344E-3
1.159000E-7	1.803742E-3
1.159500E-7	1.832862E-3
1.160000E-7	1.865408E-3
1.160500E-7	1.942491E-3
1.161000E-7	2.016148E-3
1.161500E-7	2.045268E-3
1.162000E-7	2.065823E-3
1.162500E-7	2.089804E-3
1.163000E-7	2.069249E-3
1.163500E-7	2.031564E-3
1.164000E-7	2.038416E-3
1.164500E-7	2.048693E-3
1.165000E-7	2.014434E-3
1.165500E-7	1.980175E-3
1.166000E-7	1.963046E-3
1.166500E-7	1.939064E-3
1.167000E-7	1.915083E-3
1.167500E-7	1.915083E-3
1.168000E-7	1.911657E-3
1.168500E-7	1.873973E-3
1.169000E-7	1.817446E-3
1.169500E-7	1.781474E-3
1.170000E-7	1.754067E-3
1.170500E-7	1.718095E-3
1.171000E-7	1.682123E-3
1.171500E-7	1.653002E-3
1.172000E-7	1.632447E-3
1.172500E-7	1.634160E-3
1.173000E-7	1.656428E-3
1.173500E-7	1.680409E-3
1.174000E-7	1.707816E-3
1.174500E-7	1.747214E-3
1.175000E-7	1.774621E-3
1.175500E-7	1.781473E-3
1.176000E-7	1.784899E-3
1.176500E-7	1.774622E-3
1.177000E-7	1.748928E-3
1.177500E-7	1.726660E-3
1.178000E-7	1.716382E-3
1.178500E-7	1.700966E-3
1.179000E-7	1.711244E-3
1.179500E-7	1.771197E-3
1.180000E-7	1.849993E-3
1.180500E-7	1.935640E-3
1.181000E-7	2.028139E-3
1.181500E-7	2.113786E-3
1.182000E-7	2.185730E-3
1.182500E-7	2.267951E-3
1.183000E-7	2.338182E-3
1.183500E-7	2.362163E-3
1.184000E-7	2.351885E-3
1.184500E-7	2.327903E-3
1.185000E-7	2.264524E-3
1.185500E-7	2.197719E-3
1.186000E-7	2.124062E-3
1.186500E-7	2.022998E-3
1.187000E-7	1.909944E-3
1.187500E-7	1.834574E-3
1.188000E-7	1.788324E-3
1.188500E-7	1.724945E-3
1.189000E-7	1.673557E-3
1.189500E-7	1.668418E-3
1.190000E-7	1.694113E-3
1.190500E-7	1.730085E-3
1.191000E-7	1.807167E-3
1.191500E-7	1.923648E-3
1.192000E-7	2.029850E-3
1.192500E-7	2.127489E-3
1.193000E-7	2.228552E-3
1.193500E-7	2.300496E-3
1.194000E-7	2.333042E-3
1.194500E-7	2.336468E-3
1.195000E-7	2.303922E-3
1.195500E-7	2.223413E-3
1.196000E-7	2.122349E-3
1.196500E-7	2.011008E-3
1.197000E-7	1.894527E-3
1.197500E-7	1.791750E-3
1.198000E-7	1.730084E-3
1.198500E-7	1.690687E-3
1.199000E-7	1.670131E-3
1.199500E-7	1.680409E-3
1.200000E-7	1.702677E-3
1.200500E-7	1.730085E-3
1.201000E-7	1.764344E-3
1.201500E-7	1.790038E-3
1.202000E-7	1.795177E-3
1.202500E-7	1.793464E-3
1.203000E-7	1.786612E-3
1.203500E-7	1.747214E-3
1.204000E-7	1.709529E-3
1.204500E-7	1.706104E-3
1.205000E-7	1.704391E-3
1.205500E-7	1.697539E-3
1.206000E-7	1.711243E-3
1.206500E-7	1.738650E-3
1.207000E-7	1.807168E-3
1.207500E-7	1.916797E-3
1.208000E-7	2.011009E-3
1.208500E-7	2.052120E-3
1.209000E-7	2.089804E-3
1.209500E-7	2.141193E-3
1.210000E-7	2.149757E-3
1.210500E-7	2.142905E-3
1.211000E-7	2.158322E-3
1.211500E-7	2.146331E-3
1.212000E-7	2.112072E-3
1.212500E-7	2.089804E-3
1.213000E-7	2.065823E-3
1.213500E-7	2.033277E-3
1.214000E-7	2.029851E-3
1.214500E-7	2.053833E-3
1.215000E-7	2.084666E-3
1.215500E-7	2.146332E-3
1.216000E-7	2.226840E-3
1.216500E-7	2.269664E-3
1.217000E-7	2.290219E-3
1.217500E-7	2.333042E-3
1.218000E-7	2.357023E-3
1.218500E-7	2.345032E-3
1.219000E-7	2.312486E-3
1.219500E-7	2.273088E-3
1.220000E-7	2.221700E-3
1.220500E-7	2.163460E-3
1.221000E-7	2.105220E-3
1.221500E-7	2.038415E-3
1.222000E-7	1.959619E-3
1.222500E-7	1.879111E-3
1.223000E-7	1.793464E-3
1.223500E-7	1.714668E-3
1.224000E-7	1.625595E-3
1.224500E-7	1.507402E-3
1.225000E-7	1.382356E-3
1.225500E-7	1.281293E-3
1.226000E-7	1.183655E-3
1.226500E-7	1.089443E-3
1.227000E-7	1.015786E-3
1.227500E-7	9.798143E-4
1.228000E-7	9.832402E-4
1.228500E-7	1.029490E-3
1.229000E-7	1.103147E-3
1.229500E-7	1.212775E-3
1.230000E-7	1.368653E-3
1.230500E-7	1.539948E-3
1.231000E-7	1.699252E-3
1.231500E-7	1.836288E-3
1.232000E-7	1.961333E-3
1.232500E-7	2.060684E-3
1.233000E-7	2.132628E-3
1.233500E-7	2.166887E-3
1.234000E-7	2.153183E-3
1.234500E-7	2.106934E-3
1.235000E-7	2.026425E-3
1.235500E-7	1.920223E-3
1.236000E-7	1.819159E-3
1.236500E-7	1.728373E-3
1.237000E-7	1.632448E-3
1.237500E-7	1.531384E-3
1.238000E-7	1.462866E-3
1.238500E-7	1.421755E-3
1.239000E-7	1.409764E-3
1.239500E-7	1.421755E-3
1.240000E-7	1.437171E-3
1.240500E-7	1.454300E-3
1.241000E-7	1.497124E-3
1.241500E-7	1.550225E-3
1.242000E-7	1.599901E-3
1.242500E-7	1.639299E-3
1.243000E-7	1.653002E-3
1.243500E-7	1.634160E-3
1.244000E-7	1.584485E-3
1.244500E-7	1.502263E-3
1.245000E-7	1.382357E-3
1.245500E-7	1.264164E-3
1.246000E-7	1.140832E-3
1.246500E-7	1.020926E-3
1.247000E-7	9.626853E-4
1.247500E-7	9.900924E-4
1.248000E-7	1.074027E-3
1.248500E-7	1.190507E-3
1.249000E-7	1.337820E-3
1.249500E-7	1.493699E-3
1.250000E-7	1.668419E-3
1.250500E-7	1.867121E-3
1.251000E-7	2.045267E-3
1.251500E-7	2.189155E-3
1.252000E-7	2.333043E-3
1.252500E-7	2.458088E-3
1.253000E-7	2.511189E-3
1.253500E-7	2.518041E-3
1.254000E-7	2.519754E-3
1.254500E-7	2.482069E-3
1.255000E-7	2.411838E-3
1.255500E-7	2.374153E-3
1.256000E-7	2.367301E-3
1.256500E-7	2.336469E-3
1.257000E-7	2.283367E-3
1.257500E-7	2.237118E-3
1.258000E-7	2.189155E-3
1.258500E-7	2.132628E-3
1.259000E-7	2.093230E-3
1.259500E-7	2.086378E-3
1.260000E-7	2.081240E-3
1.260500E-7	2.062397E-3
1.261000E-7	2.043555E-3
1.261500E-7	2.060684E-3
1.262000E-7	2.098369E-3
1.262500E-7	2.120637E-3
1.263000E-7	2.112072E-3
1.263500E-7	2.098369E-3
1.264000E-7	2.084665E-3
1.264500E-7	2.038416E-3
1.265000E-7	1.944204E-3
1.265500E-7	1.824298E-3
1.266000E-7	1.678697E-3
1.266500E-7	1.488560E-3
1.267000E-7	1.279581E-3
1.267500E-7	1.068889E-3
1.268000E-7	8.393537E-4
1.268500E-7	6.029670E-4
1.269000E-7	4.145426E-4
1.269500E-7	2.620902E-4
1.270000E-7	1.387578E-4
1.270500E-7	7.195262E-5
1.271000E-7	8.223012E-5
1.271500E-7	1.473220E-4
1.272000E-7	2.500988E-4
1.272500E-7	3.939863E-4
1.273000E-7	5.532904E-4
1.273500E-7	7.297240E-4
1.274000E-7	9.506942E-4
1.274500E-7	1.164813E-3
1.275000E-7	1.342959E-3
1.275500E-7	1.515967E-3
1.276000E-7	1.706104E-3
1.276500E-7	1.851704E-3
1.277000E-7	1.937351E-3
1.277500E-7	2.016147E-3
1.278000E-7	2.101794E-3
1.278500E-7	2.184015E-3
1.279000E-7	2.237116E-3
1.279500E-7	2.254246E-3
1.280000E-7	2.255959E-3
1.280500E-7	2.276515E-3
1.281000E-7	2.273089E-3
1.281500E-7	2.213136E-3
1.282000E-7	2.120637E-3
1.282500E-7	2.048693E-3
1.283000E-7	1.985315E-3
1.283500E-7	1.940778E-3
1.284000E-7	1.952768E-3
1.284500E-7	2.028138E-3
1.285000E-7	2.113785E-3
1.285500E-7	2.196007E-3
1.286000E-7	2.334755E-3
1.286500E-7	2.533457E-3
1.287000E-7	2.687622E-3
1.287500E-7	2.761279E-3
1.288000E-7	2.802389E-3
1.288500E-7	2.802389E-3
1.289000E-7	2.711603E-3
1.289500E-7	2.547160E-3
1.290000E-7	2.353597E-3
1.290500E-7	2.130914E-3
1.291000E-7	1.879111E-3
1.291500E-7	1.651290E-3
1.292000E-7	1.471430E-3
1.292500E-7	1.330969E-3
1.293000E-7	1.240183E-3
1.293500E-7	1.221341E-3
1.294000E-7	1.250461E-3
1.294500E-7	1.324118E-3
1.295000E-7	1.416617E-3
1.295500E-7	1.509116E-3
1.296000E-7	1.598189E-3
1.296500E-7	1.673559E-3
1.297000E-7	1.699253E-3
1.297500E-7	1.685549E-3
1.298000E-7	1.642725E-3
1.298500E-7	1.551939E-3
1.299000E-7	1.416616E-3
1.299500E-7	1.303561E-3
1.300000E-7	1.221340E-3
1.300500E-7	1.130554E-3
1.301000E-7	1.048332E-3
1.301500E-7	1.017499E-3
1.302000E-7	1.017499E-3
1.302500E-7	1.043193E-3
1.303000E-7	1.152822E-3
1.303500E-7	1.324117E-3
1.304000E-7	1.490273E-3
1.304500E-7	1.635873E-3
1.305000E-7	1.781474E-3
1.305500E-7	1.897954E-3
1.306000E-7	1.947629E-3
1.306500E-7	1.945916E-3
1.307000E-7	1.901379E-3
1.307500E-7	1.836287E-3
1.308000E-7	1.762630E-3
1.308500E-7	1.668418E-3
1.309000E-7	1.581058E-3
1.309500E-7	1.539947E-3
1.310000E-7	1.538234E-3
1.310500E-7	1.563929E-3
1.311000E-7	1.656428E-3
1.311500E-7	1.810593E-3
1.312000E-7	1.951055E-3
1.312500E-7	2.055545E-3
1.313000E-7	2.148044E-3
1.313500E-7	2.187442E-3
1.314000E-7	2.117211E-3
1.314500E-7	1.971611E-3
1.315000E-7	1.812307E-3
1.315500E-7	1.639299E-3
1.316000E-7	1.430319E-3
1.316500E-7	1.241895E-3
1.317000E-7	1.118563E-3
1.317500E-7	1.048332E-3
1.318000E-7	1.034628E-3
1.318500E-7	1.125414E-3
1.319000E-7	1.318977E-3
1.319500E-7	1.550225E-3
1.320000E-7	1.788325E-3
1.320500E-7	2.038415E-3
1.321000E-7	2.267950E-3
1.321500E-7	2.416976E-3
1.322000E-7	2.483781E-3
1.322500E-7	2.464939E-3
1.323000E-7	2.350172E-3
1.323500E-7	2.184016E-3
1.324000E-7	2.031564E-3
1.324500E-7	1.896241E-3
1.325000E-7	1.759205E-3
1.325500E-7	1.634160E-3
1.326000E-7	1.551939E-3
1.326500E-7	1.507402E-3
1.327000E-7	1.500551E-3
1.327500E-7	1.546800E-3
1.328000E-7	1.625596E-3
1.328500E-7	1.711243E-3
1.329000E-7	1.791752E-3
1.329500E-7	1.872260E-3
1.330000E-7	1.945917E-3
1.330500E-7	2.005870E-3
1.331000E-7	2.057258E-3
1.331500E-7	2.110359E-3
1.332000E-7	2.190867E-3
1.332500E-7	2.276514E-3
1.333000E-7	2.355310E-3
1.333500E-7	2.420402E-3
1.334000E-7	2.482068E-3
1.334500E-7	2.530031E-3
1.335000E-7	2.526605E-3
1.335500E-7	2.471791E-3
1.336000E-7	2.382718E-3
1.336500E-7	2.254247E-3
1.337000E-7	2.091517E-3
1.337500E-7	1.920223E-3
1.338000E-7	1.779761E-3
1.338500E-7	1.661568E-3
1.339000E-7	1.574207E-3
1.339500E-7	1.555365E-3
1.340000E-7	1.639299E-3
1.340500E-7	1.814019E-3
1.341000E-7	2.009295E-3
1.341500E-7	2.213135E-3
1.342000E-7	2.434105E-3
1.342500E-7	2.637946E-3
1.343000E-7	2.761278E-3
1.343500E-7	2.800676E-3
1.344000E-7	2.781834E-3
1.344500E-7	2.653363E-3
1.345000E-7	2.403273E-3
1.345500E-7	2.108646E-3
1.346000E-7	1.791751E-3
1.346500E-7	1.464578E-3
1.347000E-7	1.190507E-3
1.347500E-7	1.007221E-3
1.348000E-7	8.770376E-4
1.348500E-7	8.205104E-4
1.349000E-7	8.530565E-4
1.349500E-7	9.798145E-4
1.350000E-7	1.192220E-3
1.350500E-7	1.457727E-3
1.351000E-7	1.697539E-3
1.351500E-7	1.906519E-3
1.352000E-7	2.115498E-3
1.352500E-7	2.262812E-3
1.353000E-7	2.307348E-3
1.353500E-7	2.291932E-3
1.354000E-7	2.242257E-3
1.354500E-7	2.149758E-3
1.355000E-7	2.062397E-3
1.355500E-7	2.011009E-3
1.356000E-7	1.966473E-3
1.356500E-7	1.963047E-3
1.357000E-7	2.040129E-3
1.357500E-7	2.149758E-3
1.358000E-7	2.237118E-3
1.358500E-7	2.326191E-3
1.359000E-7	2.410126E-3
1.359500E-7	2.461514E-3
1.360000E-7	2.476930E-3
1.360500E-7	2.456374E-3
1.361000E-7	2.377579E-3
1.361500E-7	2.273089E-3
1.362000E-7	2.187441E-3
1.362500E-7	2.105220E-3
1.363000E-7	2.004156E-3
1.363500E-7	1.897953E-3
1.364000E-7	1.838000E-3
1.364500E-7	1.834574E-3
1.365000E-7	1.882537E-3
1.365500E-7	1.959620E-3
1.366000E-7	2.019573E-3
1.366500E-7	2.033276E-3
1.367000E-7	2.016147E-3
1.367500E-7	1.992166E-3
1.368000E-7	1.949342E-3
1.368500E-7	1.879112E-3
1.369000E-7	1.805455E-3
1.369500E-7	1.733511E-3
1.370000E-7	1.670132E-3
1.370500E-7	1.620457E-3
1.371000E-7	1.582772E-3
1.371500E-7	1.548513E-3
1.372000E-7	1.541661E-3
1.372500E-7	1.591336E-3
1.373000E-7	1.682123E-3
1.373500E-7	1.798603E-3
1.374000E-7	1.927074E-3
1.374500E-7	2.038415E-3
1.375000E-7	2.136053E-3
1.375500E-7	2.216562E-3
1.376000E-7	2.254247E-3
1.376500E-7	2.247395E-3
1.377000E-7	2.259386E-3
1.377500E-7	2.257672E-3
1.378000E-7	2.173738E-3
1.378500E-7	2.034989E-3
1.379000E-7	1.920222E-3
1.379500E-7	1.808880E-3
1.380000E-7	1.671845E-3
1.380500E-7	1.555364E-3
1.381000E-7	1.471430E-3
1.381500E-7	1.385783E-3
1.382000E-7	1.322404E-3
1.382500E-7	1.308700E-3
1.383000E-7	1.322404E-3
1.383500E-7	1.342960E-3
1.384000E-7	1.394348E-3
1.384500E-7	1.445736E-3
1.385000E-7	1.476569E-3
1.385500E-7	1.509115E-3
1.386000E-7	1.527957E-3
1.386500E-7	1.505689E-3
1.387000E-7	1.464578E-3
1.387500E-7	1.462865E-3
1.388000E-7	1.486846E-3
1.388500E-7	1.495411E-3
1.389000E-7	1.519392E-3
1.389500E-7	1.574206E-3
1.390000E-7	1.620456E-3
1.390500E-7	1.644437E-3
1.391000E-7	1.654715E-3
1.391500E-7	1.635873E-3
1.392000E-7	1.593049E-3
1.392500E-7	1.555364E-3
1.393000E-7	1.519392E-3
1.393500E-7	1.456014E-3
1.394000E-7	1.392635E-3
1.394500E-7	1.375505E-3
1.395000E-7	1.389209E-3
1.395500E-7	1.414903E-3
1.396000E-7	1.462865E-3
1.396500E-7	1.541661E-3
1.397000E-7	1.666706E-3
1.397500E-7	1.820871E-3
1.398000E-7	1.954481E-3
1.398500E-7	2.012721E-3
1.399000E-7	2.029851E-3
1.399500E-7	2.024712E-3
1.400000E-7	1.964759E-3
1.400500E-7	1.884250E-3
1.401000E-7	1.843140E-3
1.401500E-7	1.814020E-3
1.402000E-7	1.784900E-3
1.402500E-7	1.846566E-3
1.403000E-7	1.985315E-3
1.403500E-7	2.137767E-3
1.404000E-7	2.333043E-3
1.404500E-7	2.581420E-3
1.405000E-7	2.788687E-3
1.405500E-7	2.937713E-3
1.406000E-7	3.066184E-3
1.406500E-7	3.119286E-3
1.407000E-7	3.052480E-3
1.407500E-7	2.930861E-3
1.408000E-7	2.780121E-3
1.408500E-7	2.564290E-3
1.409000E-7	2.333042E-3
1.409500E-7	2.154895E-3
1.410000E-7	2.019573E-3
1.410500E-7	1.935638E-3
1.411000E-7	1.925361E-3
1.411500E-7	1.987027E-3
1.412000E-7	2.091517E-3
1.412500E-7	2.225127E-3
1.413000E-7	2.334756E-3
1.413500E-7	2.413552E-3
1.414000E-7	2.500912E-3
1.414500E-7	2.574569E-3
1.415000E-7	2.600263E-3
1.415500E-7	2.595124E-3
1.416000E-7	2.572856E-3
1.416500E-7	2.500912E-3
1.417000E-7	2.394709E-3
1.417500E-7	2.310774E-3
1.418000E-7	2.231979E-3
1.418500E-7	2.113785E-3
1.419000E-7	1.983601E-3
1.419500E-7	1.882537E-3
1.420000E-7	1.786612E-3
1.420500E-7	1.680409E-3
1.421000E-7	1.574206E-3
1.421500E-7	1.502262E-3
1.422000E-7	1.483420E-3
1.422500E-7	1.517679E-3
1.423000E-7	1.574207E-3
1.423500E-7	1.641012E-3
1.424000E-7	1.723233E-3
1.424500E-7	1.817446E-3
1.425000E-7	1.882538E-3
1.425500E-7	1.918510E-3
1.426000E-7	1.937352E-3
1.426500E-7	1.916797E-3
1.427000E-7	1.849992E-3
1.427500E-7	1.790039E-3
1.428000E-7	1.747215E-3
1.428500E-7	1.683836E-3
1.429000E-7	1.630735E-3
1.429500E-7	1.656429E-3
1.430000E-7	1.755780E-3
1.430500E-7	1.870547E-3
1.431000E-7	2.031564E-3
1.431500E-7	2.219988E-3
1.432000E-7	2.392996E-3
1.432500E-7	2.535170E-3
1.433000E-7	2.670493E-3
1.433500E-7	2.766417E-3
1.434000E-7	2.797250E-3
1.434500E-7	2.754426E-3
1.435000E-7	2.641372E-3
1.435500E-7	2.495771E-3
1.436000E-7	2.345032E-3
1.436500E-7	2.190867E-3
1.437000E-7	2.046979E-3
1.437500E-7	1.951054E-3
1.438000E-7	1.913370E-3
1.438500E-7	1.939064E-3
1.439000E-7	2.021286E-3
1.439500E-7	2.124063E-3
1.440000E-7	2.218275E-3
1.440500E-7	2.319339E-3
1.441000E-7	2.423829E-3
1.441500E-7	2.488921E-3
1.442000E-7	2.504337E-3
1.442500E-7	2.485495E-3
1.443000E-7	2.427255E-3
1.443500E-7	2.334755E-3
1.444000E-7	2.247395E-3
1.444500E-7	2.172026E-3
1.445000E-7	2.096656E-3
1.445500E-7	2.041842E-3
1.446000E-7	2.033277E-3
1.446500E-7	2.074388E-3
1.447000E-7	2.134341E-3
1.447500E-7	2.216563E-3
1.448000E-7	2.303923E-3
1.448500E-7	2.341608E-3
1.449000E-7	2.336469E-3
1.449500E-7	2.307349E-3
1.450000E-7	2.237118E-3
1.450500E-7	2.117212E-3
1.451000E-7	1.987028E-3
1.451500E-7	1.872260E-3
1.452000E-7	1.767770E-3
1.452500E-7	1.687261E-3
1.453000E-7	1.637586E-3
1.453500E-7	1.611891E-3
1.454000E-7	1.613604E-3
1.454500E-7	1.654715E-3
1.455000E-7	1.706103E-3
1.455500E-7	1.769482E-3
1.456000E-7	1.839713E-3
1.456500E-7	1.889388E-3
1.457000E-7	1.899666E-3
1.457500E-7	1.877398E-3
1.458000E-7	1.834574E-3
1.458500E-7	1.772908E-3
1.459000E-7	1.723233E-3
1.459500E-7	1.695826E-3
1.460000E-7	1.675270E-3
1.460500E-7	1.678696E-3
1.461000E-7	1.733511E-3
1.461500E-7	1.836287E-3
1.462000E-7	1.952768E-3
1.462500E-7	2.070961E-3
1.463000E-7	2.187442E-3
1.463500E-7	2.303922E-3
1.464000E-7	2.430680E-3
1.464500E-7	2.542022E-3
1.465000E-7	2.608827E-3
1.465500E-7	2.624243E-3
1.466000E-7	2.627669E-3
1.466500E-7	2.629382E-3
1.467000E-7	2.608827E-3
1.467500E-7	2.548874E-3
1.468000E-7	2.473504E-3
1.468500E-7	2.404986E-3
1.469000E-7	2.348459E-3
1.469500E-7	2.307348E-3
1.470000E-7	2.267950E-3
1.470500E-7	2.221701E-3
1.471000E-7	2.151470E-3
1.471500E-7	2.091517E-3
1.472000E-7	2.036702E-3
1.472500E-7	1.956194E-3
1.473000E-7	1.844852E-3
1.473500E-7	1.757492E-3
1.474000E-7	1.692400E-3
1.474500E-7	1.610178E-3
1.475000E-7	1.539948E-3
1.475500E-7	1.517679E-3
1.476000E-7	1.521105E-3
1.476500E-7	1.557077E-3
1.477000E-7	1.647864E-3
1.477500E-7	1.748928E-3
1.478000E-7	1.798603E-3
1.478500E-7	1.815733E-3
1.479000E-7	1.832862E-3
1.479500E-7	1.841427E-3
1.480000E-7	1.827724E-3
1.480500E-7	1.795177E-3
1.481000E-7	1.742076E-3
1.481500E-7	1.687262E-3
1.482000E-7	1.666706E-3
1.482500E-7	1.659854E-3
1.483000E-7	1.634160E-3
1.483500E-7	1.617031E-3
1.484000E-7	1.639299E-3
1.484500E-7	1.685549E-3
1.485000E-7	1.742076E-3
1.485500E-7	1.819159E-3
1.486000E-7	1.879112E-3
1.486500E-7	1.906519E-3
1.487000E-7	1.923649E-3
1.487500E-7	1.921936E-3
1.488000E-7	1.901381E-3
1.488500E-7	1.863696E-3
1.489000E-7	1.820872E-3
1.489500E-7	1.788326E-3
1.490000E-7	1.786613E-3
1.490500E-7	1.778048E-3
1.491000E-7	1.759205E-3
1.491500E-7	1.752353E-3
1.492000E-7	1.742075E-3
1.492500E-7	1.706103E-3
1.493000E-7	1.670131E-3
1.493500E-7	1.683835E-3
1.494000E-7	1.719807E-3
1.494500E-7	1.769483E-3
1.495000E-7	1.846565E-3
1.495500E-7	1.951055E-3
1.496000E-7	2.055545E-3
1.496500E-7	2.166887E-3
1.497000E-7	2.281655E-3
1.497500E-7	2.374154E-3
1.498000E-7	2.416978E-3
1.498500E-7	2.398136E-3
1.499000E-7	2.329618E-3
1.499500E-7	2.249109E-3
1.500000E-7	2.134341E-3
1.500500E-7	1.976750E-3
1.501000E-7	1.815733E-3
1.501500E-7	1.702678E-3
1.502000E-7	1.644438E-3
1.502500E-7	1.629021E-3
1.503000E-7	1.649577E-3
1.503500E-7	1.692400E-3
1.504000E-7	1.779761E-3
1.504500E-7	1.915084E-3
1.505000E-7	2.053832E-3
1.505500E-7	2.163461E-3
1.506000E-7	2.238831E-3
1.506500E-7	2.262812E-3
1.507000E-7	2.238831E-3
1.507500E-7	2.211423E-3
1.508000E-7	2.166887E-3
1.508500E-7	2.072675E-3
1.509000E-7	1.963046E-3
1.509500E-7	1.904806E-3
1.510000E-7	1.894528E-3
1.510500E-7	1.879112E-3
1.511000E-7	1.848279E-3
1.511500E-7	1.810594E-3
1.512000E-7	1.793465E-3
1.512500E-7	1.798604E-3
1.513000E-7	1.790039E-3
1.513500E-7	1.766058E-3
1.514000E-7	1.767771E-3
1.514500E-7	1.790039E-3
1.515000E-7	1.795178E-3
1.515500E-7	1.786614E-3
1.516000E-7	1.791752E-3
1.516500E-7	1.822585E-3
1.517000E-7	1.865409E-3
1.517500E-7	1.913371E-3
1.518000E-7	1.959621E-3
1.518500E-7	2.012722E-3
1.519000E-7	2.070962E-3
1.519500E-7	2.117212E-3
1.520000E-7	2.125776E-3
1.520500E-7	2.113785E-3
1.521000E-7	2.100082E-3
1.521500E-7	2.086378E-3
1.522000E-7	2.046980E-3
1.522500E-7	1.961333E-3
1.523000E-7	1.865408E-3
1.523500E-7	1.779760E-3
1.524000E-7	1.694113E-3
1.524500E-7	1.594762E-3
1.525000E-7	1.495411E-3
1.525500E-7	1.420041E-3
1.526000E-7	1.380644E-3
1.526500E-7	1.377218E-3
1.527000E-7	1.389208E-3
1.527500E-7	1.433745E-3
1.528000E-7	1.534809E-3
1.528500E-7	1.656428E-3
1.529000E-7	1.759205E-3
1.529500E-7	1.851704E-3
1.530000E-7	1.956194E-3
1.530500E-7	2.058970E-3
1.531000E-7	2.124062E-3
1.531500E-7	2.146330E-3
1.532000E-7	2.141192E-3
1.532500E-7	2.112071E-3
1.533000E-7	2.065822E-3
1.533500E-7	2.009295E-3
1.534000E-7	1.954481E-3
1.534500E-7	1.892815E-3
1.535000E-7	1.844852E-3
1.535500E-7	1.827723E-3
1.536000E-7	1.829436E-3
1.536500E-7	1.826011E-3
1.537000E-7	1.836288E-3
1.537500E-7	1.868835E-3
1.538000E-7	1.897955E-3
1.538500E-7	1.913371E-3
1.539000E-7	1.921936E-3
1.539500E-7	1.911658E-3
1.540000E-7	1.880825E-3
1.540500E-7	1.851705E-3
1.541000E-7	1.807168E-3
1.541500E-7	1.745502E-3
1.542000E-7	1.707817E-3
1.542500E-7	1.680410E-3
1.543000E-7	1.615318E-3
1.543500E-7	1.558791E-3
1.544000E-7	1.533097E-3
1.544500E-7	1.486847E-3
1.545000E-7	1.401200E-3
1.545500E-7	1.336108E-3
1.546000E-7	1.284720E-3
1.546500E-7	1.221341E-3
1.547000E-7	1.169952E-3
1.547500E-7	1.147684E-3
1.548000E-7	1.156249E-3
1.548500E-7	1.188795E-3
1.549000E-7	1.252174E-3
1.549500E-7	1.344673E-3
1.550000E-7	1.485134E-3
1.550500E-7	1.644438E-3
1.551000E-7	1.783187E-3
1.551500E-7	1.904806E-3
1.552000E-7	2.040129E-3
1.552500E-7	2.154897E-3
1.553000E-7	2.228553E-3
1.553500E-7	2.269664E-3
1.554000E-7	2.273090E-3
1.554500E-7	2.209711E-3
1.555000E-7	2.079527E-3
1.555500E-7	1.927074E-3
1.556000E-7	1.776335E-3
1.556500E-7	1.632448E-3
1.557000E-7	1.514255E-3
1.557500E-7	1.435459E-3
1.558000E-7	1.390923E-3
1.558500E-7	1.373793E-3
1.559000E-7	1.384071E-3
1.559500E-7	1.425182E-3
1.560000E-7	1.497125E-3
1.560500E-7	1.572495E-3
1.561000E-7	1.647864E-3
1.561500E-7	1.726660E-3
1.562000E-7	1.790039E-3
1.562500E-7	1.822584E-3
1.563000E-7	1.838001E-3
1.563500E-7	1.846565E-3
1.564000E-7	1.860269E-3
1.564500E-7	1.875685E-3
1.565000E-7	1.911657E-3
1.565500E-7	1.976749E-3
1.566000E-7	2.065823E-3
1.566500E-7	2.158322E-3
1.567000E-7	2.255960E-3
1.567500E-7	2.372441E-3
1.568000E-7	2.495773E-3
1.568500E-7	2.589986E-3
1.569000E-7	2.658504E-3
1.569500E-7	2.720170E-3
1.570000E-7	2.747577E-3
1.570500E-7	2.709892E-3
1.571000E-7	2.627670E-3
1.571500E-7	2.511190E-3
1.572000E-7	2.363876E-3
1.572500E-7	2.199433E-3
1.573000E-7	2.045268E-3
1.573500E-7	1.885963E-3
1.574000E-7	1.724946E-3
1.574500E-7	1.601614E-3
1.575000E-7	1.551939E-3
1.575500E-7	1.570781E-3
1.576000E-7	1.627309E-3
1.576500E-7	1.730086E-3
1.577000E-7	1.894529E-3
1.577500E-7	2.094943E-3
1.578000E-7	2.286793E-3
1.578500E-7	2.435820E-3
1.579000E-7	2.555726E-3
1.579500E-7	2.646512E-3
1.580000E-7	2.673919E-3
1.580500E-7	2.603688E-3
1.581000E-7	2.470078E-3
1.581500E-7	2.303922E-3
1.582000E-7	2.098368E-3
1.582500E-7	1.873972E-3
1.583000E-7	1.673557E-3
1.583500E-7	1.505689E-3
1.584000E-7	1.380644E-3
1.584500E-7	1.337820E-3
1.585000E-7	1.408052E-3
1.585500E-7	1.550226E-3
1.586000E-7	1.726660E-3
1.586500E-7	1.913371E-3
1.587000E-7	2.094943E-3
1.587500E-7	2.278229E-3
1.588000E-7	2.452949E-3
1.588500E-7	2.562577E-3
1.589000E-7	2.574568E-3
1.589500E-7	2.548874E-3
1.590000E-7	2.521466E-3
1.590500E-7	2.468365E-3
1.591000E-7	2.384430E-3
1.591500E-7	2.324477E-3
1.592000E-7	2.314200E-3
1.592500E-7	2.334755E-3
1.593000E-7	2.374153E-3
1.593500E-7	2.435819E-3
1.594000E-7	2.509476E-3
1.594500E-7	2.555726E-3
1.595000E-7	2.564291E-3
1.595500E-7	2.548874E-3
1.596000E-7	2.512902E-3
1.596500E-7	2.422116E-3
1.597000E-7	2.286793E-3
1.597500E-7	2.148044E-3
1.598000E-7	1.997304E-3
1.598500E-7	1.817445E-3
1.599000E-7	1.673557E-3
1.599500E-7	1.603326E-3
1.600000E-7	1.569067E-3
1.600500E-7	1.558790E-3
1.601000E-7	1.584484E-3
1.601500E-7	1.651289E-3
1.602000E-7	1.747214E-3
1.602500E-7	1.880824E-3
1.603000E-7	2.011008E-3
1.603500E-7	2.110359E-3
1.604000E-7	2.206284E-3
1.604500E-7	2.314200E-3
1.605000E-7	2.411838E-3
1.605500E-7	2.480356E-3
1.606000E-7	2.514615E-3
1.606500E-7	2.506050E-3
1.607000E-7	2.473504E-3
1.607500E-7	2.437532E-3
1.608000E-7	2.384430E-3
1.608500E-7	2.322764E-3
1.609000E-7	2.267950E-3
1.609500E-7	2.221700E-3
1.610000E-7	2.170312E-3
1.610500E-7	2.112071E-3
1.611000E-7	2.077812E-3
1.611500E-7	2.076099E-3
1.612000E-7	2.088090E-3
1.612500E-7	2.105220E-3
1.613000E-7	2.127488E-3
1.613500E-7	2.144617E-3
1.614000E-7	2.154895E-3
1.614500E-7	2.144617E-3
1.615000E-7	2.112071E-3
1.615500E-7	2.076100E-3
1.616000E-7	2.046980E-3
1.616500E-7	1.980175E-3
1.617000E-7	1.885963E-3
1.617500E-7	1.822584E-3
1.618000E-7	1.776334E-3
1.618500E-7	1.709529E-3
1.619000E-7	1.673558E-3
1.619500E-7	1.712956E-3
1.620000E-7	1.783186E-3
1.620500E-7	1.836288E-3
1.621000E-7	1.884250E-3
1.621500E-7	1.925361E-3
1.622000E-7	1.951055E-3
1.622500E-7	1.968184E-3
1.623000E-7	1.957906E-3
1.623500E-7	1.911657E-3
1.624000E-7	1.846564E-3
1.624500E-7	1.748926E-3
1.625000E-7	1.606752E-3
1.625500E-7	1.478281E-3
1.626000E-7	1.399485E-3
1.626500E-7	1.346384E-3
1.627000E-7	1.317264E-3
1.627500E-7	1.348098E-3
1.628000E-7	1.408051E-3
1.628500E-7	1.478282E-3
1.629000E-7	1.582772E-3
1.629500E-7	1.723234E-3
1.630000E-7	1.846566E-3
1.630500E-7	1.951056E-3
1.631000E-7	2.041842E-3
1.631500E-7	2.088091E-3
1.632000E-7	2.081239E-3
1.632500E-7	2.062397E-3
1.633000E-7	2.034989E-3
1.633500E-7	1.971610E-3
1.634000E-7	1.896240E-3
1.634500E-7	1.843139E-3
1.635000E-7	1.831148E-3
1.635500E-7	1.856842E-3
1.636000E-7	1.915082E-3
1.636500E-7	1.995591E-3
1.637000E-7	2.113784E-3
1.637500E-7	2.278227E-3
1.638000E-7	2.451235E-3
1.638500E-7	2.607114E-3
1.639000E-7	2.764705E-3
1.639500E-7	2.924009E-3
1.640000E-7	3.018221E-3
1.640500E-7	3.004517E-3
1.641000E-7	2.929148E-3
1.641500E-7	2.812667E-3
1.642000E-7	2.639659E-3
1.642500E-7	2.432393E-3
1.643000E-7	2.237117E-3
1.643500E-7	2.057257E-3
1.644000E-7	1.896240E-3
1.644500E-7	1.776334E-3
1.645000E-7	1.688974E-3
1.645500E-7	1.647863E-3
1.646000E-7	1.676983E-3
1.646500E-7	1.750640E-3
1.647000E-7	1.807168E-3
1.647500E-7	1.863695E-3
1.648000E-7	1.935639E-3
1.648500E-7	2.004156E-3
1.649000E-7	2.034989E-3
1.649500E-7	2.045267E-3
1.650000E-7	2.043554E-3
1.650500E-7	2.036702E-3
1.651000E-7	2.022999E-3
1.651500E-7	2.017860E-3
1.652000E-7	2.031563E-3
1.652500E-7	2.065822E-3
1.653000E-7	2.122350E-3
1.653500E-7	2.196007E-3
1.654000E-7	2.266237E-3
1.654500E-7	2.326191E-3
1.655000E-7	2.370727E-3
1.655500E-7	2.401560E-3
1.656000E-7	2.406699E-3
1.656500E-7	2.374153E-3
1.657000E-7	2.303922E-3
1.657500E-7	2.226840E-3
1.658000E-7	2.153183E-3
1.658500E-7	2.067535E-3
1.659000E-7	2.005869E-3
1.659500E-7	2.007582E-3
1.660000E-7	2.031564E-3
1.660500E-7	2.053832E-3
1.661000E-7	2.106933E-3
1.661500E-7	2.165174E-3
1.662000E-7	2.196007E-3
1.662500E-7	2.231978E-3
1.663000E-7	2.293644E-3
1.663500E-7	2.336468E-3
1.664000E-7	2.333042E-3
1.664500E-7	2.288505E-3
1.665000E-7	2.214849E-3
1.665500E-7	2.113785E-3
1.666000E-7	2.021286E-3
1.666500E-7	1.927074E-3
1.667000E-7	1.831149E-3
1.667500E-7	1.754066E-3
1.668000E-7	1.719807E-3
1.668500E-7	1.706104E-3
1.669000E-7	1.695826E-3
1.669500E-7	1.712956E-3
1.670000E-7	1.760919E-3
1.670500E-7	1.815733E-3
1.671000E-7	1.880825E-3
1.671500E-7	1.968185E-3
1.672000E-7	2.058971E-3
1.672500E-7	2.141192E-3
1.673000E-7	2.225127E-3
1.673500E-7	2.302209E-3
1.674000E-7	2.336468E-3
1.674500E-7	2.317625E-3
1.675000E-7	2.288505E-3
1.675500E-7	2.237117E-3
1.676000E-7	2.120636E-3
1.676500E-7	1.942490E-3
1.677000E-7	1.776334E-3
1.677500E-7	1.634160E-3
1.678000E-7	1.493698E-3
1.678500E-7	1.366940E-3
1.679000E-7	1.289857E-3
1.679500E-7	1.281293E-3
1.680000E-7	1.341246E-3
1.680500E-7	1.478282E-3
1.681000E-7	1.658141E-3
1.681500E-7	1.860269E-3
1.682000E-7	2.082952E-3
1.682500E-7	2.288506E-3
1.683000E-7	2.437532E-3
1.683500E-7	2.533457E-3
1.684000E-7	2.577994E-3
1.684500E-7	2.547161E-3
1.685000E-7	2.442671E-3
1.685500E-7	2.295357E-3
1.686000E-7	2.127488E-3
1.686500E-7	1.945916E-3
1.687000E-7	1.745501E-3
1.687500E-7	1.541660E-3
1.688000E-7	1.375505E-3
1.688500E-7	1.283006E-3
1.689000E-7	1.262450E-3
1.689500E-7	1.283006E-3
1.690000E-7	1.337820E-3
1.690500E-7	1.421755E-3
1.691000E-7	1.543374E-3
1.691500E-7	1.694113E-3
1.692000E-7	1.855130E-3
1.692500E-7	1.973324E-3
1.693000E-7	2.021286E-3
1.693500E-7	2.031564E-3
1.694000E-7	2.045267E-3
1.694500E-7	2.028138E-3
1.695000E-7	1.964758E-3
1.695500E-7	1.906518E-3
1.696000E-7	1.872259E-3
1.696500E-7	1.846565E-3
1.697000E-7	1.824297E-3
1.697500E-7	1.822584E-3
1.698000E-7	1.831149E-3
1.698500E-7	1.861982E-3
1.699000E-7	1.916796E-3
1.699500E-7	1.945916E-3
1.700000E-7	1.939065E-3
1.700500E-7	1.954481E-3
1.701000E-7	1.976750E-3
1.701500E-7	1.951056E-3
1.702000E-7	1.887676E-3
1.702500E-7	1.824297E-3
1.703000E-7	1.784899E-3
1.703500E-7	1.752353E-3
1.704000E-7	1.724946E-3
1.704500E-7	1.709529E-3
1.705000E-7	1.723233E-3
1.705500E-7	1.781473E-3
1.706000E-7	1.849991E-3
1.706500E-7	1.918509E-3
1.707000E-7	1.997304E-3
1.707500E-7	2.093229E-3
1.708000E-7	2.177164E-3
1.708500E-7	2.231978E-3
1.709000E-7	2.254247E-3
1.709500E-7	2.261099E-3
1.710000E-7	2.250821E-3
1.710500E-7	2.218275E-3
1.711000E-7	2.160035E-3
1.711500E-7	2.117211E-3
1.712000E-7	2.098369E-3
1.712500E-7	2.091517E-3
1.713000E-7	2.079526E-3
1.713500E-7	2.081239E-3
1.714000E-7	2.077813E-3
1.714500E-7	2.052119E-3
1.715000E-7	2.034989E-3
1.715500E-7	2.034989E-3
1.716000E-7	2.014434E-3
1.716500E-7	1.971610E-3
1.717000E-7	1.932213E-3
1.717500E-7	1.909944E-3
1.718000E-7	1.873972E-3
1.718500E-7	1.832862E-3
1.719000E-7	1.819158E-3
1.719500E-7	1.827723E-3
1.720000E-7	1.829436E-3
1.720500E-7	1.822584E-3
1.721000E-7	1.815732E-3
1.721500E-7	1.798603E-3
1.722000E-7	1.791751E-3
1.722500E-7	1.781474E-3
1.723000E-7	1.735224E-3
1.723500E-7	1.666706E-3
1.724000E-7	1.634160E-3
1.724500E-7	1.630734E-3
1.725000E-7	1.623883E-3
1.725500E-7	1.637586E-3
1.726000E-7	1.673558E-3
1.726500E-7	1.723233E-3
1.727000E-7	1.802029E-3
1.727500E-7	1.901379E-3
1.728000E-7	1.968184E-3
1.728500E-7	2.002443E-3
1.729000E-7	2.045267E-3
1.729500E-7	2.064110E-3
1.730000E-7	2.045268E-3
1.730500E-7	2.040129E-3
1.731000E-7	2.081240E-3
1.731500E-7	2.127490E-3
1.732000E-7	2.166888E-3
1.732500E-7	2.237119E-3
1.733000E-7	2.333044E-3
1.733500E-7	2.403275E-3
1.734000E-7	2.437533E-3
1.734500E-7	2.447811E-3
1.735000E-7	2.422117E-3
1.735500E-7	2.346747E-3
1.736000E-7	2.261099E-3
1.736500E-7	2.165174E-3
1.737000E-7	2.031564E-3
1.737500E-7	1.877399E-3
1.738000E-7	1.745502E-3
1.738500E-7	1.615318E-3
1.739000E-7	1.476570E-3
1.739500E-7	1.373793E-3
1.740000E-7	1.341247E-3
1.740500E-7	1.332682E-3
1.741000E-7	1.313839E-3
1.741500E-7	1.324117E-3
1.742000E-7	1.348098E-3
1.742500E-7	1.349810E-3
1.743000E-7	1.358375E-3
1.743500E-7	1.425180E-3
1.744000E-7	1.479994E-3
1.744500E-7	1.485133E-3
1.745000E-7	1.483420E-3
1.745500E-7	1.512540E-3
1.746000E-7	1.557077E-3
1.746500E-7	1.591336E-3
1.747000E-7	1.634160E-3
1.747500E-7	1.697539E-3
1.748000E-7	1.796890E-3
1.748500E-7	1.896241E-3
1.749000E-7	1.987027E-3
1.749500E-7	2.108646E-3
1.750000E-7	2.276515E-3
1.750500E-7	2.440958E-3
1.751000E-7	2.566003E-3
1.751500E-7	2.668780E-3
1.752000E-7	2.759566E-3
1.752500E-7	2.792112E-3
1.753000E-7	2.747575E-3
1.753500E-7	2.655076E-3
1.754000E-7	2.560864E-3
1.754500E-7	2.452949E-3
1.755000E-7	2.300496E-3
1.755500E-7	2.156609E-3
1.756000E-7	2.062397E-3
1.756500E-7	1.992166E-3
1.757000E-7	1.947629E-3
1.757500E-7	1.975036E-3
1.758000E-7	2.062396E-3
1.758500E-7	2.163460E-3
1.759000E-7	2.278227E-3
1.759500E-7	2.413550E-3
1.760000E-7	2.545447E-3
1.760500E-7	2.631095E-3
1.761000E-7	2.679057E-3
1.761500E-7	2.692761E-3
1.762000E-7	2.651650E-3
1.762500E-7	2.550587E-3
1.763000E-7	2.427255E-3
1.763500E-7	2.307348E-3
1.764000E-7	2.189155E-3
1.764500E-7	2.065823E-3
1.765000E-7	1.952768E-3
1.765500E-7	1.870547E-3
1.766000E-7	1.826010E-3
1.766500E-7	1.810593E-3
1.767000E-7	1.803742E-3
1.767500E-7	1.812306E-3
1.768000E-7	1.834575E-3
1.768500E-7	1.872260E-3
1.769000E-7	1.899667E-3
1.769500E-7	1.918509E-3
1.770000E-7	1.933926E-3
1.770500E-7	1.952769E-3
1.771000E-7	1.997305E-3
1.771500E-7	2.070962E-3
1.772000E-7	2.137767E-3
1.772500E-7	2.219989E-3
1.773000E-7	2.331330E-3
1.773500E-7	2.435820E-3
1.774000E-7	2.470079E-3
1.774500E-7	2.459801E-3
1.775000E-7	2.420403E-3
1.775500E-7	2.350173E-3
1.776000E-7	2.297071E-3
1.776500E-7	2.267951E-3
1.777000E-7	2.213136E-3
1.777500E-7	2.158322E-3
1.778000E-7	2.153183E-3
1.778500E-7	2.180590E-3
1.779000E-7	2.209710E-3
1.779500E-7	2.285080E-3
1.780000E-7	2.423829E-3
1.780500E-7	2.562577E-3
1.781000E-7	2.661928E-3
1.781500E-7	2.749288E-3
1.782000E-7	2.805815E-3
1.782500E-7	2.797250E-3
1.783000E-7	2.696186E-3
1.783500E-7	2.540308E-3
1.784000E-7	2.375865E-3
1.784500E-7	2.211422E-3
1.785000E-7	2.053831E-3
1.785500E-7	1.915082E-3
1.786000E-7	1.834574E-3
1.786500E-7	1.796889E-3
1.787000E-7	1.781473E-3
1.787500E-7	1.807167E-3
1.788000E-7	1.877398E-3
1.788500E-7	1.961333E-3
1.789000E-7	2.016147E-3
1.789500E-7	2.043554E-3
1.790000E-7	2.067535E-3
1.790500E-7	2.077813E-3
1.791000E-7	2.045267E-3
1.791500E-7	1.980175E-3
1.792000E-7	1.903092E-3
1.792500E-7	1.808880E-3
1.793000E-7	1.697539E-3
1.793500E-7	1.594762E-3
1.794000E-7	1.507402E-3
1.794500E-7	1.409765E-3
1.795000E-7	1.305275E-3
1.795500E-7	1.221341E-3
1.796000E-7	1.159675E-3
1.796500E-7	1.098009E-3
1.797000E-7	1.055185E-3
1.797500E-7	1.055185E-3
1.798000E-7	1.091157E-3
1.798500E-7	1.145971E-3
1.799000E-7	1.233331E-3
1.799500E-7	1.356663E-3
1.800000E-7	1.474856E-3
1.800500E-7	1.591337E-3
1.801000E-7	1.726659E-3
1.801500E-7	1.861982E-3
1.802000E-7	1.944203E-3
1.802500E-7	1.987027E-3
1.803000E-7	2.002443E-3
1.803500E-7	1.975036E-3
1.804000E-7	1.903093E-3
1.804500E-7	1.817445E-3
1.805000E-7	1.707817E-3
1.805500E-7	1.593049E-3
1.806000E-7	1.524532E-3
1.806500E-7	1.491985E-3
1.807000E-7	1.461152E-3
1.807500E-7	1.466291E-3
1.808000E-7	1.526244E-3
1.808500E-7	1.610178E-3
1.809000E-7	1.711242E-3
1.809500E-7	1.844851E-3
1.810000E-7	1.993878E-3
1.810500E-7	2.118923E-3
1.811000E-7	2.213135E-3
1.811500E-7	2.273088E-3
1.812000E-7	2.269663E-3
1.812500E-7	2.197719E-3
1.813000E-7	2.069248E-3
1.813500E-7	1.933926E-3
1.814000E-7	1.819158E-3
1.814500E-7	1.700965E-3
1.815000E-7	1.586197E-3
1.815500E-7	1.515966E-3
1.816000E-7	1.503976E-3
1.816500E-7	1.510827E-3
1.817000E-7	1.562216E-3
1.817500E-7	1.671844E-3
1.818000E-7	1.803741E-3
1.818500E-7	1.920221E-3
1.819000E-7	2.019572E-3
1.819500E-7	2.100081E-3
1.820000E-7	2.137766E-3
1.820500E-7	2.136054E-3
1.821000E-7	2.118925E-3
1.821500E-7	2.088092E-3
1.822000E-7	2.055546E-3
1.822500E-7	2.038417E-3
1.823000E-7	2.028139E-3
1.823500E-7	2.012723E-3
1.824000E-7	2.031565E-3
1.824500E-7	2.093231E-3
1.825000E-7	2.136054E-3
1.825500E-7	2.161748E-3
1.826000E-7	2.204572E-3
1.826500E-7	2.221701E-3
1.827000E-7	2.166886E-3
1.827500E-7	2.088091E-3
1.828000E-7	2.022999E-3
1.828500E-7	1.930500E-3
1.829000E-7	1.819158E-3
1.829500E-7	1.721520E-3
1.830000E-7	1.637586E-3
1.830500E-7	1.591336E-3
1.831000E-7	1.620456E-3
1.831500E-7	1.683835E-3
1.832000E-7	1.733511E-3
1.832500E-7	1.822584E-3
1.833000E-7	1.981888E-3
1.833500E-7	2.154896E-3
1.834000E-7	2.310774E-3
1.834500E-7	2.458087E-3
1.835000E-7	2.581420E-3
1.835500E-7	2.665354E-3
1.836000E-7	2.692762E-3
1.836500E-7	2.675632E-3
1.837000E-7	2.634521E-3
1.837500E-7	2.560865E-3
1.838000E-7	2.442671E-3
1.838500E-7	2.317626E-3
1.839000E-7	2.209711E-3
1.839500E-7	2.079527E-3
1.840000E-7	1.925361E-3
1.840500E-7	1.808881E-3
1.841000E-7	1.726659E-3
1.841500E-7	1.647864E-3
1.842000E-7	1.589623E-3
1.842500E-7	1.569068E-3
1.843000E-7	1.567355E-3
1.843500E-7	1.581058E-3
1.844000E-7	1.610179E-3
1.844500E-7	1.639299E-3
1.845000E-7	1.680410E-3
1.845500E-7	1.757492E-3
1.846000E-7	1.834575E-3
1.846500E-7	1.889389E-3
1.847000E-7	1.952768E-3
1.847500E-7	2.046980E-3
1.848000E-7	2.136054E-3
1.848500E-7	2.206285E-3
1.849000E-7	2.293645E-3
1.849500E-7	2.381005E-3
1.850000E-7	2.452949E-3
1.850500E-7	2.490634E-3
1.851000E-7	2.492347E-3
1.851500E-7	2.449523E-3
1.852000E-7	2.372440E-3
1.852500E-7	2.254247E-3
1.853000E-7	2.070961E-3
1.853500E-7	1.865408E-3
1.854000E-7	1.675270E-3
1.854500E-7	1.485133E-3
1.855000E-7	1.291570E-3
1.855500E-7	1.173377E-3
1.856000E-7	1.128840E-3
1.856500E-7	1.113424E-3
1.857000E-7	1.151109E-3
1.857500E-7	1.277867E-3
1.858000E-7	1.440597E-3
1.858500E-7	1.603327E-3
1.859000E-7	1.812306E-3
1.859500E-7	2.057257E-3
1.860000E-7	2.300496E-3
1.860500E-7	2.494059E-3
1.861000E-7	2.603687E-3
1.861500E-7	2.663641E-3
1.862000E-7	2.723594E-3
1.862500E-7	2.733872E-3
1.863000E-7	2.660215E-3
1.863500E-7	2.562577E-3
1.864000E-7	2.475217E-3
1.864500E-7	2.339894E-3
1.865000E-7	2.173739E-3
1.865500E-7	2.046980E-3
1.866000E-7	1.956194E-3
1.866500E-7	1.885963E-3
1.867000E-7	1.856843E-3
1.867500E-7	1.855130E-3
1.868000E-7	1.846565E-3
1.868500E-7	1.848278E-3
1.869000E-7	1.872259E-3
1.869500E-7	1.892814E-3
1.870000E-7	1.913369E-3
1.870500E-7	1.951054E-3
1.871000E-7	2.002442E-3
1.871500E-7	2.058970E-3
1.872000E-7	2.129201E-3
1.872500E-7	2.194293E-3
1.873000E-7	2.231978E-3
1.873500E-7	2.264524E-3
1.874000E-7	2.319339E-3
1.874500E-7	2.355311E-3
1.875000E-7	2.348459E-3
1.875500E-7	2.324478E-3
1.876000E-7	2.290219E-3
1.876500E-7	2.223414E-3
1.877000E-7	2.136054E-3
1.877500E-7	2.058971E-3
1.878000E-7	1.993879E-3
1.878500E-7	1.940778E-3
1.879000E-7	1.923648E-3
1.879500E-7	1.959620E-3
1.880000E-7	2.041841E-3
1.880500E-7	2.153183E-3
1.881000E-7	2.283367E-3
1.881500E-7	2.403273E-3
1.882000E-7	2.497485E-3
1.882500E-7	2.552299E-3
1.883000E-7	2.557438E-3
1.883500E-7	2.511188E-3
1.884000E-7	2.423828E-3
1.884500E-7	2.314199E-3
1.885000E-7	2.175450E-3
1.885500E-7	2.026424E-3
1.886000E-7	1.899666E-3
1.886500E-7	1.808880E-3
1.887000E-7	1.747214E-3
1.887500E-7	1.728372E-3
1.888000E-7	1.769483E-3
1.888500E-7	1.846565E-3
1.889000E-7	1.920222E-3
1.889500E-7	1.978462E-3
1.890000E-7	2.007582E-3
1.890500E-7	2.004157E-3
1.891000E-7	1.978462E-3
1.891500E-7	1.925361E-3
1.892000E-7	1.849991E-3
1.892500E-7	1.769482E-3
1.893000E-7	1.697538E-3
1.893500E-7	1.629020E-3
1.894000E-7	1.603326E-3
1.894500E-7	1.627308E-3
1.895000E-7	1.670131E-3
1.895500E-7	1.716381E-3
1.896000E-7	1.798603E-3
1.896500E-7	1.901380E-3
1.897000E-7	1.978463E-3
1.897500E-7	2.048693E-3
1.898000E-7	2.113785E-3
1.898500E-7	2.124063E-3
1.899000E-7	2.079527E-3
1.899500E-7	2.043555E-3
1.900000E-7	2.022999E-3
1.900500E-7	1.983602E-3
1.901000E-7	1.947630E-3
1.901500E-7	1.932213E-3
1.902000E-7	1.921936E-3
1.902500E-7	1.918510E-3
1.903000E-7	1.945917E-3
1.903500E-7	2.004157E-3
1.904000E-7	2.060684E-3
1.904500E-7	2.096656E-3
1.905000E-7	2.118924E-3
1.905500E-7	2.113785E-3
1.906000E-7	2.060684E-3
1.906500E-7	1.957907E-3
1.907000E-7	1.834575E-3
1.907500E-7	1.719807E-3
1.908000E-7	1.593049E-3
1.908500E-7	1.462865E-3
1.909000E-7	1.366940E-3
1.909500E-7	1.291571E-3
1.910000E-7	1.238469E-3
1.910500E-7	1.250460E-3
1.911000E-7	1.341246E-3
1.911500E-7	1.462866E-3
1.912000E-7	1.593050E-3
1.912500E-7	1.778048E-3
1.913000E-7	2.009296E-3
1.913500E-7	2.219988E-3
1.914000E-7	2.396422E-3
1.914500E-7	2.562578E-3
1.915000E-7	2.673919E-3
1.915500E-7	2.706465E-3
1.916000E-7	2.699613E-3
1.916500E-7	2.668780E-3
1.917000E-7	2.584845E-3
1.917500E-7	2.447809E-3
1.918000E-7	2.303922E-3
1.918500E-7	2.149756E-3
1.919000E-7	1.976749E-3
1.919500E-7	1.796890E-3
1.920000E-7	1.644437E-3
1.920500E-7	1.539948E-3
1.921000E-7	1.486847E-3
1.921500E-7	1.491986E-3
1.922000E-7	1.567355E-3
1.922500E-7	1.685549E-3
1.923000E-7	1.803742E-3
1.923500E-7	1.908232E-3
1.924000E-7	1.997306E-3
1.924500E-7	2.084666E-3
1.925000E-7	2.182304E-3
1.925500E-7	2.281655E-3
1.926000E-7	2.358737E-3
1.926500E-7	2.382718E-3
1.927000E-7	2.382718E-3
1.927500E-7	2.358737E-3
1.928000E-7	2.290219E-3
1.928500E-7	2.204572E-3
1.929000E-7	2.113786E-3
1.929500E-7	2.012722E-3
1.930000E-7	1.915084E-3
1.930500E-7	1.820872E-3
1.931000E-7	1.697540E-3
1.931500E-7	1.584485E-3
1.932000E-7	1.521106E-3
1.932500E-7	1.488560E-3
1.933000E-7	1.473143E-3
1.933500E-7	1.505689E-3
1.934000E-7	1.594762E-3
1.934500E-7	1.712956E-3
1.935000E-7	1.846566E-3
1.935500E-7	1.966472E-3
1.936000E-7	2.046980E-3
1.936500E-7	2.106933E-3
1.937000E-7	2.142905E-3
1.937500E-7	2.120637E-3
1.938000E-7	2.043554E-3
1.938500E-7	1.940778E-3
1.939000E-7	1.798603E-3
1.939500E-7	1.639299E-3
1.940000E-7	1.497124E-3
1.940500E-7	1.372079E-3
1.941000E-7	1.264163E-3
1.941500E-7	1.223052E-3
1.942000E-7	1.236756E-3
1.942500E-7	1.274441E-3
1.943000E-7	1.342959E-3
1.943500E-7	1.478281E-3
1.944000E-7	1.627308E-3
1.944500E-7	1.766056E-3
1.945000E-7	1.906518E-3
1.945500E-7	2.005869E-3
1.946000E-7	2.034989E-3
1.946500E-7	2.033276E-3
1.947000E-7	2.021286E-3
1.947500E-7	1.973323E-3
1.948000E-7	1.891102E-3
1.948500E-7	1.803742E-3
1.949000E-7	1.712955E-3
1.949500E-7	1.637586E-3
1.950000E-7	1.598188E-3
1.950500E-7	1.584484E-3
1.951000E-7	1.605040E-3
1.951500E-7	1.661567E-3
1.952000E-7	1.750640E-3
1.952500E-7	1.846565E-3
1.953000E-7	1.928787E-3
1.953500E-7	1.995592E-3
1.954000E-7	2.064110E-3
1.954500E-7	2.124063E-3
1.955000E-7	2.168599E-3
1.955500E-7	2.204571E-3
1.956000E-7	2.254247E-3
1.956500E-7	2.307348E-3
1.957000E-7	2.350172E-3
1.957500E-7	2.401560E-3
1.958000E-7	2.482069E-3
1.958500E-7	2.560864E-3
1.959000E-7	2.620818E-3
1.959500E-7	2.680771E-3
1.960000E-7	2.749289E-3
1.960500E-7	2.783548E-3
1.961000E-7	2.761280E-3
1.961500E-7	2.699614E-3
1.962000E-7	2.624244E-3
1.962500E-7	2.511189E-3
1.963000E-7	2.346747E-3
1.963500E-7	2.146332E-3
1.964000E-7	1.937352E-3
1.964500E-7	1.740363E-3
1.965000E-7	1.581059E-3
1.965500E-7	1.468004E-3
1.966000E-7	1.406338E-3
1.966500E-7	1.406338E-3
1.967000E-7	1.476568E-3
1.967500E-7	1.581058E-3
1.968000E-7	1.697538E-3
1.968500E-7	1.826009E-3
1.969000E-7	1.939064E-3
1.969500E-7	2.022998E-3
1.970000E-7	2.082952E-3
1.970500E-7	2.093229E-3
1.971000E-7	2.038415E-3
1.971500E-7	1.963046E-3
1.972000E-7	1.877399E-3
1.972500E-7	1.730086E-3
1.973000E-7	1.551939E-3
1.973500E-7	1.432033E-3
1.974000E-7	1.356663E-3
1.974500E-7	1.271016E-3
1.975000E-7	1.241896E-3
1.975500E-7	1.329256E-3
1.976000E-7	1.450875E-3
1.976500E-7	1.558791E-3
1.977000E-7	1.683836E-3
1.977500E-7	1.802029E-3
1.978000E-7	1.873973E-3
1.978500E-7	1.935639E-3
1.979000E-7	1.983602E-3
1.979500E-7	1.971611E-3
1.980000E-7	1.939065E-3
1.980500E-7	1.940778E-3
1.981000E-7	1.899667E-3
1.981500E-7	1.803742E-3
1.982000E-7	1.742076E-3
1.982500E-7	1.706104E-3
1.983000E-7	1.617031E-3
1.983500E-7	1.546800E-3
1.984000E-7	1.545087E-3
1.984500E-7	1.529670E-3
1.985000E-7	1.483421E-3
1.985500E-7	1.473143E-3
1.986000E-7	1.495411E-3
1.986500E-7	1.500550E-3
1.987000E-7	1.517680E-3
1.987500E-7	1.533096E-3
1.988000E-7	1.517680E-3
1.988500E-7	1.512541E-3
1.989000E-7	1.543374E-3
1.989500E-7	1.548513E-3
1.990000E-7	1.551939E-3
1.990500E-7	1.601614E-3
1.991000E-7	1.654716E-3
1.991500E-7	1.666706E-3
1.992000E-7	1.706104E-3
1.992500E-7	1.808881E-3
1.993000E-7	1.916797E-3
1.993500E-7	2.022999E-3
1.994000E-7	2.172026E-3
1.994500E-7	2.350172E-3
1.995000E-7	2.523180E-3
1.995500E-7	2.672206E-3
1.996000E-7	2.792112E-3
1.996500E-7	2.900028E-3
1.997000E-7	2.959981E-3
1.997500E-7	2.932573E-3
1.998000E-7	2.870907E-3
1.998500E-7	2.805815E-3
1.999000E-7	2.692761E-3
1.999500E-7	2.509475E-3
2.000000E-7	2.312487E-3
