Study Name	Tungsten_Kyocera
Sample Name	2024-02-05
Run Name	spot03
Operator	Angus+Samantha
Date	2/5/2024
Time	16:26
Sign	FIX
Grating Spacing	03.40um
Channel	3
Number Traces	10000
Files in Batch	1
Batch Number	265
dt	50.000001E-12
time stamp (ms)	9:01:29 PM
	
Time	Amplitude
0.000000E+0	2.398155E-4
5.000000E-11	1.730106E-4
1.000000E-10	1.336128E-4
1.500000E-10	1.541682E-4
2.000000E-10	1.695847E-4
2.500000E-10	1.490294E-4
3.000000E-10	1.370389E-4
3.500000E-10	1.490297E-4
4.000000E-10	1.387521E-4
4.500000E-10	1.079191E-4
5.000000E-10	7.708621E-5
5.500000E-10	6.855408E-6
6.000000E-10	-1.061991E-4
6.500000E-10	-2.072629E-4
7.000000E-10	-2.689290E-4
7.500000E-10	-3.151787E-4
8.000000E-10	-3.614284E-4
8.500000E-10	-3.871227E-4
9.000000E-10	-3.682805E-4
9.500000E-10	-3.168922E-4
1.000000E-9	-2.466615E-4
1.050000E-9	-1.507365E-4
1.100000E-9	-4.967268E-5
1.150000E-9	4.111359E-5
1.200000E-9	1.318999E-4
1.250000E-9	2.209732E-4
1.300000E-9	2.792136E-4
1.350000E-9	2.860656E-4
1.400000E-9	2.603716E-4
1.450000E-9	2.192610E-4
1.500000E-9	1.798634E-4
1.550000E-9	1.627340E-4
1.600000E-9	1.421786E-4
1.650000E-9	1.044938E-4
1.700000E-9	8.222542E-5
1.750000E-9	8.736419E-5
1.800000E-9	9.764181E-5
1.850000E-9	1.027806E-4
1.900000E-9	9.250280E-5
1.950000E-9	7.194739E-5
2.000000E-9	2.398486E-5
2.050000E-9	-5.138482E-5
2.100000E-9	-1.301803E-4
2.150000E-9	-2.021240E-4
2.200000E-9	-2.569383E-4
2.250000E-9	-3.151785E-4
2.300000E-9	-3.871222E-4
2.350000E-9	-4.299459E-4
2.400000E-9	-4.076777E-4
2.450000E-9	-3.580023E-4
2.500000E-9	-3.203175E-4
2.550000E-9	-2.449480E-4
2.600000E-9	-1.113383E-4
2.650000E-9	1.541972E-5
2.700000E-9	1.113447E-4
2.750000E-9	2.158344E-4
2.800000E-9	3.271760E-4
2.850000E-9	3.871291E-4
2.900000E-9	4.042586E-4
2.950000E-9	3.974069E-4
3.000000E-9	3.408798E-4
3.050000E-9	2.518067E-4
3.100000E-9	1.678724E-4
3.150000E-9	1.044936E-4
3.200000E-9	3.768873E-5
3.250000E-9	-1.541254E-5
3.300000E-9	-3.939367E-5
3.350000E-9	-3.939360E-5
3.400000E-9	-1.712532E-5
3.450000E-9	8.568838E-6
3.500000E-9	1.713354E-5
3.550000E-9	2.741112E-5
3.600000E-9	2.227211E-5
3.650000E-9	-2.397764E-5
3.700000E-9	-8.564392E-5
3.750000E-9	-1.164771E-4
3.800000E-9	-1.353197E-4
3.850000E-9	-1.712916E-4
3.900000E-9	-1.695788E-4
3.950000E-9	-1.233292E-4
4.000000E-9	-7.022783E-5
4.050000E-9	-1.712640E-5
4.100000E-9	6.680809E-5
4.150000E-9	1.815756E-4
4.200000E-9	3.031949E-4
4.250000E-9	3.922683E-4
4.300000E-9	4.368050E-4
4.350000E-9	4.796287E-4
4.400000E-9	5.327301E-4
4.450000E-9	5.378689E-4
4.500000E-9	4.881935E-4
4.550000E-9	4.813418E-4
4.600000E-9	5.087490E-4
4.650000E-9	4.693513E-4
4.700000E-9	3.974077E-4
4.750000E-9	3.922689E-4
4.800000E-9	4.076855E-4
4.850000E-9	3.734266E-4
4.900000E-9	3.271770E-4
4.950000E-9	3.100476E-4
5.000000E-9	2.826404E-4
5.050000E-9	2.209742E-4
5.100000E-9	1.541691E-4
5.150000E-9	9.592864E-5
5.200000E-9	3.940116E-5
5.250000E-9	-1.709773E-6
5.300000E-9	-1.370054E-5
5.350000E-9	2.569715E-5
5.400000E-9	1.044927E-4
5.450000E-9	1.867141E-4
5.500000E-9	2.466673E-4
5.550000E-9	3.066206E-4
5.600000E-9	3.751386E-4
5.650000E-9	4.111106E-4
5.700000E-9	3.785648E-4
5.750000E-9	2.809269E-4
5.800000E-9	1.438911E-4
5.850000E-9	-2.569067E-5
5.900000E-9	-2.141149E-4
5.950000E-9	-3.922615E-4
6.000000E-9	-5.310103E-4
6.050000E-9	-6.337872E-4
6.100000E-9	-6.988792E-4
6.150000E-9	-6.988792E-4
6.200000E-9	-6.526296E-4
6.250000E-9	-5.995282E-4
6.300000E-9	-5.053160E-4
6.350000E-9	-3.391600E-4
6.400000E-9	-1.678651E-4
6.450000E-9	-3.768099E-5
6.500000E-9	8.736431E-5
6.550000E-9	2.192613E-4
6.600000E-9	3.083346E-4
6.650000E-9	3.562970E-4
6.700000E-9	4.025465E-4
6.750000E-9	4.642124E-4
6.800000E-9	5.121747E-4
6.850000E-9	5.567111E-4
6.900000E-9	5.926828E-4
6.950000E-9	6.115251E-4
7.000000E-9	6.063861E-4
7.050000E-9	5.875437E-4
7.100000E-9	5.430071E-4
7.150000E-9	4.899059E-4
7.200000E-9	4.402306E-4
7.250000E-9	3.837035E-4
7.300000E-9	2.963435E-4
7.350000E-9	1.935669E-4
7.400000E-9	7.879960E-5
7.450000E-9	-5.309722E-5
7.500000E-9	-2.089754E-4
7.550000E-9	-3.648536E-4
7.600000E-9	-5.104542E-4
7.650000E-9	-6.492031E-4
7.700000E-9	-7.656836E-4
7.750000E-9	-8.479053E-4
7.800000E-9	-9.078586E-4
7.850000E-9	-9.369788E-4
7.900000E-9	-9.129976E-4
7.950000E-9	-8.461928E-4
8.000000E-9	-7.399902E-4
8.050000E-9	-5.909638E-4
8.100000E-9	-4.025397E-4
8.150000E-9	-1.867083E-4
8.200000E-9	5.653008E-5
8.250000E-9	2.826390E-4
8.300000E-9	4.522208E-4
8.350000E-9	6.012471E-4
8.400000E-9	7.365698E-4
8.450000E-9	7.999489E-4
8.500000E-9	7.708287E-4
8.550000E-9	7.143014E-4
8.600000E-9	6.577740E-4
8.650000E-9	5.738395E-4
8.700000E-9	4.899051E-4
8.750000E-9	4.470814E-4
8.800000E-9	4.470814E-4
8.850000E-9	4.539332E-4
8.900000E-9	4.556462E-4
8.950000E-9	4.556463E-4
9.000000E-9	4.590722E-4
9.050000E-9	4.522205E-4
9.100000E-9	4.196747E-4
9.150000E-9	3.717123E-4
9.200000E-9	3.100464E-4
9.250000E-9	2.209733E-4
9.300000E-9	1.062060E-4
9.350000E-9	3.429308E-6
9.400000E-9	-5.823670E-5
9.450000E-9	-7.365316E-5
9.500000E-9	-6.851428E-5
9.550000E-9	-5.138483E-5
9.600000E-9	-1.541302E-5
9.650000E-9	3.597527E-5
9.700000E-9	7.537295E-5
9.750000E-9	1.130577E-4
9.800000E-9	1.473167E-4
9.850000E-9	1.575943E-4
9.900000E-9	1.353261E-4
9.950000E-9	1.164837E-4
1.000000E-8	9.935428E-5
1.005000E-8	6.680842E-5
1.010000E-8	2.741081E-5
1.015000E-8	3.083683E-5
1.020000E-8	8.393825E-5
1.025000E-8	1.250491E-4
1.030000E-8	1.541692E-4
1.035000E-8	2.244001E-4
1.040000E-8	3.306029E-4
1.045000E-8	4.059725E-4
1.050000E-8	4.368056E-4
1.055000E-8	4.762034E-4
1.060000E-8	5.053235E-4
1.065000E-8	4.779164E-4
1.070000E-8	4.025468E-4
1.075000E-8	3.494455E-4
1.080000E-8	3.220384E-4
1.085000E-8	2.826407E-4
1.090000E-8	2.089840E-4
1.095000E-8	1.370403E-4
1.100000E-8	8.565184E-5
1.105000E-8	3.083745E-5
1.110000E-8	-1.883806E-5
1.115000E-8	-4.281938E-5
1.120000E-8	-5.309718E-5
1.125000E-8	-6.680087E-5
1.130000E-8	-7.536569E-5
1.135000E-8	-6.508815E-5
1.140000E-8	-4.453300E-5
1.145000E-8	-1.541311E-5
1.150000E-8	4.796569E-5
1.155000E-8	1.867141E-4
1.160000E-8	4.316650E-4
1.165000E-8	8.222164E-4
1.170000E-8	1.423460E-3
1.175000E-8	2.303914E-3
1.180000E-8	3.526957E-3
1.185000E-8	5.164533E-3
1.190000E-8	7.271456E-3
1.195000E-8	9.883698E-3
1.200000E-8	1.303552E-2
1.205000E-8	1.670979E-2
1.210000E-8	2.088424E-2
1.215000E-8	2.553831E-2
1.220000E-8	3.057952E-2
1.225000E-8	3.588280E-2
1.230000E-8	4.133682E-2
1.235000E-8	4.681312E-2
1.240000E-8	5.211640E-2
1.245000E-8	5.708395E-2
1.250000E-8	6.157530E-2
1.255000E-8	6.544827E-2
1.260000E-8	6.861209E-2
1.265000E-8	7.101878E-2
1.270000E-8	7.259641E-2
1.275000E-8	7.330900E-2
1.280000E-8	7.323877E-2
1.285000E-8	7.243368E-2
1.290000E-8	7.090231E-2
1.295000E-8	6.876113E-2
1.300000E-8	6.618143E-2
1.305000E-8	6.324544E-2
1.310000E-8	6.005936E-2
1.315000E-8	5.684588E-2
1.320000E-8	5.373859E-2
1.325000E-8	5.075635E-2
1.330000E-8	4.805503E-2
1.335000E-8	4.579737E-2
1.340000E-8	4.400391E-2
1.345000E-8	4.264383E-2
1.350000E-8	4.179078E-2
1.355000E-8	4.151328E-2
1.360000E-8	4.174624E-2
1.365000E-8	4.239373E-2
1.370000E-8	4.340265E-2
1.375000E-8	4.473361E-2
1.380000E-8	4.626498E-2
1.385000E-8	4.786659E-2
1.390000E-8	4.946134E-2
1.395000E-8	5.093448E-2
1.400000E-8	5.215581E-2
1.405000E-8	5.304483E-2
1.410000E-8	5.354672E-2
1.415000E-8	5.358612E-2
1.420000E-8	5.314590E-2
1.425000E-8	5.228943E-2
1.430000E-8	5.100301E-2
1.435000E-8	4.927807E-2
1.440000E-8	4.719513E-2
1.445000E-8	4.488608E-2
1.450000E-8	4.245027E-2
1.455000E-8	4.001103E-2
1.460000E-8	3.765573E-2
1.465000E-8	3.544774E-2
1.470000E-8	3.356007E-2
1.475000E-8	3.212633E-2
1.480000E-8	3.113625E-2
1.485000E-8	3.059153E-2
1.490000E-8	3.057440E-2
1.495000E-8	3.109684E-2
1.500000E-8	3.202012E-2
1.505000E-8	3.324145E-2
1.510000E-8	3.470773E-2
1.515000E-8	3.634702E-2
1.520000E-8	3.805483E-2
1.525000E-8	3.967185E-2
1.530000E-8	4.107646E-2
1.535000E-8	4.223613E-2
1.540000E-8	4.310973E-2
1.545000E-8	4.356538E-2
1.550000E-8	4.354654E-2
1.555000E-8	4.310118E-2
1.560000E-8	4.229267E-2
1.565000E-8	4.111416E-2
1.570000E-8	3.955709E-2
1.575000E-8	3.773281E-2
1.580000E-8	3.574408E-2
1.585000E-8	3.362174E-2
1.590000E-8	3.140690E-2
1.595000E-8	2.928456E-2
1.600000E-8	2.738661E-2
1.605000E-8	2.571477E-2
1.610000E-8	2.435469E-2
1.615000E-8	2.345882E-2
1.620000E-8	2.302373E-2
1.625000E-8	2.303229E-2
1.630000E-8	2.353418E-2
1.635000E-8	2.452598E-2
1.640000E-8	2.588434E-2
1.645000E-8	2.753562E-2
1.650000E-8	2.941301E-2
1.655000E-8	3.137605E-2
1.660000E-8	3.326029E-2
1.665000E-8	3.495268E-2
1.670000E-8	3.636757E-2
1.675000E-8	3.740733E-2
1.680000E-8	3.798289E-2
1.685000E-8	3.801886E-2
1.690000E-8	3.751868E-2
1.695000E-8	3.657314E-2
1.700000E-8	3.521991E-2
1.705000E-8	3.346928E-2
1.710000E-8	3.141032E-2
1.715000E-8	2.918349E-2
1.720000E-8	2.688986E-2
1.725000E-8	2.462363E-2
1.730000E-8	2.250985E-2
1.735000E-8	2.065473E-2
1.740000E-8	1.916447E-2
1.745000E-8	1.810072E-2
1.750000E-8	1.748577E-2
1.755000E-8	1.735045E-2
1.760000E-8	1.772729E-2
1.765000E-8	1.857691E-2
1.770000E-8	1.978796E-2
1.775000E-8	2.130906E-2
1.780000E-8	2.309224E-2
1.785000E-8	2.497990E-2
1.790000E-8	2.681104E-2
1.795000E-8	2.853598E-2
1.800000E-8	3.008620E-2
1.805000E-8	3.130924E-2
1.810000E-8	3.212974E-2
1.815000E-8	3.254428E-2
1.820000E-8	3.249803E-2
1.825000E-8	3.196359E-2
1.830000E-8	3.101976E-2
1.835000E-8	2.972135E-2
1.840000E-8	2.806665E-2
1.845000E-8	2.615157E-2
1.850000E-8	2.410289E-2
1.855000E-8	2.198740E-2
1.860000E-8	1.990617E-2
1.865000E-8	1.801508E-2
1.870000E-8	1.637065E-2
1.875000E-8	1.503626E-2
1.880000E-8	1.415409E-2
1.885000E-8	1.376525E-2
1.890000E-8	1.382692E-2
1.895000E-8	1.436992E-2
1.900000E-8	1.541139E-2
1.905000E-8	1.680401E-2
1.910000E-8	1.845700E-2
1.915000E-8	2.033268E-2
1.920000E-8	2.229914E-2
1.925000E-8	2.418852E-2
1.930000E-8	2.591346E-2
1.935000E-8	2.738831E-2
1.940000E-8	2.849487E-2
1.945000E-8	2.915950E-2
1.950000E-8	2.933422E-2
1.955000E-8	2.899334E-2
1.960000E-8	2.818826E-2
1.965000E-8	2.696693E-2
1.970000E-8	2.537047E-2
1.975000E-8	2.352734E-2
1.980000E-8	2.153347E-2
1.985000E-8	1.940771E-2
1.990000E-8	1.728194E-2
1.995000E-8	1.532061E-2
2.000000E-8	1.356313E-2
2.005000E-8	1.205916E-2
2.010000E-8	1.096116E-2
2.015000E-8	1.033936E-2
2.020000E-8	1.016121E-2
2.025000E-8	1.046269E-2
2.030000E-8	1.125578E-2
2.035000E-8	1.243429E-2
2.040000E-8	1.392969E-2
2.045000E-8	1.567346E-2
2.050000E-8	1.751659E-2
2.055000E-8	1.934773E-2
2.060000E-8	2.111892E-2
2.065000E-8	2.270340E-2
2.070000E-8	2.396926E-2
2.075000E-8	2.488398E-2
2.080000E-8	2.538759E-2
2.085000E-8	2.542014E-2
2.090000E-8	2.501417E-2
2.095000E-8	2.422108E-2
2.100000E-8	2.301516E-2
2.105000E-8	2.144953E-2
2.110000E-8	1.964580E-2
2.115000E-8	1.768105E-2
2.120000E-8	1.561867E-2
2.125000E-8	1.359054E-2
2.130000E-8	1.170801E-2
2.135000E-8	1.005159E-2
2.140000E-8	8.698359E-3
2.145000E-8	7.715125E-3
2.150000E-8	7.134434E-3
2.155000E-8	7.019665E-3
2.160000E-8	7.403363E-3
2.165000E-8	8.222149E-3
2.170000E-8	9.402367E-3
2.175000E-8	1.095430E-2
2.180000E-8	1.278886E-2
2.185000E-8	1.472792E-2
2.190000E-8	1.666183E-2
2.195000E-8	1.854436E-2
2.200000E-8	2.022648E-2
2.205000E-8	2.157799E-2
2.210000E-8	2.254410E-2
2.215000E-8	2.307340E-2
2.220000E-8	2.311109E-2
2.225000E-8	2.264174E-2
2.230000E-8	2.170476E-2
2.235000E-8	2.033954E-2
2.240000E-8	1.861632E-2
2.245000E-8	1.662930E-2
2.250000E-8	1.447956E-2
2.255000E-8	1.232124E-2
2.260000E-8	1.030511E-2
2.265000E-8	8.535632E-3
2.270000E-8	7.091617E-3
2.275000E-8	6.063847E-3
2.280000E-8	5.476304E-3
2.285000E-8	5.311859E-3
2.290000E-8	5.589355E-3
2.295000E-8	6.301938E-3
2.300000E-8	7.382805E-3
2.305000E-8	8.761725E-3
2.310000E-8	1.035305E-2
2.315000E-8	1.205914E-2
2.320000E-8	1.377894E-2
2.325000E-8	1.544907E-2
2.330000E-8	1.697701E-2
2.335000E-8	1.826858E-2
2.340000E-8	1.928264E-2
2.345000E-8	1.998667E-2
2.350000E-8	2.030528E-2
2.355000E-8	2.019051E-2
2.360000E-8	1.967663E-2
2.365000E-8	1.877905E-2
2.370000E-8	1.751832E-2
2.375000E-8	1.595783E-2
2.380000E-8	1.417979E-2
2.385000E-8	1.226985E-2
2.390000E-8	1.034450E-2
2.395000E-8	8.503085E-3
2.400000E-8	6.819257E-3
2.405000E-8	5.416353E-3
2.410000E-8	4.402287E-3
2.415000E-8	3.830161E-3
2.420000E-8	3.687984E-3
2.425000E-8	4.006590E-3
2.430000E-8	4.789405E-3
2.435000E-8	5.945643E-3
2.440000E-8	7.374239E-3
2.445000E-8	9.015241E-3
2.450000E-8	1.078471E-2
2.455000E-8	1.256275E-2
2.460000E-8	1.423288E-2
2.465000E-8	1.567860E-2
2.470000E-8	1.682970E-2
2.475000E-8	1.765706E-2
2.480000E-8	1.812812E-2
2.485000E-8	1.817780E-2
2.490000E-8	1.781979E-2
2.495000E-8	1.709522E-2
2.500000E-8	1.602292E-2
2.505000E-8	1.459261E-2
2.510000E-8	1.289508E-2
2.515000E-8	1.106223E-2
2.520000E-8	9.171133E-3
2.525000E-8	7.281753E-3
2.530000E-8	5.519131E-3
2.535000E-8	4.003172E-3
2.540000E-8	2.785266E-3
2.545000E-8	1.916801E-3
2.550000E-8	1.486849E-3
2.555000E-8	1.522819E-3
2.560000E-8	2.014433E-3
2.565000E-8	2.939422E-3
2.570000E-8	4.254964E-3
2.575000E-8	5.865132E-3
2.580000E-8	7.674003E-3
2.585000E-8	9.565095E-3
2.590000E-8	1.141850E-2
2.595000E-8	1.315543E-2
2.600000E-8	1.468852E-2
2.605000E-8	1.588587E-2
2.610000E-8	1.668582E-2
2.615000E-8	1.707980E-2
2.620000E-8	1.704554E-2
2.625000E-8	1.654365E-2
2.630000E-8	1.563065E-2
2.635000E-8	1.438363E-2
2.640000E-8	1.287966E-2
2.645000E-8	1.118213E-2
2.650000E-8	9.381825E-3
2.655000E-8	7.588370E-3
2.660000E-8	5.883988E-3
2.665000E-8	4.326919E-3
2.670000E-8	3.013088E-3
2.675000E-8	2.045271E-3
2.680000E-8	1.466294E-3
2.685000E-8	1.269303E-3
2.690000E-8	1.474855E-3
2.695000E-8	2.091514E-3
2.700000E-8	3.059327E-3
2.705000E-8	4.282370E-3
2.710000E-8	5.717818E-3
2.715000E-8	7.315997E-3
2.720000E-8	8.960425E-3
2.725000E-8	1.052435E-2
2.730000E-8	1.194780E-2
2.735000E-8	1.318284E-2
2.740000E-8	1.411126E-2
2.745000E-8	1.465940E-2
2.750000E-8	1.485639E-2
2.755000E-8	1.472279E-2
2.760000E-8	1.421404E-2
2.765000E-8	1.334387E-2
2.770000E-8	1.218078E-2
2.775000E-8	1.079672E-2
2.780000E-8	9.251642E-3
2.785000E-8	7.636333E-3
2.790000E-8	6.017599E-3
2.795000E-8	4.479373E-3
2.800000E-8	3.110728E-3
2.805000E-8	1.973330E-3
2.810000E-8	1.125420E-3
2.815000E-8	6.423676E-4
2.820000E-8	5.687093E-4
2.825000E-8	8.718991E-4
2.830000E-8	1.531382E-3
2.835000E-8	2.536880E-3
2.840000E-8	3.838718E-3
2.845000E-8	5.332406E-3
2.850000E-8	6.908317E-3
2.855000E-8	8.470523E-3
2.860000E-8	9.960787E-3
2.865000E-8	1.130374E-2
2.870000E-8	1.239488E-2
2.875000E-8	1.319654E-2
2.880000E-8	1.367960E-2
2.885000E-8	1.375497E-2
2.890000E-8	1.340553E-2
2.895000E-8	1.273748E-2
2.900000E-8	1.179194E-2
2.905000E-8	1.054320E-2
2.910000E-8	9.075206E-3
2.915000E-8	7.543832E-3
2.920000E-8	6.002181E-3
2.925000E-8	4.462242E-3
2.930000E-8	3.049060E-3
2.935000E-8	1.877404E-3
2.940000E-8	9.455598E-4
2.945000E-8	2.912127E-4
2.950000E-8	1.028781E-5
2.955000E-8	1.216275E-4
2.960000E-8	5.669918E-4
2.965000E-8	1.327538E-3
2.970000E-8	2.403268E-3
2.975000E-8	3.725661E-3
2.980000E-8	5.185091E-3
2.985000E-8	6.697623E-3
2.990000E-8	8.201590E-3
2.995000E-8	9.609633E-3
3.000000E-8	1.080527E-2
3.005000E-8	1.171313E-2
3.010000E-8	1.231609E-2
3.015000E-8	1.260216E-2
3.020000E-8	1.251994E-2
3.025000E-8	1.204716E-2
3.030000E-8	1.123865E-2
3.035000E-8	1.016121E-2
3.040000E-8	8.837106E-3
3.045000E-8	7.345130E-3
3.050000E-8	5.796627E-3
3.055000E-8	4.258401E-3
3.060000E-8	2.790405E-3
3.065000E-8	1.495417E-3
3.070000E-8	4.539448E-4
3.075000E-8	-3.100305E-4
3.080000E-8	-7.434072E-4
3.085000E-8	-8.393336E-4
3.090000E-8	-6.046614E-4
3.095000E-8	-3.418591E-6
3.100000E-8	9.438395E-4
3.105000E-8	2.132623E-3
3.110000E-8	3.475572E-3
3.115000E-8	4.950419E-3
3.120000E-8	6.450959E-3
3.125000E-8	7.841872E-3
3.130000E-8	9.071768E-3
3.135000E-8	1.012180E-2
3.140000E-8	1.094059E-2
3.145000E-8	1.145448E-2
3.150000E-8	1.163263E-2
3.155000E-8	1.148360E-2
3.160000E-8	1.103310E-2
3.165000E-8	1.028283E-2
3.170000E-8	9.243074E-3
3.175000E-8	8.018318E-3
3.180000E-8	6.695924E-3
3.185000E-8	5.251911E-3
3.190000E-8	3.753083E-3
3.195000E-8	2.363883E-3
3.200000E-8	1.163106E-3
3.205000E-8	1.319114E-4
3.210000E-8	-6.509065E-4
3.215000E-8	-1.077432E-3
3.220000E-8	-1.152803E-3
3.225000E-8	-9.335475E-4
3.230000E-8	-3.905449E-4
3.235000E-8	4.676400E-4
3.240000E-8	1.593045E-3
3.245000E-8	2.906874E-3
3.250000E-8	4.338897E-3
3.255000E-8	5.810318E-3
3.260000E-8	7.218360E-3
3.265000E-8	8.443117E-3
3.270000E-8	9.409220E-3
3.275000E-8	1.012866E-2
3.280000E-8	1.055690E-2
3.285000E-8	1.061856E-2
3.290000E-8	1.033250E-2
3.295000E-8	9.762093E-3
3.300000E-8	8.900483E-3
3.305000E-8	7.756236E-3
3.310000E-8	6.459536E-3
3.315000E-8	5.123439E-3
3.320000E-8	3.777063E-3
3.325000E-8	2.435826E-3
3.330000E-8	1.228198E-3
3.335000E-8	2.740867E-4
3.340000E-8	-4.247964E-4
3.345000E-8	-8.735895E-4
3.350000E-8	-1.019191E-3
3.355000E-8	-8.187781E-4
3.360000E-8	-3.066086E-4
3.365000E-8	4.607901E-4
3.370000E-8	1.459437E-3
3.375000E-8	2.639656E-3
3.380000E-8	3.939781E-3
3.385000E-8	5.272453E-3
3.390000E-8	6.558876E-3
3.395000E-8	7.757939E-3
3.400000E-8	8.823392E-3
3.405000E-8	9.645607E-3
3.410000E-8	1.018690E-2
3.415000E-8	1.045069E-2
3.420000E-8	1.039759E-2
3.425000E-8	9.984775E-3
3.430000E-8	9.284181E-3
3.435000E-8	8.378034E-3
3.440000E-8	7.257768E-3
3.445000E-8	5.933661E-3
3.450000E-8	4.532471E-3
3.455000E-8	3.153549E-3
3.460000E-8	1.834580E-3
3.465000E-8	6.355173E-4
3.470000E-8	-3.237336E-4
3.475000E-8	-9.866449E-4
3.480000E-8	-1.356643E-3
3.485000E-8	-1.420023E-3
3.490000E-8	-1.130536E-3
3.495000E-8	-5.241544E-4
3.500000E-8	3.031976E-4
3.505000E-8	1.317261E-3
3.510000E-8	2.497480E-3
3.515000E-8	3.777051E-3
3.520000E-8	5.066899E-3
3.525000E-8	6.279666E-3
3.530000E-8	7.341693E-3
3.535000E-8	8.222148E-3
3.540000E-8	8.919318E-3
3.545000E-8	9.376676E-3
3.550000E-8	9.517139E-3
3.555000E-8	9.386957E-3
3.560000E-8	9.046082E-3
3.565000E-8	8.456830E-3
3.570000E-8	7.620913E-3
3.575000E-8	6.642821E-3
3.580000E-8	5.567091E-3
3.585000E-8	4.392010E-3
3.590000E-8	3.196374E-3
3.595000E-8	2.082958E-3
3.600000E-8	1.068893E-3
3.605000E-8	1.901509E-4
3.610000E-8	-4.590569E-4
3.615000E-8	-8.239157E-4
3.620000E-8	-9.215549E-4
3.625000E-8	-7.639651E-4
3.630000E-8	-3.579981E-4
3.635000E-8	2.843557E-4
3.640000E-8	1.139115E-3
3.645000E-8	2.149753E-3
3.650000E-8	3.258029E-3
3.655000E-8	4.378295E-3
3.660000E-8	5.430044E-3
3.665000E-8	6.377304E-3
3.670000E-8	7.196093E-3
3.675000E-8	7.831597E-3
3.680000E-8	8.227289E-3
3.685000E-8	8.379742E-3
3.690000E-8	8.282106E-3
3.695000E-8	7.924101E-3
3.700000E-8	7.319432E-3
3.705000E-8	6.486941E-3
3.710000E-8	5.474591E-3
3.715000E-8	4.350899E-3
3.720000E-8	3.174105E-3
3.725000E-8	1.971616E-3
3.730000E-8	8.325068E-4
3.735000E-8	-1.198921E-4
3.740000E-8	-8.530340E-4
3.745000E-8	-1.360067E-3
3.750000E-8	-1.562196E-3
3.755000E-8	-1.414884E-3
3.760000E-8	-9.575282E-4
3.765000E-8	-2.535083E-4
3.770000E-8	6.783336E-4
3.775000E-8	1.790035E-3
3.780000E-8	2.990810E-3
3.785000E-8	4.184733E-3
3.790000E-8	5.322130E-3
3.795000E-8	6.373879E-3
3.800000E-8	7.280028E-3
3.805000E-8	7.958356E-3
3.810000E-8	8.374603E-3
3.815000E-8	8.525343E-3
3.820000E-8	8.405438E-3
3.825000E-8	8.025165E-3
3.830000E-8	7.406793E-3
3.835000E-8	6.603422E-3
3.840000E-8	5.663015E-3
3.845000E-8	4.638673E-3
3.850000E-8	3.569795E-3
3.855000E-8	2.514620E-3
3.860000E-8	1.505694E-3
3.865000E-8	5.944058E-4
3.870000E-8	-1.507267E-4
3.875000E-8	-6.817411E-4
3.880000E-8	-9.952113E-4
3.885000E-8	-1.070582E-3
3.890000E-8	-8.838719E-4
3.895000E-8	-4.796175E-4
3.900000E-8	1.336164E-4
3.905000E-8	9.643947E-4
3.910000E-8	1.947625E-3
3.915000E-8	2.982245E-3
3.920000E-8	4.056262E-3
3.925000E-8	5.121715E-3
3.930000E-8	6.084391E-3
3.935000E-8	6.906606E-3
3.940000E-8	7.581508E-3
3.945000E-8	8.008033E-3
3.950000E-8	8.141644E-3
3.955000E-8	8.052572E-3
3.960000E-8	7.735678E-3
3.965000E-8	7.141286E-3
3.970000E-8	6.331063E-3
3.975000E-8	5.394082E-3
3.980000E-8	4.349185E-3
3.985000E-8	3.249473E-3
3.990000E-8	2.211427E-3
3.995000E-8	1.306991E-3
4.000000E-8	5.378777E-4
4.005000E-8	-7.193187E-5
4.010000E-8	-4.710491E-4
4.015000E-8	-6.389186E-4
4.020000E-8	-5.789663E-4
4.025000E-8	-3.100345E-4
4.030000E-8	1.644510E-4
4.035000E-8	8.359253E-4
4.040000E-8	1.658139E-3
4.045000E-8	2.566000E-3
4.050000E-8	3.485852E-3
4.055000E-8	4.371445E-3
4.060000E-8	5.190234E-3
4.065000E-8	5.895968E-3
4.070000E-8	6.418417E-3
4.075000E-8	6.718183E-3
4.080000E-8	6.820960E-3
4.085000E-8	6.743878E-3
4.090000E-8	6.459530E-3
4.095000E-8	5.995323E-3
4.100000E-8	5.414635E-3
4.105000E-8	4.707189E-3
4.110000E-8	3.881550E-3
4.115000E-8	3.031929E-3
4.120000E-8	2.216566E-3
4.125000E-8	1.414907E-3
4.130000E-8	6.903309E-4
4.135000E-8	1.233451E-4
4.140000E-8	-3.117440E-4
4.145000E-8	-6.354917E-4
4.150000E-8	-7.793802E-4
4.155000E-8	-7.074374E-4
4.160000E-8	-4.676258E-4
4.165000E-8	-9.420440E-5
4.170000E-8	4.179658E-4
4.175000E-8	1.074024E-3
4.180000E-8	1.846562E-3
4.185000E-8	2.660211E-3
4.190000E-8	3.468722E-3
4.195000E-8	4.256678E-3
4.200000E-8	4.969264E-3
4.205000E-8	5.520833E-3
4.210000E-8	5.907960E-3
4.215000E-8	6.171754E-3
4.220000E-8	6.257403E-3
4.225000E-8	6.103238E-3
4.230000E-8	5.731530E-3
4.235000E-8	5.203943E-3
4.240000E-8	4.544459E-3
4.245000E-8	3.802754E-3
4.250000E-8	3.018225E-3
4.255000E-8	2.202862E-3
4.260000E-8	1.389212E-3
4.265000E-8	6.612099E-4
4.270000E-8	4.968754E-5
4.275000E-8	-4.196604E-4
4.280000E-8	-7.005844E-4
4.285000E-8	-7.810938E-4
4.290000E-8	-7.022991E-4
4.295000E-8	-4.436451E-4
4.300000E-8	1.713666E-5
4.305000E-8	6.029636E-4
4.310000E-8	1.272725E-3
4.315000E-8	2.060680E-3
4.320000E-8	2.912015E-3
4.325000E-8	3.705109E-3
4.330000E-8	4.417695E-3
4.335000E-8	5.075467E-3
4.340000E-8	5.618472E-3
4.345000E-8	5.993608E-3
4.350000E-8	6.218005E-3
4.355000E-8	6.269394E-3
4.360000E-8	6.098100E-3
4.365000E-8	5.729818E-3
4.370000E-8	5.200518E-3
4.375000E-8	4.491359E-3
4.380000E-8	3.648589E-3
4.385000E-8	2.771561E-3
4.390000E-8	1.903097E-3
4.395000E-8	1.070605E-3
4.400000E-8	3.288988E-4
4.405000E-8	-2.706329E-4
4.410000E-8	-6.851664E-4
4.415000E-8	-8.770170E-4
4.420000E-8	-8.290551E-4
4.425000E-8	-5.926692E-4
4.430000E-8	-1.729980E-4
4.435000E-8	4.299585E-4
4.440000E-8	1.145969E-3
4.445000E-8	1.884249E-3
4.450000E-8	2.619102E-3
4.455000E-8	3.338540E-3
4.460000E-8	3.974043E-3
4.465000E-8	4.474223E-3
4.470000E-8	4.852784E-3
4.475000E-8	5.097736E-3
4.480000E-8	5.174819E-3
4.485000E-8	5.094311E-3
4.490000E-8	4.904175E-3
4.495000E-8	4.597558E-3
4.500000E-8	4.176174E-3
4.505000E-8	3.691411E-3
4.510000E-8	3.175815E-3
4.515000E-8	2.631098E-3
4.520000E-8	2.084668E-3
4.525000E-8	1.570785E-3
4.530000E-8	1.094585E-3
4.535000E-8	6.783391E-4
4.540000E-8	3.545918E-4
4.545000E-8	1.147787E-4
4.550000E-8	-2.568367E-5
4.555000E-8	9.690211E-9
4.560000E-8	1.661646E-4
4.565000E-8	3.939856E-4
4.570000E-8	7.006022E-4
4.575000E-8	1.163097E-3
4.580000E-8	1.731795E-3
4.585000E-8	2.317622E-3
4.590000E-8	2.918867E-3
4.595000E-8	3.549231E-3
4.600000E-8	4.131634E-3
4.605000E-8	4.588991E-3
4.610000E-8	4.895609E-3
4.615000E-8	5.084034E-3
4.620000E-8	5.147414E-3
4.625000E-8	5.036074E-3
4.630000E-8	4.760290E-3
4.635000E-8	4.369739E-3
4.640000E-8	3.862707E-3
4.645000E-8	3.227204E-3
4.650000E-8	2.538600E-3
4.655000E-8	1.897958E-3
4.660000E-8	1.293287E-3
4.665000E-8	6.971813E-4
4.670000E-8	1.781579E-4
4.675000E-8	-1.918393E-4
4.680000E-8	-4.299397E-4
4.685000E-8	-5.344302E-4
4.690000E-8	-4.642000E-4
4.695000E-8	-2.038328E-4
4.700000E-8	2.021350E-4
4.705000E-8	7.245833E-4
4.710000E-8	1.349808E-3
4.715000E-8	2.050403E-3
4.720000E-8	2.768128E-3
4.725000E-8	3.461871E-3
4.730000E-8	4.119643E-3
4.735000E-8	4.700332E-3
4.740000E-8	5.135421E-3
4.745000E-8	5.376947E-3
4.750000E-8	5.430049E-3
4.755000E-8	5.311856E-3
4.760000E-8	5.017230E-3
4.765000E-8	4.541031E-3
4.770000E-8	3.939788E-3
4.775000E-8	3.270026E-3
4.780000E-8	2.545450E-3
4.785000E-8	1.793467E-3
4.790000E-8	1.077456E-3
4.795000E-8	4.453784E-4
4.800000E-8	-9.248710E-5
4.805000E-8	-4.984558E-4
4.810000E-8	-7.519724E-4
4.815000E-8	-8.204909E-4
4.820000E-8	-7.194278E-4
4.825000E-8	-4.813289E-4
4.830000E-8	-1.164719E-4
4.835000E-8	3.974115E-4
4.840000E-8	1.002081E-3
4.845000E-8	1.620455E-3
4.850000E-8	2.245680E-3
4.855000E-8	2.884609E-3
4.860000E-8	3.455020E-3
4.865000E-8	3.905525E-3
4.870000E-8	4.266957E-3
4.875000E-8	4.549594E-3
4.880000E-8	4.700333E-3
4.885000E-8	4.696908E-3
4.890000E-8	4.577002E-3
4.895000E-8	4.361172E-3
4.900000E-8	4.075110E-3
4.905000E-8	3.701688E-3
4.910000E-8	3.240906E-3
4.915000E-8	2.754429E-3
4.920000E-8	2.278231E-3
4.925000E-8	1.802032E-3
4.930000E-8	1.344675E-3
4.935000E-8	9.798173E-4
4.940000E-8	7.211621E-4
4.945000E-8	5.464412E-4
4.950000E-8	4.779229E-4
4.955000E-8	5.275977E-4
4.960000E-8	6.680587E-4
4.965000E-8	9.061577E-4
4.970000E-8	1.253885E-3
4.975000E-8	1.673557E-3
4.980000E-8	2.130913E-3
4.985000E-8	2.653361E-3
4.990000E-8	3.208356E-3
4.995000E-8	3.734231E-3
5.000000E-8	4.193301E-3
5.005000E-8	4.573575E-3
5.010000E-8	4.837369E-3
5.015000E-8	4.964128E-3
5.020000E-8	4.976119E-3
5.025000E-8	4.852788E-3
5.030000E-8	4.566726E-3
5.035000E-8	4.164184E-3
5.040000E-8	3.708541E-3
5.045000E-8	3.165537E-3
5.050000E-8	2.523182E-3
5.055000E-8	1.894531E-3
5.060000E-8	1.351527E-3
5.065000E-8	8.581981E-4
5.070000E-8	4.402389E-4
5.075000E-8	1.850095E-4
5.080000E-8	6.681582E-5
5.085000E-8	1.028813E-5
5.090000E-8	6.510190E-5
5.095000E-8	2.792196E-4
5.100000E-8	5.841235E-4
5.105000E-8	9.215735E-4
5.110000E-8	1.325829E-3
5.115000E-8	1.817444E-3
5.120000E-8	2.321050E-3
5.125000E-8	2.766416E-3
5.130000E-8	3.138126E-3
5.135000E-8	3.456734E-3
5.140000E-8	3.693121E-3
5.145000E-8	3.806176E-3
5.150000E-8	3.819880E-3
5.155000E-8	3.778770E-3
5.160000E-8	3.609189E-3
5.165000E-8	3.288868E-3
5.170000E-8	2.918872E-3
5.175000E-8	2.543737E-3
5.180000E-8	2.125778E-3
5.185000E-8	1.706106E-3
5.190000E-8	1.349814E-3
5.195000E-8	1.043196E-3
5.200000E-8	7.811154E-4
5.205000E-8	5.875523E-4
5.210000E-8	4.590810E-4
5.215000E-8	4.196829E-4
5.220000E-8	5.087557E-4
5.225000E-8	6.954665E-4
5.230000E-8	9.215749E-4
5.235000E-8	1.233331E-3
5.240000E-8	1.647863E-3
5.245000E-8	2.062396E-3
5.250000E-8	2.459799E-3
5.255000E-8	2.882897E-3
5.260000E-8	3.307708E-3
5.265000E-8	3.645158E-3
5.270000E-8	3.886684E-3
5.275000E-8	4.033998E-3
5.280000E-8	4.061406E-3
5.285000E-8	3.962055E-3
5.290000E-8	3.775345E-3
5.295000E-8	3.484144E-3
5.300000E-8	3.083315E-3
5.305000E-8	2.622533E-3
5.310000E-8	2.120639E-3
5.315000E-8	1.589626E-3
5.320000E-8	1.089445E-3
5.325000E-8	6.389403E-4
5.330000E-8	2.449624E-4
5.335000E-8	-5.822935E-5
5.340000E-8	-2.278113E-4
5.345000E-8	-2.860517E-4
5.350000E-8	-2.363765E-4
5.355000E-8	-5.823030E-5
5.360000E-8	2.192668E-4
5.365000E-8	5.447264E-4
5.370000E-8	9.232874E-4
5.375000E-8	1.341246E-3
5.380000E-8	1.764344E-3
5.385000E-8	2.185729E-3
5.390000E-8	2.559151E-3
5.395000E-8	2.877759E-3
5.400000E-8	3.155256E-3
5.405000E-8	3.345393E-3
5.410000E-8	3.374514E-3
5.415000E-8	3.324838E-3
5.420000E-8	3.254608E-3
5.425000E-8	3.097017E-3
5.430000E-8	2.833223E-3
5.435000E-8	2.566004E-3
5.440000E-8	2.302211E-3
5.445000E-8	1.995594E-3
5.450000E-8	1.683838E-3
5.455000E-8	1.401202E-3
5.460000E-8	1.125417E-3
5.465000E-8	9.061602E-4
5.470000E-8	7.759762E-4
5.475000E-8	6.851898E-4
5.480000E-8	6.081069E-4
5.485000E-8	6.235230E-4
5.490000E-8	7.211606E-4
5.495000E-8	8.650478E-4
5.500000E-8	1.070601E-3
5.505000E-8	1.341246E-3
5.510000E-8	1.627308E-3
5.515000E-8	1.951055E-3
5.520000E-8	2.338181E-3
5.525000E-8	2.706464E-3
5.530000E-8	3.026786E-3
5.535000E-8	3.338542E-3
5.540000E-8	3.610901E-3
5.545000E-8	3.763353E-3
5.550000E-8	3.806177E-3
5.555000E-8	3.770206E-3
5.560000E-8	3.624606E-3
5.565000E-8	3.369377E-3
5.570000E-8	3.026788E-3
5.575000E-8	2.605403E-3
5.580000E-8	2.139482E-3
5.585000E-8	1.659857E-3
5.590000E-8	1.164815E-3
5.595000E-8	6.886158E-4
5.600000E-8	3.049155E-4
5.605000E-8	1.542709E-5
5.610000E-8	-1.695716E-4
5.615000E-8	-1.969792E-4
5.620000E-8	-7.707333E-5
5.625000E-8	1.216281E-4
5.630000E-8	4.111159E-4
5.635000E-8	8.222229E-4
5.640000E-8	1.276154E-3
5.645000E-8	1.711242E-3
5.650000E-8	2.154895E-3
5.655000E-8	2.598549E-3
5.660000E-8	2.944564E-3
5.665000E-8	3.175812E-3
5.670000E-8	3.317987E-3
5.675000E-8	3.364236E-3
5.680000E-8	3.302570E-3
5.685000E-8	3.158683E-3
5.690000E-8	2.922296E-3
5.695000E-8	2.613966E-3
5.700000E-8	2.281655E-3
5.705000E-8	1.937353E-3
5.710000E-8	1.575921E-3
5.715000E-8	1.226481E-3
5.720000E-8	9.352799E-4
5.725000E-8	7.040323E-4
5.730000E-8	5.361637E-4
5.735000E-8	4.522293E-4
5.740000E-8	4.436644E-4
5.745000E-8	4.950526E-4
5.750000E-8	6.355138E-4
5.755000E-8	8.547704E-4
5.760000E-8	1.113425E-3
5.765000E-8	1.404625E-3
5.770000E-8	1.736936E-3
5.775000E-8	2.081238E-3
5.780000E-8	2.408411E-3
5.785000E-8	2.689334E-3
5.790000E-8	2.912017E-3
5.795000E-8	3.061043E-3
5.800000E-8	3.165533E-3
5.805000E-8	3.218635E-3
5.810000E-8	3.186089E-3
5.815000E-8	3.081600E-3
5.820000E-8	2.939426E-3
5.825000E-8	2.737298E-3
5.830000E-8	2.451237E-3
5.835000E-8	2.161749E-3
5.840000E-8	1.880826E-3
5.845000E-8	1.581060E-3
5.850000E-8	1.284720E-3
5.855000E-8	1.038056E-3
5.860000E-8	8.273638E-4
5.865000E-8	6.338009E-4
5.870000E-8	4.642191E-4
5.875000E-8	3.271832E-4
5.880000E-8	2.363968E-4
5.885000E-8	2.072765E-4
5.890000E-8	2.381093E-4
5.895000E-8	3.288952E-4
5.900000E-8	5.087543E-4
5.905000E-8	7.468536E-4
5.910000E-8	1.019212E-3
5.915000E-8	1.336107E-3
5.920000E-8	1.706103E-3
5.925000E-8	2.069248E-3
5.930000E-8	2.389569E-3
5.935000E-8	2.679057E-3
5.940000E-8	2.915444E-3
5.945000E-8	3.061045E-3
5.950000E-8	3.117572E-3
5.955000E-8	3.088453E-3
5.960000E-8	2.963408E-3
5.965000E-8	2.752716E-3
5.970000E-8	2.488922E-3
5.975000E-8	2.173740E-3
5.980000E-8	1.832863E-3
5.985000E-8	1.495413E-3
5.990000E-8	1.169953E-3
5.995000E-8	8.684740E-4
6.000000E-8	6.320872E-4
6.005000E-8	4.727831E-4
6.010000E-8	3.494509E-4
6.015000E-8	2.706552E-4
6.020000E-8	2.723680E-4
6.025000E-8	3.374598E-4
6.030000E-8	4.625048E-4
6.035000E-8	6.697711E-4
6.040000E-8	9.404165E-4
6.045000E-8	1.231617E-3
6.050000E-8	1.558790E-3
6.055000E-8	1.935638E-3
6.060000E-8	2.305634E-3
6.065000E-8	2.629381E-3
6.070000E-8	2.927434E-3
6.075000E-8	3.194654E-3
6.080000E-8	3.359097E-3
6.085000E-8	3.396782E-3
6.090000E-8	3.353958E-3
6.095000E-8	3.252895E-3
6.100000E-8	3.069610E-3
6.105000E-8	2.816094E-3
6.110000E-8	2.523180E-3
6.115000E-8	2.202859E-3
6.120000E-8	1.873974E-3
6.125000E-8	1.560504E-3
6.130000E-8	1.255600E-3
6.135000E-8	9.712506E-4
6.140000E-8	7.519932E-4
6.145000E-8	6.303738E-4
6.150000E-8	5.961146E-4
6.155000E-8	6.423639E-4
6.160000E-8	7.485663E-4
6.165000E-8	8.907406E-4
6.170000E-8	1.077452E-3
6.175000E-8	1.322403E-3
6.180000E-8	1.587909E-3
6.185000E-8	1.849990E-3
6.190000E-8	2.117209E-3
6.195000E-8	2.398133E-3
6.200000E-8	2.663639E-3
6.205000E-8	2.870906E-3
6.210000E-8	2.995951E-3
6.215000E-8	3.055904E-3
6.220000E-8	3.061044E-3
6.225000E-8	2.959980E-3
6.230000E-8	2.759565E-3
6.235000E-8	2.530031E-3
6.240000E-8	2.269663E-3
6.245000E-8	1.915083E-3
6.250000E-8	1.526245E-3
6.255000E-8	1.180230E-3
6.260000E-8	8.307885E-4
6.265000E-8	4.573662E-4
6.270000E-8	1.815819E-4
6.275000E-8	5.139795E-5
6.280000E-8	-3.253642E-5
6.285000E-8	-7.536009E-5
6.290000E-8	2.227786E-5
6.295000E-8	2.192667E-4
6.300000E-8	4.453756E-4
6.305000E-8	7.040305E-4
6.310000E-8	1.005509E-3
6.315000E-8	1.301849E-3
6.320000E-8	1.586198E-3
6.325000E-8	1.849991E-3
6.330000E-8	2.062397E-3
6.335000E-8	2.235404E-3
6.340000E-8	2.353597E-3
6.345000E-8	2.377578E-3
6.350000E-8	2.353597E-3
6.355000E-8	2.355310E-3
6.360000E-8	2.339894E-3
6.365000E-8	2.259385E-3
6.370000E-8	2.153183E-3
6.375000E-8	2.065823E-3
6.380000E-8	1.964759E-3
6.385000E-8	1.844853E-3
6.390000E-8	1.723234E-3
6.395000E-8	1.603328E-3
6.400000E-8	1.503977E-3
6.405000E-8	1.433746E-3
6.410000E-8	1.361802E-3
6.415000E-8	1.300136E-3
6.420000E-8	1.300136E-3
6.425000E-8	1.341247E-3
6.430000E-8	1.385784E-3
6.435000E-8	1.483421E-3
6.440000E-8	1.656429E-3
6.445000E-8	1.829436E-3
6.450000E-8	1.999018E-3
6.455000E-8	2.196006E-3
6.460000E-8	2.377579E-3
6.465000E-8	2.490633E-3
6.470000E-8	2.574567E-3
6.475000E-8	2.632807E-3
6.480000E-8	2.634520E-3
6.485000E-8	2.557438E-3
6.490000E-8	2.411837E-3
6.495000E-8	2.230265E-3
6.500000E-8	2.058971E-3
6.505000E-8	1.892815E-3
6.510000E-8	1.716382E-3
6.515000E-8	1.584486E-3
6.520000E-8	1.541662E-3
6.525000E-8	1.531385E-3
6.530000E-8	1.517681E-3
6.535000E-8	1.551940E-3
6.540000E-8	1.634162E-3
6.545000E-8	1.692402E-3
6.550000E-8	1.735225E-3
6.555000E-8	1.796891E-3
6.560000E-8	1.860269E-3
6.565000E-8	1.896241E-3
6.570000E-8	1.933925E-3
6.575000E-8	1.959619E-3
6.580000E-8	1.957906E-3
6.585000E-8	1.969896E-3
6.590000E-8	2.002442E-3
6.595000E-8	2.034988E-3
6.600000E-8	2.076099E-3
6.605000E-8	2.141192E-3
6.610000E-8	2.166886E-3
6.615000E-8	2.154896E-3
6.620000E-8	2.125776E-3
6.625000E-8	2.041842E-3
6.630000E-8	1.889390E-3
6.635000E-8	1.721521E-3
6.640000E-8	1.557078E-3
6.645000E-8	1.358377E-3
6.650000E-8	1.140832E-3
6.655000E-8	9.404176E-4
6.660000E-8	7.554192E-4
6.665000E-8	6.029668E-4
6.670000E-8	5.070416E-4
6.675000E-8	4.419494E-4
6.680000E-8	4.128291E-4
6.685000E-8	4.402360E-4
6.690000E-8	5.070408E-4
6.695000E-8	5.944009E-4
6.700000E-8	7.331494E-4
6.705000E-8	9.249992E-4
6.710000E-8	1.145969E-3
6.715000E-8	1.406337E-3
6.720000E-8	1.699251E-3
6.725000E-8	1.993878E-3
6.730000E-8	2.274801E-3
6.735000E-8	2.560863E-3
6.740000E-8	2.821231E-3
6.745000E-8	3.009656E-3
6.750000E-8	3.117572E-3
6.755000E-8	3.151831E-3
6.760000E-8	3.122711E-3
6.765000E-8	3.009657E-3
6.770000E-8	2.826372E-3
6.775000E-8	2.622531E-3
6.780000E-8	2.420403E-3
6.785000E-8	2.206285E-3
6.790000E-8	1.988741E-3
6.795000E-8	1.814021E-3
6.800000E-8	1.700966E-3
6.805000E-8	1.632448E-3
6.810000E-8	1.601615E-3
6.815000E-8	1.617031E-3
6.820000E-8	1.671845E-3
6.825000E-8	1.730085E-3
6.830000E-8	1.791751E-3
6.835000E-8	1.892815E-3
6.840000E-8	2.009295E-3
6.845000E-8	2.094942E-3
6.850000E-8	2.160034E-3
6.855000E-8	2.247395E-3
6.860000E-8	2.312487E-3
6.865000E-8	2.338181E-3
6.870000E-8	2.367301E-3
6.875000E-8	2.406699E-3
6.880000E-8	2.425542E-3
6.885000E-8	2.403274E-3
6.890000E-8	2.345034E-3
6.895000E-8	2.242257E-3
6.900000E-8	2.108647E-3
6.905000E-8	1.951056E-3
6.910000E-8	1.772910E-3
6.915000E-8	1.610180E-3
6.920000E-8	1.478283E-3
6.925000E-8	1.330969E-3
6.930000E-8	1.156249E-3
6.935000E-8	1.026064E-3
6.940000E-8	9.661109E-4
6.945000E-8	9.198611E-4
6.950000E-8	8.924537E-4
6.955000E-8	9.284253E-4
6.960000E-8	9.986559E-4
6.965000E-8	1.060322E-3
6.970000E-8	1.128840E-3
6.975000E-8	1.214487E-3
6.980000E-8	1.272727E-3
6.985000E-8	1.291570E-3
6.990000E-8	1.300135E-3
6.995000E-8	1.312125E-3
7.000000E-8	1.300135E-3
7.005000E-8	1.284718E-3
7.010000E-8	1.294996E-3
7.015000E-8	1.334394E-3
7.020000E-8	1.390922E-3
7.025000E-8	1.459440E-3
7.030000E-8	1.534810E-3
7.035000E-8	1.613606E-3
7.040000E-8	1.680411E-3
7.045000E-8	1.719809E-3
7.050000E-8	1.731800E-3
7.055000E-8	1.721522E-3
7.060000E-8	1.692402E-3
7.065000E-8	1.622171E-3
7.070000E-8	1.512542E-3
7.075000E-8	1.411478E-3
7.080000E-8	1.339534E-3
7.085000E-8	1.279580E-3
7.090000E-8	1.228192E-3
7.095000E-8	1.211062E-3
7.100000E-8	1.228191E-3
7.105000E-8	1.255598E-3
7.110000E-8	1.305274E-3
7.115000E-8	1.390921E-3
7.120000E-8	1.490272E-3
7.125000E-8	1.587911E-3
7.130000E-8	1.675271E-3
7.135000E-8	1.752354E-3
7.140000E-8	1.819159E-3
7.145000E-8	1.877399E-3
7.150000E-8	1.906519E-3
7.155000E-8	1.901380E-3
7.160000E-8	1.887676E-3
7.165000E-8	1.872260E-3
7.170000E-8	1.839713E-3
7.175000E-8	1.808880E-3
7.180000E-8	1.776334E-3
7.185000E-8	1.707816E-3
7.190000E-8	1.608465E-3
7.195000E-8	1.503975E-3
7.200000E-8	1.404624E-3
7.205000E-8	1.288144E-3
7.210000E-8	1.171664E-3
7.215000E-8	1.098007E-3
7.220000E-8	1.072313E-3
7.225000E-8	1.051758E-3
7.230000E-8	1.024351E-3
7.235000E-8	1.053471E-3
7.240000E-8	1.151109E-3
7.245000E-8	1.264163E-3
7.250000E-8	1.366940E-3
7.255000E-8	1.490272E-3
7.260000E-8	1.663280E-3
7.265000E-8	1.838000E-3
7.270000E-8	1.973323E-3
7.275000E-8	2.076100E-3
7.280000E-8	2.148044E-3
7.285000E-8	2.175451E-3
7.290000E-8	2.149757E-3
7.295000E-8	2.089804E-3
7.300000E-8	2.005870E-3
7.305000E-8	1.889390E-3
7.310000E-8	1.740364E-3
7.315000E-8	1.567357E-3
7.320000E-8	1.380645E-3
7.325000E-8	1.193934E-3
7.330000E-8	1.027778E-3
7.335000E-8	9.044455E-4
7.340000E-8	8.444921E-4
7.345000E-8	8.427789E-4
7.350000E-8	8.736117E-4
7.355000E-8	9.267129E-4
7.360000E-8	1.031203E-3
7.365000E-8	1.166525E-3
7.370000E-8	1.291570E-3
7.375000E-8	1.435458E-3
7.380000E-8	1.605040E-3
7.385000E-8	1.742076E-3
7.390000E-8	1.826011E-3
7.395000E-8	1.903093E-3
7.400000E-8	1.952769E-3
7.405000E-8	1.928787E-3
7.410000E-8	1.851705E-3
7.415000E-8	1.779761E-3
7.420000E-8	1.682123E-3
7.425000E-8	1.533096E-3
7.430000E-8	1.363515E-3
7.435000E-8	1.193933E-3
7.440000E-8	1.022638E-3
7.445000E-8	8.496304E-4
7.450000E-8	6.783357E-4
7.455000E-8	5.310224E-4
7.460000E-8	4.436622E-4
7.465000E-8	3.991256E-4
7.470000E-8	4.008386E-4
7.475000E-8	4.710695E-4
7.480000E-8	5.858370E-4
7.485000E-8	7.160210E-4
7.490000E-8	8.736121E-4
7.495000E-8	1.063749E-3
7.500000E-8	1.233331E-3
7.505000E-8	1.380644E-3
7.510000E-8	1.527957E-3
7.515000E-8	1.653002E-3
7.520000E-8	1.733510E-3
7.525000E-8	1.766056E-3
7.530000E-8	1.766056E-3
7.535000E-8	1.755778E-3
7.540000E-8	1.742074E-3
7.545000E-8	1.712954E-3
7.550000E-8	1.666704E-3
7.555000E-8	1.653001E-3
7.560000E-8	1.683834E-3
7.565000E-8	1.718093E-3
7.570000E-8	1.759204E-3
7.575000E-8	1.819157E-3
7.580000E-8	1.875685E-3
7.585000E-8	1.887676E-3
7.590000E-8	1.879111E-3
7.595000E-8	1.858556E-3
7.600000E-8	1.798603E-3
7.605000E-8	1.680410E-3
7.610000E-8	1.553652E-3
7.615000E-8	1.435458E-3
7.620000E-8	1.313839E-3
7.625000E-8	1.188794E-3
7.630000E-8	1.098008E-3
7.635000E-8	1.044907E-3
7.640000E-8	1.036342E-3
7.645000E-8	1.087730E-3
7.650000E-8	1.183655E-3
7.655000E-8	1.284719E-3
7.660000E-8	1.411477E-3
7.665000E-8	1.567355E-3
7.670000E-8	1.714668E-3
7.675000E-8	1.843139E-3
7.680000E-8	1.969897E-3
7.685000E-8	2.057257E-3
7.690000E-8	2.096655E-3
7.695000E-8	2.129201E-3
7.700000E-8	2.139479E-3
7.705000E-8	2.091516E-3
7.710000E-8	2.026424E-3
7.715000E-8	1.945916E-3
7.720000E-8	1.827723E-3
7.725000E-8	1.709530E-3
7.730000E-8	1.623882E-3
7.735000E-8	1.526245E-3
7.740000E-8	1.418329E-3
7.745000E-8	1.348098E-3
7.750000E-8	1.294997E-3
7.755000E-8	1.245322E-3
7.760000E-8	1.255599E-3
7.765000E-8	1.303561E-3
7.770000E-8	1.351524E-3
7.775000E-8	1.444023E-3
7.780000E-8	1.575919E-3
7.785000E-8	1.668418E-3
7.790000E-8	1.724945E-3
7.795000E-8	1.814018E-3
7.800000E-8	1.916795E-3
7.805000E-8	1.976748E-3
7.810000E-8	1.995591E-3
7.815000E-8	2.005869E-3
7.820000E-8	2.005869E-3
7.825000E-8	1.973323E-3
7.830000E-8	1.913370E-3
7.835000E-8	1.841427E-3
7.840000E-8	1.760918E-3
7.845000E-8	1.649577E-3
7.850000E-8	1.519393E-3
7.855000E-8	1.418329E-3
7.860000E-8	1.344672E-3
7.865000E-8	1.271015E-3
7.870000E-8	1.199072E-3
7.875000E-8	1.180229E-3
7.880000E-8	1.205924E-3
7.885000E-8	1.253886E-3
7.890000E-8	1.330969E-3
7.895000E-8	1.457727E-3
7.900000E-8	1.594762E-3
7.905000E-8	1.706104E-3
7.910000E-8	1.805455E-3
7.915000E-8	1.885963E-3
7.920000E-8	1.920222E-3
7.925000E-8	1.899666E-3
7.930000E-8	1.863694E-3
7.935000E-8	1.824296E-3
7.940000E-8	1.774621E-3
7.945000E-8	1.716380E-3
7.950000E-8	1.661566E-3
7.955000E-8	1.629021E-3
7.960000E-8	1.635873E-3
7.965000E-8	1.647864E-3
7.970000E-8	1.646151E-3
7.975000E-8	1.656429E-3
7.980000E-8	1.682123E-3
7.985000E-8	1.663281E-3
7.990000E-8	1.618745E-3
7.995000E-8	1.599902E-3
8.000000E-8	1.572495E-3
8.005000E-8	1.507403E-3
8.010000E-8	1.459440E-3
8.015000E-8	1.461153E-3
8.020000E-8	1.473143E-3
8.025000E-8	1.507402E-3
8.030000E-8	1.582771E-3
8.035000E-8	1.702677E-3
8.040000E-8	1.879110E-3
8.045000E-8	2.091516E-3
8.050000E-8	2.285079E-3
8.055000E-8	2.447809E-3
8.060000E-8	2.600261E-3
8.065000E-8	2.720167E-3
8.070000E-8	2.776695E-3
8.075000E-8	2.781834E-3
8.080000E-8	2.715029E-3
8.085000E-8	2.571141E-3
8.090000E-8	2.394708E-3
8.095000E-8	2.190867E-3
8.100000E-8	1.957906E-3
8.105000E-8	1.721519E-3
8.110000E-8	1.522818E-3
8.115000E-8	1.341245E-3
8.120000E-8	1.183654E-3
8.125000E-8	1.072313E-3
8.130000E-8	9.900918E-4
8.135000E-8	9.301389E-4
8.140000E-8	9.267132E-4
8.145000E-8	9.643982E-4
8.150000E-8	1.003796E-3
8.155000E-8	1.051759E-3
8.160000E-8	1.111712E-3
8.165000E-8	1.169952E-3
8.170000E-8	1.228192E-3
8.175000E-8	1.325830E-3
8.180000E-8	1.442310E-3
8.185000E-8	1.546800E-3
8.190000E-8	1.671845E-3
8.195000E-8	1.808881E-3
8.200000E-8	1.915083E-3
8.205000E-8	1.995592E-3
8.210000E-8	2.046981E-3
8.215000E-8	2.072675E-3
8.220000E-8	2.091517E-3
8.225000E-8	2.084666E-3
8.230000E-8	2.016148E-3
8.235000E-8	1.927075E-3
8.240000E-8	1.858557E-3
8.245000E-8	1.781474E-3
8.250000E-8	1.688975E-3
8.255000E-8	1.629022E-3
8.260000E-8	1.594763E-3
8.265000E-8	1.536522E-3
8.270000E-8	1.490273E-3
8.275000E-8	1.476569E-3
8.280000E-8	1.447449E-3
8.285000E-8	1.389209E-3
8.290000E-8	1.372079E-3
8.295000E-8	1.389209E-3
8.300000E-8	1.402912E-3
8.305000E-8	1.423467E-3
8.310000E-8	1.479994E-3
8.315000E-8	1.522818E-3
8.320000E-8	1.563929E-3
8.325000E-8	1.625595E-3
8.330000E-8	1.678697E-3
8.335000E-8	1.709530E-3
8.340000E-8	1.747215E-3
8.345000E-8	1.791751E-3
8.350000E-8	1.798603E-3
8.355000E-8	1.783187E-3
8.360000E-8	1.757493E-3
8.365000E-8	1.676984E-3
8.370000E-8	1.555365E-3
8.375000E-8	1.471430E-3
8.380000E-8	1.416616E-3
8.385000E-8	1.341246E-3
8.390000E-8	1.262450E-3
8.395000E-8	1.223052E-3
8.400000E-8	1.216201E-3
8.405000E-8	1.219626E-3
8.410000E-8	1.236756E-3
8.415000E-8	1.289857E-3
8.420000E-8	1.384069E-3
8.425000E-8	1.468004E-3
8.430000E-8	1.533096E-3
8.435000E-8	1.618743E-3
8.440000E-8	1.700965E-3
8.445000E-8	1.731798E-3
8.450000E-8	1.736937E-3
8.455000E-8	1.776335E-3
8.460000E-8	1.779760E-3
8.465000E-8	1.718094E-3
8.470000E-8	1.671845E-3
8.475000E-8	1.661567E-3
8.480000E-8	1.629021E-3
8.485000E-8	1.589623E-3
8.490000E-8	1.582771E-3
8.495000E-8	1.613604E-3
8.500000E-8	1.656428E-3
8.505000E-8	1.688974E-3
8.510000E-8	1.682122E-3
8.515000E-8	1.666705E-3
8.520000E-8	1.673557E-3
8.525000E-8	1.642724E-3
8.530000E-8	1.553651E-3
8.535000E-8	1.488559E-3
8.540000E-8	1.459439E-3
8.545000E-8	1.399486E-3
8.550000E-8	1.341246E-3
8.555000E-8	1.327542E-3
8.560000E-8	1.344672E-3
8.565000E-8	1.390921E-3
8.570000E-8	1.493698E-3
8.575000E-8	1.613604E-3
8.580000E-8	1.718094E-3
8.585000E-8	1.829436E-3
8.590000E-8	1.937352E-3
8.595000E-8	1.995592E-3
8.600000E-8	1.993879E-3
8.605000E-8	1.932213E-3
8.610000E-8	1.815733E-3
8.615000E-8	1.697539E-3
8.620000E-8	1.598188E-3
8.625000E-8	1.466292E-3
8.630000E-8	1.346385E-3
8.635000E-8	1.341247E-3
8.640000E-8	1.409764E-3
8.645000E-8	1.444023E-3
8.650000E-8	1.497125E-3
8.655000E-8	1.629022E-3
8.660000E-8	1.779761E-3
8.665000E-8	1.882538E-3
8.670000E-8	1.975037E-3
8.675000E-8	2.040129E-3
8.680000E-8	2.040129E-3
8.685000E-8	1.992166E-3
8.690000E-8	1.916796E-3
8.695000E-8	1.810593E-3
8.700000E-8	1.711243E-3
8.705000E-8	1.658141E-3
8.710000E-8	1.618743E-3
8.715000E-8	1.608466E-3
8.720000E-8	1.649576E-3
8.725000E-8	1.721520E-3
8.730000E-8	1.772909E-3
8.735000E-8	1.810593E-3
8.740000E-8	1.861982E-3
8.745000E-8	1.884250E-3
8.750000E-8	1.889389E-3
8.755000E-8	1.908231E-3
8.760000E-8	1.927074E-3
8.765000E-8	1.899667E-3
8.770000E-8	1.834575E-3
8.775000E-8	1.774622E-3
8.780000E-8	1.736937E-3
8.785000E-8	1.702678E-3
8.790000E-8	1.673558E-3
8.795000E-8	1.671845E-3
8.800000E-8	1.706104E-3
8.805000E-8	1.742075E-3
8.810000E-8	1.754066E-3
8.815000E-8	1.772908E-3
8.820000E-8	1.824296E-3
8.825000E-8	1.853416E-3
8.830000E-8	1.822583E-3
8.835000E-8	1.791750E-3
8.840000E-8	1.757492E-3
8.845000E-8	1.670132E-3
8.850000E-8	1.560503E-3
8.855000E-8	1.503976E-3
8.860000E-8	1.476569E-3
8.865000E-8	1.435458E-3
8.870000E-8	1.408051E-3
8.875000E-8	1.416616E-3
8.880000E-8	1.426894E-3
8.885000E-8	1.432032E-3
8.890000E-8	1.444023E-3
8.895000E-8	1.461152E-3
8.900000E-8	1.517679E-3
8.905000E-8	1.601613E-3
8.910000E-8	1.678696E-3
8.915000E-8	1.750640E-3
8.920000E-8	1.841426E-3
8.925000E-8	1.927073E-3
8.930000E-8	2.007581E-3
8.935000E-8	2.105219E-3
8.940000E-8	2.194292E-3
8.945000E-8	2.216561E-3
8.950000E-8	2.211422E-3
8.955000E-8	2.221700E-3
8.960000E-8	2.202857E-3
8.965000E-8	2.136053E-3
8.970000E-8	2.084664E-3
8.975000E-8	2.048692E-3
8.980000E-8	1.999017E-3
8.985000E-8	1.949341E-3
8.990000E-8	1.911657E-3
8.995000E-8	1.875685E-3
9.000000E-8	1.831148E-3
9.005000E-8	1.769482E-3
9.010000E-8	1.676983E-3
9.015000E-8	1.557077E-3
9.020000E-8	1.433745E-3
9.025000E-8	1.312126E-3
9.030000E-8	1.181942E-3
9.035000E-8	1.062036E-3
9.040000E-8	9.489817E-4
9.045000E-8	8.290755E-4
9.050000E-8	7.194469E-4
9.055000E-8	6.834750E-4
9.060000E-8	7.228727E-4
9.065000E-8	7.793998E-4
9.070000E-8	8.547694E-4
9.075000E-8	9.832402E-4
9.080000E-8	1.137405E-3
9.085000E-8	1.279580E-3
9.090000E-8	1.389208E-3
9.095000E-8	1.485133E-3
9.100000E-8	1.565641E-3
9.105000E-8	1.617030E-3
9.110000E-8	1.625595E-3
9.115000E-8	1.610178E-3
9.120000E-8	1.584484E-3
9.125000E-8	1.531383E-3
9.130000E-8	1.438884E-3
9.135000E-8	1.366940E-3
9.140000E-8	1.353237E-3
9.145000E-8	1.363515E-3
9.150000E-8	1.401199E-3
9.155000E-8	1.486847E-3
9.160000E-8	1.596475E-3
9.165000E-8	1.704391E-3
9.170000E-8	1.796890E-3
9.175000E-8	1.872259E-3
9.180000E-8	1.920222E-3
9.185000E-8	1.930499E-3
9.190000E-8	1.894528E-3
9.195000E-8	1.826010E-3
9.200000E-8	1.736936E-3
9.205000E-8	1.611891E-3
9.210000E-8	1.450874E-3
9.215000E-8	1.320690E-3
9.220000E-8	1.231617E-3
9.225000E-8	1.137405E-3
9.230000E-8	1.060323E-3
9.235000E-8	1.046619E-3
9.240000E-8	1.056897E-3
9.245000E-8	1.050045E-3
9.250000E-8	1.055184E-3
9.255000E-8	1.087730E-3
9.260000E-8	1.115137E-3
9.265000E-8	1.133979E-3
9.270000E-8	1.166525E-3
9.275000E-8	1.214488E-3
9.280000E-8	1.247034E-3
9.285000E-8	1.238470E-3
9.290000E-8	1.199072E-3
9.295000E-8	1.166526E-3
9.300000E-8	1.175091E-3
9.305000E-8	1.193933E-3
9.310000E-8	1.207637E-3
9.315000E-8	1.248747E-3
9.320000E-8	1.320691E-3
9.325000E-8	1.385782E-3
9.330000E-8	1.461152E-3
9.335000E-8	1.581058E-3
9.340000E-8	1.707816E-3
9.345000E-8	1.805454E-3
9.350000E-8	1.903091E-3
9.355000E-8	2.009294E-3
9.360000E-8	2.072673E-3
9.365000E-8	2.065821E-3
9.370000E-8	2.034988E-3
9.375000E-8	2.017859E-3
9.380000E-8	1.992165E-3
9.385000E-8	1.927073E-3
9.390000E-8	1.839712E-3
9.395000E-8	1.760917E-3
9.400000E-8	1.714667E-3
9.405000E-8	1.675270E-3
9.410000E-8	1.639298E-3
9.415000E-8	1.622169E-3
9.420000E-8	1.623882E-3
9.425000E-8	1.598187E-3
9.430000E-8	1.553651E-3
9.435000E-8	1.515966E-3
9.440000E-8	1.444023E-3
9.445000E-8	1.336107E-3
9.450000E-8	1.271015E-3
9.455000E-8	1.250460E-3
9.460000E-8	1.224766E-3
9.465000E-8	1.193933E-3
9.470000E-8	1.199071E-3
9.475000E-8	1.221340E-3
9.480000E-8	1.253885E-3
9.485000E-8	1.305274E-3
9.490000E-8	1.351523E-3
9.495000E-8	1.394346E-3
9.500000E-8	1.420040E-3
9.505000E-8	1.423466E-3
9.510000E-8	1.406336E-3
9.515000E-8	1.397772E-3
9.520000E-8	1.387494E-3
9.525000E-8	1.346383E-3
9.530000E-8	1.327541E-3
9.535000E-8	1.361800E-3
9.540000E-8	1.426892E-3
9.545000E-8	1.500549E-3
9.550000E-8	1.581058E-3
9.555000E-8	1.664992E-3
9.560000E-8	1.742075E-3
9.565000E-8	1.778047E-3
9.570000E-8	1.771195E-3
9.575000E-8	1.764343E-3
9.580000E-8	1.733510E-3
9.585000E-8	1.629021E-3
9.590000E-8	1.466291E-3
9.595000E-8	1.330968E-3
9.600000E-8	1.219626E-3
9.605000E-8	1.101433E-3
9.610000E-8	1.027776E-3
9.615000E-8	1.036341E-3
9.620000E-8	1.053471E-3
9.625000E-8	1.082591E-3
9.630000E-8	1.180229E-3
9.635000E-8	1.334394E-3
9.640000E-8	1.491985E-3
9.645000E-8	1.656428E-3
9.650000E-8	1.820871E-3
9.655000E-8	1.951054E-3
9.660000E-8	2.046979E-3
9.665000E-8	2.117210E-3
9.670000E-8	2.160034E-3
9.675000E-8	2.165173E-3
9.680000E-8	2.136052E-3
9.685000E-8	2.076099E-3
9.690000E-8	2.016146E-3
9.695000E-8	1.985313E-3
9.700000E-8	1.949341E-3
9.705000E-8	1.889388E-3
9.710000E-8	1.856842E-3
9.715000E-8	1.873972E-3
9.720000E-8	1.880824E-3
9.725000E-8	1.860268E-3
9.730000E-8	1.849991E-3
9.735000E-8	1.851704E-3
9.740000E-8	1.788325E-3
9.745000E-8	1.668418E-3
9.750000E-8	1.550225E-3
9.755000E-8	1.457725E-3
9.760000E-8	1.342958E-3
9.765000E-8	1.211061E-3
9.770000E-8	1.108284E-3
9.775000E-8	1.053470E-3
9.780000E-8	1.034628E-3
9.785000E-8	1.050044E-3
9.790000E-8	1.084303E-3
9.795000E-8	1.142544E-3
9.800000E-8	1.224765E-3
9.805000E-8	1.300135E-3
9.810000E-8	1.334394E-3
9.815000E-8	1.368652E-3
9.820000E-8	1.394347E-3
9.825000E-8	1.389208E-3
9.830000E-8	1.389207E-3
9.835000E-8	1.428605E-3
9.840000E-8	1.468003E-3
9.845000E-8	1.469716E-3
9.850000E-8	1.473142E-3
9.855000E-8	1.479994E-3
9.860000E-8	1.473142E-3
9.865000E-8	1.462865E-3
9.870000E-8	1.454300E-3
9.875000E-8	1.462865E-3
9.880000E-8	1.493698E-3
9.885000E-8	1.510828E-3
9.890000E-8	1.521106E-3
9.895000E-8	1.551939E-3
9.900000E-8	1.591336E-3
9.905000E-8	1.611892E-3
9.910000E-8	1.642725E-3
9.915000E-8	1.685548E-3
9.920000E-8	1.700965E-3
9.925000E-8	1.683835E-3
9.930000E-8	1.659854E-3
9.935000E-8	1.625594E-3
9.940000E-8	1.575919E-3
9.945000E-8	1.512540E-3
9.950000E-8	1.426892E-3
9.955000E-8	1.332680E-3
9.960000E-8	1.253885E-3
9.965000E-8	1.166524E-3
9.970000E-8	1.068886E-3
9.975000E-8	1.026063E-3
9.980000E-8	1.056896E-3
9.985000E-8	1.096294E-3
9.990000E-8	1.144256E-3
9.995000E-8	1.243608E-3
1.000000E-7	1.387495E-3
1.000500E-7	1.529670E-3
1.001000E-7	1.641011E-3
1.001500E-7	1.731798E-3
1.002000E-7	1.812306E-3
1.002500E-7	1.855129E-3
1.003000E-7	1.849990E-3
1.003500E-7	1.836287E-3
1.004000E-7	1.822583E-3
1.004500E-7	1.747213E-3
1.005000E-7	1.639298E-3
1.005500E-7	1.563928E-3
1.006000E-7	1.491984E-3
1.006500E-7	1.387494E-3
1.007000E-7	1.320690E-3
1.007500E-7	1.325829E-3
1.008000E-7	1.324116E-3
1.008500E-7	1.306986E-3
1.009000E-7	1.322403E-3
1.009500E-7	1.372078E-3
1.010000E-7	1.423467E-3
1.010500E-7	1.495411E-3
1.011000E-7	1.582771E-3
1.011500E-7	1.673557E-3
1.012000E-7	1.757491E-3
1.012500E-7	1.819158E-3
1.013000E-7	1.856842E-3
1.013500E-7	1.904805E-3
1.014000E-7	1.964758E-3
1.014500E-7	1.988739E-3
1.015000E-7	1.964758E-3
1.015500E-7	1.961332E-3
1.016000E-7	1.973323E-3
1.016500E-7	1.945916E-3
1.017000E-7	1.884250E-3
1.017500E-7	1.846565E-3
1.018000E-7	1.832861E-3
1.018500E-7	1.779760E-3
1.019000E-7	1.692400E-3
1.019500E-7	1.622169E-3
1.020000E-7	1.562216E-3
1.020500E-7	1.485133E-3
1.021000E-7	1.428606E-3
1.021500E-7	1.408051E-3
1.022000E-7	1.409764E-3
1.022500E-7	1.413190E-3
1.023000E-7	1.414903E-3
1.023500E-7	1.420041E-3
1.024000E-7	1.449162E-3
1.024500E-7	1.495411E-3
1.025000E-7	1.505689E-3
1.025500E-7	1.491985E-3
1.026000E-7	1.486846E-3
1.026500E-7	1.456013E-3
1.027000E-7	1.365227E-3
1.027500E-7	1.277867E-3
1.028000E-7	1.221340E-3
1.028500E-7	1.164812E-3
1.029000E-7	1.118563E-3
1.029500E-7	1.133979E-3
1.030000E-7	1.197358E-3
1.030500E-7	1.277867E-3
1.031000E-7	1.370366E-3
1.031500E-7	1.462865E-3
1.032000E-7	1.539948E-3
1.032500E-7	1.605040E-3
1.033000E-7	1.666706E-3
1.033500E-7	1.721520E-3
1.034000E-7	1.745501E-3
1.034500E-7	1.714668E-3
1.035000E-7	1.630734E-3
1.035500E-7	1.545087E-3
1.036000E-7	1.486846E-3
1.036500E-7	1.426893E-3
1.037000E-7	1.372079E-3
1.037500E-7	1.370366E-3
1.038000E-7	1.442310E-3
1.038500E-7	1.505689E-3
1.039000E-7	1.545086E-3
1.039500E-7	1.622169E-3
1.040000E-7	1.760917E-3
1.040500E-7	1.880823E-3
1.041000E-7	1.945915E-3
1.041500E-7	2.017859E-3
1.042000E-7	2.098367E-3
1.042500E-7	2.130913E-3
1.043000E-7	2.134339E-3
1.043500E-7	2.148043E-3
1.044000E-7	2.127488E-3
1.044500E-7	2.062396E-3
1.045000E-7	1.990452E-3
1.045500E-7	1.940777E-3
1.046000E-7	1.896240E-3
1.046500E-7	1.855130E-3
1.047000E-7	1.805454E-3
1.047500E-7	1.743788E-3
1.048000E-7	1.697539E-3
1.048500E-7	1.663280E-3
1.049000E-7	1.603327E-3
1.049500E-7	1.560503E-3
1.050000E-7	1.550225E-3
1.050500E-7	1.509114E-3
1.051000E-7	1.433745E-3
1.051500E-7	1.413189E-3
1.052000E-7	1.426893E-3
1.052500E-7	1.396059E-3
1.053000E-7	1.363513E-3
1.053500E-7	1.389208E-3
1.054000E-7	1.411476E-3
1.054500E-7	1.390921E-3
1.055000E-7	1.394347E-3
1.055500E-7	1.457726E-3
1.056000E-7	1.519392E-3
1.056500E-7	1.557077E-3
1.057000E-7	1.599901E-3
1.057500E-7	1.641012E-3
1.058000E-7	1.658141E-3
1.058500E-7	1.627308E-3
1.059000E-7	1.575920E-3
1.059500E-7	1.546800E-3
1.060000E-7	1.534809E-3
1.060500E-7	1.479994E-3
1.061000E-7	1.392634E-3
1.061500E-7	1.356662E-3
1.062000E-7	1.353236E-3
1.062500E-7	1.320690E-3
1.063000E-7	1.293282E-3
1.063500E-7	1.306986E-3
1.064000E-7	1.312125E-3
1.064500E-7	1.274440E-3
1.065000E-7	1.259023E-3
1.065500E-7	1.264162E-3
1.066000E-7	1.221338E-3
1.066500E-7	1.121987E-3
1.067000E-7	1.027775E-3
1.067500E-7	9.746738E-4
1.068000E-7	9.489795E-4
1.068500E-7	9.524054E-4
1.069000E-7	9.883773E-4
1.069500E-7	1.075738E-3
1.070000E-7	1.190505E-3
1.070500E-7	1.305273E-3
1.071000E-7	1.425180E-3
1.071500E-7	1.548512E-3
1.072000E-7	1.658141E-3
1.072500E-7	1.723233E-3
1.073000E-7	1.764344E-3
1.073500E-7	1.791751E-3
1.074000E-7	1.771196E-3
1.074500E-7	1.695826E-3
1.075000E-7	1.599901E-3
1.075500E-7	1.491986E-3
1.076000E-7	1.408051E-3
1.076500E-7	1.361801E-3
1.077000E-7	1.337820E-3
1.077500E-7	1.330968E-3
1.078000E-7	1.366940E-3
1.078500E-7	1.444022E-3
1.079000E-7	1.524530E-3
1.079500E-7	1.615317E-3
1.080000E-7	1.714667E-3
1.080500E-7	1.783185E-3
1.081000E-7	1.836287E-3
1.081500E-7	1.894527E-3
1.082000E-7	1.935638E-3
1.082500E-7	1.959619E-3
1.083000E-7	1.992165E-3
1.083500E-7	2.028137E-3
1.084000E-7	2.048692E-3
1.084500E-7	2.053831E-3
1.085000E-7	2.028137E-3
1.085500E-7	1.976748E-3
1.086000E-7	1.925360E-3
1.086500E-7	1.858555E-3
1.087000E-7	1.772908E-3
1.087500E-7	1.709529E-3
1.088000E-7	1.682121E-3
1.088500E-7	1.649575E-3
1.089000E-7	1.622168E-3
1.089500E-7	1.634158E-3
1.090000E-7	1.654714E-3
1.090500E-7	1.653001E-3
1.091000E-7	1.658140E-3
1.091500E-7	1.656427E-3
1.092000E-7	1.634158E-3
1.092500E-7	1.593048E-3
1.093000E-7	1.553650E-3
1.093500E-7	1.510827E-3
1.094000E-7	1.452587E-3
1.094500E-7	1.349810E-3
1.095000E-7	1.231617E-3
1.095500E-7	1.156247E-3
1.096000E-7	1.121988E-3
1.096500E-7	1.056896E-3
1.097000E-7	9.815265E-4
1.097500E-7	9.643970E-4
1.098000E-7	9.952300E-4
1.098500E-7	1.027776E-3
1.099000E-7	1.055183E-3
1.099500E-7	1.109997E-3
1.100000E-7	1.192219E-3
1.100500E-7	1.271014E-3
1.101000E-7	1.342958E-3
1.101500E-7	1.413189E-3
1.102000E-7	1.456013E-3
1.102500E-7	1.425180E-3
1.103000E-7	1.370365E-3
1.103500E-7	1.365226E-3
1.104000E-7	1.358374E-3
1.104500E-7	1.289857E-3
1.105000E-7	1.240181E-3
1.105500E-7	1.289857E-3
1.106000E-7	1.389208E-3
1.106500E-7	1.490272E-3
1.107000E-7	1.639299E-3
1.107500E-7	1.832862E-3
1.108000E-7	2.002444E-3
1.108500E-7	2.118924E-3
1.109000E-7	2.216562E-3
1.109500E-7	2.267951E-3
1.110000E-7	2.230266E-3
1.110500E-7	2.117211E-3
1.111000E-7	1.945916E-3
1.111500E-7	1.735223E-3
1.112000E-7	1.510827E-3
1.112500E-7	1.293283E-3
1.113000E-7	1.091155E-3
1.113500E-7	9.352763E-4
1.114000E-7	8.564806E-4
1.114500E-7	8.273604E-4
1.115000E-7	8.376381E-4
1.115500E-7	8.958783E-4
1.116000E-7	9.815258E-4
1.116500E-7	1.051757E-3
1.117000E-7	1.106571E-3
1.117500E-7	1.154534E-3
1.118000E-7	1.171663E-3
1.118500E-7	1.157960E-3
1.119000E-7	1.137404E-3
1.119500E-7	1.154534E-3
1.120000E-7	1.195645E-3
1.120500E-7	1.243607E-3
1.121000E-7	1.308699E-3
1.121500E-7	1.432031E-3
1.122000E-7	1.605039E-3
1.122500E-7	1.767769E-3
1.123000E-7	1.903092E-3
1.123500E-7	2.046979E-3
1.124000E-7	2.197718E-3
1.124500E-7	2.278227E-3
1.125000E-7	2.274801E-3
1.125500E-7	2.216561E-3
1.126000E-7	2.113784E-3
1.126500E-7	1.937351E-3
1.127000E-7	1.723233E-3
1.127500E-7	1.543373E-3
1.128000E-7	1.409763E-3
1.128500E-7	1.281292E-3
1.129000E-7	1.178515E-3
1.129500E-7	1.157960E-3
1.130000E-7	1.233329E-3
1.130500E-7	1.360087E-3
1.131000E-7	1.509114E-3
1.131500E-7	1.709528E-3
1.132000E-7	1.930498E-3
1.132500E-7	2.096654E-3
1.133000E-7	2.223412E-3
1.133500E-7	2.346745E-3
1.134000E-7	2.416976E-3
1.134500E-7	2.369014E-3
1.135000E-7	2.242256E-3
1.135500E-7	2.091517E-3
1.136000E-7	1.889389E-3
1.136500E-7	1.620456E-3
1.137000E-7	1.339533E-3
1.137500E-7	1.092869E-3
1.138000E-7	9.095835E-4
1.138500E-7	7.948160E-4
1.139000E-7	7.194463E-4
1.139500E-7	7.023167E-4
1.140000E-7	7.828251E-4
1.140500E-7	9.387031E-4
1.141000E-7	1.128840E-3
1.141500E-7	1.365227E-3
1.142000E-7	1.635872E-3
1.142500E-7	1.877398E-3
1.143000E-7	2.082952E-3
1.143500E-7	2.273089E-3
1.144000E-7	2.416976E-3
1.144500E-7	2.483781E-3
1.145000E-7	2.476930E-3
1.145500E-7	2.396421E-3
1.146000E-7	2.264524E-3
1.146500E-7	2.110359E-3
1.147000E-7	1.933926E-3
1.147500E-7	1.743789E-3
1.148000E-7	1.579346E-3
1.148500E-7	1.459439E-3
1.149000E-7	1.363514E-3
1.149500E-7	1.274441E-3
1.150000E-7	1.204210E-3
1.150500E-7	1.156248E-3
1.151000E-7	1.118563E-3
1.151500E-7	1.094581E-3
1.152000E-7	1.072313E-3
1.152500E-7	1.029489E-3
1.153000E-7	9.592586E-4
1.153500E-7	8.633335E-4
1.154000E-7	7.571307E-4
1.154500E-7	6.594927E-4
1.155000E-7	5.755583E-4
1.155500E-7	5.019015E-4
1.156000E-7	4.179670E-4
1.156500E-7	3.443101E-4
1.157000E-7	3.083381E-4
1.157500E-7	3.254673E-4
1.158000E-7	3.854203E-4
1.158500E-7	4.556510E-4
1.159000E-7	5.310206E-4
1.159500E-7	6.355103E-4
1.160000E-7	7.862496E-4
1.160500E-7	9.404148E-4
1.161000E-7	1.099719E-3
1.161500E-7	1.303560E-3
1.162000E-7	1.538234E-3
1.162500E-7	1.757491E-3
1.163000E-7	1.945915E-3
1.163500E-7	2.108645E-3
1.164000E-7	2.237116E-3
1.164500E-7	2.309060E-3
1.165000E-7	2.322764E-3
1.165500E-7	2.290218E-3
1.166000E-7	2.237116E-3
1.166500E-7	2.146330E-3
1.167000E-7	2.014433E-3
1.167500E-7	1.861981E-3
1.168000E-7	1.711242E-3
1.168500E-7	1.536521E-3
1.169000E-7	1.363513E-3
1.169500E-7	1.247033E-3
1.170000E-7	1.188793E-3
1.170500E-7	1.163098E-3
1.171000E-7	1.197357E-3
1.171500E-7	1.312125E-3
1.172000E-7	1.454299E-3
1.172500E-7	1.591335E-3
1.173000E-7	1.742074E-3
1.173500E-7	1.906517E-3
1.174000E-7	2.041840E-3
1.174500E-7	2.118923E-3
1.175000E-7	2.141191E-3
1.175500E-7	2.127488E-3
1.176000E-7	2.079525E-3
1.176500E-7	1.997304E-3
1.177000E-7	1.899666E-3
1.177500E-7	1.822583E-3
1.178000E-7	1.771195E-3
1.178500E-7	1.716380E-3
1.179000E-7	1.661566E-3
1.179500E-7	1.635872E-3
1.180000E-7	1.659853E-3
1.180500E-7	1.714667E-3
1.181000E-7	1.784898E-3
1.181500E-7	1.892814E-3
1.182000E-7	2.012720E-3
1.182500E-7	2.096655E-3
1.183000E-7	2.118924E-3
1.183500E-7	2.117211E-3
1.184000E-7	2.086378E-3
1.184500E-7	2.004156E-3
1.185000E-7	1.885963E-3
1.185500E-7	1.748927E-3
1.186000E-7	1.575919E-3
1.186500E-7	1.372078E-3
1.187000E-7	1.163099E-3
1.187500E-7	9.678226E-4
1.188000E-7	7.982407E-4
1.188500E-7	6.834732E-4
1.189000E-7	6.320848E-4
1.189500E-7	6.509272E-4
1.190000E-7	7.417135E-4
1.190500E-7	8.838882E-4
1.191000E-7	1.063748E-3
1.191500E-7	1.265876E-3
1.192000E-7	1.454300E-3
1.192500E-7	1.606752E-3
1.193000E-7	1.726659E-3
1.193500E-7	1.834574E-3
1.194000E-7	1.915083E-3
1.194500E-7	1.944203E-3
1.195000E-7	1.911657E-3
1.195500E-7	1.807167E-3
1.196000E-7	1.671844E-3
1.196500E-7	1.533095E-3
1.197000E-7	1.377217E-3
1.197500E-7	1.235043E-3
1.198000E-7	1.152821E-3
1.198500E-7	1.116849E-3
1.199000E-7	1.084303E-3
1.199500E-7	1.082590E-3
1.200000E-7	1.139117E-3
1.200500E-7	1.212774E-3
1.201000E-7	1.279578E-3
1.201500E-7	1.368652E-3
1.202000E-7	1.464577E-3
1.202500E-7	1.500549E-3
1.203000E-7	1.493697E-3
1.203500E-7	1.500549E-3
1.204000E-7	1.503976E-3
1.204500E-7	1.449162E-3
1.205000E-7	1.368653E-3
1.205500E-7	1.337821E-3
1.206000E-7	1.330969E-3
1.206500E-7	1.288146E-3
1.207000E-7	1.252174E-3
1.207500E-7	1.253887E-3
1.208000E-7	1.271016E-3
1.208500E-7	1.298423E-3
1.209000E-7	1.361802E-3
1.209500E-7	1.433746E-3
1.210000E-7	1.500550E-3
1.210500E-7	1.570781E-3
1.211000E-7	1.654715E-3
1.211500E-7	1.723233E-3
1.212000E-7	1.759204E-3
1.212500E-7	1.755778E-3
1.213000E-7	1.714668E-3
1.213500E-7	1.654714E-3
1.214000E-7	1.589622E-3
1.214500E-7	1.502262E-3
1.215000E-7	1.408050E-3
1.215500E-7	1.330968E-3
1.216000E-7	1.262450E-3
1.216500E-7	1.190506E-3
1.217000E-7	1.147682E-3
1.217500E-7	1.142544E-3
1.218000E-7	1.164812E-3
1.218500E-7	1.219626E-3
1.219000E-7	1.310412E-3
1.219500E-7	1.423467E-3
1.220000E-7	1.521105E-3
1.220500E-7	1.587910E-3
1.221000E-7	1.630733E-3
1.221500E-7	1.653002E-3
1.222000E-7	1.641011E-3
1.222500E-7	1.615317E-3
1.223000E-7	1.606752E-3
1.223500E-7	1.587910E-3
1.224000E-7	1.538235E-3
1.224500E-7	1.505689E-3
1.225000E-7	1.490272E-3
1.225500E-7	1.474855E-3
1.226000E-7	1.479994E-3
1.226500E-7	1.510827E-3
1.227000E-7	1.526244E-3
1.227500E-7	1.529669E-3
1.228000E-7	1.567354E-3
1.228500E-7	1.598187E-3
1.229000E-7	1.606752E-3
1.229500E-7	1.642724E-3
1.230000E-7	1.714668E-3
1.230500E-7	1.774621E-3
1.231000E-7	1.826009E-3
1.231500E-7	1.892815E-3
1.232000E-7	1.949342E-3
1.232500E-7	1.963046E-3
1.233000E-7	1.971610E-3
1.233500E-7	1.987027E-3
1.234000E-7	1.971611E-3
1.234500E-7	1.897954E-3
1.235000E-7	1.796890E-3
1.235500E-7	1.704391E-3
1.236000E-7	1.622169E-3
1.236500E-7	1.524531E-3
1.237000E-7	1.438883E-3
1.237500E-7	1.389208E-3
1.238000E-7	1.380643E-3
1.238500E-7	1.411475E-3
1.239000E-7	1.493697E-3
1.239500E-7	1.617029E-3
1.240000E-7	1.730084E-3
1.240500E-7	1.810592E-3
1.241000E-7	1.889388E-3
1.241500E-7	1.947628E-3
1.242000E-7	1.956193E-3
1.242500E-7	1.916795E-3
1.243000E-7	1.846565E-3
1.243500E-7	1.772908E-3
1.244000E-7	1.695825E-3
1.244500E-7	1.610178E-3
1.245000E-7	1.531382E-3
1.245500E-7	1.495411E-3
1.246000E-7	1.521105E-3
1.246500E-7	1.581058E-3
1.247000E-7	1.663279E-3
1.247500E-7	1.766056E-3
1.248000E-7	1.855129E-3
1.248500E-7	1.899666E-3
1.249000E-7	1.899666E-3
1.249500E-7	1.844852E-3
1.250000E-7	1.759204E-3
1.250500E-7	1.663279E-3
1.251000E-7	1.574206E-3
1.251500E-7	1.498836E-3
1.252000E-7	1.444022E-3
1.252500E-7	1.414902E-3
1.253000E-7	1.401198E-3
1.253500E-7	1.408050E-3
1.254000E-7	1.445735E-3
1.254500E-7	1.493697E-3
1.255000E-7	1.515965E-3
1.255500E-7	1.497123E-3
1.256000E-7	1.430318E-3
1.256500E-7	1.334393E-3
1.257000E-7	1.233329E-3
1.257500E-7	1.139117E-3
1.258000E-7	1.032915E-3
1.258500E-7	9.078696E-4
1.259000E-7	7.879633E-4
1.259500E-7	6.886123E-4
1.260000E-7	6.235202E-4
1.260500E-7	5.995390E-4
1.261000E-7	6.115296E-4
1.261500E-7	6.663440E-4
1.262000E-7	7.537043E-4
1.262500E-7	8.444906E-4
1.263000E-7	9.318510E-4
1.263500E-7	1.017498E-3
1.264000E-7	1.111711E-3
1.264500E-7	1.202497E-3
1.265000E-7	1.288144E-3
1.265500E-7	1.373792E-3
1.266000E-7	1.468004E-3
1.266500E-7	1.553651E-3
1.267000E-7	1.629020E-3
1.267500E-7	1.726658E-3
1.268000E-7	1.838000E-3
1.268500E-7	1.899666E-3
1.269000E-7	1.933925E-3
1.269500E-7	1.987026E-3
1.270000E-7	2.036701E-3
1.270500E-7	2.041840E-3
1.271000E-7	2.055544E-3
1.271500E-7	2.118923E-3
1.272000E-7	2.156608E-3
1.272500E-7	2.129202E-3
1.273000E-7	2.101795E-3
1.273500E-7	2.108646E-3
1.274000E-7	2.076100E-3
1.274500E-7	1.975037E-3
1.275000E-7	1.880824E-3
1.275500E-7	1.786612E-3
1.276000E-7	1.632447E-3
1.276500E-7	1.452587E-3
1.277000E-7	1.318977E-3
1.277500E-7	1.207636E-3
1.278000E-7	1.103146E-3
1.278500E-7	1.015786E-3
1.279000E-7	9.455548E-4
1.279500E-7	8.958793E-4
1.280000E-7	8.975922E-4
1.280500E-7	9.352771E-4
1.281000E-7	9.832395E-4
1.281500E-7	1.062035E-3
1.282000E-7	1.161386E-3
1.282500E-7	1.240181E-3
1.283000E-7	1.332680E-3
1.283500E-7	1.461151E-3
1.284000E-7	1.574206E-3
1.284500E-7	1.659853E-3
1.285000E-7	1.762630E-3
1.285500E-7	1.875685E-3
1.286000E-7	1.956193E-3
1.286500E-7	2.021285E-3
1.287000E-7	2.082952E-3
1.287500E-7	2.137766E-3
1.288000E-7	2.182303E-3
1.288500E-7	2.199432E-3
1.289000E-7	2.173738E-3
1.289500E-7	2.134341E-3
1.290000E-7	2.108646E-3
1.290500E-7	2.062397E-3
1.291000E-7	1.993878E-3
1.291500E-7	1.952768E-3
1.292000E-7	1.939064E-3
1.292500E-7	1.916795E-3
1.293000E-7	1.913369E-3
1.293500E-7	1.944202E-3
1.294000E-7	1.959619E-3
1.294500E-7	1.957906E-3
1.295000E-7	1.973322E-3
1.295500E-7	1.995591E-3
1.296000E-7	1.978461E-3
1.296500E-7	1.913369E-3
1.297000E-7	1.827722E-3
1.297500E-7	1.750639E-3
1.298000E-7	1.658140E-3
1.298500E-7	1.526243E-3
1.299000E-7	1.385782E-3
1.299500E-7	1.283005E-3
1.300000E-7	1.192219E-3
1.300500E-7	1.075738E-3
1.301000E-7	9.678229E-4
1.301500E-7	9.147215E-4
1.302000E-7	8.907402E-4
1.302500E-7	8.462037E-4
1.303000E-7	8.256483E-4
1.303500E-7	8.701849E-4
1.304000E-7	9.661099E-4
1.304500E-7	1.082590E-3
1.305000E-7	1.214487E-3
1.305500E-7	1.372078E-3
1.306000E-7	1.546799E-3
1.306500E-7	1.699251E-3
1.307000E-7	1.810593E-3
1.307500E-7	1.897953E-3
1.308000E-7	1.968184E-3
1.308500E-7	1.978461E-3
1.309000E-7	1.923647E-3
1.309500E-7	1.843139E-3
1.310000E-7	1.747214E-3
1.310500E-7	1.634159E-3
1.311000E-7	1.517679E-3
1.311500E-7	1.418328E-3
1.312000E-7	1.330967E-3
1.312500E-7	1.265875E-3
1.313000E-7	1.262450E-3
1.313500E-7	1.306986E-3
1.314000E-7	1.366939E-3
1.314500E-7	1.449161E-3
1.315000E-7	1.543373E-3
1.315500E-7	1.618743E-3
1.316000E-7	1.664992E-3
1.316500E-7	1.706103E-3
1.317000E-7	1.721520E-3
1.317500E-7	1.694113E-3
1.318000E-7	1.658141E-3
1.318500E-7	1.618743E-3
1.319000E-7	1.565642E-3
1.319500E-7	1.526244E-3
1.320000E-7	1.514253E-3
1.320500E-7	1.502263E-3
1.321000E-7	1.517679E-3
1.321500E-7	1.567355E-3
1.322000E-7	1.608465E-3
1.322500E-7	1.622169E-3
1.323000E-7	1.676983E-3
1.323500E-7	1.740362E-3
1.324000E-7	1.738649E-3
1.324500E-7	1.704390E-3
1.325000E-7	1.700964E-3
1.325500E-7	1.716381E-3
1.326000E-7	1.716381E-3
1.326500E-7	1.723233E-3
1.327000E-7	1.748927E-3
1.327500E-7	1.762631E-3
1.328000E-7	1.781473E-3
1.328500E-7	1.802028E-3
1.329000E-7	1.779760E-3
1.329500E-7	1.714668E-3
1.330000E-7	1.656427E-3
1.330500E-7	1.581058E-3
1.331000E-7	1.479994E-3
1.331500E-7	1.396059E-3
1.332000E-7	1.341245E-3
1.332500E-7	1.277866E-3
1.333000E-7	1.255597E-3
1.333500E-7	1.315551E-3
1.334000E-7	1.396059E-3
1.334500E-7	1.462864E-3
1.335000E-7	1.567354E-3
1.335500E-7	1.697538E-3
1.336000E-7	1.776334E-3
1.336500E-7	1.784898E-3
1.337000E-7	1.760917E-3
1.337500E-7	1.719806E-3
1.338000E-7	1.658140E-3
1.338500E-7	1.562215E-3
1.339000E-7	1.432031E-3
1.339500E-7	1.315551E-3
1.340000E-7	1.245320E-3
1.340500E-7	1.185367E-3
1.341000E-7	1.132266E-3
1.341500E-7	1.147682E-3
1.342000E-7	1.236756E-3
1.342500E-7	1.332681E-3
1.343000E-7	1.418328E-3
1.343500E-7	1.522818E-3
1.344000E-7	1.623882E-3
1.344500E-7	1.704390E-3
1.345000E-7	1.755779E-3
1.345500E-7	1.788325E-3
1.346000E-7	1.817445E-3
1.346500E-7	1.839713E-3
1.347000E-7	1.827722E-3
1.347500E-7	1.820870E-3
1.348000E-7	1.872259E-3
1.348500E-7	1.940776E-3
1.349000E-7	1.992165E-3
1.349500E-7	2.053831E-3
1.350000E-7	2.141191E-3
1.350500E-7	2.196005E-3
1.351000E-7	2.219987E-3
1.351500E-7	2.240542E-3
1.352000E-7	2.247394E-3
1.352500E-7	2.192579E-3
1.353000E-7	2.108645E-3
1.353500E-7	2.028136E-3
1.354000E-7	1.956192E-3
1.354500E-7	1.884249E-3
1.355000E-7	1.837999E-3
1.355500E-7	1.817444E-3
1.356000E-7	1.814018E-3
1.356500E-7	1.822583E-3
1.357000E-7	1.849991E-3
1.357500E-7	1.856843E-3
1.358000E-7	1.827723E-3
1.358500E-7	1.784899E-3
1.359000E-7	1.719808E-3
1.359500E-7	1.634160E-3
1.360000E-7	1.538235E-3
1.360500E-7	1.430319E-3
1.361000E-7	1.329255E-3
1.361500E-7	1.264163E-3
1.362000E-7	1.217913E-3
1.362500E-7	1.156247E-3
1.363000E-7	1.121988E-3
1.363500E-7	1.135691E-3
1.364000E-7	1.154533E-3
1.364500E-7	1.147681E-3
1.365000E-7	1.123700E-3
1.365500E-7	1.092867E-3
1.366000E-7	1.056895E-3
1.366500E-7	1.022637E-3
1.367000E-7	9.883781E-4
1.367500E-7	9.541194E-4
1.368000E-7	9.661104E-4
1.368500E-7	1.017499E-3
1.369000E-7	1.082591E-3
1.369500E-7	1.181942E-3
1.370000E-7	1.324117E-3
1.370500E-7	1.456014E-3
1.371000E-7	1.551939E-3
1.371500E-7	1.644438E-3
1.372000E-7	1.714668E-3
1.372500E-7	1.730085E-3
1.373000E-7	1.682122E-3
1.373500E-7	1.596474E-3
1.374000E-7	1.454299E-3
1.374500E-7	1.259023E-3
1.375000E-7	1.053469E-3
1.375500E-7	8.650452E-4
1.376000E-7	7.228705E-4
1.376500E-7	6.457880E-4
1.377000E-7	6.252327E-4
1.377500E-7	6.680564E-4
1.378000E-7	7.708333E-4
1.378500E-7	9.249986E-4
1.379000E-7	1.108284E-3
1.379500E-7	1.308699E-3
1.380000E-7	1.522817E-3
1.380500E-7	1.702677E-3
1.381000E-7	1.843138E-3
1.381500E-7	1.947628E-3
1.382000E-7	2.009294E-3
1.382500E-7	2.016146E-3
1.383000E-7	2.009294E-3
1.383500E-7	1.995591E-3
1.384000E-7	1.945915E-3
1.384500E-7	1.901379E-3
1.385000E-7	1.906518E-3
1.385500E-7	1.920222E-3
1.386000E-7	1.913370E-3
1.386500E-7	1.916796E-3
1.387000E-7	1.937351E-3
1.387500E-7	1.949342E-3
1.388000E-7	1.961333E-3
1.388500E-7	1.969898E-3
1.389000E-7	1.918509E-3
1.389500E-7	1.795177E-3
1.390000E-7	1.663280E-3
1.390500E-7	1.517679E-3
1.391000E-7	1.342959E-3
1.391500E-7	1.193932E-3
1.392000E-7	1.104859E-3
1.392500E-7	1.012360E-3
1.393000E-7	9.044441E-4
1.393500E-7	8.444908E-4
1.394000E-7	8.307872E-4
1.394500E-7	8.033801E-4
1.395000E-7	7.965283E-4
1.395500E-7	8.479167E-4
1.396000E-7	9.112957E-4
1.396500E-7	9.335641E-4
1.397000E-7	9.592584E-4
1.397500E-7	1.014073E-3
1.398000E-7	1.055184E-3
1.398500E-7	1.060322E-3
1.399000E-7	1.070600E-3
1.399500E-7	1.128841E-3
1.400000E-7	1.209349E-3
1.400500E-7	1.265877E-3
1.401000E-7	1.294997E-3
1.401500E-7	1.325830E-3
1.402000E-7	1.354950E-3
1.402500E-7	1.341246E-3
1.403000E-7	1.310413E-3
1.403500E-7	1.312126E-3
1.404000E-7	1.342959E-3
1.404500E-7	1.370366E-3
1.405000E-7	1.409763E-3
1.405500E-7	1.486846E-3
1.406000E-7	1.560502E-3
1.406500E-7	1.596474E-3
1.407000E-7	1.647863E-3
1.407500E-7	1.752352E-3
1.408000E-7	1.846565E-3
1.408500E-7	1.889388E-3
1.409000E-7	1.880824E-3
1.409500E-7	1.848278E-3
1.410000E-7	1.783186E-3
1.410500E-7	1.685548E-3
1.411000E-7	1.548513E-3
1.411500E-7	1.402912E-3
1.412000E-7	1.277867E-3
1.412500E-7	1.139118E-3
1.413000E-7	9.986566E-4
1.413500E-7	9.164351E-4
1.414000E-7	8.804632E-4
1.414500E-7	8.273618E-4
1.415000E-7	7.948157E-4
1.415500E-7	8.359264E-4
1.416000E-7	8.821758E-4
1.416500E-7	9.044439E-4
1.417000E-7	9.541192E-4
1.417500E-7	1.022637E-3
1.418000E-7	1.070599E-3
1.418500E-7	1.123700E-3
1.419000E-7	1.199070E-3
1.419500E-7	1.255597E-3
1.420000E-7	1.291569E-3
1.420500E-7	1.334393E-3
1.421000E-7	1.382355E-3
1.421500E-7	1.449160E-3
1.422000E-7	1.555363E-3
1.422500E-7	1.649575E-3
1.423000E-7	1.706103E-3
1.423500E-7	1.778047E-3
1.424000E-7	1.846565E-3
1.424500E-7	1.834574E-3
1.425000E-7	1.786612E-3
1.425500E-7	1.754066E-3
1.426000E-7	1.690687E-3
1.426500E-7	1.591336E-3
1.427000E-7	1.510827E-3
1.427500E-7	1.449161E-3
1.428000E-7	1.373791E-3
1.428500E-7	1.306986E-3
1.429000E-7	1.284718E-3
1.429500E-7	1.303561E-3
1.430000E-7	1.351523E-3
1.430500E-7	1.404625E-3
1.431000E-7	1.440597E-3
1.431500E-7	1.488559E-3
1.432000E-7	1.551938E-3
1.432500E-7	1.601614E-3
1.433000E-7	1.649576E-3
1.433500E-7	1.694113E-3
1.434000E-7	1.688974E-3
1.434500E-7	1.653002E-3
1.435000E-7	1.629020E-3
1.435500E-7	1.594761E-3
1.436000E-7	1.527956E-3
1.436500E-7	1.454300E-3
1.437000E-7	1.402911E-3
1.437500E-7	1.360088E-3
1.438000E-7	1.334394E-3
1.438500E-7	1.324116E-3
1.439000E-7	1.303561E-3
1.439500E-7	1.300135E-3
1.440000E-7	1.313839E-3
1.440500E-7	1.286432E-3
1.441000E-7	1.231618E-3
1.441500E-7	1.211063E-3
1.442000E-7	1.164813E-3
1.442500E-7	1.058610E-3
1.443000E-7	9.712495E-4
1.443500E-7	9.387032E-4
1.444000E-7	8.873145E-4
1.444500E-7	8.273611E-4
1.445000E-7	8.376386E-4
1.445500E-7	8.941657E-4
1.446000E-7	9.335633E-4
1.446500E-7	9.935164E-4
1.447000E-7	1.108284E-3
1.447500E-7	1.243607E-3
1.448000E-7	1.385782E-3
1.448500E-7	1.521105E-3
1.449000E-7	1.610178E-3
1.449500E-7	1.653002E-3
1.450000E-7	1.670131E-3
1.450500E-7	1.664993E-3
1.451000E-7	1.630734E-3
1.451500E-7	1.577632E-3
1.452000E-7	1.514253E-3
1.452500E-7	1.433745E-3
1.453000E-7	1.361801E-3
1.453500E-7	1.303560E-3
1.454000E-7	1.259024E-3
1.454500E-7	1.205922E-3
1.455000E-7	1.154534E-3
1.455500E-7	1.128840E-3
1.456000E-7	1.123701E-3
1.456500E-7	1.121988E-3
1.457000E-7	1.139118E-3
1.457500E-7	1.192219E-3
1.458000E-7	1.276153E-3
1.458500E-7	1.349810E-3
1.459000E-7	1.409763E-3
1.459500E-7	1.479994E-3
1.460000E-7	1.538234E-3
1.460500E-7	1.548512E-3
1.461000E-7	1.541660E-3
1.461500E-7	1.563928E-3
1.462000E-7	1.572493E-3
1.462500E-7	1.519391E-3
1.463000E-7	1.423466E-3
1.463500E-7	1.334393E-3
1.464000E-7	1.260736E-3
1.464500E-7	1.219626E-3
1.465000E-7	1.200783E-3
1.465500E-7	1.209348E-3
1.466000E-7	1.269301E-3
1.466500E-7	1.372078E-3
1.467000E-7	1.474855E-3
1.467500E-7	1.579345E-3
1.468000E-7	1.704390E-3
1.468500E-7	1.815732E-3
1.469000E-7	1.884250E-3
1.469500E-7	1.920221E-3
1.470000E-7	1.904805E-3
1.470500E-7	1.832861E-3
1.471000E-7	1.750640E-3
1.471500E-7	1.680409E-3
1.472000E-7	1.593048E-3
1.472500E-7	1.488558E-3
1.473000E-7	1.421753E-3
1.473500E-7	1.423466E-3
1.474000E-7	1.456012E-3
1.474500E-7	1.495410E-3
1.475000E-7	1.541660E-3
1.475500E-7	1.613603E-3
1.476000E-7	1.668418E-3
1.476500E-7	1.670131E-3
1.477000E-7	1.622168E-3
1.477500E-7	1.567354E-3
1.478000E-7	1.509114E-3
1.478500E-7	1.408050E-3
1.479000E-7	1.276153E-3
1.479500E-7	1.149395E-3
1.480000E-7	1.048331E-3
1.480500E-7	9.592579E-4
1.481000E-7	9.095824E-4
1.481500E-7	9.232859E-4
1.482000E-7	1.005507E-3
1.482500E-7	1.135691E-3
1.483000E-7	1.289857E-3
1.483500E-7	1.435457E-3
1.484000E-7	1.558789E-3
1.484500E-7	1.661566E-3
1.485000E-7	1.738649E-3
1.485500E-7	1.793463E-3
1.486000E-7	1.824296E-3
1.486500E-7	1.819158E-3
1.487000E-7	1.793463E-3
1.487500E-7	1.779760E-3
1.488000E-7	1.788325E-3
1.488500E-7	1.805454E-3
1.489000E-7	1.829436E-3
1.489500E-7	1.879111E-3
1.490000E-7	1.933925E-3
1.490500E-7	1.992165E-3
1.491000E-7	2.057257E-3
1.491500E-7	2.113785E-3
1.492000E-7	2.108646E-3
1.492500E-7	2.028137E-3
1.493000E-7	1.942490E-3
1.493500E-7	1.867120E-3
1.494000E-7	1.745500E-3
1.494500E-7	1.587909E-3
1.495000E-7	1.464577E-3
1.495500E-7	1.397772E-3
1.496000E-7	1.356661E-3
1.496500E-7	1.353235E-3
1.497000E-7	1.394346E-3
1.497500E-7	1.444022E-3
1.498000E-7	1.479994E-3
1.498500E-7	1.515966E-3
1.499000E-7	1.550225E-3
1.499500E-7	1.558789E-3
1.500000E-7	1.545086E-3
1.500500E-7	1.517679E-3
1.501000E-7	1.473142E-3
1.501500E-7	1.397772E-3
1.502000E-7	1.296708E-3
1.502500E-7	1.221339E-3
1.503000E-7	1.223052E-3
1.503500E-7	1.286431E-3
1.504000E-7	1.365227E-3
1.504500E-7	1.469717E-3
1.505000E-7	1.615317E-3
1.505500E-7	1.771196E-3
1.506000E-7	1.906519E-3
1.506500E-7	2.011008E-3
1.507000E-7	2.086378E-3
1.507500E-7	2.124063E-3
1.508000E-7	2.137766E-3
1.508500E-7	2.113785E-3
1.509000E-7	2.043554E-3
1.509500E-7	1.968184E-3
1.510000E-7	1.906518E-3
1.510500E-7	1.839713E-3
1.511000E-7	1.767769E-3
1.511500E-7	1.711242E-3
1.512000E-7	1.676983E-3
1.512500E-7	1.630733E-3
1.513000E-7	1.569067E-3
1.513500E-7	1.510827E-3
1.514000E-7	1.457726E-3
1.514500E-7	1.401198E-3
1.515000E-7	1.342958E-3
1.515500E-7	1.294996E-3
1.516000E-7	1.243607E-3
1.516500E-7	1.173376E-3
1.517000E-7	1.116849E-3
1.517500E-7	1.094581E-3
1.518000E-7	1.070599E-3
1.518500E-7	1.041479E-3
1.519000E-7	1.029489E-3
1.519500E-7	1.060322E-3
1.520000E-7	1.104858E-3
1.520500E-7	1.154534E-3
1.521000E-7	1.229904E-3
1.521500E-7	1.330968E-3
1.522000E-7	1.425180E-3
1.522500E-7	1.476569E-3
1.523000E-7	1.510828E-3
1.523500E-7	1.541661E-3
1.524000E-7	1.531383E-3
1.524500E-7	1.479995E-3
1.525000E-7	1.428606E-3
1.525500E-7	1.361801E-3
1.526000E-7	1.248746E-3
1.526500E-7	1.111710E-3
1.527000E-7	9.798131E-4
1.527500E-7	8.873138E-4
1.528000E-7	8.513418E-4
1.528500E-7	8.530546E-4
1.529000E-7	8.496287E-4
1.529500E-7	8.890266E-4
1.530000E-7	1.008933E-3
1.530500E-7	1.178515E-3
1.531000E-7	1.336106E-3
1.531500E-7	1.510827E-3
1.532000E-7	1.711242E-3
1.532500E-7	1.897953E-3
1.533000E-7	2.033276E-3
1.533500E-7	2.117211E-3
1.534000E-7	2.180590E-3
1.534500E-7	2.237117E-3
1.535000E-7	2.267950E-3
1.535500E-7	2.242256E-3
1.536000E-7	2.190867E-3
1.536500E-7	2.120637E-3
1.537000E-7	2.000730E-3
1.537500E-7	1.863694E-3
1.538000E-7	1.762630E-3
1.538500E-7	1.654715E-3
1.539000E-7	1.502262E-3
1.539500E-7	1.380643E-3
1.540000E-7	1.325829E-3
1.540500E-7	1.276153E-3
1.541000E-7	1.228191E-3
1.541500E-7	1.240181E-3
1.542000E-7	1.272727E-3
1.542500E-7	1.291569E-3
1.543000E-7	1.330967E-3
1.543500E-7	1.387494E-3
1.544000E-7	1.411475E-3
1.544500E-7	1.409762E-3
1.545000E-7	1.378929E-3
1.545500E-7	1.312124E-3
1.546000E-7	1.235041E-3
1.546500E-7	1.173375E-3
1.547000E-7	1.094580E-3
1.547500E-7	1.012358E-3
1.548000E-7	9.695345E-4
1.548500E-7	9.318499E-4
1.549000E-7	8.701840E-4
1.549500E-7	8.479159E-4
1.550000E-7	8.890268E-4
1.550500E-7	9.249990E-4
1.551000E-7	9.455547E-4
1.551500E-7	9.952303E-4
1.552000E-7	1.074026E-3
1.552500E-7	1.149396E-3
1.553000E-7	1.219627E-3
1.553500E-7	1.289858E-3
1.554000E-7	1.356663E-3
1.554500E-7	1.437171E-3
1.555000E-7	1.526244E-3
1.555500E-7	1.591336E-3
1.556000E-7	1.637586E-3
1.556500E-7	1.671844E-3
1.557000E-7	1.678696E-3
1.557500E-7	1.658140E-3
1.558000E-7	1.637585E-3
1.558500E-7	1.593048E-3
1.559000E-7	1.517678E-3
1.559500E-7	1.437170E-3
1.560000E-7	1.349809E-3
1.560500E-7	1.212774E-3
1.561000E-7	1.065460E-3
1.561500E-7	9.626833E-4
1.562000E-7	9.044431E-4
1.562500E-7	8.736101E-4
1.563000E-7	8.958784E-4
1.563500E-7	9.643962E-4
1.564000E-7	1.048331E-3
1.564500E-7	1.152820E-3
1.565000E-7	1.283004E-3
1.565500E-7	1.420040E-3
1.566000E-7	1.550224E-3
1.566500E-7	1.661565E-3
1.567000E-7	1.726658E-3
1.567500E-7	1.754065E-3
1.568000E-7	1.767769E-3
1.568500E-7	1.735223E-3
1.569000E-7	1.656428E-3
1.569500E-7	1.575919E-3
1.570000E-7	1.510827E-3
1.570500E-7	1.428606E-3
1.571000E-7	1.344671E-3
1.571500E-7	1.293283E-3
1.572000E-7	1.277866E-3
1.572500E-7	1.301847E-3
1.573000E-7	1.351523E-3
1.573500E-7	1.401198E-3
1.574000E-7	1.449161E-3
1.574500E-7	1.522817E-3
1.575000E-7	1.589622E-3
1.575500E-7	1.625594E-3
1.576000E-7	1.644437E-3
1.576500E-7	1.649576E-3
1.577000E-7	1.644437E-3
1.577500E-7	1.625595E-3
1.578000E-7	1.605039E-3
1.578500E-7	1.579345E-3
1.579000E-7	1.558790E-3
1.579500E-7	1.563929E-3
1.580000E-7	1.603326E-3
1.580500E-7	1.664992E-3
1.581000E-7	1.735223E-3
1.581500E-7	1.824296E-3
1.582000E-7	1.928786E-3
1.582500E-7	2.019572E-3
1.583000E-7	2.058970E-3
1.583500E-7	2.076099E-3
1.584000E-7	2.100080E-3
1.584500E-7	2.101793E-3
1.585000E-7	2.079525E-3
1.585500E-7	2.041840E-3
1.586000E-7	1.968183E-3
1.586500E-7	1.836287E-3
1.587000E-7	1.688973E-3
1.587500E-7	1.527956E-3
1.588000E-7	1.329255E-3
1.588500E-7	1.113423E-3
1.589000E-7	9.369897E-4
1.589500E-7	7.965280E-4
1.590000E-7	6.697698E-4
1.590500E-7	5.584282E-4
1.591000E-7	4.744937E-4
1.591500E-7	4.282440E-4
1.592000E-7	4.419476E-4
1.592500E-7	4.899101E-4
1.593000E-7	5.464373E-4
1.593500E-7	6.286588E-4
1.594000E-7	7.417134E-4
1.594500E-7	8.462033E-4
1.595000E-7	9.472672E-4
1.595500E-7	1.094581E-3
1.596000E-7	1.240181E-3
1.596500E-7	1.336106E-3
1.597000E-7	1.420041E-3
1.597500E-7	1.541660E-3
1.598000E-7	1.651288E-3
1.598500E-7	1.731797E-3
1.599000E-7	1.810592E-3
1.599500E-7	1.901378E-3
1.600000E-7	1.956192E-3
1.600500E-7	1.978461E-3
1.601000E-7	1.993877E-3
1.601500E-7	1.995590E-3
1.602000E-7	1.985312E-3
1.602500E-7	1.942488E-3
1.603000E-7	1.873970E-3
1.603500E-7	1.822582E-3
1.604000E-7	1.772907E-3
1.604500E-7	1.663278E-3
1.605000E-7	1.533094E-3
1.605500E-7	1.474854E-3
1.606000E-7	1.442309E-3
1.606500E-7	1.363513E-3
1.607000E-7	1.308699E-3
1.607500E-7	1.349810E-3
1.608000E-7	1.416614E-3
1.608500E-7	1.462864E-3
1.609000E-7	1.533095E-3
1.609500E-7	1.606751E-3
1.610000E-7	1.641010E-3
1.610500E-7	1.646149E-3
1.611000E-7	1.639297E-3
1.611500E-7	1.599899E-3
1.612000E-7	1.555363E-3
1.612500E-7	1.500549E-3
1.613000E-7	1.411476E-3
1.613500E-7	1.320690E-3
1.614000E-7	1.272727E-3
1.614500E-7	1.236756E-3
1.615000E-7	1.193932E-3
1.615500E-7	1.205923E-3
1.616000E-7	1.257311E-3
1.616500E-7	1.306987E-3
1.617000E-7	1.401199E-3
1.617500E-7	1.567355E-3
1.618000E-7	1.724946E-3
1.618500E-7	1.829436E-3
1.619000E-7	1.937351E-3
1.619500E-7	2.052119E-3
1.620000E-7	2.100081E-3
1.620500E-7	2.084664E-3
1.621000E-7	2.052118E-3
1.621500E-7	1.987026E-3
1.622000E-7	1.875685E-3
1.622500E-7	1.726658E-3
1.623000E-7	1.545086E-3
1.623500E-7	1.348097E-3
1.624000E-7	1.185367E-3
1.624500E-7	1.074025E-3
1.625000E-7	9.986556E-4
1.625500E-7	9.661096E-4
1.626000E-7	1.002081E-3
1.626500E-7	1.080877E-3
1.627000E-7	1.188793E-3
1.627500E-7	1.342958E-3
1.628000E-7	1.498836E-3
1.628500E-7	1.606751E-3
1.629000E-7	1.690686E-3
1.629500E-7	1.755778E-3
1.630000E-7	1.771194E-3
1.630500E-7	1.726658E-3
1.631000E-7	1.668417E-3
1.631500E-7	1.603325E-3
1.632000E-7	1.527955E-3
1.632500E-7	1.466289E-3
1.633000E-7	1.438882E-3
1.633500E-7	1.437169E-3
1.634000E-7	1.454299E-3
1.634500E-7	1.502261E-3
1.635000E-7	1.591334E-3
1.635500E-7	1.699250E-3
1.636000E-7	1.793462E-3
1.636500E-7	1.863693E-3
1.637000E-7	1.928785E-3
1.637500E-7	1.992164E-3
1.638000E-7	1.997303E-3
1.638500E-7	1.930498E-3
1.639000E-7	1.846564E-3
1.639500E-7	1.795176E-3
1.640000E-7	1.736935E-3
1.640500E-7	1.637584E-3
1.641000E-7	1.555363E-3
1.641500E-7	1.533095E-3
1.642000E-7	1.522817E-3
1.642500E-7	1.479993E-3
1.643000E-7	1.457725E-3
1.643500E-7	1.498836E-3
1.644000E-7	1.570779E-3
1.644500E-7	1.625594E-3
1.645000E-7	1.658140E-3
1.645500E-7	1.683834E-3
1.646000E-7	1.694112E-3
1.646500E-7	1.695825E-3
1.647000E-7	1.687261E-3
1.647500E-7	1.659854E-3
1.648000E-7	1.610178E-3
1.648500E-7	1.557077E-3
1.649000E-7	1.490272E-3
1.649500E-7	1.413189E-3
1.650000E-7	1.353236E-3
1.650500E-7	1.317264E-3
1.651000E-7	1.277866E-3
1.651500E-7	1.240181E-3
1.652000E-7	1.219625E-3
1.652500E-7	1.197357E-3
1.653000E-7	1.180227E-3
1.653500E-7	1.202496E-3
1.654000E-7	1.238467E-3
1.654500E-7	1.240180E-3
1.655000E-7	1.219625E-3
1.655500E-7	1.216199E-3
1.656000E-7	1.217912E-3
1.656500E-7	1.221338E-3
1.657000E-7	1.238468E-3
1.657500E-7	1.276153E-3
1.658000E-7	1.337819E-3
1.658500E-7	1.414901E-3
1.659000E-7	1.461151E-3
1.659500E-7	1.490271E-3
1.660000E-7	1.531382E-3
1.660500E-7	1.545085E-3
1.661000E-7	1.497123E-3
1.661500E-7	1.474854E-3
1.662000E-7	1.495410E-3
1.662500E-7	1.490271E-3
1.663000E-7	1.478280E-3
1.663500E-7	1.505687E-3
1.664000E-7	1.524530E-3
1.664500E-7	1.495410E-3
1.665000E-7	1.500548E-3
1.665500E-7	1.570779E-3
1.666000E-7	1.653001E-3
1.666500E-7	1.714667E-3
1.667000E-7	1.740362E-3
1.667500E-7	1.726658E-3
1.668000E-7	1.700964E-3
1.668500E-7	1.664992E-3
1.669000E-7	1.586196E-3
1.669500E-7	1.502262E-3
1.670000E-7	1.450874E-3
1.670500E-7	1.396059E-3
1.671000E-7	1.341245E-3
1.671500E-7	1.353236E-3
1.672000E-7	1.409763E-3
1.672500E-7	1.447448E-3
1.673000E-7	1.500550E-3
1.673500E-7	1.610178E-3
1.674000E-7	1.723233E-3
1.674500E-7	1.802028E-3
1.675000E-7	1.885963E-3
1.675500E-7	1.988740E-3
1.676000E-7	2.062396E-3
1.676500E-7	2.091517E-3
1.677000E-7	2.130914E-3
1.677500E-7	2.204571E-3
1.678000E-7	2.283367E-3
1.678500E-7	2.331329E-3
1.679000E-7	2.327903E-3
1.679500E-7	2.276515E-3
1.680000E-7	2.219987E-3
1.680500E-7	2.156608E-3
1.681000E-7	2.064109E-3
1.681500E-7	1.951054E-3
1.682000E-7	1.877397E-3
1.682500E-7	1.807166E-3
1.683000E-7	1.683834E-3
1.683500E-7	1.557076E-3
1.684000E-7	1.476567E-3
1.684500E-7	1.413188E-3
1.685000E-7	1.360087E-3
1.685500E-7	1.356661E-3
1.686000E-7	1.385781E-3
1.686500E-7	1.428605E-3
1.687000E-7	1.498836E-3
1.687500E-7	1.623881E-3
1.688000E-7	1.779759E-3
1.688500E-7	1.928786E-3
1.689000E-7	2.065822E-3
1.689500E-7	2.218274E-3
1.690000E-7	2.369013E-3
1.690500E-7	2.473503E-3
1.691000E-7	2.531743E-3
1.691500E-7	2.564289E-3
1.692000E-7	2.552298E-3
1.692500E-7	2.466651E-3
1.693000E-7	2.355310E-3
1.693500E-7	2.233691E-3
1.694000E-7	2.086377E-3
1.694500E-7	1.921935E-3
1.695000E-7	1.774621E-3
1.695500E-7	1.653002E-3
1.696000E-7	1.565642E-3
1.696500E-7	1.531383E-3
1.697000E-7	1.529670E-3
1.697500E-7	1.565642E-3
1.698000E-7	1.658141E-3
1.698500E-7	1.760918E-3
1.699000E-7	1.856843E-3
1.699500E-7	1.949342E-3
1.700000E-7	2.036702E-3
1.700500E-7	2.093229E-3
1.701000E-7	2.130914E-3
1.701500E-7	2.141191E-3
1.702000E-7	2.117210E-3
1.702500E-7	2.058970E-3
1.703000E-7	1.981887E-3
1.703500E-7	1.892814E-3
1.704000E-7	1.791750E-3
1.704500E-7	1.690686E-3
1.705000E-7	1.610178E-3
1.705500E-7	1.551937E-3
1.706000E-7	1.509113E-3
1.706500E-7	1.479993E-3
1.707000E-7	1.479993E-3
1.707500E-7	1.514252E-3
1.708000E-7	1.557076E-3
1.708500E-7	1.598187E-3
1.709000E-7	1.618742E-3
1.709500E-7	1.625594E-3
1.710000E-7	1.618742E-3
1.710500E-7	1.582770E-3
1.711000E-7	1.493697E-3
1.711500E-7	1.401198E-3
1.712000E-7	1.332680E-3
1.712500E-7	1.226478E-3
1.713000E-7	1.070600E-3
1.713500E-7	9.746745E-4
1.714000E-7	9.729615E-4
1.714500E-7	9.883780E-4
1.715000E-7	1.026063E-3
1.715500E-7	1.142543E-3
1.716000E-7	1.303560E-3
1.716500E-7	1.456013E-3
1.717000E-7	1.617030E-3
1.717500E-7	1.772908E-3
1.718000E-7	1.858555E-3
1.718500E-7	1.858555E-3
1.719000E-7	1.819158E-3
1.719500E-7	1.755778E-3
1.720000E-7	1.642724E-3
1.720500E-7	1.479994E-3
1.721000E-7	1.300134E-3
1.721500E-7	1.145969E-3
1.722000E-7	1.026063E-3
1.722500E-7	9.387023E-4
1.723000E-7	9.010174E-4
1.723500E-7	9.472671E-4
1.724000E-7	1.056896E-3
1.724500E-7	1.169950E-3
1.725000E-7	1.283005E-3
1.725500E-7	1.428606E-3
1.726000E-7	1.563928E-3
1.726500E-7	1.625595E-3
1.727000E-7	1.647863E-3
1.727500E-7	1.656428E-3
1.728000E-7	1.613604E-3
1.728500E-7	1.495411E-3
1.729000E-7	1.363514E-3
1.729500E-7	1.240182E-3
1.730000E-7	1.139118E-3
1.730500E-7	1.086017E-3
1.731000E-7	1.092868E-3
1.731500E-7	1.128840E-3
1.732000E-7	1.192219E-3
1.732500E-7	1.312126E-3
1.733000E-7	1.466291E-3
1.733500E-7	1.605040E-3
1.734000E-7	1.735224E-3
1.734500E-7	1.865408E-3
1.735000E-7	1.968184E-3
1.735500E-7	2.038415E-3
1.736000E-7	2.053831E-3
1.736500E-7	2.014433E-3
1.737000E-7	1.961332E-3
1.737500E-7	1.927073E-3
1.738000E-7	1.880823E-3
1.738500E-7	1.791750E-3
1.739000E-7	1.718093E-3
1.739500E-7	1.664992E-3
1.740000E-7	1.584483E-3
1.740500E-7	1.474855E-3
1.741000E-7	1.372078E-3
1.741500E-7	1.281292E-3
1.742000E-7	1.176802E-3
1.742500E-7	1.067173E-3
1.743000E-7	9.712481E-4
1.743500E-7	9.147207E-4
1.744000E-7	9.130077E-4
1.744500E-7	9.626831E-4
1.745000E-7	1.043192E-3
1.745500E-7	1.173376E-3
1.746000E-7	1.351522E-3
1.746500E-7	1.539946E-3
1.747000E-7	1.714667E-3
1.747500E-7	1.879110E-3
1.748000E-7	2.009294E-3
1.748500E-7	2.076099E-3
1.749000E-7	2.101793E-3
1.749500E-7	2.112071E-3
1.750000E-7	2.093228E-3
1.750500E-7	2.036701E-3
1.751000E-7	1.961332E-3
1.751500E-7	1.879110E-3
1.752000E-7	1.795176E-3
1.752500E-7	1.731797E-3
1.753000E-7	1.707816E-3
1.753500E-7	1.714667E-3
1.754000E-7	1.730084E-3
1.754500E-7	1.752352E-3
1.755000E-7	1.779759E-3
1.755500E-7	1.805454E-3
1.756000E-7	1.817444E-3
1.756500E-7	1.851703E-3
1.757000E-7	1.925360E-3
1.757500E-7	1.999017E-3
1.758000E-7	2.034989E-3
1.758500E-7	2.028137E-3
1.759000E-7	2.007581E-3
1.759500E-7	2.024711E-3
1.760000E-7	2.057257E-3
1.760500E-7	2.077812E-3
1.761000E-7	2.096654E-3
1.761500E-7	2.153182E-3
1.762000E-7	2.189153E-3
1.762500E-7	2.144617E-3
1.763000E-7	2.053830E-3
1.763500E-7	1.973322E-3
1.764000E-7	1.868832E-3
1.764500E-7	1.709528E-3
1.765000E-7	1.533094E-3
1.765500E-7	1.396059E-3
1.766000E-7	1.301847E-3
1.766500E-7	1.185366E-3
1.767000E-7	1.038053E-3
1.767500E-7	9.267114E-4
1.768000E-7	8.821748E-4
1.768500E-7	8.701842E-4
1.769000E-7	8.856008E-4
1.769500E-7	9.729611E-4
1.770000E-7	1.098006E-3
1.770500E-7	1.219626E-3
1.771000E-7	1.330967E-3
1.771500E-7	1.442309E-3
1.772000E-7	1.521104E-3
1.772500E-7	1.551937E-3
1.773000E-7	1.529669E-3
1.773500E-7	1.464577E-3
1.774000E-7	1.385781E-3
1.774500E-7	1.289856E-3
1.775000E-7	1.169950E-3
1.775500E-7	1.048330E-3
1.776000E-7	9.404148E-4
1.776500E-7	8.462027E-4
1.777000E-7	7.896754E-4
1.777500E-7	8.136568E-4
1.778000E-7	8.564806E-4
1.778500E-7	8.701844E-4
1.779000E-7	9.095823E-4
1.779500E-7	1.002082E-3
1.780000E-7	1.086016E-3
1.780500E-7	1.137405E-3
1.781000E-7	1.207636E-3
1.781500E-7	1.293283E-3
1.782000E-7	1.337820E-3
1.782500E-7	1.337820E-3
1.783000E-7	1.342959E-3
1.783500E-7	1.387495E-3
1.784000E-7	1.413189E-3
1.784500E-7	1.387495E-3
1.785000E-7	1.363513E-3
1.785500E-7	1.372078E-3
1.786000E-7	1.392633E-3
1.786500E-7	1.402911E-3
1.787000E-7	1.420041E-3
1.787500E-7	1.454300E-3
1.788000E-7	1.498836E-3
1.788500E-7	1.522817E-3
1.789000E-7	1.550225E-3
1.789500E-7	1.594761E-3
1.790000E-7	1.634159E-3
1.790500E-7	1.654714E-3
1.791000E-7	1.711241E-3
1.791500E-7	1.786611E-3
1.792000E-7	1.841425E-3
1.792500E-7	1.882536E-3
1.793000E-7	1.944202E-3
1.793500E-7	2.005868E-3
1.794000E-7	2.036701E-3
1.794500E-7	2.038414E-3
1.795000E-7	1.995590E-3
1.795500E-7	1.939063E-3
1.796000E-7	1.909943E-3
1.796500E-7	1.870545E-3
1.797000E-7	1.796888E-3
1.797500E-7	1.738648E-3
1.798000E-7	1.695824E-3
1.798500E-7	1.634158E-3
1.799000E-7	1.591334E-3
1.799500E-7	1.584482E-3
1.800000E-7	1.579343E-3
1.800500E-7	1.555362E-3
1.801000E-7	1.545085E-3
1.801500E-7	1.539946E-3
1.802000E-7	1.500548E-3
1.802500E-7	1.435457E-3
1.803000E-7	1.382356E-3
1.803500E-7	1.344671E-3
1.804000E-7	1.315551E-3
1.804500E-7	1.279579E-3
1.805000E-7	1.265875E-3
1.805500E-7	1.320690E-3
1.806000E-7	1.426892E-3
1.806500E-7	1.515965E-3
1.807000E-7	1.599900E-3
1.807500E-7	1.704389E-3
1.808000E-7	1.796888E-3
1.808500E-7	1.855128E-3
1.809000E-7	1.894526E-3
1.809500E-7	1.945915E-3
1.810000E-7	1.976748E-3
1.810500E-7	1.966470E-3
1.811000E-7	1.925359E-3
1.811500E-7	1.892813E-3
1.812000E-7	1.856841E-3
1.812500E-7	1.764342E-3
1.813000E-7	1.639297E-3
1.813500E-7	1.543372E-3
1.814000E-7	1.466289E-3
1.814500E-7	1.373790E-3
1.815000E-7	1.301846E-3
1.815500E-7	1.293281E-3
1.816000E-7	1.306985E-3
1.816500E-7	1.325828E-3
1.817000E-7	1.373790E-3
1.817500E-7	1.444021E-3
1.818000E-7	1.500549E-3
1.818500E-7	1.557076E-3
1.819000E-7	1.613604E-3
1.819500E-7	1.630733E-3
1.820000E-7	1.587909E-3
1.820500E-7	1.510827E-3
1.821000E-7	1.404624E-3
1.821500E-7	1.262450E-3
1.822000E-7	1.130553E-3
1.822500E-7	1.024350E-3
1.823000E-7	9.301378E-4
1.823500E-7	8.633328E-4
1.824000E-7	8.410645E-4
1.824500E-7	8.633329E-4
1.825000E-7	9.181473E-4
1.825500E-7	1.002082E-3
1.826000E-7	1.094581E-3
1.826500E-7	1.185367E-3
1.827000E-7	1.274441E-3
1.827500E-7	1.358375E-3
1.828000E-7	1.420041E-3
1.828500E-7	1.459439E-3
1.829000E-7	1.464577E-3
1.829500E-7	1.413189E-3
1.830000E-7	1.336106E-3
1.830500E-7	1.257310E-3
1.831000E-7	1.147682E-3
1.831500E-7	1.015785E-3
1.832000E-7	9.267115E-4
1.832500E-7	8.462030E-4
1.833000E-7	7.331487E-4
1.833500E-7	6.577792E-4
1.834000E-7	6.440757E-4
1.834500E-7	6.337982E-4
1.835000E-7	6.218077E-4
1.835500E-7	6.714832E-4
1.836000E-7	7.571306E-4
1.836500E-7	8.290745E-4
1.837000E-7	9.181478E-4
1.837500E-7	1.051758E-3
1.838000E-7	1.176803E-3
1.838500E-7	1.279579E-3
1.839000E-7	1.368652E-3
1.839500E-7	1.433744E-3
1.840000E-7	1.461151E-3
1.840500E-7	1.457725E-3
1.841000E-7	1.423466E-3
1.841500E-7	1.389208E-3
1.842000E-7	1.378930E-3
1.842500E-7	1.370365E-3
1.843000E-7	1.354949E-3
1.843500E-7	1.375505E-3
1.844000E-7	1.416615E-3
1.844500E-7	1.420041E-3
1.845000E-7	1.420042E-3
1.845500E-7	1.483421E-3
1.846000E-7	1.577633E-3
1.846500E-7	1.663280E-3
1.847000E-7	1.769483E-3
1.847500E-7	1.882537E-3
1.848000E-7	1.937352E-3
1.848500E-7	1.940777E-3
1.849000E-7	1.930500E-3
1.849500E-7	1.899667E-3
1.850000E-7	1.807167E-3
1.850500E-7	1.687261E-3
1.851000E-7	1.560503E-3
1.851500E-7	1.452588E-3
1.852000E-7	1.378931E-3
1.852500E-7	1.317265E-3
1.853000E-7	1.271016E-3
1.853500E-7	1.288145E-3
1.854000E-7	1.366941E-3
1.854500E-7	1.447449E-3
1.855000E-7	1.531383E-3
1.855500E-7	1.663280E-3
1.856000E-7	1.803741E-3
1.856500E-7	1.887675E-3
1.857000E-7	1.942489E-3
1.857500E-7	1.981887E-3
1.858000E-7	1.940776E-3
1.858500E-7	1.824295E-3
1.859000E-7	1.697537E-3
1.859500E-7	1.577631E-3
1.860000E-7	1.462863E-3
1.860500E-7	1.373790E-3
1.861000E-7	1.296708E-3
1.861500E-7	1.238468E-3
1.862000E-7	1.235042E-3
1.862500E-7	1.276153E-3
1.863000E-7	1.320690E-3
1.863500E-7	1.373791E-3
1.864000E-7	1.456012E-3
1.864500E-7	1.533095E-3
1.865000E-7	1.577631E-3
1.865500E-7	1.618742E-3
1.866000E-7	1.651288E-3
1.866500E-7	1.646149E-3
1.867000E-7	1.622168E-3
1.867500E-7	1.625593E-3
1.868000E-7	1.610177E-3
1.868500E-7	1.555363E-3
1.869000E-7	1.505687E-3
1.869500E-7	1.493697E-3
1.870000E-7	1.481707E-3
1.870500E-7	1.457726E-3
1.871000E-7	1.454300E-3
1.871500E-7	1.469716E-3
1.872000E-7	1.483420E-3
1.872500E-7	1.464578E-3
1.873000E-7	1.449161E-3
1.873500E-7	1.468004E-3
1.874000E-7	1.512540E-3
1.874500E-7	1.539947E-3
1.875000E-7	1.546799E-3
1.875500E-7	1.560502E-3
1.876000E-7	1.572493E-3
1.876500E-7	1.560502E-3
1.877000E-7	1.551937E-3
1.877500E-7	1.546798E-3
1.878000E-7	1.531382E-3
1.878500E-7	1.519391E-3
1.879000E-7	1.526243E-3
1.879500E-7	1.543372E-3
1.880000E-7	1.553650E-3
1.880500E-7	1.562215E-3
1.881000E-7	1.565641E-3
1.881500E-7	1.598187E-3
1.882000E-7	1.659853E-3
1.882500E-7	1.731797E-3
1.883000E-7	1.791750E-3
1.883500E-7	1.882536E-3
1.884000E-7	1.995591E-3
1.884500E-7	2.065822E-3
1.885000E-7	2.079526E-3
1.885500E-7	2.074387E-3
1.886000E-7	2.043554E-3
1.886500E-7	1.963046E-3
1.887000E-7	1.867121E-3
1.887500E-7	1.774621E-3
1.888000E-7	1.682122E-3
1.888500E-7	1.584484E-3
1.889000E-7	1.495411E-3
1.889500E-7	1.414902E-3
1.890000E-7	1.354949E-3
1.890500E-7	1.320690E-3
1.891000E-7	1.312125E-3
1.891500E-7	1.303560E-3
1.892000E-7	1.293283E-3
1.892500E-7	1.279579E-3
1.893000E-7	1.274440E-3
1.893500E-7	1.255598E-3
1.894000E-7	1.212774E-3
1.894500E-7	1.169950E-3
1.895000E-7	1.163098E-3
1.895500E-7	1.195644E-3
1.896000E-7	1.241894E-3
1.896500E-7	1.301847E-3
1.897000E-7	1.373791E-3
1.897500E-7	1.445735E-3
1.898000E-7	1.517679E-3
1.898500E-7	1.605039E-3
1.899000E-7	1.682122E-3
1.899500E-7	1.748927E-3
1.900000E-7	1.803741E-3
1.900500E-7	1.831148E-3
1.901000E-7	1.829436E-3
1.901500E-7	1.807167E-3
1.902000E-7	1.742075E-3
1.902500E-7	1.625595E-3
1.903000E-7	1.538234E-3
1.903500E-7	1.509114E-3
1.904000E-7	1.486845E-3
1.904500E-7	1.461151E-3
1.905000E-7	1.491984E-3
1.905500E-7	1.589622E-3
1.906000E-7	1.707815E-3
1.906500E-7	1.822582E-3
1.907000E-7	1.925359E-3
1.907500E-7	2.016145E-3
1.908000E-7	2.100080E-3
1.908500E-7	2.154894E-3
1.909000E-7	2.165172E-3
1.909500E-7	2.156607E-3
1.910000E-7	2.117209E-3
1.910500E-7	2.011007E-3
1.911000E-7	1.877397E-3
1.911500E-7	1.776333E-3
1.912000E-7	1.683834E-3
1.912500E-7	1.563928E-3
1.913000E-7	1.462864E-3
1.913500E-7	1.399485E-3
1.914000E-7	1.339532E-3
1.914500E-7	1.298422E-3
1.915000E-7	1.281292E-3
1.915500E-7	1.274440E-3
1.916000E-7	1.284718E-3
1.916500E-7	1.300134E-3
1.917000E-7	1.283005E-3
1.917500E-7	1.253885E-3
1.918000E-7	1.247033E-3
1.918500E-7	1.226477E-3
1.919000E-7	1.176802E-3
1.919500E-7	1.147682E-3
1.920000E-7	1.140830E-3
1.920500E-7	1.109997E-3
1.921000E-7	1.082590E-3
1.921500E-7	1.104858E-3
1.922000E-7	1.166524E-3
1.922500E-7	1.235042E-3
1.923000E-7	1.334393E-3
1.923500E-7	1.476568E-3
1.924000E-7	1.637585E-3
1.924500E-7	1.784898E-3
1.925000E-7	1.920221E-3
1.925500E-7	2.041840E-3
1.926000E-7	2.124062E-3
1.926500E-7	2.122349E-3
1.927000E-7	2.053831E-3
1.927500E-7	1.954480E-3
1.928000E-7	1.817444E-3
1.928500E-7	1.630733E-3
1.929000E-7	1.421753E-3
1.929500E-7	1.260737E-3
1.930000E-7	1.154534E-3
1.930500E-7	1.075739E-3
1.931000E-7	1.017498E-3
1.931500E-7	1.020924E-3
1.932000E-7	1.080877E-3
1.932500E-7	1.140831E-3
1.933000E-7	1.197358E-3
1.933500E-7	1.255598E-3
1.934000E-7	1.291569E-3
1.934500E-7	1.320689E-3
1.935000E-7	1.366939E-3
1.935500E-7	1.406336E-3
1.936000E-7	1.418327E-3
1.936500E-7	1.438883E-3
1.937000E-7	1.478280E-3
1.937500E-7	1.527956E-3
1.938000E-7	1.596474E-3
1.938500E-7	1.675270E-3
1.939000E-7	1.752352E-3
1.939500E-7	1.836287E-3
1.940000E-7	1.913369E-3
1.940500E-7	1.956193E-3
1.941000E-7	1.978461E-3
1.941500E-7	2.005868E-3
1.942000E-7	2.007581E-3
1.942500E-7	1.966471E-3
1.943000E-7	1.930499E-3
1.943500E-7	1.915082E-3
1.944000E-7	1.896240E-3
1.944500E-7	1.882536E-3
1.945000E-7	1.896240E-3
1.945500E-7	1.939064E-3
1.946000E-7	1.997304E-3
1.946500E-7	2.041841E-3
1.947000E-7	2.052118E-3
1.947500E-7	2.055544E-3
1.948000E-7	2.052118E-3
1.948500E-7	2.012721E-3
1.949000E-7	1.940777E-3
1.949500E-7	1.877398E-3
1.950000E-7	1.802028E-3
1.950500E-7	1.685548E-3
1.951000E-7	1.558789E-3
1.951500E-7	1.466290E-3
1.952000E-7	1.397772E-3
1.952500E-7	1.296708E-3
1.953000E-7	1.183653E-3
1.953500E-7	1.115135E-3
1.954000E-7	1.065460E-3
1.954500E-7	9.558311E-4
1.955000E-7	8.324988E-4
1.955500E-7	7.502773E-4
1.956000E-7	6.817594E-4
1.956500E-7	6.063898E-4
1.957000E-7	5.875475E-4
1.957500E-7	6.423619E-4
1.958000E-7	7.143058E-4
1.958500E-7	7.965274E-4
1.959000E-7	8.958784E-4
1.959500E-7	1.005507E-3
1.960000E-7	1.123700E-3
1.960500E-7	1.245319E-3
1.961000E-7	1.361800E-3
1.961500E-7	1.491984E-3
1.962000E-7	1.635871E-3
1.962500E-7	1.740361E-3
1.963000E-7	1.793462E-3
1.963500E-7	1.832860E-3
1.964000E-7	1.875684E-3
1.964500E-7	1.887675E-3
1.965000E-7	1.865407E-3
1.965500E-7	1.838000E-3
1.966000E-7	1.791750E-3
1.966500E-7	1.714668E-3
1.967000E-7	1.596475E-3
1.967500E-7	1.479995E-3
1.968000E-7	1.366940E-3
1.968500E-7	1.240182E-3
1.969000E-7	1.118563E-3
1.969500E-7	1.070600E-3
1.970000E-7	1.082590E-3
1.970500E-7	1.104858E-3
1.971000E-7	1.151108E-3
1.971500E-7	1.271014E-3
1.972000E-7	1.456012E-3
1.972500E-7	1.622169E-3
1.973000E-7	1.742075E-3
1.973500E-7	1.863695E-3
1.974000E-7	2.021286E-3
1.974500E-7	2.154896E-3
1.975000E-7	2.207998E-3
1.975500E-7	2.254248E-3
1.976000E-7	2.310775E-3
1.976500E-7	2.305636E-3
1.977000E-7	2.243970E-3
1.977500E-7	2.214849E-3
1.978000E-7	2.190868E-3
1.978500E-7	2.125775E-3
1.979000E-7	2.045267E-3
1.979500E-7	1.988739E-3
1.980000E-7	1.913369E-3
1.980500E-7	1.814018E-3
1.981000E-7	1.745500E-3
1.981500E-7	1.712954E-3
1.982000E-7	1.680408E-3
1.982500E-7	1.629020E-3
1.983000E-7	1.594761E-3
1.983500E-7	1.608465E-3
1.984000E-7	1.661566E-3
1.984500E-7	1.740362E-3
1.985000E-7	1.831148E-3
1.985500E-7	1.944203E-3
1.986000E-7	2.079525E-3
1.986500E-7	2.207996E-3
1.987000E-7	2.281653E-3
1.987500E-7	2.315912E-3
1.988000E-7	2.322764E-3
1.988500E-7	2.269663E-3
1.989000E-7	2.151469E-3
1.989500E-7	2.007582E-3
1.990000E-7	1.867120E-3
1.990500E-7	1.697538E-3
1.991000E-7	1.509114E-3
1.991500E-7	1.344671E-3
1.992000E-7	1.224765E-3
1.992500E-7	1.135691E-3
1.993000E-7	1.080877E-3
1.993500E-7	1.096293E-3
1.994000E-7	1.166524E-3
1.994500E-7	1.245320E-3
1.995000E-7	1.337819E-3
1.995500E-7	1.445734E-3
1.996000E-7	1.538233E-3
1.996500E-7	1.610177E-3
1.997000E-7	1.668417E-3
1.997500E-7	1.707815E-3
1.998000E-7	1.723232E-3
1.998500E-7	1.714667E-3
1.999000E-7	1.706102E-3
1.999500E-7	1.706102E-3
2.000000E-7	1.707815E-3
