Study Name	Tungsten_Kyocera
Sample Name	2024-02-05
Run Name	spot03
Operator	Angus+Samantha
Date	2/5/2024
Time	16:26
Sign	FIX
Grating Spacing	03.40um
Channel	3
Number Traces	10000
Files in Batch	1
Batch Number	235
dt	50.000001E-12
time stamp (ms)	8:30:16 PM
	
Time	Amplitude
0.000000E+0	1.562213E-3
5.000000E-11	1.652999E-3
1.000000E-10	1.690684E-3
1.500000E-10	1.659850E-3
2.000000E-10	1.586194E-3
2.500000E-10	1.497120E-3
3.000000E-10	1.413186E-3
3.500000E-10	1.337816E-3
4.000000E-10	1.247030E-3
4.500000E-10	1.156244E-3
5.000000E-10	1.096291E-3
5.500000E-10	1.062032E-3
6.000000E-10	1.044903E-3
6.500000E-10	1.060319E-3
7.000000E-10	1.103143E-3
7.500000E-10	1.156245E-3
8.000000E-10	1.229901E-3
8.500000E-10	1.320687E-3
9.000000E-10	1.363511E-3
9.500000E-10	1.332678E-3
1.000000E-9	1.303558E-3
1.050000E-9	1.294993E-3
1.100000E-9	1.247030E-3
1.150000E-9	1.139115E-3
1.200000E-9	1.034625E-3
1.250000E-9	9.592553E-4
1.300000E-9	8.599043E-4
1.350000E-9	7.297203E-4
1.400000E-9	6.286564E-4
1.450000E-9	5.926845E-4
1.500000E-9	5.738420E-4
1.550000E-9	5.687031E-4
1.600000E-9	6.200916E-4
1.650000E-9	7.194425E-4
1.700000E-9	8.119416E-4
1.750000E-9	9.010149E-4
1.800000E-9	1.048328E-3
1.850000E-9	1.195642E-3
1.900000E-9	1.253882E-3
1.950000E-9	1.276150E-3
2.000000E-9	1.341242E-3
2.050000E-9	1.416612E-3
2.100000E-9	1.430315E-3
2.150000E-9	1.399482E-3
2.200000E-9	1.380640E-3
2.250000E-9	1.370362E-3
2.300000E-9	1.361798E-3
2.350000E-9	1.372075E-3
2.400000E-9	1.389205E-3
2.450000E-9	1.404621E-3
2.500000E-9	1.418325E-3
2.550000E-9	1.428602E-3
2.600000E-9	1.435454E-3
2.650000E-9	1.416612E-3
2.700000E-9	1.366936E-3
2.750000E-9	1.284715E-3
2.800000E-9	1.192216E-3
2.850000E-9	1.111707E-3
2.900000E-9	1.017495E-3
2.950000E-9	9.147184E-4
3.000000E-9	8.273582E-4
3.050000E-9	7.537017E-4
3.100000E-9	6.937486E-4
3.150000E-9	6.612027E-4
3.200000E-9	6.783323E-4
3.250000E-9	6.971747E-4
3.300000E-9	7.040265E-4
3.350000E-9	6.954618E-4
3.400000E-9	6.903229E-4
3.450000E-9	7.143041E-4
3.500000E-9	7.639794E-4
3.550000E-9	7.725441E-4
3.600000E-9	7.502758E-4
3.650000E-9	7.828217E-4
3.700000E-9	8.804596E-4
3.750000E-9	9.558293E-4
3.800000E-9	1.026060E-3
3.850000E-9	1.145966E-3
3.900000E-9	1.286428E-3
3.950000E-9	1.406335E-3
4.000000E-9	1.546796E-3
4.050000E-9	1.688971E-3
4.100000E-9	1.762628E-3
4.150000E-9	1.778044E-3
4.200000E-9	1.793461E-3
4.250000E-9	1.774619E-3
4.300000E-9	1.668416E-3
4.350000E-9	1.512538E-3
4.400000E-9	1.361798E-3
4.450000E-9	1.231614E-3
4.500000E-9	1.113421E-3
4.550000E-9	1.027774E-3
4.600000E-9	9.849500E-4
4.650000E-9	9.815240E-4
4.700000E-9	9.883757E-4
4.750000E-9	9.849497E-4
4.800000E-9	9.918013E-4
4.850000E-9	9.986529E-4
4.900000E-9	9.798104E-4
4.950000E-9	9.438384E-4
5.000000E-9	9.095795E-4
5.050000E-9	8.616170E-4
5.100000E-9	7.896733E-4
5.150000E-9	7.348592E-4
5.200000E-9	7.194429E-4
5.250000E-9	7.382855E-4
5.300000E-9	7.982389E-4
5.350000E-9	9.112936E-4
5.400000E-9	1.048330E-3
5.450000E-9	1.173375E-3
5.500000E-9	1.283003E-3
5.550000E-9	1.363512E-3
5.600000E-9	1.411474E-3
5.650000E-9	1.426890E-3
5.700000E-9	1.365224E-3
5.750000E-9	1.226475E-3
5.800000E-9	1.063745E-3
5.850000E-9	9.215702E-4
5.900000E-9	7.691178E-4
5.950000E-9	6.115265E-4
6.000000E-9	5.412956E-4
6.050000E-9	5.841192E-4
6.100000E-9	6.731925E-4
6.150000E-9	7.725435E-4
6.200000E-9	9.335606E-4
6.250000E-9	1.142540E-3
6.300000E-9	1.329252E-3
6.350000E-9	1.442306E-3
6.400000E-9	1.495408E-3
6.450000E-9	1.507398E-3
6.500000E-9	1.474853E-3
6.550000E-9	1.382353E-3
6.600000E-9	1.240179E-3
6.650000E-9	1.109995E-3
6.700000E-9	1.027774E-3
6.750000E-9	9.643946E-4
6.800000E-9	9.147192E-4
6.850000E-9	9.130061E-4
6.900000E-9	9.626815E-4
6.950000E-9	1.031199E-3
7.000000E-9	1.109995E-3
7.050000E-9	1.195642E-3
7.100000E-9	1.259021E-3
7.150000E-9	1.289854E-3
7.200000E-9	1.303557E-3
7.250000E-9	1.276150E-3
7.300000E-9	1.190503E-3
7.350000E-9	1.075736E-3
7.400000E-9	9.712460E-4
7.450000E-9	9.095802E-4
7.500000E-9	9.027286E-4
7.550000E-9	9.198583E-4
7.600000E-9	9.661080E-4
7.650000E-9	1.101431E-3
7.700000E-9	1.305272E-3
7.750000E-9	1.515964E-3
7.800000E-9	1.738647E-3
7.850000E-9	1.990450E-3
7.900000E-9	2.180587E-3
7.950000E-9	2.278225E-3
8.000000E-9	2.346742E-3
8.050000E-9	2.399843E-3
8.100000E-9	2.353594E-3
8.150000E-9	2.216558E-3
8.200000E-9	2.052116E-3
8.250000E-9	1.863692E-3
8.300000E-9	1.664990E-3
8.350000E-9	1.478279E-3
8.400000E-9	1.317262E-3
8.450000E-9	1.195643E-3
8.500000E-9	1.142541E-3
8.550000E-9	1.130550E-3
8.600000E-9	1.123698E-3
8.650000E-9	1.137402E-3
8.700000E-9	1.181938E-3
8.750000E-9	1.211058E-3
8.800000E-9	1.226474E-3
8.850000E-9	1.271011E-3
8.900000E-9	1.300131E-3
8.950000E-9	1.257307E-3
9.000000E-9	1.207632E-3
9.050000E-9	1.202493E-3
9.100000E-9	1.183650E-3
9.150000E-9	1.125411E-3
9.200000E-9	1.087726E-3
9.250000E-9	1.046616E-3
9.300000E-9	9.729591E-4
9.350000E-9	9.267099E-4
9.400000E-9	9.318490E-4
9.450000E-9	9.387010E-4
9.500000E-9	9.592565E-4
9.550000E-9	1.012358E-3
9.600000E-9	1.044904E-3
9.650000E-9	1.062033E-3
9.700000E-9	1.111709E-3
9.750000E-9	1.163097E-3
9.800000E-9	1.185365E-3
9.850000E-9	1.221337E-3
9.900000E-9	1.255595E-3
9.950000E-9	1.252169E-3
1.000000E-8	1.245317E-3
1.005000E-8	1.228188E-3
1.010000E-8	1.145966E-3
1.015000E-8	1.056893E-3
1.020000E-8	1.015782E-3
1.025000E-8	9.661065E-4
1.030000E-8	8.787463E-4
1.035000E-8	8.102285E-4
1.040000E-8	7.776825E-4
1.045000E-8	7.537014E-4
1.050000E-8	7.691180E-4
1.055000E-8	8.170806E-4
1.060000E-8	8.616172E-4
1.065000E-8	9.369870E-4
1.070000E-8	1.074023E-3
1.075000E-8	1.211059E-3
1.080000E-8	1.317261E-3
1.085000E-8	1.430316E-3
1.090000E-8	1.524528E-3
1.095000E-8	1.546797E-3
1.100000E-8	1.536519E-3
1.105000E-8	1.505686E-3
1.110000E-8	1.411474E-3
1.115000E-8	1.252170E-3
1.120000E-8	1.116847E-3
1.125000E-8	1.015783E-3
1.130000E-8	9.078674E-4
1.135000E-8	8.102294E-4
1.140000E-8	7.674057E-4
1.145000E-8	8.170810E-4
1.150000E-8	9.609684E-4
1.155000E-8	1.187077E-3
1.160000E-8	1.534805E-3
1.165000E-8	2.088086E-3
1.170000E-8	2.867476E-3
1.175000E-8	3.881540E-3
1.180000E-8	5.186804E-3
1.185000E-8	6.856926E-3
1.190000E-8	8.890193E-3
1.195000E-8	1.130545E-2
1.200000E-8	1.415750E-2
1.205000E-8	1.747719E-2
1.210000E-8	2.123711E-2
1.215000E-8	2.542526E-2
1.220000E-8	2.999198E-2
1.225000E-8	3.487216E-2
1.230000E-8	3.999730E-2
1.235000E-8	4.524577E-2
1.240000E-8	5.045313E-2
1.245000E-8	5.546693E-2
1.250000E-8	6.013471E-2
1.255000E-8	6.426463E-2
1.260000E-8	6.773678E-2
1.265000E-8	7.050833E-2
1.270000E-8	7.249192E-2
1.275000E-8	7.362418E-2
1.280000E-8	7.395136E-2
1.285000E-8	7.352998E-2
1.290000E-8	7.233948E-2
1.295000E-8	7.044154E-2
1.300000E-8	6.800915E-2
1.305000E-8	6.515710E-2
1.310000E-8	6.198472E-2
1.315000E-8	5.866161E-2
1.320000E-8	5.538303E-2
1.325000E-8	5.227060E-2
1.330000E-8	4.946822E-2
1.335000E-8	4.706495E-2
1.340000E-8	4.516872E-2
1.345000E-8	4.380350E-2
1.350000E-8	4.295388E-2
1.355000E-8	4.264383E-2
1.360000E-8	4.289734E-2
1.365000E-8	4.364932E-2
1.370000E-8	4.474561E-2
1.375000E-8	4.609198E-2
1.380000E-8	4.761650E-2
1.385000E-8	4.919755E-2
1.390000E-8	5.071008E-2
1.395000E-8	5.206674E-2
1.400000E-8	5.317159E-2
1.405000E-8	5.393214E-2
1.410000E-8	5.430728E-2
1.415000E-8	5.427816E-2
1.420000E-8	5.381566E-2
1.425000E-8	5.294035E-2
1.430000E-8	5.166935E-2
1.435000E-8	5.004719E-2
1.440000E-8	4.812526E-2
1.445000E-8	4.597894E-2
1.450000E-8	4.368873E-2
1.455000E-8	4.136940E-2
1.460000E-8	3.916484E-2
1.465000E-8	3.714870E-2
1.470000E-8	3.540663E-2
1.475000E-8	3.401401E-2
1.480000E-8	3.301536E-2
1.485000E-8	3.244323E-2
1.490000E-8	3.233702E-2
1.495000E-8	3.268989E-2
1.500000E-8	3.343331E-2
1.505000E-8	3.453987E-2
1.510000E-8	3.593592E-2
1.515000E-8	3.748271E-2
1.520000E-8	3.909288E-2
1.525000E-8	4.068592E-2
1.530000E-8	4.212650E-2
1.535000E-8	4.329131E-2
1.540000E-8	4.417519E-2
1.545000E-8	4.472848E-2
1.550000E-8	4.486037E-2
1.555000E-8	4.454691E-2
1.560000E-8	4.383604E-2
1.565000E-8	4.270721E-2
1.570000E-8	4.118611E-2
1.575000E-8	3.933956E-2
1.580000E-8	3.727717E-2
1.585000E-8	3.506404E-2
1.590000E-8	3.281837E-2
1.595000E-8	3.068747E-2
1.600000E-8	2.873642E-2
1.605000E-8	2.702347E-2
1.610000E-8	2.563941E-2
1.615000E-8	2.468529E-2
1.620000E-8	2.417312E-2
1.625000E-8	2.412687E-2
1.630000E-8	2.455339E-2
1.635000E-8	2.541329E-2
1.640000E-8	2.662434E-2
1.645000E-8	2.814715E-2
1.650000E-8	2.990634E-2
1.655000E-8	3.172206E-2
1.660000E-8	3.345043E-2
1.665000E-8	3.504518E-2
1.670000E-8	3.643610E-2
1.675000E-8	3.748442E-2
1.680000E-8	3.809766E-2
1.685000E-8	3.826724E-2
1.690000E-8	3.796919E-2
1.695000E-8	3.720179E-2
1.700000E-8	3.604213E-2
1.705000E-8	3.457928E-2
1.710000E-8	3.283550E-2
1.715000E-8	3.087075E-2
1.720000E-8	2.879466E-2
1.725000E-8	2.672713E-2
1.730000E-8	2.473155E-2
1.735000E-8	2.291582E-2
1.740000E-8	2.139815E-2
1.745000E-8	2.025047E-2
1.750000E-8	1.950363E-2
1.755000E-8	1.917303E-2
1.760000E-8	1.926552E-2
1.765000E-8	1.980510E-2
1.770000E-8	2.079175E-2
1.775000E-8	2.215697E-2
1.780000E-8	2.379455E-2
1.785000E-8	2.563596E-2
1.790000E-8	2.758016E-2
1.795000E-8	2.944042E-2
1.800000E-8	3.111739E-2
1.805000E-8	3.254771E-2
1.810000E-8	3.361316E-2
1.815000E-8	3.418871E-2
1.820000E-8	3.427094E-2
1.825000E-8	3.386497E-2
1.830000E-8	3.295368E-2
1.835000E-8	3.156963E-2
1.840000E-8	2.978816E-2
1.845000E-8	2.771550E-2
1.850000E-8	2.546126E-2
1.855000E-8	2.315564E-2
1.860000E-8	2.092195E-2
1.865000E-8	1.890239E-2
1.870000E-8	1.720486E-2
1.875000E-8	1.588589E-2
1.880000E-8	1.499515E-2
1.885000E-8	1.459432E-2
1.890000E-8	1.468168E-2
1.895000E-8	1.520755E-2
1.900000E-8	1.616166E-2
1.905000E-8	1.748919E-2
1.910000E-8	1.909422E-2
1.915000E-8	2.090309E-2
1.920000E-8	2.282330E-2
1.925000E-8	2.474694E-2
1.930000E-8	2.654896E-2
1.935000E-8	2.813858E-2
1.940000E-8	2.940788E-2
1.945000E-8	3.026264E-2
1.950000E-8	3.065833E-2
1.955000E-8	3.058810E-2
1.960000E-8	3.007422E-2
1.965000E-8	2.912525E-2
1.970000E-8	2.774290E-2
1.975000E-8	2.597172E-2
1.980000E-8	2.392818E-2
1.985000E-8	2.172361E-2
1.990000E-8	1.945225E-2
1.995000E-8	1.721171E-2
2.000000E-8	1.516303E-2
2.005000E-8	1.341753E-2
2.010000E-8	1.203861E-2
2.015000E-8	1.108963E-2
2.020000E-8	1.064427E-2
2.025000E-8	1.073848E-2
2.030000E-8	1.135685E-2
2.035000E-8	1.243771E-2
2.040000E-8	1.389543E-2
2.045000E-8	1.566148E-2
2.050000E-8	1.761937E-2
2.055000E-8	1.962009E-2
2.060000E-8	2.153345E-2
2.065000E-8	2.326696E-2
2.070000E-8	2.472468E-2
2.075000E-8	2.579870E-2
2.080000E-8	2.645133E-2
2.085000E-8	2.666545E-2
2.090000E-8	2.641879E-2
2.095000E-8	2.570963E-2
2.100000E-8	2.458594E-2
2.105000E-8	2.314364E-2
2.110000E-8	2.142898E-2
2.115000E-8	1.948822E-2
2.120000E-8	1.742583E-2
2.125000E-8	1.538742E-2
2.130000E-8	1.347063E-2
2.135000E-8	1.174570E-2
2.140000E-8	1.030682E-2
2.145000E-8	9.234513E-3
2.150000E-8	8.573313E-3
2.155000E-8	8.350628E-3
2.160000E-8	8.607567E-3
2.165000E-8	9.350984E-3
2.170000E-8	1.050208E-2
2.175000E-8	1.200605E-2
2.180000E-8	1.379950E-2
2.185000E-8	1.577110E-2
2.190000E-8	1.774099E-2
2.195000E-8	1.959098E-2
2.200000E-8	2.125425E-2
2.205000E-8	2.263488E-2
2.210000E-8	2.361469E-2
2.215000E-8	2.412344E-2
2.220000E-8	2.416455E-2
2.225000E-8	2.375173E-2
2.230000E-8	2.288156E-2
2.235000E-8	2.157116E-2
2.240000E-8	1.993358E-2
2.245000E-8	1.811272E-2
2.250000E-8	1.616853E-2
2.255000E-8	1.417637E-2
2.260000E-8	1.229041E-2
2.265000E-8	1.062029E-2
2.270000E-8	9.198543E-3
2.275000E-8	8.091978E-3
2.280000E-8	7.401659E-3
2.285000E-8	7.156705E-3
2.290000E-8	7.286887E-3
2.295000E-8	7.799056E-3
2.300000E-8	8.725758E-3
2.305000E-8	9.993337E-3
2.310000E-8	1.150415E-2
2.315000E-8	1.315372E-2
2.320000E-8	1.487181E-2
2.325000E-8	1.656420E-2
2.330000E-8	1.816238E-2
2.335000E-8	1.955329E-2
2.340000E-8	2.062731E-2
2.345000E-8	2.134504E-2
2.350000E-8	2.165851E-2
2.355000E-8	2.152661E-2
2.360000E-8	2.096991E-2
2.365000E-8	2.003978E-2
2.370000E-8	1.874822E-2
2.375000E-8	1.716374E-2
2.380000E-8	1.538057E-2
2.385000E-8	1.349119E-2
2.390000E-8	1.159324E-2
2.395000E-8	9.789510E-3
2.400000E-8	8.169061E-3
2.405000E-8	6.832962E-3
2.410000E-8	5.871997E-3
2.415000E-8	5.296445E-3
2.420000E-8	5.104593E-3
2.425000E-8	5.347829E-3
2.430000E-8	6.015877E-3
2.435000E-8	7.052208E-3
2.440000E-8	8.408860E-3
2.445000E-8	1.001560E-2
2.450000E-8	1.175938E-2
2.455000E-8	1.353913E-2
2.460000E-8	1.527949E-2
2.465000E-8	1.684169E-2
2.470000E-8	1.811442E-2
2.475000E-8	1.904112E-2
2.480000E-8	1.956700E-2
2.485000E-8	1.963380E-2
2.490000E-8	1.927923E-2
2.495000E-8	1.854437E-2
2.500000E-8	1.741897E-2
2.505000E-8	1.596982E-2
2.510000E-8	1.432539E-2
2.515000E-8	1.256791E-2
2.520000E-8	1.076246E-2
2.525000E-8	9.032388E-3
2.530000E-8	7.458189E-3
2.535000E-8	6.062137E-3
2.540000E-8	4.929879E-3
2.545000E-8	4.157338E-3
2.550000E-8	3.739378E-3
2.555000E-8	3.652015E-3
2.560000E-8	3.936362E-3
2.565000E-8	4.628391E-3
2.570000E-8	5.657870E-3
2.575000E-8	6.966560E-3
2.580000E-8	8.508210E-3
2.585000E-8	1.018347E-2
2.590000E-8	1.191012E-2
2.595000E-8	1.361279E-2
2.600000E-8	1.518699E-2
2.605000E-8	1.651624E-2
2.610000E-8	1.752174E-2
2.615000E-8	1.813498E-2
2.620000E-8	1.829428E-2
2.625000E-8	1.801165E-2
2.630000E-8	1.730934E-2
2.635000E-8	1.617366E-2
2.640000E-8	1.468340E-2
2.645000E-8	1.297388E-2
2.650000E-8	1.110677E-2
2.655000E-8	9.165998E-3
2.660000E-8	7.324580E-3
2.665000E-8	5.685289E-3
2.670000E-8	4.248126E-3
2.675000E-8	3.095311E-3
2.680000E-8	2.350178E-3
2.685000E-8	2.048697E-3
2.690000E-8	2.166888E-3
2.695000E-8	2.675632E-3
2.700000E-8	3.552659E-3
2.705000E-8	4.775701E-3
2.710000E-8	6.279667E-3
2.715000E-8	7.936086E-3
2.720000E-8	9.640467E-3
2.725000E-8	1.132772E-2
2.730000E-8	1.291048E-2
2.735000E-8	1.428598E-2
2.740000E-8	1.540796E-2
2.745000E-8	1.621476E-2
2.750000E-8	1.660703E-2
2.755000E-8	1.656763E-2
2.760000E-8	1.615481E-2
2.765000E-8	1.537885E-2
2.770000E-8	1.424831E-2
2.775000E-8	1.281628E-2
2.780000E-8	1.120098E-2
2.785000E-8	9.518864E-3
2.790000E-8	7.836750E-3
2.795000E-8	6.218015E-3
2.800000E-8	4.748306E-3
2.805000E-8	3.497854E-3
2.810000E-8	2.509482E-3
2.815000E-8	1.855135E-3
2.820000E-8	1.603330E-3
2.825000E-8	1.752355E-3
2.830000E-8	2.261098E-3
2.835000E-8	3.105579E-3
2.840000E-8	4.266956E-3
2.845000E-8	5.688700E-3
2.850000E-8	7.285166E-3
2.855000E-8	8.970705E-3
2.860000E-8	1.064254E-2
2.865000E-8	1.219790E-2
2.870000E-8	1.354599E-2
2.875000E-8	1.459431E-2
2.880000E-8	1.526236E-2
2.885000E-8	1.550046E-2
2.890000E-8	1.531547E-2
2.895000E-8	1.472622E-2
2.900000E-8	1.376012E-2
2.905000E-8	1.249082E-2
2.910000E-8	1.101769E-2
2.915000E-8	9.397245E-3
2.920000E-8	7.716844E-3
2.925000E-8	6.094684E-3
2.930000E-8	4.623262E-3
2.935000E-8	3.350542E-3
2.940000E-8	2.377587E-3
2.945000E-8	1.784906E-3
2.950000E-8	1.529675E-3
2.955000E-8	1.558793E-3
2.960000E-8	1.927075E-3
2.965000E-8	2.617390E-3
2.970000E-8	3.520112E-3
2.975000E-8	4.592415E-3
2.980000E-8	5.844578E-3
2.985000E-8	7.214935E-3
2.990000E-8	8.593857E-3
2.995000E-8	9.905975E-3
3.000000E-8	1.108962E-2
3.005000E-8	1.207457E-2
3.010000E-8	1.281627E-2
3.015000E-8	1.327706E-2
3.020000E-8	1.341752E-2
3.025000E-8	1.319655E-2
3.030000E-8	1.258846E-2
3.035000E-8	1.164291E-2
3.040000E-8	1.044214E-2
3.045000E-8	9.025533E-3
3.050000E-8	7.435919E-3
3.055000E-8	5.769223E-3
3.060000E-8	4.177895E-3
3.065000E-8	2.739019E-3
3.070000E-8	1.491993E-3
3.075000E-8	5.224642E-4
3.080000E-8	-8.392045E-5
3.085000E-8	-2.997534E-4
3.090000E-8	-1.353122E-4
3.095000E-8	4.025514E-4
3.100000E-8	1.274440E-3
3.105000E-8	2.416974E-3
3.110000E-8	3.765062E-3
3.115000E-8	5.260464E-3
3.120000E-8	6.814106E-3
3.125000E-8	8.347194E-3
3.130000E-8	9.798060E-3
3.135000E-8	1.107421E-2
3.140000E-8	1.208656E-2
3.145000E-8	1.278373E-2
3.150000E-8	1.313660E-2
3.155000E-8	1.308692E-2
3.160000E-8	1.265526E-2
3.165000E-8	1.190328E-2
3.170000E-8	1.084811E-2
3.175000E-8	9.500019E-3
3.180000E-8	7.946377E-3
3.185000E-8	6.296810E-3
3.190000E-8	4.636964E-3
3.195000E-8	3.052488E-3
3.200000E-8	1.663288E-3
3.205000E-8	5.413067E-4
3.210000E-8	-2.483629E-4
3.215000E-8	-6.783138E-4
3.220000E-8	-7.245648E-4
3.225000E-8	-3.939675E-4
3.230000E-8	3.014874E-4
3.235000E-8	1.312125E-3
3.240000E-8	2.598547E-3
3.245000E-8	4.083671E-3
3.250000E-8	5.647590E-3
3.255000E-8	7.184103E-3
3.260000E-8	8.628117E-3
3.265000E-8	9.921393E-3
3.270000E-8	1.097999E-2
3.275000E-8	1.174054E-2
3.280000E-8	1.216878E-2
3.285000E-8	1.225957E-2
3.290000E-8	1.199064E-2
3.295000E-8	1.134828E-2
3.300000E-8	1.038732E-2
3.305000E-8	9.213956E-3
3.310000E-8	7.865868E-3
3.315000E-8	6.397873E-3
3.320000E-8	4.917888E-3
3.325000E-8	3.518410E-3
3.330000E-8	2.245691E-3
3.335000E-8	1.188802E-3
3.340000E-8	4.385305E-4
3.345000E-8	-5.123968E-6
3.350000E-8	-1.421612E-4
3.355000E-8	5.140028E-5
3.360000E-8	5.567180E-4
3.365000E-8	1.336107E-3
3.370000E-8	2.367300E-3
3.375000E-8	3.576639E-3
3.380000E-8	4.864774E-3
3.385000E-8	6.197446E-3
3.390000E-8	7.531831E-3
3.395000E-8	8.751449E-3
3.400000E-8	9.791208E-3
3.405000E-8	1.064768E-2
3.410000E-8	1.126434E-2
3.415000E-8	1.154869E-2
3.420000E-8	1.153499E-2
3.425000E-8	1.124722E-2
3.430000E-8	1.064084E-2
3.435000E-8	9.726126E-3
3.440000E-8	8.617850E-3
3.445000E-8	7.372539E-3
3.450000E-8	6.024450E-3
3.455000E-8	4.664371E-3
3.460000E-8	3.381374E-3
3.465000E-8	2.228561E-3
3.470000E-8	1.264171E-3
3.475000E-8	5.584362E-4
3.480000E-8	1.353373E-4
3.485000E-8	1.200387E-5
3.490000E-8	2.072785E-4
3.495000E-8	6.834763E-4
3.500000E-8	1.425181E-3
3.505000E-8	2.408411E-3
3.510000E-8	3.545807E-3
3.515000E-8	4.746582E-3
3.520000E-8	5.981616E-3
3.525000E-8	7.211511E-3
3.530000E-8	8.333491E-3
3.535000E-8	9.270474E-3
3.540000E-8	1.000875E-2
3.545000E-8	1.052093E-2
3.550000E-8	1.075046E-2
3.555000E-8	1.069908E-2
3.560000E-8	1.038561E-2
3.565000E-8	9.791217E-3
3.570000E-8	8.946736E-3
3.575000E-8	7.881284E-3
3.580000E-8	6.653102E-3
3.585000E-8	5.352976E-3
3.590000E-8	4.056275E-3
3.595000E-8	2.819527E-3
3.600000E-8	1.697547E-3
3.605000E-8	7.794065E-4
3.610000E-8	1.096433E-4
3.615000E-8	-2.740580E-4
3.620000E-8	-3.305865E-4
3.625000E-8	-5.309047E-5
3.630000E-8	5.121807E-4
3.635000E-8	1.325829E-3
3.640000E-8	2.345032E-3
3.645000E-8	3.473863E-3
3.650000E-8	4.621536E-3
3.655000E-8	5.741803E-3
3.660000E-8	6.790127E-3
3.665000E-8	7.727109E-3
3.670000E-8	8.501361E-3
3.675000E-8	9.049505E-3
3.680000E-8	9.330429E-3
3.685000E-8	9.347560E-3
3.690000E-8	9.121452E-3
3.695000E-8	8.658958E-3
3.700000E-8	7.990909E-3
3.705000E-8	7.170409E-3
3.710000E-8	6.231715E-3
3.715000E-8	5.197096E-3
3.720000E-8	4.133357E-3
3.725000E-8	3.114153E-3
3.730000E-8	2.170320E-3
3.735000E-8	1.313846E-3
3.740000E-8	6.423700E-4
3.745000E-8	2.244100E-4
3.750000E-8	6.510487E-5
3.755000E-8	1.490381E-4
3.760000E-8	4.950522E-4
3.765000E-8	1.106573E-3
3.770000E-8	1.939064E-3
3.775000E-8	2.927433E-3
3.780000E-8	4.025432E-3
3.785000E-8	5.188522E-3
3.790000E-8	6.348187E-3
3.795000E-8	7.398223E-3
3.800000E-8	8.280391E-3
3.805000E-8	8.987839E-3
3.810000E-8	9.476030E-3
3.815000E-8	9.690149E-3
3.820000E-8	9.645614E-3
3.825000E-8	9.344137E-3
3.830000E-8	8.760023E-3
3.835000E-8	7.932671E-3
3.840000E-8	6.940876E-3
3.845000E-8	5.815470E-3
3.850000E-8	4.587288E-3
3.855000E-8	3.345402E-3
3.860000E-8	2.184024E-3
3.865000E-8	1.142552E-3
3.870000E-8	2.552446E-4
3.875000E-8	-4.624811E-4
3.880000E-8	-9.678016E-4
3.885000E-8	-1.180208E-3
3.890000E-8	-1.087710E-3
3.895000E-8	-7.297057E-4
3.900000E-8	-1.284624E-4
3.905000E-8	7.177324E-4
3.910000E-8	1.750639E-3
3.915000E-8	2.912016E-3
3.920000E-8	4.152189E-3
3.925000E-8	5.397502E-3
3.930000E-8	6.558880E-3
3.935000E-8	7.572945E-3
3.940000E-8	8.391735E-3
3.945000E-8	8.957008E-3
3.950000E-8	9.208812E-3
3.955000E-8	9.153999E-3
3.960000E-8	8.823401E-3
3.965000E-8	8.220445E-3
3.970000E-8	7.394805E-3
3.975000E-8	6.421852E-3
3.980000E-8	5.375242E-3
3.985000E-8	4.316642E-3
3.990000E-8	3.326559E-3
3.995000E-8	2.439252E-3
4.000000E-8	1.653009E-3
4.005000E-8	1.024358E-3
4.010000E-8	6.081109E-4
4.015000E-8	3.871398E-4
4.020000E-8	3.528798E-4
4.025000E-8	5.430158E-4
4.030000E-8	9.267148E-4
4.035000E-8	1.435459E-3
4.040000E-8	2.094942E-3
4.045000E-8	2.894888E-3
4.050000E-8	3.734231E-3
4.055000E-8	4.571861E-3
4.060000E-8	5.448890E-3
4.065000E-8	6.310502E-3
4.070000E-8	7.059061E-3
4.075000E-8	7.648315E-3
4.080000E-8	8.062849E-3
4.085000E-8	8.264978E-3
4.090000E-8	8.242711E-3
4.095000E-8	7.982344E-3
4.100000E-8	7.441054E-3
4.105000E-8	6.653099E-3
4.110000E-8	5.702415E-3
4.115000E-8	4.650666E-3
4.120000E-8	3.549241E-3
4.125000E-8	2.488927E-3
4.130000E-8	1.539955E-3
4.135000E-8	7.108882E-4
4.140000E-8	5.996773E-5
4.145000E-8	-3.271591E-4
4.150000E-8	-4.573440E-4
4.155000E-8	-3.528553E-4
4.160000E-8	-3.415319E-6
4.165000E-8	5.909762E-4
4.170000E-8	1.360088E-3
4.175000E-8	2.252533E-3
4.180000E-8	3.244328E-3
4.185000E-8	4.280661E-3
4.190000E-8	5.263892E-3
4.195000E-8	6.151199E-3
4.200000E-8	6.916886E-3
4.205000E-8	7.545538E-3
4.210000E-8	7.990905E-3
4.215000E-8	8.186182E-3
4.220000E-8	8.127942E-3
4.225000E-8	7.857298E-3
4.230000E-8	7.398229E-3
4.235000E-8	6.709625E-3
4.240000E-8	5.818894E-3
4.245000E-8	4.809969E-3
4.250000E-8	3.749655E-3
4.255000E-8	2.675637E-3
4.260000E-8	1.676990E-3
4.265000E-8	8.479232E-4
4.270000E-8	1.884383E-4
4.275000E-8	-2.946131E-4
4.280000E-8	-5.464169E-4
4.285000E-8	-5.447047E-4
4.290000E-8	-3.134577E-4
4.295000E-8	1.541759E-4
4.300000E-8	8.496315E-4
4.305000E-8	1.692401E-3
4.310000E-8	2.627669E-3
4.315000E-8	3.607474E-3
4.320000E-8	4.583853E-3
4.325000E-8	5.512270E-3
4.330000E-8	6.336198E-3
4.335000E-8	7.004247E-3
4.340000E-8	7.492437E-3
4.345000E-8	7.783639E-3
4.350000E-8	7.862435E-3
4.355000E-8	7.739104E-3
4.360000E-8	7.444478E-3
4.365000E-8	6.978557E-3
4.370000E-8	6.358472E-3
4.375000E-8	5.644174E-3
4.380000E-8	4.857932E-3
4.385000E-8	4.006598E-3
4.390000E-8	3.143274E-3
4.395000E-8	2.341615E-3
4.400000E-8	1.623890E-3
4.405000E-8	9.918120E-4
4.410000E-8	4.727883E-4
4.415000E-8	1.199202E-4
4.420000E-8	1.200338E-5
4.425000E-8	1.558897E-4
4.430000E-8	4.796355E-4
4.435000E-8	9.661114E-4
4.440000E-8	1.634160E-3
4.445000E-8	2.428966E-3
4.450000E-8	3.268310E-3
4.455000E-8	4.133348E-3
4.460000E-8	4.998386E-3
4.465000E-8	5.784629E-3
4.470000E-8	6.420133E-3
4.475000E-8	6.868926E-3
4.480000E-8	7.122443E-3
4.485000E-8	7.170406E-3
4.490000E-8	7.000825E-3
4.495000E-8	6.623978E-3
4.500000E-8	6.084400E-3
4.505000E-8	5.419777E-3
4.510000E-8	4.636961E-3
4.515000E-8	3.785627E-3
4.520000E-8	2.946283E-3
4.525000E-8	2.168605E-3
4.530000E-8	1.462871E-3
4.535000E-8	8.821820E-4
4.540000E-8	4.847779E-4
4.545000E-8	2.775107E-4
4.550000E-8	2.586676E-4
4.555000E-8	4.179709E-4
4.560000E-8	7.382911E-4
4.565000E-8	1.193934E-3
4.570000E-8	1.760919E-3
4.575000E-8	2.408412E-3
4.580000E-8	3.102155E-3
4.585000E-8	3.783908E-3
4.590000E-8	4.438253E-3
4.595000E-8	5.058340E-3
4.600000E-8	5.584215E-3
4.605000E-8	5.952499E-3
4.610000E-8	6.168331E-3
4.615000E-8	6.240275E-3
4.620000E-8	6.170045E-3
4.625000E-8	5.955928E-3
4.630000E-8	5.582506E-3
4.635000E-8	5.042928E-3
4.640000E-8	4.414278E-3
4.645000E-8	3.734238E-3
4.650000E-8	2.966838E-3
4.655000E-8	2.136059E-3
4.660000E-8	1.351529E-3
4.665000E-8	6.680634E-4
4.670000E-8	1.027906E-4
4.675000E-8	-2.843358E-4
4.680000E-8	-4.624828E-4
4.685000E-8	-4.282245E-4
4.690000E-8	-1.438758E-4
4.695000E-8	3.802853E-4
4.700000E-8	1.077454E-3
4.705000E-8	1.894529E-3
4.710000E-8	2.805816E-3
4.715000E-8	3.744511E-3
4.720000E-8	4.630104E-3
4.725000E-8	5.423198E-3
4.730000E-8	6.094674E-3
4.735000E-8	6.598280E-3
4.740000E-8	6.892907E-3
4.745000E-8	6.951148E-3
4.750000E-8	6.805548E-3
4.755000E-8	6.502357E-3
4.760000E-8	6.060417E-3
4.765000E-8	5.500284E-3
4.770000E-8	4.875059E-3
4.775000E-8	4.220714E-3
4.780000E-8	3.566369E-3
4.785000E-8	2.946283E-3
4.790000E-8	2.393001E-3
4.795000E-8	1.906524E-3
4.800000E-8	1.514259E-3
4.805000E-8	1.228197E-3
4.810000E-8	1.036347E-3
4.815000E-8	9.541247E-4
4.820000E-8	9.952348E-4
4.825000E-8	1.154538E-3
4.830000E-8	1.416618E-3
4.835000E-8	1.795178E-3
4.840000E-8	2.312488E-3
4.845000E-8	2.942851E-3
4.850000E-8	3.586919E-3
4.855000E-8	4.203579E-3
4.860000E-8	4.811675E-3
4.865000E-8	5.376948E-3
4.870000E-8	5.848008E-3
4.875000E-8	6.192311E-3
4.880000E-8	6.375597E-3
4.885000E-8	6.384163E-3
4.890000E-8	6.245415E-3
4.895000E-8	5.955928E-3
4.900000E-8	5.490007E-3
4.905000E-8	4.923022E-3
4.910000E-8	4.344047E-3
4.915000E-8	3.734238E-3
4.920000E-8	3.107300E-3
4.925000E-8	2.572861E-3
4.930000E-8	2.161753E-3
4.935000E-8	1.843145E-3
4.940000E-8	1.637591E-3
4.945000E-8	1.562221E-3
4.950000E-8	1.582776E-3
4.955000E-8	1.700969E-3
4.960000E-8	1.959623E-3
4.965000E-8	2.295360E-3
4.970000E-8	2.658504E-3
4.975000E-8	3.073037E-3
4.980000E-8	3.550948E-3
4.985000E-8	4.010018E-3
4.990000E-8	4.429689E-3
4.995000E-8	4.821954E-3
5.000000E-8	5.166256E-3
5.005000E-8	5.433477E-3
5.010000E-8	5.609910E-3
5.015000E-8	5.663012E-3
5.020000E-8	5.591069E-3
5.025000E-8	5.414637E-3
5.030000E-8	5.111446E-3
5.035000E-8	4.678071E-3
5.040000E-8	4.141919E-3
5.045000E-8	3.557804E-3
5.050000E-8	2.936005E-3
5.055000E-8	2.322770E-3
5.060000E-8	1.745506E-3
5.065000E-8	1.233335E-3
5.070000E-8	8.222272E-4
5.075000E-8	5.430163E-4
5.080000E-8	3.871377E-4
5.085000E-8	3.648689E-4
5.090000E-8	5.104689E-4
5.095000E-8	8.170859E-4
5.100000E-8	1.233332E-3
5.105000E-8	1.759206E-3
5.110000E-8	2.386144E-3
5.115000E-8	3.031925E-3
5.120000E-8	3.645160E-3
5.125000E-8	4.241266E-3
5.130000E-8	4.799686E-3
5.135000E-8	5.262182E-3
5.140000E-8	5.616762E-3
5.145000E-8	5.836020E-3
5.150000E-8	5.858289E-3
5.155000E-8	5.702411E-3
5.160000E-8	5.430053E-3
5.165000E-8	5.051492E-3
5.170000E-8	4.554738E-3
5.175000E-8	3.970624E-3
5.180000E-8	3.362528E-3
5.185000E-8	2.762997E-3
5.190000E-8	2.214854E-3
5.195000E-8	1.743794E-3
5.200000E-8	1.363520E-3
5.205000E-8	1.106577E-3
5.210000E-8	9.986611E-4
5.215000E-8	1.026068E-3
5.220000E-8	1.151112E-3
5.225000E-8	1.387498E-3
5.230000E-8	1.728374E-3
5.235000E-8	2.139481E-3
5.240000E-8	2.600263E-3
5.245000E-8	3.100443E-3
5.250000E-8	3.583494E-3
5.255000E-8	4.011731E-3
5.260000E-8	4.393718E-3
5.265000E-8	4.714039E-3
5.270000E-8	4.935009E-3
5.275000E-8	5.068620E-3
5.280000E-8	5.130286E-3
5.285000E-8	5.094314E-3
5.290000E-8	4.941862E-3
5.295000E-8	4.672930E-3
5.300000E-8	4.313211E-3
5.305000E-8	3.924373E-3
5.310000E-8	3.511553E-3
5.315000E-8	3.054196E-3
5.320000E-8	2.607117E-3
5.325000E-8	2.242260E-3
5.330000E-8	1.942494E-3
5.335000E-8	1.697543E-3
5.340000E-8	1.570785E-3
5.345000E-8	1.551942E-3
5.350000E-8	1.603330E-3
5.355000E-8	1.750643E-3
5.360000E-8	1.992168E-3
5.365000E-8	2.288508E-3
5.370000E-8	2.631097E-3
5.375000E-8	3.021648E-3
5.380000E-8	3.417338E-3
5.385000E-8	3.789048E-3
5.390000E-8	4.145341E-3
5.395000E-8	4.439968E-3
5.400000E-8	4.630105E-3
5.405000E-8	4.750011E-3
5.410000E-8	4.799687E-3
5.415000E-8	4.741447E-3
5.420000E-8	4.594134E-3
5.425000E-8	4.378304E-3
5.430000E-8	4.056270E-3
5.435000E-8	3.653728E-3
5.440000E-8	3.230630E-3
5.445000E-8	2.786977E-3
5.450000E-8	2.310778E-3
5.455000E-8	1.879116E-3
5.460000E-8	1.548517E-3
5.465000E-8	1.305279E-3
5.470000E-8	1.157965E-3
5.475000E-8	1.118567E-3
5.480000E-8	1.173382E-3
5.485000E-8	1.312130E-3
5.490000E-8	1.551942E-3
5.495000E-8	1.879114E-3
5.500000E-8	2.262814E-3
5.505000E-8	2.684198E-3
5.510000E-8	3.117573E-3
5.515000E-8	3.547523E-3
5.520000E-8	3.956917E-3
5.525000E-8	4.330339E-3
5.530000E-8	4.626678E-3
5.535000E-8	4.833945E-3
5.540000E-8	5.000101E-3
5.545000E-8	5.116582E-3
5.550000E-8	5.097740E-3
5.555000E-8	4.940149E-3
5.560000E-8	4.719179E-3
5.565000E-8	4.429692E-3
5.570000E-8	4.047705E-3
5.575000E-8	3.590349E-3
5.580000E-8	3.097021E-3
5.585000E-8	2.605405E-3
5.590000E-8	2.173743E-3
5.595000E-8	1.805459E-3
5.600000E-8	1.478286E-3
5.605000E-8	1.252176E-3
5.610000E-8	1.169954E-3
5.615000E-8	1.202500E-3
5.620000E-8	1.324119E-3
5.625000E-8	1.558792E-3
5.630000E-8	1.867122E-3
5.635000E-8	2.190869E-3
5.640000E-8	2.560865E-3
5.645000E-8	2.947991E-3
5.650000E-8	3.261460E-3
5.655000E-8	3.509838E-3
5.660000E-8	3.734234E-3
5.665000E-8	3.888399E-3
5.670000E-8	3.929510E-3
5.675000E-8	3.932936E-3
5.680000E-8	3.917520E-3
5.685000E-8	3.833586E-3
5.690000E-8	3.681134E-3
5.695000E-8	3.496136E-3
5.700000E-8	3.266602E-3
5.705000E-8	2.990817E-3
5.710000E-8	2.682487E-3
5.715000E-8	2.367305E-3
5.720000E-8	2.070965E-3
5.725000E-8	1.841430E-3
5.730000E-8	1.663284E-3
5.735000E-8	1.541664E-3
5.740000E-8	1.510831E-3
5.745000E-8	1.569071E-3
5.750000E-8	1.664996E-3
5.755000E-8	1.793467E-3
5.760000E-8	2.002446E-3
5.765000E-8	2.298785E-3
5.770000E-8	2.619106E-3
5.775000E-8	2.936001E-3
5.780000E-8	3.280303E-3
5.785000E-8	3.641734E-3
5.790000E-8	3.953491E-3
5.795000E-8	4.177887E-3
5.800000E-8	4.368024E-3
5.805000E-8	4.522189E-3
5.810000E-8	4.566726E-3
5.815000E-8	4.493070E-3
5.820000E-8	4.356034E-3
5.825000E-8	4.167610E-3
5.830000E-8	3.888400E-3
5.835000E-8	3.554376E-3
5.840000E-8	3.232342E-3
5.845000E-8	2.893179E-3
5.850000E-8	2.535173E-3
5.855000E-8	2.223417E-3
5.860000E-8	1.983605E-3
5.865000E-8	1.786616E-3
5.870000E-8	1.644441E-3
5.875000E-8	1.570785E-3
5.880000E-8	1.555368E-3
5.885000E-8	1.598191E-3
5.890000E-8	1.688977E-3
5.895000E-8	1.815735E-3
5.900000E-8	2.000732E-3
5.905000E-8	2.255961E-3
5.910000E-8	2.538597E-3
5.915000E-8	2.828085E-3
5.920000E-8	3.155257E-3
5.925000E-8	3.508124E-3
5.930000E-8	3.818168E-3
5.935000E-8	4.066546E-3
5.940000E-8	4.234415E-3
5.945000E-8	4.306359E-3
5.950000E-8	4.284091E-3
5.955000E-8	4.171037E-3
5.960000E-8	3.950067E-3
5.965000E-8	3.646876E-3
5.970000E-8	3.288870E-3
5.975000E-8	2.881189E-3
5.980000E-8	2.461517E-3
5.985000E-8	2.098373E-3
5.990000E-8	1.795181E-3
5.995000E-8	1.557081E-3
6.000000E-8	1.418332E-3
6.005000E-8	1.363518E-3
6.010000E-8	1.365230E-3
6.015000E-8	1.449165E-3
6.020000E-8	1.659857E-3
6.025000E-8	1.935641E-3
6.030000E-8	2.231981E-3
6.035000E-8	2.564292E-3
6.040000E-8	2.930863E-3
6.045000E-8	3.273452E-3
6.050000E-8	3.592060E-3
6.055000E-8	3.859280E-3
6.060000E-8	4.045991E-3
6.065000E-8	4.141916E-3
6.070000E-8	4.159046E-3
6.075000E-8	4.088815E-3
6.080000E-8	3.972334E-3
6.085000E-8	3.847289E-3
6.090000E-8	3.665717E-3
6.095000E-8	3.398497E-3
6.100000E-8	3.105584E-3
6.105000E-8	2.840077E-3
6.110000E-8	2.601978E-3
6.115000E-8	2.413554E-3
6.120000E-8	2.274805E-3
6.125000E-8	2.177168E-3
6.130000E-8	2.124066E-3
6.135000E-8	2.115502E-3
6.140000E-8	2.124066E-3
6.145000E-8	2.141196E-3
6.150000E-8	2.199436E-3
6.155000E-8	2.281657E-3
6.160000E-8	2.372443E-3
6.165000E-8	2.499200E-3
6.170000E-8	2.677346E-3
6.175000E-8	2.884613E-3
6.180000E-8	3.115860E-3
6.185000E-8	3.343682E-3
6.190000E-8	3.514977E-3
6.195000E-8	3.646874E-3
6.200000E-8	3.765067E-3
6.205000E-8	3.833585E-3
6.210000E-8	3.835299E-3
6.215000E-8	3.802753E-3
6.220000E-8	3.717106E-3
6.225000E-8	3.561228E-3
6.230000E-8	3.353962E-3
6.235000E-8	3.112436E-3
6.240000E-8	2.826375E-3
6.245000E-8	2.521470E-3
6.250000E-8	2.226844E-3
6.255000E-8	1.951059E-3
6.260000E-8	1.748932E-3
6.265000E-8	1.627313E-3
6.270000E-8	1.534813E-3
6.275000E-8	1.452592E-3
6.280000E-8	1.425184E-3
6.285000E-8	1.483424E-3
6.290000E-8	1.620459E-3
6.295000E-8	1.832864E-3
6.300000E-8	2.103509E-3
6.305000E-8	2.427256E-3
6.310000E-8	2.766419E-3
6.315000E-8	3.061045E-3
6.320000E-8	3.295719E-3
6.325000E-8	3.480717E-3
6.330000E-8	3.598910E-3
6.335000E-8	3.633170E-3
6.340000E-8	3.633170E-3
6.345000E-8	3.621180E-3
6.350000E-8	3.554375E-3
6.355000E-8	3.424192E-3
6.360000E-8	3.285443E-3
6.365000E-8	3.158686E-3
6.370000E-8	3.004521E-3
6.375000E-8	2.800680E-3
6.380000E-8	2.601978E-3
6.385000E-8	2.422119E-3
6.390000E-8	2.247398E-3
6.395000E-8	2.069252E-3
6.400000E-8	1.909948E-3
6.405000E-8	1.771199E-3
6.410000E-8	1.647867E-3
6.415000E-8	1.584488E-3
6.420000E-8	1.617033E-3
6.425000E-8	1.738652E-3
6.430000E-8	1.928789E-3
6.435000E-8	2.168601E-3
6.440000E-8	2.423830E-3
6.445000E-8	2.682485E-3
6.450000E-8	2.944566E-3
6.455000E-8	3.184378E-3
6.460000E-8	3.381367E-3
6.465000E-8	3.538958E-3
6.470000E-8	3.641735E-3
6.475000E-8	3.648587E-3
6.480000E-8	3.583495E-3
6.485000E-8	3.482431E-3
6.490000E-8	3.314563E-3
6.495000E-8	3.085028E-3
6.500000E-8	2.841790E-3
6.505000E-8	2.586561E-3
6.510000E-8	2.305638E-3
6.515000E-8	2.043557E-3
6.520000E-8	1.814023E-3
6.525000E-8	1.594766E-3
6.530000E-8	1.404629E-3
6.535000E-8	1.272732E-3
6.540000E-8	1.190510E-3
6.545000E-8	1.139122E-3
6.550000E-8	1.135695E-3
6.555000E-8	1.207639E-3
6.560000E-8	1.377220E-3
6.565000E-8	1.632449E-3
6.570000E-8	1.899668E-3
6.575000E-8	2.170314E-3
6.580000E-8	2.470079E-3
6.585000E-8	2.786974E-3
6.590000E-8	3.073036E-3
6.595000E-8	3.317988E-3
6.600000E-8	3.535532E-3
6.605000E-8	3.711966E-3
6.610000E-8	3.825020E-3
6.615000E-8	3.855854E-3
6.620000E-8	3.837012E-3
6.625000E-8	3.771920E-3
6.630000E-8	3.634884E-3
6.635000E-8	3.431044E-3
6.640000E-8	3.191231E-3
6.645000E-8	2.944567E-3
6.650000E-8	2.687625E-3
6.655000E-8	2.425544E-3
6.660000E-8	2.180592E-3
6.665000E-8	1.981891E-3
6.670000E-8	1.807170E-3
6.675000E-8	1.653005E-3
6.680000E-8	1.558793E-3
6.685000E-8	1.548515E-3
6.690000E-8	1.601617E-3
6.695000E-8	1.716384E-3
6.700000E-8	1.923651E-3
6.705000E-8	2.185731E-3
6.710000E-8	2.449525E-3
6.715000E-8	2.708180E-3
6.720000E-8	2.965122E-3
6.725000E-8	3.174102E-3
6.730000E-8	3.326554E-3
6.735000E-8	3.444747E-3
6.740000E-8	3.525255E-3
6.745000E-8	3.528681E-3
6.750000E-8	3.439608E-3
6.755000E-8	3.300859E-3
6.760000E-8	3.132990E-3
6.765000E-8	2.932576E-3
6.770000E-8	2.703041E-3
6.775000E-8	2.475219E-3
6.780000E-8	2.285082E-3
6.785000E-8	2.129204E-3
6.790000E-8	1.992169E-3
6.795000E-8	1.904809E-3
6.800000E-8	1.897957E-3
6.805000E-8	1.969901E-3
6.810000E-8	2.089807E-3
6.815000E-8	2.231982E-3
6.820000E-8	2.406702E-3
6.825000E-8	2.619107E-3
6.830000E-8	2.838364E-3
6.835000E-8	3.018223E-3
6.840000E-8	3.179240E-3
6.845000E-8	3.326553E-3
6.850000E-8	3.419052E-3
6.855000E-8	3.425904E-3
6.860000E-8	3.398496E-3
6.865000E-8	3.359099E-3
6.870000E-8	3.276877E-3
6.875000E-8	3.139842E-3
6.880000E-8	2.989102E-3
6.885000E-8	2.860632E-3
6.890000E-8	2.778411E-3
6.895000E-8	2.735588E-3
6.900000E-8	2.694477E-3
6.905000E-8	2.663645E-3
6.910000E-8	2.639664E-3
6.915000E-8	2.619108E-3
6.920000E-8	2.600266E-3
6.925000E-8	2.588275E-3
6.930000E-8	2.557442E-3
6.935000E-8	2.511192E-3
6.940000E-8	2.468368E-3
6.945000E-8	2.411840E-3
6.950000E-8	2.305637E-3
6.955000E-8	2.173740E-3
6.960000E-8	2.053834E-3
6.965000E-8	1.975038E-3
6.970000E-8	1.930501E-3
6.975000E-8	1.875687E-3
6.980000E-8	1.844854E-3
6.985000E-8	1.921937E-3
6.990000E-8	2.086380E-3
6.995000E-8	2.264526E-3
7.000000E-8	2.452951E-3
7.005000E-8	2.699615E-3
7.010000E-8	2.959983E-3
7.015000E-8	3.187806E-3
7.020000E-8	3.388221E-3
7.025000E-8	3.556090E-3
7.030000E-8	3.645163E-3
7.035000E-8	3.636599E-3
7.040000E-8	3.550951E-3
7.045000E-8	3.391647E-3
7.050000E-8	3.163825E-3
7.055000E-8	2.893180E-3
7.060000E-8	2.631099E-3
7.065000E-8	2.408415E-3
7.070000E-8	2.223417E-3
7.075000E-8	2.094946E-3
7.080000E-8	2.038418E-3
7.085000E-8	2.064112E-3
7.090000E-8	2.151472E-3
7.095000E-8	2.286795E-3
7.100000E-8	2.459802E-3
7.105000E-8	2.631097E-3
7.110000E-8	2.759568E-3
7.115000E-8	2.836650E-3
7.120000E-8	2.879474E-3
7.125000E-8	2.910307E-3
7.130000E-8	2.917159E-3
7.135000E-8	2.881187E-3
7.140000E-8	2.848641E-3
7.145000E-8	2.845215E-3
7.150000E-8	2.821234E-3
7.155000E-8	2.769846E-3
7.160000E-8	2.768133E-3
7.165000E-8	2.819522E-3
7.170000E-8	2.836652E-3
7.175000E-8	2.829800E-3
7.180000E-8	2.869198E-3
7.185000E-8	2.929151E-3
7.190000E-8	2.930864E-3
7.195000E-8	2.853781E-3
7.200000E-8	2.766421E-3
7.205000E-8	2.699615E-3
7.210000E-8	2.624246E-3
7.215000E-8	2.512904E-3
7.220000E-8	2.403275E-3
7.225000E-8	2.319341E-3
7.230000E-8	2.233693E-3
7.235000E-8	2.173740E-3
7.240000E-8	2.184017E-3
7.245000E-8	2.233692E-3
7.250000E-8	2.266238E-3
7.255000E-8	2.295358E-3
7.260000E-8	2.375867E-3
7.265000E-8	2.483782E-3
7.270000E-8	2.569430E-3
7.275000E-8	2.631096E-3
7.280000E-8	2.697901E-3
7.285000E-8	2.749290E-3
7.290000E-8	2.735586E-3
7.295000E-8	2.672208E-3
7.300000E-8	2.588274E-3
7.305000E-8	2.473506E-3
7.310000E-8	2.348462E-3
7.315000E-8	2.249111E-3
7.320000E-8	2.160037E-3
7.325000E-8	2.084668E-3
7.330000E-8	2.064112E-3
7.335000E-8	2.098371E-3
7.340000E-8	2.151472E-3
7.345000E-8	2.245684E-3
7.350000E-8	2.401562E-3
7.355000E-8	2.557440E-3
7.360000E-8	2.709893E-3
7.365000E-8	2.874335E-3
7.370000E-8	3.026788E-3
7.375000E-8	3.126138E-3
7.380000E-8	3.186091E-3
7.385000E-8	3.204934E-3
7.390000E-8	3.156971E-3
7.395000E-8	3.045630E-3
7.400000E-8	2.905168E-3
7.405000E-8	2.757855E-3
7.410000E-8	2.617393E-3
7.415000E-8	2.471793E-3
7.420000E-8	2.324479E-3
7.425000E-8	2.213138E-3
7.430000E-8	2.139481E-3
7.435000E-8	2.045269E-3
7.440000E-8	1.980177E-3
7.445000E-8	2.016149E-3
7.450000E-8	2.112075E-3
7.455000E-8	2.197722E-3
7.460000E-8	2.309064E-3
7.465000E-8	2.482071E-3
7.470000E-8	2.639663E-3
7.475000E-8	2.739013E-3
7.480000E-8	2.829800E-3
7.485000E-8	2.917160E-3
7.490000E-8	2.954845E-3
7.495000E-8	2.949706E-3
7.500000E-8	2.927437E-3
7.505000E-8	2.876049E-3
7.510000E-8	2.804105E-3
7.515000E-8	2.727022E-3
7.520000E-8	2.641374E-3
7.525000E-8	2.547162E-3
7.530000E-8	2.478644E-3
7.535000E-8	2.440959E-3
7.540000E-8	2.410126E-3
7.545000E-8	2.392997E-3
7.550000E-8	2.392997E-3
7.555000E-8	2.379293E-3
7.560000E-8	2.372441E-3
7.565000E-8	2.406700E-3
7.570000E-8	2.444385E-3
7.575000E-8	2.439247E-3
7.580000E-8	2.437534E-3
7.585000E-8	2.475219E-3
7.590000E-8	2.497488E-3
7.595000E-8	2.509479E-3
7.600000E-8	2.540312E-3
7.605000E-8	2.571145E-3
7.610000E-8	2.571145E-3
7.615000E-8	2.569432E-3
7.620000E-8	2.601978E-3
7.625000E-8	2.663644E-3
7.630000E-8	2.725310E-3
7.635000E-8	2.764708E-3
7.640000E-8	2.804105E-3
7.645000E-8	2.882900E-3
7.650000E-8	2.982251E-3
7.655000E-8	3.050769E-3
7.660000E-8	3.098731E-3
7.665000E-8	3.155258E-3
7.670000E-8	3.170675E-3
7.675000E-8	3.131277E-3
7.680000E-8	3.062759E-3
7.685000E-8	2.973686E-3
7.690000E-8	2.865770E-3
7.695000E-8	2.783549E-3
7.700000E-8	2.708179E-3
7.705000E-8	2.605402E-3
7.710000E-8	2.514616E-3
7.715000E-8	2.488922E-3
7.720000E-8	2.490635E-3
7.725000E-8	2.502625E-3
7.730000E-8	2.542023E-3
7.735000E-8	2.586559E-3
7.740000E-8	2.631096E-3
7.745000E-8	2.701327E-3
7.750000E-8	2.785261E-3
7.755000E-8	2.843501E-3
7.760000E-8	2.879473E-3
7.765000E-8	2.905168E-3
7.770000E-8	2.906881E-3
7.775000E-8	2.891464E-3
7.780000E-8	2.876048E-3
7.785000E-8	2.836650E-3
7.790000E-8	2.795539E-3
7.795000E-8	2.773271E-3
7.800000E-8	2.761280E-3
7.805000E-8	2.762993E-3
7.810000E-8	2.785262E-3
7.815000E-8	2.804104E-3
7.820000E-8	2.843502E-3
7.825000E-8	2.930863E-3
7.830000E-8	3.009659E-3
7.835000E-8	3.026788E-3
7.840000E-8	3.050770E-3
7.845000E-8	3.081603E-3
7.850000E-8	3.037067E-3
7.855000E-8	2.946281E-3
7.860000E-8	2.870911E-3
7.865000E-8	2.764708E-3
7.870000E-8	2.596840E-3
7.875000E-8	2.449526E-3
7.880000E-8	2.353601E-3
7.885000E-8	2.274805E-3
7.890000E-8	2.221703E-3
7.895000E-8	2.211425E-3
7.900000E-8	2.226841E-3
7.905000E-8	2.269665E-3
7.910000E-8	2.343321E-3
7.915000E-8	2.415265E-3
7.920000E-8	2.509477E-3
7.925000E-8	2.643087E-3
7.930000E-8	2.761280E-3
7.935000E-8	2.829798E-3
7.940000E-8	2.912020E-3
7.945000E-8	3.009658E-3
7.950000E-8	3.064472E-3
7.955000E-8	3.073037E-3
7.960000E-8	3.076463E-3
7.965000E-8	3.076463E-3
7.970000E-8	3.066186E-3
7.975000E-8	3.067899E-3
7.980000E-8	3.071325E-3
7.985000E-8	3.055908E-3
7.990000E-8	3.035353E-3
7.995000E-8	3.026788E-3
8.000000E-8	3.033640E-3
8.005000E-8	3.047344E-3
8.010000E-8	3.067899E-3
8.015000E-8	3.095306E-3
8.020000E-8	3.141556E-3
8.025000E-8	3.218639E-3
8.030000E-8	3.305999E-3
8.035000E-8	3.379655E-3
8.040000E-8	3.439609E-3
8.045000E-8	3.467016E-3
8.050000E-8	3.427618E-3
8.055000E-8	3.328266E-3
8.060000E-8	3.203221E-3
8.065000E-8	3.069611E-3
8.070000E-8	2.932575E-3
8.075000E-8	2.826372E-3
8.080000E-8	2.733873E-3
8.085000E-8	2.653364E-3
8.090000E-8	2.637948E-3
8.095000E-8	2.720169E-3
8.100000E-8	2.852066E-3
8.105000E-8	3.018222E-3
8.110000E-8	3.204934E-3
8.115000E-8	3.374516E-3
8.120000E-8	3.518403E-3
8.125000E-8	3.629745E-3
8.130000E-8	3.646874E-3
8.135000E-8	3.561227E-3
8.140000E-8	3.456737E-3
8.145000E-8	3.352247E-3
8.150000E-8	3.206647E-3
8.155000E-8	3.025074E-3
8.160000E-8	2.888038E-3
8.165000E-8	2.834937E-3
8.170000E-8	2.833224E-3
8.175000E-8	2.824659E-3
8.180000E-8	2.809242E-3
8.185000E-8	2.834936E-3
8.190000E-8	2.894890E-3
8.195000E-8	2.937713E-3
8.200000E-8	2.968547E-3
8.205000E-8	3.013083E-3
8.210000E-8	3.042204E-3
8.215000E-8	3.014797E-3
8.220000E-8	2.951418E-3
8.225000E-8	2.882900E-3
8.230000E-8	2.786975E-3
8.235000E-8	2.651652E-3
8.240000E-8	2.518042E-3
8.245000E-8	2.408414E-3
8.250000E-8	2.312489E-3
8.255000E-8	2.226842E-3
8.260000E-8	2.158324E-3
8.265000E-8	2.125778E-3
8.270000E-8	2.136055E-3
8.275000E-8	2.187444E-3
8.280000E-8	2.290221E-3
8.285000E-8	2.437534E-3
8.290000E-8	2.622532E-3
8.295000E-8	2.829799E-3
8.300000E-8	3.047343E-3
8.305000E-8	3.242619E-3
8.310000E-8	3.364238E-3
8.315000E-8	3.415626E-3
8.320000E-8	3.413913E-3
8.325000E-8	3.360811E-3
8.330000E-8	3.264886E-3
8.335000E-8	3.155257E-3
8.340000E-8	3.035351E-3
8.345000E-8	2.917158E-3
8.350000E-8	2.812668E-3
8.355000E-8	2.737299E-3
8.360000E-8	2.682484E-3
8.365000E-8	2.631096E-3
8.370000E-8	2.589986E-3
8.375000E-8	2.576282E-3
8.380000E-8	2.566005E-3
8.385000E-8	2.535172E-3
8.390000E-8	2.499200E-3
8.395000E-8	2.476932E-3
8.400000E-8	2.442673E-3
8.405000E-8	2.422118E-3
8.410000E-8	2.442673E-3
8.415000E-8	2.480358E-3
8.420000E-8	2.524895E-3
8.425000E-8	2.593412E-3
8.430000E-8	2.684198E-3
8.435000E-8	2.778410E-3
8.440000E-8	2.877761E-3
8.445000E-8	2.968547E-3
8.450000E-8	3.050769E-3
8.455000E-8	3.120999E-3
8.460000E-8	3.165536E-3
8.465000E-8	3.182666E-3
8.470000E-8	3.170675E-3
8.475000E-8	3.126138E-3
8.480000E-8	3.055908E-3
8.485000E-8	2.995955E-3
8.490000E-8	2.939428E-3
8.495000E-8	2.870910E-3
8.500000E-8	2.821234E-3
8.505000E-8	2.816096E-3
8.510000E-8	2.831512E-3
8.515000E-8	2.850354E-3
8.520000E-8	2.900030E-3
8.525000E-8	2.980538E-3
8.530000E-8	3.059334E-3
8.535000E-8	3.148407E-3
8.540000E-8	3.258035E-3
8.545000E-8	3.360812E-3
8.550000E-8	3.413913E-3
8.555000E-8	3.415626E-3
8.560000E-8	3.395071E-3
8.565000E-8	3.372802E-3
8.570000E-8	3.324840E-3
8.575000E-8	3.234054E-3
8.580000E-8	3.143267E-3
8.585000E-8	3.064472E-3
8.590000E-8	2.958269E-3
8.595000E-8	2.812669E-3
8.600000E-8	2.703040E-3
8.605000E-8	2.653365E-3
8.610000E-8	2.600263E-3
8.615000E-8	2.523181E-3
8.620000E-8	2.482070E-3
8.625000E-8	2.494061E-3
8.630000E-8	2.509477E-3
8.635000E-8	2.524894E-3
8.640000E-8	2.566005E-3
8.645000E-8	2.632810E-3
8.650000E-8	2.682485E-3
8.655000E-8	2.696189E-3
8.660000E-8	2.691050E-3
8.665000E-8	2.680773E-3
8.670000E-8	2.644801E-3
8.675000E-8	2.569431E-3
8.680000E-8	2.473506E-3
8.685000E-8	2.386146E-3
8.690000E-8	2.319341E-3
8.695000E-8	2.261100E-3
8.700000E-8	2.228554E-3
8.705000E-8	2.237119E-3
8.710000E-8	2.247397E-3
8.715000E-8	2.247397E-3
8.720000E-8	2.267952E-3
8.725000E-8	2.283369E-3
8.730000E-8	2.257674E-3
8.735000E-8	2.202860E-3
8.740000E-8	2.160036E-3
8.745000E-8	2.113787E-3
8.750000E-8	2.060685E-3
8.755000E-8	2.012723E-3
8.760000E-8	1.963047E-3
8.765000E-8	1.927075E-3
8.770000E-8	1.915085E-3
8.775000E-8	1.911659E-3
8.780000E-8	1.906520E-3
8.785000E-8	1.923650E-3
8.790000E-8	1.940779E-3
8.795000E-8	1.935640E-3
8.800000E-8	1.945918E-3
8.805000E-8	1.961334E-3
8.810000E-8	1.921936E-3
8.815000E-8	1.831150E-3
8.820000E-8	1.808882E-3
8.825000E-8	1.860270E-3
8.830000E-8	1.903094E-3
8.835000E-8	1.945917E-3
8.840000E-8	2.046981E-3
8.845000E-8	2.177165E-3
8.850000E-8	2.286794E-3
8.855000E-8	2.398136E-3
8.860000E-8	2.516329E-3
8.865000E-8	2.591699E-3
8.870000E-8	2.636236E-3
8.875000E-8	2.672207E-3
8.880000E-8	2.682485E-3
8.885000E-8	2.651652E-3
8.890000E-8	2.613967E-3
8.895000E-8	2.583134E-3
8.900000E-8	2.555727E-3
8.905000E-8	2.557440E-3
8.910000E-8	2.591699E-3
8.915000E-8	2.615680E-3
8.920000E-8	2.629383E-3
8.925000E-8	2.655078E-3
8.930000E-8	2.656791E-3
8.935000E-8	2.607115E-3
8.940000E-8	2.518042E-3
8.945000E-8	2.420404E-3
8.950000E-8	2.307349E-3
8.955000E-8	2.180591E-3
8.960000E-8	2.057259E-3
8.965000E-8	1.964760E-3
8.970000E-8	1.915084E-3
8.975000E-8	1.909945E-3
8.980000E-8	1.947630E-3
8.985000E-8	2.057259E-3
8.990000E-8	2.237119E-3
8.995000E-8	2.442672E-3
9.000000E-8	2.643087E-3
9.005000E-8	2.831512E-3
9.010000E-8	2.977112E-3
9.015000E-8	3.052482E-3
9.020000E-8	3.083315E-3
9.025000E-8	3.076463E-3
9.030000E-8	3.018223E-3
9.035000E-8	2.912020E-3
9.040000E-8	2.776697E-3
9.045000E-8	2.661930E-3
9.050000E-8	2.593412E-3
9.055000E-8	2.560866E-3
9.060000E-8	2.540310E-3
9.065000E-8	2.547162E-3
9.070000E-8	2.595125E-3
9.075000E-8	2.646513E-3
9.080000E-8	2.692763E-3
9.085000E-8	2.747577E-3
9.090000E-8	2.814382E-3
9.095000E-8	2.872622E-3
9.100000E-8	2.925724E-3
9.105000E-8	2.946279E-3
9.110000E-8	2.884613E-3
9.115000E-8	2.786975E-3
9.120000E-8	2.723596E-3
9.125000E-8	2.679059E-3
9.130000E-8	2.589986E-3
9.135000E-8	2.494061E-3
9.140000E-8	2.447812E-3
9.145000E-8	2.430682E-3
9.150000E-8	2.403275E-3
9.155000E-8	2.399849E-3
9.160000E-8	2.464941E-3
9.165000E-8	2.569431E-3
9.170000E-8	2.673921E-3
9.175000E-8	2.759568E-3
9.180000E-8	2.831512E-3
9.185000E-8	2.881188E-3
9.190000E-8	2.906882E-3
9.195000E-8	2.910307E-3
9.200000E-8	2.917159E-3
9.205000E-8	2.929150E-3
9.210000E-8	2.929150E-3
9.215000E-8	2.894891E-3
9.220000E-8	2.853780E-3
9.225000E-8	2.826373E-3
9.230000E-8	2.783549E-3
9.235000E-8	2.708179E-3
9.240000E-8	2.646513E-3
9.245000E-8	2.605402E-3
9.250000E-8	2.548875E-3
9.255000E-8	2.488922E-3
9.260000E-8	2.449524E-3
9.265000E-8	2.446098E-3
9.270000E-8	2.480357E-3
9.275000E-8	2.566004E-3
9.280000E-8	2.653365E-3
9.285000E-8	2.720170E-3
9.290000E-8	2.819521E-3
9.295000E-8	2.942853E-3
9.300000E-8	3.013084E-3
9.305000E-8	3.025074E-3
9.310000E-8	3.030213E-3
9.315000E-8	3.002806E-3
9.320000E-8	2.884612E-3
9.325000E-8	2.739012E-3
9.330000E-8	2.612254E-3
9.335000E-8	2.468366E-3
9.340000E-8	2.305636E-3
9.345000E-8	2.201146E-3
9.350000E-8	2.134341E-3
9.355000E-8	2.070962E-3
9.360000E-8	2.052120E-3
9.365000E-8	2.117212E-3
9.370000E-8	2.225128E-3
9.375000E-8	2.333044E-3
9.380000E-8	2.449524E-3
9.385000E-8	2.567718E-3
9.390000E-8	2.665356E-3
9.395000E-8	2.728735E-3
9.400000E-8	2.761281E-3
9.405000E-8	2.764707E-3
9.410000E-8	2.744151E-3
9.415000E-8	2.704754E-3
9.420000E-8	2.658504E-3
9.425000E-8	2.617393E-3
9.430000E-8	2.564292E-3
9.435000E-8	2.483783E-3
9.440000E-8	2.410126E-3
9.445000E-8	2.394710E-3
9.450000E-8	2.396422E-3
9.455000E-8	2.372441E-3
9.460000E-8	2.348460E-3
9.465000E-8	2.362164E-3
9.470000E-8	2.358738E-3
9.475000E-8	2.324479E-3
9.480000E-8	2.305636E-3
9.485000E-8	2.312488E-3
9.490000E-8	2.298785E-3
9.495000E-8	2.264526E-3
9.500000E-8	2.249109E-3
9.505000E-8	2.240544E-3
9.510000E-8	2.213137E-3
9.515000E-8	2.194294E-3
9.520000E-8	2.226840E-3
9.525000E-8	2.300497E-3
9.530000E-8	2.382718E-3
9.535000E-8	2.466653E-3
9.540000E-8	2.540310E-3
9.545000E-8	2.601976E-3
9.550000E-8	2.641373E-3
9.555000E-8	2.644799E-3
9.560000E-8	2.643087E-3
9.565000E-8	2.661929E-3
9.570000E-8	2.668781E-3
9.575000E-8	2.634522E-3
9.580000E-8	2.583134E-3
9.585000E-8	2.564292E-3
9.590000E-8	2.572856E-3
9.595000E-8	2.576282E-3
9.600000E-8	2.601976E-3
9.605000E-8	2.656790E-3
9.610000E-8	2.727021E-3
9.615000E-8	2.793826E-3
9.620000E-8	2.858918E-3
9.625000E-8	2.915445E-3
9.630000E-8	2.936000E-3
9.635000E-8	2.922297E-3
9.640000E-8	2.900028E-3
9.645000E-8	2.865769E-3
9.650000E-8	2.807529E-3
9.655000E-8	2.720169E-3
9.660000E-8	2.625957E-3
9.665000E-8	2.531745E-3
9.670000E-8	2.434107E-3
9.675000E-8	2.343321E-3
9.680000E-8	2.286794E-3
9.685000E-8	2.266238E-3
9.690000E-8	2.257674E-3
9.695000E-8	2.266238E-3
9.700000E-8	2.331330E-3
9.705000E-8	2.440959E-3
9.710000E-8	2.538597E-3
9.715000E-8	2.620818E-3
9.720000E-8	2.723595E-3
9.725000E-8	2.833224E-3
9.730000E-8	2.913732E-3
9.735000E-8	2.954843E-3
9.740000E-8	2.978824E-3
9.745000E-8	2.990815E-3
9.750000E-8	2.961695E-3
9.755000E-8	2.884612E-3
9.760000E-8	2.776697E-3
9.765000E-8	2.687624E-3
9.770000E-8	2.634522E-3
9.775000E-8	2.588273E-3
9.780000E-8	2.564292E-3
9.785000E-8	2.579708E-3
9.790000E-8	2.620819E-3
9.795000E-8	2.675633E-3
9.800000E-8	2.735586E-3
9.805000E-8	2.798966E-3
9.810000E-8	2.850354E-3
9.815000E-8	2.886326E-3
9.820000E-8	2.903455E-3
9.825000E-8	2.893178E-3
9.830000E-8	2.855493E-3
9.835000E-8	2.800678E-3
9.840000E-8	2.733873E-3
9.845000E-8	2.679059E-3
9.850000E-8	2.625957E-3
9.855000E-8	2.554014E-3
9.860000E-8	2.490635E-3
9.865000E-8	2.476931E-3
9.870000E-8	2.473505E-3
9.875000E-8	2.459802E-3
9.880000E-8	2.458089E-3
9.885000E-8	2.482070E-3
9.890000E-8	2.512903E-3
9.895000E-8	2.536885E-3
9.900000E-8	2.572857E-3
9.905000E-8	2.598551E-3
9.910000E-8	2.586560E-3
9.915000E-8	2.548875E-3
9.920000E-8	2.507765E-3
9.925000E-8	2.464941E-3
9.930000E-8	2.386145E-3
9.935000E-8	2.285081E-3
9.940000E-8	2.225128E-3
9.945000E-8	2.207998E-3
9.950000E-8	2.192582E-3
9.955000E-8	2.184017E-3
9.960000E-8	2.237119E-3
9.965000E-8	2.339895E-3
9.970000E-8	2.466654E-3
9.975000E-8	2.620819E-3
9.980000E-8	2.788688E-3
9.985000E-8	2.939427E-3
9.990000E-8	3.054195E-3
9.995000E-8	3.129564E-3
1.000000E-7	3.163823E-3
1.000500E-7	3.175814E-3
1.001000E-7	3.177527E-3
1.001500E-7	3.146694E-3
1.002000E-7	3.083315E-3
1.002500E-7	3.018223E-3
1.003000E-7	2.946279E-3
1.003500E-7	2.881187E-3
1.004000E-7	2.857206E-3
1.004500E-7	2.864057E-3
1.005000E-7	2.884613E-3
1.005500E-7	2.927436E-3
1.006000E-7	3.014797E-3
1.006500E-7	3.119286E-3
1.007000E-7	3.206646E-3
1.007500E-7	3.300858E-3
1.008000E-7	3.425903E-3
1.008500E-7	3.535532E-3
1.009000E-7	3.580068E-3
1.009500E-7	3.597198E-3
1.010000E-7	3.634883E-3
1.010500E-7	3.629744E-3
1.011000E-7	3.549235E-3
1.011500E-7	3.458449E-3
1.012000E-7	3.403634E-3
1.012500E-7	3.345394E-3
1.013000E-7	3.263173E-3
1.013500E-7	3.182664E-3
1.014000E-7	3.136415E-3
1.014500E-7	3.076461E-3
1.015000E-7	2.978823E-3
1.015500E-7	2.848639E-3
1.016000E-7	2.718455E-3
1.016500E-7	2.605401E-3
1.017000E-7	2.488921E-3
1.017500E-7	2.350172E-3
1.018000E-7	2.228553E-3
1.018500E-7	2.137767E-3
1.019000E-7	2.062397E-3
1.019500E-7	2.012722E-3
1.020000E-7	2.017861E-3
1.020500E-7	2.065824E-3
1.021000E-7	2.136054E-3
1.021500E-7	2.238831E-3
1.022000E-7	2.389571E-3
1.022500E-7	2.545449E-3
1.023000E-7	2.680772E-3
1.023500E-7	2.809243E-3
1.024000E-7	2.922297E-3
1.024500E-7	3.011371E-3
1.025000E-7	3.066185E-3
1.025500E-7	3.067898E-3
1.026000E-7	3.031926E-3
1.026500E-7	2.995955E-3
1.027000E-7	2.968548E-3
1.027500E-7	2.924011E-3
1.028000E-7	2.879474E-3
1.028500E-7	2.853780E-3
1.029000E-7	2.834938E-3
1.029500E-7	2.833225E-3
1.030000E-7	2.853780E-3
1.030500E-7	2.860632E-3
1.031000E-7	2.846928E-3
1.031500E-7	2.862345E-3
1.032000E-7	2.908594E-3
1.032500E-7	2.936001E-3
1.033000E-7	2.949705E-3
1.033500E-7	2.977112E-3
1.034000E-7	3.013084E-3
1.034500E-7	3.043917E-3
1.035000E-7	3.067898E-3
1.035500E-7	3.086741E-3
1.036000E-7	3.103870E-3
1.036500E-7	3.120999E-3
1.037000E-7	3.115861E-3
1.037500E-7	3.057620E-3
1.038000E-7	2.941140E-3
1.038500E-7	2.781836E-3
1.039000E-7	2.601976E-3
1.039500E-7	2.403274E-3
1.040000E-7	2.204572E-3
1.040500E-7	2.028139E-3
1.041000E-7	1.889390E-3
1.041500E-7	1.783187E-3
1.042000E-7	1.712956E-3
1.042500E-7	1.702679E-3
1.043000E-7	1.757493E-3
1.043500E-7	1.846566E-3
1.044000E-7	1.949343E-3
1.044500E-7	2.088092E-3
1.045000E-7	2.245683E-3
1.045500E-7	2.392997E-3
1.046000E-7	2.530033E-3
1.046500E-7	2.668781E-3
1.047000E-7	2.795539E-3
1.047500E-7	2.879474E-3
1.048000E-7	2.915446E-3
1.048500E-7	2.924011E-3
1.049000E-7	2.906881E-3
1.049500E-7	2.862345E-3
1.050000E-7	2.798965E-3
1.050500E-7	2.720170E-3
1.051000E-7	2.636235E-3
1.051500E-7	2.526607E-3
1.052000E-7	2.404987E-3
1.052500E-7	2.293646E-3
1.053000E-7	2.211424E-3
1.053500E-7	2.151471E-3
1.054000E-7	2.141193E-3
1.054500E-7	2.178878E-3
1.055000E-7	2.255961E-3
1.055500E-7	2.374154E-3
1.056000E-7	2.518042E-3
1.056500E-7	2.655077E-3
1.057000E-7	2.768132E-3
1.057500E-7	2.855492E-3
1.058000E-7	2.898316E-3
1.058500E-7	2.886325E-3
1.059000E-7	2.819520E-3
1.059500E-7	2.703040E-3
1.060000E-7	2.603689E-3
1.060500E-7	2.545449E-3
1.061000E-7	2.473505E-3
1.061500E-7	2.375867E-3
1.062000E-7	2.358738E-3
1.062500E-7	2.447811E-3
1.063000E-7	2.552301E-3
1.063500E-7	2.637948E-3
1.064000E-7	2.761280E-3
1.064500E-7	2.872622E-3
1.065000E-7	2.918871E-3
1.065500E-7	2.927435E-3
1.066000E-7	2.924009E-3
1.066500E-7	2.886324E-3
1.067000E-7	2.810955E-3
1.067500E-7	2.715030E-3
1.068000E-7	2.605401E-3
1.068500E-7	2.519754E-3
1.069000E-7	2.452949E-3
1.069500E-7	2.392996E-3
1.070000E-7	2.381006E-3
1.070500E-7	2.454663E-3
1.071000E-7	2.557440E-3
1.071500E-7	2.643087E-3
1.072000E-7	2.749290E-3
1.072500E-7	2.864058E-3
1.073000E-7	2.959983E-3
1.073500E-7	3.042204E-3
1.074000E-7	3.097018E-3
1.074500E-7	3.100444E-3
1.075000E-7	3.069611E-3
1.075500E-7	3.030213E-3
1.076000E-7	2.963408E-3
1.076500E-7	2.857205E-3
1.077000E-7	2.744150E-3
1.077500E-7	2.617392E-3
1.078000E-7	2.504338E-3
1.078500E-7	2.422116E-3
1.079000E-7	2.324478E-3
1.079500E-7	2.206285E-3
1.080000E-7	2.134342E-3
1.080500E-7	2.129203E-3
1.081000E-7	2.124064E-3
1.081500E-7	2.151472E-3
1.082000E-7	2.267952E-3
1.082500E-7	2.427256E-3
1.083000E-7	2.600264E-3
1.083500E-7	2.797253E-3
1.084000E-7	2.995955E-3
1.084500E-7	3.150120E-3
1.085000E-7	3.263174E-3
1.085500E-7	3.335118E-3
1.086000E-7	3.323127E-3
1.086500E-7	3.251183E-3
1.087000E-7	3.115860E-3
1.087500E-7	2.912019E-3
1.088000E-7	2.682485E-3
1.088500E-7	2.459801E-3
1.089000E-7	2.235405E-3
1.089500E-7	2.050407E-3
1.090000E-7	1.944205E-3
1.090500E-7	1.896242E-3
1.091000E-7	1.915085E-3
1.091500E-7	2.005871E-3
1.092000E-7	2.127490E-3
1.092500E-7	2.252535E-3
1.093000E-7	2.392997E-3
1.093500E-7	2.554014E-3
1.094000E-7	2.723596E-3
1.094500E-7	2.879474E-3
1.095000E-7	2.953131E-3
1.095500E-7	2.941140E-3
1.096000E-7	2.917159E-3
1.096500E-7	2.905168E-3
1.097000E-7	2.858919E-3
1.097500E-7	2.798965E-3
1.098000E-7	2.788688E-3
1.098500E-7	2.792113E-3
1.099000E-7	2.792113E-3
1.099500E-7	2.838363E-3
1.100000E-7	2.922297E-3
1.100500E-7	2.980537E-3
1.101000E-7	3.014796E-3
1.101500E-7	3.050768E-3
1.102000E-7	3.055907E-3
1.102500E-7	3.014796E-3
1.103000E-7	2.966834E-3
1.103500E-7	2.918871E-3
1.104000E-7	2.838363E-3
1.104500E-7	2.756141E-3
1.105000E-7	2.685910E-3
1.105500E-7	2.603689E-3
1.106000E-7	2.542023E-3
1.106500E-7	2.533458E-3
1.107000E-7	2.542023E-3
1.107500E-7	2.535171E-3
1.108000E-7	2.564291E-3
1.108500E-7	2.625957E-3
1.109000E-7	2.656791E-3
1.109500E-7	2.658504E-3
1.110000E-7	2.663643E-3
1.110500E-7	2.634522E-3
1.111000E-7	2.555727E-3
1.111500E-7	2.476931E-3
1.112000E-7	2.406700E-3
1.112500E-7	2.350173E-3
1.113000E-7	2.331331E-3
1.113500E-7	2.350173E-3
1.114000E-7	2.367303E-3
1.114500E-7	2.386145E-3
1.115000E-7	2.401562E-3
1.115500E-7	2.384432E-3
1.116000E-7	2.389571E-3
1.116500E-7	2.435821E-3
1.117000E-7	2.464941E-3
1.117500E-7	2.461515E-3
1.118000E-7	2.494061E-3
1.118500E-7	2.540311E-3
1.119000E-7	2.538598E-3
1.119500E-7	2.506052E-3
1.120000E-7	2.480358E-3
1.120500E-7	2.447812E-3
1.121000E-7	2.406701E-3
1.121500E-7	2.346748E-3
1.122000E-7	2.250822E-3
1.122500E-7	2.148045E-3
1.123000E-7	2.069250E-3
1.123500E-7	2.011009E-3
1.124000E-7	1.959621E-3
1.124500E-7	1.935639E-3
1.125000E-7	1.944204E-3
1.125500E-7	1.988740E-3
1.126000E-7	2.093230E-3
1.126500E-7	2.254247E-3
1.127000E-7	2.427255E-3
1.127500E-7	2.572856E-3
1.128000E-7	2.716744E-3
1.128500E-7	2.876048E-3
1.129000E-7	3.019936E-3
1.129500E-7	3.109009E-3
1.130000E-7	3.163823E-3
1.130500E-7	3.187805E-3
1.131000E-7	3.180953E-3
1.131500E-7	3.172388E-3
1.132000E-7	3.163823E-3
1.132500E-7	3.126138E-3
1.133000E-7	3.076463E-3
1.133500E-7	3.045630E-3
1.134000E-7	2.995954E-3
1.134500E-7	2.910307E-3
1.135000E-7	2.828085E-3
1.135500E-7	2.732160E-3
1.136000E-7	2.593412E-3
1.136500E-7	2.440960E-3
1.137000E-7	2.309063E-3
1.137500E-7	2.166888E-3
1.138000E-7	2.038417E-3
1.138500E-7	1.971611E-3
1.139000E-7	1.975037E-3
1.139500E-7	2.041842E-3
1.140000E-7	2.161748E-3
1.140500E-7	2.324477E-3
1.141000E-7	2.521466E-3
1.141500E-7	2.742437E-3
1.142000E-7	2.941139E-3
1.142500E-7	3.083313E-3
1.143000E-7	3.211785E-3
1.143500E-7	3.312849E-3
1.144000E-7	3.336831E-3
1.144500E-7	3.283729E-3
1.145000E-7	3.194656E-3
1.145500E-7	3.079889E-3
1.146000E-7	2.958270E-3
1.146500E-7	2.858919E-3
1.147000E-7	2.766419E-3
1.147500E-7	2.679059E-3
1.148000E-7	2.644800E-3
1.148500E-7	2.643087E-3
1.149000E-7	2.624244E-3
1.149500E-7	2.589985E-3
1.150000E-7	2.576281E-3
1.150500E-7	2.560865E-3
1.151000E-7	2.512902E-3
1.151500E-7	2.427255E-3
1.152000E-7	2.329618E-3
1.152500E-7	2.231980E-3
1.153000E-7	2.134342E-3
1.153500E-7	2.021288E-3
1.154000E-7	1.916798E-3
1.154500E-7	1.877400E-3
1.155000E-7	1.884252E-3
1.155500E-7	1.899669E-3
1.156000E-7	1.954483E-3
1.156500E-7	2.055547E-3
1.157000E-7	2.120638E-3
1.157500E-7	2.161749E-3
1.158000E-7	2.233693E-3
1.158500E-7	2.309062E-3
1.159000E-7	2.327904E-3
1.159500E-7	2.341608E-3
1.160000E-7	2.377580E-3
1.160500E-7	2.401561E-3
1.161000E-7	2.425542E-3
1.161500E-7	2.471792E-3
1.162000E-7	2.526606E-3
1.162500E-7	2.588272E-3
1.163000E-7	2.675633E-3
1.163500E-7	2.761280E-3
1.164000E-7	2.822946E-3
1.164500E-7	2.882899E-3
1.165000E-7	2.941139E-3
1.165500E-7	2.953130E-3
1.166000E-7	2.925723E-3
1.166500E-7	2.882899E-3
1.167000E-7	2.792113E-3
1.167500E-7	2.646513E-3
1.168000E-7	2.490635E-3
1.168500E-7	2.353599E-3
1.169000E-7	2.214850E-3
1.169500E-7	2.091518E-3
1.170000E-7	2.014435E-3
1.170500E-7	1.981889E-3
1.171000E-7	1.988741E-3
1.171500E-7	2.036704E-3
1.172000E-7	2.115499E-3
1.172500E-7	2.221702E-3
1.173000E-7	2.355312E-3
1.173500E-7	2.500912E-3
1.174000E-7	2.625957E-3
1.174500E-7	2.730447E-3
1.175000E-7	2.786975E-3
1.175500E-7	2.768132E-3
1.176000E-7	2.718457E-3
1.176500E-7	2.689337E-3
1.177000E-7	2.643087E-3
1.177500E-7	2.554014E-3
1.178000E-7	2.483783E-3
1.178500E-7	2.442672E-3
1.179000E-7	2.413552E-3
1.179500E-7	2.411839E-3
1.180000E-7	2.458088E-3
1.180500E-7	2.495773E-3
1.181000E-7	2.521467E-3
1.181500E-7	2.576282E-3
1.182000E-7	2.620818E-3
1.182500E-7	2.607115E-3
1.183000E-7	2.550588E-3
1.183500E-7	2.487209E-3
1.184000E-7	2.399849E-3
1.184500E-7	2.315914E-3
1.185000E-7	2.240545E-3
1.185500E-7	2.163462E-3
1.186000E-7	2.115500E-3
1.186500E-7	2.127490E-3
1.187000E-7	2.156610E-3
1.187500E-7	2.184017E-3
1.188000E-7	2.242257E-3
1.188500E-7	2.326192E-3
1.189000E-7	2.415265E-3
1.189500E-7	2.502625E-3
1.190000E-7	2.572856E-3
1.190500E-7	2.629383E-3
1.191000E-7	2.679059E-3
1.191500E-7	2.720169E-3
1.192000E-7	2.752715E-3
1.192500E-7	2.809243E-3
1.193000E-7	2.877761E-3
1.193500E-7	2.920584E-3
1.194000E-7	2.929149E-3
1.194500E-7	2.930862E-3
1.195000E-7	2.934287E-3
1.195500E-7	2.901741E-3
1.196000E-7	2.829797E-3
1.196500E-7	2.781835E-3
1.197000E-7	2.764705E-3
1.197500E-7	2.706465E-3
1.198000E-7	2.612253E-3
1.198500E-7	2.552300E-3
1.199000E-7	2.519754E-3
1.199500E-7	2.454662E-3
1.200000E-7	2.406699E-3
1.200500E-7	2.432394E-3
1.201000E-7	2.478643E-3
1.201500E-7	2.521467E-3
1.202000E-7	2.583133E-3
1.202500E-7	2.651651E-3
1.203000E-7	2.663642E-3
1.203500E-7	2.648226E-3
1.204000E-7	2.658503E-3
1.204500E-7	2.675633E-3
1.205000E-7	2.658503E-3
1.205500E-7	2.619105E-3
1.206000E-7	2.581421E-3
1.206500E-7	2.543736E-3
1.207000E-7	2.499199E-3
1.207500E-7	2.454662E-3
1.208000E-7	2.430681E-3
1.208500E-7	2.440959E-3
1.209000E-7	2.456376E-3
1.209500E-7	2.487209E-3
1.210000E-7	2.548875E-3
1.210500E-7	2.636235E-3
1.211000E-7	2.711605E-3
1.211500E-7	2.768132E-3
1.212000E-7	2.822946E-3
1.212500E-7	2.864057E-3
1.213000E-7	2.862344E-3
1.213500E-7	2.831511E-3
1.214000E-7	2.785261E-3
1.214500E-7	2.730446E-3
1.215000E-7	2.629382E-3
1.215500E-7	2.497485E-3
1.216000E-7	2.369014E-3
1.216500E-7	2.264524E-3
1.217000E-7	2.172025E-3
1.217500E-7	2.117211E-3
1.218000E-7	2.106934E-3
1.218500E-7	2.110360E-3
1.219000E-7	2.118925E-3
1.219500E-7	2.127490E-3
1.220000E-7	2.120638E-3
1.220500E-7	2.110361E-3
1.221000E-7	2.100083E-3
1.221500E-7	2.069250E-3
1.222000E-7	1.997306E-3
1.222500E-7	1.906520E-3
1.223000E-7	1.839715E-3
1.223500E-7	1.807169E-3
1.224000E-7	1.802030E-3
1.224500E-7	1.831150E-3
1.225000E-7	1.909945E-3
1.225500E-7	2.024713E-3
1.226000E-7	2.168600E-3
1.226500E-7	2.350173E-3
1.227000E-7	2.564291E-3
1.227500E-7	2.768132E-3
1.228000E-7	2.942852E-3
1.228500E-7	3.102156E-3
1.229000E-7	3.201507E-3
1.229500E-7	3.208359E-3
1.230000E-7	3.162110E-3
1.230500E-7	3.100443E-3
1.231000E-7	3.006231E-3
1.231500E-7	2.872621E-3
1.232000E-7	2.742437E-3
1.232500E-7	2.617392E-3
1.233000E-7	2.485495E-3
1.233500E-7	2.386144E-3
1.234000E-7	2.353598E-3
1.234500E-7	2.362163E-3
1.235000E-7	2.355311E-3
1.235500E-7	2.329617E-3
1.236000E-7	2.329617E-3
1.236500E-7	2.358737E-3
1.237000E-7	2.348459E-3
1.237500E-7	2.278229E-3
1.238000E-7	2.231979E-3
1.238500E-7	2.237118E-3
1.239000E-7	2.237118E-3
1.239500E-7	2.230266E-3
1.240000E-7	2.264525E-3
1.240500E-7	2.334756E-3
1.241000E-7	2.423829E-3
1.241500E-7	2.543736E-3
1.242000E-7	2.699614E-3
1.242500E-7	2.843502E-3
1.243000E-7	2.968547E-3
1.243500E-7	3.066185E-3
1.244000E-7	3.120999E-3
1.244500E-7	3.120999E-3
1.245000E-7	3.054194E-3
1.245500E-7	2.947992E-3
1.246000E-7	2.833224E-3
1.246500E-7	2.691050E-3
1.247000E-7	2.521468E-3
1.247500E-7	2.345034E-3
1.248000E-7	2.148045E-3
1.248500E-7	1.954482E-3
1.249000E-7	1.817447E-3
1.249500E-7	1.735225E-3
1.250000E-7	1.670133E-3
1.250500E-7	1.651291E-3
1.251000E-7	1.711244E-3
1.251500E-7	1.796892E-3
1.252000E-7	1.885965E-3
1.252500E-7	2.012723E-3
1.253000E-7	2.153184E-3
1.253500E-7	2.276516E-3
1.254000E-7	2.432394E-3
1.254500E-7	2.631096E-3
1.255000E-7	2.790400E-3
1.255500E-7	2.879473E-3
1.256000E-7	2.939426E-3
1.256500E-7	2.975398E-3
1.257000E-7	2.954843E-3
1.257500E-7	2.869196E-3
1.258000E-7	2.752716E-3
1.258500E-7	2.648226E-3
1.259000E-7	2.524894E-3
1.259500E-7	2.350174E-3
1.260000E-7	2.178879E-3
1.260500E-7	2.060686E-3
1.261000E-7	1.969899E-3
1.261500E-7	1.882539E-3
1.262000E-7	1.827725E-3
1.262500E-7	1.822586E-3
1.263000E-7	1.829437E-3
1.263500E-7	1.841428E-3
1.264000E-7	1.885965E-3
1.264500E-7	1.964760E-3
1.265000E-7	2.067537E-3
1.265500E-7	2.172027E-3
1.266000E-7	2.286795E-3
1.266500E-7	2.432395E-3
1.267000E-7	2.576283E-3
1.267500E-7	2.677346E-3
1.268000E-7	2.766420E-3
1.268500E-7	2.879474E-3
1.269000E-7	2.980538E-3
1.269500E-7	3.021648E-3
1.270000E-7	3.001093E-3
1.270500E-7	2.951417E-3
1.271000E-7	2.872621E-3
1.271500E-7	2.740724E-3
1.272000E-7	2.586559E-3
1.272500E-7	2.461513E-3
1.273000E-7	2.355311E-3
1.273500E-7	2.240543E-3
1.274000E-7	2.156609E-3
1.274500E-7	2.141193E-3
1.275000E-7	2.153183E-3
1.275500E-7	2.182303E-3
1.276000E-7	2.237118E-3
1.276500E-7	2.314200E-3
1.277000E-7	2.389570E-3
1.277500E-7	2.442672E-3
1.278000E-7	2.480356E-3
1.278500E-7	2.485495E-3
1.279000E-7	2.480356E-3
1.279500E-7	2.449523E-3
1.280000E-7	2.375867E-3
1.280500E-7	2.273090E-3
1.281000E-7	2.168600E-3
1.281500E-7	2.077814E-3
1.282000E-7	2.009296E-3
1.282500E-7	1.957908E-3
1.283000E-7	1.909945E-3
1.283500E-7	1.875686E-3
1.284000E-7	1.880825E-3
1.284500E-7	1.904807E-3
1.285000E-7	1.909945E-3
1.285500E-7	1.899668E-3
1.286000E-7	1.916797E-3
1.286500E-7	1.949343E-3
1.287000E-7	1.947631E-3
1.287500E-7	1.894529E-3
1.288000E-7	1.846567E-3
1.288500E-7	1.858557E-3
1.289000E-7	1.896242E-3
1.289500E-7	1.942492E-3
1.290000E-7	2.040130E-3
1.290500E-7	2.204572E-3
1.291000E-7	2.372441E-3
1.291500E-7	2.530032E-3
1.292000E-7	2.699614E-3
1.292500E-7	2.850353E-3
1.293000E-7	2.968546E-3
1.293500E-7	3.095304E-3
1.294000E-7	3.213498E-3
1.294500E-7	3.266599E-3
1.295000E-7	3.266599E-3
1.295500E-7	3.246044E-3
1.296000E-7	3.203220E-3
1.296500E-7	3.117573E-3
1.297000E-7	3.007944E-3
1.297500E-7	2.864057E-3
1.298000E-7	2.701327E-3
1.298500E-7	2.560866E-3
1.299000E-7	2.437533E-3
1.299500E-7	2.338183E-3
1.300000E-7	2.273091E-3
1.300500E-7	2.226841E-3
1.301000E-7	2.165175E-3
1.301500E-7	2.101796E-3
1.302000E-7	2.060685E-3
1.302500E-7	2.028138E-3
1.303000E-7	2.012722E-3
1.303500E-7	2.028138E-3
1.304000E-7	2.062397E-3
1.304500E-7	2.096656E-3
1.305000E-7	2.134341E-3
1.305500E-7	2.168600E-3
1.306000E-7	2.238831E-3
1.306500E-7	2.355311E-3
1.307000E-7	2.458088E-3
1.307500E-7	2.524893E-3
1.308000E-7	2.596837E-3
1.308500E-7	2.685911E-3
1.309000E-7	2.730447E-3
1.309500E-7	2.735586E-3
1.310000E-7	2.718457E-3
1.310500E-7	2.660216E-3
1.311000E-7	2.566004E-3
1.311500E-7	2.473505E-3
1.312000E-7	2.386144E-3
1.312500E-7	2.327904E-3
1.313000E-7	2.309061E-3
1.313500E-7	2.322765E-3
1.314000E-7	2.362162E-3
1.314500E-7	2.439245E-3
1.315000E-7	2.533457E-3
1.315500E-7	2.620818E-3
1.316000E-7	2.716743E-3
1.316500E-7	2.802390E-3
1.317000E-7	2.840075E-3
1.317500E-7	2.840076E-3
1.318000E-7	2.810956E-3
1.318500E-7	2.718457E-3
1.319000E-7	2.603689E-3
1.319500E-7	2.523181E-3
1.320000E-7	2.456376E-3
1.320500E-7	2.367303E-3
1.321000E-7	2.327905E-3
1.321500E-7	2.346748E-3
1.322000E-7	2.358738E-3
1.322500E-7	2.374155E-3
1.323000E-7	2.442672E-3
1.323500E-7	2.530033E-3
1.324000E-7	2.583134E-3
1.324500E-7	2.644800E-3
1.325000E-7	2.711605E-3
1.325500E-7	2.733873E-3
1.326000E-7	2.684197E-3
1.326500E-7	2.629383E-3
1.327000E-7	2.586559E-3
1.327500E-7	2.548874E-3
1.328000E-7	2.528319E-3
1.328500E-7	2.540309E-3
1.329000E-7	2.572855E-3
1.329500E-7	2.620818E-3
1.330000E-7	2.706465E-3
1.330500E-7	2.797252E-3
1.331000E-7	2.860631E-3
1.331500E-7	2.917158E-3
1.332000E-7	2.982250E-3
1.332500E-7	3.025074E-3
1.333000E-7	3.047343E-3
1.333500E-7	3.055908E-3
1.334000E-7	3.057621E-3
1.334500E-7	3.067898E-3
1.335000E-7	3.079889E-3
1.335500E-7	3.050769E-3
1.336000E-7	2.999380E-3
1.336500E-7	2.970260E-3
1.337000E-7	2.932575E-3
1.337500E-7	2.845215E-3
1.338000E-7	2.761280E-3
1.338500E-7	2.687623E-3
1.339000E-7	2.567717E-3
1.339500E-7	2.410126E-3
1.340000E-7	2.283368E-3
1.340500E-7	2.196008E-3
1.341000E-7	2.118925E-3
1.341500E-7	2.084666E-3
1.342000E-7	2.120638E-3
1.342500E-7	2.206286E-3
1.343000E-7	2.283369E-3
1.343500E-7	2.333044E-3
1.344000E-7	2.362164E-3
1.344500E-7	2.377581E-3
1.345000E-7	2.367303E-3
1.345500E-7	2.329618E-3
1.346000E-7	2.273091E-3
1.346500E-7	2.187443E-3
1.347000E-7	2.076101E-3
1.347500E-7	1.954482E-3
1.348000E-7	1.853418E-3
1.348500E-7	1.814020E-3
1.349000E-7	1.851705E-3
1.349500E-7	1.942491E-3
1.350000E-7	2.084666E-3
1.350500E-7	2.288507E-3
1.351000E-7	2.512903E-3
1.351500E-7	2.727021E-3
1.352000E-7	2.922297E-3
1.352500E-7	3.109009E-3
1.353000E-7	3.242619E-3
1.353500E-7	3.294007E-3
1.354000E-7	3.283729E-3
1.354500E-7	3.223776E-3
1.355000E-7	3.100444E-3
1.355500E-7	2.908594E-3
1.356000E-7	2.716743E-3
1.356500E-7	2.581420E-3
1.357000E-7	2.454662E-3
1.357500E-7	2.310775E-3
1.358000E-7	2.228553E-3
1.358500E-7	2.252534E-3
1.359000E-7	2.312488E-3
1.359500E-7	2.386144E-3
1.360000E-7	2.523180E-3
1.360500E-7	2.687623E-3
1.361000E-7	2.786974E-3
1.361500E-7	2.831511E-3
1.362000E-7	2.850353E-3
1.362500E-7	2.805816E-3
1.363000E-7	2.679058E-3
1.363500E-7	2.490634E-3
1.364000E-7	2.285080E-3
1.364500E-7	2.105220E-3
1.365000E-7	1.952768E-3
1.365500E-7	1.807168E-3
1.366000E-7	1.704391E-3
1.366500E-7	1.692400E-3
1.367000E-7	1.743789E-3
1.367500E-7	1.817446E-3
1.368000E-7	1.915084E-3
1.368500E-7	2.052120E-3
1.369000E-7	2.180591E-3
1.369500E-7	2.273090E-3
1.370000E-7	2.341608E-3
1.370500E-7	2.379293E-3
1.371000E-7	2.365590E-3
1.371500E-7	2.322766E-3
1.372000E-7	2.283368E-3
1.372500E-7	2.250822E-3
1.373000E-7	2.207998E-3
1.373500E-7	2.196007E-3
1.374000E-7	2.254247E-3
1.374500E-7	2.365588E-3
1.375000E-7	2.499198E-3
1.375500E-7	2.658502E-3
1.376000E-7	2.862343E-3
1.376500E-7	3.067897E-3
1.377000E-7	3.198081E-3
1.377500E-7	3.263173E-3
1.378000E-7	3.311136E-3
1.378500E-7	3.374515E-3
1.379000E-7	3.395070E-3
1.379500E-7	3.314562E-3
1.380000E-7	3.192943E-3
1.380500E-7	3.090166E-3
1.381000E-7	2.975398E-3
1.381500E-7	2.804104E-3
1.382000E-7	2.607115E-3
1.382500E-7	2.463227E-3
1.383000E-7	2.365589E-3
1.383500E-7	2.264525E-3
1.384000E-7	2.175451E-3
1.384500E-7	2.141192E-3
1.385000E-7	2.136053E-3
1.385500E-7	2.134340E-3
1.386000E-7	2.165173E-3
1.386500E-7	2.250821E-3
1.387000E-7	2.341607E-3
1.387500E-7	2.403273E-3
1.388000E-7	2.447810E-3
1.388500E-7	2.466652E-3
1.389000E-7	2.452949E-3
1.389500E-7	2.425542E-3
1.390000E-7	2.410125E-3
1.390500E-7	2.377579E-3
1.391000E-7	2.326191E-3
1.391500E-7	2.290219E-3
1.392000E-7	2.261099E-3
1.392500E-7	2.225127E-3
1.393000E-7	2.177164E-3
1.393500E-7	2.134341E-3
1.394000E-7	2.094943E-3
1.394500E-7	2.069248E-3
1.395000E-7	2.062396E-3
1.395500E-7	2.074387E-3
1.396000E-7	2.101794E-3
1.396500E-7	2.129201E-3
1.397000E-7	2.149757E-3
1.397500E-7	2.151470E-3
1.398000E-7	2.149757E-3
1.398500E-7	2.153183E-3
1.399000E-7	2.161748E-3
1.399500E-7	2.184017E-3
1.400000E-7	2.202859E-3
1.400500E-7	2.201147E-3
1.401000E-7	2.189156E-3
1.401500E-7	2.177166E-3
1.402000E-7	2.146333E-3
1.402500E-7	2.105222E-3
1.403000E-7	2.082954E-3
1.403500E-7	2.070963E-3
1.404000E-7	2.052120E-3
1.404500E-7	2.043556E-3
1.405000E-7	2.036704E-3
1.405500E-7	2.016148E-3
1.406000E-7	1.995593E-3
1.406500E-7	1.985315E-3
1.407000E-7	1.964759E-3
1.407500E-7	1.933926E-3
1.408000E-7	1.925361E-3
1.408500E-7	1.951056E-3
1.409000E-7	1.987028E-3
1.409500E-7	2.033278E-3
1.410000E-7	2.084666E-3
1.410500E-7	2.141194E-3
1.411000E-7	2.209711E-3
1.411500E-7	2.293646E-3
1.412000E-7	2.360451E-3
1.412500E-7	2.386145E-3
1.413000E-7	2.389571E-3
1.413500E-7	2.398135E-3
1.414000E-7	2.384432E-3
1.414500E-7	2.338182E-3
1.415000E-7	2.285080E-3
1.415500E-7	2.223414E-3
1.416000E-7	2.177165E-3
1.416500E-7	2.168600E-3
1.417000E-7	2.196007E-3
1.417500E-7	2.231979E-3
1.418000E-7	2.307349E-3
1.418500E-7	2.456375E-3
1.419000E-7	2.643087E-3
1.419500E-7	2.802391E-3
1.420000E-7	2.934288E-3
1.420500E-7	3.057620E-3
1.421000E-7	3.162110E-3
1.421500E-7	3.211785E-3
1.422000E-7	3.216924E-3
1.422500E-7	3.206646E-3
1.423000E-7	3.158684E-3
1.423500E-7	3.059333E-3
1.424000E-7	2.949704E-3
1.424500E-7	2.876047E-3
1.425000E-7	2.793826E-3
1.425500E-7	2.699614E-3
1.426000E-7	2.646512E-3
1.426500E-7	2.658503E-3
1.427000E-7	2.703040E-3
1.427500E-7	2.769845E-3
1.428000E-7	2.862344E-3
1.428500E-7	2.965121E-3
1.429000E-7	3.067898E-3
1.429500E-7	3.155258E-3
1.430000E-7	3.220350E-3
1.430500E-7	3.247757E-3
1.431000E-7	3.263173E-3
1.431500E-7	3.261460E-3
1.432000E-7	3.220350E-3
1.432500E-7	3.146693E-3
1.433000E-7	3.071323E-3
1.433500E-7	2.982250E-3
1.434000E-7	2.882899E-3
1.434500E-7	2.792113E-3
1.435000E-7	2.699614E-3
1.435500E-7	2.607115E-3
1.436000E-7	2.531745E-3
1.436500E-7	2.464940E-3
1.437000E-7	2.399848E-3
1.437500E-7	2.370728E-3
1.438000E-7	2.406700E-3
1.438500E-7	2.458088E-3
1.439000E-7	2.473505E-3
1.439500E-7	2.466653E-3
1.440000E-7	2.468366E-3
1.440500E-7	2.466654E-3
1.441000E-7	2.456376E-3
1.441500E-7	2.439247E-3
1.442000E-7	2.408414E-3
1.442500E-7	2.369016E-3
1.443000E-7	2.343322E-3
1.443500E-7	2.346748E-3
1.444000E-7	2.379294E-3
1.444500E-7	2.408414E-3
1.445000E-7	2.439247E-3
1.445500E-7	2.504339E-3
1.446000E-7	2.605403E-3
1.446500E-7	2.685911E-3
1.447000E-7	2.732161E-3
1.447500E-7	2.774984E-3
1.448000E-7	2.795539E-3
1.448500E-7	2.788687E-3
1.449000E-7	2.768132E-3
1.449500E-7	2.730447E-3
1.450000E-7	2.672207E-3
1.450500E-7	2.600263E-3
1.451000E-7	2.538597E-3
1.451500E-7	2.482070E-3
1.452000E-7	2.439246E-3
1.452500E-7	2.430681E-3
1.453000E-7	2.416978E-3
1.453500E-7	2.381006E-3
1.454000E-7	2.365590E-3
1.454500E-7	2.365590E-3
1.455000E-7	2.327905E-3
1.455500E-7	2.281655E-3
1.456000E-7	2.257674E-3
1.456500E-7	2.233693E-3
1.457000E-7	2.206286E-3
1.457500E-7	2.223415E-3
1.458000E-7	2.276516E-3
1.458500E-7	2.302210E-3
1.459000E-7	2.334756E-3
1.459500E-7	2.410126E-3
1.460000E-7	2.485495E-3
1.460500E-7	2.526606E-3
1.461000E-7	2.571142E-3
1.461500E-7	2.620818E-3
1.462000E-7	2.651651E-3
1.462500E-7	2.703039E-3
1.463000E-7	2.759567E-3
1.463500E-7	2.768132E-3
1.464000E-7	2.745864E-3
1.464500E-7	2.756141E-3
1.465000E-7	2.768132E-3
1.465500E-7	2.749290E-3
1.466000E-7	2.754429E-3
1.466500E-7	2.778410E-3
1.467000E-7	2.792114E-3
1.467500E-7	2.812669E-3
1.468000E-7	2.872622E-3
1.468500E-7	2.910307E-3
1.469000E-7	2.908594E-3
1.469500E-7	2.905168E-3
1.470000E-7	2.898316E-3
1.470500E-7	2.857205E-3
1.471000E-7	2.809243E-3
1.471500E-7	2.762993E-3
1.472000E-7	2.708179E-3
1.472500E-7	2.643087E-3
1.473000E-7	2.574569E-3
1.473500E-7	2.487209E-3
1.474000E-7	2.399848E-3
1.474500E-7	2.334756E-3
1.475000E-7	2.281655E-3
1.475500E-7	2.235405E-3
1.476000E-7	2.211424E-3
1.476500E-7	2.196007E-3
1.477000E-7	2.184016E-3
1.477500E-7	2.213136E-3
1.478000E-7	2.274802E-3
1.478500E-7	2.310774E-3
1.479000E-7	2.333042E-3
1.479500E-7	2.363876E-3
1.480000E-7	2.382718E-3
1.480500E-7	2.374154E-3
1.481000E-7	2.338182E-3
1.481500E-7	2.267951E-3
1.482000E-7	2.178878E-3
1.482500E-7	2.088092E-3
1.483000E-7	1.999019E-3
1.483500E-7	1.911659E-3
1.484000E-7	1.856844E-3
1.484500E-7	1.832863E-3
1.485000E-7	1.827724E-3
1.485500E-7	1.846567E-3
1.486000E-7	1.908233E-3
1.486500E-7	1.995593E-3
1.487000E-7	2.093231E-3
1.487500E-7	2.201147E-3
1.488000E-7	2.305636E-3
1.488500E-7	2.432394E-3
1.489000E-7	2.567717E-3
1.489500E-7	2.668781E-3
1.490000E-7	2.725308E-3
1.490500E-7	2.780122E-3
1.491000E-7	2.812668E-3
1.491500E-7	2.795539E-3
1.492000E-7	2.780122E-3
1.492500E-7	2.773270E-3
1.493000E-7	2.739011E-3
1.493500E-7	2.694475E-3
1.494000E-7	2.682484E-3
1.494500E-7	2.670494E-3
1.495000E-7	2.641374E-3
1.495500E-7	2.634522E-3
1.496000E-7	2.636235E-3
1.496500E-7	2.608828E-3
1.497000E-7	2.572856E-3
1.497500E-7	2.552301E-3
1.498000E-7	2.535171E-3
1.498500E-7	2.512903E-3
1.499000E-7	2.471792E-3
1.499500E-7	2.404987E-3
1.500000E-7	2.339895E-3
1.500500E-7	2.291933E-3
1.501000E-7	2.237118E-3
1.501500E-7	2.177165E-3
1.502000E-7	2.146332E-3
1.502500E-7	2.130915E-3
1.503000E-7	2.101795E-3
1.503500E-7	2.089805E-3
1.504000E-7	2.098369E-3
1.504500E-7	2.105221E-3
1.505000E-7	2.132628E-3
1.505500E-7	2.194295E-3
1.506000E-7	2.257674E-3
1.506500E-7	2.297072E-3
1.507000E-7	2.331331E-3
1.507500E-7	2.329617E-3
1.508000E-7	2.274803E-3
1.508500E-7	2.209711E-3
1.509000E-7	2.137767E-3
1.509500E-7	2.050406E-3
1.510000E-7	1.999018E-3
1.510500E-7	2.009296E-3
1.511000E-7	2.029851E-3
1.511500E-7	2.053832E-3
1.512000E-7	2.144619E-3
1.512500E-7	2.290219E-3
1.513000E-7	2.422116E-3
1.513500E-7	2.535171E-3
1.514000E-7	2.643087E-3
1.514500E-7	2.730447E-3
1.515000E-7	2.774984E-3
1.515500E-7	2.780123E-3
1.516000E-7	2.745864E-3
1.516500E-7	2.691050E-3
1.517000E-7	2.600263E-3
1.517500E-7	2.452950E-3
1.518000E-7	2.276516E-3
1.518500E-7	2.120638E-3
1.519000E-7	1.985315E-3
1.519500E-7	1.875686E-3
1.520000E-7	1.826011E-3
1.520500E-7	1.829437E-3
1.521000E-7	1.861983E-3
1.521500E-7	1.923649E-3
1.522000E-7	2.007584E-3
1.522500E-7	2.103509E-3
1.523000E-7	2.211424E-3
1.523500E-7	2.326192E-3
1.524000E-7	2.415265E-3
1.524500E-7	2.500912E-3
1.525000E-7	2.607115E-3
1.525500E-7	2.699614E-3
1.526000E-7	2.757854E-3
1.526500E-7	2.802391E-3
1.527000E-7	2.824659E-3
1.527500E-7	2.824659E-3
1.528000E-7	2.814381E-3
1.528500E-7	2.773271E-3
1.529000E-7	2.696188E-3
1.529500E-7	2.646513E-3
1.530000E-7	2.651652E-3
1.530500E-7	2.653365E-3
1.531000E-7	2.639661E-3
1.531500E-7	2.648226E-3
1.532000E-7	2.685911E-3
1.532500E-7	2.716744E-3
1.533000E-7	2.739012E-3
1.533500E-7	2.759567E-3
1.534000E-7	2.783548E-3
1.534500E-7	2.795539E-3
1.535000E-7	2.774984E-3
1.535500E-7	2.699614E-3
1.536000E-7	2.584847E-3
1.536500E-7	2.451237E-3
1.537000E-7	2.288507E-3
1.537500E-7	2.112073E-3
1.538000E-7	1.947630E-3
1.538500E-7	1.812308E-3
1.539000E-7	1.716383E-3
1.539500E-7	1.659855E-3
1.540000E-7	1.651291E-3
1.540500E-7	1.699253E-3
1.541000E-7	1.771197E-3
1.541500E-7	1.839715E-3
1.542000E-7	1.930501E-3
1.542500E-7	2.067537E-3
1.543000E-7	2.192582E-3
1.543500E-7	2.266238E-3
1.544000E-7	2.319340E-3
1.544500E-7	2.365589E-3
1.545000E-7	2.375867E-3
1.545500E-7	2.346746E-3
1.546000E-7	2.303923E-3
1.546500E-7	2.243970E-3
1.547000E-7	2.180590E-3
1.547500E-7	2.129202E-3
1.548000E-7	2.077814E-3
1.548500E-7	2.022999E-3
1.549000E-7	1.987028E-3
1.549500E-7	1.995593E-3
1.550000E-7	2.040129E-3
1.550500E-7	2.134341E-3
1.551000E-7	2.281655E-3
1.551500E-7	2.466653E-3
1.552000E-7	2.685910E-3
1.552500E-7	2.924010E-3
1.553000E-7	3.124425E-3
1.553500E-7	3.278590E-3
1.554000E-7	3.395070E-3
1.554500E-7	3.460162E-3
1.555000E-7	3.443033E-3
1.555500E-7	3.357385E-3
1.556000E-7	3.218636E-3
1.556500E-7	3.021648E-3
1.557000E-7	2.793826E-3
1.557500E-7	2.586559E-3
1.558000E-7	2.403274E-3
1.558500E-7	2.267951E-3
1.559000E-7	2.214850E-3
1.559500E-7	2.214850E-3
1.560000E-7	2.242257E-3
1.560500E-7	2.333043E-3
1.561000E-7	2.473504E-3
1.561500E-7	2.586559E-3
1.562000E-7	2.663641E-3
1.562500E-7	2.732159E-3
1.563000E-7	2.783547E-3
1.563500E-7	2.771557E-3
1.564000E-7	2.749289E-3
1.564500E-7	2.733872E-3
1.565000E-7	2.699613E-3
1.565500E-7	2.656790E-3
1.566000E-7	2.631096E-3
1.566500E-7	2.589985E-3
1.567000E-7	2.530032E-3
1.567500E-7	2.497486E-3
1.568000E-7	2.475218E-3
1.568500E-7	2.427255E-3
1.569000E-7	2.358738E-3
1.569500E-7	2.298784E-3
1.570000E-7	2.247396E-3
1.570500E-7	2.221702E-3
1.571000E-7	2.218276E-3
1.571500E-7	2.207998E-3
1.572000E-7	2.213137E-3
1.572500E-7	2.269664E-3
1.573000E-7	2.350173E-3
1.573500E-7	2.399848E-3
1.574000E-7	2.446098E-3
1.574500E-7	2.536884E-3
1.575000E-7	2.651651E-3
1.575500E-7	2.749289E-3
1.576000E-7	2.836649E-3
1.576500E-7	2.934287E-3
1.577000E-7	3.013083E-3
1.577500E-7	3.085027E-3
1.578000E-7	3.167248E-3
1.578500E-7	3.247757E-3
1.579000E-7	3.288867E-3
1.579500E-7	3.302571E-3
1.580000E-7	3.287155E-3
1.580500E-7	3.220350E-3
1.581000E-7	3.109008E-3
1.581500E-7	2.978824E-3
1.582000E-7	2.829798E-3
1.582500E-7	2.665355E-3
1.583000E-7	2.494060E-3
1.583500E-7	2.317627E-3
1.584000E-7	2.168601E-3
1.584500E-7	2.098370E-3
1.585000E-7	2.094944E-3
1.585500E-7	2.136055E-3
1.586000E-7	2.238831E-3
1.586500E-7	2.377580E-3
1.587000E-7	2.526606E-3
1.587500E-7	2.697901E-3
1.588000E-7	2.888038E-3
1.588500E-7	3.047342E-3
1.589000E-7	3.126137E-3
1.589500E-7	3.139841E-3
1.590000E-7	3.115859E-3
1.590500E-7	3.057619E-3
1.591000E-7	2.961694E-3
1.591500E-7	2.845213E-3
1.592000E-7	2.733872E-3
1.592500E-7	2.655076E-3
1.593000E-7	2.619105E-3
1.593500E-7	2.627670E-3
1.594000E-7	2.697901E-3
1.594500E-7	2.843501E-3
1.595000E-7	3.016509E-3
1.595500E-7	3.136416E-3
1.596000E-7	3.196369E-3
1.596500E-7	3.235767E-3
1.597000E-7	3.244331E-3
1.597500E-7	3.170675E-3
1.598000E-7	3.011370E-3
1.598500E-7	2.822946E-3
1.599000E-7	2.613966E-3
1.599500E-7	2.396422E-3
1.600000E-7	2.199433E-3
1.600500E-7	2.058971E-3
1.601000E-7	1.985314E-3
1.601500E-7	1.980175E-3
1.602000E-7	2.031563E-3
1.602500E-7	2.142905E-3
1.603000E-7	2.307348E-3
1.603500E-7	2.507763E-3
1.604000E-7	2.685910E-3
1.604500E-7	2.836649E-3
1.605000E-7	2.965121E-3
1.605500E-7	3.037065E-3
1.606000E-7	3.018222E-3
1.606500E-7	2.934288E-3
1.607000E-7	2.826372E-3
1.607500E-7	2.708179E-3
1.608000E-7	2.583134E-3
1.608500E-7	2.446098E-3
1.609000E-7	2.300498E-3
1.609500E-7	2.153184E-3
1.610000E-7	2.023000E-3
1.610500E-7	1.901381E-3
1.611000E-7	1.807169E-3
1.611500E-7	1.757493E-3
1.612000E-7	1.748929E-3
1.612500E-7	1.774623E-3
1.613000E-7	1.808882E-3
1.613500E-7	1.836289E-3
1.614000E-7	1.863696E-3
1.614500E-7	1.927075E-3
1.615000E-7	2.017861E-3
1.615500E-7	2.117212E-3
1.616000E-7	2.243970E-3
1.616500E-7	2.403274E-3
1.617000E-7	2.559152E-3
1.617500E-7	2.685910E-3
1.618000E-7	2.816094E-3
1.618500E-7	2.917158E-3
1.619000E-7	2.953130E-3
1.619500E-7	2.966834E-3
1.620000E-7	2.997667E-3
1.620500E-7	2.982251E-3
1.621000E-7	2.906881E-3
1.621500E-7	2.821234E-3
1.622000E-7	2.756142E-3
1.622500E-7	2.696188E-3
1.623000E-7	2.615680E-3
1.623500E-7	2.526606E-3
1.624000E-7	2.471792E-3
1.624500E-7	2.475218E-3
1.625000E-7	2.497486E-3
1.625500E-7	2.499199E-3
1.626000E-7	2.504338E-3
1.626500E-7	2.521467E-3
1.627000E-7	2.519754E-3
1.627500E-7	2.488922E-3
1.628000E-7	2.466653E-3
1.628500E-7	2.449524E-3
1.629000E-7	2.434108E-3
1.629500E-7	2.446098E-3
1.630000E-7	2.471793E-3
1.630500E-7	2.480357E-3
1.631000E-7	2.456376E-3
1.631500E-7	2.413552E-3
1.632000E-7	2.365589E-3
1.632500E-7	2.334756E-3
1.633000E-7	2.293645E-3
1.633500E-7	2.225126E-3
1.634000E-7	2.153182E-3
1.634500E-7	2.100081E-3
1.635000E-7	2.033276E-3
1.635500E-7	1.957907E-3
1.636000E-7	1.921935E-3
1.636500E-7	1.925361E-3
1.637000E-7	1.928787E-3
1.637500E-7	1.932214E-3
1.638000E-7	1.969899E-3
1.638500E-7	2.062399E-3
1.639000E-7	2.184018E-3
1.639500E-7	2.298786E-3
1.640000E-7	2.392998E-3
1.640500E-7	2.500913E-3
1.641000E-7	2.617394E-3
1.641500E-7	2.696189E-3
1.642000E-7	2.740725E-3
1.642500E-7	2.795539E-3
1.643000E-7	2.858917E-3
1.643500E-7	2.903454E-3
1.644000E-7	2.946277E-3
1.644500E-7	3.006230E-3
1.645000E-7	3.047341E-3
1.645500E-7	3.067896E-3
1.646000E-7	3.119285E-3
1.646500E-7	3.186090E-3
1.647000E-7	3.201507E-3
1.647500E-7	3.168962E-3
1.648000E-7	3.148407E-3
1.648500E-7	3.109009E-3
1.649000E-7	3.026788E-3
1.649500E-7	2.941140E-3
1.650000E-7	2.900030E-3
1.650500E-7	2.843502E-3
1.651000E-7	2.751003E-3
1.651500E-7	2.673920E-3
1.652000E-7	2.636235E-3
1.652500E-7	2.631096E-3
1.653000E-7	2.651651E-3
1.653500E-7	2.699614E-3
1.654000E-7	2.752715E-3
1.654500E-7	2.771558E-3
1.655000E-7	2.776697E-3
1.655500E-7	2.788687E-3
1.656000E-7	2.762993E-3
1.656500E-7	2.696188E-3
1.657000E-7	2.632809E-3
1.657500E-7	2.583134E-3
1.658000E-7	2.500912E-3
1.658500E-7	2.384432E-3
1.659000E-7	2.274803E-3
1.659500E-7	2.197720E-3
1.660000E-7	2.173739E-3
1.660500E-7	2.197720E-3
1.661000E-7	2.223414E-3
1.661500E-7	2.255960E-3
1.662000E-7	2.348459E-3
1.662500E-7	2.454662E-3
1.663000E-7	2.500911E-3
1.663500E-7	2.516328E-3
1.664000E-7	2.564290E-3
1.664500E-7	2.584846E-3
1.665000E-7	2.571142E-3
1.665500E-7	2.557438E-3
1.666000E-7	2.545448E-3
1.666500E-7	2.504337E-3
1.667000E-7	2.459800E-3
1.667500E-7	2.418690E-3
1.668000E-7	2.386144E-3
1.668500E-7	2.384431E-3
1.669000E-7	2.398135E-3
1.669500E-7	2.398135E-3
1.670000E-7	2.398135E-3
1.670500E-7	2.422116E-3
1.671000E-7	2.434107E-3
1.671500E-7	2.442672E-3
1.672000E-7	2.459802E-3
1.672500E-7	2.446098E-3
1.673000E-7	2.374154E-3
1.673500E-7	2.298785E-3
1.674000E-7	2.243970E-3
1.674500E-7	2.165175E-3
1.675000E-7	2.058972E-3
1.675500E-7	1.985315E-3
1.676000E-7	1.971611E-3
1.676500E-7	1.990454E-3
1.677000E-7	2.036703E-3
1.677500E-7	2.118925E-3
1.678000E-7	2.218275E-3
1.678500E-7	2.326191E-3
1.679000E-7	2.447810E-3
1.679500E-7	2.566004E-3
1.680000E-7	2.672206E-3
1.680500E-7	2.788687E-3
1.681000E-7	2.894889E-3
1.681500E-7	2.954843E-3
1.682000E-7	2.990814E-3
1.682500E-7	3.052481E-3
1.683000E-7	3.097017E-3
1.683500E-7	3.083314E-3
1.684000E-7	3.050768E-3
1.684500E-7	3.023361E-3
1.685000E-7	2.954843E-3
1.685500E-7	2.817807E-3
1.686000E-7	2.629383E-3
1.686500E-7	2.420404E-3
1.687000E-7	2.214850E-3
1.687500E-7	2.055546E-3
1.688000E-7	1.966472E-3
1.688500E-7	1.927075E-3
1.689000E-7	1.906520E-3
1.689500E-7	1.945917E-3
1.690000E-7	2.069250E-3
1.690500E-7	2.207999E-3
1.691000E-7	2.295359E-3
1.691500E-7	2.369016E-3
1.692000E-7	2.435821E-3
1.692500E-7	2.449524E-3
1.693000E-7	2.411839E-3
1.693500E-7	2.336470E-3
1.694000E-7	2.214850E-3
1.694500E-7	2.069250E-3
1.695000E-7	1.956195E-3
1.695500E-7	1.846566E-3
1.696000E-7	1.745502E-3
1.696500E-7	1.716382E-3
1.697000E-7	1.774622E-3
1.697500E-7	1.880825E-3
1.698000E-7	2.017860E-3
1.698500E-7	2.185729E-3
1.699000E-7	2.355311E-3
1.699500E-7	2.502624E-3
1.700000E-7	2.637947E-3
1.700500E-7	2.742437E-3
1.701000E-7	2.769844E-3
1.701500E-7	2.739011E-3
1.702000E-7	2.689335E-3
1.702500E-7	2.620818E-3
1.703000E-7	2.528319E-3
1.703500E-7	2.422116E-3
1.704000E-7	2.339895E-3
1.704500E-7	2.279941E-3
1.705000E-7	2.231979E-3
1.705500E-7	2.196007E-3
1.706000E-7	2.190868E-3
1.706500E-7	2.233692E-3
1.707000E-7	2.297071E-3
1.707500E-7	2.379292E-3
1.708000E-7	2.509476E-3
1.708500E-7	2.661929E-3
1.709000E-7	2.771557E-3
1.709500E-7	2.828085E-3
1.710000E-7	2.901742E-3
1.710500E-7	2.982250E-3
1.711000E-7	3.004519E-3
1.711500E-7	2.951418E-3
1.712000E-7	2.869196E-3
1.712500E-7	2.776697E-3
1.713000E-7	2.668781E-3
1.713500E-7	2.533458E-3
1.714000E-7	2.389571E-3
1.714500E-7	2.276516E-3
1.715000E-7	2.196008E-3
1.715500E-7	2.124064E-3
1.716000E-7	2.079527E-3
1.716500E-7	2.082953E-3
1.717000E-7	2.105221E-3
1.717500E-7	2.105222E-3
1.718000E-7	2.122351E-3
1.718500E-7	2.153184E-3
1.719000E-7	2.158323E-3
1.719500E-7	2.141193E-3
1.720000E-7	2.151470E-3
1.720500E-7	2.187442E-3
1.721000E-7	2.213136E-3
1.721500E-7	2.233691E-3
1.722000E-7	2.274802E-3
1.722500E-7	2.338181E-3
1.723000E-7	2.418690E-3
1.723500E-7	2.476930E-3
1.724000E-7	2.490634E-3
1.724500E-7	2.511189E-3
1.725000E-7	2.564291E-3
1.725500E-7	2.603689E-3
1.726000E-7	2.603689E-3
1.726500E-7	2.598551E-3
1.727000E-7	2.596838E-3
1.727500E-7	2.577995E-3
1.728000E-7	2.543737E-3
1.728500E-7	2.516329E-3
1.729000E-7	2.488922E-3
1.729500E-7	2.494061E-3
1.730000E-7	2.562578E-3
1.730500E-7	2.660216E-3
1.731000E-7	2.745863E-3
1.731500E-7	2.829797E-3
1.732000E-7	2.912018E-3
1.732500E-7	2.958268E-3
1.733000E-7	2.947990E-3
1.733500E-7	2.874333E-3
1.734000E-7	2.739010E-3
1.734500E-7	2.595123E-3
1.735000E-7	2.461513E-3
1.735500E-7	2.307348E-3
1.736000E-7	2.149757E-3
1.736500E-7	2.062397E-3
1.737000E-7	2.043555E-3
1.737500E-7	2.064110E-3
1.738000E-7	2.151471E-3
1.738500E-7	2.314201E-3
1.739000E-7	2.485496E-3
1.739500E-7	2.625957E-3
1.740000E-7	2.756141E-3
1.740500E-7	2.862344E-3
1.741000E-7	2.867483E-3
1.741500E-7	2.778409E-3
1.742000E-7	2.663642E-3
1.742500E-7	2.523180E-3
1.743000E-7	2.346747E-3
1.743500E-7	2.170313E-3
1.744000E-7	2.067536E-3
1.744500E-7	2.055546E-3
1.745000E-7	2.098370E-3
1.745500E-7	2.182304E-3
1.746000E-7	2.329618E-3
1.746500E-7	2.514616E-3
1.747000E-7	2.723596E-3
1.747500E-7	2.939427E-3
1.748000E-7	3.103870E-3
1.748500E-7	3.175814E-3
1.749000E-7	3.196369E-3
1.749500E-7	3.175813E-3
1.750000E-7	3.074749E-3
1.750500E-7	2.925722E-3
1.751000E-7	2.792112E-3
1.751500E-7	2.658502E-3
1.752000E-7	2.499198E-3
1.752500E-7	2.369014E-3
1.753000E-7	2.298783E-3
1.753500E-7	2.271376E-3
1.754000E-7	2.295358E-3
1.754500E-7	2.399848E-3
1.755000E-7	2.547161E-3
1.755500E-7	2.651651E-3
1.756000E-7	2.697901E-3
1.756500E-7	2.723595E-3
1.757000E-7	2.727021E-3
1.757500E-7	2.691049E-3
1.758000E-7	2.641373E-3
1.758500E-7	2.588272E-3
1.759000E-7	2.533458E-3
1.759500E-7	2.507764E-3
1.760000E-7	2.543735E-3
1.760500E-7	2.608828E-3
1.761000E-7	2.689336E-3
1.761500E-7	2.788687E-3
1.762000E-7	2.896603E-3
1.762500E-7	3.007945E-3
1.763000E-7	3.107296E-3
1.763500E-7	3.150120E-3
1.764000E-7	3.086740E-3
1.764500E-7	2.973686E-3
1.765000E-7	2.833224E-3
1.765500E-7	2.639661E-3
1.766000E-7	2.432394E-3
1.766500E-7	2.288506E-3
1.767000E-7	2.172026E-3
1.767500E-7	2.046980E-3
1.768000E-7	1.973324E-3
1.768500E-7	1.957907E-3
1.769000E-7	1.964759E-3
1.769500E-7	1.995592E-3
1.770000E-7	2.053832E-3
1.770500E-7	2.098369E-3
1.771000E-7	2.139479E-3
1.771500E-7	2.194294E-3
1.772000E-7	2.219988E-3
1.772500E-7	2.242256E-3
1.773000E-7	2.303922E-3
1.773500E-7	2.360450E-3
1.774000E-7	2.379292E-3
1.774500E-7	2.423829E-3
1.775000E-7	2.502625E-3
1.775500E-7	2.555726E-3
1.776000E-7	2.581421E-3
1.776500E-7	2.637948E-3
1.777000E-7	2.701327E-3
1.777500E-7	2.728735E-3
1.778000E-7	2.745864E-3
1.778500E-7	2.780123E-3
1.779000E-7	2.797252E-3
1.779500E-7	2.788687E-3
1.780000E-7	2.783548E-3
1.780500E-7	2.780122E-3
1.781000E-7	2.771558E-3
1.781500E-7	2.766419E-3
1.782000E-7	2.740724E-3
1.782500E-7	2.667067E-3
1.783000E-7	2.566004E-3
1.783500E-7	2.461514E-3
1.784000E-7	2.343320E-3
1.784500E-7	2.219988E-3
1.785000E-7	2.120637E-3
1.785500E-7	2.034990E-3
1.786000E-7	1.971611E-3
1.786500E-7	1.969898E-3
1.787000E-7	2.050407E-3
1.787500E-7	2.175452E-3
1.788000E-7	2.324478E-3
1.788500E-7	2.487208E-3
1.789000E-7	2.644799E-3
1.789500E-7	2.781835E-3
1.790000E-7	2.901741E-3
1.790500E-7	3.002805E-3
1.791000E-7	3.047342E-3
1.791500E-7	3.031926E-3
1.792000E-7	2.944565E-3
1.792500E-7	2.802391E-3
1.793000E-7	2.636235E-3
1.793500E-7	2.449524E-3
1.794000E-7	2.254248E-3
1.794500E-7	2.067537E-3
1.795000E-7	1.899668E-3
1.795500E-7	1.748929E-3
1.796000E-7	1.656429E-3
1.796500E-7	1.632448E-3
1.797000E-7	1.661568E-3
1.797500E-7	1.718095E-3
1.798000E-7	1.812307E-3
1.798500E-7	1.935639E-3
1.799000E-7	2.072675E-3
1.799500E-7	2.185729E-3
1.800000E-7	2.278229E-3
1.800500E-7	2.372441E-3
1.801000E-7	2.456375E-3
1.801500E-7	2.487209E-3
1.802000E-7	2.480357E-3
1.802500E-7	2.459802E-3
1.803000E-7	2.416978E-3
1.803500E-7	2.343321E-3
1.804000E-7	2.257674E-3
1.804500E-7	2.201146E-3
1.805000E-7	2.149758E-3
1.805500E-7	2.118925E-3
1.806000E-7	2.151471E-3
1.806500E-7	2.261099E-3
1.807000E-7	2.375866E-3
1.807500E-7	2.478643E-3
1.808000E-7	2.601975E-3
1.808500E-7	2.747575E-3
1.809000E-7	2.882898E-3
1.809500E-7	3.006230E-3
1.810000E-7	3.122710E-3
1.810500E-7	3.218636E-3
1.811000E-7	3.280302E-3
1.811500E-7	3.299144E-3
1.812000E-7	3.254608E-3
1.812500E-7	3.174100E-3
1.813000E-7	3.083313E-3
1.813500E-7	2.961694E-3
1.814000E-7	2.828084E-3
1.814500E-7	2.740724E-3
1.815000E-7	2.685909E-3
1.815500E-7	2.600262E-3
1.816000E-7	2.545447E-3
1.816500E-7	2.595123E-3
1.817000E-7	2.679057E-3
1.817500E-7	2.721881E-3
1.818000E-7	2.778408E-3
1.818500E-7	2.881185E-3
1.819000E-7	2.942851E-3
1.819500E-7	2.929147E-3
1.820000E-7	2.918870E-3
1.820500E-7	2.901741E-3
1.821000E-7	2.828084E-3
1.821500E-7	2.704753E-3
1.822000E-7	2.579708E-3
1.822500E-7	2.461515E-3
1.823000E-7	2.360451E-3
1.823500E-7	2.290220E-3
1.824000E-7	2.249109E-3
1.824500E-7	2.230267E-3
1.825000E-7	2.250822E-3
1.825500E-7	2.288507E-3
1.826000E-7	2.338182E-3
1.826500E-7	2.408413E-3
1.827000E-7	2.485495E-3
1.827500E-7	2.538596E-3
1.828000E-7	2.557439E-3
1.828500E-7	2.548874E-3
1.829000E-7	2.500911E-3
1.829500E-7	2.418690E-3
1.830000E-7	2.338181E-3
1.830500E-7	2.295358E-3
1.831000E-7	2.291932E-3
1.831500E-7	2.319339E-3
1.832000E-7	2.379292E-3
1.832500E-7	2.473505E-3
1.833000E-7	2.577994E-3
1.833500E-7	2.661929E-3
1.834000E-7	2.737299E-3
1.834500E-7	2.817807E-3
1.835000E-7	2.867483E-3
1.835500E-7	2.874335E-3
1.836000E-7	2.857205E-3
1.836500E-7	2.821234E-3
1.837000E-7	2.757855E-3
1.837500E-7	2.697901E-3
1.838000E-7	2.651652E-3
1.838500E-7	2.595124E-3
1.839000E-7	2.547162E-3
1.839500E-7	2.538597E-3
1.840000E-7	2.545449E-3
1.840500E-7	2.567717E-3
1.841000E-7	2.643086E-3
1.841500E-7	2.759567E-3
1.842000E-7	2.860631E-3
1.842500E-7	2.941139E-3
1.843000E-7	3.013083E-3
1.843500E-7	3.078175E-3
1.844000E-7	3.144980E-3
1.844500E-7	3.210073E-3
1.845000E-7	3.232341E-3
1.845500E-7	3.215212E-3
1.846000E-7	3.194656E-3
1.846500E-7	3.182666E-3
1.847000E-7	3.156971E-3
1.847500E-7	3.122712E-3
1.848000E-7	3.067898E-3
1.848500E-7	2.990816E-3
1.849000E-7	2.903455E-3
1.849500E-7	2.788688E-3
1.850000E-7	2.651652E-3
1.850500E-7	2.523181E-3
1.851000E-7	2.413552E-3
1.851500E-7	2.322766E-3
1.852000E-7	2.276516E-3
1.852500E-7	2.286794E-3
1.853000E-7	2.314201E-3
1.853500E-7	2.360450E-3
1.854000E-7	2.494060E-3
1.854500E-7	2.701327E-3
1.855000E-7	2.908593E-3
1.855500E-7	3.076462E-3
1.856000E-7	3.216924E-3
1.856500E-7	3.311136E-3
1.857000E-7	3.302572E-3
1.857500E-7	3.218637E-3
1.858000E-7	3.097018E-3
1.858500E-7	2.959982E-3
1.859000E-7	2.798965E-3
1.859500E-7	2.620819E-3
1.860000E-7	2.444385E-3
1.860500E-7	2.281655E-3
1.861000E-7	2.149758E-3
1.861500E-7	2.088091E-3
1.862000E-7	2.089804E-3
1.862500E-7	2.139480E-3
1.863000E-7	2.219988E-3
1.863500E-7	2.327904E-3
1.864000E-7	2.432394E-3
1.864500E-7	2.523180E-3
1.865000E-7	2.572855E-3
1.865500E-7	2.566004E-3
1.866000E-7	2.543736E-3
1.866500E-7	2.521467E-3
1.867000E-7	2.482069E-3
1.867500E-7	2.404987E-3
1.868000E-7	2.326191E-3
1.868500E-7	2.266238E-3
1.869000E-7	2.226840E-3
1.869500E-7	2.192581E-3
1.870000E-7	2.161748E-3
1.870500E-7	2.130914E-3
1.871000E-7	2.118924E-3
1.871500E-7	2.120637E-3
1.872000E-7	2.117211E-3
1.872500E-7	2.146331E-3
1.873000E-7	2.197720E-3
1.873500E-7	2.223414E-3
1.874000E-7	2.242257E-3
1.874500E-7	2.295358E-3
1.875000E-7	2.363876E-3
1.875500E-7	2.404987E-3
1.876000E-7	2.454663E-3
1.876500E-7	2.495774E-3
1.877000E-7	2.480357E-3
1.877500E-7	2.456376E-3
1.878000E-7	2.485496E-3
1.878500E-7	2.511190E-3
1.879000E-7	2.497486E-3
1.879500E-7	2.495773E-3
1.880000E-7	2.519754E-3
1.880500E-7	2.533458E-3
1.881000E-7	2.535171E-3
1.881500E-7	2.547161E-3
1.882000E-7	2.579707E-3
1.882500E-7	2.619105E-3
1.883000E-7	2.670493E-3
1.883500E-7	2.720169E-3
1.884000E-7	2.785261E-3
1.884500E-7	2.865769E-3
1.885000E-7	2.932574E-3
1.885500E-7	2.965120E-3
1.886000E-7	2.997666E-3
1.886500E-7	3.037064E-3
1.887000E-7	3.037064E-3
1.887500E-7	3.004518E-3
1.888000E-7	2.965120E-3
1.888500E-7	2.896602E-3
1.889000E-7	2.773270E-3
1.889500E-7	2.644799E-3
1.890000E-7	2.540309E-3
1.890500E-7	2.442671E-3
1.891000E-7	2.363875E-3
1.891500E-7	2.336468E-3
1.892000E-7	2.370727E-3
1.892500E-7	2.447810E-3
1.893000E-7	2.562577E-3
1.893500E-7	2.697900E-3
1.894000E-7	2.822946E-3
1.894500E-7	2.927435E-3
1.895000E-7	3.007944E-3
1.895500E-7	3.054194E-3
1.896000E-7	3.040490E-3
1.896500E-7	2.999379E-3
1.897000E-7	2.954843E-3
1.897500E-7	2.908593E-3
1.898000E-7	2.834937E-3
1.898500E-7	2.773270E-3
1.899000E-7	2.737298E-3
1.899500E-7	2.716743E-3
1.900000E-7	2.728733E-3
1.900500E-7	2.790399E-3
1.901000E-7	2.870908E-3
1.901500E-7	2.934287E-3
1.902000E-7	2.985675E-3
1.902500E-7	3.014795E-3
1.903000E-7	2.978823E-3
1.903500E-7	2.879472E-3
1.904000E-7	2.774983E-3
1.904500E-7	2.697900E-3
1.905000E-7	2.608827E-3
1.905500E-7	2.487208E-3
1.906000E-7	2.367302E-3
1.906500E-7	2.278229E-3
1.907000E-7	2.221702E-3
1.907500E-7	2.206285E-3
1.908000E-7	2.242257E-3
1.908500E-7	2.319340E-3
1.909000E-7	2.418690E-3
1.909500E-7	2.512903E-3
1.910000E-7	2.591698E-3
1.910500E-7	2.661929E-3
1.911000E-7	2.708179E-3
1.911500E-7	2.703040E-3
1.912000E-7	2.655077E-3
1.912500E-7	2.598550E-3
1.913000E-7	2.523180E-3
1.913500E-7	2.435820E-3
1.914000E-7	2.363876E-3
1.914500E-7	2.317627E-3
1.915000E-7	2.264525E-3
1.915500E-7	2.225128E-3
1.916000E-7	2.238831E-3
1.916500E-7	2.274803E-3
1.917000E-7	2.331330E-3
1.917500E-7	2.434107E-3
1.918000E-7	2.571143E-3
1.918500E-7	2.694475E-3
1.919000E-7	2.795539E-3
1.919500E-7	2.886325E-3
1.920000E-7	2.959982E-3
1.920500E-7	3.001093E-3
1.921000E-7	3.004518E-3
1.921500E-7	2.980537E-3
1.922000E-7	2.920584E-3
1.922500E-7	2.805816E-3
1.923000E-7	2.649938E-3
1.923500E-7	2.509476E-3
1.924000E-7	2.420403E-3
1.924500E-7	2.369015E-3
1.925000E-7	2.350172E-3
1.925500E-7	2.375866E-3
1.926000E-7	2.432394E-3
1.926500E-7	2.528319E-3
1.927000E-7	2.663641E-3
1.927500E-7	2.805816E-3
1.928000E-7	2.906880E-3
1.928500E-7	2.983962E-3
1.929000E-7	3.049054E-3
1.929500E-7	3.095304E-3
1.930000E-7	3.112433E-3
1.930500E-7	3.085027E-3
1.931000E-7	3.018222E-3
1.931500E-7	2.947991E-3
1.932000E-7	2.891464E-3
1.932500E-7	2.864057E-3
1.933000E-7	2.869196E-3
1.933500E-7	2.910307E-3
1.934000E-7	2.978825E-3
1.934500E-7	3.085028E-3
1.935000E-7	3.192943E-3
1.935500E-7	3.247757E-3
1.936000E-7	3.252896E-3
1.936500E-7	3.246044E-3
1.937000E-7	3.203220E-3
1.937500E-7	3.107295E-3
1.938000E-7	2.994241E-3
1.938500E-7	2.870908E-3
1.939000E-7	2.697901E-3
1.939500E-7	2.497486E-3
1.940000E-7	2.358737E-3
1.940500E-7	2.285081E-3
1.941000E-7	2.230267E-3
1.941500E-7	2.214850E-3
1.942000E-7	2.261100E-3
1.942500E-7	2.326192E-3
1.943000E-7	2.369015E-3
1.943500E-7	2.391284E-3
1.944000E-7	2.384432E-3
1.944500E-7	2.362163E-3
1.945000E-7	2.329617E-3
1.945500E-7	2.278229E-3
1.946000E-7	2.197720E-3
1.946500E-7	2.124064E-3
1.947000E-7	2.069249E-3
1.947500E-7	2.040129E-3
1.948000E-7	2.050407E-3
1.948500E-7	2.120638E-3
1.949000E-7	2.218276E-3
1.949500E-7	2.307349E-3
1.950000E-7	2.428969E-3
1.950500E-7	2.581421E-3
1.951000E-7	2.696188E-3
1.951500E-7	2.761280E-3
1.952000E-7	2.809242E-3
1.952500E-7	2.848640E-3
1.953000E-7	2.872621E-3
1.953500E-7	2.864056E-3
1.954000E-7	2.810954E-3
1.954500E-7	2.751001E-3
1.955000E-7	2.715029E-3
1.955500E-7	2.658502E-3
1.956000E-7	2.581419E-3
1.956500E-7	2.521466E-3
1.957000E-7	2.482068E-3
1.957500E-7	2.442671E-3
1.958000E-7	2.415264E-3
1.958500E-7	2.404986E-3
1.959000E-7	2.398135E-3
1.959500E-7	2.410125E-3
1.960000E-7	2.464940E-3
1.960500E-7	2.550587E-3
1.961000E-7	2.665355E-3
1.961500E-7	2.821233E-3
1.962000E-7	2.980537E-3
1.962500E-7	3.126137E-3
1.963000E-7	3.261460E-3
1.963500E-7	3.365950E-3
1.964000E-7	3.419051E-3
1.964500E-7	3.449884E-3
1.965000E-7	3.458449E-3
1.965500E-7	3.413912E-3
1.966000E-7	3.326552E-3
1.966500E-7	3.227201E-3
1.967000E-7	3.083314E-3
1.967500E-7	2.900028E-3
1.968000E-7	2.768131E-3
1.968500E-7	2.696187E-3
1.969000E-7	2.625957E-3
1.969500E-7	2.533457E-3
1.970000E-7	2.458088E-3
1.970500E-7	2.418690E-3
1.971000E-7	2.375866E-3
1.971500E-7	2.298783E-3
1.972000E-7	2.242256E-3
1.972500E-7	2.245682E-3
1.973000E-7	2.252534E-3
1.973500E-7	2.240544E-3
1.974000E-7	2.267951E-3
1.974500E-7	2.343321E-3
1.975000E-7	2.404987E-3
1.975500E-7	2.480357E-3
1.976000E-7	2.576282E-3
1.976500E-7	2.644800E-3
1.977000E-7	2.691050E-3
1.977500E-7	2.759567E-3
1.978000E-7	2.810956E-3
1.978500E-7	2.809243E-3
1.979000E-7	2.788687E-3
1.979500E-7	2.740725E-3
1.980000E-7	2.629383E-3
1.980500E-7	2.506051E-3
1.981000E-7	2.411838E-3
1.981500E-7	2.279941E-3
1.982000E-7	2.144619E-3
1.982500E-7	2.074388E-3
1.983000E-7	2.041842E-3
1.983500E-7	1.990454E-3
1.984000E-7	1.990454E-3
1.984500E-7	2.094944E-3
1.985000E-7	2.230267E-3
1.985500E-7	2.339895E-3
1.986000E-7	2.480357E-3
1.986500E-7	2.646513E-3
1.987000E-7	2.774984E-3
1.987500E-7	2.843502E-3
1.988000E-7	2.884612E-3
1.988500E-7	2.882899E-3
1.989000E-7	2.834936E-3
1.989500E-7	2.769844E-3
1.990000E-7	2.684197E-3
1.990500E-7	2.559151E-3
1.991000E-7	2.451236E-3
1.991500E-7	2.384431E-3
1.992000E-7	2.326190E-3
1.992500E-7	2.290219E-3
1.993000E-7	2.321052E-3
1.993500E-7	2.415264E-3
1.994000E-7	2.542022E-3
1.994500E-7	2.701327E-3
1.995000E-7	2.879473E-3
1.995500E-7	3.016509E-3
1.996000E-7	3.100444E-3
1.996500E-7	3.155258E-3
1.997000E-7	3.172388E-3
1.997500E-7	3.126138E-3
1.998000E-7	3.030213E-3
1.998500E-7	2.903455E-3
1.999000E-7	2.768132E-3
1.999500E-7	2.643087E-3
2.000000E-7	2.530032E-3
