Study Name	Tungsten_Kyocera
Sample Name	2024-02-05
Run Name	spot00
Operator	Angus+Samantha
Date	2/5/2024
Time	15:26
Sign	FIX
Grating Spacing	03.40um
Channel	3
Number Traces	10000
Files in Batch	1
Batch Number	29
dt	50.000001E-12
time stamp (ms)	3:56:41 PM
	
Time	Amplitude
0.000000E+0	-3.682920E-4
5.000000E-11	-3.785697E-4
1.000000E-10	-4.179675E-4
1.500000E-10	-5.087539E-4
2.000000E-10	-6.012532E-4
2.500000E-10	-6.423640E-4
3.000000E-10	-6.594935E-4
3.500000E-10	-6.971784E-4
4.000000E-10	-7.211597E-4
4.500000E-10	-7.177338E-4
5.000000E-10	-7.245856E-4
5.500000E-10	-7.605575E-4
6.000000E-10	-7.708352E-4
6.500000E-10	-7.554187E-4
7.000000E-10	-7.434280E-4
7.500000E-10	-7.759741E-4
8.000000E-10	-8.290755E-4
8.500000E-10	-8.736122E-4
9.000000E-10	-8.804640E-4
9.500000E-10	-8.616216E-4
1.000000E-9	-8.256496E-4
1.050000E-9	-7.742611E-4
1.100000E-9	-7.280115E-4
1.150000E-9	-6.731971E-4
1.200000E-9	-5.944014E-4
1.250000E-9	-4.967632E-4
1.300000E-9	-4.094028E-4
1.350000E-9	-3.597272E-4
1.400000E-9	-3.357459E-4
1.450000E-9	-3.288941E-4
1.500000E-9	-3.460236E-4
1.550000E-9	-4.094028E-4
1.600000E-9	-5.036150E-4
1.650000E-9	-6.286604E-4
1.700000E-9	-7.588446E-4
1.750000E-9	-8.907417E-4
1.800000E-9	-9.935187E-4
1.850000E-9	-1.060324E-3
1.900000E-9	-1.123703E-3
1.950000E-9	-1.159675E-3
2.000000E-9	-1.171666E-3
2.050000E-9	-1.164814E-3
2.100000E-9	-1.147684E-3
2.150000E-9	-1.098009E-3
2.200000E-9	-1.026065E-3
2.250000E-9	-9.541209E-4
2.300000E-9	-8.701863E-4
2.350000E-9	-7.588446E-4
2.400000E-9	-6.749100E-4
2.450000E-9	-6.475028E-4
2.500000E-9	-6.389381E-4
2.550000E-9	-6.337992E-4
2.600000E-9	-6.869007E-4
2.650000E-9	-7.725482E-4
2.700000E-9	-8.239367E-4
2.750000E-9	-8.496309E-4
2.800000E-9	-9.061583E-4
2.850000E-9	-9.558338E-4
2.900000E-9	-9.695374E-4
2.950000E-9	-9.969446E-4
3.000000E-9	-1.036342E-3
3.050000E-9	-1.000371E-3
3.100000E-9	-9.061583E-4
3.150000E-9	-8.256496E-4
3.200000E-9	-7.742611E-4
3.250000E-9	-7.211597E-4
3.300000E-9	-6.851877E-4
3.350000E-9	-6.663453E-4
3.400000E-9	-6.320863E-4
3.450000E-9	-5.550035E-4
3.500000E-9	-4.744949E-4
3.550000E-9	-4.368100E-4
3.600000E-9	-4.231064E-4
3.650000E-9	-4.008380E-4
3.700000E-9	-3.648661E-4
3.750000E-9	-3.288941E-4
3.800000E-9	-2.809315E-4
3.850000E-9	-1.884322E-4
3.900000E-9	-1.044977E-4
3.950000E-9	-8.222931E-5
4.000000E-9	-8.222931E-5
4.050000E-9	-6.852571E-5
4.100000E-9	-6.167391E-5
4.150000E-9	-7.023866E-5
4.200000E-9	-8.222931E-5
4.250000E-9	-1.216272E-4
4.300000E-9	-2.004229E-4
4.350000E-9	-3.134776E-4
4.400000E-9	-4.453747E-4
4.450000E-9	-5.841237E-4
4.500000E-9	-7.023172E-4
4.550000E-9	-8.119460E-4
4.600000E-9	-9.198619E-4
4.650000E-9	-9.781022E-4
4.700000E-9	-9.763892E-4
4.750000E-9	-9.044453E-4
4.800000E-9	-7.451410E-4
4.850000E-9	-5.327352E-4
4.900000E-9	-3.700049E-4
4.950000E-9	-2.877833E-4
5.000000E-9	-2.158394E-4
5.050000E-9	-1.370437E-4
5.100000E-9	-9.593291E-5
5.150000E-9	-1.147754E-4
5.200000E-9	-1.593121E-4
5.250000E-9	-2.107006E-4
5.300000E-9	-2.877833E-4
5.350000E-9	-4.213934E-4
5.400000E-9	-6.012532E-4
5.450000E-9	-7.845388E-4
5.500000E-9	-9.335655E-4
5.550000E-9	-1.038055E-3
5.600000E-9	-1.120277E-3
5.650000E-9	-1.156249E-3
5.700000E-9	-1.115138E-3
5.750000E-9	-1.053472E-3
5.800000E-9	-1.022639E-3
5.850000E-9	-1.002083E-3
5.900000E-9	-9.198619E-4
5.950000E-9	-8.170849E-4
6.000000E-9	-7.468539E-4
6.050000E-9	-6.731971E-4
6.100000E-9	-5.721330E-4
6.150000E-9	-5.053280E-4
6.200000E-9	-4.933373E-4
6.250000E-9	-5.224575E-4
6.300000E-9	-5.772719E-4
6.350000E-9	-6.406510E-4
6.400000E-9	-6.920395E-4
6.450000E-9	-7.468539E-4
6.500000E-9	-8.016683E-4
6.550000E-9	-8.273626E-4
6.600000E-9	-8.410662E-4
6.650000E-9	-8.599086E-4
6.700000E-9	-8.701863E-4
6.750000E-9	-8.941676E-4
6.800000E-9	-9.369914E-4
6.850000E-9	-9.284266E-4
6.900000E-9	-8.307885E-4
6.950000E-9	-7.434280E-4
7.000000E-9	-7.023172E-4
7.050000E-9	-6.492158E-4
7.100000E-9	-5.961143E-4
7.150000E-9	-5.926884E-4
7.200000E-9	-5.892625E-4
7.250000E-9	-5.258834E-4
7.300000E-9	-4.368100E-4
7.350000E-9	-3.768567E-4
7.400000E-9	-3.203294E-4
7.450000E-9	-2.466725E-4
7.500000E-9	-2.141265E-4
7.550000E-9	-2.089876E-4
7.600000E-9	-1.850063E-4
7.650000E-9	-1.695898E-4
7.700000E-9	-2.107006E-4
7.750000E-9	-2.877833E-4
7.800000E-9	-3.700049E-4
7.850000E-9	-4.727819E-4
7.900000E-9	-5.926884E-4
7.950000E-9	-7.006043E-4
8.000000E-9	-8.016683E-4
8.050000E-9	-8.804640E-4
8.100000E-9	-9.164360E-4
8.150000E-9	-9.301396E-4
8.200000E-9	-9.472691E-4
8.250000E-9	-9.130101E-4
8.300000E-9	-8.256496E-4
8.350000E-9	-7.194467E-4
8.400000E-9	-5.892625E-4
8.450000E-9	-4.111157E-4
8.500000E-9	-2.244042E-4
8.550000E-9	-7.366456E-5
8.600000E-9	3.253834E-5
8.650000E-9	8.735275E-5
8.700000E-9	7.364915E-5
8.750000E-9	3.767719E-5
8.800000E-9	-1.199836E-5
8.850000E-9	-8.908111E-5
8.900000E-9	-1.918581E-4
8.950000E-9	-3.031999E-4
9.000000E-9	-4.145416E-4
9.050000E-9	-5.156057E-4
9.100000E-9	-6.183827E-4
9.150000E-9	-7.331503E-4
9.200000E-9	-8.667604E-4
9.250000E-9	-9.832410E-4
9.300000E-9	-1.062037E-3
9.350000E-9	-1.103148E-3
9.400000E-9	-1.087731E-3
9.450000E-9	-1.015787E-3
9.500000E-9	-9.472691E-4
9.550000E-9	-9.095842E-4
9.600000E-9	-8.890288E-4
9.650000E-9	-8.547698E-4
9.700000E-9	-8.359273E-4
9.750000E-9	-8.273626E-4
9.800000E-9	-8.153719E-4
9.850000E-9	-7.965295E-4
9.900000E-9	-7.999554E-4
9.950000E-9	-8.273626E-4
1.000000E-8	-8.770381E-4
1.005000E-8	-9.369914E-4
1.010000E-8	-9.986576E-4
1.015000E-8	-1.056898E-3
1.020000E-8	-1.092870E-3
1.025000E-8	-1.051759E-3
1.030000E-8	-9.695374E-4
1.035000E-8	-9.198619E-4
1.040000E-8	-8.838899E-4
1.045000E-8	-7.948165E-4
1.050000E-8	-6.920395E-4
1.055000E-8	-5.944014E-4
1.060000E-8	-4.864855E-4
1.065000E-8	-3.905603E-4
1.070000E-8	-3.717179E-4
1.075000E-8	-3.956992E-4
1.080000E-8	-4.470877E-4
1.085000E-8	-5.498647E-4
1.090000E-8	-6.766230E-4
1.095000E-8	-7.931036E-4
1.100000E-8	-8.993065E-4
1.105000E-8	-9.661115E-4
1.110000E-8	-9.592597E-4
1.115000E-8	-9.232878E-4
1.120000E-8	-9.232878E-4
1.125000E-8	-9.095842E-4
1.130000E-8	-8.444921E-4
1.135000E-8	-7.228726E-4
1.140000E-8	-5.944014E-4
1.145000E-8	-5.053280E-4
1.150000E-8	-4.556524E-4
1.155000E-8	-3.871344E-4
1.160000E-8	-2.809315E-4
1.165000E-8	-1.404696E-4
1.170000E-8	5.994555E-5
1.175000E-8	3.854061E-4
1.180000E-8	8.633191E-4
1.185000E-8	1.567342E-3
1.190000E-8	2.607102E-3
1.195000E-8	4.056258E-3
1.200000E-8	5.979901E-3
1.205000E-8	8.468817E-3
1.210000E-8	1.159838E-2
1.215000E-8	1.533432E-2
1.220000E-8	1.962697E-2
1.225000E-8	2.446092E-2
1.230000E-8	2.972995E-2
1.235000E-8	3.520454E-2
1.240000E-8	4.064316E-2
1.245000E-8	4.584539E-2
1.250000E-8	5.062452E-2
1.255000E-8	5.482296E-2
1.260000E-8	5.833279E-2
1.265000E-8	6.112148E-2
1.270000E-8	6.317016E-2
1.275000E-8	6.453881E-2
1.280000E-8	6.529251E-2
1.285000E-8	6.550149E-2
1.290000E-8	6.520172E-2
1.295000E-8	6.441377E-2
1.300000E-8	6.320442E-2
1.305000E-8	6.166106E-2
1.310000E-8	5.982820E-2
1.315000E-8	5.772298E-2
1.320000E-8	5.543277E-2
1.325000E-8	5.305691E-2
1.330000E-8	5.069989E-2
1.335000E-8	4.837713E-2
1.340000E-8	4.609719E-2
1.345000E-8	4.402452E-2
1.350000E-8	4.233555E-2
1.355000E-8	4.101658E-2
1.360000E-8	4.010700E-2
1.365000E-8	3.973016E-2
1.370000E-8	3.989117E-2
1.375000E-8	4.043075E-2
1.380000E-8	4.134033E-2
1.385000E-8	4.261476E-2
1.390000E-8	4.403994E-2
1.395000E-8	4.545997E-2
1.400000E-8	4.684061E-2
1.405000E-8	4.814245E-2
1.410000E-8	4.927300E-2
1.415000E-8	5.012434E-2
1.420000E-8	5.055943E-2
1.425000E-8	5.054744E-2
1.430000E-8	5.017401E-2
1.435000E-8	4.943230E-2
1.440000E-8	4.824180E-2
1.445000E-8	4.677381E-2
1.450000E-8	4.516363E-2
1.455000E-8	4.331879E-2
1.460000E-8	4.122385E-2
1.465000E-8	3.903984E-2
1.470000E-8	3.691235E-2
1.475000E-8	3.484311E-2
1.480000E-8	3.300169E-2
1.485000E-8	3.149600E-2
1.490000E-8	3.036203E-2
1.495000E-8	2.959120E-2
1.500000E-8	2.927773E-2
1.505000E-8	2.948671E-2
1.510000E-8	3.018217E-2
1.515000E-8	3.129216E-2
1.520000E-8	3.269678E-2
1.525000E-8	3.434464E-2
1.530000E-8	3.610898E-2
1.535000E-8	3.781850E-2
1.540000E-8	3.936872E-2
1.545000E-8	4.075964E-2
1.550000E-8	4.185079E-2
1.555000E-8	4.251027E-2
1.560000E-8	4.273638E-2
1.565000E-8	4.254625E-2
1.570000E-8	4.191759E-2
1.575000E-8	4.084529E-2
1.580000E-8	3.939956E-2
1.585000E-8	3.765920E-2
1.590000E-8	3.569445E-2
1.595000E-8	3.353442E-2
1.600000E-8	3.124763E-2
1.605000E-8	2.896084E-2
1.610000E-8	2.680081E-2
1.615000E-8	2.480008E-2
1.620000E-8	2.306829E-2
1.625000E-8	2.178529E-2
1.630000E-8	2.103502E-2
1.635000E-8	2.077808E-2
1.640000E-8	2.100761E-2
1.645000E-8	2.176474E-2
1.650000E-8	2.297579E-2
1.655000E-8	2.452430E-2
1.660000E-8	2.631604E-2
1.665000E-8	2.824996E-2
1.670000E-8	3.019074E-2
1.675000E-8	3.199276E-2
1.680000E-8	3.350872E-2
1.685000E-8	3.465126E-2
1.690000E-8	3.535871E-2
1.695000E-8	3.557454E-2
1.700000E-8	3.527820E-2
1.705000E-8	3.453135E-2
1.710000E-8	3.340252E-2
1.715000E-8	3.190540E-2
1.720000E-8	3.007083E-2
1.725000E-8	2.799131E-2
1.730000E-8	2.574906E-2
1.735000E-8	2.346741E-2
1.740000E-8	2.136562E-2
1.745000E-8	1.954818E-2
1.750000E-8	1.800481E-2
1.755000E-8	1.680232E-2
1.760000E-8	1.603834E-2
1.765000E-8	1.570946E-2
1.770000E-8	1.580710E-2
1.775000E-8	1.635524E-2
1.780000E-8	1.729051E-2
1.785000E-8	1.857180E-2
1.790000E-8	2.015285E-2
1.795000E-8	2.192404E-2
1.800000E-8	2.370037E-2
1.805000E-8	2.543901E-2
1.810000E-8	2.706974E-2
1.815000E-8	2.847094E-2
1.820000E-8	2.954495E-2
1.825000E-8	3.026782E-2
1.830000E-8	3.060013E-2
1.835000E-8	3.048536E-2
1.840000E-8	2.990639E-2
1.845000E-8	2.890260E-2
1.850000E-8	2.757849E-2
1.855000E-8	2.597003E-2
1.860000E-8	2.407893E-2
1.865000E-8	2.199770E-2
1.870000E-8	1.986165E-2
1.875000E-8	1.779412E-2
1.880000E-8	1.589446E-2
1.885000E-8	1.428600E-2
1.890000E-8	1.302184E-2
1.895000E-8	1.217222E-2
1.900000E-8	1.182963E-2
1.905000E-8	1.197523E-2
1.910000E-8	1.255763E-2
1.915000E-8	1.355457E-2
1.920000E-8	1.497974E-2
1.925000E-8	1.671153E-2
1.930000E-8	1.860092E-2
1.935000E-8	2.054169E-2
1.940000E-8	2.241052E-2
1.945000E-8	2.408750E-2
1.950000E-8	2.546985E-2
1.955000E-8	2.647364E-2
1.960000E-8	2.703720E-2
1.965000E-8	2.711942E-2
1.970000E-8	2.669803E-2
1.975000E-8	2.580730E-2
1.980000E-8	2.454999E-2
1.985000E-8	2.295524E-2
1.990000E-8	2.107956E-2
1.995000E-8	1.901888E-2
2.000000E-8	1.690510E-2
2.005000E-8	1.482044E-2
2.010000E-8	1.285054E-2
2.015000E-8	1.111019E-2
2.020000E-8	9.719271E-3
2.025000E-8	8.778861E-3
2.030000E-8	8.276967E-3
2.035000E-8	8.174190E-3
2.040000E-8	8.556178E-3
2.045000E-8	9.416079E-3
2.050000E-8	1.067167E-2
2.055000E-8	1.221675E-2
2.060000E-8	1.399651E-2
2.065000E-8	1.590473E-2
2.070000E-8	1.780268E-2
2.075000E-8	1.961670E-2
2.080000E-8	2.123372E-2
2.085000E-8	2.252015E-2
2.090000E-8	2.338347E-2
2.095000E-8	2.382199E-2
2.100000E-8	2.386995E-2
2.105000E-8	2.350509E-2
2.110000E-8	2.269144E-2
2.115000E-8	2.140844E-2
2.120000E-8	1.974517E-2
2.125000E-8	1.779240E-2
2.130000E-8	1.562724E-2
2.135000E-8	1.335929E-2
2.140000E-8	1.112389E-2
2.145000E-8	9.027239E-3
2.150000E-8	7.197808E-3
2.155000E-8	5.750366E-3
2.160000E-8	4.768845E-3
2.165000E-8	4.304636E-3
2.170000E-8	4.472505E-3
2.175000E-8	5.255323E-3
2.180000E-8	6.502351E-3
2.185000E-8	8.110811E-3
2.190000E-8	1.004987E-2
2.195000E-8	1.218078E-2
2.200000E-8	1.428942E-2
2.205000E-8	1.625931E-2
2.210000E-8	1.801680E-2
2.215000E-8	1.944883E-2
2.220000E-8	2.045775E-2
2.225000E-8	2.103159E-2
2.230000E-8	2.115150E-2
2.235000E-8	2.082090E-2
2.240000E-8	2.010146E-2
2.245000E-8	1.899832E-2
2.250000E-8	1.750977E-2
2.255000E-8	1.574372E-2
2.260000E-8	1.383206E-2
2.265000E-8	1.183648E-2
2.270000E-8	9.827187E-3
2.275000E-8	7.886414E-3
2.280000E-8	6.062123E-3
2.285000E-8	4.451949E-3
2.290000E-8	3.213487E-3
2.295000E-8	2.446085E-3
2.300000E-8	2.142893E-3
2.305000E-8	2.357012E-3
2.310000E-8	3.049043E-3
2.315000E-8	4.138480E-3
2.320000E-8	5.558515E-3
2.325000E-8	7.278317E-3
2.330000E-8	9.174553E-3
2.335000E-8	1.111190E-2
2.340000E-8	1.301327E-2
2.345000E-8	1.477933E-2
2.350000E-8	1.626274E-2
2.355000E-8	1.736074E-2
2.360000E-8	1.803564E-2
2.365000E-8	1.826004E-2
2.370000E-8	1.801509E-2
2.375000E-8	1.729394E-2
2.380000E-8	1.614112E-2
2.385000E-8	1.463201E-2
2.390000E-8	1.283684E-2
2.395000E-8	1.085153E-2
2.400000E-8	8.792565E-3
2.405000E-8	6.772997E-3
2.410000E-8	4.869909E-3
2.415000E-8	3.196357E-3
2.420000E-8	1.879099E-3
2.425000E-8	9.609573E-4
2.430000E-8	4.779054E-4
2.435000E-8	4.642018E-4
2.440000E-8	9.438278E-4
2.445000E-8	1.860256E-3
2.450000E-8	3.108997E-3
2.455000E-8	4.643800E-3
2.460000E-8	6.416703E-3
2.465000E-8	8.328355E-3
2.470000E-8	1.025714E-2
2.475000E-8	1.211226E-2
2.480000E-8	1.379438E-2
2.485000E-8	1.514761E-2
2.490000E-8	1.606918E-2
2.495000E-8	1.657450E-2
2.500000E-8	1.669612E-2
2.505000E-8	1.638607E-2
2.510000E-8	1.558270E-2
2.515000E-8	1.436308E-2
2.520000E-8	1.284540E-2
2.525000E-8	1.110162E-2
2.530000E-8	9.153997E-3
2.535000E-8	7.125865E-3
2.540000E-8	5.202222E-3
2.545000E-8	3.492697E-3
2.550000E-8	2.007570E-3
2.555000E-8	7.845234E-4
2.560000E-8	-5.653506E-5
2.565000E-8	-4.145416E-4
2.570000E-8	-3.340330E-4
2.575000E-8	1.473060E-4
2.580000E-8	1.029475E-3
2.585000E-8	2.288494E-3
2.590000E-8	3.845565E-3
2.595000E-8	5.577358E-3
2.600000E-8	7.401649E-3
2.605000E-8	9.227654E-3
2.610000E-8	1.093547E-2
2.615000E-8	1.242402E-2
2.620000E-8	1.362137E-2
2.625000E-8	1.447442E-2
2.630000E-8	1.491122E-2
2.635000E-8	1.494034E-2
2.640000E-8	1.457548E-2
2.645000E-8	1.377211E-2
2.650000E-8	1.256962E-2
2.655000E-8	1.107935E-2
2.660000E-8	9.385246E-3
2.665000E-8	7.542111E-3
2.670000E-8	5.642450E-3
2.675000E-8	3.756492E-3
2.680000E-8	1.973311E-3
2.685000E-8	4.659147E-4
2.690000E-8	-6.440769E-4
2.695000E-8	-1.370368E-3
2.700000E-8	-1.692402E-3
2.705000E-8	-1.531385E-3
2.710000E-8	-9.267137E-4
2.715000E-8	-1.720657E-6
2.720000E-8	1.245307E-3
2.725000E-8	2.761268E-3
2.730000E-8	4.388570E-3
2.735000E-8	6.038141E-3
2.740000E-8	7.658592E-3
2.745000E-8	9.162562E-3
2.750000E-8	1.043186E-2
2.755000E-8	1.140139E-2
2.760000E-8	1.203689E-2
2.765000E-8	1.230069E-2
2.770000E-8	1.218249E-2
2.775000E-8	1.164977E-2
2.780000E-8	1.073848E-2
2.785000E-8	9.549689E-3
2.790000E-8	8.146783E-3
2.795000E-8	6.550313E-3
2.800000E-8	4.871622E-3
2.805000E-8	3.273440E-3
2.810000E-8	1.764331E-3
2.815000E-8	3.597118E-4
2.820000E-8	-7.845388E-4
2.825000E-8	-1.505691E-3
2.830000E-8	-1.824300E-3
2.835000E-8	-1.769485E-3
2.840000E-8	-1.294998E-3
2.845000E-8	-4.522265E-4
2.850000E-8	6.594781E-4
2.855000E-8	1.993866E-3
2.860000E-8	3.506401E-3
2.865000E-8	5.070324E-3
2.870000E-8	6.611979E-3
2.875000E-8	8.079978E-3
2.880000E-8	9.378394E-3
2.885000E-8	1.043700E-2
2.890000E-8	1.123009E-2
2.895000E-8	1.172171E-2
2.900000E-8	1.188958E-2
2.905000E-8	1.171657E-2
2.910000E-8	1.119412E-2
2.915000E-8	1.035478E-2
2.920000E-8	9.282469E-3
2.925000E-8	7.999469E-3
2.930000E-8	6.510915E-3
2.935000E-8	4.926437E-3
2.940000E-8	3.326541E-3
2.945000E-8	1.733498E-3
2.950000E-8	2.449442E-4
2.955000E-8	-1.029491E-3
2.960000E-8	-2.043557E-3
2.965000E-8	-2.701330E-3
2.970000E-8	-2.876051E-3
2.975000E-8	-2.598553E-3
2.980000E-8	-1.954484E-3
2.985000E-8	-9.164360E-4
2.990000E-8	4.607759E-4
2.995000E-8	2.024699E-3
3.000000E-8	3.675983E-3
3.005000E-8	5.370091E-3
3.010000E-8	6.983690E-3
3.015000E-8	8.402012E-3
3.020000E-8	9.580522E-3
3.025000E-8	1.045927E-2
3.030000E-8	1.096459E-2
3.035000E-8	1.109306E-2
3.040000E-8	1.087037E-2
3.045000E-8	1.030510E-2
3.050000E-8	9.393810E-3
3.055000E-8	8.211875E-3
3.060000E-8	6.843228E-3
3.065000E-8	5.351248E-3
3.070000E-8	3.782186E-3
3.075000E-8	2.243957E-3
3.080000E-8	8.513285E-4
3.085000E-8	-3.545884E-4
3.090000E-8	-1.336109E-3
3.095000E-8	-2.026428E-3
3.100000E-8	-2.363879E-3
3.105000E-8	-2.343323E-3
3.110000E-8	-1.988743E-3
3.115000E-8	-1.324118E-3
3.120000E-8	-3.494495E-4
3.125000E-8	9.301242E-4
3.130000E-8	2.391271E-3
3.135000E-8	3.908944E-3
3.140000E-8	5.448886E-3
3.145000E-8	6.942579E-3
3.150000E-8	8.222153E-3
3.155000E-8	9.165988E-3
3.160000E-8	9.775798E-3
3.165000E-8	1.004987E-2
3.170000E-8	9.948806E-3
3.175000E-8	9.488023E-3
3.180000E-8	8.703492E-3
3.185000E-8	7.627759E-3
3.190000E-8	6.329343E-3
3.195000E-8	4.878474E-3
3.200000E-8	3.348810E-3
3.205000E-8	1.795164E-3
3.210000E-8	3.460082E-4
3.215000E-8	-9.010194E-4
3.220000E-8	-1.877401E-3
3.225000E-8	-2.559155E-3
3.230000E-8	-2.905171E-3
3.235000E-8	-2.870912E-3
3.240000E-8	-2.473508E-3
3.245000E-8	-1.795179E-3
3.250000E-8	-9.010194E-4
3.255000E-8	1.918427E-4
3.260000E-8	1.450861E-3
3.265000E-8	2.810943E-3
3.270000E-8	4.193294E-3
3.275000E-8	5.519117E-3
3.280000E-8	6.735312E-3
3.285000E-8	7.783637E-3
3.290000E-8	8.597289E-3
3.295000E-8	9.133442E-3
3.300000E-8	9.395523E-3
3.305000E-8	9.347561E-3
3.310000E-8	8.953582E-3
3.315000E-8	8.244421E-3
3.320000E-8	7.295447E-3
3.325000E-8	6.142631E-3
3.330000E-8	4.811669E-3
3.335000E-8	3.364226E-3
3.340000E-8	1.911645E-3
3.345000E-8	5.310068E-4
3.350000E-8	-7.006043E-4
3.355000E-8	-1.707819E-3
3.360000E-8	-2.440962E-3
3.365000E-8	-2.908597E-3
3.370000E-8	-3.086744E-3
3.375000E-8	-2.939430E-3
3.380000E-8	-2.475221E-3
3.385000E-8	-1.745504E-3
3.390000E-8	-7.708352E-4
3.395000E-8	4.179521E-4
3.400000E-8	1.740350E-3
3.405000E-8	3.107284E-3
3.410000E-8	4.467366E-3
3.415000E-8	5.722958E-3
3.420000E-8	6.757580E-3
3.425000E-8	7.519843E-3
3.430000E-8	8.018311E-3
3.435000E-8	8.215301E-3
3.440000E-8	8.064561E-3
3.445000E-8	7.600352E-3
3.450000E-8	6.872348E-3
3.455000E-8	5.868559E-3
3.460000E-8	4.636948E-3
3.465000E-8	3.314551E-3
3.470000E-8	2.007570E-3
3.475000E-8	7.245702E-4
3.480000E-8	-4.881985E-4
3.485000E-8	-1.512543E-3
3.490000E-8	-2.293648E-3
3.495000E-8	-2.819523E-3
3.500000E-8	-3.026790E-3
3.505000E-8	-2.889754E-3
3.510000E-8	-2.458091E-3
3.515000E-8	-1.779763E-3
3.520000E-8	-8.890288E-4
3.525000E-8	1.661484E-4
3.530000E-8	1.312112E-3
3.535000E-8	2.494048E-3
3.540000E-8	3.679409E-3
3.545000E-8	4.797965E-3
3.550000E-8	5.776060E-3
3.555000E-8	6.538323E-3
3.560000E-8	7.036791E-3
3.565000E-8	7.257762E-3
3.570000E-8	7.197808E-3
3.575000E-8	6.865496E-3
3.580000E-8	6.286519E-3
3.585000E-8	5.507127E-3
3.590000E-8	4.575282E-3
3.595000E-8	3.523531E-3
3.600000E-8	2.428955E-3
3.605000E-8	1.351510E-3
3.610000E-8	3.151751E-4
3.615000E-8	-6.406510E-4
3.620000E-8	-1.466293E-3
3.625000E-8	-2.088094E-3
3.630000E-8	-2.447813E-3
3.635000E-8	-2.531748E-3
3.640000E-8	-2.338185E-3
3.645000E-8	-1.877401E-3
3.650000E-8	-1.216202E-3
3.655000E-8	-4.025510E-4
3.660000E-8	5.858212E-4
3.665000E-8	1.728359E-3
3.670000E-8	2.927424E-3
3.675000E-8	4.100795E-3
3.680000E-8	5.215925E-3
3.685000E-8	6.188881E-3
3.690000E-8	6.935727E-3
3.695000E-8	7.427344E-3
3.700000E-8	7.650027E-3
3.705000E-8	7.584935E-3
3.710000E-8	7.235493E-3
3.715000E-8	6.599989E-3
3.720000E-8	5.668144E-3
3.725000E-8	4.510190E-3
3.730000E-8	3.223764E-3
3.735000E-8	1.870534E-3
3.740000E-8	4.950349E-4
3.745000E-8	-7.639834E-4
3.750000E-8	-1.808883E-3
3.755000E-8	-2.625960E-3
3.760000E-8	-3.172391E-3
3.765000E-8	-3.389936E-3
3.770000E-8	-3.297437E-3
3.775000E-8	-2.973689E-3
3.780000E-8	-2.413554E-3
3.785000E-8	-1.608468E-3
3.790000E-8	-6.526417E-4
3.795000E-8	3.357305E-4
3.800000E-8	1.312112E-3
3.805000E-8	2.291919E-3
3.810000E-8	3.251171E-3
3.815000E-8	4.081952E-3
3.820000E-8	4.714031E-3
3.825000E-8	5.157685E-3
3.830000E-8	5.411202E-3
3.835000E-8	5.423192E-3
3.840000E-8	5.231342E-3
3.845000E-8	4.912733E-3
3.850000E-8	4.462227E-3
3.855000E-8	3.840426E-3
3.860000E-8	3.076451E-3
3.865000E-8	2.214837E-3
3.870000E-8	1.265862E-3
3.875000E-8	2.774902E-4
3.880000E-8	-6.526417E-4
3.885000E-8	-1.491987E-3
3.890000E-8	-2.199436E-3
3.895000E-8	-2.728737E-3
3.900000E-8	-3.054198E-3
3.905000E-8	-3.153549E-3
3.910000E-8	-2.994244E-3
3.915000E-8	-2.584849E-3
3.920000E-8	-1.951058E-3
3.925000E-8	-1.091157E-3
3.930000E-8	-3.769261E-5
3.935000E-8	1.080864E-3
3.940000E-8	2.202846E-3
3.945000E-8	3.331680E-3
3.950000E-8	4.342321E-3
3.955000E-8	5.118287E-3
3.960000E-8	5.666431E-3
3.965000E-8	6.027864E-3
3.970000E-8	6.134066E-3
3.975000E-8	5.942216E-3
3.980000E-8	5.471155E-3
3.985000E-8	4.753429E-3
3.990000E-8	3.818158E-3
3.995000E-8	2.759555E-3
4.000000E-8	1.654702E-3
4.005000E-8	5.892471E-4
4.010000E-8	-3.631531E-4
4.015000E-8	-1.166527E-3
4.020000E-8	-1.805457E-3
4.025000E-8	-2.211426E-3
4.030000E-8	-2.358740E-3
4.035000E-8	-2.303926E-3
4.040000E-8	-2.058974E-3
4.045000E-8	-1.545089E-3
4.050000E-8	-8.119460E-4
4.055000E-8	1.883474E-5
4.060000E-8	9.010040E-4
4.065000E-8	1.820858E-3
4.070000E-8	2.713305E-3
4.075000E-8	3.540660E-3
4.080000E-8	4.308062E-3
4.085000E-8	4.982964E-3
4.090000E-8	5.519117E-3
4.095000E-8	5.885689E-3
4.100000E-8	6.060410E-3
4.105000E-8	6.051845E-3
4.110000E-8	5.866846E-3
4.115000E-8	5.512266E-3
4.120000E-8	4.982964E-3
4.125000E-8	4.304636E-3
4.130000E-8	3.499549E-3
4.135000E-8	2.565991E-3
4.140000E-8	1.565629E-3
4.145000E-8	5.327198E-4
4.150000E-8	-4.916244E-4
4.155000E-8	-1.433747E-3
4.160000E-8	-2.166890E-3
4.165000E-8	-2.675636E-3
4.170000E-8	-2.944569E-3
4.175000E-8	-2.939430E-3
4.180000E-8	-2.655080E-3
4.185000E-8	-2.136056E-3
4.190000E-8	-1.411479E-3
4.195000E-8	-4.950503E-4
4.200000E-8	5.361457E-4
4.205000E-8	1.574193E-3
4.210000E-8	2.542010E-3
4.215000E-8	3.398485E-3
4.220000E-8	4.104221E-3
4.225000E-8	4.633522E-3
4.230000E-8	4.945279E-3
4.235000E-8	5.015510E-3
4.240000E-8	4.837363E-3
4.245000E-8	4.446811E-3
4.250000E-8	3.871259E-3
4.255000E-8	3.103858E-3
4.260000E-8	2.195994E-3
4.265000E-8	1.265862E-3
4.270000E-8	3.682766E-4
4.275000E-8	-5.036150E-4
4.280000E-8	-1.286433E-3
4.285000E-8	-1.879114E-3
4.290000E-8	-2.276518E-3
4.295000E-8	-2.504341E-3
4.300000E-8	-2.526609E-3
4.305000E-8	-2.343323E-3
4.310000E-8	-2.011011E-3
4.315000E-8	-1.521107E-3
4.320000E-8	-8.479180E-4
4.325000E-8	-4.625736E-5
4.330000E-8	8.033659E-4
4.335000E-8	1.671832E-3
4.340000E-8	2.516316E-3
4.345000E-8	3.264875E-3
4.350000E-8	3.903805E-3
4.355000E-8	4.427968E-3
4.360000E-8	4.779123E-3
4.365000E-8	4.931575E-3
4.370000E-8	4.888752E-3
4.375000E-8	4.623244E-3
4.380000E-8	4.119637E-3
4.385000E-8	3.429318E-3
4.390000E-8	2.612241E-3
4.395000E-8	1.692387E-3
4.400000E-8	7.399867E-4
4.405000E-8	-1.490344E-4
4.410000E-8	-9.558338E-4
4.415000E-8	-1.673560E-3
4.420000E-8	-2.214852E-3
4.425000E-8	-2.502628E-3
4.430000E-8	-2.579710E-3
4.435000E-8	-2.500915E-3
4.440000E-8	-2.209713E-3
4.445000E-8	-1.697541E-3
4.450000E-8	-1.060324E-3
4.455000E-8	-3.614402E-4
4.460000E-8	3.802672E-4
4.465000E-8	1.123688E-3
4.470000E-8	1.776321E-3
4.475000E-8	2.346734E-3
4.480000E-8	2.872610E-3
4.485000E-8	3.302560E-3
4.490000E-8	3.583484E-3
4.495000E-8	3.710242E-3
4.500000E-8	3.710242E-3
4.505000E-8	3.578345E-3
4.510000E-8	3.314551E-3
4.515000E-8	2.910294E-3
4.520000E-8	2.389558E-3
4.525000E-8	1.846552E-3
4.530000E-8	1.327529E-3
4.535000E-8	8.119306E-4
4.540000E-8	2.809161E-4
4.545000E-8	-2.398207E-4
4.550000E-8	-7.245856E-4
4.555000E-8	-1.168240E-3
4.560000E-8	-1.546802E-3
4.565000E-8	-1.827725E-3
4.570000E-8	-1.954484E-3
4.575000E-8	-1.923651E-3
4.580000E-8	-1.747217E-3
4.585000E-8	-1.450876E-3
4.590000E-8	-1.032917E-3
4.595000E-8	-5.036150E-4
4.600000E-8	1.181858E-4
4.605000E-8	8.273472E-4
4.610000E-8	1.584471E-3
4.615000E-8	2.322753E-3
4.620000E-8	3.026775E-3
4.625000E-8	3.652002E-3
4.630000E-8	4.140193E-3
4.635000E-8	4.450237E-3
4.640000E-8	4.590698E-3
4.645000E-8	4.534171E-3
4.650000E-8	4.256673E-3
4.655000E-8	3.806167E-3
4.660000E-8	3.203209E-3
4.665000E-8	2.452937E-3
4.670000E-8	1.599888E-3
4.675000E-8	7.160054E-4
4.680000E-8	-1.490344E-4
4.685000E-8	-9.335655E-4
4.690000E-8	-1.517681E-3
4.695000E-8	-1.875688E-3
4.700000E-8	-2.028141E-3
4.705000E-8	-1.981891E-3
4.710000E-8	-1.728374E-3
4.715000E-8	-1.315553E-3
4.720000E-8	-7.742611E-4
4.725000E-8	-1.044977E-4
4.730000E-8	6.509133E-4
4.735000E-8	1.413176E-3
4.740000E-8	2.151458E-3
4.745000E-8	2.833212E-3
4.750000E-8	3.391633E-3
4.755000E-8	3.778760E-3
4.760000E-8	3.991166E-3
4.765000E-8	4.027138E-3
4.770000E-8	3.881537E-3
4.775000E-8	3.564641E-3
4.780000E-8	3.105571E-3
4.785000E-8	2.523168E-3
4.790000E-8	1.853404E-3
4.795000E-8	1.149382E-3
4.800000E-8	4.333687E-4
4.805000E-8	-2.312560E-4
4.810000E-8	-7.982424E-4
4.815000E-8	-1.276155E-3
4.820000E-8	-1.661569E-3
4.825000E-8	-1.879114E-3
4.830000E-8	-1.951058E-3
4.835000E-8	-1.980178E-3
4.840000E-8	-1.944206E-3
4.845000E-8	-1.764346E-3
4.850000E-8	-1.444025E-3
4.855000E-8	-1.008935E-3
4.860000E-8	-4.573654E-4
4.865000E-8	1.798520E-4
4.870000E-8	8.393378E-4
4.875000E-8	1.462852E-3
4.880000E-8	2.016135E-3
4.885000E-8	2.500899E-3
4.890000E-8	2.905156E-3
4.895000E-8	3.187792E-3
4.900000E-8	3.317977E-3
4.905000E-8	3.307699E-3
4.910000E-8	3.175802E-3
4.915000E-8	2.913720E-3
4.920000E-8	2.533445E-3
4.925000E-8	2.088078E-3
4.930000E-8	1.596462E-3
4.935000E-8	1.084290E-3
4.940000E-8	5.806824E-4
4.945000E-8	9.249160E-5
4.950000E-8	-3.340330E-4
4.955000E-8	-6.440769E-4
4.960000E-8	-8.205108E-4
4.965000E-8	-8.890288E-4
4.970000E-8	-8.256496E-4
4.975000E-8	-6.372251E-4
4.980000E-8	-3.837085E-4
4.985000E-8	-9.593291E-5
4.990000E-8	2.295276E-4
4.995000E-8	5.755435E-4
5.000000E-8	9.404019E-4
5.005000E-8	1.330954E-3
5.010000E-8	1.723220E-3
5.015000E-8	2.076088E-3
5.020000E-8	2.380993E-3
5.025000E-8	2.624232E-3
5.030000E-8	2.766407E-3
5.035000E-8	2.793814E-3
5.040000E-8	2.759555E-3
5.045000E-8	2.691037E-3
5.050000E-8	2.533445E-3
5.055000E-8	2.273077E-3
5.060000E-8	1.940765E-3
5.065000E-8	1.548499E-3
5.070000E-8	1.067160E-3
5.075000E-8	5.412845E-4
5.080000E-8	4.966784E-5
5.085000E-8	-4.282452E-4
5.090000E-8	-8.924547E-4
5.095000E-8	-1.260739E-3
5.100000E-8	-1.486848E-3
5.105000E-8	-1.589625E-3
5.110000E-8	-1.569070E-3
5.115000E-8	-1.390923E-3
5.120000E-8	-1.056898E-3
5.125000E-8	-5.961143E-4
5.130000E-8	-3.940556E-5
5.135000E-8	5.567011E-4
5.140000E-8	1.144243E-3
5.145000E-8	1.700952E-3
5.150000E-8	2.204559E-3
5.155000E-8	2.584834E-3
5.160000E-8	2.824647E-3
5.165000E-8	2.918859E-3
5.170000E-8	2.857193E-3
5.175000E-8	2.631084E-3
5.180000E-8	2.245670E-3
5.185000E-8	1.779747E-3
5.190000E-8	1.294983E-3
5.195000E-8	8.307731E-4
5.200000E-8	3.939708E-4
5.205000E-8	-2.570196E-5
5.210000E-8	-3.991251E-4
5.215000E-8	-6.869007E-4
5.220000E-8	-8.856029E-4
5.225000E-8	-9.849540E-4
5.230000E-8	-9.524079E-4
5.235000E-8	-7.965295E-4
5.240000E-8	-5.738460E-4
5.245000E-8	-2.894963E-4
5.250000E-8	5.823260E-5
5.255000E-8	4.248039E-4
5.260000E-8	7.913752E-4
5.265000E-8	1.187067E-3
5.270000E-8	1.570767E-3
5.275000E-8	1.887663E-3
5.280000E-8	2.158309E-3
5.285000E-8	2.386132E-3
5.290000E-8	2.514603E-3
5.295000E-8	2.519742E-3
5.300000E-8	2.461502E-3
5.305000E-8	2.362150E-3
5.310000E-8	2.202846E-3
5.315000E-8	1.987014E-3
5.320000E-8	1.726646E-3
5.325000E-8	1.428593E-3
5.330000E-8	1.097993E-3
5.335000E-8	7.656810E-4
5.340000E-8	4.710536E-4
5.345000E-8	2.141110E-4
5.350000E-8	-2.227606E-5
5.355000E-8	-2.449596E-4
5.360000E-8	-4.299582E-4
5.365000E-8	-5.687071E-4
5.370000E-8	-6.492158E-4
5.375000E-8	-6.612064E-4
5.380000E-8	-6.063920E-4
5.385000E-8	-4.744949E-4
5.390000E-8	-2.535243E-4
5.395000E-8	2.911244E-5
5.400000E-8	3.665636E-4
5.405000E-8	7.622551E-4
5.410000E-8	1.221326E-3
5.415000E-8	1.670119E-3
5.420000E-8	2.040116E-3
5.425000E-8	2.324466E-3
5.430000E-8	2.526594E-3
5.435000E-8	2.610528E-3
5.440000E-8	2.545436E-3
5.445000E-8	2.348447E-3
5.450000E-8	2.046968E-3
5.455000E-8	1.652989E-3
5.460000E-8	1.209335E-3
5.465000E-8	7.485515E-4
5.470000E-8	2.706384E-4
5.475000E-8	-1.935711E-4
5.480000E-8	-5.550035E-4
5.485000E-8	-8.170849E-4
5.490000E-8	-1.022639E-3
5.495000E-8	-1.111712E-3
5.500000E-8	-1.050046E-3
5.505000E-8	-8.993065E-4
5.510000E-8	-7.074561E-4
5.515000E-8	-4.385229E-4
5.520000E-8	-8.908111E-5
5.525000E-8	2.946197E-4
5.530000E-8	6.971630E-4
5.535000E-8	1.094567E-3
5.540000E-8	1.469703E-3
5.545000E-8	1.802016E-3
5.550000E-8	2.096643E-3
5.555000E-8	2.348447E-3
5.560000E-8	2.530020E-3
5.565000E-8	2.607102E-3
5.570000E-8	2.586547E-3
5.575000E-8	2.456363E-3
5.580000E-8	2.211411E-3
5.585000E-8	1.911645E-3
5.590000E-8	1.618730E-3
5.595000E-8	1.322390E-3
5.600000E-8	1.000355E-3
5.605000E-8	7.228572E-4
5.610000E-8	4.950349E-4
5.615000E-8	2.483701E-4
5.620000E-8	8.557044E-6
5.625000E-8	-1.456085E-4
5.630000E-8	-1.952840E-4
5.635000E-8	-1.781545E-4
5.640000E-8	-1.216272E-4
5.645000E-8	-1.885016E-5
5.650000E-8	9.934340E-5
5.655000E-8	2.329535E-4
5.660000E-8	3.836931E-4
5.665000E-8	5.601270E-4
5.670000E-8	7.519774E-4
5.675000E-8	9.386889E-4
5.680000E-8	1.120262E-3
5.685000E-8	1.296695E-3
5.690000E-8	1.445722E-3
5.695000E-8	1.539934E-3
5.700000E-8	1.613591E-3
5.705000E-8	1.671832E-3
5.710000E-8	1.683822E-3
5.715000E-8	1.617017E-3
5.720000E-8	1.493685E-3
5.725000E-8	1.351510E-3
5.730000E-8	1.185354E-3
5.735000E-8	9.489666E-4
5.740000E-8	6.629040E-4
5.745000E-8	4.025356E-4
5.750000E-8	1.918427E-4
5.755000E-8	2.739949E-5
5.760000E-8	-8.736816E-5
5.765000E-8	-1.182013E-4
5.770000E-8	-8.051636E-5
5.775000E-8	3.767719E-5
5.780000E-8	2.261017E-4
5.785000E-8	4.624888E-4
5.790000E-8	7.399867E-4
5.795000E-8	1.084290E-3
5.800000E-8	1.437157E-3
5.805000E-8	1.755766E-3
5.810000E-8	2.026412E-3
5.815000E-8	2.223401E-3
5.820000E-8	2.339882E-3
5.825000E-8	2.372428E-3
5.830000E-8	2.341595E-3
5.835000E-8	2.242244E-3
5.840000E-8	2.053819E-3
5.845000E-8	1.781460E-3
5.850000E-8	1.485120E-3
5.855000E-8	1.214474E-3
5.860000E-8	9.695220E-4
5.865000E-8	7.416997E-4
5.870000E-8	5.618399E-4
5.875000E-8	4.128133E-4
5.880000E-8	2.654996E-4
5.885000E-8	1.284635E-4
5.890000E-8	1.198294E-5
5.895000E-8	-7.366456E-5
5.900000E-8	-1.164883E-4
5.905000E-8	-1.079236E-4
5.910000E-8	-7.195161E-5
5.915000E-8	-3.597966E-5
5.920000E-8	2.568654E-5
5.925000E-8	1.147599E-4
5.930000E-8	2.637866E-4
5.935000E-8	4.813313E-4
5.940000E-8	7.468385E-4
5.945000E-8	1.056882E-3
5.950000E-8	1.397760E-3
5.955000E-8	1.670119E-3
5.960000E-8	1.839701E-3
5.965000E-8	1.956181E-3
5.970000E-8	1.999005E-3
5.975000E-8	1.901367E-3
5.980000E-8	1.702665E-3
5.985000E-8	1.478268E-3
5.990000E-8	1.205909E-3
5.995000E-8	8.838745E-4
6.000000E-8	5.892471E-4
6.005000E-8	3.545730E-4
6.010000E-8	1.695743E-4
6.015000E-8	4.795489E-5
6.020000E-8	-1.885016E-5
6.025000E-8	-3.769261E-5
6.030000E-8	2.054769E-5
6.035000E-8	1.661484E-4
6.040000E-8	3.100363E-4
6.045000E-8	4.128133E-4
6.050000E-8	5.378586E-4
6.055000E-8	7.091536E-4
6.060000E-8	8.770227E-4
6.065000E-8	1.022623E-3
6.070000E-8	1.166511E-3
6.075000E-8	1.318964E-3
6.080000E-8	1.438870E-3
6.085000E-8	1.522805E-3
6.090000E-8	1.603314E-3
6.095000E-8	1.704378E-3
6.100000E-8	1.815719E-3
6.105000E-8	1.885950E-3
6.110000E-8	1.887663E-3
6.115000E-8	1.846552E-3
6.120000E-8	1.754053E-3
6.125000E-8	1.596462E-3
6.130000E-8	1.387482E-3
6.135000E-8	1.168224E-3
6.140000E-8	9.266983E-4
6.145000E-8	6.731817E-4
6.150000E-8	4.282298E-4
6.155000E-8	1.901297E-4
6.160000E-8	-3.597966E-5
6.165000E-8	-1.987099E-4
6.170000E-8	-2.929222E-4
6.175000E-8	-3.460236E-4
6.180000E-8	-2.997740E-4
6.185000E-8	-1.044977E-4
6.190000E-8	1.541578E-4
6.195000E-8	4.230910E-4
6.200000E-8	7.468385E-4
6.205000E-8	1.111697E-3
6.210000E-8	1.449148E-3
6.215000E-8	1.735211E-3
6.220000E-8	1.978450E-3
6.225000E-8	2.175439E-3
6.230000E-8	2.290207E-3
6.235000E-8	2.266225E-3
6.240000E-8	2.101782E-3
6.245000E-8	1.861969E-3
6.250000E-8	1.586184E-3
6.255000E-8	1.260724E-3
6.260000E-8	9.266983E-4
6.265000E-8	6.714687E-4
6.270000E-8	4.710536E-4
6.275000E-8	2.929068E-4
6.280000E-8	1.678614E-4
6.285000E-8	1.370283E-4
6.290000E-8	1.815650E-4
6.295000E-8	2.672125E-4
6.300000E-8	3.922579E-4
6.305000E-8	5.310068E-4
6.310000E-8	6.697558E-4
6.315000E-8	7.896623E-4
6.320000E-8	8.684580E-4
6.325000E-8	9.284112E-4
6.330000E-8	1.029475E-3
6.335000E-8	1.151095E-3
6.340000E-8	1.243594E-3
6.345000E-8	1.334380E-3
6.350000E-8	1.473129E-3
6.355000E-8	1.613591E-3
6.360000E-8	1.694100E-3
6.365000E-8	1.740350E-3
6.370000E-8	1.786599E-3
6.375000E-8	1.802016E-3
6.380000E-8	1.774609E-3
6.385000E-8	1.728359E-3
6.390000E-8	1.671832E-3
6.395000E-8	1.569055E-3
6.400000E-8	1.426880E-3
6.405000E-8	1.264149E-3
6.410000E-8	1.072299E-3
6.415000E-8	8.667450E-4
6.420000E-8	6.611910E-4
6.425000E-8	4.573500E-4
6.430000E-8	2.706384E-4
6.435000E-8	1.198988E-4
6.440000E-8	-5.146557E-6
6.445000E-8	-9.250701E-5
6.450000E-8	-1.250531E-4
6.455000E-8	-9.764586E-5
6.460000E-8	-5.139621E-5
6.465000E-8	3.082539E-5
6.470000E-8	1.935556E-4
6.475000E-8	4.145262E-4
6.480000E-8	6.457745E-4
6.485000E-8	8.684580E-4
6.490000E-8	1.094567E-3
6.495000E-8	1.310399E-3
6.500000E-8	1.478268E-3
6.505000E-8	1.579332E-3
6.510000E-8	1.618730E-3
6.515000E-8	1.598175E-3
6.520000E-8	1.527944E-3
6.525000E-8	1.404611E-3
6.530000E-8	1.250446E-3
6.535000E-8	1.089429E-3
6.540000E-8	9.232724E-4
6.545000E-8	7.536903E-4
6.550000E-8	6.115155E-4
6.555000E-8	4.881831E-4
6.560000E-8	3.134622E-4
6.565000E-8	1.216117E-4
6.570000E-8	-1.720657E-6
6.575000E-8	-4.968326E-5
6.580000E-8	-8.736816E-5
6.585000E-8	-1.233401E-4
6.590000E-8	-1.250531E-4
6.595000E-8	-7.366456E-5
6.600000E-8	2.054769E-5
6.605000E-8	1.832779E-4
6.610000E-8	4.350816E-4
6.615000E-8	7.519774E-4
6.620000E-8	1.058595E-3
6.625000E-8	1.337806E-3
6.630000E-8	1.587897E-3
6.635000E-8	1.762618E-3
6.640000E-8	1.848265E-3
6.645000E-8	1.844839E-3
6.650000E-8	1.742062E-3
6.655000E-8	1.519379E-3
6.660000E-8	1.217900E-3
6.665000E-8	8.838745E-4
6.670000E-8	5.258680E-4
6.675000E-8	1.712873E-4
6.680000E-8	-1.147754E-4
6.685000E-8	-3.186164E-4
6.690000E-8	-4.470877E-4
6.695000E-8	-5.104668E-4
6.700000E-8	-5.275963E-4
6.705000E-8	-4.762078E-4
6.710000E-8	-3.682920E-4
6.715000E-8	-2.946351E-4
6.720000E-8	-2.655150E-4
6.725000E-8	-2.141265E-4
6.730000E-8	-1.182013E-4
6.735000E-8	-2.398901E-5
6.740000E-8	5.994555E-5
6.745000E-8	1.798520E-4
6.750000E-8	3.100363E-4
6.755000E-8	4.367946E-4
6.760000E-8	5.669788E-4
6.765000E-8	7.057277E-4
6.770000E-8	8.341990E-4
6.775000E-8	9.489666E-4
6.780000E-8	1.039753E-3
6.785000E-8	1.104845E-3
6.790000E-8	1.137391E-3
6.795000E-8	1.118549E-3
6.800000E-8	1.055170E-3
6.805000E-8	9.626702E-4
6.810000E-8	8.239213E-4
6.815000E-8	6.457745E-4
6.820000E-8	4.693406E-4
6.825000E-8	3.014715E-4
6.830000E-8	1.113340E-4
6.835000E-8	-7.366456E-5
6.840000E-8	-1.969970E-4
6.845000E-8	-2.775056E-4
6.850000E-8	-3.443107E-4
6.855000E-8	-3.717179E-4
6.860000E-8	-3.665790E-4
6.865000E-8	-3.169035E-4
6.870000E-8	-1.884322E-4
6.875000E-8	3.418194E-6
6.880000E-8	1.781391E-4
6.885000E-8	3.391564E-4
6.890000E-8	5.138773E-4
6.895000E-8	6.800335E-4
6.900000E-8	7.759587E-4
6.905000E-8	8.324860E-4
6.910000E-8	8.753098E-4
6.915000E-8	8.701709E-4
6.920000E-8	8.067918E-4
6.925000E-8	7.314220E-4
6.930000E-8	6.492004E-4
6.935000E-8	5.310068E-4
6.940000E-8	3.973967E-4
6.945000E-8	2.603607E-4
6.950000E-8	1.233247E-4
6.955000E-8	2.226064E-5
6.960000E-8	1.540884E-5
6.965000E-8	1.164729E-4
6.970000E-8	2.723514E-4
6.975000E-8	4.590629E-4
6.980000E-8	6.783205E-4
6.985000E-8	9.301242E-4
6.990000E-8	1.168224E-3
6.995000E-8	1.344658E-3
7.000000E-8	1.474842E-3
7.005000E-8	1.550212E-3
7.010000E-8	1.565629E-3
7.015000E-8	1.524518E-3
7.020000E-8	1.438870E-3
7.025000E-8	1.313825E-3
7.030000E-8	1.156234E-3
7.035000E-8	9.849386E-4
7.040000E-8	7.691069E-4
7.045000E-8	5.378586E-4
7.050000E-8	3.819802E-4
7.055000E-8	3.220269E-4
7.060000E-8	3.220269E-4
7.065000E-8	3.579989E-4
7.070000E-8	3.922579E-4
7.075000E-8	3.768413E-4
7.080000E-8	3.134622E-4
7.085000E-8	2.449442E-4
7.090000E-8	1.661484E-4
7.095000E-8	5.651965E-5
7.100000E-8	-4.283146E-5
7.105000E-8	-1.079236E-4
7.110000E-8	-1.832934E-4
7.115000E-8	-2.381078E-4
7.120000E-8	-2.089876E-4
7.125000E-8	-6.338686E-5
7.130000E-8	1.627225E-4
7.135000E-8	4.470723E-4
7.140000E-8	7.639680E-4
7.145000E-8	1.092854E-3
7.150000E-8	1.402898E-3
7.155000E-8	1.644424E-3
7.160000E-8	1.790025E-3
7.165000E-8	1.861969E-3
7.170000E-8	1.894515E-3
7.175000E-8	1.819145E-3
7.180000E-8	1.608452E-3
7.185000E-8	1.363501E-3
7.190000E-8	1.154521E-3
7.195000E-8	9.112817E-4
7.200000E-8	6.046637E-4
7.205000E-8	3.237399E-4
7.210000E-8	1.216117E-4
7.215000E-8	-5.310916E-5
7.220000E-8	-2.089876E-4
7.225000E-8	-2.860704E-4
7.230000E-8	-2.655150E-4
7.235000E-8	-2.124135E-4
7.240000E-8	-1.456085E-4
7.245000E-8	-3.255376E-5
7.250000E-8	1.010563E-4
7.255000E-8	2.004074E-4
7.260000E-8	2.809161E-4
7.265000E-8	3.819802E-4
7.270000E-8	4.761924E-4
7.275000E-8	5.224421E-4
7.280000E-8	5.498493E-4
7.285000E-8	6.080896E-4
7.290000E-8	6.663299E-4
7.295000E-8	6.629040E-4
7.300000E-8	6.252191E-4
7.305000E-8	5.841083E-4
7.310000E-8	5.224421E-4
7.315000E-8	4.419334E-4
7.320000E-8	3.648507E-4
7.325000E-8	3.323046E-4
7.330000E-8	3.340176E-4
7.335000E-8	3.340176E-4
7.340000E-8	2.980456E-4
7.345000E-8	2.449442E-4
7.350000E-8	1.849909E-4
7.355000E-8	1.096211E-4
7.360000E-8	2.739949E-5
7.365000E-8	-1.885016E-5
7.370000E-8	-1.713721E-5
7.375000E-8	-6.859507E-6
7.380000E-8	-1.199836E-5
7.385000E-8	1.883474E-5
7.390000E-8	8.050095E-5
7.395000E-8	1.353153E-4
7.400000E-8	1.935556E-4
7.405000E-8	3.014715E-4
7.410000E-8	4.316557E-4
7.415000E-8	5.498493E-4
7.420000E-8	6.697558E-4
7.425000E-8	7.982270E-4
7.430000E-8	8.992911E-4
7.435000E-8	9.438278E-4
7.440000E-8	9.609573E-4
7.445000E-8	9.986422E-4
7.450000E-8	1.067160E-3
7.455000E-8	1.094567E-3
7.460000E-8	1.062021E-3
7.465000E-8	1.044892E-3
7.470000E-8	1.060308E-3
7.475000E-8	1.027762E-3
7.480000E-8	9.284112E-4
7.485000E-8	8.598932E-4
7.490000E-8	8.410508E-4
7.495000E-8	7.965141E-4
7.500000E-8	7.331349E-4
7.505000E-8	7.091536E-4
7.510000E-8	7.074407E-4
7.515000E-8	6.920241E-4
7.520000E-8	6.663299E-4
7.525000E-8	6.149414E-4
7.530000E-8	5.310068E-4
7.535000E-8	4.522111E-4
7.540000E-8	4.059615E-4
7.545000E-8	3.442953E-4
7.550000E-8	2.672125E-4
7.555000E-8	2.072592E-4
7.560000E-8	1.832779E-4
7.565000E-8	1.969815E-4
7.570000E-8	2.654996E-4
7.575000E-8	3.614248E-4
7.580000E-8	4.367946E-4
7.585000E-8	5.190162E-4
7.590000E-8	6.012378E-4
7.595000E-8	6.269320E-4
7.600000E-8	5.669788E-4
7.605000E-8	4.813313E-4
7.610000E-8	4.042485E-4
7.615000E-8	3.237399E-4
7.620000E-8	2.226758E-4
7.625000E-8	1.301765E-4
7.630000E-8	8.563980E-5
7.635000E-8	1.113340E-4
7.640000E-8	1.764261E-4
7.645000E-8	2.535089E-4
7.650000E-8	3.237399E-4
7.655000E-8	3.888320E-4
7.660000E-8	4.779054E-4
7.665000E-8	6.235061E-4
7.670000E-8	7.913752E-4
7.675000E-8	9.215594E-4
7.680000E-8	1.007207E-3
7.685000E-8	1.062021E-3
7.690000E-8	1.097993E-3
7.695000E-8	1.130539E-3
7.700000E-8	1.164798E-3
7.705000E-8	1.202483E-3
7.710000E-8	1.257298E-3
7.715000E-8	1.312112E-3
7.720000E-8	1.348084E-3
7.725000E-8	1.337806E-3
7.730000E-8	1.296695E-3
7.735000E-8	1.192206E-3
7.740000E-8	9.935033E-4
7.745000E-8	7.297090E-4
7.750000E-8	4.453593E-4
7.755000E-8	1.712873E-4
7.760000E-8	-5.824801E-5
7.765000E-8	-2.209783E-4
7.770000E-8	-3.134776E-4
7.775000E-8	-3.340330E-4
7.780000E-8	-2.860704E-4
7.785000E-8	-1.730157E-4
7.790000E-8	8.557044E-6
7.795000E-8	2.363794E-4
7.800000E-8	4.590629E-4
7.805000E-8	6.560522E-4
7.810000E-8	8.479026E-4
7.815000E-8	9.900774E-4
7.820000E-8	1.074012E-3
7.825000E-8	1.135678E-3
7.830000E-8	1.163085E-3
7.835000E-8	1.116836E-3
7.840000E-8	1.026049E-3
7.845000E-8	9.352630E-4
7.850000E-8	8.187824E-4
7.855000E-8	6.629040E-4
7.860000E-8	5.515622E-4
7.865000E-8	4.984608E-4
7.870000E-8	4.676277E-4
7.875000E-8	4.693406E-4
7.880000E-8	5.258680E-4
7.885000E-8	5.978119E-4
7.890000E-8	6.577651E-4
7.895000E-8	7.245702E-4
7.900000E-8	8.136436E-4
7.905000E-8	9.129947E-4
7.910000E-8	9.900774E-4
7.915000E-8	1.015772E-3
7.920000E-8	9.969292E-4
7.925000E-8	9.575314E-4
7.930000E-8	8.770227E-4
7.935000E-8	7.434126E-4
7.940000E-8	6.235061E-4
7.945000E-8	5.464234E-4
7.950000E-8	4.727665E-4
7.955000E-8	3.854061E-4
7.960000E-8	3.048974E-4
7.965000E-8	2.192499E-4
7.970000E-8	1.404542E-4
7.975000E-8	1.061952E-4
7.980000E-8	1.318894E-4
7.985000E-8	1.832779E-4
7.990000E-8	2.620737E-4
7.995000E-8	3.528600E-4
8.000000E-8	4.487852E-4
8.005000E-8	5.601270E-4
8.010000E-8	6.731817E-4
8.015000E-8	7.536903E-4
8.020000E-8	7.982270E-4
8.025000E-8	8.290601E-4
8.030000E-8	8.050788E-4
8.035000E-8	7.279961E-4
8.040000E-8	6.423486E-4
8.045000E-8	5.823953E-4
8.050000E-8	5.310068E-4
8.055000E-8	4.624888E-4
8.060000E-8	3.836931E-4
8.065000E-8	2.894809E-4
8.070000E-8	2.038333E-4
8.075000E-8	1.592966E-4
8.080000E-8	1.575837E-4
8.085000E-8	2.346665E-4
8.090000E-8	3.682766E-4
8.095000E-8	5.018867E-4
8.100000E-8	6.115155E-4
8.105000E-8	7.519774E-4
8.110000E-8	8.924393E-4
8.115000E-8	9.832256E-4
8.120000E-8	1.050031E-3
8.125000E-8	1.149382E-3
8.130000E-8	1.216187E-3
8.135000E-8	1.209335E-3
8.140000E-8	1.161372E-3
8.145000E-8	1.060308E-3
8.150000E-8	9.112817E-4
8.155000E-8	7.913752E-4
8.160000E-8	7.245702E-4
8.165000E-8	6.783205E-4
8.170000E-8	6.577651E-4
8.175000E-8	6.783205E-4
8.180000E-8	7.005889E-4
8.185000E-8	7.125795E-4
8.190000E-8	7.331349E-4
8.195000E-8	7.742457E-4
8.200000E-8	8.393378E-4
8.205000E-8	9.489666E-4
8.210000E-8	1.039753E-3
8.215000E-8	1.058595E-3
8.220000E-8	1.032901E-3
8.225000E-8	9.900774E-4
8.230000E-8	9.095688E-4
8.235000E-8	8.204954E-4
8.240000E-8	7.485515E-4
8.245000E-8	6.817464E-4
8.250000E-8	6.217932E-4
8.255000E-8	5.841083E-4
8.260000E-8	5.772565E-4
8.265000E-8	6.029507E-4
8.270000E-8	6.560522E-4
8.275000E-8	7.091536E-4
8.280000E-8	7.536903E-4
8.285000E-8	7.828105E-4
8.290000E-8	7.879493E-4
8.295000E-8	7.673939E-4
8.300000E-8	7.416997E-4
8.305000E-8	7.142925E-4
8.310000E-8	6.646169E-4
8.315000E-8	5.823953E-4
8.320000E-8	4.727665E-4
8.325000E-8	3.991097E-4
8.330000E-8	3.991097E-4
8.335000E-8	4.385075E-4
8.340000E-8	5.035996E-4
8.345000E-8	6.183673E-4
8.350000E-8	7.742457E-4
8.355000E-8	9.318371E-4
8.360000E-8	1.074012E-3
8.365000E-8	1.185354E-3
8.370000E-8	1.226465E-3
8.375000E-8	1.216187E-3
8.380000E-8	1.181928E-3
8.385000E-8	1.101419E-3
8.390000E-8	9.386889E-4
8.395000E-8	7.279961E-4
8.400000E-8	5.070255E-4
8.405000E-8	3.083233E-4
8.410000E-8	1.490189E-4
8.415000E-8	2.911244E-5
8.420000E-8	-3.084081E-5
8.425000E-8	-7.706603E-9
8.430000E-8	1.318894E-4
8.435000E-8	3.151751E-4
8.440000E-8	5.378586E-4
8.445000E-8	7.982270E-4
8.450000E-8	1.041466E-3
8.455000E-8	1.197344E-3
8.460000E-8	1.250446E-3
8.465000E-8	1.241881E-3
8.470000E-8	1.187067E-3
8.475000E-8	1.108271E-3
8.480000E-8	1.038040E-3
8.485000E-8	9.729479E-4
8.490000E-8	8.975781E-4
8.495000E-8	8.153565E-4
8.500000E-8	7.211443E-4
8.505000E-8	6.149414E-4
8.510000E-8	5.686917E-4
8.515000E-8	5.772565E-4
8.520000E-8	5.721176E-4
8.525000E-8	5.498493E-4
8.530000E-8	5.532752E-4
8.535000E-8	5.258680E-4
8.540000E-8	4.145262E-4
8.545000E-8	2.997586E-4
8.550000E-8	2.706384E-4
8.555000E-8	2.672125E-4
8.560000E-8	2.483701E-4
8.565000E-8	2.398053E-4
8.570000E-8	2.483701E-4
8.575000E-8	2.929068E-4
8.580000E-8	3.785543E-4
8.585000E-8	4.162392E-4
8.590000E-8	3.460082E-4
8.595000E-8	2.517960E-4
8.600000E-8	1.918427E-4
8.605000E-8	1.524448E-4
8.610000E-8	1.233247E-4
8.615000E-8	9.077865E-5
8.620000E-8	3.767719E-5
8.625000E-8	-1.199836E-5
8.630000E-8	-2.398901E-5
8.635000E-8	-2.570196E-5
8.640000E-8	-1.371131E-5
8.645000E-8	4.795489E-5
8.650000E-8	1.044822E-4
8.655000E-8	9.077865E-5
8.660000E-8	6.337145E-5
8.665000E-8	6.851030E-5
8.670000E-8	3.767719E-5
8.675000E-8	-3.433607E-6
8.680000E-8	2.911244E-5
8.685000E-8	1.113340E-4
8.690000E-8	1.421671E-4
8.695000E-8	1.507319E-4
8.700000E-8	1.935556E-4
8.705000E-8	2.552219E-4
8.710000E-8	3.203140E-4
8.715000E-8	4.076744E-4
8.720000E-8	4.590629E-4
8.725000E-8	4.573500E-4
8.730000E-8	4.573500E-4
8.735000E-8	4.624888E-4
8.740000E-8	4.607759E-4
8.745000E-8	4.813313E-4
8.750000E-8	5.361457E-4
8.755000E-8	5.361457E-4
8.760000E-8	4.916090E-4
8.765000E-8	4.984608E-4
8.770000E-8	5.378586E-4
8.775000E-8	5.532752E-4
8.780000E-8	5.704047E-4
8.785000E-8	6.235061E-4
8.790000E-8	6.560522E-4
8.795000E-8	6.697558E-4
8.800000E-8	7.005889E-4
8.805000E-8	7.194313E-4
8.810000E-8	6.954500E-4
8.815000E-8	6.526263E-4
8.820000E-8	6.320709E-4
8.825000E-8	6.423486E-4
8.830000E-8	6.440615E-4
8.835000E-8	6.098025E-4
8.840000E-8	5.806824E-4
8.845000E-8	5.943860E-4
8.850000E-8	6.337838E-4
8.855000E-8	6.663299E-4
8.860000E-8	7.040148E-4
8.865000E-8	7.399867E-4
8.870000E-8	7.519774E-4
8.875000E-8	7.776716E-4
8.880000E-8	8.359119E-4
8.885000E-8	8.924393E-4
8.890000E-8	9.027170E-4
8.895000E-8	9.027170E-4
8.900000E-8	8.992911E-4
8.905000E-8	9.095688E-4
8.910000E-8	9.318371E-4
8.915000E-8	9.301242E-4
8.920000E-8	9.010040E-4
8.925000E-8	8.564673E-4
8.930000E-8	7.793846E-4
8.935000E-8	6.697558E-4
8.940000E-8	5.635529E-4
8.945000E-8	5.155903E-4
8.950000E-8	4.659147E-4
8.955000E-8	3.922579E-4
8.960000E-8	3.734154E-4
8.965000E-8	4.367946E-4
8.970000E-8	5.104514E-4
8.975000E-8	5.806824E-4
8.980000E-8	6.903112E-4
8.985000E-8	8.085047E-4
8.990000E-8	8.753098E-4
8.995000E-8	8.975781E-4
9.000000E-8	9.147076E-4
9.005000E-8	9.301242E-4
9.010000E-8	9.266983E-4
9.015000E-8	8.941522E-4
9.020000E-8	8.290601E-4
9.025000E-8	7.588292E-4
9.030000E-8	6.954500E-4
9.035000E-8	6.611910E-4
9.040000E-8	6.748946E-4
9.045000E-8	7.177184E-4
9.050000E-8	7.365608E-4
9.055000E-8	7.160054E-4
9.060000E-8	6.766076E-4
9.065000E-8	6.098025E-4
9.070000E-8	5.429975E-4
9.075000E-8	5.053126E-4
9.080000E-8	5.001737E-4
9.085000E-8	4.933219E-4
9.090000E-8	4.487852E-4
9.095000E-8	3.511471E-4
9.100000E-8	2.500830E-4
9.105000E-8	1.712873E-4
9.110000E-8	1.284635E-4
9.115000E-8	9.763045E-5
9.120000E-8	1.010563E-4
9.125000E-8	1.216117E-4
9.130000E-8	1.301765E-4
9.135000E-8	1.421671E-4
9.140000E-8	1.867038E-4
9.145000E-8	2.552219E-4
9.150000E-8	3.186010E-4
9.155000E-8	3.939708E-4
9.160000E-8	4.984608E-4
9.165000E-8	6.080896E-4
9.170000E-8	7.160054E-4
9.175000E-8	7.982270E-4
9.180000E-8	8.307731E-4
9.185000E-8	8.256342E-4
9.190000E-8	8.033659E-4
9.195000E-8	7.382738E-4
9.200000E-8	6.080896E-4
9.205000E-8	4.642018E-4
9.210000E-8	3.220269E-4
9.215000E-8	1.455930E-4
9.220000E-8	-8.572457E-6
9.225000E-8	-5.824801E-5
9.230000E-8	-3.940556E-5
9.235000E-8	-3.769261E-5
9.240000E-8	-3.084081E-5
9.245000E-8	1.540884E-5
9.250000E-8	9.763045E-5
9.255000E-8	2.141110E-4
9.260000E-8	3.973967E-4
9.265000E-8	6.217932E-4
9.270000E-8	8.530414E-4
9.275000E-8	1.077438E-3
9.280000E-8	1.271001E-3
9.285000E-8	1.426880E-3
9.290000E-8	1.524518E-3
9.295000E-8	1.555351E-3
9.300000E-8	1.495398E-3
9.305000E-8	1.378917E-3
9.310000E-8	1.235029E-3
9.315000E-8	1.082577E-3
9.320000E-8	9.318371E-4
9.325000E-8	7.845234E-4
9.330000E-8	6.474874E-4
9.335000E-8	5.292939E-4
9.340000E-8	4.111003E-4
9.345000E-8	2.929068E-4
9.350000E-8	2.175370E-4
9.355000E-8	1.712873E-4
9.360000E-8	1.336024E-4
9.365000E-8	1.421671E-4
9.370000E-8	2.072592E-4
9.375000E-8	2.689255E-4
9.380000E-8	2.980456E-4
9.385000E-8	3.203140E-4
9.390000E-8	3.288787E-4
9.395000E-8	2.980456E-4
9.400000E-8	2.654996E-4
9.405000E-8	2.312406E-4
9.410000E-8	1.747132E-4
9.415000E-8	1.061952E-4
9.420000E-8	6.679735E-5
9.425000E-8	3.939014E-5
9.430000E-8	8.557044E-6
9.435000E-8	-5.146557E-6
9.440000E-8	5.131144E-6
9.445000E-8	2.911244E-5
9.450000E-8	7.364915E-5
9.455000E-8	1.370283E-4
9.460000E-8	1.815650E-4
9.465000E-8	2.106851E-4
9.470000E-8	2.672125E-4
9.475000E-8	3.237399E-4
9.480000E-8	3.631377E-4
9.485000E-8	4.008226E-4
9.490000E-8	4.556370E-4
9.495000E-8	4.522111E-4
9.500000E-8	3.614248E-4
9.505000E-8	2.706384E-4
9.510000E-8	1.918427E-4
9.515000E-8	8.563980E-5
9.520000E-8	-3.940556E-5
9.525000E-8	-1.182013E-4
9.530000E-8	-1.678768E-4
9.535000E-8	-1.969970E-4
9.540000E-8	-2.141265E-4
9.545000E-8	-1.850063E-4
9.550000E-8	-8.051636E-5
9.555000E-8	8.906570E-5
9.560000E-8	2.757773E-4
9.565000E-8	4.470723E-4
9.570000E-8	6.320709E-4
9.575000E-8	8.050788E-4
9.580000E-8	9.112817E-4
9.585000E-8	9.506796E-4
9.590000E-8	9.695220E-4
9.595000E-8	9.455407E-4
9.600000E-8	8.838745E-4
9.605000E-8	8.204954E-4
9.610000E-8	7.691069E-4
9.615000E-8	6.971630E-4
9.620000E-8	6.269320E-4
9.625000E-8	5.926730E-4
9.630000E-8	5.806824E-4
9.635000E-8	5.841083E-4
9.640000E-8	5.806824E-4
9.645000E-8	5.498493E-4
9.650000E-8	5.087385E-4
9.655000E-8	4.984608E-4
9.660000E-8	4.864701E-4
9.665000E-8	4.299428E-4
9.670000E-8	3.340176E-4
9.675000E-8	2.175370E-4
9.680000E-8	9.591750E-5
9.685000E-8	-1.371131E-5
9.690000E-8	-9.421996E-5
9.695000E-8	-1.627380E-4
9.700000E-8	-2.004229E-4
9.705000E-8	-1.832934E-4
9.710000E-8	-1.370437E-4
9.715000E-8	-7.195161E-5
9.720000E-8	2.226064E-5
9.725000E-8	1.336024E-4
9.730000E-8	2.158240E-4
9.735000E-8	2.723514E-4
9.740000E-8	3.254528E-4
9.745000E-8	3.614248E-4
9.750000E-8	4.042485E-4
9.755000E-8	4.796183E-4
9.760000E-8	5.567011E-4
9.765000E-8	5.892471E-4
9.770000E-8	6.235061E-4
9.775000E-8	6.817464E-4
9.780000E-8	6.834594E-4
9.785000E-8	6.183673E-4
9.790000E-8	5.549881E-4
9.795000E-8	4.950349E-4
9.800000E-8	4.265169E-4
9.805000E-8	3.682766E-4
9.810000E-8	3.048974E-4
9.815000E-8	2.055463E-4
9.820000E-8	1.096211E-4
9.825000E-8	3.939014E-5
9.830000E-8	-3.084081E-5
9.835000E-8	-8.565521E-5
9.840000E-8	-6.852571E-5
9.845000E-8	-5.146557E-6
9.850000E-8	5.651965E-5
9.855000E-8	1.301765E-4
9.860000E-8	2.261017E-4
9.865000E-8	3.271658E-4
9.870000E-8	4.111003E-4
9.875000E-8	4.624888E-4
9.880000E-8	4.984608E-4
9.885000E-8	5.412845E-4
9.890000E-8	5.464234E-4
9.895000E-8	4.830442E-4
9.900000E-8	4.162392E-4
9.905000E-8	4.333687E-4
9.910000E-8	4.659147E-4
9.915000E-8	4.350816E-4
9.920000E-8	3.956838E-4
9.925000E-8	4.350816E-4
9.930000E-8	5.258680E-4
9.935000E-8	5.704047E-4
9.940000E-8	5.635529E-4
9.945000E-8	5.532752E-4
9.950000E-8	5.395716E-4
9.955000E-8	4.830442E-4
9.960000E-8	4.385075E-4
9.965000E-8	4.744795E-4
9.970000E-8	5.464234E-4
9.975000E-8	5.892471E-4
9.980000E-8	6.252191E-4
9.985000E-8	6.714687E-4
9.990000E-8	7.057277E-4
9.995000E-8	7.108666E-4
1.000000E-7	7.142925E-4
1.000500E-7	7.160054E-4
1.001000E-7	6.920241E-4
1.001500E-7	6.354968E-4
1.002000E-7	5.772565E-4
1.002500E-7	5.344327E-4
1.003000E-7	5.001737E-4
1.003500E-7	4.522111E-4
1.004000E-7	4.162392E-4
1.004500E-7	4.213780E-4
1.005000E-7	4.402205E-4
1.005500E-7	4.316557E-4
1.006000E-7	3.922579E-4
1.006500E-7	3.460082E-4
1.007000E-7	2.980456E-4
1.007500E-7	2.672125E-4
1.008000E-7	2.415183E-4
1.008500E-7	2.106851E-4
1.009000E-7	1.627225E-4
1.009500E-7	1.267506E-4
1.010000E-7	9.591750E-5
1.010500E-7	4.110309E-5
1.011000E-7	-3.769261E-5
1.011500E-7	-1.250531E-4
1.012000E-7	-2.312560E-4
1.012500E-7	-3.271812E-4
1.013000E-7	-3.545884E-4
1.013500E-7	-3.254682E-4
1.014000E-7	-3.169035E-4
1.014500E-7	-3.100517E-4
1.015000E-7	-2.740797E-4
1.015500E-7	-2.381078E-4
1.016000E-7	-2.004229E-4
1.016500E-7	-1.079236E-4
1.017000E-7	1.712179E-5
1.017500E-7	1.164729E-4
1.018000E-7	2.038333E-4
1.018500E-7	2.774902E-4
1.019000E-7	3.203140E-4
1.019500E-7	3.083233E-4
1.020000E-7	2.432312E-4
1.020500E-7	1.558707E-4
1.021000E-7	8.563980E-5
1.021500E-7	1.026999E-5
1.022000E-7	-9.421996E-5
1.022500E-7	-1.644509E-4
1.023000E-7	-1.695898E-4
1.023500E-7	-1.815804E-4
1.024000E-7	-2.021358E-4
1.024500E-7	-1.575991E-4
1.025000E-7	-5.996096E-5
1.025500E-7	-1.720657E-6
1.026000E-7	3.939014E-5
1.026500E-7	1.027693E-4
1.027000E-7	1.079081E-4
1.027500E-7	6.508440E-5
1.028000E-7	3.939014E-5
1.028500E-7	4.110309E-5
1.029000E-7	3.939014E-5
1.029500E-7	4.795489E-5
1.030000E-7	8.563980E-5
1.030500E-7	1.318894E-4
1.031000E-7	1.490189E-4
1.031500E-7	1.336024E-4
1.032000E-7	1.216117E-4
1.032500E-7	1.301765E-4
1.033000E-7	1.353153E-4
1.033500E-7	1.198988E-4
1.034000E-7	1.130470E-4
1.034500E-7	1.455930E-4
1.035000E-7	1.558707E-4
1.035500E-7	1.267506E-4
1.036000E-7	1.096211E-4
1.036500E-7	1.404542E-4
1.037000E-7	1.815650E-4
1.037500E-7	1.764261E-4
1.038000E-7	1.558707E-4
1.038500E-7	1.712873E-4
1.039000E-7	1.901297E-4
1.039500E-7	1.610096E-4
1.040000E-7	1.370283E-4
1.040500E-7	1.884168E-4
1.041000E-7	2.911938E-4
1.041500E-7	3.854061E-4
1.042000E-7	4.676277E-4
1.042500E-7	5.567011E-4
1.043000E-7	6.303579E-4
1.043500E-7	6.920241E-4
1.044000E-7	7.725328E-4
1.044500E-7	8.290601E-4
1.045000E-7	8.136436E-4
1.045500E-7	7.691069E-4
1.046000E-7	7.314220E-4
1.046500E-7	6.800335E-4
1.047000E-7	5.978119E-4
1.047500E-7	5.035996E-4
1.048000E-7	4.111003E-4
1.048500E-7	3.579989E-4
1.049000E-7	3.374435E-4
1.049500E-7	2.757773E-4
1.050000E-7	1.695743E-4
1.050500E-7	1.233247E-4
1.051000E-7	1.541578E-4
1.051500E-7	1.627225E-4
1.052000E-7	1.250376E-4
1.052500E-7	1.164729E-4
1.053000E-7	1.575837E-4
1.053500E-7	2.021204E-4
1.054000E-7	2.295276E-4
1.054500E-7	2.569348E-4
1.055000E-7	3.288787E-4
1.055500E-7	4.504982E-4
1.056000E-7	5.549881E-4
1.056500E-7	5.909601E-4
1.057000E-7	5.669788E-4
1.057500E-7	5.053126E-4
1.058000E-7	4.402205E-4
1.058500E-7	3.956838E-4
1.059000E-7	3.528600E-4
1.059500E-7	2.877679E-4
1.060000E-7	2.449442E-4
1.060500E-7	2.329535E-4
1.061000E-7	1.849909E-4
1.061500E-7	9.763045E-5
1.062000E-7	2.054769E-5
1.062500E-7	-2.741491E-5
1.063000E-7	-4.454441E-5
1.063500E-7	-2.912786E-5
1.064000E-7	-3.433607E-6
1.064500E-7	3.425129E-5
1.065000E-7	1.079081E-4
1.065500E-7	1.815650E-4
1.066000E-7	2.243888E-4
1.066500E-7	2.774902E-4
1.067000E-7	3.631377E-4
1.067500E-7	4.385075E-4
1.068000E-7	5.173032E-4
1.068500E-7	6.526263E-4
1.069000E-7	8.016529E-4
1.069500E-7	8.975781E-4
1.070000E-7	9.815127E-4
1.070500E-7	1.084290E-3
1.071000E-7	1.157947E-3
1.071500E-7	1.154521E-3
1.072000E-7	1.074012E-3
1.072500E-7	9.489666E-4
1.073000E-7	7.930882E-4
1.073500E-7	6.389227E-4
1.074000E-7	4.967478E-4
1.074500E-7	3.785543E-4
1.075000E-7	2.997586E-4
1.075500E-7	2.363794E-4
1.076000E-7	1.781391E-4
1.076500E-7	1.558707E-4
1.077000E-7	1.918427E-4
1.077500E-7	2.569348E-4
1.078000E-7	3.477212E-4
1.078500E-7	4.761924E-4
1.079000E-7	5.926730E-4
1.079500E-7	6.748946E-4
1.080000E-7	7.673939E-4
1.080500E-7	8.581803E-4
1.081000E-7	9.044299E-4
1.081500E-7	9.095688E-4
1.082000E-7	9.044299E-4
1.082500E-7	8.873004E-4
1.083000E-7	8.290601E-4
1.083500E-7	7.485515E-4
1.084000E-7	6.731817E-4
1.084500E-7	6.029507E-4
1.085000E-7	5.018867E-4
1.085500E-7	3.460082E-4
1.086000E-7	1.867038E-4
1.086500E-7	6.337145E-5
1.087000E-7	-5.653506E-5
1.087500E-7	-1.815804E-4
1.088000E-7	-2.226912E-4
1.088500E-7	-1.627380E-4
1.089000E-7	-1.044977E-4
1.089500E-7	-5.653506E-5
1.090000E-7	4.452899E-5
1.090500E-7	1.901297E-4
1.091000E-7	3.237399E-4
1.091500E-7	4.367946E-4
1.092000E-7	5.378586E-4
1.092500E-7	6.337838E-4
1.093000E-7	6.971630E-4
1.093500E-7	7.194313E-4
1.094000E-7	7.005889E-4
1.094500E-7	6.971630E-4
1.095000E-7	7.005889E-4
1.095500E-7	6.594781E-4
1.096000E-7	5.704047E-4
1.096500E-7	4.504982E-4
1.097000E-7	3.048974E-4
1.097500E-7	1.764261E-4
1.098000E-7	1.096211E-4
1.098500E-7	4.966784E-5
1.099000E-7	-6.681276E-5
1.099500E-7	-1.884322E-4
1.100000E-7	-2.620891E-4
1.100500E-7	-3.357459E-4
1.101000E-7	-4.196805E-4
1.101500E-7	-4.505136E-4
1.102000E-7	-4.213934E-4
1.102500E-7	-3.648661E-4
1.103000E-7	-2.552373E-4
1.103500E-7	-7.195161E-5
1.104000E-7	1.130470E-4
1.104500E-7	2.620737E-4
1.105000E-7	4.025356E-4
1.105500E-7	5.190162E-4
1.106000E-7	5.926730E-4
1.106500E-7	6.474874E-4
1.107000E-7	6.800335E-4
1.107500E-7	6.697558E-4
1.108000E-7	6.457745E-4
1.108500E-7	6.337838E-4
1.109000E-7	6.303579E-4
1.109500E-7	6.457745E-4
1.110000E-7	7.091536E-4
1.110500E-7	7.742457E-4
1.111000E-7	7.759587E-4
1.111500E-7	7.622551E-4
1.112000E-7	7.793846E-4
1.112500E-7	8.067918E-4
1.113000E-7	8.085047E-4
1.113500E-7	7.930882E-4
1.114000E-7	7.845234E-4
1.114500E-7	7.639680E-4
1.115000E-7	6.868853E-4
1.115500E-7	5.584140E-4
1.116000E-7	4.248039E-4
1.116500E-7	3.254528E-4
1.117000E-7	2.398053E-4
1.117500E-7	1.558707E-4
1.118000E-7	8.906570E-5
1.118500E-7	3.767719E-5
1.119000E-7	-1.885016E-5
1.119500E-7	-5.996096E-5
1.120000E-7	-5.653506E-5
1.120500E-7	-2.570196E-5
1.121000E-7	-6.859507E-6
1.121500E-7	5.131144E-6
1.122000E-7	3.596424E-5
1.122500E-7	9.420455E-5
1.123000E-7	1.592966E-4
1.123500E-7	2.312406E-4
1.124000E-7	2.963327E-4
1.124500E-7	3.734154E-4
1.125000E-7	4.727665E-4
1.125500E-7	5.806824E-4
1.126000E-7	6.714687E-4
1.126500E-7	7.725328E-4
1.127000E-7	8.992911E-4
1.127500E-7	1.012346E-3
1.128000E-7	1.074012E-3
1.128500E-7	1.092854E-3
1.129000E-7	1.101419E-3
1.129500E-7	1.099706E-3
1.130000E-7	1.120262E-3
1.130500E-7	1.185354E-3
1.131000E-7	1.228177E-3
1.131500E-7	1.188780E-3
1.132000E-7	1.123688E-3
1.132500E-7	1.101419E-3
1.133000E-7	1.068873E-3
1.133500E-7	9.541055E-4
1.134000E-7	8.239213E-4
1.134500E-7	7.142925E-4
1.135000E-7	5.943860E-4
1.135500E-7	4.419334E-4
1.136000E-7	2.894809E-4
1.136500E-7	1.627225E-4
1.137000E-7	7.878800E-5
1.137500E-7	3.596424E-5
1.138000E-7	8.557044E-6
1.138500E-7	-7.706603E-9
1.139000E-7	5.651965E-5
1.139500E-7	1.661484E-4
1.140000E-7	2.586478E-4
1.140500E-7	3.391564E-4
1.141000E-7	4.385075E-4
1.141500E-7	4.984608E-4
1.142000E-7	4.727665E-4
1.142500E-7	4.385075E-4
1.143000E-7	4.025356E-4
1.143500E-7	3.425823E-4
1.144000E-7	2.843420E-4
1.144500E-7	2.500830E-4
1.145000E-7	2.192499E-4
1.145500E-7	1.918427E-4
1.146000E-7	2.038333E-4
1.146500E-7	2.603607E-4
1.147000E-7	3.391564E-4
1.147500E-7	4.111003E-4
1.148000E-7	4.487852E-4
1.148500E-7	5.035996E-4
1.149000E-7	6.012378E-4
1.149500E-7	6.748946E-4
1.150000E-7	6.714687E-4
1.150500E-7	6.320709E-4
1.151000E-7	5.652658E-4
1.151500E-7	4.453593E-4
1.152000E-7	2.946197E-4
1.152500E-7	1.541578E-4
1.153000E-7	6.844094E-6
1.153500E-7	-1.267660E-4
1.154000E-7	-1.901452E-4
1.154500E-7	-2.209783E-4
1.155000E-7	-2.689409E-4
1.155500E-7	-3.203294E-4
1.156000E-7	-3.340330E-4
1.156500E-7	-3.511625E-4
1.157000E-7	-3.494495E-4
1.157500E-7	-3.031999E-4
1.158000E-7	-2.483855E-4
1.158500E-7	-1.918581E-4
1.159000E-7	-1.027847E-4
1.159500E-7	-1.371131E-5
1.160000E-7	2.911244E-5
1.160500E-7	5.651965E-5
1.161000E-7	9.591750E-5
1.161500E-7	1.113340E-4
1.162000E-7	1.336024E-4
1.162500E-7	2.123981E-4
1.163000E-7	2.946197E-4
1.163500E-7	3.579989E-4
1.164000E-7	4.385075E-4
1.164500E-7	5.327198E-4
1.165000E-7	5.704047E-4
1.165500E-7	5.584140E-4
1.166000E-7	5.327198E-4
1.166500E-7	4.898960E-4
1.167000E-7	4.248039E-4
1.167500E-7	3.340176E-4
1.168000E-7	2.226758E-4
1.168500E-7	1.164729E-4
1.169000E-7	5.651965E-5
1.169500E-7	-8.572457E-6
1.170000E-7	-7.880341E-5
1.170500E-7	-7.709046E-5
1.171000E-7	1.705243E-6
1.171500E-7	8.906570E-5
1.172000E-7	1.764261E-4
1.172500E-7	2.946197E-4
1.173000E-7	4.196651E-4
1.173500E-7	5.155903E-4
1.174000E-7	6.063766E-4
1.174500E-7	6.731817E-4
1.175000E-7	7.023018E-4
1.175500E-7	7.005889E-4
1.176000E-7	6.680428E-4
1.176500E-7	6.046637E-4
1.177000E-7	5.310068E-4
1.177500E-7	4.539241E-4
1.178000E-7	3.939708E-4
1.178500E-7	3.597118E-4
1.179000E-7	3.597118E-4
1.179500E-7	3.922579E-4
1.180000E-7	4.282298E-4
1.180500E-7	4.624888E-4
1.181000E-7	4.847572E-4
1.181500E-7	5.053126E-4
1.182000E-7	5.190162E-4
1.182500E-7	5.361457E-4
1.183000E-7	5.532752E-4
1.183500E-7	5.652658E-4
1.184000E-7	5.652658E-4
1.184500E-7	5.618399E-4
1.185000E-7	5.858212E-4
1.185500E-7	5.995248E-4
1.186000E-7	5.789694E-4
1.186500E-7	5.601270E-4
1.187000E-7	5.464234E-4
1.187500E-7	5.070255E-4
1.188000E-7	4.607759E-4
1.188500E-7	4.453593E-4
1.189000E-7	4.230910E-4
1.189500E-7	3.802672E-4
1.190000E-7	3.819802E-4
1.190500E-7	4.402205E-4
1.191000E-7	4.967478E-4
1.191500E-7	5.429975E-4
1.192000E-7	6.098025E-4
1.192500E-7	7.040148E-4
1.193000E-7	7.691069E-4
1.193500E-7	7.656810E-4
1.194000E-7	7.108666E-4
1.194500E-7	6.560522E-4
1.195000E-7	5.704047E-4
1.195500E-7	4.076744E-4
1.196000E-7	2.363794E-4
1.196500E-7	1.113340E-4
1.197000E-7	-8.572457E-6
1.197500E-7	-1.610250E-4
1.198000E-7	-2.775056E-4
1.198500E-7	-2.946351E-4
1.199000E-7	-2.535243E-4
1.199500E-7	-1.815804E-4
1.200000E-7	-8.565521E-5
1.200500E-7	2.054769E-5
1.201000E-7	1.027693E-4
1.201500E-7	1.918427E-4
1.202000E-7	2.757773E-4
1.202500E-7	2.911938E-4
1.203000E-7	2.398053E-4
1.203500E-7	1.610096E-4
1.204000E-7	7.022325E-5
1.204500E-7	-3.597966E-5
1.205000E-7	-1.370437E-4
1.205500E-7	-2.158394E-4
1.206000E-7	-2.706538E-4
1.206500E-7	-2.655150E-4
1.207000E-7	-2.124135E-4
1.207500E-7	-1.695898E-4
1.208000E-7	-1.524603E-4
1.208500E-7	-1.284790E-4
1.209000E-7	-1.353308E-4
1.209500E-7	-1.627380E-4
1.210000E-7	-1.575991E-4
1.210500E-7	-1.575991E-4
1.211000E-7	-1.987099E-4
1.211500E-7	-2.107006E-4
1.212000E-7	-1.695898E-4
1.212500E-7	-1.353308E-4
1.213000E-7	-1.079236E-4
1.213500E-7	-2.227606E-5
1.214000E-7	8.221390E-5
1.214500E-7	1.986945E-4
1.215000E-7	3.014715E-4
1.215500E-7	3.511471E-4
1.216000E-7	3.391564E-4
1.216500E-7	3.271658E-4
1.217000E-7	3.220269E-4
1.217500E-7	2.535089E-4
1.218000E-7	1.318894E-4
1.218500E-7	-6.859507E-6
1.219000E-7	-1.747286E-4
1.219500E-7	-3.323200E-4
1.220000E-7	-4.316711E-4
1.220500E-7	-4.727819E-4
1.221000E-7	-4.505136E-4
1.221500E-7	-3.768567E-4
1.222000E-7	-3.100517E-4
1.222500E-7	-2.449596E-4
1.223000E-7	-1.147754E-4
1.223500E-7	5.309375E-5
1.224000E-7	1.832779E-4
1.224500E-7	3.203140E-4
1.225000E-7	4.624888E-4
1.225500E-7	5.481363E-4
1.226000E-7	5.841083E-4
1.226500E-7	6.217932E-4
1.227000E-7	6.577651E-4
1.227500E-7	6.560522E-4
1.228000E-7	6.372097E-4
1.228500E-7	5.943860E-4
1.229000E-7	5.104514E-4
1.229500E-7	4.145262E-4
1.230000E-7	3.511471E-4
1.230500E-7	3.151751E-4
1.231000E-7	2.569348E-4
1.231500E-7	1.884168E-4
1.232000E-7	1.438801E-4
1.232500E-7	1.438801E-4
1.233000E-7	1.644355E-4
1.233500E-7	1.815650E-4
1.234000E-7	2.192499E-4
1.234500E-7	2.637866E-4
1.235000E-7	2.843420E-4
1.235500E-7	2.637866E-4
1.236000E-7	2.175370E-4
1.236500E-7	1.353153E-4
1.237000E-7	7.536210E-5
1.237500E-7	5.651965E-5
1.238000E-7	6.165850E-5
1.238500E-7	7.878800E-5
1.239000E-7	1.473060E-4
1.239500E-7	2.569348E-4
1.240000E-7	3.648507E-4
1.240500E-7	4.727665E-4
1.241000E-7	6.149414E-4
1.241500E-7	7.965141E-4
1.242000E-7	9.729479E-4
1.242500E-7	1.103132E-3
1.243000E-7	1.181928E-3
1.243500E-7	1.197344E-3
1.244000E-7	1.142530E-3
1.244500E-7	1.034614E-3
1.245000E-7	8.873004E-4
1.245500E-7	7.331349E-4
1.246000E-7	5.926730E-4
1.246500E-7	4.282298E-4
1.247000E-7	2.226758E-4
1.247500E-7	-6.859507E-6
1.248000E-7	-1.918581E-4
1.248500E-7	-3.031999E-4
1.249000E-7	-3.460236E-4
1.249500E-7	-3.528754E-4
1.250000E-7	-3.425977E-4
1.250500E-7	-2.929222E-4
1.251000E-7	-2.141265E-4
1.251500E-7	-1.695898E-4
1.252000E-7	-1.644509E-4
1.252500E-7	-1.644509E-4
1.253000E-7	-1.713027E-4
1.253500E-7	-1.713027E-4
1.254000E-7	-1.438955E-4
1.254500E-7	-9.935881E-5
1.255000E-7	-7.880341E-5
1.255500E-7	-5.824801E-5
1.256000E-7	1.883474E-5
1.256500E-7	1.301765E-4
1.257000E-7	2.535089E-4
1.257500E-7	3.888320E-4
1.258000E-7	5.104514E-4
1.258500E-7	5.858212E-4
1.259000E-7	6.149414E-4
1.259500E-7	5.892471E-4
1.260000E-7	5.104514E-4
1.260500E-7	4.179521E-4
1.261000E-7	3.340176E-4
1.261500E-7	2.278147E-4
1.262000E-7	9.420455E-5
1.262500E-7	-2.227606E-5
1.263000E-7	-9.935881E-5
1.263500E-7	-1.575991E-4
1.264000E-7	-1.661639E-4
1.264500E-7	-1.267660E-4
1.265000E-7	-5.824801E-5
1.265500E-7	-1.371131E-5
1.266000E-7	3.418194E-6
1.266500E-7	2.054769E-5
1.267000E-7	2.911244E-5
1.267500E-7	-1.542426E-5
1.268000E-7	-8.565521E-5
1.268500E-7	-1.336178E-4
1.269000E-7	-1.644509E-4
1.269500E-7	-2.055617E-4
1.270000E-7	-2.107006E-4
1.270500E-7	-1.250531E-4
1.271000E-7	1.026999E-5
1.271500E-7	1.524448E-4
1.272000E-7	3.186010E-4
1.272500E-7	5.190162E-4
1.273000E-7	7.468385E-4
1.273500E-7	9.746609E-4
1.274000E-7	1.180215E-3
1.274500E-7	1.349797E-3
1.275000E-7	1.485120E-3
1.275500E-7	1.558777E-3
1.276000E-7	1.538221E-3
1.276500E-7	1.474842E-3
1.277000E-7	1.414889E-3
1.277500E-7	1.306973E-3
1.278000E-7	1.157947E-3
1.278500E-7	1.029475E-3
1.279000E-7	8.941522E-4
1.279500E-7	7.091536E-4
1.280000E-7	5.241550E-4
1.280500E-7	3.717025E-4
1.281000E-7	2.329535E-4
1.281500E-7	1.455930E-4
1.282000E-7	1.301765E-4
1.282500E-7	1.353153E-4
1.283000E-7	1.250376E-4
1.283500E-7	1.353153E-4
1.284000E-7	1.575837E-4
1.284500E-7	1.730002E-4
1.285000E-7	2.004074E-4
1.285500E-7	2.226758E-4
1.286000E-7	2.004074E-4
1.286500E-7	1.455930E-4
1.287000E-7	1.010563E-4
1.287500E-7	3.425129E-5
1.288000E-7	-4.111851E-5
1.288500E-7	-4.968326E-5
1.289000E-7	1.026999E-5
1.289500E-7	5.651965E-5
1.290000E-7	7.022325E-5
1.290500E-7	1.010563E-4
1.291000E-7	1.730002E-4
1.291500E-7	2.535089E-4
1.292000E-7	3.340176E-4
1.292500E-7	4.470723E-4
1.293000E-7	5.755435E-4
1.293500E-7	6.851723E-4
1.294000E-7	7.468385E-4
1.294500E-7	7.571162E-4
1.295000E-7	7.245702E-4
1.295500E-7	6.954500E-4
1.296000E-7	6.594781E-4
1.296500E-7	5.858212E-4
1.297000E-7	5.001737E-4
1.297500E-7	4.282298E-4
1.298000E-7	3.271658E-4
1.298500E-7	2.038333E-4
1.299000E-7	1.216117E-4
1.299500E-7	7.878800E-5
1.300000E-7	2.568654E-5
1.300500E-7	-2.741491E-5
1.301000E-7	-3.255376E-5
1.301500E-7	1.026999E-5
1.302000E-7	8.050095E-5
1.302500E-7	1.541578E-4
1.303000E-7	2.261017E-4
1.303500E-7	2.740643E-4
1.304000E-7	3.134622E-4
1.304500E-7	3.717025E-4
1.305000E-7	4.453593E-4
1.305500E-7	5.173032E-4
1.306000E-7	5.926730E-4
1.306500E-7	6.903112E-4
1.307000E-7	8.016529E-4
1.307500E-7	8.838745E-4
1.308000E-7	9.198465E-4
1.308500E-7	9.147076E-4
1.309000E-7	8.650321E-4
1.309500E-7	7.810975E-4
1.310000E-7	6.766076E-4
1.310500E-7	5.841083E-4
1.311000E-7	4.881831E-4
1.311500E-7	3.562859E-4
1.312000E-7	2.261017E-4
1.312500E-7	1.421671E-4
1.313000E-7	8.735275E-5
1.313500E-7	2.054769E-5
1.314000E-7	-6.338686E-5
1.314500E-7	-1.387567E-4
1.315000E-7	-1.867193E-4
1.315500E-7	-1.901452E-4
1.316000E-7	-1.370437E-4
1.316500E-7	-5.310916E-5
1.317000E-7	3.082539E-5
1.317500E-7	1.079081E-4
1.318000E-7	1.473060E-4
1.318500E-7	1.781391E-4
1.319000E-7	2.106851E-4
1.319500E-7	2.278147E-4
1.320000E-7	2.004074E-4
1.320500E-7	1.592966E-4
1.321000E-7	1.216117E-4
1.321500E-7	7.536210E-5
1.322000E-7	1.540884E-5
1.322500E-7	-2.398901E-5
1.323000E-7	-3.597966E-5
1.323500E-7	-2.912786E-5
1.324000E-7	-5.146557E-6
1.324500E-7	2.397359E-5
1.325000E-7	2.911244E-5
1.325500E-7	2.739949E-5
1.326000E-7	5.823260E-5
1.326500E-7	1.164729E-4
1.327000E-7	1.644355E-4
1.327500E-7	2.072592E-4
1.328000E-7	2.415183E-4
1.328500E-7	2.329535E-4
1.329000E-7	1.764261E-4
1.329500E-7	1.473060E-4
1.330000E-7	1.490189E-4
1.330500E-7	1.181858E-4
1.331000E-7	7.536210E-5
1.331500E-7	7.878800E-5
1.332000E-7	8.906570E-5
1.332500E-7	7.707505E-5
1.333000E-7	1.027693E-4
1.333500E-7	1.884168E-4
1.334000E-7	2.620737E-4
1.334500E-7	3.323046E-4
1.335000E-7	4.059615E-4
1.335500E-7	4.248039E-4
1.336000E-7	3.854061E-4
1.336500E-7	3.631377E-4
1.337000E-7	3.220269E-4
1.337500E-7	2.278147E-4
1.338000E-7	1.284635E-4
1.338500E-7	8.906570E-5
1.339000E-7	8.392685E-5
1.339500E-7	7.878800E-5
1.340000E-7	1.010563E-4
1.340500E-7	1.473060E-4
1.341000E-7	2.055463E-4
1.341500E-7	2.672125E-4
1.342000E-7	3.134622E-4
1.342500E-7	3.545730E-4
1.343000E-7	3.768413E-4
1.343500E-7	3.648507E-4
1.344000E-7	3.528600E-4
1.344500E-7	3.922579E-4
1.345000E-7	4.487852E-4
1.345500E-7	4.813313E-4
1.346000E-7	5.241550E-4
1.346500E-7	5.858212E-4
1.347000E-7	6.183673E-4
1.347500E-7	6.406356E-4
1.348000E-7	6.920241E-4
1.348500E-7	7.554033E-4
1.349000E-7	8.119306E-4
1.349500E-7	8.804486E-4
1.350000E-7	9.352630E-4
1.350500E-7	9.438278E-4
1.351000E-7	9.369760E-4
1.351500E-7	9.404019E-4
1.352000E-7	9.215594E-4
1.352500E-7	8.804486E-4
1.353000E-7	8.393378E-4
1.353500E-7	7.691069E-4
1.354000E-7	6.286450E-4
1.354500E-7	4.573500E-4
1.355000E-7	2.911938E-4
1.355500E-7	1.044822E-4
1.356000E-7	-1.130624E-4
1.356500E-7	-2.740797E-4
1.357000E-7	-3.580143E-4
1.357500E-7	-3.802826E-4
1.358000E-7	-3.288941E-4
1.358500E-7	-1.798675E-4
1.359000E-7	3.082539E-5
1.359500E-7	2.398053E-4
1.360000E-7	4.487852E-4
1.360500E-7	6.080896E-4
1.361000E-7	6.851723E-4
1.361500E-7	6.954500E-4
1.362000E-7	6.646169E-4
1.362500E-7	5.532752E-4
1.363000E-7	3.579989E-4
1.363500E-7	1.730002E-4
1.364000E-7	5.994555E-5
1.364500E-7	-3.433607E-6
1.365000E-7	-4.283146E-5
1.365500E-7	-5.139621E-5
1.366000E-7	-2.056311E-5
1.366500E-7	2.054769E-5
1.367000E-7	8.563980E-5
1.367500E-7	1.918427E-4
1.368000E-7	3.014715E-4
1.368500E-7	3.991097E-4
1.369000E-7	5.087385E-4
1.369500E-7	5.875342E-4
1.370000E-7	5.960989E-4
1.370500E-7	5.772565E-4
1.371000E-7	5.704047E-4
1.371500E-7	5.053126E-4
1.372000E-7	3.836931E-4
1.372500E-7	2.997586E-4
1.373000E-7	2.877679E-4
1.373500E-7	2.911938E-4
1.374000E-7	3.048974E-4
1.374500E-7	3.203140E-4
1.375000E-7	3.066104E-4
1.375500E-7	2.980456E-4
1.376000E-7	3.597118E-4
1.376500E-7	4.367946E-4
1.377000E-7	5.018867E-4
1.377500E-7	5.704047E-4
1.378000E-7	6.680428E-4
1.378500E-7	7.536903E-4
1.379000E-7	7.999400E-4
1.379500E-7	8.187824E-4
1.380000E-7	8.564673E-4
1.380500E-7	9.112817E-4
1.381000E-7	9.198465E-4
1.381500E-7	8.616062E-4
1.382000E-7	7.913752E-4
1.382500E-7	7.262831E-4
1.383000E-7	6.492004E-4
1.383500E-7	5.601270E-4
1.384000E-7	4.950349E-4
1.384500E-7	4.453593E-4
1.385000E-7	3.888320E-4
1.385500E-7	3.614248E-4
1.386000E-7	3.734154E-4
1.386500E-7	3.991097E-4
1.387000E-7	4.385075E-4
1.387500E-7	5.053126E-4
1.388000E-7	5.841083E-4
1.388500E-7	6.440615E-4
1.389000E-7	6.834594E-4
1.389500E-7	7.194313E-4
1.390000E-7	7.091536E-4
1.390500E-7	6.389227E-4
1.391000E-7	5.429975E-4
1.391500E-7	4.779054E-4
1.392000E-7	4.282298E-4
1.392500E-7	3.785543E-4
1.393000E-7	3.477212E-4
1.393500E-7	3.425823E-4
1.394000E-7	3.528600E-4
1.394500E-7	3.819802E-4
1.395000E-7	4.436464E-4
1.395500E-7	5.361457E-4
1.396000E-7	6.526263E-4
1.396500E-7	7.262831E-4
1.397000E-7	7.160054E-4
1.397500E-7	6.766076E-4
1.398000E-7	6.269320E-4
1.398500E-7	5.429975E-4
1.399000E-7	4.402205E-4
1.399500E-7	3.545730E-4
1.400000E-7	2.757773E-4
1.400500E-7	1.832779E-4
1.401000E-7	9.249160E-5
1.401500E-7	1.198294E-5
1.402000E-7	-5.482211E-5
1.402500E-7	-3.426671E-5
1.403000E-7	8.221390E-5
1.403500E-7	2.141110E-4
1.404000E-7	3.271658E-4
1.404500E-7	4.830442E-4
1.405000E-7	6.286450E-4
1.405500E-7	7.040148E-4
1.406000E-7	7.725328E-4
1.406500E-7	8.701709E-4
1.407000E-7	9.044299E-4
1.407500E-7	8.359119E-4
1.408000E-7	7.536903E-4
1.408500E-7	6.629040E-4
1.409000E-7	5.549881E-4
1.409500E-7	4.539241E-4
1.410000E-7	3.665636E-4
1.410500E-7	2.740643E-4
1.411000E-7	2.072592E-4
1.411500E-7	1.867038E-4
1.412000E-7	1.627225E-4
1.412500E-7	1.267506E-4
1.413000E-7	1.164729E-4
1.413500E-7	1.216117E-4
1.414000E-7	1.473060E-4
1.414500E-7	2.192499E-4
1.415000E-7	2.963327E-4
1.415500E-7	3.357305E-4
1.416000E-7	3.460082E-4
1.416500E-7	3.340176E-4
1.417000E-7	2.843420E-4
1.417500E-7	2.158240E-4
1.418000E-7	1.678614E-4
1.418500E-7	1.490189E-4
1.419000E-7	1.336024E-4
1.419500E-7	1.061952E-4
1.420000E-7	9.420455E-5
1.420500E-7	9.249160E-5
1.421000E-7	9.591750E-5
1.421500E-7	1.113340E-4
1.422000E-7	1.353153E-4
1.422500E-7	1.627225E-4
1.423000E-7	1.969815E-4
1.423500E-7	2.706384E-4
1.424000E-7	3.802672E-4
1.424500E-7	4.916090E-4
1.425000E-7	5.926730E-4
1.425500E-7	6.834594E-4
1.426000E-7	7.365608E-4
1.426500E-7	7.519774E-4
1.427000E-7	7.211443E-4
1.427500E-7	6.560522E-4
1.428000E-7	5.978119E-4
1.428500E-7	5.669788E-4
1.429000E-7	5.412845E-4
1.429500E-7	4.813313E-4
1.430000E-7	4.093874E-4
1.430500E-7	3.802672E-4
1.431000E-7	3.939708E-4
1.431500E-7	4.248039E-4
1.432000E-7	4.590629E-4
1.432500E-7	5.070255E-4
1.433000E-7	5.841083E-4
1.433500E-7	6.629040E-4
1.434000E-7	7.091536E-4
1.434500E-7	7.262831E-4
1.435000E-7	7.485515E-4
1.435500E-7	7.485515E-4
1.436000E-7	6.920241E-4
1.436500E-7	5.738306E-4
1.437000E-7	4.316557E-4
1.437500E-7	2.843420E-4
1.438000E-7	1.627225E-4
1.438500E-7	8.735275E-5
1.439000E-7	4.110309E-5
1.439500E-7	-2.741491E-5
1.440000E-7	-8.394226E-5
1.440500E-7	-8.908111E-5
1.441000E-7	-4.625736E-5
1.441500E-7	-1.720657E-6
1.442000E-7	4.452899E-5
1.442500E-7	1.010563E-4
1.443000E-7	1.575837E-4
1.443500E-7	2.278147E-4
1.444000E-7	3.117492E-4
1.444500E-7	3.956838E-4
1.445000E-7	4.642018E-4
1.445500E-7	5.104514E-4
1.446000E-7	5.241550E-4
1.446500E-7	5.155903E-4
1.447000E-7	4.676277E-4
1.447500E-7	3.785543E-4
1.448000E-7	3.117492E-4
1.448500E-7	2.483701E-4
1.449000E-7	1.627225E-4
1.449500E-7	9.934340E-5
1.450000E-7	9.077865E-5
1.450500E-7	7.536210E-5
1.451000E-7	4.452899E-5
1.451500E-7	4.966784E-5
1.452000E-7	6.508440E-5
1.452500E-7	5.480670E-5
1.453000E-7	7.536210E-5
1.453500E-7	1.592966E-4
1.454000E-7	2.346665E-4
1.454500E-7	2.483701E-4
1.455000E-7	2.261017E-4
1.455500E-7	1.867038E-4
1.456000E-7	1.113340E-4
1.456500E-7	3.418194E-6
1.457000E-7	-1.284790E-4
1.457500E-7	-2.415337E-4
1.458000E-7	-2.997740E-4
1.458500E-7	-3.014869E-4
1.459000E-7	-2.740797E-4
1.459500E-7	-2.381078E-4
1.460000E-7	-1.764416E-4
1.460500E-7	-7.709046E-5
1.461000E-7	8.050095E-5
1.461500E-7	2.603607E-4
1.462000E-7	4.230910E-4
1.462500E-7	5.567011E-4
1.463000E-7	6.594781E-4
1.463500E-7	7.057277E-4
1.464000E-7	6.937371E-4
1.464500E-7	6.577651E-4
1.465000E-7	6.098025E-4
1.465500E-7	5.190162E-4
1.466000E-7	3.939708E-4
1.466500E-7	2.740643E-4
1.467000E-7	1.884168E-4
1.467500E-7	1.438801E-4
1.468000E-7	9.249160E-5
1.468500E-7	1.712179E-5
1.469000E-7	-3.255376E-5
1.469500E-7	-7.706603E-9
1.470000E-7	8.221390E-5
1.470500E-7	1.798520E-4
1.471000E-7	2.946197E-4
1.471500E-7	4.042485E-4
1.472000E-7	4.779054E-4
1.472500E-7	5.378586E-4
1.473000E-7	6.046637E-4
1.473500E-7	6.474874E-4
1.474000E-7	6.217932E-4
1.474500E-7	5.721176E-4
1.475000E-7	5.447104E-4
1.475500E-7	5.207291E-4
1.476000E-7	4.847572E-4
1.476500E-7	4.504982E-4
1.477000E-7	4.145262E-4
1.477500E-7	3.888320E-4
1.478000E-7	3.665636E-4
1.478500E-7	3.014715E-4
1.479000E-7	1.730002E-4
1.479500E-7	6.844094E-6
1.480000E-7	-1.593121E-4
1.480500E-7	-3.220423E-4
1.481000E-7	-4.676431E-4
1.481500E-7	-5.858366E-4
1.482000E-7	-6.834748E-4
1.482500E-7	-7.417151E-4
1.483000E-7	-7.519928E-4
1.483500E-7	-7.143079E-4
1.484000E-7	-6.303733E-4
1.484500E-7	-4.933373E-4
1.485000E-7	-3.237553E-4
1.485500E-7	-1.438955E-4
1.486000E-7	5.480670E-5
1.486500E-7	2.654996E-4
1.487000E-7	4.624888E-4
1.487500E-7	6.132284E-4
1.488000E-7	7.023018E-4
1.488500E-7	7.228572E-4
1.489000E-7	6.766076E-4
1.489500E-7	5.635529E-4
1.490000E-7	4.128133E-4
1.490500E-7	2.158240E-4
1.491000E-7	1.705243E-6
1.491500E-7	-2.021358E-4
1.492000E-7	-3.665790E-4
1.492500E-7	-4.916244E-4
1.493000E-7	-5.327352E-4
1.493500E-7	-4.676431E-4
1.494000E-7	-3.237553E-4
1.494500E-7	-1.044977E-4
1.495000E-7	1.747132E-4
1.495500E-7	4.487852E-4
1.496000E-7	6.766076E-4
1.496500E-7	8.821616E-4
1.497000E-7	1.077438E-3
1.497500E-7	1.202483E-3
1.498000E-7	1.241881E-3
1.498500E-7	1.238455E-3
1.499000E-7	1.211048E-3
1.499500E-7	1.132252E-3
1.500000E-7	1.003781E-3
1.500500E-7	8.735968E-4
1.501000E-7	7.571162E-4
1.501500E-7	6.389227E-4
1.502000E-7	5.155903E-4
1.502500E-7	4.230910E-4
1.503000E-7	3.528600E-4
1.503500E-7	2.740643E-4
1.504000E-7	1.747132E-4
1.504500E-7	1.010563E-4
1.505000E-7	7.022325E-5
1.505500E-7	6.851030E-5
1.506000E-7	8.221390E-5
1.506500E-7	1.233247E-4
1.507000E-7	1.747132E-4
1.507500E-7	2.089722E-4
1.508000E-7	2.106851E-4
1.508500E-7	1.918427E-4
1.509000E-7	1.730002E-4
1.509500E-7	1.730002E-4
1.510000E-7	2.072592E-4
1.510500E-7	2.809161E-4
1.511000E-7	3.939708E-4
1.511500E-7	5.190162E-4
1.512000E-7	6.200802E-4
1.512500E-7	6.988759E-4
1.513000E-7	7.845234E-4
1.513500E-7	8.924393E-4
1.514000E-7	9.952163E-4
1.514500E-7	1.063734E-3
1.515000E-7	1.109984E-3
1.515500E-7	1.130539E-3
1.516000E-7	1.115123E-3
1.516500E-7	1.086003E-3
1.517000E-7	1.046605E-3
1.517500E-7	9.780868E-4
1.518000E-7	8.838745E-4
1.518500E-7	7.828105E-4
1.519000E-7	6.646169E-4
1.519500E-7	5.361457E-4
1.520000E-7	4.556370E-4
1.520500E-7	4.453593E-4
1.521000E-7	4.504982E-4
1.521500E-7	4.453593E-4
1.522000E-7	4.419334E-4
1.522500E-7	4.333687E-4
1.523000E-7	3.836931E-4
1.523500E-7	3.031845E-4
1.524000E-7	2.346665E-4
1.524500E-7	2.038333E-4
1.525000E-7	1.867038E-4
1.525500E-7	1.438801E-4
1.526000E-7	8.735275E-5
1.526500E-7	5.651965E-5
1.527000E-7	5.138079E-5
1.527500E-7	5.480670E-5
1.528000E-7	5.651965E-5
1.528500E-7	7.878800E-5
1.529000E-7	1.027693E-4
1.529500E-7	1.044822E-4
1.530000E-7	1.336024E-4
1.530500E-7	2.346665E-4
1.531000E-7	3.631377E-4
1.531500E-7	4.350816E-4
1.532000E-7	4.453593E-4
1.532500E-7	4.230910E-4
1.533000E-7	3.768413E-4
1.533500E-7	2.877679E-4
1.534000E-7	1.747132E-4
1.534500E-7	8.906570E-5
1.535000E-7	7.022325E-5
1.535500E-7	8.563980E-5
1.536000E-7	1.096211E-4
1.536500E-7	1.781391E-4
1.537000E-7	3.066104E-4
1.537500E-7	4.470723E-4
1.538000E-7	5.858212E-4
1.538500E-7	7.502644E-4
1.539000E-7	8.992911E-4
1.539500E-7	9.917904E-4
1.540000E-7	1.058595E-3
1.540500E-7	1.096280E-3
1.541000E-7	1.058595E-3
1.541500E-7	9.626702E-4
1.542000E-7	8.461896E-4
1.542500E-7	7.211443E-4
1.543000E-7	5.892471E-4
1.543500E-7	4.539241E-4
1.544000E-7	3.391564E-4
1.544500E-7	2.809161E-4
1.545000E-7	2.757773E-4
1.545500E-7	2.774902E-4
1.546000E-7	2.637866E-4
1.546500E-7	2.723514E-4
1.547000E-7	2.723514E-4
1.547500E-7	2.226758E-4
1.548000E-7	1.798520E-4
1.548500E-7	1.764261E-4
1.549000E-7	1.849909E-4
1.549500E-7	1.455930E-4
1.550000E-7	7.193620E-5
1.550500E-7	8.557044E-6
1.551000E-7	-7.880341E-5
1.551500E-7	-1.918581E-4
1.552000E-7	-2.980610E-4
1.552500E-7	-3.511625E-4
1.553000E-7	-3.905603E-4
1.553500E-7	-4.179675E-4
1.554000E-7	-3.922733E-4
1.554500E-7	-2.757927E-4
1.555000E-7	-8.565521E-5
1.555500E-7	1.455930E-4
1.556000E-7	3.956838E-4
1.556500E-7	6.543392E-4
1.557000E-7	9.095688E-4
1.557500E-7	1.128826E-3
1.558000E-7	1.320677E-3
1.558500E-7	1.493685E-3
1.559000E-7	1.611878E-3
1.559500E-7	1.615304E-3
1.560000E-7	1.517666E-3
1.560500E-7	1.342945E-3
1.561000E-7	1.106558E-3
1.561500E-7	8.187824E-4
1.562000E-7	5.395716E-4
1.562500E-7	3.151751E-4
1.563000E-7	1.730002E-4
1.563500E-7	6.679735E-5
1.564000E-7	-2.912786E-5
1.564500E-7	-7.880341E-5
1.565000E-7	-5.824801E-5
1.565500E-7	1.540884E-5
1.566000E-7	1.301765E-4
1.566500E-7	2.877679E-4
1.567000E-7	4.642018E-4
1.567500E-7	6.406356E-4
1.568000E-7	7.793846E-4
1.568500E-7	8.461896E-4
1.569000E-7	8.496155E-4
1.569500E-7	8.239213E-4
1.570000E-7	7.810975E-4
1.570500E-7	6.971630E-4
1.571000E-7	5.686917E-4
1.571500E-7	4.162392E-4
1.572000E-7	2.860550E-4
1.572500E-7	1.952686E-4
1.573000E-7	1.181858E-4
1.573500E-7	7.022325E-5
1.574000E-7	7.022325E-5
1.574500E-7	9.591750E-5
1.575000E-7	1.318894E-4
1.575500E-7	2.243888E-4
1.576000E-7	3.442953E-4
1.576500E-7	4.539241E-4
1.577000E-7	5.481363E-4
1.577500E-7	6.406356E-4
1.578000E-7	6.920241E-4
1.578500E-7	6.800335E-4
1.579000E-7	6.526263E-4
1.579500E-7	5.960989E-4
1.580000E-7	4.813313E-4
1.580500E-7	3.597118E-4
1.581000E-7	2.586478E-4
1.581500E-7	1.661484E-4
1.582000E-7	1.198988E-4
1.582500E-7	1.387412E-4
1.583000E-7	1.781391E-4
1.583500E-7	2.192499E-4
1.584000E-7	2.757773E-4
1.584500E-7	3.477212E-4
1.585000E-7	4.230910E-4
1.585500E-7	5.224421E-4
1.586000E-7	5.960989E-4
1.586500E-7	5.995248E-4
1.587000E-7	5.755435E-4
1.587500E-7	5.858212E-4
1.588000E-7	5.755435E-4
1.588500E-7	5.001737E-4
1.589000E-7	3.854061E-4
1.589500E-7	2.586478E-4
1.590000E-7	1.216117E-4
1.590500E-7	1.705243E-6
1.591000E-7	-9.764586E-5
1.591500E-7	-2.055617E-4
1.592000E-7	-3.014869E-4
1.592500E-7	-3.477366E-4
1.593000E-7	-3.340330E-4
1.593500E-7	-2.638020E-4
1.594000E-7	-1.250531E-4
1.594500E-7	6.165850E-5
1.595000E-7	2.295276E-4
1.595500E-7	3.682766E-4
1.596000E-7	4.916090E-4
1.596500E-7	6.012378E-4
1.597000E-7	6.868853E-4
1.597500E-7	7.451256E-4
1.598000E-7	7.519774E-4
1.598500E-7	7.005889E-4
1.599000E-7	6.217932E-4
1.599500E-7	5.087385E-4
1.600000E-7	3.528600E-4
1.600500E-7	2.278147E-4
1.601000E-7	1.901297E-4
1.601500E-7	1.781391E-4
1.602000E-7	1.524448E-4
1.602500E-7	1.404542E-4
1.603000E-7	1.644355E-4
1.603500E-7	1.969815E-4
1.604000E-7	2.620737E-4
1.604500E-7	3.973967E-4
1.605000E-7	5.789694E-4
1.605500E-7	7.468385E-4
1.606000E-7	8.684580E-4
1.606500E-7	9.404019E-4
1.607000E-7	9.404019E-4
1.607500E-7	8.701709E-4
1.608000E-7	7.245702E-4
1.608500E-7	5.429975E-4
1.609000E-7	3.854061E-4
1.609500E-7	2.569348E-4
1.610000E-7	1.404542E-4
1.610500E-7	2.911244E-5
1.611000E-7	-6.338686E-5
1.611500E-7	-1.713027E-4
1.612000E-7	-2.672279E-4
1.612500E-7	-2.929222E-4
1.613000E-7	-2.209783E-4
1.613500E-7	-1.319049E-4
1.614000E-7	-5.653506E-5
1.614500E-7	4.281604E-5
1.615000E-7	1.695743E-4
1.615500E-7	2.654996E-4
1.616000E-7	3.442953E-4
1.616500E-7	4.419334E-4
1.617000E-7	5.207291E-4
1.617500E-7	5.738306E-4
1.618000E-7	6.423486E-4
1.618500E-7	7.297090E-4
1.619000E-7	7.845234E-4
1.619500E-7	8.136436E-4
1.620000E-7	8.547544E-4
1.620500E-7	8.701709E-4
1.621000E-7	8.410508E-4
1.621500E-7	7.708198E-4
1.622000E-7	6.474874E-4
1.622500E-7	5.053126E-4
1.623000E-7	3.888320E-4
1.623500E-7	2.723514E-4
1.624000E-7	1.216117E-4
1.624500E-7	-2.570196E-5
1.625000E-7	-9.250701E-5
1.625500E-7	-1.267660E-4
1.626000E-7	-1.764416E-4
1.626500E-7	-1.764416E-4
1.627000E-7	-7.537751E-5
1.627500E-7	4.452899E-5
1.628000E-7	1.336024E-4
1.628500E-7	2.123981E-4
1.629000E-7	2.740643E-4
1.629500E-7	2.569348E-4
1.630000E-7	1.764261E-4
1.630500E-7	9.934340E-5
1.631000E-7	1.712179E-5
1.631500E-7	-8.222931E-5
1.632000E-7	-1.421826E-4
1.632500E-7	-1.301919E-4
1.633000E-7	-8.394226E-5
1.633500E-7	-2.570196E-5
1.634000E-7	5.823260E-5
1.634500E-7	1.541578E-4
1.635000E-7	2.723514E-4
1.635500E-7	4.196651E-4
1.636000E-7	5.618399E-4
1.636500E-7	6.526263E-4
1.637000E-7	6.731817E-4
1.637500E-7	6.063766E-4
1.638000E-7	4.676277E-4
1.638500E-7	2.860550E-4
1.639000E-7	1.027693E-4
1.639500E-7	-5.824801E-5
1.640000E-7	-1.918581E-4
1.640500E-7	-2.997740E-4
1.641000E-7	-3.477366E-4
1.641500E-7	-3.340330E-4
1.642000E-7	-2.775056E-4
1.642500E-7	-1.918581E-4
1.643000E-7	-6.852571E-5
1.643500E-7	7.536210E-5
1.644000E-7	2.175370E-4
1.644500E-7	3.631377E-4
1.645000E-7	4.744795E-4
1.645500E-7	5.327198E-4
1.646000E-7	5.567011E-4
1.646500E-7	5.652658E-4
1.647000E-7	5.018867E-4
1.647500E-7	3.562859E-4
1.648000E-7	2.106851E-4
1.648500E-7	1.044822E-4
1.649000E-7	-3.597966E-5
1.649500E-7	-2.346819E-4
1.650000E-7	-3.888474E-4
1.650500E-7	-4.248193E-4
1.651000E-7	-4.145416E-4
1.651500E-7	-4.350970E-4
1.652000E-7	-4.333841E-4
1.652500E-7	-3.717179E-4
1.653000E-7	-2.980610E-4
1.653500E-7	-2.569502E-4
1.654000E-7	-2.089876E-4
1.654500E-7	-1.421826E-4
1.655000E-7	-7.537751E-5
1.655500E-7	-3.255376E-5
1.656000E-7	-1.885016E-5
1.656500E-7	2.226064E-5
1.657000E-7	9.077865E-5
1.657500E-7	1.250376E-4
1.658000E-7	1.216117E-4
1.658500E-7	1.541578E-4
1.659000E-7	2.175370E-4
1.659500E-7	2.586478E-4
1.660000E-7	3.100363E-4
1.660500E-7	4.162392E-4
1.661000E-7	4.967478E-4
1.661500E-7	4.984608E-4
1.662000E-7	4.984608E-4
1.662500E-7	5.275809E-4
1.663000E-7	5.275809E-4
1.663500E-7	4.710536E-4
1.664000E-7	3.991097E-4
1.664500E-7	3.391564E-4
1.665000E-7	2.672125E-4
1.665500E-7	1.764261E-4
1.666000E-7	7.364915E-5
1.666500E-7	-2.570196E-5
1.667000E-7	-1.284790E-4
1.667500E-7	-2.244042E-4
1.668000E-7	-2.689409E-4
1.668500E-7	-2.398207E-4
1.669000E-7	-1.610250E-4
1.669500E-7	-8.565521E-5
1.670000E-7	1.712179E-5
1.670500E-7	1.901297E-4
1.671000E-7	3.717025E-4
1.671500E-7	4.727665E-4
1.672000E-7	5.258680E-4
1.672500E-7	6.115155E-4
1.673000E-7	7.125795E-4
1.673500E-7	7.605421E-4
1.674000E-7	7.468385E-4
1.674500E-7	6.766076E-4
1.675000E-7	5.721176E-4
1.675500E-7	4.453593E-4
1.676000E-7	3.117492E-4
1.676500E-7	1.764261E-4
1.677000E-7	7.878800E-5
1.677500E-7	5.823260E-5
1.678000E-7	1.079081E-4
1.678500E-7	1.849909E-4
1.679000E-7	2.329535E-4
1.679500E-7	2.363794E-4
1.680000E-7	2.517960E-4
1.680500E-7	2.877679E-4
1.681000E-7	3.168881E-4
1.681500E-7	3.066104E-4
1.682000E-7	2.723514E-4
1.682500E-7	2.175370E-4
1.683000E-7	1.661484E-4
1.683500E-7	1.130470E-4
1.684000E-7	4.624194E-5
1.684500E-7	-6.859507E-6
1.685000E-7	-1.371131E-5
1.685500E-7	-1.720657E-6
1.686000E-7	-2.912786E-5
1.686500E-7	-4.797031E-5
1.687000E-7	-4.454441E-5
1.687500E-7	-7.023866E-5
1.688000E-7	-1.216272E-4
1.688500E-7	-1.353308E-4
1.689000E-7	-9.935881E-5
1.689500E-7	-5.482211E-5
1.690000E-7	-2.912786E-5
1.690500E-7	-5.146557E-6
1.691000E-7	3.596424E-5
1.691500E-7	7.536210E-5
1.692000E-7	9.249160E-5
1.692500E-7	1.318894E-4
1.693000E-7	2.175370E-4
1.693500E-7	2.757773E-4
1.694000E-7	2.398053E-4
1.694500E-7	1.986945E-4
1.695000E-7	1.986945E-4
1.695500E-7	1.764261E-4
1.696000E-7	1.216117E-4
1.696500E-7	1.061952E-4
1.697000E-7	1.010563E-4
1.697500E-7	5.994555E-5
1.698000E-7	6.165850E-5
1.698500E-7	1.541578E-4
1.699000E-7	2.672125E-4
1.699500E-7	3.682766E-4
1.700000E-7	5.018867E-4
1.700500E-7	6.697558E-4
1.701000E-7	8.204954E-4
1.701500E-7	9.472537E-4
1.702000E-7	1.060308E-3
1.702500E-7	1.108271E-3
1.703000E-7	1.080864E-3
1.703500E-7	1.019198E-3
1.704000E-7	9.438278E-4
1.704500E-7	8.735968E-4
1.705000E-7	8.170695E-4
1.705500E-7	7.468385E-4
1.706000E-7	6.406356E-4
1.706500E-7	5.447104E-4
1.707000E-7	5.035996E-4
1.707500E-7	4.916090E-4
1.708000E-7	4.881831E-4
1.708500E-7	5.224421E-4
1.709000E-7	5.772565E-4
1.709500E-7	5.892471E-4
1.710000E-7	5.549881E-4
1.710500E-7	5.121644E-4
1.711000E-7	4.590629E-4
1.711500E-7	3.648507E-4
1.712000E-7	2.500830E-4
1.712500E-7	1.301765E-4
1.713000E-7	-8.572457E-6
1.713500E-7	-1.370437E-4
1.714000E-7	-2.107006E-4
1.714500E-7	-2.089876E-4
1.715000E-7	-1.644509E-4
1.715500E-7	-8.565521E-5
1.716000E-7	1.198294E-5
1.716500E-7	8.735275E-5
1.717000E-7	1.130470E-4
1.717500E-7	1.027693E-4
1.718000E-7	7.536210E-5
1.718500E-7	2.397359E-5
1.719000E-7	-6.338686E-5
1.719500E-7	-1.644509E-4
1.720000E-7	-2.415337E-4
1.720500E-7	-2.963481E-4
1.721000E-7	-3.323200E-4
1.721500E-7	-2.843574E-4
1.722000E-7	-1.627380E-4
1.722500E-7	-1.713721E-5
1.723000E-7	1.027693E-4
1.723500E-7	1.935556E-4
1.724000E-7	2.517960E-4
1.724500E-7	3.031845E-4
1.725000E-7	3.562859E-4
1.725500E-7	3.648507E-4
1.726000E-7	3.203140E-4
1.726500E-7	2.792032E-4
1.727000E-7	2.261017E-4
1.727500E-7	1.233247E-4
1.728000E-7	1.026999E-5
1.728500E-7	-3.769261E-5
1.729000E-7	-5.653506E-5
1.729500E-7	-8.222931E-5
1.730000E-7	-8.908111E-5
1.730500E-7	-2.227606E-5
1.731000E-7	8.050095E-5
1.731500E-7	1.524448E-4
1.732000E-7	2.055463E-4
1.732500E-7	2.843420E-4
1.733000E-7	3.597118E-4
1.733500E-7	3.768413E-4
1.734000E-7	3.579989E-4
1.734500E-7	3.751284E-4
1.735000E-7	4.076744E-4
1.735500E-7	3.888320E-4
1.736000E-7	3.631377E-4
1.736500E-7	3.956838E-4
1.737000E-7	4.624888E-4
1.737500E-7	5.173032E-4
1.738000E-7	5.806824E-4
1.738500E-7	6.320709E-4
1.739000E-7	6.200802E-4
1.739500E-7	5.481363E-4
1.740000E-7	4.590629E-4
1.740500E-7	3.785543E-4
1.741000E-7	3.083233E-4
1.741500E-7	2.415183E-4
1.742000E-7	1.678614E-4
1.742500E-7	9.934340E-5
1.743000E-7	6.337145E-5
1.743500E-7	4.452899E-5
1.744000E-7	3.596424E-5
1.744500E-7	6.508440E-5
1.745000E-7	1.301765E-4
1.745500E-7	2.038333E-4
1.746000E-7	2.843420E-4
1.746500E-7	3.905449E-4
1.747000E-7	4.984608E-4
1.747500E-7	5.841083E-4
1.748000E-7	6.303579E-4
1.748500E-7	6.577651E-4
1.749000E-7	7.125795E-4
1.749500E-7	8.136436E-4
1.750000E-7	9.010040E-4
1.750500E-7	9.575314E-4
1.751000E-7	1.000355E-3
1.751500E-7	9.986422E-4
1.752000E-7	9.352630E-4
1.752500E-7	8.701709E-4
1.753000E-7	8.307731E-4
1.753500E-7	7.605421E-4
1.754000E-7	6.474874E-4
1.754500E-7	5.772565E-4
1.755000E-7	5.395716E-4
1.755500E-7	4.522111E-4
1.756000E-7	3.305917E-4
1.756500E-7	2.346665E-4
1.757000E-7	1.901297E-4
1.757500E-7	1.695743E-4
1.758000E-7	2.055463E-4
1.758500E-7	3.100363E-4
1.759000E-7	4.230910E-4
1.759500E-7	4.933219E-4
1.760000E-7	5.310068E-4
1.760500E-7	5.549881E-4
1.761000E-7	5.327198E-4
1.761500E-7	4.761924E-4
1.762000E-7	4.282298E-4
1.762500E-7	4.042485E-4
1.763000E-7	3.871190E-4
1.763500E-7	3.717025E-4
1.764000E-7	3.631377E-4
1.764500E-7	3.802672E-4
1.765000E-7	3.939708E-4
1.765500E-7	3.956838E-4
1.766000E-7	4.213780E-4
1.766500E-7	4.710536E-4
1.767000E-7	4.881831E-4
1.767500E-7	4.659147E-4
1.768000E-7	4.590629E-4
1.768500E-7	4.470723E-4
1.769000E-7	3.854061E-4
1.769500E-7	2.980456E-4
1.770000E-7	2.209629E-4
1.770500E-7	1.181858E-4
1.771000E-7	-2.741491E-5
1.771500E-7	-1.473214E-4
1.772000E-7	-1.781545E-4
1.772500E-7	-1.438955E-4
1.773000E-7	-7.366456E-5
1.773500E-7	3.253834E-5
1.774000E-7	1.781391E-4
1.774500E-7	3.323046E-4
1.775000E-7	4.642018E-4
1.775500E-7	5.704047E-4
1.776000E-7	6.354968E-4
1.776500E-7	6.748946E-4
1.777000E-7	7.211443E-4
1.777500E-7	7.691069E-4
1.778000E-7	7.879493E-4
1.778500E-7	7.656810E-4
1.779000E-7	7.279961E-4
1.779500E-7	6.697558E-4
1.780000E-7	5.532752E-4
1.780500E-7	3.819802E-4
1.781000E-7	1.832779E-4
1.781500E-7	3.418194E-6
1.782000E-7	-1.541732E-4
1.782500E-7	-3.134776E-4
1.783000E-7	-4.419488E-4
1.783500E-7	-5.138927E-4
1.784000E-7	-5.412999E-4
1.784500E-7	-5.241704E-4
1.785000E-7	-4.607913E-4
1.785500E-7	-3.511625E-4
1.786000E-7	-2.175524E-4
1.786500E-7	-5.824801E-5
1.787000E-7	1.164729E-4
1.787500E-7	2.809161E-4
1.788000E-7	4.333687E-4
1.788500E-7	5.960989E-4
1.789000E-7	7.434126E-4
1.789500E-7	8.598932E-4
1.790000E-7	9.626702E-4
1.790500E-7	1.051744E-3
1.791000E-7	1.067160E-3
1.791500E-7	9.969292E-4
1.792000E-7	8.941522E-4
1.792500E-7	7.913752E-4
1.793000E-7	6.629040E-4
1.793500E-7	5.567011E-4
1.794000E-7	5.464234E-4
1.794500E-7	5.806824E-4
1.795000E-7	6.166543E-4
1.795500E-7	6.611910E-4
1.796000E-7	7.262831E-4
1.796500E-7	8.016529E-4
1.797000E-7	9.284112E-4
1.797500E-7	1.060308E-3
1.798000E-7	1.104845E-3
1.798500E-7	1.084290E-3
1.799000E-7	1.039753E-3
1.799500E-7	9.061429E-4
1.800000E-7	6.372097E-4
1.800500E-7	3.545730E-4
1.801000E-7	1.079081E-4
1.801500E-7	-1.370437E-4
1.802000E-7	-3.648661E-4
1.802500E-7	-5.515776E-4
1.803000E-7	-6.749100E-4
1.803500E-7	-7.006043E-4
1.804000E-7	-6.543546E-4
1.804500E-7	-5.926884E-4
1.805000E-7	-4.881985E-4
1.805500E-7	-3.134776E-4
1.806000E-7	-1.404696E-4
1.806500E-7	-1.371131E-5
1.807000E-7	1.079081E-4
1.807500E-7	2.038333E-4
1.808000E-7	2.226758E-4
1.808500E-7	2.106851E-4
1.809000E-7	2.295276E-4
1.809500E-7	2.295276E-4
1.810000E-7	1.764261E-4
1.810500E-7	1.250376E-4
1.811000E-7	8.906570E-5
1.811500E-7	5.480670E-5
1.812000E-7	5.309375E-5
1.812500E-7	1.010563E-4
1.813000E-7	1.781391E-4
1.813500E-7	2.226758E-4
1.814000E-7	2.449442E-4
1.814500E-7	2.774902E-4
1.815000E-7	3.134622E-4
1.815500E-7	3.288787E-4
1.816000E-7	2.929068E-4
1.816500E-7	2.398053E-4
1.817000E-7	2.004074E-4
1.817500E-7	1.627225E-4
1.818000E-7	1.010563E-4
1.818500E-7	5.309375E-5
1.819000E-7	2.568654E-5
1.819500E-7	-1.885016E-5
1.820000E-7	-5.653506E-5
1.820500E-7	-6.852571E-5
1.821000E-7	-8.908111E-5
1.821500E-7	-1.199142E-4
1.822000E-7	-9.421996E-5
1.822500E-7	-1.028541E-5
1.823000E-7	7.364915E-5
1.823500E-7	1.695743E-4
1.824000E-7	2.997586E-4
1.824500E-7	4.111003E-4
1.825000E-7	4.779054E-4
1.825500E-7	5.344327E-4
1.826000E-7	5.772565E-4
1.826500E-7	6.200802E-4
1.827000E-7	6.526263E-4
1.827500E-7	6.594781E-4
1.828000E-7	6.577651E-4
1.828500E-7	6.594781E-4
1.829000E-7	6.252191E-4
1.829500E-7	5.104514E-4
1.830000E-7	3.597118E-4
1.830500E-7	1.969815E-4
1.831000E-7	2.054769E-5
1.831500E-7	-1.404696E-4
1.832000E-7	-2.535243E-4
1.832500E-7	-3.374589E-4
1.833000E-7	-4.282452E-4
1.833500E-7	-5.293093E-4
1.834000E-7	-5.858366E-4
1.834500E-7	-5.995402E-4
1.835000E-7	-6.252345E-4
1.835500E-7	-6.543546E-4
1.836000E-7	-6.372251E-4
1.836500E-7	-5.944014E-4
1.837000E-7	-5.635683E-4
1.837500E-7	-4.933373E-4
1.838000E-7	-3.545884E-4
1.838500E-7	-2.038488E-4
1.839000E-7	-5.310916E-5
1.839500E-7	1.079081E-4
1.840000E-7	2.483701E-4
1.840500E-7	3.614248E-4
1.841000E-7	4.710536E-4
1.841500E-7	5.755435E-4
1.842000E-7	6.457745E-4
1.842500E-7	6.851723E-4
1.843000E-7	6.971630E-4
1.843500E-7	6.543392E-4
1.844000E-7	5.447104E-4
1.844500E-7	4.333687E-4
1.845000E-7	3.665636E-4
1.845500E-7	3.374435E-4
1.846000E-7	2.894809E-4
1.846500E-7	2.089722E-4
1.847000E-7	1.164729E-4
1.847500E-7	1.540884E-5
1.848000E-7	-8.565521E-5
1.848500E-7	-1.438955E-4
1.849000E-7	-1.644509E-4
1.849500E-7	-1.730157E-4
1.850000E-7	-1.473214E-4
1.850500E-7	-5.482211E-5
1.851000E-7	8.906570E-5
1.851500E-7	2.158240E-4
1.852000E-7	2.843420E-4
1.852500E-7	3.168881E-4
1.853000E-7	3.717025E-4
1.853500E-7	4.213780E-4
1.854000E-7	4.093874E-4
1.854500E-7	3.562859E-4
1.855000E-7	3.288787E-4
1.855500E-7	3.237399E-4
1.856000E-7	2.911938E-4
1.856500E-7	2.586478E-4
1.857000E-7	2.672125E-4
1.857500E-7	2.706384E-4
1.858000E-7	2.158240E-4
1.858500E-7	1.233247E-4
1.859000E-7	3.939014E-5
1.859500E-7	-4.283146E-5
1.860000E-7	-1.216272E-4
1.860500E-7	-1.627380E-4
1.861000E-7	-1.764416E-4
1.861500E-7	-2.072747E-4
1.862000E-7	-2.261171E-4
1.862500E-7	-1.987099E-4
1.863000E-7	-1.781545E-4
1.863500E-7	-2.107006E-4
1.864000E-7	-2.381078E-4
1.864500E-7	-2.295430E-4
1.865000E-7	-2.261171E-4
1.865500E-7	-2.552373E-4
1.866000E-7	-3.049128E-4
1.866500E-7	-3.545884E-4
1.867000E-7	-3.717179E-4
1.867500E-7	-3.614402E-4
1.868000E-7	-3.528754E-4
1.868500E-7	-3.323200E-4
1.869000E-7	-2.775056E-4
1.869500E-7	-1.781545E-4
1.870000E-7	-3.084081E-5
1.870500E-7	1.455930E-4
1.871000E-7	3.220269E-4
1.871500E-7	4.916090E-4
1.872000E-7	6.509133E-4
1.872500E-7	7.810975E-4
1.873000E-7	8.616062E-4
1.873500E-7	8.684580E-4
1.874000E-7	8.341990E-4
1.874500E-7	7.999400E-4
1.875000E-7	7.810975E-4
1.875500E-7	7.331349E-4
1.876000E-7	6.748946E-4
1.876500E-7	6.629040E-4
1.877000E-7	6.766076E-4
1.877500E-7	6.646169E-4
1.878000E-7	6.663299E-4
1.878500E-7	7.091536E-4
1.879000E-7	7.468385E-4
1.879500E-7	7.348479E-4
1.880000E-7	6.800335E-4
1.880500E-7	6.063766E-4
1.881000E-7	5.190162E-4
1.881500E-7	4.213780E-4
1.882000E-7	2.757773E-4
1.882500E-7	1.096211E-4
1.883000E-7	-1.713721E-5
1.883500E-7	-1.301919E-4
1.884000E-7	-2.620891E-4
1.884500E-7	-3.871344E-4
1.885000E-7	-4.830596E-4
1.885500E-7	-5.293093E-4
1.886000E-7	-5.104668E-4
1.886500E-7	-4.505136E-4
1.887000E-7	-4.145416E-4
1.887500E-7	-4.265323E-4
1.888000E-7	-4.368100E-4
1.888500E-7	-4.522265E-4
1.889000E-7	-4.710690E-4
1.889500E-7	-4.864855E-4
1.890000E-7	-4.796337E-4
1.890500E-7	-4.556524E-4
1.891000E-7	-4.179675E-4
1.891500E-7	-3.854215E-4
1.892000E-7	-3.614402E-4
1.892500E-7	-3.117646E-4
1.893000E-7	-2.363948E-4
1.893500E-7	-1.610250E-4
1.894000E-7	-9.079406E-5
1.894500E-7	-3.255376E-5
1.895000E-7	-1.885016E-5
1.895500E-7	-6.852571E-5
1.896000E-7	-1.319049E-4
1.896500E-7	-1.832934E-4
1.897000E-7	-2.261171E-4
1.897500E-7	-2.500984E-4
1.898000E-7	-2.261171E-4
1.898500E-7	-1.353308E-4
1.899000E-7	1.369589E-5
1.899500E-7	2.004074E-4
1.900000E-7	3.922579E-4
1.900500E-7	5.755435E-4
1.901000E-7	7.314220E-4
1.901500E-7	8.102177E-4
1.902000E-7	8.016529E-4
1.902500E-7	7.262831E-4
1.903000E-7	6.012378E-4
1.903500E-7	4.419334E-4
1.904000E-7	3.117492E-4
1.904500E-7	2.329535E-4
1.905000E-7	1.438801E-4
1.905500E-7	3.425129E-5
1.906000E-7	-1.713721E-5
1.906500E-7	4.795489E-5
1.907000E-7	1.832779E-4
1.907500E-7	3.408694E-4
1.908000E-7	5.001737E-4
1.908500E-7	6.354968E-4
1.909000E-7	7.228572E-4
1.909500E-7	7.639680E-4
1.910000E-7	7.502644E-4
1.910500E-7	6.954500E-4
1.911000E-7	6.320709E-4
1.911500E-7	5.549881E-4
1.912000E-7	4.693406E-4
1.912500E-7	3.768413E-4
1.913000E-7	2.929068E-4
1.913500E-7	2.312406E-4
1.914000E-7	1.952686E-4
1.914500E-7	2.123981E-4
1.915000E-7	2.654996E-4
1.915500E-7	3.391564E-4
1.916000E-7	4.230910E-4
1.916500E-7	5.327198E-4
1.917000E-7	6.509133E-4
1.917500E-7	7.348479E-4
1.918000E-7	7.930882E-4
1.918500E-7	8.701709E-4
1.919000E-7	9.575314E-4
1.919500E-7	9.832256E-4
1.920000E-7	8.975781E-4
1.920500E-7	7.656810E-4
1.921000E-7	6.217932E-4
1.921500E-7	4.470723E-4
1.922000E-7	2.329535E-4
1.922500E-7	3.767719E-5
1.923000E-7	-7.366456E-5
1.923500E-7	-1.284790E-4
1.924000E-7	-1.713027E-4
1.924500E-7	-1.815804E-4
1.925000E-7	-1.044977E-4
1.925500E-7	4.110309E-5
1.926000E-7	2.089722E-4
1.926500E-7	3.854061E-4
1.927000E-7	5.704047E-4
1.927500E-7	7.399867E-4
1.928000E-7	8.684580E-4
1.928500E-7	9.352630E-4
1.929000E-7	9.352630E-4
1.929500E-7	8.975781E-4
1.930000E-7	8.427637E-4
1.930500E-7	7.622551E-4
1.931000E-7	6.543392E-4
1.931500E-7	5.155903E-4
1.932000E-7	3.545730E-4
1.932500E-7	1.969815E-4
1.933000E-7	5.309375E-5
1.933500E-7	-7.537751E-5
1.934000E-7	-1.850063E-4
1.934500E-7	-2.363948E-4
1.935000E-7	-2.483855E-4
1.935500E-7	-2.723668E-4
1.936000E-7	-2.655150E-4
1.936500E-7	-2.124135E-4
1.937000E-7	-1.764416E-4
1.937500E-7	-2.004229E-4
1.938000E-7	-2.055617E-4
1.938500E-7	-1.678768E-4
1.939000E-7	-1.284790E-4
1.939500E-7	-7.880341E-5
1.940000E-7	-1.371131E-5
1.940500E-7	1.712179E-5
1.941000E-7	1.712179E-5
1.941500E-7	2.054769E-5
1.942000E-7	5.131144E-6
1.942500E-7	-3.940556E-5
1.943000E-7	-8.908111E-5
1.943500E-7	-1.113495E-4
1.944000E-7	-1.044977E-4
1.944500E-7	-5.996096E-5
1.945000E-7	5.131144E-6
1.945500E-7	3.767719E-5
1.946000E-7	4.966784E-5
1.946500E-7	8.563980E-5
1.947000E-7	1.473060E-4
1.947500E-7	2.209629E-4
1.948000E-7	3.271658E-4
1.948500E-7	4.504982E-4
1.949000E-7	5.772565E-4
1.949500E-7	6.920241E-4
1.950000E-7	7.828105E-4
1.950500E-7	8.616062E-4
1.951000E-7	9.523925E-4
1.951500E-7	1.029475E-3
1.952000E-7	1.053457E-3
1.952500E-7	1.024336E-3
1.953000E-7	9.249853E-4
1.953500E-7	7.485515E-4
1.954000E-7	5.378586E-4
1.954500E-7	3.203140E-4
1.955000E-7	9.249160E-5
1.955500E-7	-1.199142E-4
1.956000E-7	-2.672279E-4
1.956500E-7	-3.614402E-4
1.957000E-7	-4.436618E-4
1.957500E-7	-5.258834E-4
1.958000E-7	-5.978273E-4
1.958500E-7	-6.252345E-4
1.959000E-7	-5.978273E-4
1.959500E-7	-5.293093E-4
1.960000E-7	-4.299582E-4
1.960500E-7	-3.083387E-4
1.961000E-7	-1.661639E-4
1.961500E-7	-3.084081E-5
1.962000E-7	6.337145E-5
1.962500E-7	9.249160E-5
1.963000E-7	1.061952E-4
1.963500E-7	1.250376E-4
1.964000E-7	1.284635E-4
1.964500E-7	1.233247E-4
1.965000E-7	1.421671E-4
1.965500E-7	1.507319E-4
1.966000E-7	1.061952E-4
1.966500E-7	6.508440E-5
1.967000E-7	6.508440E-5
1.967500E-7	5.480670E-5
1.968000E-7	3.253834E-5
1.968500E-7	3.767719E-5
1.969000E-7	5.994555E-5
1.969500E-7	4.966784E-5
1.970000E-7	1.540884E-5
1.970500E-7	-2.227606E-5
1.971000E-7	-6.681276E-5
1.971500E-7	-1.233401E-4
1.972000E-7	-1.695898E-4
1.972500E-7	-2.158394E-4
1.973000E-7	-2.620891E-4
1.973500E-7	-2.740797E-4
1.974000E-7	-2.261171E-4
1.974500E-7	-1.610250E-4
1.975000E-7	-1.113495E-4
1.975500E-7	-6.852571E-5
1.976000E-7	-2.227606E-5
1.976500E-7	1.026999E-5
1.977000E-7	3.425129E-5
1.977500E-7	5.480670E-5
1.978000E-7	6.337145E-5
1.978500E-7	7.707505E-5
1.979000E-7	1.147599E-4
1.979500E-7	1.455930E-4
1.980000E-7	1.541578E-4
1.980500E-7	1.678614E-4
1.981000E-7	1.695743E-4
1.981500E-7	1.233247E-4
1.982000E-7	6.679735E-5
1.982500E-7	4.966784E-5
1.983000E-7	6.679735E-5
1.983500E-7	1.096211E-4
1.984000E-7	1.712873E-4
1.984500E-7	2.329535E-4
1.985000E-7	3.134622E-4
1.985500E-7	4.367946E-4
1.986000E-7	5.652658E-4
1.986500E-7	6.320709E-4
1.987000E-7	6.217932E-4
1.987500E-7	5.652658E-4
1.988000E-7	4.933219E-4
1.988500E-7	4.487852E-4
1.989000E-7	4.042485E-4
1.989500E-7	2.860550E-4
1.990000E-7	1.267506E-4
1.990500E-7	1.705243E-6
1.991000E-7	-8.736816E-5
1.991500E-7	-1.610250E-4
1.992000E-7	-1.661639E-4
1.992500E-7	-9.250701E-5
1.993000E-7	1.705243E-6
1.993500E-7	8.392685E-5
1.994000E-7	1.695743E-4
1.994500E-7	2.723514E-4
1.995000E-7	3.956838E-4
1.995500E-7	5.241550E-4
1.996000E-7	5.978119E-4
1.996500E-7	6.046637E-4
1.997000E-7	6.012378E-4
1.997500E-7	5.704047E-4
1.998000E-7	4.967478E-4
1.998500E-7	3.991097E-4
1.999000E-7	3.083233E-4
1.999500E-7	2.072592E-4
2.000000E-7	1.216117E-4
