Study Name	Tungsten_Kyocera
Sample Name	2024-02-05
Run Name	spot03
Operator	Angus+Samantha
Date	2/5/2024
Time	16:26
Sign	POS
Grating Spacing	03.40um
Channel	3
Number Traces	10000
Files in Batch	1
Batch Number	32
dt	50.000001E-12
time stamp (ms)	4:59:26 PM
	
Time	Amplitude
0.000000E+0	-1.214478E-3
5.000000E-11	-1.257302E-3
1.000000E-10	-1.294987E-3
1.500000E-10	-1.317255E-3
2.000000E-10	-1.325820E-3
2.500000E-10	-1.325820E-3
3.000000E-10	-1.301838E-3
3.500000E-10	-1.259015E-3
4.000000E-10	-1.219617E-3
4.500000E-10	-1.188784E-3
5.000000E-10	-1.151099E-3
5.500000E-10	-1.113414E-3
6.000000E-10	-1.094571E-3
6.500000E-10	-1.103136E-3
7.000000E-10	-1.125405E-3
7.500000E-10	-1.164802E-3
8.000000E-10	-1.226469E-3
8.500000E-10	-1.282996E-3
9.000000E-10	-1.315542E-3
9.500000E-10	-1.334384E-3
1.000000E-9	-1.341236E-3
1.050000E-9	-1.327533E-3
1.100000E-9	-1.294987E-3
1.150000E-9	-1.253876E-3
1.200000E-9	-1.195636E-3
1.250000E-9	-1.125405E-3
1.300000E-9	-1.053461E-3
1.350000E-9	-9.900815E-4
1.400000E-9	-9.301283E-4
1.450000E-9	-8.770268E-4
1.500000E-9	-8.410549E-4
1.550000E-9	-8.067959E-4
1.600000E-9	-7.639721E-4
1.650000E-9	-7.211484E-4
1.700000E-9	-7.023059E-4
1.750000E-9	-7.040189E-4
1.800000E-9	-7.211484E-4
1.850000E-9	-7.588333E-4
1.900000E-9	-8.136477E-4
1.950000E-9	-8.753139E-4
2.000000E-9	-9.369801E-4
2.050000E-9	-9.917945E-4
2.100000E-9	-1.039757E-3
2.150000E-9	-1.089433E-3
2.200000E-9	-1.128830E-3
2.250000E-9	-1.132256E-3
2.300000E-9	-1.101423E-3
2.350000E-9	-1.060312E-3
2.400000E-9	-1.015776E-3
2.450000E-9	-9.712391E-4
2.500000E-9	-9.352671E-4
2.550000E-9	-9.112858E-4
2.600000E-9	-8.975822E-4
2.650000E-9	-9.061470E-4
2.700000E-9	-9.369801E-4
2.750000E-9	-9.763779E-4
2.800000E-9	-1.022628E-3
2.850000E-9	-1.070590E-3
2.900000E-9	-1.121979E-3
2.950000E-9	-1.168228E-3
3.000000E-9	-1.209339E-3
3.050000E-9	-1.245311E-3
3.100000E-9	-1.281283E-3
3.150000E-9	-1.296700E-3
3.200000E-9	-1.277857E-3
3.250000E-9	-1.245311E-3
3.300000E-9	-1.214478E-3
3.350000E-9	-1.173367E-3
3.400000E-9	-1.113414E-3
3.450000E-9	-1.051748E-3
3.500000E-9	-9.969333E-4
3.550000E-9	-9.626743E-4
3.600000E-9	-9.558225E-4
3.650000E-9	-9.678132E-4
3.700000E-9	-9.969333E-4
3.750000E-9	-1.043183E-3
3.800000E-9	-1.096284E-3
3.850000E-9	-1.144247E-3
3.900000E-9	-1.185358E-3
3.950000E-9	-1.209339E-3
4.000000E-9	-1.207626E-3
4.050000E-9	-1.190497E-3
4.100000E-9	-1.156238E-3
4.150000E-9	-1.106562E-3
4.200000E-9	-1.062025E-3
4.250000E-9	-1.032905E-3
4.300000E-9	-1.019202E-3
4.350000E-9	-1.027766E-3
4.400000E-9	-1.072303E-3
4.450000E-9	-1.152812E-3
4.500000E-9	-1.255589E-3
4.550000E-9	-1.363505E-3
4.600000E-9	-1.467995E-3
4.650000E-9	-1.575910E-3
4.700000E-9	-1.676975E-3
4.750000E-9	-1.743780E-3
4.800000E-9	-1.754057E-3
4.850000E-9	-1.712946E-3
4.900000E-9	-1.635864E-3
4.950000E-9	-1.527948E-3
5.000000E-9	-1.394338E-3
5.050000E-9	-1.247024E-3
5.100000E-9	-1.104849E-3
5.150000E-9	-9.780909E-4
5.200000E-9	-8.821657E-4
5.250000E-9	-8.187865E-4
5.300000E-9	-7.793887E-4
5.350000E-9	-7.691110E-4
5.400000E-9	-8.016570E-4
5.450000E-9	-8.667491E-4
5.500000E-9	-9.455448E-4
5.550000E-9	-1.032905E-3
5.600000E-9	-1.116840E-3
5.650000E-9	-1.197348E-3
5.700000E-9	-1.276144E-3
5.750000E-9	-1.349801E-3
5.800000E-9	-1.411467E-3
5.850000E-9	-1.466282E-3
5.900000E-9	-1.505679E-3
5.950000E-9	-1.510818E-3
6.000000E-9	-1.500541E-3
6.050000E-9	-1.497115E-3
6.100000E-9	-1.486837E-3
6.150000E-9	-1.457717E-3
6.200000E-9	-1.425171E-3
6.250000E-9	-1.397764E-3
6.300000E-9	-1.370356E-3
6.350000E-9	-1.354940E-3
6.400000E-9	-1.358366E-3
6.450000E-9	-1.361792E-3
6.500000E-9	-1.360079E-3
6.550000E-9	-1.377208E-3
6.600000E-9	-1.401190E-3
6.650000E-9	-1.404615E-3
6.700000E-9	-1.389199E-3
6.750000E-9	-1.385773E-3
6.800000E-9	-1.392625E-3
6.850000E-9	-1.387486E-3
6.900000E-9	-1.356653E-3
6.950000E-9	-1.300125E-3
7.000000E-9	-1.221330E-3
7.050000E-9	-1.127118E-3
7.100000E-9	-1.014063E-3
7.150000E-9	-8.907304E-4
7.200000E-9	-7.793887E-4
7.250000E-9	-6.988800E-4
7.300000E-9	-6.440656E-4
7.350000E-9	-6.115196E-4
7.400000E-9	-5.995289E-4
7.450000E-9	-6.080937E-4
7.500000E-9	-6.406397E-4
7.550000E-9	-6.903153E-4
7.600000E-9	-7.588333E-4
7.650000E-9	-8.359160E-4
7.700000E-9	-9.147117E-4
7.750000E-9	-9.952204E-4
7.800000E-9	-1.065451E-3
7.850000E-9	-1.106562E-3
7.900000E-9	-1.115127E-3
7.950000E-9	-1.104849E-3
8.000000E-9	-1.082581E-3
8.050000E-9	-1.046609E-3
8.100000E-9	-1.007211E-3
8.150000E-9	-9.695261E-4
8.200000E-9	-9.249894E-4
8.250000E-9	-8.770268E-4
8.300000E-9	-8.581844E-4
8.350000E-9	-8.701750E-4
8.400000E-9	-8.907304E-4
8.450000E-9	-9.198506E-4
8.500000E-9	-9.746650E-4
8.550000E-9	-1.039757E-3
8.600000E-9	-1.089433E-3
8.650000E-9	-1.137395E-3
8.700000E-9	-1.190497E-3
8.750000E-9	-1.228182E-3
8.800000E-9	-1.243598E-3
8.850000E-9	-1.241885E-3
8.900000E-9	-1.216191E-3
8.950000E-9	-1.164802E-3
9.000000E-9	-1.109988E-3
9.050000E-9	-1.062025E-3
9.100000E-9	-1.012350E-3
9.150000E-9	-9.626743E-4
9.200000E-9	-9.267024E-4
9.250000E-9	-9.078599E-4
9.300000E-9	-8.992952E-4
9.350000E-9	-9.129988E-4
9.400000E-9	-9.541096E-4
9.450000E-9	-1.012350E-3
9.500000E-9	-1.077442E-3
9.550000E-9	-1.140821E-3
9.600000E-9	-1.195636E-3
9.650000E-9	-1.247024E-3
9.700000E-9	-1.303551E-3
9.750000E-9	-1.348088E-3
9.800000E-9	-1.368643E-3
9.850000E-9	-1.373782E-3
9.900000E-9	-1.368643E-3
9.950000E-9	-1.353227E-3
1.000000E-8	-1.336097E-3
1.005000E-8	-1.317255E-3
1.010000E-8	-1.279570E-3
1.015000E-8	-1.217904E-3
1.020000E-8	-1.157951E-3
1.025000E-8	-1.096284E-3
1.030000E-8	-1.024341E-3
1.035000E-8	-9.558225E-4
1.040000E-8	-9.095729E-4
1.045000E-8	-8.838786E-4
1.050000E-8	-8.667491E-4
1.055000E-8	-8.650362E-4
1.060000E-8	-8.821657E-4
1.065000E-8	-9.112858E-4
1.070000E-8	-9.558225E-4
1.075000E-8	-1.038044E-3
1.080000E-8	-1.145960E-3
1.085000E-8	-1.248737E-3
1.090000E-8	-1.341236E-3
1.095000E-8	-1.428597E-3
1.100000E-8	-1.495402E-3
1.105000E-8	-1.527948E-3
1.110000E-8	-1.543364E-3
1.115000E-8	-1.548503E-3
1.120000E-8	-1.536513E-3
1.125000E-8	-1.507392E-3
1.130000E-8	-1.464569E-3
1.135000E-8	-1.413180E-3
1.140000E-8	-1.348088E-3
1.145000E-8	-1.274431E-3
1.150000E-8	-1.199061E-3
1.155000E-8	-1.145960E-3
1.160000E-8	-1.113414E-3
1.165000E-8	-1.079155E-3
1.170000E-8	-1.034618E-3
1.175000E-8	-9.900815E-4
1.180000E-8	-9.267024E-4
1.185000E-8	-8.170736E-4
1.190000E-8	-6.389268E-4
1.195000E-8	-3.562900E-4
1.200000E-8	7.879930E-5
1.205000E-8	7.091649E-4
1.210000E-8	1.567353E-3
1.215000E-8	2.696187E-3
1.220000E-8	4.117936E-3
1.225000E-8	5.830886E-3
1.230000E-8	7.814482E-3
1.235000E-8	1.002247E-2
1.240000E-8	1.238635E-2
1.245000E-8	1.483415E-2
1.250000E-8	1.728196E-2
1.255000E-8	1.960814E-2
1.260000E-8	2.171336E-2
1.265000E-8	2.355307E-2
1.270000E-8	2.509301E-2
1.275000E-8	2.629550E-2
1.280000E-8	2.718281E-2
1.285000E-8	2.779091E-2
1.290000E-8	2.813178E-2
1.295000E-8	2.822428E-2
1.300000E-8	2.809581E-2
1.305000E-8	2.774466E-2
1.310000E-8	2.716225E-2
1.315000E-8	2.639143E-2
1.320000E-8	2.545958E-2
1.325000E-8	2.437528E-2
1.330000E-8	2.318136E-2
1.335000E-8	2.192405E-2
1.340000E-8	2.061878E-2
1.345000E-8	1.931865E-2
1.350000E-8	1.809389E-2
1.355000E-8	1.699932E-2
1.360000E-8	1.610687E-2
1.365000E-8	1.547651E-2
1.370000E-8	1.511165E-2
1.375000E-8	1.498489E-2
1.380000E-8	1.508595E-2
1.385000E-8	1.543197E-2
1.390000E-8	1.596470E-2
1.395000E-8	1.659678E-2
1.400000E-8	1.727853E-2
1.405000E-8	1.798084E-2
1.410000E-8	1.866431E-2
1.415000E-8	1.926727E-2
1.420000E-8	1.976060E-2
1.425000E-8	2.010832E-2
1.430000E-8	2.030360E-2
1.435000E-8	2.035670E-2
1.440000E-8	2.027105E-2
1.445000E-8	2.002953E-2
1.450000E-8	1.961842E-2
1.455000E-8	1.904116E-2
1.460000E-8	1.829088E-2
1.465000E-8	1.737959E-2
1.470000E-8	1.637752E-2
1.475000E-8	1.532234E-2
1.480000E-8	1.424147E-2
1.485000E-8	1.318972E-2
1.490000E-8	1.223732E-2
1.495000E-8	1.146478E-2
1.500000E-8	1.091492E-2
1.505000E-8	1.057576E-2
1.510000E-8	1.044386E-2
1.515000E-8	1.056034E-2
1.520000E-8	1.090978E-2
1.525000E-8	1.141853E-2
1.530000E-8	1.205061E-2
1.535000E-8	1.280431E-2
1.540000E-8	1.359911E-2
1.545000E-8	1.435453E-2
1.550000E-8	1.504827E-2
1.555000E-8	1.566493E-2
1.560000E-8	1.617368E-2
1.565000E-8	1.654539E-2
1.570000E-8	1.674238E-2
1.575000E-8	1.673381E-2
1.580000E-8	1.654539E-2
1.585000E-8	1.618053E-2
1.590000E-8	1.561697E-2
1.595000E-8	1.487012E-2
1.600000E-8	1.398624E-2
1.605000E-8	1.298074E-2
1.610000E-8	1.189644E-2
1.615000E-8	1.080701E-2
1.620000E-8	9.784374E-3
1.625000E-8	8.891927E-3
1.630000E-8	8.196470E-3
1.635000E-8	7.721982E-3
1.640000E-8	7.475318E-3
1.645000E-8	7.473605E-3
1.650000E-8	7.732260E-3
1.655000E-8	8.215312E-3
1.660000E-8	8.864520E-3
1.665000E-8	9.650764E-3
1.670000E-8	1.051580E-2
1.675000E-8	1.137913E-2
1.680000E-8	1.219278E-2
1.685000E-8	1.294134E-2
1.690000E-8	1.358198E-2
1.695000E-8	1.407531E-2
1.700000E-8	1.439906E-2
1.705000E-8	1.451554E-2
1.710000E-8	1.440420E-2
1.715000E-8	1.410101E-2
1.720000E-8	1.363851E-2
1.725000E-8	1.301157E-2
1.730000E-8	1.225274E-2
1.735000E-8	1.140311E-2
1.740000E-8	1.046442E-2
1.745000E-8	9.467479E-3
1.750000E-8	8.487671E-3
1.755000E-8	7.584946E-3
1.760000E-8	6.774721E-3
1.765000E-8	6.118661E-3
1.770000E-8	5.688711E-3
1.775000E-8	5.469453E-3
1.780000E-8	5.459175E-3
1.785000E-8	5.688711E-3
1.790000E-8	6.151207E-3
1.795000E-8	6.807267E-3
1.800000E-8	7.615780E-3
1.805000E-8	8.532208E-3
1.810000E-8	9.496599E-3
1.815000E-8	1.044729E-2
1.820000E-8	1.132089E-2
1.825000E-8	1.204033E-2
1.830000E-8	1.255935E-2
1.835000E-8	1.286768E-2
1.840000E-8	1.296532E-2
1.845000E-8	1.283856E-2
1.850000E-8	1.247713E-2
1.855000E-8	1.189987E-2
1.860000E-8	1.115131E-2
1.865000E-8	1.027770E-2
1.870000E-8	9.308174E-3
1.875000E-8	8.304385E-3
1.880000E-8	7.310874E-3
1.885000E-8	6.379030E-3
1.890000E-8	5.580795E-3
1.895000E-8	4.952142E-3
1.900000E-8	4.484507E-3
1.905000E-8	4.201870E-3
1.910000E-8	4.145343E-3
1.915000E-8	4.301221E-3
1.920000E-8	4.657515E-3
1.925000E-8	5.217649E-3
1.930000E-8	5.930237E-3
1.935000E-8	6.716481E-3
1.940000E-8	7.555826E-3
1.945000E-8	8.426005E-3
1.950000E-8	9.249934E-3
1.955000E-8	9.974512E-3
1.960000E-8	1.058090E-2
1.965000E-8	1.102112E-2
1.970000E-8	1.125237E-2
1.975000E-8	1.128492E-2
1.980000E-8	1.110848E-2
1.985000E-8	1.070594E-2
1.990000E-8	1.010983E-2
1.995000E-8	9.361276E-3
2.000000E-8	8.477393E-3
2.005000E-8	7.502725E-3
2.010000E-8	6.528056E-3
2.015000E-8	5.604776E-3
2.020000E-8	4.753440E-3
2.025000E-8	4.018584E-3
2.030000E-8	3.444746E-3
2.035000E-8	3.055906E-3
2.040000E-8	2.872621E-3
2.045000E-8	2.900028E-3
2.050000E-8	3.134702E-3
2.055000E-8	3.562940E-3
2.060000E-8	4.155620E-3
2.065000E-8	4.864782E-3
2.070000E-8	5.651026E-3
2.075000E-8	6.481807E-3
2.080000E-8	7.304023E-3
2.085000E-8	8.079989E-3
2.090000E-8	8.765169E-3
2.095000E-8	9.315026E-3
2.100000E-8	9.691875E-3
2.105000E-8	9.873448E-3
2.110000E-8	9.830624E-3
2.115000E-8	9.573681E-3
2.120000E-8	9.138592E-3
2.125000E-8	8.545911E-3
2.130000E-8	7.795639E-3
2.135000E-8	6.930600E-3
2.140000E-8	6.009032E-3
2.145000E-8	5.085752E-3
2.150000E-8	4.205296E-3
2.155000E-8	3.424191E-3
2.160000E-8	2.786973E-3
2.165000E-8	2.329616E-3
2.170000E-8	2.086377E-3
2.175000E-8	2.062395E-3
2.180000E-8	2.242255E-3
2.185000E-8	2.601975E-3
2.190000E-8	3.112434E-3
2.195000E-8	3.735948E-3
2.200000E-8	4.450248E-3
2.205000E-8	5.217649E-3
2.210000E-8	5.967922E-3
2.215000E-8	6.654815E-3
2.220000E-8	7.268051E-3
2.225000E-8	7.773371E-3
2.230000E-8	8.138229E-3
2.235000E-8	8.362626E-3
2.240000E-8	8.444847E-3
2.245000E-8	8.364339E-3
2.250000E-8	8.122813E-3
2.255000E-8	7.733973E-3
2.260000E-8	7.194394E-3
2.265000E-8	6.526343E-3
2.270000E-8	5.777784E-3
2.275000E-8	4.988114E-3
2.280000E-8	4.176176E-3
2.285000E-8	3.374515E-3
2.290000E-8	2.632808E-3
2.295000E-8	2.000729E-3
2.300000E-8	1.533094E-3
2.305000E-8	1.253883E-3
2.310000E-8	1.176800E-3
2.315000E-8	1.308697E-3
2.320000E-8	1.654713E-3
2.325000E-8	2.194293E-3
2.330000E-8	2.886324E-3
2.335000E-8	3.687985E-3
2.340000E-8	4.541034E-3
2.345000E-8	5.380380E-3
2.350000E-8	6.152920E-3
2.355000E-8	6.810693E-3
2.360000E-8	7.314300E-3
2.365000E-8	7.638048E-3
2.370000E-8	7.764806E-3
2.375000E-8	7.689436E-3
2.380000E-8	7.425642E-3
2.385000E-8	6.988840E-3
2.390000E-8	6.403011E-3
2.395000E-8	5.710979E-3
2.400000E-8	4.952142E-3
2.405000E-8	4.157333E-3
2.410000E-8	3.379654E-3
2.415000E-8	2.675632E-3
2.420000E-8	2.062395E-3
2.425000E-8	1.553649E-3
2.430000E-8	1.192217E-3
2.435000E-8	1.008931E-3
2.440000E-8	9.918017E-4
2.445000E-8	1.130551E-3
2.450000E-8	1.418326E-3
2.455000E-8	1.843138E-3
2.460000E-8	2.377578E-3
2.465000E-8	2.990814E-3
2.470000E-8	3.658865E-3
2.475000E-8	4.352610E-3
2.480000E-8	5.032651E-3
2.485000E-8	5.657878E-3
2.490000E-8	6.195744E-3
2.495000E-8	6.617130E-3
2.500000E-8	6.891202E-3
2.505000E-8	7.012821E-3
2.510000E-8	6.983701E-3
2.515000E-8	6.793564E-3
2.520000E-8	6.423566E-3
2.525000E-8	5.890839E-3
2.530000E-8	5.248483E-3
2.535000E-8	4.525618E-3
2.540000E-8	3.723957E-3
2.545000E-8	2.881186E-3
2.550000E-8	2.084664E-3
2.555000E-8	1.404623E-3
2.560000E-8	8.444880E-4
2.565000E-8	4.179634E-4
2.570000E-8	1.661598E-4
2.575000E-8	1.181972E-4
2.580000E-8	2.620850E-4
2.585000E-8	5.806937E-4
2.590000E-8	1.055181E-3
2.595000E-8	1.647862E-3
2.600000E-8	2.326190E-3
2.605000E-8	3.061045E-3
2.610000E-8	3.811317E-3
2.615000E-8	4.520479E-3
2.620000E-8	5.137141E-3
2.625000E-8	5.642461E-3
2.630000E-8	6.021023E-3
2.635000E-8	6.250558E-3
2.640000E-8	6.303660E-3
2.645000E-8	6.168337E-3
2.650000E-8	5.856580E-3
2.655000E-8	5.395796E-3
2.660000E-8	4.809967E-3
2.665000E-8	4.111084E-3
2.670000E-8	3.336830E-3
2.675000E-8	2.554012E-3
2.680000E-8	1.808879E-3
2.685000E-8	1.132264E-3
2.690000E-8	5.567124E-4
2.695000E-8	1.284749E-4
2.700000E-8	-1.336065E-4
2.705000E-8	-2.261058E-4
2.710000E-8	-1.370324E-4
2.715000E-8	1.404655E-4
2.720000E-8	5.721289E-4
2.725000E-8	1.127125E-3
2.730000E-8	1.781472E-3
2.735000E-8	2.502624E-3
2.740000E-8	3.239192E-3
2.745000E-8	3.946641E-3
2.750000E-8	4.600987E-3
2.755000E-8	5.173113E-3
2.760000E-8	5.635609E-3
2.765000E-8	5.955931E-3
2.770000E-8	6.118661E-3
2.775000E-8	6.116948E-3
2.780000E-8	5.950792E-3
2.785000E-8	5.630470E-3
2.790000E-8	5.167974E-3
2.795000E-8	4.588997E-3
2.800000E-8	3.927798E-3
2.805000E-8	3.211785E-3
2.810000E-8	2.483781E-3
2.815000E-8	1.795175E-3
2.820000E-8	1.168236E-3
2.825000E-8	6.303692E-4
2.830000E-8	2.278260E-4
2.835000E-8	-3.422300E-6
2.840000E-8	-6.680145E-5
2.845000E-8	3.597555E-5
2.850000E-8	3.049087E-4
2.855000E-8	7.348592E-4
2.860000E-8	1.308697E-3
2.865000E-8	1.987026E-3
2.870000E-8	2.718455E-3
2.875000E-8	3.451598E-3
2.880000E-8	4.155620E-3
2.885000E-8	4.797977E-3
2.890000E-8	5.337556E-3
2.895000E-8	5.729822E-3
2.900000E-8	5.949079E-3
2.905000E-8	5.979912E-3
2.910000E-8	5.832599E-3
2.915000E-8	5.517416E-3
2.920000E-8	5.036077E-3
2.925000E-8	4.414276E-3
2.930000E-8	3.701689E-3
2.935000E-8	2.951417E-3
2.940000E-8	2.194293E-3
2.945000E-8	1.469715E-3
2.950000E-8	8.222196E-4
2.955000E-8	2.757886E-4
2.960000E-8	-1.507360E-4
2.965000E-8	-4.196692E-4
2.970000E-8	-5.070296E-4
2.975000E-8	-4.213821E-4
2.980000E-8	-1.730044E-4
2.985000E-8	2.312519E-4
2.990000E-8	7.571275E-4
2.995000E-8	1.363512E-3
3.000000E-8	2.029849E-3
3.005000E-8	2.718455E-3
3.010000E-8	3.372802E-3
3.015000E-8	3.962057E-3
3.020000E-8	4.469090E-3
3.025000E-8	4.859643E-3
3.030000E-8	5.116585E-3
3.035000E-8	5.241631E-3
3.040000E-8	5.221075E-3
3.045000E-8	5.037790E-3
3.050000E-8	4.707190E-3
3.055000E-8	4.260110E-3
3.060000E-8	3.722244E-3
3.065000E-8	3.143267E-3
3.070000E-8	2.554012E-3
3.075000E-8	1.963044E-3
3.080000E-8	1.390919E-3
3.085000E-8	8.804599E-4
3.090000E-8	4.659260E-4
3.095000E-8	1.593080E-4
3.100000E-8	-2.397770E-5
3.105000E-8	-5.823670E-5
3.110000E-8	5.653095E-5
3.115000E-8	3.083346E-4
3.120000E-8	6.834707E-4
3.125000E-8	1.163097E-3
3.130000E-8	1.721518E-3
3.135000E-8	2.315912E-3
3.140000E-8	2.920583E-3
3.145000E-8	3.511551E-3
3.150000E-8	4.057982E-3
3.155000E-8	4.522192E-3
3.160000E-8	4.873346E-3
3.165000E-8	5.106308E-3
3.170000E-8	5.214224E-3
3.175000E-8	5.171400E-3
3.180000E-8	4.962420E-3
3.185000E-8	4.606126E-3
3.190000E-8	4.114510E-3
3.195000E-8	3.508125E-3
3.200000E-8	2.829797E-3
3.205000E-8	2.105219E-3
3.210000E-8	1.361799E-3
3.215000E-8	6.543505E-4
3.220000E-8	4.282735E-5
3.225000E-8	-4.539282E-4
3.230000E-8	-8.222124E-4
3.235000E-8	-1.036331E-3
3.240000E-8	-1.082581E-3
3.245000E-8	-9.678132E-4
3.250000E-8	-6.834635E-4
3.255000E-8	-2.483742E-4
3.260000E-8	2.963440E-4
3.265000E-8	9.147189E-4
3.270000E-8	1.569066E-3
3.275000E-8	2.209709E-3
3.280000E-8	2.792112E-3
3.285000E-8	3.288868E-3
3.290000E-8	3.675994E-3
3.295000E-8	3.934650E-3
3.300000E-8	4.075112E-3
3.305000E-8	4.105945E-3
3.310000E-8	4.013446E-3
3.315000E-8	3.777058E-3
3.320000E-8	3.425904E-3
3.325000E-8	3.018222E-3
3.330000E-8	2.577993E-3
3.335000E-8	2.105219E-3
3.340000E-8	1.610177E-3
3.345000E-8	1.125412E-3
3.350000E-8	6.851836E-4
3.355000E-8	3.066217E-4
3.360000E-8	-3.422300E-6
3.365000E-8	-2.175411E-4
3.370000E-8	-3.066145E-4
3.375000E-8	-2.826332E-4
3.380000E-8	-1.558749E-4
3.385000E-8	7.366045E-5
3.390000E-8	3.991210E-4
3.395000E-8	7.930995E-4
3.400000E-8	1.252170E-3
3.405000E-8	1.764342E-3
3.410000E-8	2.283366E-3
3.415000E-8	2.773270E-3
3.420000E-8	3.215211E-3
3.425000E-8	3.585208E-3
3.430000E-8	3.854141E-3
3.435000E-8	4.018584E-3
3.440000E-8	4.075112E-3
3.445000E-8	4.006594E-3
3.450000E-8	3.819882E-3
3.455000E-8	3.530394E-3
3.460000E-8	3.139841E-3
3.465000E-8	2.651650E-3
3.470000E-8	2.117210E-3
3.475000E-8	1.587908E-3
3.480000E-8	1.080875E-3
3.485000E-8	6.098138E-4
3.490000E-8	2.158353E-4
3.495000E-8	-6.680145E-5
3.500000E-8	-2.432353E-4
3.505000E-8	-3.134663E-4
3.510000E-8	-2.449483E-4
3.515000E-8	-3.596835E-5
3.520000E-8	2.672238E-4
3.525000E-8	6.457858E-4
3.530000E-8	1.103143E-3
3.535000E-8	1.615315E-3
3.540000E-8	2.130913E-3
3.545000E-8	2.607114E-3
3.550000E-8	3.018222E-3
3.555000E-8	3.348821E-3
3.560000E-8	3.598912E-3
3.565000E-8	3.741087E-3
3.570000E-8	3.754790E-3
3.575000E-8	3.643448E-3
3.580000E-8	3.432756E-3
3.585000E-8	3.134702E-3
3.590000E-8	2.766418E-3
3.595000E-8	2.343319E-3
3.600000E-8	1.885962E-3
3.605000E-8	1.414900E-3
3.610000E-8	9.438391E-4
3.615000E-8	4.899073E-4
3.620000E-8	9.421585E-5
3.625000E-8	-2.004116E-4
3.630000E-8	-3.802713E-4
3.635000E-8	-4.470764E-4
3.640000E-8	-3.939749E-4
3.645000E-8	-2.209670E-4
3.650000E-8	5.824390E-5
3.655000E-8	4.231023E-4
3.660000E-8	8.667563E-4
3.665000E-8	1.372077E-3
3.670000E-8	1.911656E-3
3.675000E-8	2.444383E-3
3.680000E-8	2.937713E-3
3.685000E-8	3.369376E-3
3.690000E-8	3.727383E-3
3.695000E-8	3.994603E-3
3.700000E-8	4.145343E-3
3.705000E-8	4.171037E-3
3.710000E-8	4.090528E-3
3.715000E-8	3.910669E-3
3.720000E-8	3.619467E-3
3.725000E-8	3.230627E-3
3.730000E-8	2.778409E-3
3.735000E-8	2.290218E-3
3.740000E-8	1.774620E-3
3.745000E-8	1.259022E-3
3.750000E-8	7.793959E-4
3.755000E-8	3.700008E-4
3.760000E-8	4.967915E-5
3.765000E-8	-1.695785E-4
3.770000E-8	-2.860591E-4
3.775000E-8	-2.963368E-4
3.780000E-8	-1.969857E-4
3.785000E-8	1.370720E-5
3.790000E-8	3.340289E-4
3.795000E-8	7.245815E-4
3.800000E-8	1.145967E-3
3.805000E-8	1.596473E-3
3.810000E-8	2.067534E-3
3.815000E-8	2.519753E-3
3.820000E-8	2.910306E-3
3.825000E-8	3.228914E-3
3.830000E-8	3.461876E-3
3.835000E-8	3.590347E-3
3.840000E-8	3.610902E-3
3.845000E-8	3.538958E-3
3.850000E-8	3.376228E-3
3.855000E-8	3.131276E-3
3.860000E-8	2.819519E-3
3.865000E-8	2.458087E-3
3.870000E-8	2.062395E-3
3.875000E-8	1.642723E-3
3.880000E-8	1.217911E-3
3.885000E-8	8.050901E-4
3.890000E-8	4.282411E-4
3.895000E-8	1.216231E-4
3.900000E-8	-8.050505E-5
3.905000E-8	-1.884209E-4
3.910000E-8	-2.089763E-4
3.915000E-8	-1.113382E-4
3.920000E-8	1.130583E-4
3.925000E-8	4.265282E-4
3.930000E-8	8.068031E-4
3.935000E-8	1.247031E-3
3.940000E-8	1.707815E-3
3.945000E-8	2.151469E-3
3.950000E-8	2.574568E-3
3.955000E-8	2.958268E-3
3.960000E-8	3.263173E-3
3.965000E-8	3.477292E-3
3.970000E-8	3.592060E-3
3.975000E-8	3.585208E-3
3.980000E-8	3.455024E-3
3.985000E-8	3.216924E-3
3.990000E-8	2.877760E-3
3.995000E-8	2.466652E-3
4.000000E-8	2.029849E-3
4.005000E-8	1.586195E-3
4.010000E-8	1.144254E-3
4.015000E-8	7.485628E-4
4.020000E-8	4.299541E-4
4.025000E-8	1.798634E-4
4.030000E-8	3.429500E-6
4.035000E-8	-7.194030E-5
4.040000E-8	-4.282015E-5
4.045000E-8	8.565110E-5
4.050000E-8	2.946310E-4
4.055000E-8	5.704160E-4
4.060000E-8	8.890247E-4
4.065000E-8	1.226476E-3
4.070000E-8	1.560501E-3
4.075000E-8	1.879110E-3
4.080000E-8	2.173737E-3
4.085000E-8	2.430680E-3
4.090000E-8	2.632808E-3
4.095000E-8	2.766418E-3
4.100000E-8	2.840075E-3
4.105000E-8	2.860630E-3
4.110000E-8	2.821232E-3
4.115000E-8	2.716742E-3
4.120000E-8	2.557438E-3
4.125000E-8	2.365588E-3
4.130000E-8	2.142904E-3
4.135000E-8	1.880823E-3
4.140000E-8	1.589621E-3
4.145000E-8	1.293281E-3
4.150000E-8	1.008931E-3
4.155000E-8	7.365721E-4
4.160000E-8	4.967591E-4
4.165000E-8	3.186123E-4
4.170000E-8	2.072706E-4
4.175000E-8	1.695857E-4
4.180000E-8	2.175483E-4
4.185000E-8	3.477325E-4
4.190000E-8	5.464347E-4
4.195000E-8	8.239326E-4
4.200000E-8	1.185365E-3
4.205000E-8	1.594760E-3
4.210000E-8	2.012720E-3
4.215000E-8	2.422115E-3
4.220000E-8	2.785260E-3
4.225000E-8	3.073036E-3
4.230000E-8	3.276877E-3
4.235000E-8	3.384793E-3
4.240000E-8	3.383080E-3
4.245000E-8	3.273451E-3
4.250000E-8	3.054194E-3
4.255000E-8	2.725307E-3
4.260000E-8	2.338180E-3
4.265000E-8	1.947628E-3
4.270000E-8	1.546797E-3
4.275000E-8	1.144254E-3
4.280000E-8	8.016642E-4
4.285000E-8	5.378699E-4
4.290000E-8	3.443066E-4
4.295000E-8	2.346778E-4
4.300000E-8	2.244001E-4
4.305000E-8	2.946310E-4
4.310000E-8	4.368059E-4
4.315000E-8	6.406469E-4
4.320000E-8	8.855988E-4
4.325000E-8	1.156245E-3
4.330000E-8	1.452585E-3
4.335000E-8	1.750639E-3
4.340000E-8	2.028136E-3
4.345000E-8	2.274801E-3
4.350000E-8	2.480355E-3
4.355000E-8	2.627669E-3
4.360000E-8	2.720168E-3
4.365000E-8	2.762992E-3
4.370000E-8	2.745863E-3
4.375000E-8	2.667067E-3
4.380000E-8	2.543734E-3
4.385000E-8	2.386143E-3
4.390000E-8	2.194293E-3
4.395000E-8	1.975035E-3
4.400000E-8	1.733509E-3
4.405000E-8	1.495409E-3
4.410000E-8	1.269300E-3
4.415000E-8	1.044903E-3
4.420000E-8	8.153678E-4
4.425000E-8	6.029620E-4
4.430000E-8	4.436577E-4
4.435000E-8	3.494454E-4
4.440000E-8	3.117605E-4
4.445000E-8	3.323159E-4
4.450000E-8	4.265282E-4
4.455000E-8	5.978232E-4
4.460000E-8	8.273585E-4
4.465000E-8	1.098005E-3
4.470000E-8	1.413187E-3
4.475000E-8	1.762629E-3
4.480000E-8	2.117210E-3
4.485000E-8	2.449522E-3
4.490000E-8	2.739011E-3
4.495000E-8	2.963407E-3
4.500000E-8	3.109008E-3
4.505000E-8	3.174100E-3
4.510000E-8	3.153545E-3
4.515000E-8	3.043916E-3
4.520000E-8	2.858917E-3
4.525000E-8	2.622530E-3
4.530000E-8	2.351884E-3
4.535000E-8	2.055544E-3
4.540000E-8	1.752352E-3
4.545000E-8	1.462863E-3
4.550000E-8	1.204207E-3
4.555000E-8	9.918017E-4
4.560000E-8	8.307844E-4
4.565000E-8	7.245815E-4
4.570000E-8	6.886095E-4
4.575000E-8	7.194426E-4
4.580000E-8	7.862477E-4
4.585000E-8	8.890247E-4
4.590000E-8	1.048329E-3
4.595000E-8	1.252170E-3
4.600000E-8	1.469715E-3
4.605000E-8	1.694111E-3
4.610000E-8	1.927072E-3
4.615000E-8	2.158321E-3
4.620000E-8	2.372439E-3
4.625000E-8	2.564290E-3
4.630000E-8	2.713316E-3
4.635000E-8	2.810955E-3
4.640000E-8	2.850352E-3
4.645000E-8	2.819519E-3
4.650000E-8	2.723594E-3
4.655000E-8	2.584845E-3
4.660000E-8	2.394708E-3
4.665000E-8	2.146330E-3
4.670000E-8	1.863693E-3
4.675000E-8	1.582769E-3
4.680000E-8	1.306984E-3
4.685000E-8	1.050042E-3
4.690000E-8	8.256455E-4
4.695000E-8	6.406469E-4
4.700000E-8	5.070368E-4
4.705000E-8	4.436577E-4
4.710000E-8	4.470836E-4
4.715000E-8	5.070368E-4
4.720000E-8	6.337951E-4
4.725000E-8	8.222196E-4
4.730000E-8	1.050042E-3
4.735000E-8	1.324114E-3
4.740000E-8	1.641010E-3
4.745000E-8	1.969896E-3
4.750000E-8	2.281653E-3
4.755000E-8	2.560864E-3
4.760000E-8	2.774983E-3
4.765000E-8	2.913732E-3
4.770000E-8	2.983963E-3
4.775000E-8	2.973685E-3
4.780000E-8	2.877760E-3
4.785000E-8	2.721881E-3
4.790000E-8	2.523179E-3
4.795000E-8	2.274801E-3
4.800000E-8	1.988739E-3
4.805000E-8	1.697537E-3
4.810000E-8	1.408049E-3
4.815000E-8	1.128838E-3
4.820000E-8	8.890247E-4
4.825000E-8	7.091649E-4
4.830000E-8	5.926843E-4
4.835000E-8	5.430088E-4
4.840000E-8	5.635642E-4
4.845000E-8	6.492117E-4
4.850000E-8	8.033772E-4
4.855000E-8	1.014070E-3
4.860000E-8	1.257309E-3
4.865000E-8	1.507400E-3
4.870000E-8	1.752352E-3
4.875000E-8	1.990452E-3
4.880000E-8	2.216561E-3
4.885000E-8	2.415263E-3
4.890000E-8	2.574568E-3
4.895000E-8	2.692761E-3
4.900000E-8	2.757853E-3
4.905000E-8	2.751001E-3
4.910000E-8	2.665354E-3
4.915000E-8	2.518040E-3
4.920000E-8	2.329616E-3
4.925000E-8	2.115497E-3
4.930000E-8	1.889388E-3
4.935000E-8	1.656426E-3
4.940000E-8	1.426891E-3
4.945000E-8	1.221337E-3
4.950000E-8	1.046616E-3
4.955000E-8	8.993024E-4
4.960000E-8	7.948124E-4
4.965000E-8	7.519887E-4
4.970000E-8	7.656923E-4
4.975000E-8	8.290714E-4
4.980000E-8	9.335614E-4
4.985000E-8	1.063746E-3
4.990000E-8	1.202495E-3
4.995000E-8	1.356660E-3
5.000000E-8	1.519390E-3
5.005000E-8	1.683834E-3
5.010000E-8	1.853416E-3
5.015000E-8	2.029849E-3
5.020000E-8	2.189154E-3
5.025000E-8	2.322764E-3
5.030000E-8	2.437532E-3
5.035000E-8	2.514614E-3
5.040000E-8	2.542021E-3
5.045000E-8	2.530031E-3
5.050000E-8	2.463226E-3
5.055000E-8	2.321051E-3
5.060000E-8	2.118923E-3
5.065000E-8	1.879110E-3
5.070000E-8	1.591334E-3
5.075000E-8	1.267587E-3
5.080000E-8	9.541168E-4
5.085000E-8	6.714800E-4
5.090000E-8	4.213893E-4
5.095000E-8	2.449555E-4
5.100000E-8	1.541691E-4
5.105000E-8	1.233360E-4
5.110000E-8	1.593080E-4
5.115000E-8	2.894922E-4
5.120000E-8	4.916203E-4
5.125000E-8	7.417110E-4
5.130000E-8	1.048329E-3
5.135000E-8	1.375502E-3
5.140000E-8	1.678695E-3
5.145000E-8	1.952767E-3
5.150000E-8	2.192580E-3
5.155000E-8	2.346745E-3
5.160000E-8	2.416976E-3
5.165000E-8	2.449522E-3
5.170000E-8	2.425541E-3
5.175000E-8	2.314199E-3
5.180000E-8	2.154895E-3
5.185000E-8	1.983600E-3
5.190000E-8	1.791749E-3
5.195000E-8	1.584482E-3
5.200000E-8	1.394345E-3
5.205000E-8	1.231615E-3
5.210000E-8	1.101430E-3
5.215000E-8	1.012357E-3
5.220000E-8	9.592556E-4
5.225000E-8	9.438391E-4
5.230000E-8	9.712463E-4
5.235000E-8	1.019209E-3
5.240000E-8	1.063746E-3
5.245000E-8	1.121986E-3
5.250000E-8	1.212772E-3
5.255000E-8	1.312123E-3
5.260000E-8	1.401197E-3
5.265000E-8	1.495409E-3
5.270000E-8	1.596473E-3
5.275000E-8	1.694111E-3
5.280000E-8	1.783185E-3
5.285000E-8	1.849990E-3
5.290000E-8	1.894526E-3
5.295000E-8	1.913369E-3
5.300000E-8	1.897952E-3
5.305000E-8	1.843138E-3
5.310000E-8	1.757490E-3
5.315000E-8	1.653000E-3
5.320000E-8	1.524529E-3
5.325000E-8	1.378928E-3
5.330000E-8	1.226476E-3
5.335000E-8	1.080875E-3
5.340000E-8	9.626815E-4
5.345000E-8	8.770340E-4
5.350000E-8	8.085160E-4
5.355000E-8	7.622664E-4
5.360000E-8	7.502757E-4
5.365000E-8	7.674052E-4
5.370000E-8	8.033772E-4
5.375000E-8	8.633304E-4
5.380000E-8	9.369873E-4
5.385000E-8	1.020922E-3
5.390000E-8	1.123699E-3
5.395000E-8	1.241892E-3
5.400000E-8	1.363512E-3
5.405000E-8	1.500548E-3
5.410000E-8	1.656426E-3
5.415000E-8	1.807166E-3
5.420000E-8	1.942489E-3
5.425000E-8	2.069247E-3
5.430000E-8	2.166885E-3
5.435000E-8	2.219987E-3
5.440000E-8	2.238829E-3
5.445000E-8	2.207996E-3
5.450000E-8	2.110358E-3
5.455000E-8	1.969896E-3
5.460000E-8	1.798601E-3
5.465000E-8	1.594760E-3
5.470000E-8	1.363512E-3
5.475000E-8	1.140828E-3
5.480000E-8	9.352743E-4
5.485000E-8	7.468498E-4
5.490000E-8	5.926843E-4
5.495000E-8	4.813426E-4
5.500000E-8	4.145375E-4
5.505000E-8	3.956951E-4
5.510000E-8	4.402318E-4
5.515000E-8	5.481476E-4
5.520000E-8	6.988872E-4
5.525000E-8	8.718952E-4
5.530000E-8	1.065459E-3
5.535000E-8	1.276151E-3
5.540000E-8	1.490270E-3
5.545000E-8	1.704389E-3
5.550000E-8	1.913369E-3
5.555000E-8	2.103506E-3
5.560000E-8	2.242255E-3
5.565000E-8	2.322764E-3
5.570000E-8	2.350171E-3
5.575000E-8	2.326190E-3
5.580000E-8	2.245681E-3
5.585000E-8	2.118923E-3
5.590000E-8	1.968183E-3
5.595000E-8	1.784898E-3
5.600000E-8	1.582769E-3
5.605000E-8	1.404623E-3
5.610000E-8	1.262448E-3
5.615000E-8	1.128838E-3
5.620000E-8	1.010644E-3
5.625000E-8	9.421261E-4
5.630000E-8	9.181448E-4
5.635000E-8	9.181448E-4
5.640000E-8	9.387002E-4
5.645000E-8	9.746722E-4
5.650000E-8	1.020922E-3
5.655000E-8	1.099718E-3
5.660000E-8	1.214485E-3
5.665000E-8	1.342956E-3
5.670000E-8	1.478279E-3
5.675000E-8	1.613603E-3
5.680000E-8	1.736935E-3
5.685000E-8	1.856841E-3
5.690000E-8	1.978461E-3
5.695000E-8	2.076099E-3
5.700000E-8	2.124062E-3
5.705000E-8	2.130913E-3
5.710000E-8	2.096654E-3
5.715000E-8	2.009294E-3
5.720000E-8	1.879110E-3
5.725000E-8	1.718093E-3
5.730000E-8	1.533094E-3
5.735000E-8	1.346382E-3
5.740000E-8	1.180226E-3
5.745000E-8	1.027774E-3
5.750000E-8	8.890247E-4
5.755000E-8	7.742570E-4
5.760000E-8	6.937484E-4
5.765000E-8	6.389340E-4
5.770000E-8	6.115268E-4
5.775000E-8	6.063879E-4
5.780000E-8	6.286563E-4
5.785000E-8	6.903225E-4
5.790000E-8	7.999513E-4
5.795000E-8	9.284225E-4
5.800000E-8	1.067171E-3
5.805000E-8	1.224763E-3
5.810000E-8	1.396058E-3
5.815000E-8	1.557075E-3
5.820000E-8	1.688972E-3
5.825000E-8	1.791749E-3
5.830000E-8	1.856841E-3
5.835000E-8	1.867119E-3
5.840000E-8	1.810592E-3
5.845000E-8	1.707815E-3
5.850000E-8	1.575918E-3
5.855000E-8	1.438882E-3
5.860000E-8	1.305272E-3
5.865000E-8	1.190504E-3
5.870000E-8	1.098005E-3
5.875000E-8	1.026061E-3
5.880000E-8	9.798110E-4
5.885000E-8	9.678204E-4
5.890000E-8	9.866628E-4
5.895000E-8	1.024348E-3
5.900000E-8	1.079162E-3
5.905000E-8	1.151106E-3
5.910000E-8	1.236754E-3
5.915000E-8	1.329253E-3
5.920000E-8	1.409761E-3
5.925000E-8	1.476567E-3
5.930000E-8	1.536520E-3
5.935000E-8	1.594760E-3
5.940000E-8	1.634158E-3
5.945000E-8	1.661565E-3
5.950000E-8	1.692398E-3
5.955000E-8	1.716380E-3
5.960000E-8	1.718093E-3
5.965000E-8	1.719805E-3
5.970000E-8	1.724944E-3
5.975000E-8	1.706102E-3
5.980000E-8	1.671843E-3
5.985000E-8	1.637584E-3
5.990000E-8	1.593047E-3
5.995000E-8	1.536520E-3
6.000000E-8	1.490270E-3
6.005000E-8	1.438882E-3
6.010000E-8	1.349808E-3
6.015000E-8	1.247031E-3
6.020000E-8	1.156245E-3
6.025000E-8	1.056894E-3
6.030000E-8	9.455520E-4
6.035000E-8	8.599045E-4
6.040000E-8	8.102290E-4
6.045000E-8	7.913865E-4
6.050000E-8	8.136549E-4
6.055000E-8	8.770340E-4
6.060000E-8	9.558297E-4
6.065000E-8	1.048329E-3
6.070000E-8	1.154532E-3
6.075000E-8	1.264161E-3
6.080000E-8	1.377215E-3
6.085000E-8	1.486844E-3
6.090000E-8	1.572492E-3
6.095000E-8	1.641010E-3
6.100000E-8	1.699250E-3
6.105000E-8	1.726657E-3
6.110000E-8	1.711241E-3
6.115000E-8	1.682121E-3
6.120000E-8	1.642723E-3
6.125000E-8	1.557075E-3
6.130000E-8	1.438882E-3
6.135000E-8	1.329253E-3
6.140000E-8	1.231615E-3
6.145000E-8	1.128838E-3
6.150000E-8	1.020922E-3
6.155000E-8	9.249966E-4
6.160000E-8	8.599045E-4
6.165000E-8	8.290714E-4
6.170000E-8	8.050901E-4
6.175000E-8	7.845347E-4
6.180000E-8	7.930995E-4
6.185000E-8	8.359232E-4
6.190000E-8	8.975894E-4
6.195000E-8	9.798110E-4
6.200000E-8	1.075736E-3
6.205000E-8	1.152819E-3
6.210000E-8	1.214485E-3
6.215000E-8	1.286429E-3
6.220000E-8	1.353234E-3
6.225000E-8	1.396058E-3
6.230000E-8	1.444020E-3
6.235000E-8	1.491983E-3
6.240000E-8	1.507400E-3
6.245000E-8	1.491983E-3
6.250000E-8	1.456011E-3
6.255000E-8	1.382354E-3
6.260000E-8	1.271013E-3
6.265000E-8	1.154532E-3
6.270000E-8	1.027774E-3
6.275000E-8	8.890247E-4
6.280000E-8	7.759700E-4
6.285000E-8	6.988872E-4
6.290000E-8	6.320822E-4
6.295000E-8	5.772678E-4
6.300000E-8	5.652771E-4
6.305000E-8	6.012491E-4
6.310000E-8	6.783318E-4
6.315000E-8	7.999513E-4
6.320000E-8	9.558297E-4
6.325000E-8	1.139115E-3
6.330000E-8	1.330966E-3
6.335000E-8	1.498835E-3
6.340000E-8	1.622167E-3
6.345000E-8	1.723231E-3
6.350000E-8	1.802027E-3
6.355000E-8	1.831147E-3
6.360000E-8	1.807166E-3
6.365000E-8	1.738648E-3
6.370000E-8	1.629019E-3
6.375000E-8	1.481705E-3
6.380000E-8	1.318975E-3
6.385000E-8	1.147680E-3
6.390000E-8	9.763851E-4
6.395000E-8	8.324973E-4
6.400000E-8	7.280074E-4
6.405000E-8	6.577764E-4
6.410000E-8	6.286563E-4
6.415000E-8	6.372210E-4
6.420000E-8	6.663412E-4
6.425000E-8	7.160167E-4
6.430000E-8	7.948124E-4
6.435000E-8	8.873117E-4
6.440000E-8	9.746722E-4
6.445000E-8	1.067171E-3
6.450000E-8	1.157958E-3
6.455000E-8	1.233328E-3
6.460000E-8	1.294994E-3
6.465000E-8	1.342956E-3
6.470000E-8	1.368651E-3
6.475000E-8	1.384067E-3
6.480000E-8	1.399484E-3
6.485000E-8	1.404623E-3
6.490000E-8	1.408049E-3
6.495000E-8	1.418326E-3
6.500000E-8	1.414900E-3
6.505000E-8	1.397771E-3
6.510000E-8	1.392632E-3
6.515000E-8	1.392632E-3
6.520000E-8	1.373790E-3
6.525000E-8	1.361799E-3
6.530000E-8	1.387493E-3
6.535000E-8	1.413187E-3
6.540000E-8	1.411474E-3
6.545000E-8	1.397771E-3
6.550000E-8	1.377215E-3
6.555000E-8	1.339531E-3
6.560000E-8	1.288142E-3
6.565000E-8	1.229902E-3
6.570000E-8	1.171661E-3
6.575000E-8	1.137402E-3
6.580000E-8	1.140828E-3
6.585000E-8	1.168236E-3
6.590000E-8	1.207633E-3
6.595000E-8	1.262448E-3
6.600000E-8	1.324114E-3
6.605000E-8	1.380641E-3
6.610000E-8	1.437169E-3
6.615000E-8	1.488557E-3
6.620000E-8	1.521103E-3
6.625000E-8	1.533094E-3
6.630000E-8	1.536520E-3
6.635000E-8	1.522816E-3
6.640000E-8	1.497122E-3
6.645000E-8	1.469715E-3
6.650000E-8	1.440595E-3
6.655000E-8	1.380641E-3
6.660000E-8	1.301846E-3
6.665000E-8	1.229902E-3
6.670000E-8	1.166523E-3
6.675000E-8	1.104856E-3
6.680000E-8	1.060320E-3
6.685000E-8	1.026061E-3
6.690000E-8	9.900887E-4
6.695000E-8	9.609686E-4
6.700000E-8	9.575427E-4
6.705000E-8	9.643945E-4
6.710000E-8	9.763851E-4
6.715000E-8	1.008931E-3
6.720000E-8	1.070597E-3
6.725000E-8	1.144254E-3
6.730000E-8	1.211059E-3
6.735000E-8	1.269300E-3
6.740000E-8	1.313836E-3
6.745000E-8	1.336105E-3
6.750000E-8	1.339531E-3
6.755000E-8	1.342956E-3
6.760000E-8	1.354947E-3
6.765000E-8	1.372077E-3
6.770000E-8	1.389206E-3
6.775000E-8	1.402910E-3
6.780000E-8	1.402910E-3
6.785000E-8	1.380641E-3
6.790000E-8	1.332679E-3
6.795000E-8	1.255596E-3
6.800000E-8	1.168236E-3
6.805000E-8	1.082588E-3
6.810000E-8	9.952276E-4
6.815000E-8	9.078671E-4
6.820000E-8	8.359232E-4
6.825000E-8	7.845347E-4
6.830000E-8	7.399980E-4
6.835000E-8	7.245815E-4
6.840000E-8	7.519887E-4
6.845000E-8	8.050901E-4
6.850000E-8	8.804599E-4
6.855000E-8	9.763851E-4
6.860000E-8	1.070597E-3
6.865000E-8	1.164810E-3
6.870000E-8	1.259022E-3
6.875000E-8	1.329253E-3
6.880000E-8	1.360086E-3
6.885000E-8	1.375502E-3
6.890000E-8	1.382354E-3
6.895000E-8	1.363512E-3
6.900000E-8	1.337818E-3
6.905000E-8	1.334392E-3
6.910000E-8	1.339531E-3
6.915000E-8	1.341243E-3
6.920000E-8	1.353234E-3
6.925000E-8	1.387493E-3
6.930000E-8	1.435456E-3
6.935000E-8	1.479992E-3
6.940000E-8	1.512538E-3
6.945000E-8	1.527955E-3
6.950000E-8	1.522816E-3
6.955000E-8	1.488557E-3
6.960000E-8	1.430317E-3
6.965000E-8	1.361799E-3
6.970000E-8	1.296707E-3
6.975000E-8	1.236754E-3
6.980000E-8	1.190504E-3
6.985000E-8	1.161384E-3
6.990000E-8	1.144254E-3
6.995000E-8	1.142541E-3
7.000000E-8	1.178513E-3
7.005000E-8	1.247031E-3
7.010000E-8	1.318975E-3
7.015000E-8	1.385780E-3
7.020000E-8	1.459437E-3
7.025000E-8	1.529668E-3
7.030000E-8	1.570779E-3
7.035000E-8	1.562214E-3
7.040000E-8	1.514251E-3
7.045000E-8	1.442308E-3
7.050000E-8	1.354947E-3
7.055000E-8	1.252170E-3
7.060000E-8	1.149393E-3
7.065000E-8	1.062033E-3
7.070000E-8	9.900887E-4
7.075000E-8	9.369873E-4
7.080000E-8	9.095801E-4
7.085000E-8	9.112930E-4
7.090000E-8	9.387002E-4
7.095000E-8	9.849499E-4
7.100000E-8	1.041477E-3
7.105000E-8	1.101430E-3
7.110000E-8	1.161384E-3
7.115000E-8	1.224763E-3
7.120000E-8	1.277864E-3
7.125000E-8	1.315549E-3
7.130000E-8	1.348095E-3
7.135000E-8	1.378928E-3
7.140000E-8	1.392632E-3
7.145000E-8	1.397771E-3
7.150000E-8	1.402910E-3
7.155000E-8	1.418326E-3
7.160000E-8	1.437169E-3
7.165000E-8	1.456011E-3
7.170000E-8	1.476567E-3
7.175000E-8	1.498835E-3
7.180000E-8	1.514251E-3
7.185000E-8	1.495409E-3
7.190000E-8	1.438882E-3
7.195000E-8	1.351521E-3
7.200000E-8	1.243605E-3
7.205000E-8	1.121986E-3
7.210000E-8	1.003792E-3
7.215000E-8	8.975894E-4
7.220000E-8	8.068031E-4
7.225000E-8	7.314333E-4
7.230000E-8	6.731930E-4
7.235000E-8	6.355081E-4
7.240000E-8	6.286563E-4
7.245000E-8	6.543505E-4
7.250000E-8	7.023131E-4
7.255000E-8	7.674052E-4
7.260000E-8	8.496268E-4
7.265000E-8	9.387002E-4
7.270000E-8	1.019209E-3
7.275000E-8	1.092866E-3
7.280000E-8	1.171661E-3
7.285000E-8	1.252170E-3
7.290000E-8	1.324114E-3
7.295000E-8	1.382354E-3
7.300000E-8	1.428604E-3
7.305000E-8	1.469715E-3
7.310000E-8	1.507400E-3
7.315000E-8	1.531381E-3
7.320000E-8	1.536520E-3
7.325000E-8	1.534807E-3
7.330000E-8	1.527955E-3
7.335000E-8	1.502261E-3
7.340000E-8	1.457724E-3
7.345000E-8	1.414900E-3
7.350000E-8	1.384067E-3
7.355000E-8	1.360086E-3
7.360000E-8	1.349808E-3
7.365000E-8	1.356660E-3
7.370000E-8	1.373790E-3
7.375000E-8	1.402910E-3
7.380000E-8	1.444020E-3
7.385000E-8	1.495409E-3
7.390000E-8	1.550223E-3
7.395000E-8	1.596473E-3
7.400000E-8	1.623880E-3
7.405000E-8	1.632445E-3
7.410000E-8	1.627306E-3
7.415000E-8	1.613603E-3
7.420000E-8	1.584482E-3
7.425000E-8	1.534807E-3
7.430000E-8	1.474854E-3
7.435000E-8	1.416613E-3
7.440000E-8	1.356660E-3
7.445000E-8	1.294994E-3
7.450000E-8	1.257309E-3
7.455000E-8	1.247031E-3
7.460000E-8	1.243605E-3
7.465000E-8	1.243605E-3
7.470000E-8	1.248744E-3
7.475000E-8	1.255596E-3
7.480000E-8	1.262448E-3
7.485000E-8	1.286429E-3
7.490000E-8	1.313836E-3
7.495000E-8	1.312123E-3
7.500000E-8	1.288142E-3
7.505000E-8	1.265874E-3
7.510000E-8	1.238466E-3
7.515000E-8	1.192217E-3
7.520000E-8	1.135689E-3
7.525000E-8	1.074023E-3
7.530000E-8	1.026061E-3
7.535000E-8	9.969405E-4
7.540000E-8	9.780981E-4
7.545000E-8	9.678204E-4
7.550000E-8	9.798110E-4
7.555000E-8	1.003792E-3
7.560000E-8	1.024348E-3
7.565000E-8	1.050042E-3
7.570000E-8	1.082588E-3
7.575000E-8	1.108282E-3
7.580000E-8	1.113421E-3
7.585000E-8	1.115134E-3
7.590000E-8	1.115134E-3
7.595000E-8	1.101430E-3
7.600000E-8	1.074023E-3
7.605000E-8	1.048329E-3
7.610000E-8	1.039764E-3
7.615000E-8	1.048329E-3
7.620000E-8	1.068884E-3
7.625000E-8	1.094579E-3
7.630000E-8	1.133977E-3
7.635000E-8	1.193930E-3
7.640000E-8	1.252170E-3
7.645000E-8	1.286429E-3
7.650000E-8	1.313836E-3
7.655000E-8	1.344669E-3
7.660000E-8	1.354947E-3
7.665000E-8	1.344669E-3
7.670000E-8	1.342956E-3
7.675000E-8	1.334392E-3
7.680000E-8	1.300133E-3
7.685000E-8	1.265874E-3
7.690000E-8	1.247031E-3
7.695000E-8	1.219624E-3
7.700000E-8	1.178513E-3
7.705000E-8	1.135689E-3
7.710000E-8	1.087727E-3
7.715000E-8	1.022635E-3
7.720000E-8	9.506909E-4
7.725000E-8	8.599045E-4
7.730000E-8	7.588405E-4
7.735000E-8	6.783318E-4
7.740000E-8	6.286563E-4
7.745000E-8	5.995361E-4
7.750000E-8	5.961102E-4
7.755000E-8	6.132397E-4
7.760000E-8	6.337951E-4
7.765000E-8	6.680541E-4
7.770000E-8	7.348592E-4
7.775000E-8	8.187937E-4
7.780000E-8	9.010153E-4
7.785000E-8	9.883758E-4
7.790000E-8	1.068884E-3
7.795000E-8	1.130551E-3
7.800000E-8	1.181939E-3
7.805000E-8	1.228189E-3
7.810000E-8	1.262448E-3
7.815000E-8	1.281290E-3
7.820000E-8	1.294994E-3
7.825000E-8	1.293281E-3
7.830000E-8	1.272725E-3
7.835000E-8	1.229902E-3
7.840000E-8	1.187078E-3
7.845000E-8	1.163097E-3
7.850000E-8	1.147680E-3
7.855000E-8	1.120273E-3
7.860000E-8	1.094579E-3
7.865000E-8	1.091153E-3
7.870000E-8	1.096292E-3
7.875000E-8	1.092866E-3
7.880000E-8	1.094579E-3
7.885000E-8	1.108282E-3
7.890000E-8	1.115134E-3
7.895000E-8	1.101430E-3
7.900000E-8	1.072310E-3
7.905000E-8	1.046616E-3
7.910000E-8	1.034625E-3
7.915000E-8	1.039764E-3
7.920000E-8	1.068884E-3
7.925000E-8	1.128838E-3
7.930000E-8	1.212772E-3
7.935000E-8	1.312123E-3
7.940000E-8	1.426891E-3
7.945000E-8	1.550223E-3
7.950000E-8	1.666704E-3
7.955000E-8	1.766055E-3
7.960000E-8	1.839712E-3
7.965000E-8	1.870545E-3
7.970000E-8	1.853416E-3
7.975000E-8	1.786611E-3
7.980000E-8	1.676982E-3
7.985000E-8	1.545085E-3
7.990000E-8	1.420039E-3
7.995000E-8	1.312123E-3
8.000000E-8	1.224763E-3
8.005000E-8	1.168236E-3
8.010000E-8	1.147680E-3
8.015000E-8	1.154532E-3
8.020000E-8	1.192217E-3
8.025000E-8	1.260735E-3
8.030000E-8	1.348095E-3
8.035000E-8	1.435456E-3
8.040000E-8	1.498835E-3
8.045000E-8	1.536520E-3
8.050000E-8	1.555362E-3
8.055000E-8	1.551936E-3
8.060000E-8	1.510826E-3
8.065000E-8	1.447446E-3
8.070000E-8	1.373790E-3
8.075000E-8	1.286429E-3
8.080000E-8	1.183652E-3
8.085000E-8	1.074023E-3
8.090000E-8	9.746722E-4
8.095000E-8	8.993024E-4
8.100000E-8	8.462009E-4
8.105000E-8	8.153678E-4
8.110000E-8	8.136549E-4
8.115000E-8	8.290714E-4
8.120000E-8	8.444880E-4
8.125000E-8	8.564786E-4
8.130000E-8	8.701822E-4
8.135000E-8	8.736081E-4
8.140000E-8	8.667563E-4
8.145000E-8	8.530527E-4
8.150000E-8	8.273585E-4
8.155000E-8	7.879606E-4
8.160000E-8	7.519887E-4
8.165000E-8	7.177297E-4
8.170000E-8	6.783318E-4
8.175000E-8	6.423599E-4
8.180000E-8	6.132397E-4
8.185000E-8	5.858325E-4
8.190000E-8	5.704160E-4
8.195000E-8	5.875455E-4
8.200000E-8	6.269433E-4
8.205000E-8	6.868966E-4
8.210000E-8	7.811088E-4
8.215000E-8	9.130060E-4
8.220000E-8	1.058607E-3
8.225000E-8	1.207633E-3
8.230000E-8	1.351521E-3
8.235000E-8	1.474854E-3
8.240000E-8	1.558788E-3
8.245000E-8	1.596473E-3
8.250000E-8	1.589621E-3
8.255000E-8	1.527955E-3
8.260000E-8	1.404623E-3
8.265000E-8	1.229902E-3
8.270000E-8	1.032912E-3
8.275000E-8	8.290714E-4
8.280000E-8	6.372210E-4
8.285000E-8	4.899073E-4
8.290000E-8	3.956951E-4
8.295000E-8	3.511584E-4
8.300000E-8	3.545843E-4
8.305000E-8	3.974080E-4
8.310000E-8	4.830555E-4
8.315000E-8	6.132397E-4
8.320000E-8	7.622664E-4
8.325000E-8	8.993024E-4
8.330000E-8	1.024348E-3
8.335000E-8	1.147680E-3
8.340000E-8	1.253883E-3
8.345000E-8	1.320688E-3
8.350000E-8	1.353234E-3
8.355000E-8	1.358373E-3
8.360000E-8	1.341243E-3
8.365000E-8	1.308697E-3
8.370000E-8	1.265874E-3
8.375000E-8	1.221337E-3
8.380000E-8	1.171661E-3
8.385000E-8	1.113421E-3
8.390000E-8	1.060320E-3
8.395000E-8	1.024348E-3
8.400000E-8	9.969405E-4
8.405000E-8	9.763851E-4
8.410000E-8	9.763851E-4
8.415000E-8	9.849499E-4
8.420000E-8	9.883758E-4
8.425000E-8	9.883758E-4
8.430000E-8	9.969405E-4
8.435000E-8	1.014070E-3
8.440000E-8	1.034625E-3
8.445000E-8	1.050042E-3
8.450000E-8	1.048329E-3
8.455000E-8	1.032912E-3
8.460000E-8	1.032912E-3
8.465000E-8	1.044903E-3
8.470000E-8	1.044903E-3
8.475000E-8	1.022635E-3
8.480000E-8	9.866628E-4
8.485000E-8	9.472650E-4
8.490000E-8	9.044412E-4
8.495000E-8	8.513398E-4
8.500000E-8	7.759700E-4
8.505000E-8	6.971743E-4
8.510000E-8	6.474987E-4
8.515000E-8	6.200915E-4
8.520000E-8	5.943973E-4
8.525000E-8	5.772678E-4
8.530000E-8	5.841196E-4
8.535000E-8	6.235174E-4
8.540000E-8	7.006002E-4
8.545000E-8	8.085160E-4
8.550000E-8	9.181448E-4
8.555000E-8	1.014070E-3
8.560000E-8	1.098005E-3
8.565000E-8	1.168236E-3
8.570000E-8	1.205920E-3
8.575000E-8	1.211059E-3
8.580000E-8	1.197356E-3
8.585000E-8	1.169948E-3
8.590000E-8	1.139115E-3
8.595000E-8	1.113421E-3
8.600000E-8	1.096292E-3
8.605000E-8	1.096292E-3
8.610000E-8	1.120273E-3
8.615000E-8	1.169948E-3
8.620000E-8	1.233328E-3
8.625000E-8	1.308697E-3
8.630000E-8	1.390919E-3
8.635000E-8	1.481705E-3
8.640000E-8	1.575918E-3
8.645000E-8	1.651287E-3
8.650000E-8	1.673556E-3
8.655000E-8	1.653000E-3
8.660000E-8	1.613603E-3
8.665000E-8	1.541659E-3
8.670000E-8	1.425178E-3
8.675000E-8	1.289855E-3
8.680000E-8	1.149393E-3
8.685000E-8	9.883758E-4
8.690000E-8	8.393491E-4
8.695000E-8	7.399980E-4
8.700000E-8	6.817577E-4
8.705000E-8	6.594894E-4
8.710000E-8	6.851836E-4
8.715000E-8	7.434239E-4
8.720000E-8	8.170808E-4
8.725000E-8	9.147189E-4
8.730000E-8	1.039764E-3
8.735000E-8	1.168236E-3
8.740000E-8	1.277864E-3
8.745000E-8	1.361799E-3
8.750000E-8	1.413187E-3
8.755000E-8	1.432030E-3
8.760000E-8	1.432030E-3
8.765000E-8	1.414900E-3
8.770000E-8	1.389206E-3
8.775000E-8	1.360086E-3
8.780000E-8	1.320688E-3
8.785000E-8	1.283003E-3
8.790000E-8	1.271013E-3
8.795000E-8	1.288142E-3
8.800000E-8	1.305272E-3
8.805000E-8	1.313836E-3
8.810000E-8	1.315549E-3
8.815000E-8	1.298420E-3
8.820000E-8	1.262448E-3
8.825000E-8	1.217911E-3
8.830000E-8	1.164810E-3
8.835000E-8	1.120273E-3
8.840000E-8	1.082588E-3
8.845000E-8	1.051755E-3
8.850000E-8	1.026061E-3
8.855000E-8	1.027774E-3
8.860000E-8	1.062033E-3
8.865000E-8	1.130551E-3
8.870000E-8	1.228189E-3
8.875000E-8	1.339531E-3
8.880000E-8	1.449159E-3
8.885000E-8	1.551936E-3
8.890000E-8	1.630732E-3
8.895000E-8	1.668417E-3
8.900000E-8	1.658139E-3
8.905000E-8	1.608464E-3
8.910000E-8	1.521103E-3
8.915000E-8	1.404623E-3
8.920000E-8	1.293281E-3
8.925000E-8	1.190504E-3
8.930000E-8	1.091153E-3
8.935000E-8	1.010644E-3
8.940000E-8	9.626815E-4
8.945000E-8	9.318484E-4
8.950000E-8	9.044412E-4
8.955000E-8	8.890247E-4
8.960000E-8	8.890247E-4
8.965000E-8	9.095801E-4
8.970000E-8	9.558297E-4
8.975000E-8	1.002079E-3
8.980000E-8	1.031200E-3
8.985000E-8	1.060320E-3
8.990000E-8	1.084301E-3
8.995000E-8	1.072310E-3
9.000000E-8	1.043190E-3
9.005000E-8	1.020922E-3
9.010000E-8	9.952276E-4
9.015000E-8	9.541168E-4
9.020000E-8	9.147189E-4
9.025000E-8	8.804599E-4
9.030000E-8	8.496268E-4
9.035000E-8	8.410621E-4
9.040000E-8	8.496268E-4
9.045000E-8	8.633304E-4
9.050000E-8	8.941635E-4
9.055000E-8	9.455520E-4
9.060000E-8	9.900887E-4
9.065000E-8	1.027774E-3
9.070000E-8	1.065459E-3
9.075000E-8	1.092866E-3
9.080000E-8	1.109995E-3
9.085000E-8	1.130551E-3
9.090000E-8	1.144254E-3
9.095000E-8	1.139115E-3
9.100000E-8	1.137402E-3
9.105000E-8	1.140828E-3
9.110000E-8	1.118560E-3
9.115000E-8	1.070597E-3
9.120000E-8	1.022635E-3
9.125000E-8	9.746722E-4
9.130000E-8	9.249966E-4
9.135000E-8	8.770340E-4
9.140000E-8	8.359232E-4
9.145000E-8	8.085160E-4
9.150000E-8	8.068031E-4
9.155000E-8	8.205067E-4
9.160000E-8	8.307844E-4
9.165000E-8	8.444880E-4
9.170000E-8	8.650434E-4
9.175000E-8	8.718952E-4
9.180000E-8	8.701822E-4
9.185000E-8	8.633304E-4
9.190000E-8	8.393491E-4
9.195000E-8	7.930995E-4
9.200000E-8	7.605534E-4
9.205000E-8	7.554146E-4
9.210000E-8	7.519887E-4
9.215000E-8	7.519887E-4
9.220000E-8	7.742570E-4
9.225000E-8	7.879606E-4
9.230000E-8	7.742570E-4
9.235000E-8	7.588405E-4
9.240000E-8	7.451369E-4
9.245000E-8	7.091649E-4
9.250000E-8	6.577764E-4
9.255000E-8	6.183786E-4
9.260000E-8	5.926843E-4
9.265000E-8	5.669901E-4
9.270000E-8	5.412958E-4
9.275000E-8	5.275922E-4
9.280000E-8	5.481476E-4
9.285000E-8	6.046750E-4
9.290000E-8	6.731930E-4
9.295000E-8	7.451369E-4
9.300000E-8	8.324973E-4
9.305000E-8	9.215707E-4
9.310000E-8	9.883758E-4
9.315000E-8	1.029487E-3
9.320000E-8	1.034625E-3
9.325000E-8	9.952276E-4
9.330000E-8	9.387002E-4
9.335000E-8	8.855988E-4
9.340000E-8	8.205067E-4
9.345000E-8	7.554146E-4
9.350000E-8	7.091649E-4
9.355000E-8	6.697671E-4
9.360000E-8	6.372210E-4
9.365000E-8	6.355081E-4
9.370000E-8	6.594894E-4
9.375000E-8	6.817577E-4
9.380000E-8	6.971743E-4
9.385000E-8	7.143038E-4
9.390000E-8	7.365721E-4
9.395000E-8	7.639793E-4
9.400000E-8	7.845347E-4
9.405000E-8	7.896736E-4
9.410000E-8	7.948124E-4
9.415000E-8	8.136549E-4
9.420000E-8	8.290714E-4
9.425000E-8	8.393491E-4
9.430000E-8	8.684693E-4
9.435000E-8	9.044412E-4
9.440000E-8	9.267096E-4
9.445000E-8	9.352743E-4
9.450000E-8	9.404132E-4
9.455000E-8	9.387002E-4
9.460000E-8	9.267096E-4
9.465000E-8	9.095801E-4
9.470000E-8	8.890247E-4
9.475000E-8	8.787470E-4
9.480000E-8	8.873117E-4
9.485000E-8	9.112930E-4
9.490000E-8	9.387002E-4
9.495000E-8	9.780981E-4
9.500000E-8	1.029487E-3
9.505000E-8	1.068884E-3
9.510000E-8	1.103143E-3
9.515000E-8	1.142541E-3
9.520000E-8	1.164810E-3
9.525000E-8	1.145967E-3
9.530000E-8	1.106569E-3
9.535000E-8	1.060320E-3
9.540000E-8	1.003792E-3
9.545000E-8	9.421261E-4
9.550000E-8	8.975894E-4
9.555000E-8	8.650434E-4
9.560000E-8	8.393491E-4
9.565000E-8	8.307844E-4
9.570000E-8	8.479139E-4
9.575000E-8	8.770340E-4
9.580000E-8	9.095801E-4
9.585000E-8	9.438391E-4
9.590000E-8	9.695333E-4
9.595000E-8	9.815240E-4
9.600000E-8	9.746722E-4
9.605000E-8	9.541168E-4
9.610000E-8	9.232837E-4
9.615000E-8	8.787470E-4
9.620000E-8	8.170808E-4
9.625000E-8	7.554146E-4
9.630000E-8	7.143038E-4
9.635000E-8	6.749059E-4
9.640000E-8	6.320822E-4
9.645000E-8	6.098138E-4
9.650000E-8	6.183786E-4
9.655000E-8	6.543505E-4
9.660000E-8	7.211556E-4
9.665000E-8	8.153678E-4
9.670000E-8	9.232837E-4
9.675000E-8	1.038051E-3
9.680000E-8	1.161384E-3
9.685000E-8	1.276151E-3
9.690000E-8	1.368651E-3
9.695000E-8	1.426891E-3
9.700000E-8	1.435456E-3
9.705000E-8	1.408049E-3
9.710000E-8	1.363512E-3
9.715000E-8	1.286429E-3
9.720000E-8	1.159671E-3
9.725000E-8	1.014070E-3
9.730000E-8	8.736081E-4
9.735000E-8	7.331462E-4
9.740000E-8	6.029620E-4
9.745000E-8	5.224534E-4
9.750000E-8	5.001850E-4
9.755000E-8	5.344440E-4
9.760000E-8	6.286563E-4
9.765000E-8	7.708311E-4
9.770000E-8	9.284225E-4
9.775000E-8	1.096292E-3
9.780000E-8	1.267587E-3
9.785000E-8	1.413187E-3
9.790000E-8	1.521103E-3
9.795000E-8	1.591334E-3
9.800000E-8	1.611890E-3
9.805000E-8	1.579344E-3
9.810000E-8	1.507400E-3
9.815000E-8	1.409761E-3
9.820000E-8	1.281290E-3
9.825000E-8	1.142541E-3
9.830000E-8	1.022635E-3
9.835000E-8	9.181448E-4
9.840000E-8	8.342103E-4
9.845000E-8	7.982383E-4
9.850000E-8	8.068031E-4
9.855000E-8	8.324973E-4
9.860000E-8	8.599045E-4
9.865000E-8	8.890247E-4
9.870000E-8	9.078671E-4
9.875000E-8	9.284225E-4
9.880000E-8	9.626815E-4
9.885000E-8	9.986535E-4
9.890000E-8	1.017496E-3
9.895000E-8	1.039764E-3
9.900000E-8	1.072310E-3
9.905000E-8	1.099718E-3
9.910000E-8	1.130551E-3
9.915000E-8	1.180226E-3
9.920000E-8	1.221337E-3
9.925000E-8	1.233328E-3
9.930000E-8	1.226476E-3
9.935000E-8	1.200782E-3
9.940000E-8	1.144254E-3
9.945000E-8	1.075736E-3
9.950000E-8	1.003792E-3
9.955000E-8	9.164319E-4
9.960000E-8	8.290714E-4
9.965000E-8	7.725441E-4
9.970000E-8	7.519887E-4
9.975000E-8	7.656923E-4
9.980000E-8	8.102290E-4
9.985000E-8	8.718952E-4
9.990000E-8	9.335614E-4
9.995000E-8	1.010644E-3
1.000000E-7	1.092866E-3
1.000500E-7	1.139115E-3
1.001000E-7	1.145967E-3
1.001500E-7	1.130551E-3
1.002000E-7	1.092866E-3
1.002500E-7	1.026061E-3
1.003000E-7	9.524038E-4
1.003500E-7	8.753211E-4
1.004000E-7	7.982383E-4
1.004500E-7	7.417110E-4
1.005000E-7	7.091649E-4
1.005500E-7	6.886095E-4
1.006000E-7	6.749059E-4
1.006500E-7	6.749059E-4
1.007000E-7	6.731930E-4
1.007500E-7	6.680541E-4
1.008000E-7	6.731930E-4
1.008500E-7	6.851836E-4
1.009000E-7	6.971743E-4
1.009500E-7	7.006002E-4
1.010000E-7	6.954613E-4
1.010500E-7	6.903225E-4
1.011000E-7	6.868966E-4
1.011500E-7	6.749059E-4
1.012000E-7	6.543505E-4
1.012500E-7	6.457858E-4
1.013000E-7	6.697671E-4
1.013500E-7	7.280074E-4
1.014000E-7	8.033772E-4
1.014500E-7	8.873117E-4
1.015000E-7	9.798110E-4
1.015500E-7	1.075736E-3
1.016000E-7	1.152819E-3
1.016500E-7	1.202495E-3
1.017000E-7	1.235041E-3
1.017500E-7	1.252170E-3
1.018000E-7	1.229902E-3
1.018500E-7	1.168236E-3
1.019000E-7	1.077449E-3
1.019500E-7	9.626815E-4
1.020000E-7	8.290714E-4
1.020500E-7	6.954613E-4
1.021000E-7	5.772678E-4
1.021500E-7	4.779167E-4
1.022000E-7	4.093987E-4
1.022500E-7	3.819915E-4
1.023000E-7	3.991210E-4
1.023500E-7	4.556483E-4
1.024000E-7	5.567124E-4
1.024500E-7	6.851836E-4
1.025000E-7	8.307844E-4
1.025500E-7	9.815240E-4
1.026000E-7	1.121986E-3
1.026500E-7	1.240179E-3
1.027000E-7	1.327540E-3
1.027500E-7	1.378928E-3
1.028000E-7	1.394345E-3
1.028500E-7	1.375502E-3
1.029000E-7	1.330966E-3
1.029500E-7	1.262448E-3
1.030000E-7	1.185365E-3
1.030500E-7	1.099718E-3
1.031000E-7	1.010644E-3
1.031500E-7	9.369873E-4
1.032000E-7	8.890247E-4
1.032500E-7	8.616175E-4
1.033000E-7	8.547657E-4
1.033500E-7	8.753211E-4
1.034000E-7	9.130060E-4
1.034500E-7	9.438391E-4
1.035000E-7	9.729592E-4
1.035500E-7	1.012357E-3
1.036000E-7	1.043190E-3
1.036500E-7	1.053468E-3
1.037000E-7	1.050042E-3
1.037500E-7	1.048329E-3
1.038000E-7	1.046616E-3
1.038500E-7	1.039764E-3
1.039000E-7	1.024348E-3
1.039500E-7	1.010644E-3
1.040000E-7	1.000366E-3
1.040500E-7	9.815240E-4
1.041000E-7	9.626815E-4
1.041500E-7	9.541168E-4
1.042000E-7	9.506909E-4
1.042500E-7	9.301355E-4
1.043000E-7	9.112930E-4
1.043500E-7	9.078671E-4
1.044000E-7	9.061542E-4
1.044500E-7	9.061542E-4
1.045000E-7	9.215707E-4
1.045500E-7	9.421261E-4
1.046000E-7	9.455520E-4
1.046500E-7	9.438391E-4
1.047000E-7	9.472650E-4
1.047500E-7	9.455520E-4
1.048000E-7	9.387002E-4
1.048500E-7	9.301355E-4
1.049000E-7	9.095801E-4
1.049500E-7	8.753211E-4
1.050000E-7	8.444880E-4
1.050500E-7	8.170808E-4
1.051000E-7	7.965254E-4
1.051500E-7	8.068031E-4
1.052000E-7	8.547657E-4
1.052500E-7	9.181448E-4
1.053000E-7	9.900887E-4
1.053500E-7	1.082588E-3
1.054000E-7	1.178513E-3
1.054500E-7	1.250457E-3
1.055000E-7	1.294994E-3
1.055500E-7	1.312123E-3
1.056000E-7	1.306984E-3
1.056500E-7	1.281290E-3
1.057000E-7	1.224763E-3
1.057500E-7	1.145967E-3
1.058000E-7	1.077449E-3
1.058500E-7	1.020922E-3
1.059000E-7	9.541168E-4
1.059500E-7	8.873117E-4
1.060000E-7	8.530527E-4
1.060500E-7	8.359232E-4
1.061000E-7	8.256455E-4
1.061500E-7	8.324973E-4
1.062000E-7	8.427750E-4
1.062500E-7	8.256455E-4
1.063000E-7	7.930995E-4
1.063500E-7	7.571275E-4
1.064000E-7	7.108779E-4
1.064500E-7	6.697671E-4
1.065000E-7	6.509246E-4
1.065500E-7	6.389340E-4
1.066000E-7	6.218045E-4
1.066500E-7	6.166656E-4
1.067000E-7	6.269433E-4
1.067500E-7	6.474987E-4
1.068000E-7	6.868966E-4
1.068500E-7	7.348592E-4
1.069000E-7	7.674052E-4
1.069500E-7	7.965254E-4
1.070000E-7	8.393491E-4
1.070500E-7	8.787470E-4
1.071000E-7	9.044412E-4
1.071500E-7	9.318484E-4
1.072000E-7	9.626815E-4
1.072500E-7	9.849499E-4
1.073000E-7	9.952276E-4
1.073500E-7	1.007218E-3
1.074000E-7	1.026061E-3
1.074500E-7	1.053468E-3
1.075000E-7	1.087727E-3
1.075500E-7	1.116847E-3
1.076000E-7	1.133977E-3
1.076500E-7	1.133977E-3
1.077000E-7	1.104856E-3
1.077500E-7	1.065459E-3
1.078000E-7	1.032912E-3
1.078500E-7	1.005505E-3
1.079000E-7	9.626815E-4
1.079500E-7	9.061542E-4
1.080000E-7	8.599045E-4
1.080500E-7	8.324973E-4
1.081000E-7	8.033772E-4
1.081500E-7	7.708311E-4
1.082000E-7	7.639793E-4
1.082500E-7	7.965254E-4
1.083000E-7	8.513398E-4
1.083500E-7	9.010153E-4
1.084000E-7	9.541168E-4
1.084500E-7	1.015783E-3
1.085000E-7	1.074023E-3
1.085500E-7	1.111708E-3
1.086000E-7	1.125412E-3
1.086500E-7	1.123699E-3
1.087000E-7	1.099718E-3
1.087500E-7	1.060320E-3
1.088000E-7	1.007218E-3
1.088500E-7	9.404132E-4
1.089000E-7	8.718952E-4
1.089500E-7	8.222196E-4
1.090000E-7	7.896736E-4
1.090500E-7	7.588405E-4
1.091000E-7	7.417110E-4
1.091500E-7	7.485628E-4
1.092000E-7	7.828218E-4
1.092500E-7	8.342103E-4
1.093000E-7	8.890247E-4
1.093500E-7	9.387002E-4
1.094000E-7	9.729592E-4
1.094500E-7	9.883758E-4
1.095000E-7	9.780981E-4
1.095500E-7	9.387002E-4
1.096000E-7	8.787470E-4
1.096500E-7	7.999513E-4
1.097000E-7	7.091649E-4
1.097500E-7	6.303692E-4
1.098000E-7	5.687030E-4
1.098500E-7	5.224534E-4
1.099000E-7	5.070368E-4
1.099500E-7	5.344440E-4
1.100000E-7	5.892584E-4
1.100500E-7	6.629153E-4
1.101000E-7	7.571275E-4
1.101500E-7	8.701822E-4
1.102000E-7	9.798110E-4
1.102500E-7	1.072310E-3
1.103000E-7	1.125412E-3
1.103500E-7	1.128838E-3
1.104000E-7	1.094579E-3
1.104500E-7	1.031200E-3
1.105000E-7	9.335614E-4
1.105500E-7	8.085160E-4
1.106000E-7	6.971743E-4
1.106500E-7	6.115268E-4
1.107000E-7	5.275922E-4
1.107500E-7	4.573613E-4
1.108000E-7	4.350929E-4
1.108500E-7	4.625001E-4
1.109000E-7	5.207404E-4
1.109500E-7	6.063879E-4
1.110000E-7	7.211556E-4
1.110500E-7	8.444880E-4
1.111000E-7	9.558297E-4
1.111500E-7	1.048329E-3
1.112000E-7	1.109995E-3
1.112500E-7	1.145967E-3
1.113000E-7	1.168236E-3
1.113500E-7	1.178513E-3
1.114000E-7	1.168236E-3
1.114500E-7	1.145967E-3
1.115000E-7	1.118560E-3
1.115500E-7	1.084301E-3
1.116000E-7	1.055181E-3
1.116500E-7	1.043190E-3
1.117000E-7	1.046616E-3
1.117500E-7	1.062033E-3
1.118000E-7	1.082588E-3
1.118500E-7	1.106569E-3
1.119000E-7	1.125412E-3
1.119500E-7	1.140828E-3
1.120000E-7	1.156245E-3
1.120500E-7	1.180226E-3
1.121000E-7	1.207633E-3
1.121500E-7	1.214485E-3
1.122000E-7	1.204207E-3
1.122500E-7	1.200782E-3
1.123000E-7	1.185365E-3
1.123500E-7	1.144254E-3
1.124000E-7	1.098005E-3
1.124500E-7	1.065459E-3
1.125000E-7	1.031200E-3
1.125500E-7	9.918017E-4
1.126000E-7	9.678204E-4
1.126500E-7	9.455520E-4
1.127000E-7	9.164319E-4
1.127500E-7	8.924506E-4
1.128000E-7	8.770340E-4
1.128500E-7	8.530527E-4
1.129000E-7	8.153678E-4
1.129500E-7	7.742570E-4
1.130000E-7	7.451369E-4
1.130500E-7	7.331462E-4
1.131000E-7	7.297203E-4
1.131500E-7	7.314333E-4
1.132000E-7	7.468498E-4
1.132500E-7	7.725441E-4
1.133000E-7	7.930995E-4
1.133500E-7	8.222196E-4
1.134000E-7	8.804599E-4
1.134500E-7	9.472650E-4
1.135000E-7	1.008931E-3
1.135500E-7	1.070597E-3
1.136000E-7	1.118560E-3
1.136500E-7	1.135689E-3
1.137000E-7	1.128838E-3
1.137500E-7	1.109995E-3
1.138000E-7	1.067171E-3
1.138500E-7	1.002079E-3
1.139000E-7	9.387002E-4
1.139500E-7	8.787470E-4
1.140000E-7	8.085160E-4
1.140500E-7	7.348592E-4
1.141000E-7	6.612023E-4
1.141500E-7	5.961102E-4
1.142000E-7	5.584253E-4
1.142500E-7	5.532865E-4
1.143000E-7	5.515735E-4
1.143500E-7	5.652771E-4
1.144000E-7	6.200915E-4
1.144500E-7	6.851836E-4
1.145000E-7	7.228685E-4
1.145500E-7	7.605534E-4
1.146000E-7	8.102290E-4
1.146500E-7	8.359232E-4
1.147000E-7	8.324973E-4
1.147500E-7	8.239326E-4
1.148000E-7	7.948124E-4
1.148500E-7	7.417110E-4
1.149000E-7	6.886095E-4
1.149500E-7	6.372210E-4
1.150000E-7	5.755548E-4
1.150500E-7	5.207404E-4
1.151000E-7	4.779167E-4
1.151500E-7	4.299541E-4
1.152000E-7	3.939821E-4
1.152500E-7	3.974080E-4
1.153000E-7	4.299541E-4
1.153500E-7	4.727778E-4
1.154000E-7	5.327311E-4
1.154500E-7	6.115268E-4
1.155000E-7	6.937484E-4
1.155500E-7	7.793959E-4
1.156000E-7	8.701822E-4
1.156500E-7	9.455520E-4
1.157000E-7	9.969405E-4
1.157500E-7	1.024348E-3
1.158000E-7	1.026061E-3
1.158500E-7	1.002079E-3
1.159000E-7	9.558297E-4
1.159500E-7	8.855988E-4
1.160000E-7	8.102290E-4
1.160500E-7	7.451369E-4
1.161000E-7	6.834707E-4
1.161500E-7	6.183786E-4
1.162000E-7	5.549994E-4
1.162500E-7	4.984721E-4
1.163000E-7	4.385188E-4
1.163500E-7	3.837044E-4
1.164000E-7	3.494454E-4
1.164500E-7	3.288900E-4
1.165000E-7	3.271771E-4
1.165500E-7	3.443066E-4
1.166000E-7	3.700008E-4
1.166500E-7	3.974080E-4
1.167000E-7	4.350929E-4
1.167500E-7	4.950462E-4
1.168000E-7	5.687030E-4
1.168500E-7	6.406469E-4
1.169000E-7	7.125908E-4
1.169500E-7	7.896736E-4
1.170000E-7	8.564786E-4
1.170500E-7	9.044412E-4
1.171000E-7	9.352743E-4
1.171500E-7	9.352743E-4
1.172000E-7	8.838858E-4
1.172500E-7	7.965254E-4
1.173000E-7	7.125908E-4
1.173500E-7	6.218045E-4
1.174000E-7	5.104627E-4
1.174500E-7	4.059728E-4
1.175000E-7	3.511584E-4
1.175500E-7	3.203253E-4
1.176000E-7	3.031958E-4
1.176500E-7	3.340289E-4
1.177000E-7	4.265282E-4
1.177500E-7	5.532865E-4
1.178000E-7	6.800448E-4
1.178500E-7	7.965254E-4
1.179000E-7	8.924506E-4
1.179500E-7	9.695333E-4
1.180000E-7	1.024348E-3
1.180500E-7	1.036338E-3
1.181000E-7	9.986535E-4
1.181500E-7	9.284225E-4
1.182000E-7	8.393491E-4
1.182500E-7	7.382851E-4
1.183000E-7	6.355081E-4
1.183500E-7	5.412958E-4
1.184000E-7	4.625001E-4
1.184500E-7	4.093987E-4
1.185000E-7	3.956951E-4
1.185500E-7	4.145375E-4
1.186000E-7	4.522224E-4
1.186500E-7	5.036109E-4
1.187000E-7	5.772678E-4
1.187500E-7	6.714800E-4
1.188000E-7	7.656923E-4
1.188500E-7	8.427750E-4
1.189000E-7	9.044412E-4
1.189500E-7	9.524038E-4
1.190000E-7	9.866628E-4
1.190500E-7	1.010644E-3
1.191000E-7	1.020922E-3
1.191500E-7	1.008931E-3
1.192000E-7	9.883758E-4
1.192500E-7	9.695333E-4
1.193000E-7	9.421261E-4
1.193500E-7	9.010153E-4
1.194000E-7	8.701822E-4
1.194500E-7	8.564786E-4
1.195000E-7	8.547657E-4
1.195500E-7	8.564786E-4
1.196000E-7	8.684693E-4
1.196500E-7	8.975894E-4
1.197000E-7	9.318484E-4
1.197500E-7	9.592556E-4
1.198000E-7	9.832369E-4
1.198500E-7	1.003792E-3
1.199000E-7	1.010644E-3
1.199500E-7	1.005505E-3
1.200000E-7	1.007218E-3
1.200500E-7	1.008931E-3
1.201000E-7	1.008931E-3
1.201500E-7	1.017496E-3
1.202000E-7	1.034625E-3
1.202500E-7	1.046616E-3
1.203000E-7	1.058607E-3
1.203500E-7	1.072310E-3
1.204000E-7	1.079162E-3
1.204500E-7	1.074023E-3
1.205000E-7	1.065459E-3
1.205500E-7	1.048329E-3
1.206000E-7	1.014070E-3
1.206500E-7	9.712463E-4
1.207000E-7	9.215707E-4
1.207500E-7	8.616175E-4
1.208000E-7	7.965254E-4
1.208500E-7	7.314333E-4
1.209000E-7	6.612023E-4
1.209500E-7	5.789807E-4
1.210000E-7	4.984721E-4
1.210500E-7	4.368059E-4
1.211000E-7	3.888433E-4
1.211500E-7	3.425936E-4
1.212000E-7	3.049087E-4
1.212500E-7	2.946310E-4
1.213000E-7	3.100476E-4
1.213500E-7	3.357418E-4
1.214000E-7	3.802785E-4
1.214500E-7	4.470836E-4
1.215000E-7	5.310181E-4
1.215500E-7	6.252304E-4
1.216000E-7	7.143038E-4
1.216500E-7	7.845347E-4
1.217000E-7	8.359232E-4
1.217500E-7	8.718952E-4
1.218000E-7	8.873117E-4
1.218500E-7	8.941635E-4
1.219000E-7	8.924506E-4
1.219500E-7	8.684693E-4
1.220000E-7	8.307844E-4
1.220500E-7	8.068031E-4
1.221000E-7	7.776829E-4
1.221500E-7	7.245815E-4
1.222000E-7	6.783318E-4
1.222500E-7	6.509246E-4
1.223000E-7	6.149527E-4
1.223500E-7	5.755548E-4
1.224000E-7	5.687030E-4
1.224500E-7	6.012491E-4
1.225000E-7	6.457858E-4
1.225500E-7	6.954613E-4
1.226000E-7	7.485628E-4
1.226500E-7	8.050901E-4
1.227000E-7	8.564786E-4
1.227500E-7	8.993024E-4
1.228000E-7	9.147189E-4
1.228500E-7	9.044412E-4
1.229000E-7	8.787470E-4
1.229500E-7	8.393491E-4
1.230000E-7	7.965254E-4
1.230500E-7	7.605534E-4
1.231000E-7	7.280074E-4
1.231500E-7	6.954613E-4
1.232000E-7	6.817577E-4
1.232500E-7	6.766189E-4
1.233000E-7	6.543505E-4
1.233500E-7	6.337951E-4
1.234000E-7	6.406469E-4
1.234500E-7	6.594894E-4
1.235000E-7	6.697671E-4
1.235500E-7	6.800448E-4
1.236000E-7	7.057390E-4
1.236500E-7	7.417110E-4
1.237000E-7	7.793959E-4
1.237500E-7	8.102290E-4
1.238000E-7	8.444880E-4
1.238500E-7	8.907376E-4
1.239000E-7	9.352743E-4
1.239500E-7	9.575427E-4
1.240000E-7	9.609686E-4
1.240500E-7	9.455520E-4
1.241000E-7	9.112930E-4
1.241500E-7	8.650434E-4
1.242000E-7	8.187937E-4
1.242500E-7	7.674052E-4
1.243000E-7	7.211556E-4
1.243500E-7	6.920354E-4
1.244000E-7	6.834707E-4
1.244500E-7	6.920354E-4
1.245000E-7	7.143038E-4
1.245500E-7	7.451369E-4
1.246000E-7	7.811088E-4
1.246500E-7	8.239326E-4
1.247000E-7	8.633304E-4
1.247500E-7	8.873117E-4
1.248000E-7	9.027283E-4
1.248500E-7	9.044412E-4
1.249000E-7	8.770340E-4
1.249500E-7	8.342103E-4
1.250000E-7	7.965254E-4
1.250500E-7	7.588405E-4
1.251000E-7	7.108779E-4
1.251500E-7	6.646282E-4
1.252000E-7	6.337951E-4
1.252500E-7	6.115268E-4
1.253000E-7	5.909714E-4
1.253500E-7	5.824066E-4
1.254000E-7	5.978232E-4
1.254500E-7	6.372210E-4
1.255000E-7	6.954613E-4
1.255500E-7	7.656923E-4
1.256000E-7	8.444880E-4
1.256500E-7	9.335614E-4
1.257000E-7	1.019209E-3
1.257500E-7	1.082588E-3
1.258000E-7	1.132264E-3
1.258500E-7	1.176800E-3
1.259000E-7	1.192217E-3
1.259500E-7	1.168236E-3
1.260000E-7	1.113421E-3
1.260500E-7	1.043190E-3
1.261000E-7	9.558297E-4
1.261500E-7	8.599045E-4
1.262000E-7	7.571275E-4
1.262500E-7	6.612023E-4
1.263000E-7	5.909714E-4
1.263500E-7	5.601383E-4
1.264000E-7	5.430088E-4
1.264500E-7	5.412958E-4
1.265000E-7	5.704160E-4
1.265500E-7	6.166656E-4
1.266000E-7	6.543505E-4
1.266500E-7	6.851836E-4
1.267000E-7	7.262944E-4
1.267500E-7	7.759700E-4
1.268000E-7	8.136549E-4
1.268500E-7	8.205067E-4
1.269000E-7	8.033772E-4
1.269500E-7	7.811088E-4
1.270000E-7	7.485628E-4
1.270500E-7	7.006002E-4
1.271000E-7	6.594894E-4
1.271500E-7	6.355081E-4
1.272000E-7	6.132397E-4
1.272500E-7	5.961102E-4
1.273000E-7	6.081009E-4
1.273500E-7	6.372210E-4
1.274000E-7	6.560635E-4
1.274500E-7	6.680541E-4
1.275000E-7	6.920354E-4
1.275500E-7	7.160167E-4
1.276000E-7	7.280074E-4
1.276500E-7	7.417110E-4
1.277000E-7	7.776829E-4
1.277500E-7	8.205067E-4
1.278000E-7	8.513398E-4
1.278500E-7	8.770340E-4
1.279000E-7	9.112930E-4
1.279500E-7	9.369873E-4
1.280000E-7	9.387002E-4
1.280500E-7	9.215707E-4
1.281000E-7	8.941635E-4
1.281500E-7	8.633304E-4
1.282000E-7	8.324973E-4
1.282500E-7	8.033772E-4
1.283000E-7	7.845347E-4
1.283500E-7	7.793959E-4
1.284000E-7	7.776829E-4
1.284500E-7	7.742570E-4
1.285000E-7	7.793959E-4
1.285500E-7	7.879606E-4
1.286000E-7	7.965254E-4
1.286500E-7	8.102290E-4
1.287000E-7	8.239326E-4
1.287500E-7	8.153678E-4
1.288000E-7	7.948124E-4
1.288500E-7	7.862477E-4
1.289000E-7	7.793959E-4
1.289500E-7	7.502757E-4
1.290000E-7	7.262944E-4
1.290500E-7	7.331462E-4
1.291000E-7	7.605534E-4
1.291500E-7	7.982383E-4
1.292000E-7	8.599045E-4
1.292500E-7	9.369873E-4
1.293000E-7	1.010644E-3
1.293500E-7	1.077449E-3
1.294000E-7	1.139115E-3
1.294500E-7	1.178513E-3
1.295000E-7	1.190504E-3
1.295500E-7	1.178513E-3
1.296000E-7	1.149393E-3
1.296500E-7	1.104856E-3
1.297000E-7	1.051755E-3
1.297500E-7	1.005505E-3
1.298000E-7	9.746722E-4
1.298500E-7	9.541168E-4
1.299000E-7	9.404132E-4
1.299500E-7	9.387002E-4
1.300000E-7	9.489779E-4
1.300500E-7	9.643945E-4
1.301000E-7	9.780981E-4
1.301500E-7	9.815240E-4
1.302000E-7	9.712463E-4
1.302500E-7	9.489779E-4
1.303000E-7	9.044412E-4
1.303500E-7	8.410621E-4
1.304000E-7	7.845347E-4
1.304500E-7	7.537016E-4
1.305000E-7	7.297203E-4
1.305500E-7	7.006002E-4
1.306000E-7	6.800448E-4
1.306500E-7	6.749059E-4
1.307000E-7	6.766189E-4
1.307500E-7	6.851836E-4
1.308000E-7	7.074520E-4
1.308500E-7	7.417110E-4
1.309000E-7	7.725441E-4
1.309500E-7	7.913865E-4
1.310000E-7	7.879606E-4
1.310500E-7	7.811088E-4
1.311000E-7	7.896736E-4
1.311500E-7	8.136549E-4
1.312000E-7	8.410621E-4
1.312500E-7	8.701822E-4
1.313000E-7	8.924506E-4
1.313500E-7	8.975894E-4
1.314000E-7	8.958765E-4
1.314500E-7	9.010153E-4
1.315000E-7	8.993024E-4
1.315500E-7	8.890247E-4
1.316000E-7	8.718952E-4
1.316500E-7	8.324973E-4
1.317000E-7	7.708311E-4
1.317500E-7	7.314333E-4
1.318000E-7	7.228685E-4
1.318500E-7	7.177297E-4
1.319000E-7	7.143038E-4
1.319500E-7	7.382851E-4
1.320000E-7	7.845347E-4
1.320500E-7	8.307844E-4
1.321000E-7	8.684693E-4
1.321500E-7	9.010153E-4
1.322000E-7	9.267096E-4
1.322500E-7	9.472650E-4
1.323000E-7	9.609686E-4
1.323500E-7	9.575427E-4
1.324000E-7	9.387002E-4
1.324500E-7	9.249966E-4
1.325000E-7	9.198578E-4
1.325500E-7	9.181448E-4
1.326000E-7	9.164319E-4
1.326500E-7	9.164319E-4
1.327000E-7	9.198578E-4
1.327500E-7	9.284225E-4
1.328000E-7	9.404132E-4
1.328500E-7	9.558297E-4
1.329000E-7	9.661074E-4
1.329500E-7	9.592556E-4
1.330000E-7	9.335614E-4
1.330500E-7	9.010153E-4
1.331000E-7	8.650434E-4
1.331500E-7	8.239326E-4
1.332000E-7	7.862477E-4
1.332500E-7	7.502757E-4
1.333000E-7	7.160167E-4
1.333500E-7	6.886095E-4
1.334000E-7	6.834707E-4
1.334500E-7	6.886095E-4
1.335000E-7	6.971743E-4
1.335500E-7	7.211556E-4
1.336000E-7	7.656923E-4
1.336500E-7	8.136549E-4
1.337000E-7	8.479139E-4
1.337500E-7	8.701822E-4
1.338000E-7	8.736081E-4
1.338500E-7	8.633304E-4
1.339000E-7	8.342103E-4
1.339500E-7	7.930995E-4
1.340000E-7	7.605534E-4
1.340500E-7	7.348592E-4
1.341000E-7	7.143038E-4
1.341500E-7	7.091649E-4
1.342000E-7	7.314333E-4
1.342500E-7	7.656923E-4
1.343000E-7	7.948124E-4
1.343500E-7	8.256455E-4
1.344000E-7	8.581916E-4
1.344500E-7	8.821729E-4
1.345000E-7	8.838858E-4
1.345500E-7	8.718952E-4
1.346000E-7	8.496268E-4
1.346500E-7	8.256455E-4
1.347000E-7	8.033772E-4
1.347500E-7	7.725441E-4
1.348000E-7	7.314333E-4
1.348500E-7	6.971743E-4
1.349000E-7	6.954613E-4
1.349500E-7	7.314333E-4
1.350000E-7	7.862477E-4
1.350500E-7	8.479139E-4
1.351000E-7	9.267096E-4
1.351500E-7	1.022635E-3
1.352000E-7	1.098005E-3
1.352500E-7	1.123699E-3
1.353000E-7	1.116847E-3
1.353500E-7	1.084301E-3
1.354000E-7	1.003792E-3
1.354500E-7	8.941635E-4
1.355000E-7	7.828218E-4
1.355500E-7	6.680541E-4
1.356000E-7	5.532865E-4
1.356500E-7	4.779167E-4
1.357000E-7	4.573613E-4
1.357500E-7	4.710649E-4
1.358000E-7	5.190275E-4
1.358500E-7	6.046750E-4
1.359000E-7	7.057390E-4
1.359500E-7	8.119419E-4
1.360000E-7	9.147189E-4
1.360500E-7	9.918017E-4
1.361000E-7	1.026061E-3
1.361500E-7	1.048329E-3
1.362000E-7	1.053468E-3
1.362500E-7	1.029487E-3
1.363000E-7	9.866628E-4
1.363500E-7	9.455520E-4
1.364000E-7	8.907376E-4
1.364500E-7	8.444880E-4
1.365000E-7	8.307844E-4
1.365500E-7	8.324973E-4
1.366000E-7	8.444880E-4
1.366500E-7	8.873117E-4
1.367000E-7	9.421261E-4
1.367500E-7	9.712463E-4
1.368000E-7	9.935146E-4
1.368500E-7	1.026061E-3
1.369000E-7	1.046616E-3
1.369500E-7	1.055181E-3
1.370000E-7	1.075736E-3
1.370500E-7	1.106569E-3
1.371000E-7	1.139115E-3
1.371500E-7	1.156245E-3
1.372000E-7	1.137402E-3
1.372500E-7	1.103143E-3
1.373000E-7	1.079162E-3
1.373500E-7	1.044903E-3
1.374000E-7	9.832369E-4
1.374500E-7	9.147189E-4
1.375000E-7	8.496268E-4
1.375500E-7	7.811088E-4
1.376000E-7	7.280074E-4
1.376500E-7	7.057390E-4
1.377000E-7	6.937484E-4
1.377500E-7	6.817577E-4
1.378000E-7	6.937484E-4
1.378500E-7	7.211556E-4
1.379000E-7	7.417110E-4
1.379500E-7	7.605534E-4
1.380000E-7	7.896736E-4
1.380500E-7	8.256455E-4
1.381000E-7	8.667563E-4
1.381500E-7	9.044412E-4
1.382000E-7	9.369873E-4
1.382500E-7	9.815240E-4
1.383000E-7	1.038051E-3
1.383500E-7	1.074023E-3
1.384000E-7	1.079162E-3
1.384500E-7	1.068884E-3
1.385000E-7	1.034625E-3
1.385500E-7	9.592556E-4
1.386000E-7	8.701822E-4
1.386500E-7	7.896736E-4
1.387000E-7	7.108779E-4
1.387500E-7	6.303692E-4
1.388000E-7	5.567124E-4
1.388500E-7	4.950462E-4
1.389000E-7	4.607872E-4
1.389500E-7	4.710649E-4
1.390000E-7	5.087498E-4
1.390500E-7	5.601383E-4
1.391000E-7	6.406469E-4
1.391500E-7	7.502757E-4
1.392000E-7	8.616175E-4
1.392500E-7	9.626815E-4
1.393000E-7	1.039764E-3
1.393500E-7	1.080875E-3
1.394000E-7	1.104856E-3
1.394500E-7	1.118560E-3
1.395000E-7	1.092866E-3
1.395500E-7	1.034625E-3
1.396000E-7	9.832369E-4
1.396500E-7	9.455520E-4
1.397000E-7	8.924506E-4
1.397500E-7	8.462009E-4
1.398000E-7	8.205067E-4
1.398500E-7	7.982383E-4
1.399000E-7	7.622664E-4
1.399500E-7	7.297203E-4
1.400000E-7	7.091649E-4
1.400500E-7	7.074520E-4
1.401000E-7	7.331462E-4
1.401500E-7	7.811088E-4
1.402000E-7	8.427750E-4
1.402500E-7	9.249966E-4
1.403000E-7	1.027774E-3
1.403500E-7	1.120273E-3
1.404000E-7	1.188791E-3
1.404500E-7	1.236754E-3
1.405000E-7	1.264161E-3
1.405500E-7	1.269300E-3
1.406000E-7	1.259022E-3
1.406500E-7	1.240179E-3
1.407000E-7	1.216198E-3
1.407500E-7	1.185365E-3
1.408000E-7	1.137402E-3
1.408500E-7	1.082588E-3
1.409000E-7	1.031200E-3
1.409500E-7	9.832369E-4
1.410000E-7	9.352743E-4
1.410500E-7	8.993024E-4
1.411000E-7	8.684693E-4
1.411500E-7	8.239326E-4
1.412000E-7	7.776829E-4
1.412500E-7	7.331462E-4
1.413000E-7	6.749059E-4
1.413500E-7	6.149527E-4
1.414000E-7	5.875455E-4
1.414500E-7	5.841196E-4
1.415000E-7	5.875455E-4
1.415500E-7	6.166656E-4
1.416000E-7	6.749059E-4
1.416500E-7	7.485628E-4
1.417000E-7	8.359232E-4
1.417500E-7	9.335614E-4
1.418000E-7	1.014070E-3
1.418500E-7	1.060320E-3
1.419000E-7	1.079162E-3
1.419500E-7	1.074023E-3
1.420000E-7	1.041477E-3
1.420500E-7	9.763851E-4
1.421000E-7	8.855988E-4
1.421500E-7	7.759700E-4
1.422000E-7	6.629153E-4
1.422500E-7	5.515735E-4
1.423000E-7	4.470836E-4
1.423500E-7	3.682879E-4
1.424000E-7	3.220382E-4
1.424500E-7	2.929181E-4
1.425000E-7	2.860663E-4
1.425500E-7	3.134735E-4
1.426000E-7	3.614361E-4
1.426500E-7	4.179634E-4
1.427000E-7	4.933332E-4
1.427500E-7	5.824066E-4
1.428000E-7	6.612023E-4
1.428500E-7	7.348592E-4
1.429000E-7	8.085160E-4
1.429500E-7	8.667563E-4
1.430000E-7	9.010153E-4
1.430500E-7	9.387002E-4
1.431000E-7	9.712463E-4
1.431500E-7	9.763851E-4
1.432000E-7	9.678204E-4
1.432500E-7	9.626815E-4
1.433000E-7	9.592556E-4
1.433500E-7	9.524038E-4
1.434000E-7	9.506909E-4
1.434500E-7	9.489779E-4
1.435000E-7	9.421261E-4
1.435500E-7	9.318484E-4
1.436000E-7	9.267096E-4
1.436500E-7	9.215707E-4
1.437000E-7	9.215707E-4
1.437500E-7	9.215707E-4
1.438000E-7	9.164319E-4
1.438500E-7	9.078671E-4
1.439000E-7	8.924506E-4
1.439500E-7	8.616175E-4
1.440000E-7	8.273585E-4
1.440500E-7	8.050901E-4
1.441000E-7	7.828218E-4
1.441500E-7	7.571275E-4
1.442000E-7	7.365721E-4
1.442500E-7	7.143038E-4
1.443000E-7	6.800448E-4
1.443500E-7	6.543505E-4
1.444000E-7	6.474987E-4
1.444500E-7	6.440728E-4
1.445000E-7	6.440728E-4
1.445500E-7	6.680541E-4
1.446000E-7	7.211556E-4
1.446500E-7	7.845347E-4
1.447000E-7	8.410621E-4
1.447500E-7	8.993024E-4
1.448000E-7	9.678204E-4
1.448500E-7	1.031200E-3
1.449000E-7	1.070597E-3
1.449500E-7	1.077449E-3
1.450000E-7	1.067171E-3
1.450500E-7	1.051755E-3
1.451000E-7	1.031200E-3
1.451500E-7	9.986535E-4
1.452000E-7	9.558297E-4
1.452500E-7	9.130060E-4
1.453000E-7	8.787470E-4
1.453500E-7	8.530527E-4
1.454000E-7	8.410621E-4
1.454500E-7	8.444880E-4
1.455000E-7	8.599045E-4
1.455500E-7	8.838858E-4
1.456000E-7	9.078671E-4
1.456500E-7	9.215707E-4
1.457000E-7	9.215707E-4
1.457500E-7	9.198578E-4
1.458000E-7	9.147189E-4
1.458500E-7	8.873117E-4
1.459000E-7	8.444880E-4
1.459500E-7	8.068031E-4
1.460000E-7	7.691182E-4
1.460500E-7	7.160167E-4
1.461000E-7	6.629153E-4
1.461500E-7	6.303692E-4
1.462000E-7	6.149527E-4
1.462500E-7	6.132397E-4
1.463000E-7	6.269433E-4
1.463500E-7	6.646282E-4
1.464000E-7	7.228685E-4
1.464500E-7	7.982383E-4
1.465000E-7	8.787470E-4
1.465500E-7	9.506909E-4
1.466000E-7	1.022635E-3
1.466500E-7	1.092866E-3
1.467000E-7	1.140828E-3
1.467500E-7	1.154532E-3
1.468000E-7	1.139115E-3
1.468500E-7	1.098005E-3
1.469000E-7	1.036338E-3
1.469500E-7	9.712463E-4
1.470000E-7	9.164319E-4
1.470500E-7	8.753211E-4
1.471000E-7	8.444880E-4
1.471500E-7	8.136549E-4
1.472000E-7	7.776829E-4
1.472500E-7	7.434239E-4
1.473000E-7	7.211556E-4
1.473500E-7	7.074520E-4
1.474000E-7	6.886095E-4
1.474500E-7	6.526376E-4
1.475000E-7	6.063879E-4
1.475500E-7	5.601383E-4
1.476000E-7	5.275922E-4
1.476500E-7	5.121757E-4
1.477000E-7	5.104627E-4
1.477500E-7	5.224534E-4
1.478000E-7	5.567124E-4
1.478500E-7	6.081009E-4
1.479000E-7	6.697671E-4
1.479500E-7	7.417110E-4
1.480000E-7	8.256455E-4
1.480500E-7	8.975894E-4
1.481000E-7	9.609686E-4
1.481500E-7	1.027774E-3
1.482000E-7	1.089440E-3
1.482500E-7	1.137402E-3
1.483000E-7	1.190504E-3
1.483500E-7	1.253883E-3
1.484000E-7	1.301846E-3
1.484500E-7	1.329253E-3
1.485000E-7	1.351521E-3
1.485500E-7	1.368651E-3
1.486000E-7	1.373790E-3
1.486500E-7	1.365225E-3
1.487000E-7	1.336105E-3
1.487500E-7	1.284716E-3
1.488000E-7	1.212772E-3
1.488500E-7	1.127125E-3
1.489000E-7	1.032912E-3
1.489500E-7	9.472650E-4
1.490000E-7	8.821729E-4
1.490500E-7	8.513398E-4
1.491000E-7	8.564786E-4
1.491500E-7	8.975894E-4
1.492000E-7	9.592556E-4
1.492500E-7	1.027774E-3
1.493000E-7	1.104856E-3
1.493500E-7	1.188791E-3
1.494000E-7	1.264161E-3
1.494500E-7	1.308697E-3
1.495000E-7	1.325827E-3
1.495500E-7	1.322401E-3
1.496000E-7	1.294994E-3
1.496500E-7	1.236754E-3
1.497000E-7	1.157958E-3
1.497500E-7	1.065459E-3
1.498000E-7	9.746722E-4
1.498500E-7	8.958765E-4
1.499000E-7	8.393491E-4
1.499500E-7	8.085160E-4
1.500000E-7	8.153678E-4
1.500500E-7	8.444880E-4
1.501000E-7	8.770340E-4
1.501500E-7	9.215707E-4
1.502000E-7	9.798110E-4
1.502500E-7	1.032912E-3
1.503000E-7	1.068884E-3
1.503500E-7	1.115134E-3
1.504000E-7	1.168236E-3
1.504500E-7	1.195643E-3
1.505000E-7	1.197356E-3
1.505500E-7	1.188791E-3
1.506000E-7	1.164810E-3
1.506500E-7	1.128838E-3
1.507000E-7	1.094579E-3
1.507500E-7	1.060320E-3
1.508000E-7	1.017496E-3
1.508500E-7	9.952276E-4
1.509000E-7	1.003792E-3
1.509500E-7	1.007218E-3
1.510000E-7	9.986535E-4
1.510500E-7	1.010644E-3
1.511000E-7	1.050042E-3
1.511500E-7	1.087727E-3
1.512000E-7	1.115134E-3
1.512500E-7	1.142541E-3
1.513000E-7	1.157958E-3
1.513500E-7	1.161384E-3
1.514000E-7	1.161384E-3
1.514500E-7	1.147680E-3
1.515000E-7	1.106569E-3
1.515500E-7	1.050042E-3
1.516000E-7	9.900887E-4
1.516500E-7	9.232837E-4
1.517000E-7	8.410621E-4
1.517500E-7	7.468498E-4
1.518000E-7	6.646282E-4
1.518500E-7	6.183786E-4
1.519000E-7	5.875455E-4
1.519500E-7	5.618512E-4
1.520000E-7	5.584253E-4
1.520500E-7	5.824066E-4
1.521000E-7	6.183786E-4
1.521500E-7	6.714800E-4
1.522000E-7	7.485628E-4
1.522500E-7	8.324973E-4
1.523000E-7	9.078671E-4
1.523500E-7	9.729592E-4
1.524000E-7	1.014070E-3
1.524500E-7	1.026061E-3
1.525000E-7	1.015783E-3
1.525500E-7	9.883758E-4
1.526000E-7	9.438391E-4
1.526500E-7	8.941635E-4
1.527000E-7	8.444880E-4
1.527500E-7	7.896736E-4
1.528000E-7	7.314333E-4
1.528500E-7	6.834707E-4
1.529000E-7	6.509246E-4
1.529500E-7	6.337951E-4
1.530000E-7	6.355081E-4
1.530500E-7	6.492117E-4
1.531000E-7	6.612023E-4
1.531500E-7	6.783318E-4
1.532000E-7	6.988872E-4
1.532500E-7	7.091649E-4
1.533000E-7	7.211556E-4
1.533500E-7	7.434239E-4
1.534000E-7	7.571275E-4
1.534500E-7	7.571275E-4
1.535000E-7	7.691182E-4
1.535500E-7	7.999513E-4
1.536000E-7	8.307844E-4
1.536500E-7	8.581916E-4
1.537000E-7	8.975894E-4
1.537500E-7	9.335614E-4
1.538000E-7	9.575427E-4
1.538500E-7	9.866628E-4
1.539000E-7	1.015783E-3
1.539500E-7	1.024348E-3
1.540000E-7	1.014070E-3
1.540500E-7	9.935146E-4
1.541000E-7	9.643945E-4
1.541500E-7	9.335614E-4
1.542000E-7	9.044412E-4
1.542500E-7	8.855988E-4
1.543000E-7	8.804599E-4
1.543500E-7	8.787470E-4
1.544000E-7	8.753211E-4
1.544500E-7	8.855988E-4
1.545000E-7	9.181448E-4
1.545500E-7	9.387002E-4
1.546000E-7	9.267096E-4
1.546500E-7	9.078671E-4
1.547000E-7	8.924506E-4
1.547500E-7	8.684693E-4
1.548000E-7	8.444880E-4
1.548500E-7	8.187937E-4
1.549000E-7	7.656923E-4
1.549500E-7	7.006002E-4
1.550000E-7	6.526376E-4
1.550500E-7	6.149527E-4
1.551000E-7	5.738419E-4
1.551500E-7	5.447217E-4
1.552000E-7	5.344440E-4
1.552500E-7	5.412958E-4
1.553000E-7	5.755548E-4
1.553500E-7	6.406469E-4
1.554000E-7	7.194426E-4
1.554500E-7	7.965254E-4
1.555000E-7	8.753211E-4
1.555500E-7	9.506909E-4
1.556000E-7	1.007218E-3
1.556500E-7	1.044903E-3
1.557000E-7	1.062033E-3
1.557500E-7	1.051755E-3
1.558000E-7	1.015783E-3
1.558500E-7	9.609686E-4
1.559000E-7	9.027283E-4
1.559500E-7	8.479139E-4
1.560000E-7	8.050901E-4
1.560500E-7	7.793959E-4
1.561000E-7	7.622664E-4
1.561500E-7	7.451369E-4
1.562000E-7	7.382851E-4
1.562500E-7	7.605534E-4
1.563000E-7	8.050901E-4
1.563500E-7	8.564786E-4
1.564000E-7	9.095801E-4
1.564500E-7	9.746722E-4
1.565000E-7	1.046616E-3
1.565500E-7	1.111708E-3
1.566000E-7	1.154532E-3
1.566500E-7	1.175087E-3
1.567000E-7	1.176800E-3
1.567500E-7	1.166523E-3
1.568000E-7	1.144254E-3
1.568500E-7	1.108282E-3
1.569000E-7	1.058607E-3
1.569500E-7	1.005505E-3
1.570000E-7	9.455520E-4
1.570500E-7	8.616175E-4
1.571000E-7	7.674052E-4
1.571500E-7	6.800448E-4
1.572000E-7	6.063879E-4
1.572500E-7	5.549994E-4
1.573000E-7	5.498606E-4
1.573500E-7	5.704160E-4
1.574000E-7	5.892584E-4
1.574500E-7	6.132397E-4
1.575000E-7	6.594894E-4
1.575500E-7	7.108779E-4
1.576000E-7	7.502757E-4
1.576500E-7	7.742570E-4
1.577000E-7	7.879606E-4
1.577500E-7	7.896736E-4
1.578000E-7	7.845347E-4
1.578500E-7	7.725441E-4
1.579000E-7	7.571275E-4
1.579500E-7	7.331462E-4
1.580000E-7	7.091649E-4
1.580500E-7	7.006002E-4
1.581000E-7	7.177297E-4
1.581500E-7	7.314333E-4
1.582000E-7	7.280074E-4
1.582500E-7	7.211556E-4
1.583000E-7	7.108779E-4
1.583500E-7	6.783318E-4
1.584000E-7	6.320822E-4
1.584500E-7	5.772678E-4
1.585000E-7	5.190275E-4
1.585500E-7	4.659260E-4
1.586000E-7	4.350929E-4
1.586500E-7	4.248152E-4
1.587000E-7	4.333800E-4
1.587500E-7	4.625001E-4
1.588000E-7	5.156016E-4
1.588500E-7	5.926843E-4
1.589000E-7	6.886095E-4
1.589500E-7	7.811088E-4
1.590000E-7	8.547657E-4
1.590500E-7	8.993024E-4
1.591000E-7	9.078671E-4
1.591500E-7	8.924506E-4
1.592000E-7	8.633304E-4
1.592500E-7	8.136549E-4
1.593000E-7	7.417110E-4
1.593500E-7	6.714800E-4
1.594000E-7	6.115268E-4
1.594500E-7	5.567124E-4
1.595000E-7	5.190275E-4
1.595500E-7	5.070368E-4
1.596000E-7	5.036109E-4
1.596500E-7	5.070368E-4
1.597000E-7	5.378699E-4
1.597500E-7	5.943973E-4
1.598000E-7	6.560635E-4
1.598500E-7	7.245815E-4
1.599000E-7	7.999513E-4
1.599500E-7	8.736081E-4
1.600000E-7	9.404132E-4
1.600500E-7	1.000366E-3
1.601000E-7	1.053468E-3
1.601500E-7	1.099718E-3
1.602000E-7	1.144254E-3
1.602500E-7	1.185365E-3
1.603000E-7	1.224763E-3
1.603500E-7	1.252170E-3
1.604000E-7	1.253883E-3
1.604500E-7	1.231615E-3
1.605000E-7	1.195643E-3
1.605500E-7	1.147680E-3
1.606000E-7	1.074023E-3
1.606500E-7	9.815240E-4
1.607000E-7	8.907376E-4
1.607500E-7	8.153678E-4
1.608000E-7	7.502757E-4
1.608500E-7	6.903225E-4
1.609000E-7	6.440728E-4
1.609500E-7	6.081009E-4
1.610000E-7	5.738419E-4
1.610500E-7	5.464347E-4
1.611000E-7	5.327311E-4
1.611500E-7	5.327311E-4
1.612000E-7	5.515735E-4
1.612500E-7	5.926843E-4
1.613000E-7	6.389340E-4
1.613500E-7	6.680541E-4
1.614000E-7	6.868966E-4
1.614500E-7	7.074520E-4
1.615000E-7	7.228685E-4
1.615500E-7	7.262944E-4
1.616000E-7	7.228685E-4
1.616500E-7	7.125908E-4
1.617000E-7	6.817577E-4
1.617500E-7	6.235174E-4
1.618000E-7	5.430088E-4
1.618500E-7	4.436577E-4
1.619000E-7	3.545843E-4
1.619500E-7	2.963440E-4
1.620000E-7	2.655109E-4
1.620500E-7	2.535202E-4
1.621000E-7	2.723627E-4
1.621500E-7	3.254641E-4
1.622000E-7	3.905562E-4
1.622500E-7	4.487965E-4
1.623000E-7	4.984721E-4
1.623500E-7	5.378699E-4
1.624000E-7	5.669901E-4
1.624500E-7	5.738419E-4
1.625000E-7	5.652771E-4
1.625500E-7	5.498606E-4
1.626000E-7	5.378699E-4
1.626500E-7	5.361570E-4
1.627000E-7	5.430088E-4
1.627500E-7	5.567124E-4
1.628000E-7	5.858325E-4
1.628500E-7	6.372210E-4
1.629000E-7	7.074520E-4
1.629500E-7	7.913865E-4
1.630000E-7	8.821729E-4
1.630500E-7	9.626815E-4
1.631000E-7	1.022635E-3
1.631500E-7	1.062033E-3
1.632000E-7	1.079162E-3
1.632500E-7	1.067171E-3
1.633000E-7	1.017496E-3
1.633500E-7	9.438391E-4
1.634000E-7	8.547657E-4
1.634500E-7	7.674052E-4
1.635000E-7	6.954613E-4
1.635500E-7	6.372210E-4
1.636000E-7	6.063879E-4
1.636500E-7	6.063879E-4
1.637000E-7	6.286563E-4
1.637500E-7	6.577764E-4
1.638000E-7	6.868966E-4
1.638500E-7	7.177297E-4
1.639000E-7	7.417110E-4
1.639500E-7	7.502757E-4
1.640000E-7	7.211556E-4
1.640500E-7	6.629153E-4
1.641000E-7	5.926843E-4
1.641500E-7	5.138886E-4
1.642000E-7	4.196764E-4
1.642500E-7	3.340289E-4
1.643000E-7	2.757886E-4
1.643500E-7	2.398166E-4
1.644000E-7	2.363907E-4
1.644500E-7	2.792145E-4
1.645000E-7	3.614361E-4
1.645500E-7	4.710649E-4
1.646000E-7	5.995361E-4
1.646500E-7	7.314333E-4
1.647000E-7	8.444880E-4
1.647500E-7	9.352743E-4
1.648000E-7	1.012357E-3
1.648500E-7	1.068884E-3
1.649000E-7	1.080875E-3
1.649500E-7	1.043190E-3
1.650000E-7	9.832369E-4
1.650500E-7	9.112930E-4
1.651000E-7	8.324973E-4
1.651500E-7	7.622664E-4
1.652000E-7	7.160167E-4
1.652500E-7	6.868966E-4
1.653000E-7	6.851836E-4
1.653500E-7	7.280074E-4
1.654000E-7	7.896736E-4
1.654500E-7	8.359232E-4
1.655000E-7	8.890247E-4
1.655500E-7	9.626815E-4
1.656000E-7	1.027774E-3
1.656500E-7	1.056894E-3
1.657000E-7	1.058607E-3
1.657500E-7	1.044903E-3
1.658000E-7	1.005505E-3
1.658500E-7	9.318484E-4
1.659000E-7	8.530527E-4
1.659500E-7	7.948124E-4
1.660000E-7	7.434239E-4
1.660500E-7	6.834707E-4
1.661000E-7	6.389340E-4
1.661500E-7	6.337951E-4
1.662000E-7	6.440728E-4
1.662500E-7	6.543505E-4
1.663000E-7	6.817577E-4
1.663500E-7	7.348592E-4
1.664000E-7	7.879606E-4
1.664500E-7	8.342103E-4
1.665000E-7	8.753211E-4
1.665500E-7	9.010153E-4
1.666000E-7	9.078671E-4
1.666500E-7	9.061542E-4
1.667000E-7	8.873117E-4
1.667500E-7	8.427750E-4
1.668000E-7	7.879606E-4
1.668500E-7	7.348592E-4
1.669000E-7	6.749059E-4
1.669500E-7	6.098138E-4
1.670000E-7	5.549994E-4
1.670500E-7	5.001850E-4
1.671000E-7	4.419447E-4
1.671500E-7	3.991210E-4
1.672000E-7	3.819915E-4
1.672500E-7	3.819915E-4
1.673000E-7	4.042598E-4
1.673500E-7	4.642131E-4
1.674000E-7	5.532865E-4
1.674500E-7	6.612023E-4
1.675000E-7	7.793959E-4
1.675500E-7	8.975894E-4
1.676000E-7	1.002079E-3
1.676500E-7	1.099718E-3
1.677000E-7	1.175087E-3
1.677500E-7	1.205920E-3
1.678000E-7	1.190504E-3
1.678500E-7	1.135689E-3
1.679000E-7	1.034625E-3
1.679500E-7	8.941635E-4
1.680000E-7	7.331462E-4
1.680500E-7	5.669901E-4
1.681000E-7	4.145375E-4
1.681500E-7	2.894922E-4
1.682000E-7	1.918540E-4
1.682500E-7	1.336137E-4
1.683000E-7	1.216231E-4
1.683500E-7	1.387526E-4
1.684000E-7	1.695857E-4
1.684500E-7	2.209742E-4
1.685000E-7	2.843533E-4
1.685500E-7	3.340289E-4
1.686000E-7	3.819915E-4
1.686500E-7	4.350929E-4
1.687000E-7	4.607872E-4
1.687500E-7	4.607872E-4
1.688000E-7	4.642131E-4
1.688500E-7	4.676390E-4
1.689000E-7	4.676390E-4
1.689500E-7	4.881944E-4
1.690000E-7	5.310181E-4
1.690500E-7	5.824066E-4
1.691000E-7	6.492117E-4
1.691500E-7	7.365721E-4
1.692000E-7	8.153678E-4
1.692500E-7	8.736081E-4
1.693000E-7	9.267096E-4
1.693500E-7	9.746722E-4
1.694000E-7	1.007218E-3
1.694500E-7	1.029487E-3
1.695000E-7	1.039764E-3
1.695500E-7	1.024348E-3
1.696000E-7	9.918017E-4
1.696500E-7	9.592556E-4
1.697000E-7	9.249966E-4
1.697500E-7	8.907376E-4
1.698000E-7	8.667563E-4
1.698500E-7	8.599045E-4
1.699000E-7	8.667563E-4
1.699500E-7	8.770340E-4
1.700000E-7	8.855988E-4
1.700500E-7	8.890247E-4
1.701000E-7	8.821729E-4
1.701500E-7	8.633304E-4
1.702000E-7	8.324973E-4
1.702500E-7	7.982383E-4
1.703000E-7	7.588405E-4
1.703500E-7	7.091649E-4
1.704000E-7	6.646282E-4
1.704500E-7	6.337951E-4
1.705000E-7	6.063879E-4
1.705500E-7	5.772678E-4
1.706000E-7	5.635642E-4
1.706500E-7	5.687030E-4
1.707000E-7	5.704160E-4
1.707500E-7	5.652771E-4
1.708000E-7	5.755548E-4
1.708500E-7	6.115268E-4
1.709000E-7	6.457858E-4
1.709500E-7	6.663412E-4
1.710000E-7	6.851836E-4
1.710500E-7	7.125908E-4
1.711000E-7	7.331462E-4
1.711500E-7	7.451369E-4
1.712000E-7	7.656923E-4
1.712500E-7	7.982383E-4
1.713000E-7	8.307844E-4
1.713500E-7	8.736081E-4
1.714000E-7	9.198578E-4
1.714500E-7	9.455520E-4
1.715000E-7	9.489779E-4
1.715500E-7	9.489779E-4
1.716000E-7	9.387002E-4
1.716500E-7	9.027283E-4
1.717000E-7	8.564786E-4
1.717500E-7	8.016642E-4
1.718000E-7	7.245815E-4
1.718500E-7	6.406469E-4
1.719000E-7	5.601383E-4
1.719500E-7	4.813426E-4
1.720000E-7	4.111116E-4
1.720500E-7	3.631490E-4
1.721000E-7	3.237512E-4
1.721500E-7	2.963440E-4
1.722000E-7	2.946310E-4
1.722500E-7	3.168994E-4
1.723000E-7	3.425936E-4
1.723500E-7	3.734267E-4
1.724000E-7	4.076857E-4
1.724500E-7	4.368059E-4
1.725000E-7	4.590742E-4
1.725500E-7	4.762037E-4
1.726000E-7	4.864814E-4
1.726500E-7	4.830555E-4
1.727000E-7	4.727778E-4
1.727500E-7	4.607872E-4
1.728000E-7	4.642131E-4
1.728500E-7	4.967591E-4
1.729000E-7	5.481476E-4
1.729500E-7	6.132397E-4
1.730000E-7	6.886095E-4
1.730500E-7	7.588405E-4
1.731000E-7	8.205067E-4
1.731500E-7	8.804599E-4
1.732000E-7	9.198578E-4
1.732500E-7	9.318484E-4
1.733000E-7	9.301355E-4
1.733500E-7	9.181448E-4
1.734000E-7	8.804599E-4
1.734500E-7	8.290714E-4
1.735000E-7	7.862477E-4
1.735500E-7	7.485628E-4
1.736000E-7	7.074520E-4
1.736500E-7	6.817577E-4
1.737000E-7	6.714800E-4
1.737500E-7	6.509246E-4
1.738000E-7	6.235174E-4
1.738500E-7	6.046750E-4
1.739000E-7	5.978232E-4
1.739500E-7	5.978232E-4
1.740000E-7	6.132397E-4
1.740500E-7	6.474987E-4
1.741000E-7	6.903225E-4
1.741500E-7	7.417110E-4
1.742000E-7	7.982383E-4
1.742500E-7	8.633304E-4
1.743000E-7	9.472650E-4
1.743500E-7	1.034625E-3
1.744000E-7	1.099718E-3
1.744500E-7	1.132264E-3
1.745000E-7	1.147680E-3
1.745500E-7	1.137402E-3
1.746000E-7	1.108282E-3
1.746500E-7	1.063746E-3
1.747000E-7	1.005505E-3
1.747500E-7	9.387002E-4
1.748000E-7	8.873117E-4
1.748500E-7	8.444880E-4
1.749000E-7	7.948124E-4
1.749500E-7	7.502757E-4
1.750000E-7	7.280074E-4
1.750500E-7	7.074520E-4
1.751000E-7	6.851836E-4
1.751500E-7	6.766189E-4
1.752000E-7	6.817577E-4
1.752500E-7	6.868966E-4
1.753000E-7	7.040261E-4
1.753500E-7	7.297203E-4
1.754000E-7	7.468498E-4
1.754500E-7	7.605534E-4
1.755000E-7	7.862477E-4
1.755500E-7	8.050901E-4
1.756000E-7	7.948124E-4
1.756500E-7	7.674052E-4
1.757000E-7	7.245815E-4
1.757500E-7	6.440728E-4
1.758000E-7	5.344440E-4
1.758500E-7	4.213893E-4
1.759000E-7	3.100476E-4
1.759500E-7	1.987058E-4
1.760000E-7	1.096324E-4
1.760500E-7	5.310505E-5
1.761000E-7	3.254965E-5
1.761500E-7	7.194750E-5
1.762000E-7	1.747245E-4
1.762500E-7	3.100476E-4
1.763000E-7	4.539354E-4
1.763500E-7	5.995361E-4
1.764000E-7	7.245815E-4
1.764500E-7	8.085160E-4
1.765000E-7	8.599045E-4
1.765500E-7	8.770340E-4
1.766000E-7	8.479139E-4
1.766500E-7	7.811088E-4
1.767000E-7	7.057390E-4
1.767500E-7	6.200915E-4
1.768000E-7	5.395829E-4
1.768500E-7	4.881944E-4
1.769000E-7	4.625001E-4
1.769500E-7	4.368059E-4
1.770000E-7	4.265282E-4
1.770500E-7	4.607872E-4
1.771000E-7	5.207404E-4
1.771500E-7	5.738419E-4
1.772000E-7	6.235174E-4
1.772500E-7	6.800448E-4
1.773000E-7	7.297203E-4
1.773500E-7	7.622664E-4
1.774000E-7	7.708311E-4
1.774500E-7	7.485628E-4
1.775000E-7	6.886095E-4
1.775500E-7	6.115268E-4
1.776000E-7	5.293052E-4
1.776500E-7	4.402318E-4
1.777000E-7	3.460195E-4
1.777500E-7	2.603720E-4
1.778000E-7	2.021317E-4
1.778500E-7	1.712986E-4
1.779000E-7	1.558821E-4
1.779500E-7	1.610209E-4
1.780000E-7	2.021317E-4
1.780500E-7	2.843533E-4
1.781000E-7	3.819915E-4
1.781500E-7	4.693519E-4
1.782000E-7	5.344440E-4
1.782500E-7	5.841196E-4
1.783000E-7	6.200915E-4
1.783500E-7	6.286563E-4
1.784000E-7	6.132397E-4
1.784500E-7	5.858325E-4
1.785000E-7	5.618512E-4
1.785500E-7	5.481476E-4
1.786000E-7	5.515735E-4
1.786500E-7	5.601383E-4
1.787000E-7	5.601383E-4
1.787500E-7	5.618512E-4
1.788000E-7	5.772678E-4
1.788500E-7	6.029620E-4
1.789000E-7	6.372210E-4
1.789500E-7	6.800448E-4
1.790000E-7	7.245815E-4
1.790500E-7	7.691182E-4
1.791000E-7	8.068031E-4
1.791500E-7	8.256455E-4
1.792000E-7	8.273585E-4
1.792500E-7	8.239326E-4
1.793000E-7	8.170808E-4
1.793500E-7	7.948124E-4
1.794000E-7	7.691182E-4
1.794500E-7	7.537016E-4
1.795000E-7	7.451369E-4
1.795500E-7	7.468498E-4
1.796000E-7	7.571275E-4
1.796500E-7	7.656923E-4
1.797000E-7	7.622664E-4
1.797500E-7	7.622664E-4
1.798000E-7	7.845347E-4
1.798500E-7	8.222196E-4
1.799000E-7	8.718952E-4
1.799500E-7	9.404132E-4
1.800000E-7	1.019209E-3
1.800500E-7	1.099718E-3
1.801000E-7	1.181939E-3
1.801500E-7	1.245318E-3
1.802000E-7	1.265874E-3
1.802500E-7	1.245318E-3
1.803000E-7	1.204207E-3
1.803500E-7	1.135689E-3
1.804000E-7	1.032912E-3
1.804500E-7	9.130060E-4
1.805000E-7	7.913865E-4
1.805500E-7	6.731930E-4
1.806000E-7	5.549994E-4
1.806500E-7	4.556483E-4
1.807000E-7	3.819915E-4
1.807500E-7	3.374548E-4
1.808000E-7	3.168994E-4
1.808500E-7	3.151864E-4
1.809000E-7	3.306030E-4
1.809500E-7	3.477325E-4
1.810000E-7	3.562972E-4
1.810500E-7	3.580102E-4
1.811000E-7	3.545843E-4
1.811500E-7	3.631490E-4
1.812000E-7	3.956951E-4
1.812500E-7	4.419447E-4
1.813000E-7	4.727778E-4
1.813500E-7	4.830555E-4
1.814000E-7	5.001850E-4
1.814500E-7	5.293052E-4
1.815000E-7	5.532865E-4
1.815500E-7	5.635642E-4
1.816000E-7	5.635642E-4
1.816500E-7	5.498606E-4
1.817000E-7	5.293052E-4
1.817500E-7	5.087498E-4
1.818000E-7	5.018980E-4
1.818500E-7	5.173145E-4
1.819000E-7	5.515735E-4
1.819500E-7	5.909714E-4
1.820000E-7	6.440728E-4
1.820500E-7	7.108779E-4
1.821000E-7	7.845347E-4
1.821500E-7	8.616175E-4
1.822000E-7	9.387002E-4
1.822500E-7	9.969405E-4
1.823000E-7	1.027774E-3
1.823500E-7	1.029487E-3
1.824000E-7	1.002079E-3
1.824500E-7	9.489779E-4
1.825000E-7	8.890247E-4
1.825500E-7	8.342103E-4
1.826000E-7	7.862477E-4
1.826500E-7	7.434239E-4
1.827000E-7	7.108779E-4
1.827500E-7	6.868966E-4
1.828000E-7	6.629153E-4
1.828500E-7	6.269433E-4
1.829000E-7	5.875455E-4
1.829500E-7	5.584253E-4
1.830000E-7	5.344440E-4
1.830500E-7	5.087498E-4
1.831000E-7	4.916203E-4
1.831500E-7	4.881944E-4
1.832000E-7	4.830555E-4
1.832500E-7	4.916203E-4
1.833000E-7	5.275922E-4
1.833500E-7	5.824066E-4
1.834000E-7	6.423599E-4
1.834500E-7	7.125908E-4
1.835000E-7	7.965254E-4
1.835500E-7	8.821729E-4
1.836000E-7	9.558297E-4
1.836500E-7	1.015783E-3
1.837000E-7	1.060320E-3
1.837500E-7	1.079162E-3
1.838000E-7	1.068884E-3
1.838500E-7	1.034625E-3
1.839000E-7	9.815240E-4
1.839500E-7	9.249966E-4
1.840000E-7	8.787470E-4
1.840500E-7	8.462009E-4
1.841000E-7	8.290714E-4
1.841500E-7	8.427750E-4
1.842000E-7	8.838858E-4
1.842500E-7	9.267096E-4
1.843000E-7	9.780981E-4
1.843500E-7	1.043190E-3
1.844000E-7	1.092866E-3
1.844500E-7	1.123699E-3
1.845000E-7	1.151106E-3
1.845500E-7	1.163097E-3
1.846000E-7	1.149393E-3
1.846500E-7	1.127125E-3
1.847000E-7	1.091153E-3
1.847500E-7	1.029487E-3
1.848000E-7	9.506909E-4
1.848500E-7	8.753211E-4
1.849000E-7	7.982383E-4
1.849500E-7	7.228685E-4
1.850000E-7	6.629153E-4
1.850500E-7	6.235174E-4
1.851000E-7	6.115268E-4
1.851500E-7	6.303692E-4
1.852000E-7	6.663412E-4
1.852500E-7	7.177297E-4
1.853000E-7	7.879606E-4
1.853500E-7	8.599045E-4
1.854000E-7	9.284225E-4
1.854500E-7	9.986535E-4
1.855000E-7	1.056894E-3
1.855500E-7	1.089440E-3
1.856000E-7	1.106569E-3
1.856500E-7	1.113421E-3
1.857000E-7	1.082588E-3
1.857500E-7	1.014070E-3
1.858000E-7	9.267096E-4
1.858500E-7	8.187937E-4
1.859000E-7	6.971743E-4
1.859500E-7	5.858325E-4
1.860000E-7	4.950462E-4
1.860500E-7	4.333800E-4
1.861000E-7	4.145375E-4
1.861500E-7	4.282411E-4
1.862000E-7	4.573613E-4
1.862500E-7	5.104627E-4
1.863000E-7	6.046750E-4
1.863500E-7	7.177297E-4
1.864000E-7	8.239326E-4
1.864500E-7	9.267096E-4
1.865000E-7	1.005505E-3
1.865500E-7	1.024348E-3
1.866000E-7	9.883758E-4
1.866500E-7	9.267096E-4
1.867000E-7	8.307844E-4
1.867500E-7	6.868966E-4
1.868000E-7	5.395829E-4
1.868500E-7	4.179634E-4
1.869000E-7	3.186123E-4
1.869500E-7	2.603720E-4
1.870000E-7	2.535202E-4
1.870500E-7	2.775015E-4
1.871000E-7	3.237512E-4
1.871500E-7	4.059728E-4
1.872000E-7	5.156016E-4
1.872500E-7	6.149527E-4
1.873000E-7	6.954613E-4
1.873500E-7	7.622664E-4
1.874000E-7	8.068031E-4
1.874500E-7	8.170808E-4
1.875000E-7	7.913865E-4
1.875500E-7	7.434239E-4
1.876000E-7	6.903225E-4
1.876500E-7	6.355081E-4
1.877000E-7	5.824066E-4
1.877500E-7	5.430088E-4
1.878000E-7	5.156016E-4
1.878500E-7	4.933332E-4
1.879000E-7	4.830555E-4
1.879500E-7	4.916203E-4
1.880000E-7	5.070368E-4
1.880500E-7	5.241663E-4
1.881000E-7	5.549994E-4
1.881500E-7	6.081009E-4
1.882000E-7	6.680541E-4
1.882500E-7	7.177297E-4
1.883000E-7	7.451369E-4
1.883500E-7	7.674052E-4
1.884000E-7	7.913865E-4
1.884500E-7	8.050901E-4
1.885000E-7	7.930995E-4
1.885500E-7	7.639793E-4
1.886000E-7	7.280074E-4
1.886500E-7	6.868966E-4
1.887000E-7	6.423599E-4
1.887500E-7	5.961102E-4
1.888000E-7	5.412958E-4
1.888500E-7	5.018980E-4
1.889000E-7	5.001850E-4
1.889500E-7	5.241663E-4
1.890000E-7	5.532865E-4
1.890500E-7	5.978232E-4
1.891000E-7	6.594894E-4
1.891500E-7	7.194426E-4
1.892000E-7	7.742570E-4
1.892500E-7	8.205067E-4
1.893000E-7	8.581916E-4
1.893500E-7	8.855988E-4
1.894000E-7	9.044412E-4
1.894500E-7	9.147189E-4
1.895000E-7	9.112930E-4
1.895500E-7	8.993024E-4
1.896000E-7	8.924506E-4
1.896500E-7	8.924506E-4
1.897000E-7	8.958765E-4
1.897500E-7	9.164319E-4
1.898000E-7	9.592556E-4
1.898500E-7	1.010644E-3
1.899000E-7	1.060320E-3
1.899500E-7	1.099718E-3
1.900000E-7	1.113421E-3
1.900500E-7	1.109995E-3
1.901000E-7	1.099718E-3
1.901500E-7	1.065459E-3
1.902000E-7	1.000366E-3
1.902500E-7	9.215707E-4
1.903000E-7	8.359232E-4
1.903500E-7	7.502757E-4
1.904000E-7	6.886095E-4
1.904500E-7	6.577764E-4
1.905000E-7	6.389340E-4
1.905500E-7	6.286563E-4
1.906000E-7	6.389340E-4
1.906500E-7	6.629153E-4
1.907000E-7	6.886095E-4
1.907500E-7	7.160167E-4
1.908000E-7	7.468498E-4
1.908500E-7	7.862477E-4
1.909000E-7	8.222196E-4
1.909500E-7	8.342103E-4
1.910000E-7	8.153678E-4
1.910500E-7	7.742570E-4
1.911000E-7	7.211556E-4
1.911500E-7	6.731930E-4
1.912000E-7	6.509246E-4
1.912500E-7	6.543505E-4
1.913000E-7	6.834707E-4
1.913500E-7	7.468498E-4
1.914000E-7	8.290714E-4
1.914500E-7	9.010153E-4
1.915000E-7	9.643945E-4
1.915500E-7	1.026061E-3
1.916000E-7	1.056894E-3
1.916500E-7	1.053468E-3
1.917000E-7	1.034625E-3
1.917500E-7	9.883758E-4
1.918000E-7	9.061542E-4
1.918500E-7	8.102290E-4
1.919000E-7	7.177297E-4
1.919500E-7	6.320822E-4
1.920000E-7	5.789807E-4
1.920500E-7	5.824066E-4
1.921000E-7	6.372210E-4
1.921500E-7	7.108779E-4
1.922000E-7	7.999513E-4
1.922500E-7	9.147189E-4
1.923000E-7	1.050042E-3
1.923500E-7	1.180226E-3
1.924000E-7	1.293281E-3
1.924500E-7	1.399484E-3
1.925000E-7	1.483418E-3
1.925500E-7	1.522816E-3
1.926000E-7	1.517677E-3
1.926500E-7	1.478279E-3
1.927000E-7	1.411474E-3
1.927500E-7	1.329253E-3
1.928000E-7	1.253883E-3
1.928500E-7	1.176800E-3
1.929000E-7	1.087727E-3
1.929500E-7	9.918017E-4
1.930000E-7	8.941635E-4
1.930500E-7	8.102290E-4
1.931000E-7	7.502757E-4
1.931500E-7	7.160167E-4
1.932000E-7	7.023131E-4
1.932500E-7	7.057390E-4
1.933000E-7	7.280074E-4
1.933500E-7	7.622664E-4
1.934000E-7	7.982383E-4
1.934500E-7	8.393491E-4
1.935000E-7	8.890247E-4
1.935500E-7	9.404132E-4
1.936000E-7	9.780981E-4
1.936500E-7	9.935146E-4
1.937000E-7	9.952276E-4
1.937500E-7	9.969405E-4
1.938000E-7	9.969405E-4
1.938500E-7	9.849499E-4
1.939000E-7	9.712463E-4
1.939500E-7	9.558297E-4
1.940000E-7	9.232837E-4
1.940500E-7	8.873117E-4
1.941000E-7	8.650434E-4
1.941500E-7	8.650434E-4
1.942000E-7	8.701822E-4
1.942500E-7	8.993024E-4
1.943000E-7	9.661074E-4
1.943500E-7	1.051755E-3
1.944000E-7	1.135689E-3
1.944500E-7	1.216198E-3
1.945000E-7	1.288142E-3
1.945500E-7	1.332679E-3
1.946000E-7	1.336105E-3
1.946500E-7	1.298420E-3
1.947000E-7	1.226476E-3
1.947500E-7	1.145967E-3
1.948000E-7	1.067171E-3
1.948500E-7	9.695333E-4
1.949000E-7	8.667563E-4
1.949500E-7	7.999513E-4
1.950000E-7	7.622664E-4
1.950500E-7	7.262944E-4
1.951000E-7	7.125908E-4
1.951500E-7	7.468498E-4
1.952000E-7	8.136549E-4
1.952500E-7	8.924506E-4
1.953000E-7	9.815240E-4
1.953500E-7	1.067171E-3
1.954000E-7	1.127125E-3
1.954500E-7	1.152819E-3
1.955000E-7	1.144254E-3
1.955500E-7	1.094579E-3
1.956000E-7	1.026061E-3
1.956500E-7	9.455520E-4
1.957000E-7	8.564786E-4
1.957500E-7	7.639793E-4
1.958000E-7	6.834707E-4
1.958500E-7	6.098138E-4
1.959000E-7	5.481476E-4
1.959500E-7	5.138886E-4
1.960000E-7	5.104627E-4
1.960500E-7	5.327311E-4
1.961000E-7	5.841196E-4
1.961500E-7	6.612023E-4
1.962000E-7	7.571275E-4
1.962500E-7	8.701822E-4
1.963000E-7	9.832369E-4
1.963500E-7	1.070597E-3
1.964000E-7	1.135689E-3
1.964500E-7	1.185365E-3
1.965000E-7	1.205920E-3
1.965500E-7	1.188791E-3
1.966000E-7	1.154532E-3
1.966500E-7	1.109995E-3
1.967000E-7	1.048329E-3
1.967500E-7	9.729592E-4
1.968000E-7	9.027283E-4
1.968500E-7	8.427750E-4
1.969000E-7	7.930995E-4
1.969500E-7	7.674052E-4
1.970000E-7	7.639793E-4
1.970500E-7	7.793959E-4
1.971000E-7	8.102290E-4
1.971500E-7	8.444880E-4
1.972000E-7	8.633304E-4
1.972500E-7	8.667563E-4
1.973000E-7	8.633304E-4
1.973500E-7	8.581916E-4
1.974000E-7	8.547657E-4
1.974500E-7	8.581916E-4
1.975000E-7	8.547657E-4
1.975500E-7	8.359232E-4
1.976000E-7	8.205067E-4
1.976500E-7	8.256455E-4
1.977000E-7	8.513398E-4
1.977500E-7	9.010153E-4
1.978000E-7	9.643945E-4
1.978500E-7	1.008931E-3
1.979000E-7	1.036338E-3
1.979500E-7	1.067171E-3
1.980000E-7	1.084301E-3
1.980500E-7	1.060320E-3
1.981000E-7	1.008931E-3
1.981500E-7	9.541168E-4
1.982000E-7	9.010153E-4
1.982500E-7	8.496268E-4
1.983000E-7	7.999513E-4
1.983500E-7	7.451369E-4
1.984000E-7	7.108779E-4
1.984500E-7	7.074520E-4
1.985000E-7	7.040261E-4
1.985500E-7	7.023131E-4
1.986000E-7	7.280074E-4
1.986500E-7	7.639793E-4
1.987000E-7	7.811088E-4
1.987500E-7	7.965254E-4
1.988000E-7	8.170808E-4
1.988500E-7	8.153678E-4
1.989000E-7	7.999513E-4
1.989500E-7	7.948124E-4
1.990000E-7	7.896736E-4
1.990500E-7	7.674052E-4
1.991000E-7	7.365721E-4
1.991500E-7	7.091649E-4
1.992000E-7	6.868966E-4
1.992500E-7	6.646282E-4
1.993000E-7	6.440728E-4
1.993500E-7	6.269433E-4
1.994000E-7	6.115268E-4
1.994500E-7	5.961102E-4
1.995000E-7	5.755548E-4
1.995500E-7	5.567124E-4
1.996000E-7	5.447217E-4
1.996500E-7	5.464347E-4
1.997000E-7	5.618512E-4
1.997500E-7	5.738419E-4
1.998000E-7	5.875455E-4
1.998500E-7	6.132397E-4
1.999000E-7	6.560635E-4
1.999500E-7	7.006002E-4
2.000000E-7	7.399980E-4
