Study Name	Tungsten_Kyocera
Sample Name	2024-02-05
Run Name	spot03
Operator	Angus+Samantha
Date	2/5/2024
Time	16:26
Sign	FIX
Grating Spacing	03.40um
Channel	3
Number Traces	10000
Files in Batch	1
Batch Number	95
dt	50.000001E-12
time stamp (ms)	6:04:44 PM
	
Time	Amplitude
0.000000E+0	6.337975E-4
5.000000E-11	5.087522E-4
1.000000E-10	4.162529E-4
1.500000E-10	3.494478E-4
2.000000E-10	3.169017E-4
2.500000E-10	3.443088E-4
3.000000E-10	4.282431E-4
3.500000E-10	5.498624E-4
4.000000E-10	7.074535E-4
4.500000E-10	8.838871E-4
5.000000E-10	1.048330E-3
5.500000E-10	1.169949E-3
6.000000E-10	1.238467E-3
6.500000E-10	1.259022E-3
7.000000E-10	1.235041E-3
7.500000E-10	1.176801E-3
8.000000E-10	1.086015E-3
8.500000E-10	9.883765E-4
9.000000E-10	8.975903E-4
9.500000E-10	8.136558E-4
1.000000E-9	7.434249E-4
1.050000E-9	7.177306E-4
1.100000E-9	7.451377E-4
1.150000E-9	7.879614E-4
1.200000E-9	8.376368E-4
1.250000E-9	8.907381E-4
1.300000E-9	9.181453E-4
1.350000E-9	9.284230E-4
1.400000E-9	9.267101E-4
1.450000E-9	8.838865E-4
1.500000E-9	7.896745E-4
1.550000E-9	6.766200E-4
1.600000E-9	5.481491E-4
1.650000E-9	3.974098E-4
1.700000E-9	2.535223E-4
1.750000E-9	1.438938E-4
1.800000E-9	6.167234E-5
1.850000E-9	-1.706691E-6
1.900000E-9	-2.054911E-5
1.950000E-9	2.056163E-5
2.000000E-9	8.394071E-5
2.050000E-9	1.575975E-4
2.100000E-9	2.655132E-4
2.150000E-9	3.922714E-4
2.200000E-9	4.813448E-4
2.250000E-9	5.464369E-4
2.300000E-9	6.166679E-4
2.350000E-9	6.629175E-4
2.400000E-9	6.697694E-4
2.450000E-9	6.697695E-4
2.500000E-9	6.714824E-4
2.550000E-9	6.457882E-4
2.600000E-9	5.995386E-4
2.650000E-9	5.704184E-4
2.700000E-9	5.430112E-4
2.750000E-9	4.916227E-4
2.800000E-9	4.505120E-4
2.850000E-9	4.487990E-4
2.900000E-9	4.590767E-4
2.950000E-9	4.676416E-4
3.000000E-9	4.950488E-4
3.050000E-9	5.258818E-4
3.100000E-9	5.378724E-4
3.150000E-9	5.550019E-4
3.200000E-9	6.063902E-4
3.250000E-9	6.629173E-4
3.300000E-9	7.194445E-4
3.350000E-9	8.050918E-4
3.400000E-9	9.112945E-4
3.450000E-9	9.969419E-4
3.500000E-9	1.067173E-3
3.550000E-9	1.125413E-3
3.600000E-9	1.140830E-3
3.650000E-9	1.133978E-3
3.700000E-9	1.127126E-3
3.750000E-9	1.091154E-3
3.800000E-9	1.015785E-3
3.850000E-9	9.489800E-4
3.900000E-9	8.907398E-4
3.950000E-9	8.016665E-4
4.000000E-9	6.954637E-4
4.050000E-9	6.235198E-4
4.100000E-9	5.858348E-4
4.150000E-9	5.412980E-4
4.200000E-9	4.881964E-4
4.250000E-9	4.556502E-4
4.300000E-9	4.642148E-4
4.350000E-9	5.053253E-4
4.400000E-9	5.378712E-4
4.450000E-9	5.635653E-4
4.500000E-9	6.252313E-4
4.550000E-9	7.074528E-4
4.600000E-9	7.725449E-4
4.650000E-9	8.273593E-4
4.700000E-9	8.838867E-4
4.750000E-9	9.249976E-4
4.800000E-9	9.541179E-4
4.850000E-9	9.866641E-4
4.900000E-9	1.007220E-3
4.950000E-9	1.007220E-3
5.000000E-9	9.986550E-4
5.050000E-9	9.746737E-4
5.100000E-9	9.524054E-4
5.150000E-9	9.335629E-4
5.200000E-9	9.095815E-4
5.250000E-9	8.873131E-4
5.300000E-9	9.044425E-4
5.350000E-9	9.061553E-4
5.400000E-9	8.462020E-4
5.450000E-9	7.708322E-4
5.500000E-9	7.211566E-4
5.550000E-9	6.594905E-4
5.600000E-9	5.652784E-4
5.650000E-9	4.796310E-4
5.700000E-9	4.231037E-4
5.750000E-9	3.734282E-4
5.800000E-9	3.614376E-4
5.850000E-9	3.974096E-4
5.900000E-9	4.556499E-4
5.950000E-9	5.190290E-4
6.000000E-9	6.081023E-4
6.050000E-9	7.280087E-4
6.100000E-9	8.239339E-4
6.150000E-9	8.616188E-4
6.200000E-9	8.547671E-4
6.250000E-9	8.359248E-4
6.300000E-9	7.776846E-4
6.350000E-9	6.646302E-4
6.400000E-9	5.258815E-4
6.450000E-9	4.111141E-4
6.500000E-9	3.186150E-4
6.550000E-9	2.569489E-4
6.600000E-9	2.535231E-4
6.650000E-9	3.083374E-4
6.700000E-9	4.059754E-4
6.750000E-9	5.344465E-4
6.800000E-9	6.971764E-4
6.850000E-9	8.838876E-4
6.900000E-9	1.058608E-3
6.950000E-9	1.197357E-3
7.000000E-9	1.298421E-3
7.050000E-9	1.375503E-3
7.100000E-9	1.413188E-3
7.150000E-9	1.394346E-3
7.200000E-9	1.336106E-3
7.250000E-9	1.276153E-3
7.300000E-9	1.238468E-3
7.350000E-9	1.224764E-3
7.400000E-9	1.205922E-3
7.450000E-9	1.192219E-3
7.500000E-9	1.195644E-3
7.550000E-9	1.187080E-3
7.600000E-9	1.159673E-3
7.650000E-9	1.123701E-3
7.700000E-9	1.099719E-3
7.750000E-9	1.060321E-3
7.800000E-9	9.832385E-4
7.850000E-9	8.941652E-4
7.900000E-9	8.050919E-4
7.950000E-9	7.468517E-4
8.000000E-9	6.988892E-4
8.050000E-9	6.166679E-4
8.100000E-9	5.224559E-4
8.150000E-9	4.933360E-4
8.200000E-9	5.070397E-4
8.250000E-9	5.087528E-4
8.300000E-9	5.121788E-4
8.350000E-9	5.515766E-4
8.400000E-9	6.098169E-4
8.450000E-9	6.560664E-4
8.500000E-9	6.903253E-4
8.550000E-9	7.040288E-4
8.600000E-9	6.903251E-4
8.650000E-9	6.560661E-4
8.700000E-9	6.252329E-4
8.750000E-9	6.012515E-4
8.800000E-9	5.789832E-4
8.850000E-9	5.498631E-4
8.900000E-9	5.070394E-4
8.950000E-9	4.864841E-4
9.000000E-9	4.967618E-4
9.050000E-9	5.327337E-4
9.100000E-9	5.926869E-4
9.150000E-9	6.663435E-4
9.200000E-9	7.537038E-4
9.250000E-9	8.581934E-4
9.300000E-9	9.609700E-4
9.350000E-9	1.046617E-3
9.400000E-9	1.103144E-3
9.450000E-9	1.139116E-3
9.500000E-9	1.161384E-3
9.550000E-9	1.151107E-3
9.600000E-9	1.103144E-3
9.650000E-9	1.020923E-3
9.700000E-9	9.524047E-4
9.750000E-9	9.078681E-4
9.800000E-9	8.564798E-4
9.850000E-9	8.153691E-4
9.900000E-9	7.913879E-4
9.950000E-9	7.862491E-4
1.000000E-8	8.068044E-4
1.005000E-8	8.581928E-4
1.010000E-8	8.975906E-4
1.015000E-8	9.284236E-4
1.020000E-8	9.729602E-4
1.025000E-8	1.017497E-3
1.030000E-8	1.027774E-3
1.035000E-8	1.020923E-3
1.040000E-8	1.017497E-3
1.045000E-8	9.900894E-4
1.050000E-8	9.284233E-4
1.055000E-8	8.547665E-4
1.060000E-8	8.119428E-4
1.065000E-8	7.931004E-4
1.070000E-8	7.691191E-4
1.075000E-8	7.399990E-4
1.080000E-8	7.143048E-4
1.085000E-8	6.886106E-4
1.090000E-8	6.560646E-4
1.095000E-8	6.389352E-4
1.100000E-8	6.509260E-4
1.105000E-8	6.663426E-4
1.110000E-8	6.714815E-4
1.115000E-8	6.868982E-4
1.120000E-8	7.280091E-4
1.125000E-8	7.862494E-4
1.130000E-8	8.410639E-4
1.135000E-8	8.907395E-4
1.140000E-8	9.489797E-4
1.145000E-8	1.058608E-3
1.150000E-8	1.224764E-3
1.155000E-8	1.425179E-3
1.160000E-8	1.688973E-3
1.165000E-8	2.132626E-3
1.170000E-8	2.840072E-3
1.175000E-8	3.813025E-3
1.180000E-8	5.113150E-3
1.185000E-8	6.887762E-3
1.190000E-8	9.219080E-3
1.195000E-8	1.211053E-2
1.200000E-8	1.555355E-2
1.205000E-8	1.958069E-2
1.210000E-8	2.418509E-2
1.215000E-8	2.929652E-2
1.220000E-8	3.477795E-2
1.225000E-8	4.050775E-2
1.230000E-8	4.639172E-2
1.235000E-8	5.227741E-2
1.240000E-8	5.794041E-2
1.245000E-8	6.322314E-2
1.250000E-8	6.802967E-2
1.255000E-8	7.222982E-2
1.260000E-8	7.571053E-2
1.265000E-8	7.841357E-2
1.270000E-8	8.027897E-2
1.275000E-8	8.124336E-2
1.280000E-8	8.135128E-2
1.285000E-8	8.067124E-2
1.290000E-8	7.922894E-2
1.295000E-8	7.711174E-2
1.300000E-8	7.444126E-2
1.305000E-8	7.133569E-2
1.310000E-8	6.794406E-2
1.315000E-8	6.447020E-2
1.320000E-8	6.104945E-2
1.325000E-8	5.778286E-2
1.330000E-8	5.481603E-2
1.335000E-8	5.232712E-2
1.340000E-8	5.037779E-2
1.345000E-8	4.896289E-2
1.350000E-8	4.809614E-2
1.355000E-8	4.782206E-2
1.360000E-8	4.809613E-2
1.365000E-8	4.885154E-2
1.370000E-8	5.002833E-2
1.375000E-8	5.150660E-2
1.380000E-8	5.310307E-2
1.385000E-8	5.474749E-2
1.390000E-8	5.640734E-2
1.395000E-8	5.797811E-2
1.400000E-8	5.928680E-2
1.405000E-8	6.023235E-2
1.410000E-8	6.078392E-2
1.415000E-8	6.092952E-2
1.420000E-8	6.060578E-2
1.425000E-8	5.976986E-2
1.430000E-8	5.844062E-2
1.435000E-8	5.668485E-2
1.440000E-8	5.455223E-2
1.445000E-8	5.210615E-2
1.450000E-8	4.943053E-2
1.455000E-8	4.666583E-2
1.460000E-8	4.395252E-2
1.465000E-8	4.141908E-2
1.470000E-8	3.918368E-2
1.475000E-8	3.736967E-2
1.480000E-8	3.606783E-2
1.485000E-8	3.530727E-2
1.490000E-8	3.511371E-2
1.495000E-8	3.551967E-2
1.500000E-8	3.649091E-2
1.505000E-8	3.790409E-2
1.510000E-8	3.962731E-2
1.515000E-8	4.155438E-2
1.520000E-8	4.355510E-2
1.525000E-8	4.546846E-2
1.530000E-8	4.718312E-2
1.535000E-8	4.857232E-2
1.540000E-8	4.954356E-2
1.545000E-8	5.006772E-2
1.550000E-8	5.012083E-2
1.555000E-8	4.968746E-2
1.560000E-8	4.878302E-2
1.565000E-8	4.743322E-2
1.570000E-8	4.566546E-2
1.575000E-8	4.357738E-2
1.580000E-8	4.128375E-2
1.585000E-8	3.886850E-2
1.590000E-8	3.641213E-2
1.595000E-8	3.402771E-2
1.600000E-8	3.183171E-2
1.605000E-8	2.994918E-2
1.610000E-8	2.848290E-2
1.615000E-8	2.749624E-2
1.620000E-8	2.702346E-2
1.625000E-8	2.711082E-2
1.630000E-8	2.774803E-2
1.635000E-8	2.886830E-2
1.640000E-8	3.039967E-2
1.645000E-8	3.225821E-2
1.650000E-8	3.432574E-2
1.655000E-8	3.644123E-2
1.660000E-8	3.844880E-2
1.665000E-8	4.022342E-2
1.670000E-8	4.167428E-2
1.675000E-8	4.271233E-2
1.680000E-8	4.325020E-2
1.685000E-8	4.326733E-2
1.690000E-8	4.277058E-2
1.695000E-8	4.175480E-2
1.700000E-8	4.023542E-2
1.705000E-8	3.832377E-2
1.710000E-8	3.612435E-2
1.715000E-8	3.373308E-2
1.720000E-8	3.123561E-2
1.725000E-8	2.879123E-2
1.730000E-8	2.653871E-2
1.735000E-8	2.458081E-2
1.740000E-8	2.299290E-2
1.745000E-8	2.186064E-2
1.750000E-8	2.124741E-2
1.755000E-8	2.116861E-2
1.760000E-8	2.159684E-2
1.765000E-8	2.247901E-2
1.770000E-8	2.381168E-2
1.775000E-8	2.551092E-2
1.780000E-8	2.742942E-2
1.785000E-8	2.942157E-2
1.790000E-8	3.140688E-2
1.795000E-8	3.329455E-2
1.800000E-8	3.493384E-2
1.805000E-8	3.620998E-2
1.810000E-8	3.707673E-2
1.815000E-8	3.750155E-2
1.820000E-8	3.742104E-2
1.825000E-8	3.683864E-2
1.830000E-8	3.581259E-2
1.835000E-8	3.437200E-2
1.840000E-8	3.253573E-2
1.845000E-8	3.038941E-2
1.850000E-8	2.805809E-2
1.855000E-8	2.562913E-2
1.860000E-8	2.324642E-2
1.865000E-8	2.105899E-2
1.870000E-8	1.917817E-2
1.875000E-8	1.768448E-2
1.880000E-8	1.668069E-2
1.885000E-8	1.621134E-2
1.890000E-8	1.627472E-2
1.895000E-8	1.687767E-2
1.900000E-8	1.799109E-2
1.905000E-8	1.953616E-2
1.910000E-8	2.141184E-2
1.915000E-8	2.350334E-2
1.920000E-8	2.565309E-2
1.925000E-8	2.773775E-2
1.930000E-8	2.966481E-2
1.935000E-8	3.130410E-2
1.940000E-8	3.251002E-2
1.945000E-8	3.323973E-2
1.950000E-8	3.346756E-2
1.955000E-8	3.313868E-2
1.960000E-8	3.227535E-2
1.965000E-8	3.097180E-2
1.970000E-8	2.929826E-2
1.975000E-8	2.729240E-2
1.980000E-8	2.505187E-2
1.985000E-8	2.272055E-2
1.990000E-8	2.042862E-2
1.995000E-8	1.826346E-2
2.000000E-8	1.633811E-2
2.005000E-8	1.475020E-2
2.010000E-8	1.359225E-2
2.015000E-8	1.291735E-2
2.020000E-8	1.274776E-2
2.025000E-8	1.308007E-2
2.030000E-8	1.388344E-2
2.035000E-8	1.512190E-2
2.040000E-8	1.672350E-2
2.045000E-8	1.861973E-2
2.050000E-8	2.070953E-2
2.055000E-8	2.283187E-2
2.060000E-8	2.486171E-2
2.065000E-8	2.673053E-2
2.070000E-8	2.830131E-2
2.075000E-8	2.942329E-2
2.080000E-8	3.006051E-2
2.085000E-8	3.019754E-2
2.090000E-8	2.975903E-2
2.095000E-8	2.876039E-2
2.100000E-8	2.729925E-2
2.105000E-8	2.544241E-2
2.110000E-8	2.326526E-2
2.115000E-8	2.092366E-2
2.120000E-8	1.854096E-2
2.125000E-8	1.621478E-2
2.130000E-8	1.410271E-2
2.135000E-8	1.230926E-2
2.140000E-8	1.086695E-2
2.145000E-8	9.866591E-3
2.150000E-8	9.400667E-3
2.155000E-8	9.448627E-3
2.160000E-8	9.972787E-3
2.165000E-8	1.095773E-2
2.170000E-8	1.232808E-2
2.175000E-8	1.398279E-2
2.180000E-8	1.587045E-2
2.185000E-8	1.787460E-2
2.190000E-8	1.984106E-2
2.195000E-8	2.167392E-2
2.200000E-8	2.330635E-2
2.205000E-8	2.463389E-2
2.210000E-8	2.557087E-2
2.215000E-8	2.605907E-2
2.220000E-8	2.604365E-2
2.225000E-8	2.552634E-2
2.230000E-8	2.455511E-2
2.235000E-8	2.316419E-2
2.240000E-8	2.140157E-2
2.245000E-8	1.936146E-2
2.250000E-8	1.716032E-2
2.255000E-8	1.491979E-2
2.260000E-8	1.276490E-2
2.265000E-8	1.079330E-2
2.270000E-8	9.097481E-3
2.275000E-8	7.790501E-3
2.280000E-8	6.956294E-3
2.285000E-8	6.630831E-3
2.290000E-8	6.838096E-3
2.295000E-8	7.566095E-3
2.300000E-8	8.744600E-3
2.305000E-8	1.031194E-2
2.310000E-8	1.218248E-2
2.315000E-8	1.422431E-2
2.320000E-8	1.629698E-2
2.325000E-8	1.830284E-2
2.330000E-8	2.014597E-2
2.335000E-8	2.170132E-2
2.340000E-8	2.288326E-2
2.345000E-8	2.365409E-2
2.350000E-8	2.396413E-2
2.355000E-8	2.378427E-2
2.360000E-8	2.314535E-2
2.365000E-8	2.209531E-2
2.370000E-8	2.064274E-2
2.375000E-8	1.885785E-2
2.380000E-8	1.688454E-2
2.385000E-8	1.481187E-2
2.390000E-8	1.270837E-2
2.395000E-8	1.070422E-2
2.400000E-8	8.929612E-3
2.405000E-8	7.429069E-3
2.410000E-8	6.265977E-3
2.415000E-8	5.539685E-3
2.420000E-8	5.298157E-3
2.425000E-8	5.565375E-3
2.430000E-8	6.325921E-3
2.435000E-8	7.540398E-3
2.440000E-8	9.118019E-3
2.445000E-8	1.095087E-2
2.450000E-8	1.291562E-2
2.455000E-8	1.488037E-2
2.460000E-8	1.674234E-2
2.465000E-8	1.839534E-2
2.470000E-8	1.972972E-2
2.475000E-8	2.068212E-2
2.480000E-8	2.120457E-2
2.485000E-8	2.126453E-2
2.490000E-8	2.086370E-2
2.495000E-8	2.002093E-2
2.500000E-8	1.877391E-2
2.505000E-8	1.720314E-2
2.510000E-8	1.540969E-2
2.515000E-8	1.344151E-2
2.520000E-8	1.139797E-2
2.525000E-8	9.414376E-3
2.530000E-8	7.554115E-3
2.535000E-8	5.899407E-3
2.540000E-8	4.577011E-3
2.545000E-8	3.686277E-3
2.550000E-8	3.234057E-3
2.555000E-8	3.230629E-3
2.560000E-8	3.715391E-3
2.565000E-8	4.654084E-3
2.570000E-8	5.990180E-3
2.575000E-8	7.665441E-3
2.580000E-8	9.582227E-3
2.585000E-8	1.159836E-2
2.590000E-8	1.359737E-2
2.595000E-8	1.546449E-2
2.600000E-8	1.707979E-2
2.605000E-8	1.834052E-2
2.610000E-8	1.919357E-2
2.615000E-8	1.959440E-2
2.620000E-8	1.951732E-2
2.625000E-8	1.898974E-2
2.630000E-8	1.806646E-2
2.635000E-8	1.678689E-2
2.640000E-8	1.519899E-2
2.645000E-8	1.339012E-2
2.650000E-8	1.147162E-2
2.655000E-8	9.527430E-3
2.660000E-8	7.660318E-3
2.665000E-8	5.985056E-3
2.670000E-8	4.575300E-3
2.675000E-8	3.484152E-3
2.680000E-8	2.762999E-3
2.685000E-8	2.458093E-3
2.690000E-8	2.598553E-3
2.695000E-8	3.165536E-3
2.700000E-8	4.105942E-3
2.705000E-8	5.366669E-3
2.710000E-8	6.899755E-3
2.715000E-8	8.604135E-3
2.720000E-8	1.036676E-2
2.725000E-8	1.210197E-2
2.730000E-8	1.372242E-2
2.735000E-8	1.512704E-2
2.740000E-8	1.622504E-2
2.745000E-8	1.695133E-2
2.750000E-8	1.725966E-2
2.755000E-8	1.714661E-2
2.760000E-8	1.661902E-2
2.765000E-8	1.568375E-2
2.770000E-8	1.437506E-2
2.775000E-8	1.278202E-2
2.780000E-8	1.100570E-2
2.785000E-8	9.164284E-3
2.790000E-8	7.355412E-3
2.795000E-8	5.666447E-3
2.800000E-8	4.188174E-3
2.805000E-8	3.013092E-3
2.810000E-8	2.185738E-3
2.815000E-8	1.738657E-3
2.820000E-8	1.716387E-3
2.825000E-8	2.117215E-3
2.830000E-8	2.876049E-3
2.835000E-8	3.946638E-3
2.840000E-8	5.289587E-3
2.845000E-8	6.817534E-3
2.850000E-8	8.448258E-3
2.855000E-8	1.009782E-2
2.860000E-8	1.166688E-2
2.865000E-8	1.305780E-2
2.870000E-8	1.422089E-2
2.875000E-8	1.510648E-2
2.880000E-8	1.564777E-2
2.885000E-8	1.581907E-2
2.890000E-8	1.562894E-2
2.895000E-8	1.509279E-2
2.900000E-8	1.422775E-2
2.905000E-8	1.308350E-2
2.910000E-8	1.170458E-2
2.915000E-8	1.014580E-2
2.920000E-8	8.480818E-3
2.925000E-8	6.802130E-3
2.930000E-8	5.227932E-3
2.935000E-8	3.852435E-3
2.940000E-8	2.740732E-3
2.945000E-8	1.927081E-3
2.950000E-8	1.478288E-3
2.955000E-8	1.457731E-3
2.960000E-8	1.867123E-3
2.965000E-8	2.665355E-3
2.970000E-8	3.821592E-3
2.975000E-8	5.281022E-3
2.980000E-8	6.908320E-3
2.985000E-8	8.592146E-3
2.990000E-8	1.027083E-2
2.995000E-8	1.183304E-2
3.000000E-8	1.314173E-2
3.005000E-8	1.413182E-2
3.010000E-8	1.479987E-2
3.015000E-8	1.506880E-2
3.020000E-8	1.488723E-2
3.025000E-8	1.429113E-2
3.030000E-8	1.334901E-2
3.035000E-8	1.211226E-2
3.040000E-8	1.067339E-2
3.045000E-8	9.124885E-3
3.050000E-8	7.507864E-3
3.055000E-8	5.889130E-3
3.060000E-8	4.373173E-3
3.065000E-8	3.042213E-3
3.070000E-8	1.939075E-3
3.075000E-8	1.127137E-3
3.080000E-8	6.595012E-4
3.085000E-8	5.567228E-4
3.090000E-8	8.376441E-4
3.095000E-8	1.495414E-3
3.100000E-8	2.466653E-3
3.105000E-8	3.693121E-3
3.110000E-8	5.147411E-3
3.115000E-8	6.754154E-3
3.120000E-8	8.390017E-3
3.125000E-8	9.972779E-3
3.130000E-8	1.141337E-2
3.135000E-8	1.260729E-2
3.140000E-8	1.351002E-2
3.145000E-8	1.408899E-2
3.150000E-8	1.425344E-2
3.155000E-8	1.396909E-2
3.160000E-8	1.331989E-2
3.165000E-8	1.236406E-2
3.170000E-8	1.108621E-2
3.175000E-8	9.578815E-3
3.180000E-8	7.984063E-3
3.185000E-8	6.358477E-3
3.190000E-8	4.744882E-3
3.195000E-8	3.249479E-3
3.200000E-8	1.969908E-3
3.205000E-8	9.558426E-4
3.210000E-8	2.655239E-4
3.215000E-8	-6.850200E-5
3.220000E-8	-5.479993E-5
3.225000E-8	3.220467E-4
3.230000E-8	1.050047E-3
3.235000E-8	2.060684E-3
3.240000E-8	3.285440E-3
3.245000E-8	4.683203E-3
3.250000E-8	6.180318E-3
3.255000E-8	7.684284E-3
3.260000E-8	9.112881E-3
3.265000E-8	1.038218E-2
3.270000E-8	1.143564E-2
3.275000E-8	1.225271E-2
3.280000E-8	1.277688E-2
3.285000E-8	1.295160E-2
3.290000E-8	1.276318E-2
3.295000E-8	1.223730E-2
3.300000E-8	1.137569E-2
3.305000E-8	1.021946E-2
3.310000E-8	8.867942E-3
3.315000E-8	7.393096E-3
3.320000E-8	5.832602E-3
3.325000E-8	4.270395E-3
3.330000E-8	2.838371E-3
3.335000E-8	1.629030E-3
3.340000E-8	6.903339E-4
3.345000E-8	7.538460E-5
3.350000E-8	-1.764201E-4
3.355000E-8	-4.795082E-5
3.360000E-8	4.607927E-4
3.365000E-8	1.313839E-3
3.370000E-8	2.452947E-3
3.375000E-8	3.804460E-3
3.380000E-8	5.303288E-3
3.385000E-8	6.851791E-3
3.390000E-8	8.342055E-3
3.395000E-8	9.683292E-3
3.400000E-8	1.081555E-2
3.405000E-8	1.167031E-2
3.410000E-8	1.221332E-2
3.415000E-8	1.244457E-2
3.420000E-8	1.237262E-2
3.425000E-8	1.196666E-2
3.430000E-8	1.122324E-2
3.435000E-8	1.018862E-2
3.440000E-8	8.934746E-3
3.445000E-8	7.545547E-3
3.450000E-8	6.086118E-3
3.455000E-8	4.606132E-3
3.460000E-8	3.163831E-3
3.465000E-8	1.877408E-3
3.470000E-8	8.256578E-4
3.475000E-8	2.742379E-5
3.480000E-8	-4.487765E-4
3.485000E-8	-5.292863E-4
3.490000E-8	-2.535032E-4
3.495000E-8	3.271844E-4
3.500000E-8	1.205925E-3
3.505000E-8	2.343320E-3
3.510000E-8	3.638307E-3
3.515000E-8	5.036070E-3
3.520000E-8	6.483510E-3
3.525000E-8	7.865857E-3
3.530000E-8	9.095753E-3
3.535000E-8	1.013037E-2
3.540000E-8	1.094402E-2
3.545000E-8	1.147333E-2
3.550000E-8	1.168231E-2
3.555000E-8	1.156069E-2
3.560000E-8	1.111190E-2
3.565000E-8	1.036163E-2
3.570000E-8	9.354417E-3
3.575000E-8	8.134801E-3
3.580000E-8	6.786713E-3
3.585000E-8	5.378671E-3
3.590000E-8	3.970629E-3
3.595000E-8	2.648235E-3
3.600000E-8	1.502273E-3
3.605000E-8	5.772810E-4
3.610000E-8	-6.336210E-5
3.615000E-8	-3.597031E-4
3.620000E-8	-2.980385E-4
3.625000E-8	1.199190E-4
3.630000E-8	8.770399E-4
3.635000E-8	1.901381E-3
3.640000E-8	3.114146E-3
3.645000E-8	4.453669E-3
3.650000E-8	5.834303E-3
3.655000E-8	7.161836E-3
3.660000E-8	8.355760E-3
3.665000E-8	9.340705E-3
3.670000E-8	1.006357E-2
3.675000E-8	1.051236E-2
3.680000E-8	1.068537E-2
3.685000E-8	1.056375E-2
3.690000E-8	1.015607E-2
3.695000E-8	9.529136E-3
3.700000E-8	8.720626E-3
3.705000E-8	7.740822E-3
3.710000E-8	6.618843E-3
3.715000E-8	5.430059E-3
3.720000E-8	4.236136E-3
3.725000E-8	3.086749E-3
3.730000E-8	2.036712E-3
3.735000E-8	1.123711E-3
3.740000E-8	3.905692E-4
3.745000E-8	-9.590867E-5
3.750000E-8	-2.928988E-4
3.755000E-8	-2.106788E-4
3.760000E-8	1.695939E-4
3.765000E-8	8.633359E-4
3.770000E-8	1.824298E-3
3.775000E-8	2.975397E-3
3.780000E-8	4.275522E-3
3.785000E-8	5.649305E-3
3.790000E-8	6.980264E-3
3.795000E-8	8.213586E-3
3.800000E-8	9.292742E-3
3.805000E-8	1.010639E-2
3.810000E-8	1.061171E-2
3.815000E-8	1.081555E-2
3.820000E-8	1.067167E-2
3.825000E-8	1.015093E-2
3.830000E-8	9.342425E-3
3.835000E-8	8.316371E-3
3.840000E-8	7.103606E-3
3.845000E-8	5.755518E-3
3.850000E-8	4.393726E-3
3.855000E-8	3.107304E-3
3.860000E-8	1.968194E-3
3.865000E-8	1.039777E-3
3.870000E-8	3.443203E-4
3.875000E-8	-9.419484E-5
3.880000E-8	-2.449352E-4
3.885000E-8	-9.933608E-5
3.890000E-8	2.792237E-4
3.895000E-8	8.530593E-4
3.900000E-8	1.635875E-3
3.905000E-8	2.593410E-3
3.910000E-8	3.636594E-3
3.915000E-8	4.700333E-3
3.920000E-8	5.760647E-3
3.925000E-8	6.771285E-3
3.930000E-8	7.670583E-3
3.935000E-8	8.429418E-3
3.940000E-8	9.003256E-3
3.945000E-8	9.362976E-3
3.950000E-8	9.486310E-3
3.955000E-8	9.381821E-3
3.960000E-8	9.046085E-3
3.965000E-8	8.473962E-3
3.970000E-8	7.667165E-3
3.975000E-8	6.665092E-3
3.980000E-8	5.563668E-3
3.985000E-8	4.414281E-3
3.990000E-8	3.247764E-3
3.995000E-8	2.144626E-3
4.000000E-8	1.193941E-3
4.005000E-8	4.351046E-4
4.010000E-8	-7.878030E-5
4.015000E-8	-2.791961E-4
4.020000E-8	-1.918369E-4
4.025000E-8	1.233442E-4
4.030000E-8	6.937543E-4
4.035000E-8	1.512542E-3
4.040000E-8	2.482069E-3
4.045000E-8	3.537243E-3
4.050000E-8	4.659222E-3
4.055000E-8	5.760647E-3
4.060000E-8	6.766146E-3
4.065000E-8	7.662018E-3
4.070000E-8	8.407150E-3
4.075000E-8	8.927887E-3
4.080000E-8	9.231079E-3
4.085000E-8	9.327006E-3
4.090000E-8	9.160851E-3
4.095000E-8	8.708635E-3
4.100000E-8	8.028596E-3
4.105000E-8	7.168698E-3
4.110000E-8	6.149496E-3
4.115000E-8	5.025803E-3
4.120000E-8	3.859287E-3
4.125000E-8	2.715039E-3
4.130000E-8	1.676993E-3
4.135000E-8	8.188057E-4
4.140000E-8	1.541816E-4
4.145000E-8	-2.980373E-4
4.150000E-8	-4.419259E-4
4.155000E-8	-2.517899E-4
4.160000E-8	1.987140E-4
4.165000E-8	8.856046E-4
4.170000E-8	1.805456E-3
4.175000E-8	2.881186E-3
4.180000E-8	4.042563E-3
4.185000E-8	5.241625E-3
4.190000E-8	6.385874E-3
4.195000E-8	7.362253E-3
4.200000E-8	8.146783E-3
4.205000E-8	8.739463E-3
4.210000E-8	9.088905E-3
4.215000E-8	9.177979E-3
4.220000E-8	9.015250E-3
4.225000E-8	8.588727E-3
4.230000E-8	7.946373E-3
4.235000E-8	7.148141E-3
4.240000E-8	6.221437E-3
4.245000E-8	5.198809E-3
4.250000E-8	4.153912E-3
4.255000E-8	3.126144E-3
4.260000E-8	2.125783E-3
4.265000E-8	1.229912E-3
4.270000E-8	5.070480E-4
4.275000E-8	-2.054022E-5
4.280000E-8	-3.322973E-4
4.285000E-8	-4.042420E-4
4.290000E-8	-2.226707E-4
4.295000E-8	1.935743E-4
4.300000E-8	8.222248E-4
4.305000E-8	1.637587E-3
4.310000E-8	2.615678E-3
4.315000E-8	3.708538E-3
4.320000E-8	4.821953E-3
4.325000E-8	5.885693E-3
4.330000E-8	6.868924E-3
4.335000E-8	7.684287E-3
4.340000E-8	8.275254E-3
4.345000E-8	8.640113E-3
4.350000E-8	8.760020E-3
4.355000E-8	8.592153E-3
4.360000E-8	8.165630E-3
4.365000E-8	7.545544E-3
4.370000E-8	6.754164E-3
4.375000E-8	5.815470E-3
4.380000E-8	4.818536E-3
4.385000E-8	3.807898E-3
4.390000E-8	2.802399E-3
4.395000E-8	1.863704E-3
4.400000E-8	1.070609E-3
4.405000E-8	4.436702E-4
4.410000E-8	1.543274E-5
4.415000E-8	-1.986865E-4
4.420000E-8	-1.866970E-4
4.425000E-8	4.797561E-5
4.430000E-8	5.019054E-4
4.435000E-8	1.152824E-3
4.440000E-8	1.942491E-3
4.445000E-8	2.816093E-3
4.450000E-8	3.732519E-3
4.455000E-8	4.643806E-3
4.460000E-8	5.493428E-3
4.465000E-8	6.229995E-3
4.470000E-8	6.822675E-3
4.475000E-8	7.250912E-3
4.480000E-8	7.458180E-3
4.485000E-8	7.430774E-3
4.490000E-8	7.166981E-3
4.495000E-8	6.697635E-3
4.500000E-8	6.045003E-3
4.505000E-8	5.263900E-3
4.510000E-8	4.381734E-3
4.515000E-8	3.412206E-3
4.520000E-8	2.454670E-3
4.525000E-8	1.617039E-3
4.530000E-8	9.147306E-4
4.535000E-8	3.357544E-4
4.540000E-8	-5.651095E-5
4.545000E-8	-1.986862E-4
4.550000E-8	-1.370210E-4
4.555000E-8	1.130683E-4
4.560000E-8	5.669982E-4
4.565000E-8	1.180232E-3
4.570000E-8	1.896243E-3
4.575000E-8	2.701327E-3
4.580000E-8	3.561226E-3
4.585000E-8	4.393717E-3
4.590000E-8	5.155979E-3
4.595000E-8	5.844583E-3
4.600000E-8	6.404717E-3
4.605000E-8	6.819250E-3
4.610000E-8	7.101887E-3
4.615000E-8	7.206378E-3
4.620000E-8	7.089898E-3
4.625000E-8	6.814114E-3
4.630000E-8	6.416712E-3
4.635000E-8	5.863431E-3
4.640000E-8	5.159410E-3
4.645000E-8	4.385159E-3
4.650000E-8	3.561232E-3
4.655000E-8	2.685917E-3
4.660000E-8	1.831157E-3
4.665000E-8	1.094589E-3
4.670000E-8	5.156132E-4
4.675000E-8	1.096444E-4
4.680000E-8	-1.010487E-4
4.685000E-8	-9.419768E-5
4.690000E-8	1.490399E-4
4.695000E-8	6.166735E-4
4.700000E-8	1.264166E-3
4.705000E-8	2.060686E-3
4.710000E-8	2.970260E-3
4.715000E-8	3.927797E-3
4.720000E-8	4.840797E-3
4.725000E-8	5.675002E-3
4.730000E-8	6.394440E-3
4.735000E-8	6.951148E-3
4.740000E-8	7.310867E-3
4.745000E-8	7.482162E-3
4.750000E-8	7.470172E-3
4.755000E-8	7.261194E-3
4.760000E-8	6.858652E-3
4.765000E-8	6.298519E-3
4.770000E-8	5.623619E-3
4.775000E-8	4.876775E-3
4.780000E-8	4.095672E-3
4.785000E-8	3.328272E-3
4.790000E-8	2.625964E-3
4.795000E-8	2.012729E-3
4.800000E-8	1.505697E-3
4.805000E-8	1.149403E-3
4.810000E-8	9.489880E-4
4.815000E-8	8.958861E-4
4.820000E-8	9.900974E-4
4.825000E-8	1.257316E-3
4.830000E-8	1.659858E-3
4.835000E-8	2.146334E-3
4.840000E-8	2.682485E-3
4.845000E-8	3.273451E-3
4.850000E-8	3.893538E-3
4.855000E-8	4.505059E-3
4.860000E-8	5.056628E-3
4.865000E-8	5.531114E-3
4.870000E-8	5.935370E-3
4.875000E-8	6.221432E-3
4.880000E-8	6.343052E-3
4.885000E-8	6.289951E-3
4.890000E-8	6.091250E-3
4.895000E-8	5.750375E-3
4.900000E-8	5.274176E-3
4.905000E-8	4.684923E-3
4.910000E-8	4.011736E-3
4.915000E-8	3.290586E-3
4.920000E-8	2.581426E-3
4.925000E-8	1.937358E-3
4.930000E-8	1.396067E-3
4.935000E-8	9.763951E-4
4.940000E-8	6.988975E-4
4.945000E-8	5.892686E-4
4.950000E-8	6.749154E-4
4.955000E-8	9.541251E-4
4.960000E-8	1.387500E-3
4.965000E-8	1.951059E-3
4.970000E-8	2.636237E-3
4.975000E-8	3.381368E-3
4.980000E-8	4.138490E-3
4.985000E-8	4.868205E-3
4.990000E-8	5.560235E-3
4.995000E-8	6.178608E-3
5.000000E-8	6.670224E-3
5.005000E-8	6.985407E-3
5.010000E-8	7.117304E-3
5.015000E-8	7.059064E-3
5.020000E-8	6.817540E-3
5.025000E-8	6.416711E-3
5.030000E-8	5.892550E-3
5.035000E-8	5.262186E-3
5.040000E-8	4.551314E-3
5.045000E-8	3.819886E-3
5.050000E-8	3.122717E-3
5.055000E-8	2.478649E-3
5.060000E-8	1.906525E-3
5.065000E-8	1.459446E-3
5.070000E-8	1.169957E-3
5.075000E-8	1.020930E-3
5.080000E-8	9.952355E-4
5.085000E-8	1.113428E-3
5.090000E-8	1.366944E-3
5.095000E-8	1.730088E-3
5.100000E-8	2.166889E-3
5.105000E-8	2.661930E-3
5.110000E-8	3.189517E-3
5.115000E-8	3.737660E-3
5.120000E-8	4.273812E-3
5.125000E-8	4.763715E-3
5.130000E-8	5.174822E-3
5.135000E-8	5.503708E-3
5.140000E-8	5.746947E-3
5.145000E-8	5.892547E-3
5.150000E-8	5.937084E-3
5.155000E-8	5.880558E-3
5.160000E-8	5.697273E-3
5.165000E-8	5.388943E-3
5.170000E-8	4.965846E-3
5.175000E-8	4.446823E-3
5.180000E-8	3.879838E-3
5.185000E-8	3.306001E-3
5.190000E-8	2.737303E-3
5.195000E-8	2.213142E-3
5.200000E-8	1.774627E-3
5.205000E-8	1.438890E-3
5.210000E-8	1.226484E-3
5.215000E-8	1.157966E-3
5.220000E-8	1.235048E-3
5.225000E-8	1.450879E-3
5.230000E-8	1.820875E-3
5.235000E-8	2.317629E-3
5.240000E-8	2.889753E-3
5.245000E-8	3.506414E-3
5.250000E-8	4.135065E-3
5.255000E-8	4.727744E-3
5.260000E-8	5.250193E-3
5.265000E-8	5.671578E-3
5.270000E-8	5.937085E-3
5.275000E-8	6.026158E-3
5.280000E-8	5.955927E-3
5.285000E-8	5.741809E-3
5.290000E-8	5.376952E-3
5.295000E-8	4.892188E-3
5.300000E-8	4.333768E-3
5.305000E-8	3.729098E-3
5.310000E-8	3.100447E-3
5.315000E-8	2.494064E-3
5.320000E-8	1.939070E-3
5.325000E-8	1.462871E-3
5.330000E-8	1.099726E-3
5.335000E-8	8.719041E-4
5.340000E-8	7.674144E-4
5.345000E-8	7.845438E-4
5.350000E-8	9.369959E-4
5.355000E-8	1.193938E-3
5.360000E-8	1.515971E-3
5.365000E-8	1.885967E-3
5.370000E-8	2.293648E-3
5.375000E-8	2.737301E-3
5.380000E-8	3.175815E-3
5.385000E-8	3.597199E-3
5.390000E-8	4.001454E-3
5.395000E-8	4.374876E-3
5.400000E-8	4.676355E-3
5.405000E-8	4.875057E-3
5.410000E-8	4.957278E-3
5.415000E-8	4.929872E-3
5.420000E-8	4.806540E-3
5.425000E-8	4.597561E-3
5.430000E-8	4.309786E-3
5.435000E-8	3.951781E-3
5.440000E-8	3.530397E-3
5.445000E-8	3.062763E-3
5.450000E-8	2.584851E-3
5.455000E-8	2.136059E-3
5.460000E-8	1.748934E-3
5.465000E-8	1.432039E-3
5.470000E-8	1.211068E-3
5.475000E-8	1.113430E-3
5.480000E-8	1.154541E-3
5.485000E-8	1.344678E-3
5.490000E-8	1.661572E-3
5.495000E-8	2.079531E-3
5.500000E-8	2.591701E-3
5.505000E-8	3.187806E-3
5.510000E-8	3.806180E-3
5.515000E-8	4.395433E-3
5.520000E-8	4.931585E-3
5.525000E-8	5.394080E-3
5.530000E-8	5.767503E-3
5.535000E-8	5.974770E-3
5.540000E-8	5.986760E-3
5.545000E-8	5.851438E-3
5.550000E-8	5.609913E-3
5.555000E-8	5.226213E-3
5.560000E-8	4.724320E-3
5.565000E-8	4.184742E-3
5.570000E-8	3.638313E-3
5.575000E-8	3.085031E-3
5.580000E-8	2.579712E-3
5.585000E-8	2.161753E-3
5.590000E-8	1.834580E-3
5.595000E-8	1.615323E-3
5.600000E-8	1.495417E-3
5.605000E-8	1.437176E-3
5.610000E-8	1.464583E-3
5.615000E-8	1.601618E-3
5.620000E-8	1.784903E-3
5.625000E-8	1.997308E-3
5.630000E-8	2.279944E-3
5.635000E-8	2.589986E-3
5.640000E-8	2.898316E-3
5.645000E-8	3.246044E-3
5.650000E-8	3.631457E-3
5.655000E-8	3.987750E-3
5.660000E-8	4.332052E-3
5.665000E-8	4.671216E-3
5.670000E-8	4.957278E-3
5.675000E-8	5.164545E-3
5.680000E-8	5.313572E-3
5.685000E-8	5.352970E-3
5.690000E-8	5.260471E-3
5.695000E-8	5.072048E-3
5.700000E-8	4.791125E-3
5.705000E-8	4.412564E-3
5.710000E-8	3.984327E-3
5.715000E-8	3.532110E-3
5.720000E-8	3.037068E-3
5.725000E-8	2.528323E-3
5.730000E-8	2.088096E-3
5.735000E-8	1.754071E-3
5.740000E-8	1.510832E-3
5.745000E-8	1.363519E-3
5.750000E-8	1.348102E-3
5.755000E-8	1.469721E-3
5.760000E-8	1.700968E-3
5.765000E-8	2.005873E-3
5.770000E-8	2.387860E-3
5.775000E-8	2.833226E-3
5.780000E-8	3.300860E-3
5.785000E-8	3.735948E-3
5.790000E-8	4.121361E-3
5.795000E-8	4.434831E-3
5.800000E-8	4.645523E-3
5.805000E-8	4.738022E-3
5.810000E-8	4.744874E-3
5.815000E-8	4.678070E-3
5.820000E-8	4.508488E-3
5.825000E-8	4.230991E-3
5.830000E-8	3.907244E-3
5.835000E-8	3.552665E-3
5.840000E-8	3.146696E-3
5.845000E-8	2.725312E-3
5.850000E-8	2.341612E-3
5.855000E-8	2.016152E-3
5.860000E-8	1.750645E-3
5.865000E-8	1.563934E-3
5.870000E-8	1.442315E-3
5.875000E-8	1.397778E-3
5.880000E-8	1.461156E-3
5.885000E-8	1.610182E-3
5.890000E-8	1.812310E-3
5.895000E-8	2.076103E-3
5.900000E-8	2.392998E-3
5.905000E-8	2.727022E-3
5.910000E-8	3.081601E-3
5.915000E-8	3.444746E-3
5.920000E-8	3.754789E-3
5.925000E-8	4.006593E-3
5.930000E-8	4.234415E-3
5.935000E-8	4.407423E-3
5.940000E-8	4.486219E-3
5.945000E-8	4.499923E-3
5.950000E-8	4.445109E-3
5.955000E-8	4.306361E-3
5.960000E-8	4.075114E-3
5.965000E-8	3.785626E-3
5.970000E-8	3.465306E-3
5.975000E-8	3.127856E-3
5.980000E-8	2.776702E-3
5.985000E-8	2.447816E-3
5.990000E-8	2.166892E-3
5.995000E-8	1.957913E-3
6.000000E-8	1.827728E-3
6.005000E-8	1.750645E-3
6.010000E-8	1.709534E-3
6.015000E-8	1.730089E-3
6.020000E-8	1.820875E-3
6.025000E-8	1.957910E-3
6.030000E-8	2.125779E-3
6.035000E-8	2.336471E-3
6.040000E-8	2.569432E-3
6.045000E-8	2.828086E-3
6.050000E-8	3.134704E-3
6.055000E-8	3.429331E-3
6.060000E-8	3.655440E-3
6.065000E-8	3.860994E-3
6.070000E-8	4.047705E-3
6.075000E-8	4.138491E-3
6.080000E-8	4.129927E-3
6.085000E-8	4.076826E-3
6.090000E-8	3.929512E-3
6.095000E-8	3.664006E-3
6.100000E-8	3.360814E-3
6.105000E-8	3.040493E-3
6.110000E-8	2.668784E-3
6.115000E-8	2.307353E-3
6.120000E-8	2.016152E-3
6.125000E-8	1.786617E-3
6.130000E-8	1.615323E-3
6.135000E-8	1.551943E-3
6.140000E-8	1.574212E-3
6.145000E-8	1.654720E-3
6.150000E-8	1.812311E-3
6.155000E-8	2.014438E-3
6.160000E-8	2.219992E-3
6.165000E-8	2.473507E-3
6.170000E-8	2.766421E-3
6.175000E-8	3.025075E-3
6.180000E-8	3.232342E-3
6.185000E-8	3.434469E-3
6.190000E-8	3.631458E-3
6.195000E-8	3.782197E-3
6.200000E-8	3.888399E-3
6.205000E-8	3.974047E-3
6.210000E-8	4.020297E-3
6.215000E-8	4.013445E-3
6.220000E-8	3.958631E-3
6.225000E-8	3.854142E-3
6.230000E-8	3.694838E-3
6.235000E-8	3.520118E-3
6.240000E-8	3.343685E-3
6.245000E-8	3.139845E-3
6.250000E-8	2.922301E-3
6.255000E-8	2.739015E-3
6.260000E-8	2.596841E-3
6.265000E-8	2.473509E-3
6.270000E-8	2.393000E-3
6.275000E-8	2.351889E-3
6.280000E-8	2.314204E-3
6.285000E-8	2.310778E-3
6.290000E-8	2.360453E-3
6.295000E-8	2.415266E-3
6.300000E-8	2.468367E-3
6.305000E-8	2.545450E-3
6.310000E-8	2.622532E-3
6.315000E-8	2.668782E-3
6.320000E-8	2.728735E-3
6.325000E-8	2.836650E-3
6.330000E-8	2.965122E-3
6.335000E-8	3.073037E-3
6.340000E-8	3.174102E-3
6.345000E-8	3.285444E-3
6.350000E-8	3.391647E-3
6.355000E-8	3.455026E-3
6.360000E-8	3.472156E-3
6.365000E-8	3.446462E-3
6.370000E-8	3.364241E-3
6.375000E-8	3.201511E-3
6.380000E-8	2.951421E-3
6.385000E-8	2.643090E-3
6.390000E-8	2.329621E-3
6.395000E-8	2.038420E-3
6.400000E-8	1.766061E-3
6.405000E-8	1.526248E-3
6.410000E-8	1.363518E-3
6.415000E-8	1.298426E-3
6.420000E-8	1.306990E-3
6.425000E-8	1.390924E-3
6.430000E-8	1.575922E-3
6.435000E-8	1.831151E-3
6.440000E-8	2.101797E-3
6.445000E-8	2.391284E-3
6.450000E-8	2.696189E-3
6.455000E-8	2.949705E-3
6.460000E-8	3.107296E-3
6.465000E-8	3.204934E-3
6.470000E-8	3.283730E-3
6.475000E-8	3.316276E-3
6.480000E-8	3.290582E-3
6.485000E-8	3.256323E-3
6.490000E-8	3.230629E-3
6.495000E-8	3.168963E-3
6.500000E-8	3.074752E-3
6.505000E-8	2.982253E-3
6.510000E-8	2.874338E-3
6.515000E-8	2.711608E-3
6.520000E-8	2.528323E-3
6.525000E-8	2.374158E-3
6.530000E-8	2.228558E-3
6.535000E-8	2.088096E-3
6.540000E-8	1.978468E-3
6.545000E-8	1.933931E-3
6.550000E-8	1.959625E-3
6.555000E-8	2.034994E-3
6.560000E-8	2.149761E-3
6.565000E-8	2.336472E-3
6.570000E-8	2.600265E-3
6.575000E-8	2.865772E-3
6.580000E-8	3.115862E-3
6.585000E-8	3.372803E-3
6.590000E-8	3.593774E-3
6.595000E-8	3.711967E-3
6.600000E-8	3.741087E-3
6.605000E-8	3.703402E-3
6.610000E-8	3.607478E-3
6.615000E-8	3.451600E-3
6.620000E-8	3.254611E-3
6.625000E-8	3.037067E-3
6.630000E-8	2.831514E-3
6.635000E-8	2.612257E-3
6.640000E-8	2.382722E-3
6.645000E-8	2.190872E-3
6.650000E-8	2.052124E-3
6.655000E-8	1.932217E-3
6.660000E-8	1.861987E-3
6.665000E-8	1.867126E-3
6.670000E-8	1.911662E-3
6.675000E-8	1.952773E-3
6.680000E-8	2.019578E-3
6.685000E-8	2.137771E-3
6.690000E-8	2.288510E-3
6.695000E-8	2.437536E-3
6.700000E-8	2.595127E-3
6.705000E-8	2.786977E-3
6.710000E-8	3.002808E-3
6.715000E-8	3.187806E-3
6.720000E-8	3.326555E-3
6.725000E-8	3.455026E-3
6.730000E-8	3.580071E-3
6.735000E-8	3.669144E-3
6.740000E-8	3.705116E-3
6.745000E-8	3.713681E-3
6.750000E-8	3.706829E-3
6.755000E-8	3.667431E-3
6.760000E-8	3.578358E-3
6.765000E-8	3.441323E-3
6.770000E-8	3.280306E-3
6.775000E-8	3.107298E-3
6.780000E-8	2.913735E-3
6.785000E-8	2.679061E-3
6.790000E-8	2.399851E-3
6.795000E-8	2.094946E-3
6.800000E-8	1.800320E-3
6.805000E-8	1.555368E-3
6.810000E-8	1.397777E-3
6.815000E-8	1.322407E-3
6.820000E-8	1.318982E-3
6.825000E-8	1.389212E-3
6.830000E-8	1.536526E-3
6.835000E-8	1.733514E-3
6.840000E-8	1.963049E-3
6.845000E-8	2.221704E-3
6.850000E-8	2.511192E-3
6.855000E-8	2.781837E-3
6.860000E-8	2.983965E-3
6.865000E-8	3.122713E-3
6.870000E-8	3.208360E-3
6.875000E-8	3.252897E-3
6.880000E-8	3.256323E-3
6.885000E-8	3.196370E-3
6.890000E-8	3.085029E-3
6.895000E-8	2.971975E-3
6.900000E-8	2.858921E-3
6.905000E-8	2.715033E-3
6.910000E-8	2.572859E-3
6.915000E-8	2.470083E-3
6.920000E-8	2.372445E-3
6.925000E-8	2.271381E-3
6.930000E-8	2.213141E-3
6.935000E-8	2.189160E-3
6.940000E-8	2.154901E-3
6.945000E-8	2.122354E-3
6.950000E-8	2.134345E-3
6.955000E-8	2.197723E-3
6.960000E-8	2.300500E-3
6.965000E-8	2.449526E-3
6.970000E-8	2.643088E-3
6.975000E-8	2.853781E-3
6.980000E-8	3.055908E-3
6.985000E-8	3.259749E-3
6.990000E-8	3.468728E-3
6.995000E-8	3.662291E-3
7.000000E-8	3.823308E-3
7.005000E-8	3.938076E-3
7.010000E-8	3.991178E-3
7.015000E-8	3.975761E-3
7.020000E-8	3.908957E-3
7.025000E-8	3.783912E-3
7.030000E-8	3.602340E-3
7.035000E-8	3.417341E-3
7.040000E-8	3.223778E-3
7.045000E-8	3.002808E-3
7.050000E-8	2.776699E-3
7.055000E-8	2.571146E-3
7.060000E-8	2.379296E-3
7.065000E-8	2.202862E-3
7.070000E-8	2.084669E-3
7.075000E-8	2.011012E-3
7.080000E-8	1.951059E-3
7.085000E-8	1.944207E-3
7.090000E-8	2.002447E-3
7.095000E-8	2.094946E-3
7.100000E-8	2.192584E-3
7.105000E-8	2.321055E-3
7.110000E-8	2.473507E-3
7.115000E-8	2.625959E-3
7.120000E-8	2.780124E-3
7.125000E-8	2.922298E-3
7.130000E-8	3.040492E-3
7.135000E-8	3.114148E-3
7.140000E-8	3.150120E-3
7.145000E-8	3.132991E-3
7.150000E-8	3.076464E-3
7.155000E-8	3.006233E-3
7.160000E-8	2.918873E-3
7.165000E-8	2.809245E-3
7.170000E-8	2.689339E-3
7.175000E-8	2.566006E-3
7.180000E-8	2.442674E-3
7.185000E-8	2.341611E-3
7.190000E-8	2.264528E-3
7.195000E-8	2.213140E-3
7.200000E-8	2.192584E-3
7.205000E-8	2.204575E-3
7.210000E-8	2.223417E-3
7.215000E-8	2.238834E-3
7.220000E-8	2.285084E-3
7.225000E-8	2.353601E-3
7.230000E-8	2.401564E-3
7.235000E-8	2.428971E-3
7.240000E-8	2.480360E-3
7.245000E-8	2.552303E-3
7.250000E-8	2.610544E-3
7.255000E-8	2.667071E-3
7.260000E-8	2.757857E-3
7.265000E-8	2.884615E-3
7.270000E-8	3.006234E-3
7.275000E-8	3.107297E-3
7.280000E-8	3.189519E-3
7.285000E-8	3.270027E-3
7.290000E-8	3.341971E-3
7.295000E-8	3.383082E-3
7.300000E-8	3.369378E-3
7.305000E-8	3.312851E-3
7.310000E-8	3.228917E-3
7.315000E-8	3.103872E-3
7.320000E-8	2.924013E-3
7.325000E-8	2.723598E-3
7.330000E-8	2.490638E-3
7.335000E-8	2.233696E-3
7.340000E-8	2.002448E-3
7.345000E-8	1.827728E-3
7.350000E-8	1.688979E-3
7.355000E-8	1.596480E-3
7.360000E-8	1.596479E-3
7.365000E-8	1.666710E-3
7.370000E-8	1.781477E-3
7.375000E-8	1.963049E-3
7.380000E-8	2.219991E-3
7.385000E-8	2.511192E-3
7.390000E-8	2.800679E-3
7.395000E-8	3.055908E-3
7.400000E-8	3.228916E-3
7.405000E-8	3.309424E-3
7.410000E-8	3.314563E-3
7.415000E-8	3.237481E-3
7.420000E-8	3.093593E-3
7.425000E-8	2.929151E-3
7.430000E-8	2.762995E-3
7.435000E-8	2.607117E-3
7.440000E-8	2.485498E-3
7.445000E-8	2.389573E-3
7.450000E-8	2.317630E-3
7.455000E-8	2.307352E-3
7.460000E-8	2.362167E-3
7.465000E-8	2.418694E-3
7.470000E-8	2.487212E-3
7.475000E-8	2.610544E-3
7.480000E-8	2.752718E-3
7.485000E-8	2.858920E-3
7.490000E-8	2.954845E-3
7.495000E-8	3.061048E-3
7.500000E-8	3.155259E-3
7.505000E-8	3.240906E-3
7.510000E-8	3.340257E-3
7.515000E-8	3.431043E-3
7.520000E-8	3.514978E-3
7.525000E-8	3.614329E-3
7.530000E-8	3.682847E-3
7.535000E-8	3.687986E-3
7.540000E-8	3.686273E-3
7.545000E-8	3.708542E-3
7.550000E-8	3.696551E-3
7.555000E-8	3.621182E-3
7.560000E-8	3.532109E-3
7.565000E-8	3.444749E-3
7.570000E-8	3.345398E-3
7.575000E-8	3.235769E-3
7.580000E-8	3.093595E-3
7.585000E-8	2.896606E-3
7.590000E-8	2.689339E-3
7.595000E-8	2.495776E-3
7.600000E-8	2.281658E-3
7.605000E-8	2.057261E-3
7.610000E-8	1.875689E-3
7.615000E-8	1.745505E-3
7.620000E-8	1.647867E-3
7.625000E-8	1.615321E-3
7.630000E-8	1.644441E-3
7.635000E-8	1.688978E-3
7.640000E-8	1.771199E-3
7.645000E-8	1.911661E-3
7.650000E-8	2.060687E-3
7.655000E-8	2.196010E-3
7.660000E-8	2.346749E-3
7.665000E-8	2.487211E-3
7.670000E-8	2.581423E-3
7.675000E-8	2.632811E-3
7.680000E-8	2.660219E-3
7.685000E-8	2.673922E-3
7.690000E-8	2.691052E-3
7.695000E-8	2.672209E-3
7.700000E-8	2.598553E-3
7.705000E-8	2.524896E-3
7.710000E-8	2.488924E-3
7.715000E-8	2.434110E-3
7.720000E-8	2.343324E-3
7.725000E-8	2.281658E-3
7.730000E-8	2.261102E-3
7.735000E-8	2.242260E-3
7.740000E-8	2.231982E-3
7.745000E-8	2.238834E-3
7.750000E-8	2.230269E-3
7.755000E-8	2.218278E-3
7.760000E-8	2.245685E-3
7.765000E-8	2.315916E-3
7.770000E-8	2.404989E-3
7.775000E-8	2.509478E-3
7.780000E-8	2.622533E-3
7.785000E-8	2.740726E-3
7.790000E-8	2.876049E-3
7.795000E-8	3.007946E-3
7.800000E-8	3.110722E-3
7.805000E-8	3.223777E-3
7.810000E-8	3.345397E-3
7.815000E-8	3.420767E-3
7.820000E-8	3.432757E-3
7.825000E-8	3.410489E-3
7.830000E-8	3.348823E-3
7.835000E-8	3.206649E-3
7.840000E-8	3.004521E-3
7.845000E-8	2.797254E-3
7.850000E-8	2.595127E-3
7.855000E-8	2.381008E-3
7.860000E-8	2.172029E-3
7.865000E-8	1.971614E-3
7.870000E-8	1.812310E-3
7.875000E-8	1.716385E-3
7.880000E-8	1.675274E-3
7.885000E-8	1.671848E-3
7.890000E-8	1.740366E-3
7.895000E-8	1.872263E-3
7.900000E-8	2.023002E-3
7.905000E-8	2.213139E-3
7.910000E-8	2.435822E-3
7.915000E-8	2.608830E-3
7.920000E-8	2.732162E-3
7.925000E-8	2.850355E-3
7.930000E-8	2.917160E-3
7.935000E-8	2.891466E-3
7.940000E-8	2.824661E-3
7.945000E-8	2.744153E-3
7.950000E-8	2.622534E-3
7.955000E-8	2.506053E-3
7.960000E-8	2.430684E-3
7.965000E-8	2.343323E-3
7.970000E-8	2.255963E-3
7.975000E-8	2.219991E-3
7.980000E-8	2.230269E-3
7.985000E-8	2.274806E-3
7.990000E-8	2.389573E-3
7.995000E-8	2.528322E-3
8.000000E-8	2.651654E-3
8.005000E-8	2.790403E-3
8.010000E-8	2.954846E-3
8.015000E-8	3.071326E-3
8.020000E-8	3.141557E-3
8.025000E-8	3.182667E-3
8.030000E-8	3.174102E-3
8.035000E-8	3.122714E-3
8.040000E-8	3.062760E-3
8.045000E-8	2.966835E-3
8.050000E-8	2.845216E-3
8.055000E-8	2.732161E-3
8.060000E-8	2.643088E-3
8.065000E-8	2.557441E-3
8.070000E-8	2.492349E-3
8.075000E-8	2.470081E-3
8.080000E-8	2.478646E-3
8.085000E-8	2.540312E-3
8.090000E-8	2.661932E-3
8.095000E-8	2.810958E-3
8.100000E-8	2.951420E-3
8.105000E-8	3.090169E-3
8.110000E-8	3.244334E-3
8.115000E-8	3.381370E-3
8.120000E-8	3.451601E-3
8.125000E-8	3.480721E-3
8.130000E-8	3.485859E-3
8.135000E-8	3.436184E-3
8.140000E-8	3.329981E-3
8.145000E-8	3.210074E-3
8.150000E-8	3.076464E-3
8.155000E-8	2.912021E-3
8.160000E-8	2.752717E-3
8.165000E-8	2.632811E-3
8.170000E-8	2.538598E-3
8.175000E-8	2.468368E-3
8.180000E-8	2.447812E-3
8.185000E-8	2.476932E-3
8.190000E-8	2.552302E-3
8.195000E-8	2.663644E-3
8.200000E-8	2.786976E-3
8.205000E-8	2.906882E-3
8.210000E-8	3.002807E-3
8.215000E-8	3.054196E-3
8.220000E-8	3.074751E-3
8.225000E-8	3.093593E-3
8.230000E-8	3.095306E-3
8.235000E-8	3.055908E-3
8.240000E-8	3.026788E-3
8.245000E-8	3.026788E-3
8.250000E-8	3.025075E-3
8.255000E-8	3.007946E-3
8.260000E-8	2.994242E-3
8.265000E-8	2.994242E-3
8.270000E-8	3.007946E-3
8.275000E-8	3.045631E-3
8.280000E-8	3.067900E-3
8.285000E-8	3.083317E-3
8.290000E-8	3.136418E-3
8.295000E-8	3.196371E-3
8.300000E-8	3.220352E-3
8.305000E-8	3.259750E-3
8.310000E-8	3.367665E-3
8.315000E-8	3.473868E-3
8.320000E-8	3.544099E-3
8.325000E-8	3.604051E-3
8.330000E-8	3.653727E-3
8.335000E-8	3.664004E-3
8.340000E-8	3.626320E-3
8.345000E-8	3.538959E-3
8.350000E-8	3.408775E-3
8.355000E-8	3.247758E-3
8.360000E-8	3.049057E-3
8.365000E-8	2.836652E-3
8.370000E-8	2.677348E-3
8.375000E-8	2.583136E-3
8.380000E-8	2.506053E-3
8.385000E-8	2.444387E-3
8.390000E-8	2.446100E-3
8.395000E-8	2.506053E-3
8.400000E-8	2.574571E-3
8.405000E-8	2.661931E-3
8.410000E-8	2.788689E-3
8.415000E-8	2.913734E-3
8.420000E-8	3.016511E-3
8.425000E-8	3.098733E-3
8.430000E-8	3.146695E-3
8.435000E-8	3.179241E-3
8.440000E-8	3.213500E-3
8.445000E-8	3.246046E-3
8.450000E-8	3.268314E-3
8.455000E-8	3.305999E-3
8.460000E-8	3.329980E-3
8.465000E-8	3.323128E-3
8.470000E-8	3.326554E-3
8.475000E-8	3.347110E-3
8.480000E-8	3.316277E-3
8.485000E-8	3.276879E-3
8.490000E-8	3.282018E-3
8.495000E-8	3.297435E-3
8.500000E-8	3.285444E-3
8.505000E-8	3.288870E-3
8.510000E-8	3.305999E-3
8.515000E-8	3.280305E-3
8.520000E-8	3.247759E-3
8.525000E-8	3.235768E-3
8.530000E-8	3.191232E-3
8.535000E-8	3.114149E-3
8.540000E-8	3.062761E-3
8.545000E-8	3.023363E-3
8.550000E-8	2.963411E-3
8.555000E-8	2.934291E-3
8.560000E-8	2.953133E-3
8.565000E-8	2.980540E-3
8.570000E-8	2.987392E-3
8.575000E-8	2.994244E-3
8.580000E-8	2.990818E-3
8.585000E-8	2.968549E-3
8.590000E-8	2.915448E-3
8.595000E-8	2.845217E-3
8.600000E-8	2.768134E-3
8.605000E-8	2.701329E-3
8.610000E-8	2.636237E-3
8.615000E-8	2.583136E-3
8.620000E-8	2.555729E-3
8.625000E-8	2.550590E-3
8.630000E-8	2.576284E-3
8.635000E-8	2.641376E-3
8.640000E-8	2.751005E-3
8.645000E-8	2.893179E-3
8.650000E-8	3.049057E-3
8.655000E-8	3.184380E-3
8.660000E-8	3.292296E-3
8.665000E-8	3.364239E-3
8.670000E-8	3.386508E-3
8.675000E-8	3.364239E-3
8.680000E-8	3.307712E-3
8.685000E-8	3.220352E-3
8.690000E-8	3.098733E-3
8.695000E-8	2.947994E-3
8.700000E-8	2.786977E-3
8.705000E-8	2.648228E-3
8.710000E-8	2.530035E-3
8.715000E-8	2.418693E-3
8.720000E-8	2.339898E-3
8.725000E-8	2.331333E-3
8.730000E-8	2.357027E-3
8.735000E-8	2.381008E-3
8.740000E-8	2.435822E-3
8.745000E-8	2.550589E-3
8.750000E-8	2.651653E-3
8.755000E-8	2.709893E-3
8.760000E-8	2.773272E-3
8.765000E-8	2.836651E-3
8.770000E-8	2.865771E-3
8.775000E-8	2.870910E-3
8.780000E-8	2.865771E-3
8.785000E-8	2.831512E-3
8.790000E-8	2.785263E-3
8.795000E-8	2.764708E-3
8.800000E-8	2.757856E-3
8.805000E-8	2.764708E-3
8.810000E-8	2.809244E-3
8.815000E-8	2.877762E-3
8.820000E-8	2.942854E-3
8.825000E-8	3.021649E-3
8.830000E-8	3.129565E-3
8.835000E-8	3.213499E-3
8.840000E-8	3.249471E-3
8.845000E-8	3.270027E-3
8.850000E-8	3.276878E-3
8.855000E-8	3.232342E-3
8.860000E-8	3.146695E-3
8.865000E-8	3.049057E-3
8.870000E-8	2.934289E-3
8.875000E-8	2.807531E-3
8.880000E-8	2.697903E-3
8.885000E-8	2.622533E-3
8.890000E-8	2.586561E-3
8.895000E-8	2.574571E-3
8.900000E-8	2.579710E-3
8.905000E-8	2.612256E-3
8.910000E-8	2.670496E-3
8.915000E-8	2.716746E-3
8.920000E-8	2.723598E-3
8.925000E-8	2.706468E-3
8.930000E-8	2.697904E-3
8.935000E-8	2.684200E-3
8.940000E-8	2.651654E-3
8.945000E-8	2.636238E-3
8.950000E-8	2.656793E-3
8.955000E-8	2.703042E-3
8.960000E-8	2.759569E-3
8.965000E-8	2.831513E-3
8.970000E-8	2.906883E-3
8.975000E-8	2.980539E-3
8.980000E-8	3.038780E-3
8.985000E-8	3.079890E-3
8.990000E-8	3.076464E-3
8.995000E-8	3.031927E-3
9.000000E-8	2.963409E-3
9.005000E-8	2.879475E-3
9.010000E-8	2.759568E-3
9.015000E-8	2.619107E-3
9.020000E-8	2.492349E-3
9.025000E-8	2.391285E-3
9.030000E-8	2.315915E-3
9.035000E-8	2.283369E-3
9.040000E-8	2.291934E-3
9.045000E-8	2.338184E-3
9.050000E-8	2.430683E-3
9.055000E-8	2.554016E-3
9.060000E-8	2.665357E-3
9.065000E-8	2.759569E-3
9.070000E-8	2.867485E-3
9.075000E-8	2.978827E-3
9.080000E-8	3.038780E-3
9.085000E-8	3.028502E-3
9.090000E-8	2.987391E-3
9.095000E-8	2.918873E-3
9.100000E-8	2.812671E-3
9.105000E-8	2.672209E-3
9.110000E-8	2.540312E-3
9.115000E-8	2.425544E-3
9.120000E-8	2.341610E-3
9.125000E-8	2.303925E-3
9.130000E-8	2.307351E-3
9.135000E-8	2.363879E-3
9.140000E-8	2.475220E-3
9.145000E-8	2.625959E-3
9.150000E-8	2.792115E-3
9.155000E-8	2.963410E-3
9.160000E-8	3.117575E-3
9.165000E-8	3.227204E-3
9.170000E-8	3.266602E-3
9.175000E-8	3.270027E-3
9.180000E-8	3.263176E-3
9.185000E-8	3.232343E-3
9.190000E-8	3.156973E-3
9.195000E-8	3.059335E-3
9.200000E-8	2.973688E-3
9.205000E-8	2.879476E-3
9.210000E-8	2.766421E-3
9.215000E-8	2.672209E-3
9.220000E-8	2.615682E-3
9.225000E-8	2.566006E-3
9.230000E-8	2.535173E-3
9.235000E-8	2.543738E-3
9.240000E-8	2.564293E-3
9.245000E-8	2.595126E-3
9.250000E-8	2.656792E-3
9.255000E-8	2.727023E-3
9.260000E-8	2.757856E-3
9.265000E-8	2.785263E-3
9.270000E-8	2.846930E-3
9.275000E-8	2.886327E-3
9.280000E-8	2.872624E-3
9.285000E-8	2.845217E-3
9.290000E-8	2.834939E-3
9.295000E-8	2.790403E-3
9.300000E-8	2.691052E-3
9.305000E-8	2.589988E-3
9.310000E-8	2.548877E-3
9.315000E-8	2.521470E-3
9.320000E-8	2.483785E-3
9.325000E-8	2.478646E-3
9.330000E-8	2.530034E-3
9.335000E-8	2.591700E-3
9.340000E-8	2.651653E-3
9.345000E-8	2.745865E-3
9.350000E-8	2.843503E-3
9.355000E-8	2.905169E-3
9.360000E-8	2.941141E-3
9.365000E-8	2.959984E-3
9.370000E-8	2.937716E-3
9.375000E-8	2.864059E-3
9.380000E-8	2.778412E-3
9.385000E-8	2.701329E-3
9.390000E-8	2.622533E-3
9.395000E-8	2.569432E-3
9.400000E-8	2.536886E-3
9.405000E-8	2.512905E-3
9.410000E-8	2.504340E-3
9.415000E-8	2.523182E-3
9.420000E-8	2.548876E-3
9.425000E-8	2.583135E-3
9.430000E-8	2.634523E-3
9.435000E-8	2.689338E-3
9.440000E-8	2.756143E-3
9.445000E-8	2.846929E-3
9.450000E-8	2.954845E-3
9.455000E-8	3.025076E-3
9.460000E-8	3.083316E-3
9.465000E-8	3.155260E-3
9.470000E-8	3.215213E-3
9.475000E-8	3.230629E-3
9.480000E-8	3.215213E-3
9.485000E-8	3.184380E-3
9.490000E-8	3.127852E-3
9.495000E-8	3.074751E-3
9.500000E-8	3.011372E-3
9.505000E-8	2.903456E-3
9.510000E-8	2.788689E-3
9.515000E-8	2.709893E-3
9.520000E-8	2.639662E-3
9.525000E-8	2.559154E-3
9.530000E-8	2.509478E-3
9.535000E-8	2.504339E-3
9.540000E-8	2.516330E-3
9.545000E-8	2.519756E-3
9.550000E-8	2.533459E-3
9.555000E-8	2.545450E-3
9.560000E-8	2.557441E-3
9.565000E-8	2.562579E-3
9.570000E-8	2.540311E-3
9.575000E-8	2.488923E-3
9.580000E-8	2.425544E-3
9.585000E-8	2.357026E-3
9.590000E-8	2.293647E-3
9.595000E-8	2.230268E-3
9.600000E-8	2.154899E-3
9.605000E-8	2.100085E-3
9.610000E-8	2.067539E-3
9.615000E-8	2.028141E-3
9.620000E-8	1.978466E-3
9.625000E-8	1.964762E-3
9.630000E-8	1.987030E-3
9.635000E-8	1.993882E-3
9.640000E-8	2.016150E-3
9.645000E-8	2.065825E-3
9.650000E-8	2.113788E-3
9.655000E-8	2.154898E-3
9.660000E-8	2.214851E-3
9.665000E-8	2.267953E-3
9.670000E-8	2.291934E-3
9.675000E-8	2.343322E-3
9.680000E-8	2.427257E-3
9.685000E-8	2.492349E-3
9.690000E-8	2.536885E-3
9.695000E-8	2.588274E-3
9.700000E-8	2.617394E-3
9.705000E-8	2.581422E-3
9.710000E-8	2.530034E-3
9.715000E-8	2.499201E-3
9.720000E-8	2.456378E-3
9.725000E-8	2.387860E-3
9.730000E-8	2.345037E-3
9.735000E-8	2.351888E-3
9.740000E-8	2.362166E-3
9.745000E-8	2.355314E-3
9.750000E-8	2.396425E-3
9.755000E-8	2.485498E-3
9.760000E-8	2.564294E-3
9.765000E-8	2.632812E-3
9.770000E-8	2.708181E-3
9.775000E-8	2.768134E-3
9.780000E-8	2.766421E-3
9.785000E-8	2.737301E-3
9.790000E-8	2.697903E-3
9.795000E-8	2.622533E-3
9.800000E-8	2.521470E-3
9.805000E-8	2.425544E-3
9.810000E-8	2.324481E-3
9.815000E-8	2.202861E-3
9.820000E-8	2.098372E-3
9.825000E-8	2.057261E-3
9.830000E-8	2.057261E-3
9.835000E-8	2.057261E-3
9.840000E-8	2.069252E-3
9.845000E-8	2.118927E-3
9.850000E-8	2.196010E-3
9.855000E-8	2.281657E-3
9.860000E-8	2.384434E-3
9.865000E-8	2.504340E-3
9.870000E-8	2.617395E-3
9.875000E-8	2.691051E-3
9.880000E-8	2.756143E-3
9.885000E-8	2.828087E-3
9.890000E-8	2.865772E-3
9.895000E-8	2.834939E-3
9.900000E-8	2.778411E-3
9.905000E-8	2.727023E-3
9.910000E-8	2.660218E-3
9.915000E-8	2.562580E-3
9.920000E-8	2.483784E-3
9.925000E-8	2.463229E-3
9.930000E-8	2.475220E-3
9.935000E-8	2.483784E-3
9.940000E-8	2.509479E-3
9.945000E-8	2.593413E-3
9.950000E-8	2.740727E-3
9.955000E-8	2.910308E-3
9.960000E-8	3.079890E-3
9.965000E-8	3.254611E-3
9.970000E-8	3.422479E-3
9.975000E-8	3.530395E-3
9.980000E-8	3.562941E-3
9.985000E-8	3.552663E-3
9.990000E-8	3.525256E-3
9.995000E-8	3.461877E-3
1.000000E-7	3.359100E-3
1.000500E-7	3.227204E-3
1.001000E-7	3.081603E-3
1.001500E-7	2.930864E-3
1.002000E-7	2.800680E-3
1.002500E-7	2.696190E-3
1.003000E-7	2.619108E-3
1.003500E-7	2.569432E-3
1.004000E-7	2.548877E-3
1.004500E-7	2.554015E-3
1.005000E-7	2.571145E-3
1.005500E-7	2.591700E-3
1.006000E-7	2.624246E-3
1.006500E-7	2.670495E-3
1.007000E-7	2.713319E-3
1.007500E-7	2.759568E-3
1.008000E-7	2.816096E-3
1.008500E-7	2.888039E-3
1.009000E-7	2.961696E-3
1.009500E-7	3.045630E-3
1.010000E-7	3.127852E-3
1.010500E-7	3.192944E-3
1.011000E-7	3.216925E-3
1.011500E-7	3.198082E-3
1.012000E-7	3.139842E-3
1.012500E-7	3.040491E-3
1.013000E-7	2.924011E-3
1.013500E-7	2.785262E-3
1.014000E-7	2.631097E-3
1.014500E-7	2.487210E-3
1.015000E-7	2.394711E-3
1.015500E-7	2.341609E-3
1.016000E-7	2.302212E-3
1.016500E-7	2.303925E-3
1.017000E-7	2.386146E-3
1.017500E-7	2.523182E-3
1.018000E-7	2.661931E-3
1.018500E-7	2.802393E-3
1.019000E-7	2.947993E-3
1.019500E-7	3.066186E-3
1.020000E-7	3.109010E-3
1.020500E-7	3.098732E-3
1.021000E-7	3.055908E-3
1.021500E-7	2.954844E-3
1.022000E-7	2.817808E-3
1.022500E-7	2.689337E-3
1.023000E-7	2.572857E-3
1.023500E-7	2.451238E-3
1.024000E-7	2.346748E-3
1.024500E-7	2.288508E-3
1.025000E-7	2.291934E-3
1.025500E-7	2.350174E-3
1.026000E-7	2.430683E-3
1.026500E-7	2.557441E-3
1.027000E-7	2.739013E-3
1.027500E-7	2.915447E-3
1.028000E-7	3.066186E-3
1.028500E-7	3.244333E-3
1.029000E-7	3.441321E-3
1.029500E-7	3.564654E-3
1.030000E-7	3.602339E-3
1.030500E-7	3.609190E-3
1.031000E-7	3.578357E-3
1.031500E-7	3.496136E-3
1.032000E-7	3.391646E-3
1.032500E-7	3.268314E-3
1.033000E-7	3.127853E-3
1.033500E-7	3.007946E-3
1.034000E-7	2.918873E-3
1.034500E-7	2.836652E-3
1.035000E-7	2.788689E-3
1.035500E-7	2.769847E-3
1.036000E-7	2.747578E-3
1.036500E-7	2.747578E-3
1.037000E-7	2.809244E-3
1.037500E-7	2.858920E-3
1.038000E-7	2.846929E-3
1.038500E-7	2.833225E-3
1.039000E-7	2.848642E-3
1.039500E-7	2.822947E-3
1.040000E-7	2.745865E-3
1.040500E-7	2.665356E-3
1.041000E-7	2.581422E-3
1.041500E-7	2.473506E-3
1.042000E-7	2.375868E-3
1.042500E-7	2.309063E-3
1.043000E-7	2.254249E-3
1.043500E-7	2.230268E-3
1.044000E-7	2.261101E-3
1.044500E-7	2.322767E-3
1.045000E-7	2.416979E-3
1.045500E-7	2.586561E-3
1.046000E-7	2.802392E-3
1.046500E-7	3.006233E-3
1.047000E-7	3.208361E-3
1.047500E-7	3.398498E-3
1.048000E-7	3.528682E-3
1.048500E-7	3.633172E-3
1.049000E-7	3.710254E-3
1.049500E-7	3.694838E-3
1.050000E-7	3.585209E-3
1.050500E-7	3.461877E-3
1.051000E-7	3.328267E-3
1.051500E-7	3.155259E-3
1.052000E-7	2.987391E-3
1.052500E-7	2.867485E-3
1.053000E-7	2.771560E-3
1.053500E-7	2.692764E-3
1.054000E-7	2.656792E-3
1.054500E-7	2.667070E-3
1.055000E-7	2.718458E-3
1.055500E-7	2.783550E-3
1.056000E-7	2.828086E-3
1.056500E-7	2.874336E-3
1.057000E-7	2.925724E-3
1.057500E-7	2.939428E-3
1.058000E-7	2.925724E-3
1.058500E-7	2.910307E-3
1.059000E-7	2.888039E-3
1.059500E-7	2.843502E-3
1.060000E-7	2.790401E-3
1.060500E-7	2.744152E-3
1.061000E-7	2.687625E-3
1.061500E-7	2.619107E-3
1.062000E-7	2.536885E-3
1.062500E-7	2.459803E-3
1.063000E-7	2.394711E-3
1.063500E-7	2.348461E-3
1.064000E-7	2.317628E-3
1.064500E-7	2.317628E-3
1.065000E-7	2.339896E-3
1.065500E-7	2.357025E-3
1.066000E-7	2.369016E-3
1.066500E-7	2.381007E-3
1.067000E-7	2.394711E-3
1.067500E-7	2.408414E-3
1.068000E-7	2.440960E-3
1.068500E-7	2.487210E-3
1.069000E-7	2.512905E-3
1.069500E-7	2.494062E-3
1.070000E-7	2.461517E-3
1.070500E-7	2.447813E-3
1.071000E-7	2.461516E-3
1.071500E-7	2.483785E-3
1.072000E-7	2.516331E-3
1.072500E-7	2.577997E-3
1.073000E-7	2.658505E-3
1.073500E-7	2.742439E-3
1.074000E-7	2.826374E-3
1.074500E-7	2.912021E-3
1.075000E-7	3.014798E-3
1.075500E-7	3.144982E-3
1.076000E-7	3.258037E-3
1.076500E-7	3.340258E-3
1.077000E-7	3.413915E-3
1.077500E-7	3.465304E-3
1.078000E-7	3.477294E-3
1.078500E-7	3.475581E-3
1.079000E-7	3.463591E-3
1.079500E-7	3.419054E-3
1.080000E-7	3.335119E-3
1.080500E-7	3.225491E-3
1.081000E-7	3.102158E-3
1.081500E-7	2.983965E-3
1.082000E-7	2.886327E-3
1.082500E-7	2.797253E-3
1.083000E-7	2.744152E-3
1.083500E-7	2.733875E-3
1.084000E-7	2.754430E-3
1.084500E-7	2.790402E-3
1.085000E-7	2.841791E-3
1.085500E-7	2.855494E-3
1.086000E-7	2.824661E-3
1.086500E-7	2.802393E-3
1.087000E-7	2.761282E-3
1.087500E-7	2.634524E-3
1.088000E-7	2.485498E-3
1.088500E-7	2.382720E-3
1.089000E-7	2.286795E-3
1.089500E-7	2.192583E-3
1.090000E-7	2.166889E-3
1.090500E-7	2.211425E-3
1.091000E-7	2.252536E-3
1.091500E-7	2.310776E-3
1.092000E-7	2.432395E-3
1.092500E-7	2.595125E-3
1.093000E-7	2.737300E-3
1.093500E-7	2.840077E-3
1.094000E-7	2.905169E-3
1.094500E-7	2.925724E-3
1.095000E-7	2.867484E-3
1.095500E-7	2.754429E-3
1.096000E-7	2.622533E-3
1.096500E-7	2.476932E-3
1.097000E-7	2.307350E-3
1.097500E-7	2.153185E-3
1.098000E-7	2.038417E-3
1.098500E-7	1.951057E-3
1.099000E-7	1.911659E-3
1.099500E-7	1.930502E-3
1.100000E-7	1.988742E-3
1.100500E-7	2.064111E-3
1.101000E-7	2.178879E-3
1.101500E-7	2.321054E-3
1.102000E-7	2.466654E-3
1.102500E-7	2.593413E-3
1.103000E-7	2.715032E-3
1.103500E-7	2.836651E-3
1.104000E-7	2.918873E-3
1.104500E-7	2.949706E-3
1.105000E-7	2.975400E-3
1.105500E-7	3.013085E-3
1.106000E-7	3.013085E-3
1.106500E-7	2.963410E-3
1.107000E-7	2.917160E-3
1.107500E-7	2.864059E-3
1.108000E-7	2.762995E-3
1.108500E-7	2.661931E-3
1.109000E-7	2.607117E-3
1.109500E-7	2.560867E-3
1.110000E-7	2.519756E-3
1.110500E-7	2.528321E-3
1.111000E-7	2.567719E-3
1.111500E-7	2.649940E-3
1.112000E-7	2.810957E-3
1.112500E-7	3.014798E-3
1.113000E-7	3.184380E-3
1.113500E-7	3.324842E-3
1.114000E-7	3.443035E-3
1.114500E-7	3.502989E-3
1.115000E-7	3.494424E-3
1.115500E-7	3.415628E-3
1.116000E-7	3.268315E-3
1.116500E-7	3.064474E-3
1.117000E-7	2.845217E-3
1.117500E-7	2.610542E-3
1.118000E-7	2.387859E-3
1.118500E-7	2.242258E-3
1.119000E-7	2.184018E-3
1.119500E-7	2.177166E-3
1.120000E-7	2.238832E-3
1.120500E-7	2.386145E-3
1.121000E-7	2.554014E-3
1.121500E-7	2.696189E-3
1.122000E-7	2.829799E-3
1.122500E-7	2.968548E-3
1.123000E-7	3.069612E-3
1.123500E-7	3.098732E-3
1.124000E-7	3.074751E-3
1.124500E-7	3.030214E-3
1.125000E-7	3.011372E-3
1.125500E-7	3.011372E-3
1.126000E-7	3.011372E-3
1.126500E-7	3.007946E-3
1.127000E-7	3.014798E-3
1.127500E-7	3.054195E-3
1.128000E-7	3.109010E-3
1.128500E-7	3.182666E-3
1.129000E-7	3.249471E-3
1.129500E-7	3.266601E-3
1.130000E-7	3.228916E-3
1.130500E-7	3.160399E-3
1.131000E-7	3.079890E-3
1.131500E-7	2.977114E-3
1.132000E-7	2.853781E-3
1.132500E-7	2.739014E-3
1.133000E-7	2.656793E-3
1.133500E-7	2.620821E-3
1.134000E-7	2.608830E-3
1.134500E-7	2.581422E-3
1.135000E-7	2.552302E-3
1.135500E-7	2.535172E-3
1.136000E-7	2.519755E-3
1.136500E-7	2.485496E-3
1.137000E-7	2.452950E-3
1.137500E-7	2.398136E-3
1.138000E-7	2.298785E-3
1.138500E-7	2.192582E-3
1.139000E-7	2.105222E-3
1.139500E-7	2.021288E-3
1.140000E-7	1.940780E-3
1.140500E-7	1.894530E-3
1.141000E-7	1.885966E-3
1.141500E-7	1.909947E-3
1.142000E-7	1.966475E-3
1.142500E-7	2.057261E-3
1.143000E-7	2.160037E-3
1.143500E-7	2.273092E-3
1.144000E-7	2.382720E-3
1.144500E-7	2.488923E-3
1.145000E-7	2.591699E-3
1.145500E-7	2.648226E-3
1.146000E-7	2.649939E-3
1.146500E-7	2.641375E-3
1.147000E-7	2.655078E-3
1.147500E-7	2.646513E-3
1.148000E-7	2.617393E-3
1.148500E-7	2.593412E-3
1.149000E-7	2.566005E-3
1.149500E-7	2.542024E-3
1.150000E-7	2.562579E-3
1.150500E-7	2.613967E-3
1.151000E-7	2.679059E-3
1.151500E-7	2.745864E-3
1.152000E-7	2.795540E-3
1.152500E-7	2.805817E-3
1.153000E-7	2.797252E-3
1.153500E-7	2.785262E-3
1.154000E-7	2.745864E-3
1.154500E-7	2.703041E-3
1.155000E-7	2.685911E-3
1.155500E-7	2.655078E-3
1.156000E-7	2.612255E-3
1.156500E-7	2.608829E-3
1.157000E-7	2.661931E-3
1.157500E-7	2.715032E-3
1.158000E-7	2.754430E-3
1.158500E-7	2.795541E-3
1.159000E-7	2.829800E-3
1.159500E-7	2.853781E-3
1.160000E-7	2.876049E-3
1.160500E-7	2.879475E-3
1.161000E-7	2.865771E-3
1.161500E-7	2.848642E-3
1.162000E-7	2.821234E-3
1.162500E-7	2.783550E-3
1.163000E-7	2.776698E-3
1.163500E-7	2.804105E-3
1.164000E-7	2.821234E-3
1.164500E-7	2.821235E-3
1.165000E-7	2.826374E-3
1.165500E-7	2.826374E-3
1.166000E-7	2.798967E-3
1.166500E-7	2.757856E-3
1.167000E-7	2.727023E-3
1.167500E-7	2.685913E-3
1.168000E-7	2.643089E-3
1.168500E-7	2.632811E-3
1.169000E-7	2.641376E-3
1.169500E-7	2.643089E-3
1.170000E-7	2.649941E-3
1.170500E-7	2.680774E-3
1.171000E-7	2.711607E-3
1.171500E-7	2.706468E-3
1.172000E-7	2.663644E-3
1.172500E-7	2.612255E-3
1.173000E-7	2.543737E-3
1.173500E-7	2.440961E-3
1.174000E-7	2.326193E-3
1.174500E-7	2.238833E-3
1.175000E-7	2.178880E-3
1.175500E-7	2.110362E-3
1.176000E-7	2.052122E-3
1.176500E-7	2.058974E-3
1.177000E-7	2.124066E-3
1.177500E-7	2.202861E-3
1.178000E-7	2.290222E-3
1.178500E-7	2.392998E-3
1.179000E-7	2.478645E-3
1.179500E-7	2.540311E-3
1.180000E-7	2.584847E-3
1.180500E-7	2.612254E-3
1.181000E-7	2.610541E-3
1.181500E-7	2.589986E-3
1.182000E-7	2.547162E-3
1.182500E-7	2.492348E-3
1.183000E-7	2.461515E-3
1.183500E-7	2.437534E-3
1.184000E-7	2.370729E-3
1.184500E-7	2.285082E-3
1.185000E-7	2.245685E-3
1.185500E-7	2.223417E-3
1.186000E-7	2.168602E-3
1.186500E-7	2.100084E-3
1.187000E-7	2.072677E-3
1.187500E-7	2.053834E-3
1.188000E-7	2.012723E-3
1.188500E-7	1.978464E-3
1.189000E-7	1.975038E-3
1.189500E-7	1.975038E-3
1.190000E-7	1.956195E-3
1.190500E-7	1.949344E-3
1.191000E-7	1.981890E-3
1.191500E-7	2.034991E-3
1.192000E-7	2.086380E-3
1.192500E-7	2.163463E-3
1.193000E-7	2.285082E-3
1.193500E-7	2.423831E-3
1.194000E-7	2.560867E-3
1.194500E-7	2.703042E-3
1.195000E-7	2.831513E-3
1.195500E-7	2.944567E-3
1.196000E-7	3.062761E-3
1.196500E-7	3.165537E-3
1.197000E-7	3.211787E-3
1.197500E-7	3.203222E-3
1.198000E-7	3.168963E-3
1.198500E-7	3.117574E-3
1.199000E-7	3.047343E-3
1.199500E-7	2.975399E-3
1.200000E-7	2.896604E-3
1.200500E-7	2.829799E-3
1.201000E-7	2.802392E-3
1.201500E-7	2.819521E-3
1.202000E-7	2.850354E-3
1.202500E-7	2.876049E-3
1.203000E-7	2.912021E-3
1.203500E-7	2.975400E-3
1.204000E-7	3.026789E-3
1.204500E-7	3.037066E-3
1.205000E-7	3.030215E-3
1.205500E-7	3.014798E-3
1.206000E-7	2.961697E-3
1.206500E-7	2.905170E-3
1.207000E-7	2.852069E-3
1.207500E-7	2.754431E-3
1.208000E-7	2.603691E-3
1.208500E-7	2.480359E-3
1.209000E-7	2.403276E-3
1.209500E-7	2.319342E-3
1.210000E-7	2.226842E-3
1.210500E-7	2.165176E-3
1.211000E-7	2.149760E-3
1.211500E-7	2.177167E-3
1.212000E-7	2.235407E-3
1.212500E-7	2.334758E-3
1.213000E-7	2.480358E-3
1.213500E-7	2.660217E-3
1.214000E-7	2.817809E-3
1.214500E-7	2.946280E-3
1.215000E-7	3.069612E-3
1.215500E-7	3.167250E-3
1.216000E-7	3.218638E-3
1.216500E-7	3.240906E-3
1.217000E-7	3.227203E-3
1.217500E-7	3.167250E-3
1.218000E-7	3.091880E-3
1.218500E-7	3.026788E-3
1.219000E-7	2.944567E-3
1.219500E-7	2.841790E-3
1.220000E-7	2.759568E-3
1.220500E-7	2.709893E-3
1.221000E-7	2.677347E-3
1.221500E-7	2.661930E-3
1.222000E-7	2.656791E-3
1.222500E-7	2.679059E-3
1.223000E-7	2.732161E-3
1.223500E-7	2.800678E-3
1.224000E-7	2.869196E-3
1.224500E-7	2.941140E-3
1.225000E-7	3.001093E-3
1.225500E-7	3.019936E-3
1.226000E-7	3.021649E-3
1.226500E-7	3.033639E-3
1.227000E-7	3.013084E-3
1.227500E-7	2.925724E-3
1.228000E-7	2.828086E-3
1.228500E-7	2.754429E-3
1.229000E-7	2.673921E-3
1.229500E-7	2.577996E-3
1.230000E-7	2.511191E-3
1.230500E-7	2.476932E-3
1.231000E-7	2.463228E-3
1.231500E-7	2.480358E-3
1.232000E-7	2.535172E-3
1.232500E-7	2.581422E-3
1.233000E-7	2.651653E-3
1.233500E-7	2.762994E-3
1.234000E-7	2.862345E-3
1.234500E-7	2.936002E-3
1.235000E-7	3.004520E-3
1.235500E-7	3.043918E-3
1.236000E-7	3.011372E-3
1.236500E-7	2.966836E-3
1.237000E-7	2.942854E-3
1.237500E-7	2.876049E-3
1.238000E-7	2.757856E-3
1.238500E-7	2.655079E-3
1.239000E-7	2.588274E-3
1.239500E-7	2.521469E-3
1.240000E-7	2.430682E-3
1.240500E-7	2.339896E-3
1.241000E-7	2.266239E-3
1.241500E-7	2.213138E-3
1.242000E-7	2.189157E-3
1.242500E-7	2.197721E-3
1.243000E-7	2.225129E-3
1.243500E-7	2.245684E-3
1.244000E-7	2.273091E-3
1.244500E-7	2.322767E-3
1.245000E-7	2.367304E-3
1.245500E-7	2.367304E-3
1.246000E-7	2.350174E-3
1.246500E-7	2.346748E-3
1.247000E-7	2.357026E-3
1.247500E-7	2.353600E-3
1.248000E-7	2.346748E-3
1.248500E-7	2.348461E-3
1.249000E-7	2.357025E-3
1.249500E-7	2.384433E-3
1.250000E-7	2.442673E-3
1.250500E-7	2.530033E-3
1.251000E-7	2.620820E-3
1.251500E-7	2.709893E-3
1.252000E-7	2.802392E-3
1.252500E-7	2.879475E-3
1.253000E-7	2.913734E-3
1.253500E-7	2.929151E-3
1.254000E-7	2.958271E-3
1.254500E-7	2.971975E-3
1.255000E-7	2.946280E-3
1.255500E-7	2.920586E-3
1.256000E-7	2.929151E-3
1.256500E-7	2.941141E-3
1.257000E-7	2.947993E-3
1.257500E-7	2.971974E-3
1.258000E-7	2.997668E-3
1.258500E-7	2.999381E-3
1.259000E-7	2.989103E-3
1.259500E-7	2.982251E-3
1.260000E-7	2.953131E-3
1.260500E-7	2.913734E-3
1.261000E-7	2.886326E-3
1.261500E-7	2.864058E-3
1.262000E-7	2.822947E-3
1.262500E-7	2.764707E-3
1.263000E-7	2.706467E-3
1.263500E-7	2.675634E-3
1.264000E-7	2.684199E-3
1.264500E-7	2.703041E-3
1.265000E-7	2.692764E-3
1.265500E-7	2.665357E-3
1.266000E-7	2.668783E-3
1.266500E-7	2.680773E-3
1.267000E-7	2.673922E-3
1.267500E-7	2.646514E-3
1.268000E-7	2.610543E-3
1.268500E-7	2.554015E-3
1.269000E-7	2.487210E-3
1.269500E-7	2.423831E-3
1.270000E-7	2.360452E-3
1.270500E-7	2.317629E-3
1.271000E-7	2.329619E-3
1.271500E-7	2.375869E-3
1.272000E-7	2.422119E-3
1.272500E-7	2.492350E-3
1.273000E-7	2.591701E-3
1.273500E-7	2.667070E-3
1.274000E-7	2.730449E-3
1.274500E-7	2.828087E-3
1.275000E-7	2.927438E-3
1.275500E-7	2.982252E-3
1.276000E-7	3.016511E-3
1.276500E-7	3.018223E-3
1.277000E-7	2.983964E-3
1.277500E-7	2.978825E-3
1.278000E-7	3.014797E-3
1.278500E-7	3.018222E-3
1.279000E-7	3.013084E-3
1.279500E-7	3.047342E-3
1.280000E-7	3.074750E-3
1.280500E-7	3.061046E-3
1.281000E-7	3.067898E-3
1.281500E-7	3.078176E-3
1.282000E-7	3.019936E-3
1.282500E-7	2.929150E-3
1.283000E-7	2.855494E-3
1.283500E-7	2.761282E-3
1.284000E-7	2.649941E-3
1.284500E-7	2.545451E-3
1.285000E-7	2.423832E-3
1.285500E-7	2.305638E-3
1.286000E-7	2.254250E-3
1.286500E-7	2.243972E-3
1.287000E-7	2.211425E-3
1.287500E-7	2.211425E-3
1.288000E-7	2.290221E-3
1.288500E-7	2.392997E-3
1.289000E-7	2.494061E-3
1.289500E-7	2.596838E-3
1.290000E-7	2.663643E-3
1.290500E-7	2.713318E-3
1.291000E-7	2.786975E-3
1.291500E-7	2.848641E-3
1.292000E-7	2.848641E-3
1.292500E-7	2.838364E-3
1.293000E-7	2.833225E-3
1.293500E-7	2.769846E-3
1.294000E-7	2.658504E-3
1.294500E-7	2.559153E-3
1.295000E-7	2.466654E-3
1.295500E-7	2.362164E-3
1.296000E-7	2.310775E-3
1.296500E-7	2.329618E-3
1.297000E-7	2.362164E-3
1.297500E-7	2.423830E-3
1.298000E-7	2.552301E-3
1.298500E-7	2.709892E-3
1.299000E-7	2.860632E-3
1.299500E-7	3.028501E-3
1.300000E-7	3.180953E-3
1.300500E-7	3.264888E-3
1.301000E-7	3.295721E-3
1.301500E-7	3.292295E-3
1.302000E-7	3.222065E-3
1.302500E-7	3.102158E-3
1.303000E-7	2.966836E-3
1.303500E-7	2.797254E-3
1.304000E-7	2.603691E-3
1.304500E-7	2.459803E-3
1.305000E-7	2.379295E-3
1.305500E-7	2.317629E-3
1.306000E-7	2.278231E-3
1.306500E-7	2.297073E-3
1.307000E-7	2.350174E-3
1.307500E-7	2.430683E-3
1.308000E-7	2.555728E-3
1.308500E-7	2.708180E-3
1.309000E-7	2.817809E-3
1.309500E-7	2.884614E-3
1.310000E-7	2.951418E-3
1.310500E-7	3.009659E-3
1.311000E-7	3.013085E-3
1.311500E-7	2.973687E-3
1.312000E-7	2.924011E-3
1.312500E-7	2.865771E-3
1.313000E-7	2.786976E-3
1.313500E-7	2.701329E-3
1.314000E-7	2.608830E-3
1.314500E-7	2.507766E-3
1.315000E-7	2.425544E-3
1.315500E-7	2.387859E-3
1.316000E-7	2.387859E-3
1.316500E-7	2.422118E-3
1.317000E-7	2.494062E-3
1.317500E-7	2.603690E-3
1.318000E-7	2.730448E-3
1.318500E-7	2.855493E-3
1.319000E-7	2.963409E-3
1.319500E-7	3.026788E-3
1.320000E-7	3.052482E-3
1.320500E-7	3.055908E-3
1.321000E-7	3.045630E-3
1.321500E-7	3.013084E-3
1.322000E-7	2.966835E-3
1.322500E-7	2.951418E-3
1.323000E-7	2.966835E-3
1.323500E-7	2.983964E-3
1.324000E-7	3.001094E-3
1.324500E-7	3.038779E-3
1.325000E-7	3.105584E-3
1.325500E-7	3.172389E-3
1.326000E-7	3.223777E-3
1.326500E-7	3.252897E-3
1.327000E-7	3.246045E-3
1.327500E-7	3.184379E-3
1.328000E-7	3.083316E-3
1.328500E-7	2.992529E-3
1.329000E-7	2.912021E-3
1.329500E-7	2.805818E-3
1.330000E-7	2.685912E-3
1.330500E-7	2.595126E-3
1.331000E-7	2.533459E-3
1.331500E-7	2.509478E-3
1.332000E-7	2.507765E-3
1.332500E-7	2.494061E-3
1.333000E-7	2.488922E-3
1.333500E-7	2.516329E-3
1.334000E-7	2.536885E-3
1.334500E-7	2.516329E-3
1.335000E-7	2.485496E-3
1.335500E-7	2.463228E-3
1.336000E-7	2.422117E-3
1.336500E-7	2.374154E-3
1.337000E-7	2.327905E-3
1.337500E-7	2.262813E-3
1.338000E-7	2.197721E-3
1.338500E-7	2.178879E-3
1.339000E-7	2.182305E-3
1.339500E-7	2.168601E-3
1.340000E-7	2.160037E-3
1.340500E-7	2.190870E-3
1.341000E-7	2.230268E-3
1.341500E-7	2.249110E-3
1.342000E-7	2.262814E-3
1.342500E-7	2.286795E-3
1.343000E-7	2.322767E-3
1.343500E-7	2.365590E-3
1.344000E-7	2.434108E-3
1.344500E-7	2.512904E-3
1.345000E-7	2.615680E-3
1.345500E-7	2.745864E-3
1.346000E-7	2.867483E-3
1.346500E-7	2.947992E-3
1.347000E-7	2.997667E-3
1.347500E-7	3.055907E-3
1.348000E-7	3.081602E-3
1.348500E-7	3.057621E-3
1.349000E-7	2.994242E-3
1.349500E-7	2.903456E-3
1.350000E-7	2.790402E-3
1.350500E-7	2.689338E-3
1.351000E-7	2.591700E-3
1.351500E-7	2.495775E-3
1.352000E-7	2.439248E-3
1.352500E-7	2.435822E-3
1.353000E-7	2.454665E-3
1.353500E-7	2.502627E-3
1.354000E-7	2.579710E-3
1.354500E-7	2.665357E-3
1.355000E-7	2.766421E-3
1.355500E-7	2.877762E-3
1.356000E-7	2.978826E-3
1.356500E-7	3.049057E-3
1.357000E-7	3.124426E-3
1.357500E-7	3.179241E-3
1.358000E-7	3.172389E-3
1.358500E-7	3.129565E-3
1.359000E-7	3.078177E-3
1.359500E-7	3.002807E-3
1.360000E-7	2.900030E-3
1.360500E-7	2.795540E-3
1.361000E-7	2.694476E-3
1.361500E-7	2.598552E-3
1.362000E-7	2.514617E-3
1.362500E-7	2.447812E-3
1.363000E-7	2.410128E-3
1.363500E-7	2.427257E-3
1.364000E-7	2.495775E-3
1.364500E-7	2.581422E-3
1.365000E-7	2.694476E-3
1.365500E-7	2.833225E-3
1.366000E-7	2.973686E-3
1.366500E-7	3.098731E-3
1.367000E-7	3.182666E-3
1.367500E-7	3.228915E-3
1.368000E-7	3.261461E-3
1.368500E-7	3.273452E-3
1.369000E-7	3.223777E-3
1.369500E-7	3.141555E-3
1.370000E-7	3.078176E-3
1.370500E-7	3.038779E-3
1.371000E-7	2.994242E-3
1.371500E-7	2.944567E-3
1.372000E-7	2.908595E-3
1.372500E-7	2.888040E-3
1.373000E-7	2.869198E-3
1.373500E-7	2.833226E-3
1.374000E-7	2.781838E-3
1.374500E-7	2.733875E-3
1.375000E-7	2.670496E-3
1.375500E-7	2.562580E-3
1.376000E-7	2.442674E-3
1.376500E-7	2.353600E-3
1.377000E-7	2.278230E-3
1.377500E-7	2.214851E-3
1.378000E-7	2.192583E-3
1.378500E-7	2.211425E-3
1.379000E-7	2.228554E-3
1.379500E-7	2.243971E-3
1.380000E-7	2.295359E-3
1.380500E-7	2.394710E-3
1.381000E-7	2.509478E-3
1.381500E-7	2.583134E-3
1.382000E-7	2.634523E-3
1.382500E-7	2.687625E-3
1.383000E-7	2.740726E-3
1.383500E-7	2.764707E-3
1.384000E-7	2.766420E-3
1.384500E-7	2.771559E-3
1.385000E-7	2.783550E-3
1.385500E-7	2.798966E-3
1.386000E-7	2.817809E-3
1.386500E-7	2.831512E-3
1.387000E-7	2.834938E-3
1.387500E-7	2.841790E-3
1.388000E-7	2.865771E-3
1.388500E-7	2.893179E-3
1.389000E-7	2.896604E-3
1.389500E-7	2.889753E-3
1.390000E-7	2.877762E-3
1.390500E-7	2.855494E-3
1.391000E-7	2.829800E-3
1.391500E-7	2.810957E-3
1.392000E-7	2.786976E-3
1.392500E-7	2.752717E-3
1.393000E-7	2.735587E-3
1.393500E-7	2.756143E-3
1.394000E-7	2.786975E-3
1.394500E-7	2.829799E-3
1.395000E-7	2.891465E-3
1.395500E-7	2.963409E-3
1.396000E-7	3.031926E-3
1.396500E-7	3.090166E-3
1.397000E-7	3.122712E-3
1.397500E-7	3.112434E-3
1.398000E-7	3.066185E-3
1.398500E-7	2.997667E-3
1.399000E-7	2.910307E-3
1.399500E-7	2.805817E-3
1.400000E-7	2.694476E-3
1.400500E-7	2.593412E-3
1.401000E-7	2.524894E-3
1.401500E-7	2.502626E-3
1.402000E-7	2.500913E-3
1.402500E-7	2.507765E-3
1.403000E-7	2.550589E-3
1.403500E-7	2.637949E-3
1.404000E-7	2.708180E-3
1.404500E-7	2.756143E-3
1.405000E-7	2.829799E-3
1.405500E-7	2.915447E-3
1.406000E-7	2.939428E-3
1.406500E-7	2.893178E-3
1.407000E-7	2.831512E-3
1.407500E-7	2.762994E-3
1.408000E-7	2.684199E-3
1.408500E-7	2.613968E-3
1.409000E-7	2.581422E-3
1.409500E-7	2.583135E-3
1.410000E-7	2.610542E-3
1.410500E-7	2.656792E-3
1.411000E-7	2.716745E-3
1.411500E-7	2.769846E-3
1.412000E-7	2.816096E-3
1.412500E-7	2.869197E-3
1.413000E-7	2.918872E-3
1.413500E-7	2.932576E-3
1.414000E-7	2.894891E-3
1.414500E-7	2.858919E-3
1.415000E-7	2.846928E-3
1.415500E-7	2.817808E-3
1.416000E-7	2.769845E-3
1.416500E-7	2.752716E-3
1.417000E-7	2.769845E-3
1.417500E-7	2.774984E-3
1.418000E-7	2.778410E-3
1.418500E-7	2.845215E-3
1.419000E-7	2.949705E-3
1.419500E-7	3.028501E-3
1.420000E-7	3.090167E-3
1.420500E-7	3.170675E-3
1.421000E-7	3.234055E-3
1.421500E-7	3.239194E-3
1.422000E-7	3.234055E-3
1.422500E-7	3.244333E-3
1.423000E-7	3.220352E-3
1.423500E-7	3.162111E-3
1.424000E-7	3.115862E-3
1.424500E-7	3.085029E-3
1.425000E-7	3.033640E-3
1.425500E-7	2.951419E-3
1.426000E-7	2.867484E-3
1.426500E-7	2.819521E-3
1.427000E-7	2.800679E-3
1.427500E-7	2.747578E-3
1.428000E-7	2.672208E-3
1.428500E-7	2.636236E-3
1.429000E-7	2.619107E-3
1.429500E-7	2.586561E-3
1.430000E-7	2.576283E-3
1.430500E-7	2.610542E-3
1.431000E-7	2.644801E-3
1.431500E-7	2.673922E-3
1.432000E-7	2.737301E-3
1.432500E-7	2.829800E-3
1.433000E-7	2.937716E-3
1.433500E-7	3.042206E-3
1.434000E-7	3.126140E-3
1.434500E-7	3.201510E-3
1.435000E-7	3.273453E-3
1.435500E-7	3.292296E-3
1.436000E-7	3.264888E-3
1.436500E-7	3.259749E-3
1.437000E-7	3.256323E-3
1.437500E-7	3.199796E-3
1.438000E-7	3.126139E-3
1.438500E-7	3.088454E-3
1.439000E-7	3.038779E-3
1.439500E-7	2.959983E-3
1.440000E-7	2.912021E-3
1.440500E-7	2.894891E-3
1.441000E-7	2.876049E-3
1.441500E-7	2.857207E-3
1.442000E-7	2.869197E-3
1.442500E-7	2.898317E-3
1.443000E-7	2.922299E-3
1.443500E-7	2.936002E-3
1.444000E-7	2.946280E-3
1.444500E-7	2.973687E-3
1.445000E-7	3.031927E-3
1.445500E-7	3.081602E-3
1.446000E-7	3.107296E-3
1.446500E-7	3.126139E-3
1.447000E-7	3.146694E-3
1.447500E-7	3.129565E-3
1.448000E-7	3.066186E-3
1.448500E-7	2.985677E-3
1.449000E-7	2.865771E-3
1.449500E-7	2.706467E-3
1.450000E-7	2.540312E-3
1.450500E-7	2.367304E-3
1.451000E-7	2.185732E-3
1.451500E-7	2.019576E-3
1.452000E-7	1.897957E-3
1.452500E-7	1.796893E-3
1.453000E-7	1.736940E-3
1.453500E-7	1.762634E-3
1.454000E-7	1.860272E-3
1.454500E-7	2.014437E-3
1.455000E-7	2.225130E-3
1.455500E-7	2.430683E-3
1.456000E-7	2.593413E-3
1.456500E-7	2.759569E-3
1.457000E-7	2.912021E-3
1.457500E-7	2.966835E-3
1.458000E-7	2.949706E-3
1.458500E-7	2.912021E-3
1.459000E-7	2.817809E-3
1.459500E-7	2.648227E-3
1.460000E-7	2.480358E-3
1.460500E-7	2.314202E-3
1.461000E-7	2.137769E-3
1.461500E-7	2.036705E-3
1.462000E-7	2.036705E-3
1.462500E-7	2.086380E-3
1.463000E-7	2.192583E-3
1.463500E-7	2.372443E-3
1.464000E-7	2.569431E-3
1.464500E-7	2.740726E-3
1.465000E-7	2.925724E-3
1.465500E-7	3.093593E-3
1.466000E-7	3.180953E-3
1.466500E-7	3.215212E-3
1.467000E-7	3.208360E-3
1.467500E-7	3.136416E-3
1.468000E-7	3.018223E-3
1.468500E-7	2.889752E-3
1.469000E-7	2.740725E-3
1.469500E-7	2.596838E-3
1.470000E-7	2.506052E-3
1.470500E-7	2.471793E-3
1.471000E-7	2.464941E-3
1.471500E-7	2.485497E-3
1.472000E-7	2.526608E-3
1.472500E-7	2.584848E-3
1.473000E-7	2.680773E-3
1.473500E-7	2.771559E-3
1.474000E-7	2.809244E-3
1.474500E-7	2.810957E-3
1.475000E-7	2.816096E-3
1.475500E-7	2.788688E-3
1.476000E-7	2.725309E-3
1.476500E-7	2.680772E-3
1.477000E-7	2.656791E-3
1.477500E-7	2.629383E-3
1.478000E-7	2.636235E-3
1.478500E-7	2.663642E-3
1.479000E-7	2.673920E-3
1.479500E-7	2.689337E-3
1.480000E-7	2.751003E-3
1.480500E-7	2.814382E-3
1.481000E-7	2.852067E-3
1.481500E-7	2.877762E-3
1.482000E-7	2.865771E-3
1.482500E-7	2.824661E-3
1.483000E-7	2.804105E-3
1.483500E-7	2.761281E-3
1.484000E-7	2.670495E-3
1.484500E-7	2.576283E-3
1.485000E-7	2.499200E-3
1.485500E-7	2.392997E-3
1.486000E-7	2.285082E-3
1.486500E-7	2.243971E-3
1.487000E-7	2.238832E-3
1.487500E-7	2.243971E-3
1.488000E-7	2.264526E-3
1.488500E-7	2.309063E-3
1.489000E-7	2.370729E-3
1.489500E-7	2.447811E-3
1.490000E-7	2.536885E-3
1.490500E-7	2.639662E-3
1.491000E-7	2.778411E-3
1.491500E-7	2.891465E-3
1.492000E-7	2.915447E-3
1.492500E-7	2.900030E-3
1.493000E-7	2.905169E-3
1.493500E-7	2.886327E-3
1.494000E-7	2.838364E-3
1.494500E-7	2.814383E-3
1.495000E-7	2.804105E-3
1.495500E-7	2.774985E-3
1.496000E-7	2.790402E-3
1.496500E-7	2.894892E-3
1.497000E-7	3.037066E-3
1.497500E-7	3.191231E-3
1.498000E-7	3.352248E-3
1.498500E-7	3.463590E-3
1.499000E-7	3.504701E-3
1.499500E-7	3.508127E-3
1.500000E-7	3.456738E-3
1.500500E-7	3.311138E-3
1.501000E-7	3.121001E-3
1.501500E-7	2.898318E-3
1.502000E-7	2.610543E-3
1.502500E-7	2.333046E-3
1.503000E-7	2.132631E-3
1.503500E-7	1.976753E-3
1.504000E-7	1.834578E-3
1.504500E-7	1.803745E-3
1.505000E-7	1.901382E-3
1.505500E-7	2.050409E-3
1.506000E-7	2.202861E-3
1.506500E-7	2.358739E-3
1.507000E-7	2.521469E-3
1.507500E-7	2.682486E-3
1.508000E-7	2.802392E-3
1.508500E-7	2.843503E-3
1.509000E-7	2.843503E-3
1.509500E-7	2.829799E-3
1.510000E-7	2.783550E-3
1.510500E-7	2.718458E-3
1.511000E-7	2.709894E-3
1.511500E-7	2.733875E-3
1.512000E-7	2.728736E-3
1.512500E-7	2.723597E-3
1.513000E-7	2.776699E-3
1.513500E-7	2.831513E-3
1.514000E-7	2.858920E-3
1.514500E-7	2.884614E-3
1.515000E-7	2.893178E-3
1.515500E-7	2.848641E-3
1.516000E-7	2.774984E-3
1.516500E-7	2.699615E-3
1.517000E-7	2.608829E-3
1.517500E-7	2.490635E-3
1.518000E-7	2.391285E-3
1.518500E-7	2.310776E-3
1.519000E-7	2.216564E-3
1.519500E-7	2.125778E-3
1.520000E-7	2.070964E-3
1.520500E-7	2.079529E-3
1.521000E-7	2.113788E-3
1.521500E-7	2.148047E-3
1.522000E-7	2.197722E-3
1.522500E-7	2.276518E-3
1.523000E-7	2.351887E-3
1.523500E-7	2.403276E-3
1.524000E-7	2.437535E-3
1.524500E-7	2.464942E-3
1.525000E-7	2.463229E-3
1.525500E-7	2.435822E-3
1.526000E-7	2.415267E-3
1.526500E-7	2.396424E-3
1.527000E-7	2.375868E-3
1.527500E-7	2.369016E-3
1.528000E-7	2.396423E-3
1.528500E-7	2.430682E-3
1.529000E-7	2.463228E-3
1.529500E-7	2.519755E-3
1.530000E-7	2.584847E-3
1.530500E-7	2.655078E-3
1.531000E-7	2.723596E-3
1.531500E-7	2.776697E-3
1.532000E-7	2.785262E-3
1.532500E-7	2.771559E-3
1.533000E-7	2.778411E-3
1.533500E-7	2.774985E-3
1.534000E-7	2.720171E-3
1.534500E-7	2.653366E-3
1.535000E-7	2.624246E-3
1.535500E-7	2.595126E-3
1.536000E-7	2.545450E-3
1.536500E-7	2.536885E-3
1.537000E-7	2.591699E-3
1.537500E-7	2.667069E-3
1.538000E-7	2.730448E-3
1.538500E-7	2.810956E-3
1.539000E-7	2.898316E-3
1.539500E-7	2.961696E-3
1.540000E-7	2.995955E-3
1.540500E-7	3.023362E-3
1.541000E-7	3.050770E-3
1.541500E-7	3.066186E-3
1.542000E-7	3.059335E-3
1.542500E-7	3.037067E-3
1.543000E-7	3.016511E-3
1.543500E-7	3.007947E-3
1.544000E-7	2.997669E-3
1.544500E-7	2.987392E-3
1.545000E-7	2.990817E-3
1.545500E-7	3.007947E-3
1.546000E-7	3.014798E-3
1.546500E-7	2.990817E-3
1.547000E-7	2.954845E-3
1.547500E-7	2.915447E-3
1.548000E-7	2.848642E-3
1.548500E-7	2.764708E-3
1.549000E-7	2.667070E-3
1.549500E-7	2.559154E-3
1.550000E-7	2.437535E-3
1.550500E-7	2.309064E-3
1.551000E-7	2.184019E-3
1.551500E-7	2.077816E-3
1.552000E-7	1.983604E-3
1.552500E-7	1.915086E-3
1.553000E-7	1.915086E-3
1.553500E-7	1.978465E-3
1.554000E-7	2.046982E-3
1.554500E-7	2.118926E-3
1.555000E-7	2.261100E-3
1.555500E-7	2.461515E-3
1.556000E-7	2.639662E-3
1.556500E-7	2.781837E-3
1.557000E-7	2.930863E-3
1.557500E-7	3.076464E-3
1.558000E-7	3.187806E-3
1.558500E-7	3.270027E-3
1.559000E-7	3.336832E-3
1.559500E-7	3.371092E-3
1.560000E-7	3.365953E-3
1.560500E-7	3.348823E-3
1.561000E-7	3.343685E-3
1.561500E-7	3.335120E-3
1.562000E-7	3.306000E-3
1.562500E-7	3.280306E-3
1.563000E-7	3.273454E-3
1.563500E-7	3.251185E-3
1.564000E-7	3.198084E-3
1.564500E-7	3.146695E-3
1.565000E-7	3.097019E-3
1.565500E-7	3.035353E-3
1.566000E-7	2.968548E-3
1.566500E-7	2.930863E-3
1.567000E-7	2.917159E-3
1.567500E-7	2.891465E-3
1.568000E-7	2.846928E-3
1.568500E-7	2.828086E-3
1.569000E-7	2.848641E-3
1.569500E-7	2.867484E-3
1.570000E-7	2.865771E-3
1.570500E-7	2.879475E-3
1.571000E-7	2.901743E-3
1.571500E-7	2.910308E-3
1.572000E-7	2.900030E-3
1.572500E-7	2.896604E-3
1.573000E-7	2.894891E-3
1.573500E-7	2.901743E-3
1.574000E-7	2.917160E-3
1.574500E-7	2.908595E-3
1.575000E-7	2.891465E-3
1.575500E-7	2.884614E-3
1.576000E-7	2.882901E-3
1.576500E-7	2.860632E-3
1.577000E-7	2.816096E-3
1.577500E-7	2.733874E-3
1.578000E-7	2.617394E-3
1.578500E-7	2.500913E-3
1.579000E-7	2.403275E-3
1.579500E-7	2.309063E-3
1.580000E-7	2.221703E-3
1.580500E-7	2.151472E-3
1.581000E-7	2.118926E-3
1.581500E-7	2.110361E-3
1.582000E-7	2.101797E-3
1.582500E-7	2.115500E-3
1.583000E-7	2.166889E-3
1.583500E-7	2.231981E-3
1.584000E-7	2.267952E-3
1.584500E-7	2.279943E-3
1.585000E-7	2.297072E-3
1.585500E-7	2.305637E-3
1.586000E-7	2.300498E-3
1.586500E-7	2.285082E-3
1.587000E-7	2.257674E-3
1.587500E-7	2.225128E-3
1.588000E-7	2.202860E-3
1.588500E-7	2.207999E-3
1.589000E-7	2.216563E-3
1.589500E-7	2.245684E-3
1.590000E-7	2.307350E-3
1.590500E-7	2.374155E-3
1.591000E-7	2.423831E-3
1.591500E-7	2.461516E-3
1.592000E-7	2.516330E-3
1.592500E-7	2.572857E-3
1.593000E-7	2.596839E-3
1.593500E-7	2.601978E-3
1.594000E-7	2.634523E-3
1.594500E-7	2.687625E-3
1.595000E-7	2.701328E-3
1.595500E-7	2.701328E-3
1.596000E-7	2.740726E-3
1.596500E-7	2.798966E-3
1.597000E-7	2.850354E-3
1.597500E-7	2.906881E-3
1.598000E-7	2.934288E-3
1.598500E-7	2.894890E-3
1.599000E-7	2.850354E-3
1.599500E-7	2.797253E-3
1.600000E-7	2.670495E-3
1.600500E-7	2.512903E-3
1.601000E-7	2.411840E-3
1.601500E-7	2.309063E-3
1.602000E-7	2.187443E-3
1.602500E-7	2.115500E-3
1.603000E-7	2.094944E-3
1.603500E-7	2.065824E-3
1.604000E-7	2.079528E-3
1.604500E-7	2.182305E-3
1.605000E-7	2.309063E-3
1.605500E-7	2.432395E-3
1.606000E-7	2.583134E-3
1.606500E-7	2.747577E-3
1.607000E-7	2.884613E-3
1.607500E-7	3.002807E-3
1.608000E-7	3.091880E-3
1.608500E-7	3.138130E-3
1.609000E-7	3.146694E-3
1.609500E-7	3.114148E-3
1.610000E-7	3.050769E-3
1.610500E-7	2.973686E-3
1.611000E-7	2.882900E-3
1.611500E-7	2.754429E-3
1.612000E-7	2.607115E-3
1.612500E-7	2.471792E-3
1.613000E-7	2.353599E-3
1.613500E-7	2.238831E-3
1.614000E-7	2.124064E-3
1.614500E-7	2.031565E-3
1.615000E-7	1.988742E-3
1.615500E-7	1.980177E-3
1.616000E-7	1.980177E-3
1.616500E-7	2.011011E-3
1.617000E-7	2.110362E-3
1.617500E-7	2.218277E-3
1.618000E-7	2.298786E-3
1.618500E-7	2.387859E-3
1.619000E-7	2.499201E-3
1.619500E-7	2.548876E-3
1.620000E-7	2.526608E-3
1.620500E-7	2.504339E-3
1.621000E-7	2.483784E-3
1.621500E-7	2.398136E-3
1.622000E-7	2.285082E-3
1.622500E-7	2.228554E-3
1.623000E-7	2.204573E-3
1.623500E-7	2.177166E-3
1.624000E-7	2.199434E-3
1.624500E-7	2.278230E-3
1.625000E-7	2.375868E-3
1.625500E-7	2.509478E-3
1.626000E-7	2.685912E-3
1.626500E-7	2.843503E-3
1.627000E-7	2.951419E-3
1.627500E-7	3.019937E-3
1.628000E-7	3.035353E-3
1.628500E-7	3.004520E-3
1.629000E-7	2.946280E-3
1.629500E-7	2.821235E-3
1.630000E-7	2.643088E-3
1.630500E-7	2.473506E-3
1.631000E-7	2.309063E-3
1.631500E-7	2.124065E-3
1.632000E-7	1.971612E-3
1.632500E-7	1.889391E-3
1.633000E-7	1.834577E-3
1.633500E-7	1.800318E-3
1.634000E-7	1.827725E-3
1.634500E-7	1.885965E-3
1.635000E-7	1.925363E-3
1.635500E-7	1.969900E-3
1.636000E-7	2.043557E-3
1.636500E-7	2.117214E-3
1.637000E-7	2.184019E-3
1.637500E-7	2.237120E-3
1.638000E-7	2.262814E-3
1.638500E-7	2.288509E-3
1.639000E-7	2.327906E-3
1.639500E-7	2.360452E-3
1.640000E-7	2.379295E-3
1.640500E-7	2.415267E-3
1.641000E-7	2.464942E-3
1.641500E-7	2.492350E-3
1.642000E-7	2.494063E-3
1.642500E-7	2.494063E-3
1.643000E-7	2.497488E-3
1.643500E-7	2.490636E-3
1.644000E-7	2.485498E-3
1.644500E-7	2.497488E-3
1.645000E-7	2.511192E-3
1.645500E-7	2.535173E-3
1.646000E-7	2.603690E-3
1.646500E-7	2.716745E-3
1.647000E-7	2.848642E-3
1.647500E-7	2.980539E-3
1.648000E-7	3.124426E-3
1.648500E-7	3.264888E-3
1.649000E-7	3.362526E-3
1.649500E-7	3.408775E-3
1.650000E-7	3.405350E-3
1.650500E-7	3.333406E-3
1.651000E-7	3.189518E-3
1.651500E-7	2.987390E-3
1.652000E-7	2.759568E-3
1.652500E-7	2.531746E-3
1.653000E-7	2.305637E-3
1.653500E-7	2.089806E-3
1.654000E-7	1.909946E-3
1.654500E-7	1.778049E-3
1.655000E-7	1.704393E-3
1.655500E-7	1.675273E-3
1.656000E-7	1.697541E-3
1.656500E-7	1.791753E-3
1.657000E-7	1.942493E-3
1.657500E-7	2.106936E-3
1.658000E-7	2.267953E-3
1.658500E-7	2.449525E-3
1.659000E-7	2.655079E-3
1.659500E-7	2.836651E-3
1.660000E-7	2.954845E-3
1.660500E-7	3.019937E-3
1.661000E-7	3.066186E-3
1.661500E-7	3.085028E-3
1.662000E-7	3.062760E-3
1.662500E-7	3.018223E-3
1.663000E-7	2.949705E-3
1.663500E-7	2.836651E-3
1.664000E-7	2.718457E-3
1.664500E-7	2.622532E-3
1.665000E-7	2.538598E-3
1.665500E-7	2.451237E-3
1.666000E-7	2.404988E-3
1.666500E-7	2.386146E-3
1.667000E-7	2.367303E-3
1.667500E-7	2.358738E-3
1.668000E-7	2.372442E-3
1.668500E-7	2.398136E-3
1.669000E-7	2.437534E-3
1.669500E-7	2.488923E-3
1.670000E-7	2.531746E-3
1.670500E-7	2.569431E-3
1.671000E-7	2.613968E-3
1.671500E-7	2.648227E-3
1.672000E-7	2.658505E-3
1.672500E-7	2.672208E-3
1.673000E-7	2.706467E-3
1.673500E-7	2.711606E-3
1.674000E-7	2.691050E-3
1.674500E-7	2.694476E-3
1.675000E-7	2.725309E-3
1.675500E-7	2.744152E-3
1.676000E-7	2.773272E-3
1.676500E-7	2.819521E-3
1.677000E-7	2.865771E-3
1.677500E-7	2.917159E-3
1.678000E-7	2.990816E-3
1.678500E-7	3.045630E-3
1.679000E-7	3.052482E-3
1.679500E-7	3.031927E-3
1.680000E-7	2.980539E-3
1.680500E-7	2.886326E-3
1.681000E-7	2.774985E-3
1.681500E-7	2.651653E-3
1.682000E-7	2.507765E-3
1.682500E-7	2.365590E-3
1.683000E-7	2.273091E-3
1.683500E-7	2.219990E-3
1.684000E-7	2.172027E-3
1.684500E-7	2.160037E-3
1.685000E-7	2.225128E-3
1.685500E-7	2.363877E-3
1.686000E-7	2.535172E-3
1.686500E-7	2.706466E-3
1.687000E-7	2.872622E-3
1.687500E-7	3.030213E-3
1.688000E-7	3.163823E-3
1.688500E-7	3.246045E-3
1.689000E-7	3.288868E-3
1.689500E-7	3.297433E-3
1.690000E-7	3.263175E-3
1.690500E-7	3.179240E-3
1.691000E-7	3.059334E-3
1.691500E-7	2.906882E-3
1.692000E-7	2.739013E-3
1.692500E-7	2.586561E-3
1.693000E-7	2.470081E-3
1.693500E-7	2.387859E-3
1.694000E-7	2.334757E-3
1.694500E-7	2.326192E-3
1.695000E-7	2.351886E-3
1.695500E-7	2.398136E-3
1.696000E-7	2.459802E-3
1.696500E-7	2.533458E-3
1.697000E-7	2.627670E-3
1.697500E-7	2.711605E-3
1.698000E-7	2.752716E-3
1.698500E-7	2.766420E-3
1.699000E-7	2.804105E-3
1.699500E-7	2.879475E-3
1.700000E-7	2.947993E-3
1.700500E-7	3.004520E-3
1.701000E-7	3.078177E-3
1.701500E-7	3.167250E-3
1.702000E-7	3.239194E-3
1.702500E-7	3.275165E-3
1.703000E-7	3.300859E-3
1.703500E-7	3.329979E-3
1.704000E-7	3.316275E-3
1.704500E-7	3.256322E-3
1.705000E-7	3.167249E-3
1.705500E-7	3.061046E-3
1.706000E-7	2.934288E-3
1.706500E-7	2.805817E-3
1.707000E-7	2.668782E-3
1.707500E-7	2.528320E-3
1.708000E-7	2.422118E-3
1.708500E-7	2.357026E-3
1.709000E-7	2.288508E-3
1.709500E-7	2.209712E-3
1.710000E-7	2.146333E-3
1.710500E-7	2.115500E-3
1.711000E-7	2.118925E-3
1.711500E-7	2.161749E-3
1.712000E-7	2.225128E-3
1.712500E-7	2.310775E-3
1.713000E-7	2.440959E-3
1.713500E-7	2.572856E-3
1.714000E-7	2.682485E-3
1.714500E-7	2.792114E-3
1.715000E-7	2.924011E-3
1.715500E-7	3.042204E-3
1.716000E-7	3.132991E-3
1.716500E-7	3.215212E-3
1.717000E-7	3.287156E-3
1.717500E-7	3.316277E-3
1.718000E-7	3.314564E-3
1.718500E-7	3.290582E-3
1.719000E-7	3.235768E-3
1.719500E-7	3.156972E-3
1.720000E-7	3.062760E-3
1.720500E-7	2.941141E-3
1.721000E-7	2.798966E-3
1.721500E-7	2.661930E-3
1.722000E-7	2.545450E-3
1.722500E-7	2.444386E-3
1.723000E-7	2.374155E-3
1.723500E-7	2.341609E-3
1.724000E-7	2.329619E-3
1.724500E-7	2.345035E-3
1.725000E-7	2.369017E-3
1.725500E-7	2.379294E-3
1.726000E-7	2.382720E-3
1.726500E-7	2.422118E-3
1.727000E-7	2.487210E-3
1.727500E-7	2.542024E-3
1.728000E-7	2.588274E-3
1.728500E-7	2.643088E-3
1.729000E-7	2.696190E-3
1.729500E-7	2.744152E-3
1.730000E-7	2.804105E-3
1.730500E-7	2.886326E-3
1.731000E-7	2.973686E-3
1.731500E-7	3.055908E-3
1.732000E-7	3.131278E-3
1.732500E-7	3.191231E-3
1.733000E-7	3.239193E-3
1.733500E-7	3.273452E-3
1.734000E-7	3.288869E-3
1.734500E-7	3.285443E-3
1.735000E-7	3.258036E-3
1.735500E-7	3.210074E-3
1.736000E-7	3.156972E-3
1.736500E-7	3.102158E-3
1.737000E-7	3.030214E-3
1.737500E-7	2.947993E-3
1.738000E-7	2.877762E-3
1.738500E-7	2.788689E-3
1.739000E-7	2.661930E-3
1.739500E-7	2.535172E-3
1.740000E-7	2.435822E-3
1.740500E-7	2.357026E-3
1.741000E-7	2.288508E-3
1.741500E-7	2.249111E-3
1.742000E-7	2.245685E-3
1.742500E-7	2.271379E-3
1.743000E-7	2.309064E-3
1.743500E-7	2.374156E-3
1.744000E-7	2.494062E-3
1.744500E-7	2.646514E-3
1.745000E-7	2.797253E-3
1.745500E-7	2.922298E-3
1.746000E-7	3.007945E-3
1.746500E-7	3.038778E-3
1.747000E-7	3.054195E-3
1.747500E-7	3.064472E-3
1.748000E-7	3.023362E-3
1.748500E-7	2.947992E-3
1.749000E-7	2.891465E-3
1.749500E-7	2.841790E-3
1.750000E-7	2.771559E-3
1.750500E-7	2.740726E-3
1.751000E-7	2.778411E-3
1.751500E-7	2.804105E-3
1.752000E-7	2.829800E-3
1.752500E-7	2.900031E-3
1.753000E-7	2.992530E-3
1.753500E-7	3.045631E-3
1.754000E-7	3.074751E-3
1.754500E-7	3.078177E-3
1.755000E-7	3.026789E-3
1.755500E-7	2.927438E-3
1.756000E-7	2.804105E-3
1.756500E-7	2.643088E-3
1.757000E-7	2.471793E-3
1.757500E-7	2.324480E-3
1.758000E-7	2.199435E-3
1.758500E-7	2.084667E-3
1.759000E-7	2.005872E-3
1.759500E-7	1.976751E-3
1.760000E-7	1.999020E-3
1.760500E-7	2.074389E-3
1.761000E-7	2.197722E-3
1.761500E-7	2.327906E-3
1.762000E-7	2.451238E-3
1.762500E-7	2.550589E-3
1.763000E-7	2.634523E-3
1.763500E-7	2.697902E-3
1.764000E-7	2.764707E-3
1.764500E-7	2.840076E-3
1.765000E-7	2.889752E-3
1.765500E-7	2.888039E-3
1.766000E-7	2.857206E-3
1.766500E-7	2.841789E-3
1.767000E-7	2.821234E-3
1.767500E-7	2.785262E-3
1.768000E-7	2.769846E-3
1.768500E-7	2.771559E-3
1.769000E-7	2.762995E-3
1.769500E-7	2.735588E-3
1.770000E-7	2.732162E-3
1.770500E-7	2.739014E-3
1.771000E-7	2.730449E-3
1.771500E-7	2.725310E-3
1.772000E-7	2.727023E-3
1.772500E-7	2.739013E-3
1.773000E-7	2.744152E-3
1.773500E-7	2.723596E-3
1.774000E-7	2.677347E-3
1.774500E-7	2.622532E-3
1.775000E-7	2.559153E-3
1.775500E-7	2.454663E-3
1.776000E-7	2.355312E-3
1.776500E-7	2.307349E-3
1.777000E-7	2.276516E-3
1.777500E-7	2.216563E-3
1.778000E-7	2.192582E-3
1.778500E-7	2.231980E-3
1.779000E-7	2.293646E-3
1.779500E-7	2.360451E-3
1.780000E-7	2.428969E-3
1.780500E-7	2.478645E-3
1.781000E-7	2.523182E-3
1.781500E-7	2.607116E-3
1.782000E-7	2.675634E-3
1.782500E-7	2.679060E-3
1.783000E-7	2.680773E-3
1.783500E-7	2.691050E-3
1.784000E-7	2.653365E-3
1.784500E-7	2.593412E-3
1.785000E-7	2.572857E-3
1.785500E-7	2.554014E-3
1.786000E-7	2.492348E-3
1.786500E-7	2.430682E-3
1.787000E-7	2.399849E-3
1.787500E-7	2.372442E-3
1.788000E-7	2.353600E-3
1.788500E-7	2.357026E-3
1.789000E-7	2.367304E-3
1.789500E-7	2.387859E-3
1.790000E-7	2.410127E-3
1.790500E-7	2.415266E-3
1.791000E-7	2.420405E-3
1.791500E-7	2.451238E-3
1.792000E-7	2.470080E-3
1.792500E-7	2.452950E-3
1.793000E-7	2.439247E-3
1.793500E-7	2.468367E-3
1.794000E-7	2.514616E-3
1.794500E-7	2.554014E-3
1.795000E-7	2.631097E-3
1.795500E-7	2.761281E-3
1.796000E-7	2.910307E-3
1.796500E-7	3.043917E-3
1.797000E-7	3.175814E-3
1.797500E-7	3.280304E-3
1.798000E-7	3.343683E-3
1.798500E-7	3.372803E-3
1.799000E-7	3.376229E-3
1.799500E-7	3.341970E-3
1.800000E-7	3.270026E-3
1.800500E-7	3.194656E-3
1.801000E-7	3.131277E-3
1.801500E-7	3.073037E-3
1.802000E-7	3.026787E-3
1.802500E-7	3.013084E-3
1.803000E-7	3.033639E-3
1.803500E-7	3.083315E-3
1.804000E-7	3.136416E-3
1.804500E-7	3.160397E-3
1.805000E-7	3.172388E-3
1.805500E-7	3.184379E-3
1.806000E-7	3.153546E-3
1.806500E-7	3.064472E-3
1.807000E-7	2.954844E-3
1.807500E-7	2.838363E-3
1.808000E-7	2.706466E-3
1.808500E-7	2.583134E-3
1.809000E-7	2.485496E-3
1.809500E-7	2.416978E-3
1.810000E-7	2.381006E-3
1.810500E-7	2.413552E-3
1.811000E-7	2.511190E-3
1.811500E-7	2.639661E-3
1.812000E-7	2.786975E-3
1.812500E-7	2.947992E-3
1.813000E-7	3.088454E-3
1.813500E-7	3.184379E-3
1.814000E-7	3.242619E-3
1.814500E-7	3.263175E-3
1.815000E-7	3.234055E-3
1.815500E-7	3.162111E-3
1.816000E-7	3.052482E-3
1.816500E-7	2.934289E-3
1.817000E-7	2.857206E-3
1.817500E-7	2.809244E-3
1.818000E-7	2.759568E-3
1.818500E-7	2.757856E-3
1.819000E-7	2.826374E-3
1.819500E-7	2.893178E-3
1.820000E-7	2.953132E-3
1.820500E-7	3.038779E-3
1.821000E-7	3.109010E-3
1.821500E-7	3.119287E-3
1.822000E-7	3.124426E-3
1.822500E-7	3.114148E-3
1.823000E-7	3.045630E-3
1.823500E-7	2.936001E-3
1.824000E-7	2.822947E-3
1.824500E-7	2.687624E-3
1.825000E-7	2.560866E-3
1.825500E-7	2.495774E-3
1.826000E-7	2.454663E-3
1.826500E-7	2.398136E-3
1.827000E-7	2.387858E-3
1.827500E-7	2.422117E-3
1.828000E-7	2.440960E-3
1.828500E-7	2.475219E-3
1.829000E-7	2.552302E-3
1.829500E-7	2.632810E-3
1.830000E-7	2.691050E-3
1.830500E-7	2.780124E-3
1.831000E-7	2.877762E-3
1.831500E-7	2.929150E-3
1.832000E-7	2.954845E-3
1.832500E-7	2.995956E-3
1.833000E-7	3.028502E-3
1.833500E-7	3.040492E-3
1.834000E-7	3.045631E-3
1.834500E-7	3.047344E-3
1.835000E-7	3.050770E-3
1.835500E-7	3.049057E-3
1.836000E-7	3.033640E-3
1.836500E-7	3.006233E-3
1.837000E-7	2.990816E-3
1.837500E-7	2.980538E-3
1.838000E-7	2.963408E-3
1.838500E-7	2.956557E-3
1.839000E-7	2.958270E-3
1.839500E-7	2.970260E-3
1.840000E-7	2.985677E-3
1.840500E-7	3.004520E-3
1.841000E-7	3.016510E-3
1.841500E-7	2.997668E-3
1.842000E-7	2.958270E-3
1.842500E-7	2.917160E-3
1.843000E-7	2.870910E-3
1.843500E-7	2.802392E-3
1.844000E-7	2.713319E-3
1.844500E-7	2.649940E-3
1.845000E-7	2.588274E-3
1.845500E-7	2.499200E-3
1.846000E-7	2.427257E-3
1.846500E-7	2.416979E-3
1.847000E-7	2.446099E-3
1.847500E-7	2.483784E-3
1.848000E-7	2.545450E-3
1.848500E-7	2.631097E-3
1.849000E-7	2.713319E-3
1.849500E-7	2.774985E-3
1.850000E-7	2.798966E-3
1.850500E-7	2.785262E-3
1.851000E-7	2.764707E-3
1.851500E-7	2.732161E-3
1.852000E-7	2.672208E-3
1.852500E-7	2.598551E-3
1.853000E-7	2.536885E-3
1.853500E-7	2.473506E-3
1.854000E-7	2.406701E-3
1.854500E-7	2.375868E-3
1.855000E-7	2.406701E-3
1.855500E-7	2.471793E-3
1.856000E-7	2.550589E-3
1.856500E-7	2.634523E-3
1.857000E-7	2.721884E-3
1.857500E-7	2.816096E-3
1.858000E-7	2.905169E-3
1.858500E-7	2.965122E-3
1.859000E-7	2.977113E-3
1.859500E-7	2.949706E-3
1.860000E-7	2.912021E-3
1.860500E-7	2.874336E-3
1.861000E-7	2.826374E-3
1.861500E-7	2.776698E-3
1.862000E-7	2.742439E-3
1.862500E-7	2.732161E-3
1.863000E-7	2.744151E-3
1.863500E-7	2.745864E-3
1.864000E-7	2.742438E-3
1.864500E-7	2.745864E-3
1.865000E-7	2.752715E-3
1.865500E-7	2.747576E-3
1.866000E-7	2.744151E-3
1.866500E-7	2.745864E-3
1.867000E-7	2.727021E-3
1.867500E-7	2.699614E-3
1.868000E-7	2.699614E-3
1.868500E-7	2.711605E-3
1.869000E-7	2.718457E-3
1.869500E-7	2.745864E-3
1.870000E-7	2.798966E-3
1.870500E-7	2.845215E-3
1.871000E-7	2.882900E-3
1.871500E-7	2.912020E-3
1.872000E-7	2.920585E-3
1.872500E-7	2.910307E-3
1.873000E-7	2.874335E-3
1.873500E-7	2.807530E-3
1.874000E-7	2.725309E-3
1.874500E-7	2.641374E-3
1.875000E-7	2.560866E-3
1.875500E-7	2.480358E-3
1.876000E-7	2.413553E-3
1.876500E-7	2.377581E-3
1.877000E-7	2.382720E-3
1.877500E-7	2.430683E-3
1.878000E-7	2.482072E-3
1.878500E-7	2.519757E-3
1.879000E-7	2.557441E-3
1.879500E-7	2.589987E-3
1.880000E-7	2.607117E-3
1.880500E-7	2.629385E-3
1.881000E-7	2.646515E-3
1.881500E-7	2.631098E-3
1.882000E-7	2.625959E-3
1.882500E-7	2.655079E-3
1.883000E-7	2.703042E-3
1.883500E-7	2.776698E-3
1.884000E-7	2.894892E-3
1.884500E-7	3.019937E-3
1.885000E-7	3.132992E-3
1.885500E-7	3.251185E-3
1.886000E-7	3.369378E-3
1.886500E-7	3.446461E-3
1.887000E-7	3.484146E-3
1.887500E-7	3.487572E-3
1.888000E-7	3.427618E-3
1.888500E-7	3.319703E-3
1.889000E-7	3.180954E-3
1.889500E-7	3.016511E-3
1.890000E-7	2.857207E-3
1.890500E-7	2.756143E-3
1.891000E-7	2.699616E-3
1.891500E-7	2.648227E-3
1.892000E-7	2.625959E-3
1.892500E-7	2.655079E-3
1.893000E-7	2.709893E-3
1.893500E-7	2.766421E-3
1.894000E-7	2.821235E-3
1.894500E-7	2.858920E-3
1.895000E-7	2.886327E-3
1.895500E-7	2.894892E-3
1.896000E-7	2.879475E-3
1.896500E-7	2.831513E-3
1.897000E-7	2.768134E-3
1.897500E-7	2.716745E-3
1.898000E-7	2.670496E-3
1.898500E-7	2.624246E-3
1.899000E-7	2.598552E-3
1.899500E-7	2.596838E-3
1.900000E-7	2.619107E-3
1.900500E-7	2.646514E-3
1.901000E-7	2.684199E-3
1.901500E-7	2.725309E-3
1.902000E-7	2.739013E-3
1.902500E-7	2.723597E-3
1.903000E-7	2.685912E-3
1.903500E-7	2.613968E-3
1.904000E-7	2.507765E-3
1.904500E-7	2.396424E-3
1.905000E-7	2.315916E-3
1.905500E-7	2.238833E-3
1.906000E-7	2.165176E-3
1.906500E-7	2.132630E-3
1.907000E-7	2.149760E-3
1.907500E-7	2.194297E-3
1.908000E-7	2.254250E-3
1.908500E-7	2.338184E-3
1.909000E-7	2.446100E-3
1.909500E-7	2.564293E-3
1.910000E-7	2.663644E-3
1.910500E-7	2.733875E-3
1.911000E-7	2.786976E-3
1.911500E-7	2.809244E-3
1.912000E-7	2.810957E-3
1.912500E-7	2.821235E-3
1.913000E-7	2.836651E-3
1.913500E-7	2.833225E-3
1.914000E-7	2.834938E-3
1.914500E-7	2.874336E-3
1.915000E-7	2.927437E-3
1.915500E-7	2.947992E-3
1.916000E-7	2.941141E-3
1.916500E-7	2.922298E-3
1.917000E-7	2.893178E-3
1.917500E-7	2.838364E-3
1.918000E-7	2.762994E-3
1.918500E-7	2.667069E-3
1.919000E-7	2.554014E-3
1.919500E-7	2.428969E-3
1.920000E-7	2.297072E-3
1.920500E-7	2.177166E-3
1.921000E-7	2.076102E-3
1.921500E-7	2.016149E-3
1.922000E-7	2.000732E-3
1.922500E-7	2.017862E-3
1.923000E-7	2.069250E-3
1.923500E-7	2.149759E-3
1.924000E-7	2.247397E-3
1.924500E-7	2.346748E-3
1.925000E-7	2.432396E-3
1.925500E-7	2.518043E-3
1.926000E-7	2.588274E-3
1.926500E-7	2.622533E-3
1.927000E-7	2.634524E-3
1.927500E-7	2.624246E-3
1.928000E-7	2.583135E-3
1.928500E-7	2.511192E-3
1.929000E-7	2.449526E-3
1.929500E-7	2.416979E-3
1.930000E-7	2.420405E-3
1.930500E-7	2.459803E-3
1.931000E-7	2.528321E-3
1.931500E-7	2.620820E-3
1.932000E-7	2.739013E-3
1.932500E-7	2.891465E-3
1.933000E-7	3.045630E-3
1.933500E-7	3.163824E-3
1.934000E-7	3.249471E-3
1.934500E-7	3.307711E-3
1.935000E-7	3.326554E-3
1.935500E-7	3.276878E-3
1.936000E-7	3.160398E-3
1.936500E-7	3.004520E-3
1.937000E-7	2.846929E-3
1.937500E-7	2.694477E-3
1.938000E-7	2.535173E-3
1.938500E-7	2.394712E-3
1.939000E-7	2.321055E-3
1.939500E-7	2.305639E-3
1.940000E-7	2.310778E-3
1.940500E-7	2.348463E-3
1.941000E-7	2.422119E-3
1.941500E-7	2.485499E-3
1.942000E-7	2.521470E-3
1.942500E-7	2.545452E-3
1.943000E-7	2.538600E-3
1.943500E-7	2.490637E-3
1.944000E-7	2.442674E-3
1.944500E-7	2.422119E-3
1.945000E-7	2.403276E-3
1.945500E-7	2.398137E-3
1.946000E-7	2.430683E-3
1.946500E-7	2.494062E-3
1.947000E-7	2.588274E-3
1.947500E-7	2.692763E-3
1.948000E-7	2.797253E-3
1.948500E-7	2.901743E-3
1.949000E-7	2.983965E-3
1.949500E-7	3.006233E-3
1.950000E-7	2.963409E-3
1.950500E-7	2.879475E-3
1.951000E-7	2.747578E-3
1.951500E-7	2.569432E-3
1.952000E-7	2.391285E-3
1.952500E-7	2.252537E-3
1.953000E-7	2.142908E-3
1.953500E-7	2.060686E-3
1.954000E-7	2.041844E-3
1.954500E-7	2.081241E-3
1.955000E-7	2.130917E-3
1.955500E-7	2.180592E-3
1.956000E-7	2.264527E-3
1.956500E-7	2.357026E-3
1.957000E-7	2.413553E-3
1.957500E-7	2.447812E-3
1.958000E-7	2.475219E-3
1.958500E-7	2.464941E-3
1.959000E-7	2.428969E-3
1.959500E-7	2.420405E-3
1.960000E-7	2.451238E-3
1.960500E-7	2.502626E-3
1.961000E-7	2.584847E-3
1.961500E-7	2.718457E-3
1.962000E-7	2.876048E-3
1.962500E-7	3.038778E-3
1.963000E-7	3.216925E-3
1.963500E-7	3.386507E-3
1.964000E-7	3.516691E-3
1.964500E-7	3.597199E-3
1.965000E-7	3.626319E-3
1.965500E-7	3.588635E-3
1.966000E-7	3.484145E-3
1.966500E-7	3.335119E-3
1.967000E-7	3.180953E-3
1.967500E-7	3.038779E-3
1.968000E-7	2.917159E-3
1.968500E-7	2.836651E-3
1.969000E-7	2.788688E-3
1.969500E-7	2.742439E-3
1.970000E-7	2.737300E-3
1.970500E-7	2.797253E-3
1.971000E-7	2.865771E-3
1.971500E-7	2.893178E-3
1.972000E-7	2.929150E-3
1.972500E-7	2.989103E-3
1.973000E-7	3.019936E-3
1.973500E-7	3.031927E-3
1.974000E-7	3.057621E-3
1.974500E-7	3.061047E-3
1.975000E-7	3.030214E-3
1.975500E-7	3.025075E-3
1.976000E-7	3.043918E-3
1.976500E-7	3.052482E-3
1.977000E-7	3.079890E-3
1.977500E-7	3.126139E-3
1.978000E-7	3.143268E-3
1.978500E-7	3.126139E-3
1.979000E-7	3.100445E-3
1.979500E-7	3.059334E-3
1.980000E-7	2.994242E-3
1.980500E-7	2.915446E-3
1.981000E-7	2.840076E-3
1.981500E-7	2.761281E-3
1.982000E-7	2.679059E-3
1.982500E-7	2.636236E-3
1.983000E-7	2.620819E-3
1.983500E-7	2.593412E-3
1.984000E-7	2.584847E-3
1.984500E-7	2.615680E-3
1.985000E-7	2.644800E-3
1.985500E-7	2.629384E-3
1.986000E-7	2.619106E-3
1.986500E-7	2.625958E-3
1.987000E-7	2.622532E-3
1.987500E-7	2.605402E-3
1.988000E-7	2.603689E-3
1.988500E-7	2.613967E-3
1.989000E-7	2.625957E-3
1.989500E-7	2.675633E-3
1.990000E-7	2.776697E-3
1.990500E-7	2.893177E-3
1.991000E-7	2.985676E-3
1.991500E-7	3.067898E-3
1.992000E-7	3.177527E-3
1.992500E-7	3.292294E-3
1.993000E-7	3.369377E-3
1.993500E-7	3.413913E-3
1.994000E-7	3.436182E-3
1.994500E-7	3.400210E-3
1.995000E-7	3.317989E-3
1.995500E-7	3.244332E-3
1.996000E-7	3.186092E-3
1.996500E-7	3.093593E-3
1.997000E-7	3.007946E-3
1.997500E-7	2.959983E-3
1.998000E-7	2.937715E-3
1.998500E-7	2.929150E-3
1.999000E-7	2.966835E-3
1.999500E-7	3.021649E-3
2.000000E-7	3.086741E-3
