Study Name	Tungsten_Kyocera
Sample Name	2024-02-05
Run Name	spot03
Operator	Angus+Samantha
Date	2/5/2024
Time	16:26
Sign	FIX
Grating Spacing	03.40um
Channel	3
Number Traces	10000
Files in Batch	1
Batch Number	231
dt	50.000001E-12
time stamp (ms)	8:26:07 PM
	
Time	Amplitude
0.000000E+0	2.963458E-4
5.000000E-11	2.929200E-4
1.000000E-10	2.706517E-4
1.500000E-10	2.466705E-4
2.000000E-10	2.894941E-4
2.500000E-10	3.477343E-4
3.000000E-10	3.956967E-4
3.500000E-10	4.744922E-4
4.000000E-10	5.841206E-4
4.500000E-10	6.646290E-4
5.000000E-10	7.262950E-4
5.500000E-10	7.759703E-4
6.000000E-10	7.828220E-4
6.500000E-10	7.725443E-4
7.000000E-10	7.776831E-4
7.500000E-10	7.622666E-4
8.000000E-10	7.485631E-4
8.500000E-10	7.982386E-4
9.000000E-10	8.855990E-4
9.500000E-10	9.592559E-4
1.000000E-9	1.044903E-3
1.050000E-9	1.169949E-3
1.100000E-9	1.303559E-3
1.150000E-9	1.447446E-3
1.200000E-9	1.605038E-3
1.250000E-9	1.716379E-3
1.300000E-9	1.776333E-3
1.350000E-9	1.796888E-3
1.400000E-9	1.748925E-3
1.450000E-9	1.639296E-3
1.500000E-9	1.514251E-3
1.550000E-9	1.361799E-3
1.600000E-9	1.161384E-3
1.650000E-9	9.592557E-4
1.700000E-9	7.656924E-4
1.750000E-9	5.584257E-4
1.800000E-9	3.768532E-4
1.850000E-9	2.483821E-4
1.900000E-9	1.079204E-4
1.950000E-9	-5.480951E-5
2.000000E-9	-1.507345E-4
2.050000E-9	-1.592991E-4
2.100000E-9	-1.524472E-4
2.150000E-9	-1.250399E-4
2.200000E-9	-2.397586E-5
2.250000E-9	1.387542E-4
2.300000E-9	3.049102E-4
2.350000E-9	4.693532E-4
2.400000E-9	6.355091E-4
2.450000E-9	7.982391E-4
2.500000E-9	9.404137E-4
2.550000E-9	1.031200E-3
2.600000E-9	1.062033E-3
2.650000E-9	1.046616E-3
2.700000E-9	1.010644E-3
2.750000E-9	9.421261E-4
2.800000E-9	8.239327E-4
2.850000E-9	6.954616E-4
2.900000E-9	6.012496E-4
2.950000E-9	5.412965E-4
3.000000E-9	5.241672E-4
3.050000E-9	5.550003E-4
3.100000E-9	6.286572E-4
3.150000E-9	7.074530E-4
3.200000E-9	8.016653E-4
3.250000E-9	8.890257E-4
3.300000E-9	9.472660E-4
3.350000E-9	9.815250E-4
3.400000E-9	9.969415E-4
3.450000E-9	9.832379E-4
3.500000E-9	9.284236E-4
3.550000E-9	8.479150E-4
3.600000E-9	7.742582E-4
3.650000E-9	7.125920E-4
3.700000E-9	6.355095E-4
3.750000E-9	5.601398E-4
3.800000E-9	5.481493E-4
3.850000E-9	6.166673E-4
3.900000E-9	7.023147E-4
3.950000E-9	7.879622E-4
4.000000E-9	8.993038E-4
4.050000E-9	1.014071E-3
4.100000E-9	1.103144E-3
4.150000E-9	1.168236E-3
4.200000E-9	1.245319E-3
4.250000E-9	1.317262E-3
4.300000E-9	1.334392E-3
4.350000E-9	1.315549E-3
4.400000E-9	1.296707E-3
4.450000E-9	1.265873E-3
4.500000E-9	1.187078E-3
4.550000E-9	1.099717E-3
4.600000E-9	1.039764E-3
4.650000E-9	9.969404E-4
4.700000E-9	9.455520E-4
4.750000E-9	9.181449E-4
4.800000E-9	9.421262E-4
4.850000E-9	9.729593E-4
4.900000E-9	9.643946E-4
4.950000E-9	9.078673E-4
5.000000E-9	8.359236E-4
5.050000E-9	7.571280E-4
5.100000E-9	6.526382E-4
5.150000E-9	5.395836E-4
5.200000E-9	4.419456E-4
5.250000E-9	3.751406E-4
5.300000E-9	3.254651E-4
5.350000E-9	3.066226E-4
5.400000E-9	3.477332E-4
5.450000E-9	4.470840E-4
5.500000E-9	5.772680E-4
5.550000E-9	7.160167E-4
5.600000E-9	8.907373E-4
5.650000E-9	1.092865E-3
5.700000E-9	1.241892E-3
5.750000E-9	1.300132E-3
5.800000E-9	1.336104E-3
5.850000E-9	1.346381E-3
5.900000E-9	1.264160E-3
5.950000E-9	1.135689E-3
6.000000E-9	1.036338E-3
6.050000E-9	9.489780E-4
6.100000E-9	8.376365E-4
6.150000E-9	7.519892E-4
6.200000E-9	7.177303E-4
6.250000E-9	6.954621E-4
6.300000E-9	6.731938E-4
6.350000E-9	6.817585E-4
6.400000E-9	7.125915E-4
6.450000E-9	7.382857E-4
6.500000E-9	7.605540E-4
6.550000E-9	7.691187E-4
6.600000E-9	7.502763E-4
6.650000E-9	7.125915E-4
6.700000E-9	6.509254E-4
6.750000E-9	5.738428E-4
6.800000E-9	5.001861E-4
6.850000E-9	4.659272E-4
6.900000E-9	4.522236E-4
6.950000E-9	4.659272E-4
7.000000E-9	5.138897E-4
7.050000E-9	6.183794E-4
7.100000E-9	7.537021E-4
7.150000E-9	8.873120E-4
7.200000E-9	1.029487E-3
7.250000E-9	1.175087E-3
7.300000E-9	1.289855E-3
7.350000E-9	1.325826E-3
7.400000E-9	1.325827E-3
7.450000E-9	1.310410E-3
7.500000E-9	1.253883E-3
7.550000E-9	1.140829E-3
7.600000E-9	1.008932E-3
7.650000E-9	9.027293E-4
7.700000E-9	8.187951E-4
7.750000E-9	7.365738E-4
7.800000E-9	6.680560E-4
7.850000E-9	6.320841E-4
7.900000E-9	6.355100E-4
7.950000E-9	6.406489E-4
8.000000E-9	6.303712E-4
8.050000E-9	6.457875E-4
8.100000E-9	7.023146E-4
8.150000E-9	7.468511E-4
8.200000E-9	7.708321E-4
8.250000E-9	8.222202E-4
8.300000E-9	9.112932E-4
8.350000E-9	9.883757E-4
8.400000E-9	1.058606E-3
8.450000E-9	1.149392E-3
8.500000E-9	1.219623E-3
8.550000E-9	1.240178E-3
8.600000E-9	1.223049E-3
8.650000E-9	1.204207E-3
8.700000E-9	1.169948E-3
8.750000E-9	1.109995E-3
8.800000E-9	1.024348E-3
8.850000E-9	9.130064E-4
8.900000E-9	7.896744E-4
8.950000E-9	6.629165E-4
9.000000E-9	5.515750E-4
9.050000E-9	4.864831E-4
9.100000E-9	4.333818E-4
9.150000E-9	3.648639E-4
9.200000E-9	3.151883E-4
9.250000E-9	3.306047E-4
9.300000E-9	3.682894E-4
9.350000E-9	3.905575E-4
9.400000E-9	4.333810E-4
9.450000E-9	5.224542E-4
9.500000E-9	6.149532E-4
9.550000E-9	6.886100E-4
9.600000E-9	7.656927E-4
9.650000E-9	8.342106E-4
9.700000E-9	8.650438E-4
9.750000E-9	8.564791E-4
9.800000E-9	7.999519E-4
9.850000E-9	7.074528E-4
9.900000E-9	6.046759E-4
9.950000E-9	4.916214E-4
1.000000E-8	3.802799E-4
1.005000E-8	3.254656E-4
1.010000E-8	3.528728E-4
1.015000E-8	4.196778E-4
1.020000E-8	5.378712E-4
1.025000E-8	7.280084E-4
1.030000E-8	9.318491E-4
1.035000E-8	1.079163E-3
1.040000E-8	1.202495E-3
1.045000E-8	1.337817E-3
1.050000E-8	1.430317E-3
1.055000E-8	1.450872E-3
1.060000E-8	1.426891E-3
1.065000E-8	1.378928E-3
1.070000E-8	1.310410E-3
1.075000E-8	1.241892E-3
1.080000E-8	1.181939E-3
1.085000E-8	1.137402E-3
1.090000E-8	1.116847E-3
1.095000E-8	1.116847E-3
1.100000E-8	1.132264E-3
1.105000E-8	1.159671E-3
1.110000E-8	1.161384E-3
1.115000E-8	1.079162E-3
1.120000E-8	9.678206E-4
1.125000E-8	8.736083E-4
1.130000E-8	7.622667E-4
1.135000E-8	6.200920E-4
1.140000E-8	4.916210E-4
1.145000E-8	4.316677E-4
1.150000E-8	4.402324E-4
1.155000E-8	5.070372E-4
1.160000E-8	6.834705E-4
1.165000E-8	1.058606E-3
1.170000E-8	1.682118E-3
1.175000E-8	2.574563E-3
1.180000E-8	3.799319E-3
1.185000E-8	5.414627E-3
1.190000E-8	7.449606E-3
1.195000E-8	9.957359E-3
1.200000E-8	1.301154E-2
1.205000E-8	1.661558E-2
1.210000E-8	2.070781E-2
1.215000E-8	2.524883E-2
1.220000E-8	3.024036E-2
1.225000E-8	3.561558E-2
1.230000E-8	4.117238E-2
1.235000E-8	4.672404E-2
1.240000E-8	5.215923E-2
1.245000E-8	5.734603E-2
1.250000E-8	6.207377E-2
1.255000E-8	6.618484E-2
1.260000E-8	6.962958E-2
1.265000E-8	7.231891E-2
1.270000E-8	7.415348E-2
1.275000E-8	7.515898E-2
1.280000E-8	7.541079E-2
1.285000E-8	7.489690E-2
1.290000E-8	7.362761E-2
1.295000E-8	7.169712E-2
1.300000E-8	6.924761E-2
1.305000E-8	6.638871E-2
1.310000E-8	6.325744E-2
1.315000E-8	5.997201E-2
1.320000E-8	5.671056E-2
1.325000E-8	5.361012E-2
1.330000E-8	5.077520E-2
1.335000E-8	4.829485E-2
1.340000E-8	4.631639E-2
1.345000E-8	4.489293E-2
1.350000E-8	4.400562E-2
1.355000E-8	4.368016E-2
1.360000E-8	4.392682E-2
1.365000E-8	4.464626E-2
1.370000E-8	4.575967E-2
1.375000E-8	4.721053E-2
1.380000E-8	4.884468E-2
1.385000E-8	5.053022E-2
1.390000E-8	5.220720E-2
1.395000E-8	5.375913E-2
1.400000E-8	5.501986E-2
1.405000E-8	5.591402E-2
1.410000E-8	5.642448E-2
1.415000E-8	5.648786E-2
1.420000E-8	5.606134E-2
1.425000E-8	5.517917E-2
1.430000E-8	5.385506E-2
1.435000E-8	5.210443E-2
1.440000E-8	5.001807E-2
1.445000E-8	4.769703E-2
1.450000E-8	4.521839E-2
1.455000E-8	4.269522E-2
1.460000E-8	4.024228E-2
1.465000E-8	3.797263E-2
1.470000E-8	3.600959E-2
1.475000E-8	3.443710E-2
1.480000E-8	3.329628E-2
1.485000E-8	3.261966E-2
1.490000E-8	3.248262E-2
1.495000E-8	3.289030E-2
1.500000E-8	3.375191E-2
1.505000E-8	3.498694E-2
1.510000E-8	3.653031E-2
1.515000E-8	3.828265E-2
1.520000E-8	4.011722E-2
1.525000E-8	4.192609E-2
1.530000E-8	4.357052E-2
1.535000E-8	4.491004E-2
1.540000E-8	4.587101E-2
1.545000E-8	4.641230E-2
1.550000E-8	4.648425E-2
1.555000E-8	4.605944E-2
1.560000E-8	4.516186E-2
1.565000E-8	4.383261E-2
1.570000E-8	4.213166E-2
1.575000E-8	4.015321E-2
1.580000E-8	3.799661E-2
1.585000E-8	3.575436E-2
1.590000E-8	3.349670E-2
1.595000E-8	3.134181E-2
1.600000E-8	2.941132E-2
1.605000E-8	2.780115E-2
1.610000E-8	2.655070E-2
1.615000E-8	2.569765E-2
1.620000E-8	2.526427E-2
1.625000E-8	2.529167E-2
1.630000E-8	2.578842E-2
1.635000E-8	2.672369E-2
1.640000E-8	2.805122E-2
1.645000E-8	2.968537E-2
1.650000E-8	3.152679E-2
1.655000E-8	3.345043E-2
1.660000E-8	3.531069E-2
1.665000E-8	3.698424E-2
1.670000E-8	3.839571E-2
1.675000E-8	3.946801E-2
1.680000E-8	4.009324E-2
1.685000E-8	4.024912E-2
1.690000E-8	3.991167E-2
1.695000E-8	3.905349E-2
1.700000E-8	3.771397E-2
1.705000E-8	3.600959E-2
1.710000E-8	3.400544E-2
1.715000E-8	3.172551E-2
1.720000E-8	2.929998E-2
1.725000E-8	2.690870E-2
1.730000E-8	2.470414E-2
1.735000E-8	2.279420E-2
1.740000E-8	2.127824E-2
1.745000E-8	2.019566E-2
1.750000E-8	1.953104E-2
1.755000E-8	1.930664E-2
1.760000E-8	1.956358E-2
1.765000E-8	2.030357E-2
1.770000E-8	2.144439E-2
1.775000E-8	2.293636E-2
1.780000E-8	2.471269E-2
1.785000E-8	2.665517E-2
1.790000E-8	2.862163E-2
1.795000E-8	3.049559E-2
1.800000E-8	3.216229E-2
1.805000E-8	3.353265E-2
1.810000E-8	3.454329E-2
1.815000E-8	3.509143E-2
1.820000E-8	3.511884E-2
1.825000E-8	3.465464E-2
1.830000E-8	3.372108E-2
1.835000E-8	3.230791E-2
1.840000E-8	3.050589E-2
1.845000E-8	2.844864E-2
1.850000E-8	2.620297E-2
1.855000E-8	2.387679E-2
1.860000E-8	2.163625E-2
1.865000E-8	1.959613E-2
1.870000E-8	1.783865E-2
1.875000E-8	1.646658E-2
1.880000E-8	1.554672E-2
1.885000E-8	1.509622E-2
1.890000E-8	1.514418E-2
1.895000E-8	1.568033E-2
1.900000E-8	1.660703E-2
1.905000E-8	1.788146E-2
1.910000E-8	1.948649E-2
1.915000E-8	2.129707E-2
1.920000E-8	2.318131E-2
1.925000E-8	2.506384E-2
1.930000E-8	2.684359E-2
1.935000E-8	2.840580E-2
1.940000E-8	2.966653E-2
1.945000E-8	3.054185E-2
1.950000E-8	3.095467E-2
1.955000E-8	3.086731E-2
1.960000E-8	3.027121E-2
1.965000E-8	2.916807E-2
1.970000E-8	2.764355E-2
1.975000E-8	2.580385E-2
1.980000E-8	2.370035E-2
1.985000E-8	2.142042E-2
1.990000E-8	1.911993E-2
1.995000E-8	1.693250E-2
2.000000E-8	1.495233E-2
2.005000E-8	1.328735E-2
2.010000E-8	1.200092E-2
2.015000E-8	1.114102E-2
2.020000E-8	1.080357E-2
2.025000E-8	1.099370E-2
2.030000E-8	1.166860E-2
2.035000E-8	1.280428E-2
2.040000E-8	1.436820E-2
2.045000E-8	1.623017E-2
2.050000E-8	1.823432E-2
2.055000E-8	2.031555E-2
2.060000E-8	2.237451E-2
2.065000E-8	2.425533E-2
2.070000E-8	2.585008E-2
2.075000E-8	2.710910E-2
2.080000E-8	2.791419E-2
2.085000E-8	2.818141E-2
2.090000E-8	2.791248E-2
2.095000E-8	2.713480E-2
2.100000E-8	2.587408E-2
2.105000E-8	2.421252E-2
2.110000E-8	2.222722E-2
2.115000E-8	2.002608E-2
2.120000E-8	1.775129E-2
2.125000E-8	1.552617E-2
2.130000E-8	1.344151E-2
2.135000E-8	1.163093E-2
2.140000E-8	1.021432E-2
2.145000E-8	9.232800E-3
2.150000E-8	8.712062E-3
2.155000E-8	8.696644E-3
2.160000E-8	9.169415E-3
2.165000E-8	1.008070E-2
2.170000E-8	1.138768E-2
2.175000E-8	1.302696E-2
2.180000E-8	1.485125E-2
2.185000E-8	1.675605E-2
2.190000E-8	1.863172E-2
2.195000E-8	2.037379E-2
2.200000E-8	2.187947E-2
2.205000E-8	2.307854E-2
2.210000E-8	2.387163E-2
2.215000E-8	2.423307E-2
2.220000E-8	2.420224E-2
2.225000E-8	2.373289E-2
2.230000E-8	2.278563E-2
2.235000E-8	2.146667E-2
2.240000E-8	1.989932E-2
2.245000E-8	1.809045E-2
2.250000E-8	1.611200E-2
2.255000E-8	1.410443E-2
2.260000E-8	1.219792E-2
2.265000E-8	1.046270E-2
2.270000E-8	9.020398E-3
2.275000E-8	7.922398E-3
2.280000E-8	7.189255E-3
2.285000E-8	6.851802E-3
2.290000E-8	6.961428E-3
2.295000E-8	7.528411E-3
2.300000E-8	8.520205E-3
2.305000E-8	9.858014E-3
2.310000E-8	1.143392E-2
2.315000E-8	1.317428E-2
2.320000E-8	1.500370E-2
2.325000E-8	1.680915E-2
2.330000E-8	1.847756E-2
2.335000E-8	1.992843E-2
2.340000E-8	2.105897E-2
2.345000E-8	2.177670E-2
2.350000E-8	2.205249E-2
2.355000E-8	2.189832E-2
2.360000E-8	2.132791E-2
2.365000E-8	2.035668E-2
2.370000E-8	1.900516E-2
2.375000E-8	1.732990E-2
2.380000E-8	1.546964E-2
2.385000E-8	1.350489E-2
2.390000E-8	1.147163E-2
2.395000E-8	9.494886E-3
2.400000E-8	7.728836E-3
2.405000E-8	6.240284E-3
2.410000E-8	5.066914E-3
2.415000E-8	4.294372E-3
2.420000E-8	4.010021E-3
2.425000E-8	4.220711E-3
2.430000E-8	4.883619E-3
2.435000E-8	5.952495E-3
2.440000E-8	7.374239E-3
2.445000E-8	9.088898E-3
2.450000E-8	1.100226E-2
2.455000E-8	1.297557E-2
2.460000E-8	1.488380E-2
2.465000E-8	1.663957E-2
2.470000E-8	1.812812E-2
2.475000E-8	1.924154E-2
2.480000E-8	1.990445E-2
2.485000E-8	2.009459E-2
2.490000E-8	1.982394E-2
2.495000E-8	1.909252E-2
2.500000E-8	1.792086E-2
2.505000E-8	1.639806E-2
2.510000E-8	1.462858E-2
2.515000E-8	1.270837E-2
2.520000E-8	1.074362E-2
2.525000E-8	8.842252E-3
2.530000E-8	7.113888E-3
2.535000E-8	5.633901E-3
2.540000E-8	4.474235E-3
2.545000E-8	3.699981E-3
2.550000E-8	3.345399E-3
2.555000E-8	3.374517E-3
2.560000E-8	3.766780E-3
2.565000E-8	4.558159E-3
2.570000E-8	5.712683E-3
2.575000E-8	7.105307E-3
2.580000E-8	8.658948E-3
2.585000E-8	1.035819E-2
2.590000E-8	1.211225E-2
2.595000E-8	1.376695E-2
2.600000E-8	1.523153E-2
2.605000E-8	1.646485E-2
2.610000E-8	1.738470E-2
2.615000E-8	1.791400E-2
2.620000E-8	1.799965E-2
2.625000E-8	1.762109E-2
2.630000E-8	1.683657E-2
2.635000E-8	1.569061E-2
2.640000E-8	1.419863E-2
2.645000E-8	1.245828E-2
2.650000E-8	1.061001E-2
2.655000E-8	8.741187E-3
2.660000E-8	6.940880E-3
2.665000E-8	5.342700E-3
2.670000E-8	4.047711E-3
2.675000E-8	3.083321E-3
2.680000E-8	2.499205E-3
2.685000E-8	2.346751E-3
2.690000E-8	2.624246E-3
2.695000E-8	3.276877E-3
2.700000E-8	4.272097E-3
2.705000E-8	5.568796E-3
2.710000E-8	7.105308E-3
2.715000E-8	8.772004E-3
2.720000E-8	1.048324E-2
2.725000E-8	1.217392E-2
2.730000E-8	1.374297E-2
2.735000E-8	1.507736E-2
2.740000E-8	1.610856E-2
2.745000E-8	1.679202E-2
2.750000E-8	1.708665E-2
2.755000E-8	1.697360E-2
2.760000E-8	1.646486E-2
2.765000E-8	1.556899E-2
2.770000E-8	1.433395E-2
2.775000E-8	1.281800E-2
2.780000E-8	1.110334E-2
2.785000E-8	9.292755E-3
2.790000E-8	7.477032E-3
2.795000E-8	5.741817E-3
2.800000E-8	4.186461E-3
2.805000E-8	2.905176E-3
2.810000E-8	1.945924E-3
2.815000E-8	1.365234E-3
2.820000E-8	1.219632E-3
2.825000E-8	1.505692E-3
2.830000E-8	2.161748E-3
2.835000E-8	3.151830E-3
2.840000E-8	4.433112E-3
2.845000E-8	5.931939E-3
2.850000E-8	7.566090E-3
2.855000E-8	9.251629E-3
2.860000E-8	1.088407E-2
2.865000E-8	1.236063E-2
2.870000E-8	1.360423E-2
2.875000E-8	1.453436E-2
2.880000E-8	1.507394E-2
2.885000E-8	1.521269E-2
2.890000E-8	1.497459E-2
2.895000E-8	1.435279E-2
2.900000E-8	1.335757E-2
2.905000E-8	1.205745E-2
2.910000E-8	1.054320E-2
2.915000E-8	8.871369E-3
2.920000E-8	7.113887E-3
2.925000E-8	5.397514E-3
2.930000E-8	3.828455E-3
2.935000E-8	2.490642E-3
2.940000E-8	1.454309E-3
2.945000E-8	7.845451E-4
2.950000E-8	4.899167E-4
2.955000E-8	5.687105E-4
2.960000E-8	1.038056E-3
2.965000E-8	1.916796E-3
2.970000E-8	3.112432E-3
2.975000E-8	4.517047E-3
2.980000E-8	6.072401E-3
2.985000E-8	7.740811E-3
2.990000E-8	9.400656E-3
2.995000E-8	1.088749E-2
3.000000E-8	1.213623E-2
3.005000E-8	1.312974E-2
3.010000E-8	1.380807E-2
3.015000E-8	1.410612E-2
3.020000E-8	1.402562E-2
3.025000E-8	1.358197E-2
3.030000E-8	1.276489E-2
3.035000E-8	1.164634E-2
3.040000E-8	1.035135E-2
3.045000E-8	8.927897E-3
3.050000E-8	7.413653E-3
3.055000E-8	5.911399E-3
3.060000E-8	4.522199E-3
3.065000E-8	3.251192E-3
3.070000E-8	2.156618E-3
3.075000E-8	1.330977E-3
3.080000E-8	8.170910E-4
3.085000E-8	6.149615E-4
3.090000E-8	7.451436E-4
3.095000E-8	1.205924E-3
3.100000E-8	1.944203E-3
3.105000E-8	2.930858E-3
3.110000E-8	4.121355E-3
3.115000E-8	5.462591E-3
3.120000E-8	6.877485E-3
3.125000E-8	8.278675E-3
3.130000E-8	9.577089E-3
3.135000E-8	1.069736E-2
3.140000E-8	1.158295E-2
3.145000E-8	1.217734E-2
3.150000E-8	1.244799E-2
3.155000E-8	1.238461E-2
3.160000E-8	1.195981E-2
3.165000E-8	1.120782E-2
3.170000E-8	1.021774E-2
3.175000E-8	9.047801E-3
3.180000E-8	7.727120E-3
3.185000E-8	6.313940E-3
3.190000E-8	4.912750E-3
3.195000E-8	3.598919E-3
3.200000E-8	2.399856E-3
3.205000E-8	1.382365E-3
3.210000E-8	6.303797E-4
3.215000E-8	2.158451E-4
3.220000E-8	1.387608E-4
3.225000E-8	3.922753E-4
3.230000E-8	9.678238E-4
3.235000E-8	1.829435E-3
3.240000E-8	2.927432E-3
3.245000E-8	4.229271E-3
3.250000E-8	5.680136E-3
3.255000E-8	7.142993E-3
3.260000E-8	8.537331E-3
3.265000E-8	9.823755E-3
3.270000E-8	1.090120E-2
3.275000E-8	1.164805E-2
3.280000E-8	1.205744E-2
3.285000E-8	1.216536E-2
3.290000E-8	1.190670E-2
3.295000E-8	1.125579E-2
3.300000E-8	1.031538E-2
3.305000E-8	9.172845E-3
3.310000E-8	7.823044E-3
3.315000E-8	6.312226E-3
3.320000E-8	4.791129E-3
3.325000E-8	3.353967E-3
3.330000E-8	2.034998E-3
3.335000E-8	9.130173E-4
3.340000E-8	9.251499E-5
3.345000E-8	-4.179441E-4
3.350000E-8	-6.457672E-4
3.355000E-8	-5.447046E-4
3.360000E-8	-7.535864E-5
3.365000E-8	7.023178E-4
3.370000E-8	1.723233E-3
3.375000E-8	2.947989E-3
3.380000E-8	4.338901E-3
3.385000E-8	5.829164E-3
3.390000E-8	7.305724E-3
3.395000E-8	8.633257E-3
3.400000E-8	9.760377E-3
3.405000E-8	1.066653E-2
3.410000E-8	1.128148E-2
3.415000E-8	1.151786E-2
3.420000E-8	1.139967E-2
3.425000E-8	1.095431E-2
3.430000E-8	1.018691E-2
3.435000E-8	9.157427E-3
3.440000E-8	7.960079E-3
3.445000E-8	6.646249E-3
3.450000E-8	5.245060E-3
3.455000E-8	3.859286E-3
3.460000E-8	2.560873E-3
3.465000E-8	1.375514E-3
3.470000E-8	3.768651E-4
3.475000E-8	-3.408604E-4
3.480000E-8	-7.416909E-4
3.485000E-8	-8.359042E-4
3.490000E-8	-6.132225E-4
3.495000E-8	-8.049742E-5
3.500000E-8	7.314380E-4
3.505000E-8	1.776334E-3
3.510000E-8	3.006229E-3
3.515000E-8	4.350891E-3
3.520000E-8	5.753794E-3
3.525000E-8	7.127577E-3
3.530000E-8	8.396871E-3
3.535000E-8	9.494870E-3
3.540000E-8	1.034792E-2
3.545000E-8	1.088750E-2
3.550000E-8	1.109305E-2
3.555000E-8	1.095259E-2
3.560000E-8	1.047982E-2
3.565000E-8	9.700431E-3
3.570000E-8	8.669238E-3
3.575000E-8	7.456473E-3
3.580000E-8	6.132366E-3
3.585000E-8	4.772287E-3
3.590000E-8	3.451605E-3
3.595000E-8	2.235413E-3
3.600000E-8	1.176812E-3
3.605000E-8	3.289022E-4
3.610000E-8	-2.569266E-4
3.615000E-8	-5.601194E-4
3.620000E-8	-5.721114E-4
3.625000E-8	-2.603566E-4
3.630000E-8	3.391734E-4
3.635000E-8	1.171664E-3
3.640000E-8	2.204570E-3
3.645000E-8	3.388215E-3
3.650000E-8	4.630101E-3
3.655000E-8	5.868562E-3
3.660000E-8	7.067625E-3
3.665000E-8	8.150207E-3
3.670000E-8	9.037515E-3
3.675000E-8	9.686722E-3
3.680000E-8	1.006015E-2
3.685000E-8	1.012181E-2
3.690000E-8	9.907696E-3
3.695000E-8	9.410942E-3
3.700000E-8	8.616136E-3
3.705000E-8	7.610637E-3
3.710000E-8	6.502362E-3
3.715000E-8	5.310151E-3
3.720000E-8	4.054562E-3
3.725000E-8	2.848648E-3
3.730000E-8	1.767778E-3
3.735000E-8	8.239442E-4
3.740000E-8	8.052471E-5
3.745000E-8	-4.008141E-4
3.750000E-8	-6.286370E-4
3.755000E-8	-6.132217E-4
3.760000E-8	-3.477163E-4
3.765000E-8	1.832959E-4
3.770000E-8	9.609724E-4
3.775000E-8	1.903092E-3
3.780000E-8	2.953127E-3
3.785000E-8	4.095662E-3
3.790000E-8	5.294725E-3
3.795000E-8	6.416705E-3
3.800000E-8	7.372529E-3
3.805000E-8	8.157059E-3
3.810000E-8	8.754879E-3
3.815000E-8	9.083765E-3
3.820000E-8	9.112887E-3
3.825000E-8	8.891918E-3
3.830000E-8	8.415720E-3
3.835000E-8	7.662025E-3
3.840000E-8	6.709627E-3
3.845000E-8	5.647601E-3
3.850000E-8	4.505067E-3
3.855000E-8	3.331698E-3
3.860000E-8	2.238838E-3
3.865000E-8	1.295005E-3
3.870000E-8	5.173263E-4
3.875000E-8	-5.651167E-5
3.880000E-8	-3.922502E-4
3.885000E-8	-4.676210E-4
3.890000E-8	-2.843369E-4
3.895000E-8	1.370467E-4
3.900000E-8	7.725487E-4
3.905000E-8	1.620456E-3
3.910000E-8	2.655075E-3
3.915000E-8	3.773629E-3
3.920000E-8	4.919590E-3
3.925000E-8	6.068977E-3
3.930000E-8	7.119013E-3
3.935000E-8	7.953219E-3
3.940000E-8	8.580158E-3
3.945000E-8	9.013535E-3
3.950000E-8	9.193395E-3
3.955000E-8	9.088906E-3
3.960000E-8	8.732615E-3
3.965000E-8	8.133084E-3
3.970000E-8	7.300593E-3
3.975000E-8	6.296807E-3
3.980000E-8	5.203948E-3
3.985000E-8	4.097385E-3
3.990000E-8	3.037071E-3
3.995000E-8	2.057265E-3
4.000000E-8	1.207643E-3
4.005000E-8	5.361671E-4
4.010000E-8	4.112466E-5
4.015000E-8	-2.535032E-4
4.020000E-8	-2.843372E-4
4.025000E-8	-3.253516E-5
4.030000E-8	4.111170E-4
4.035000E-8	1.034629E-3
4.040000E-8	1.853416E-3
4.045000E-8	2.792110E-3
4.050000E-8	3.770203E-3
4.055000E-8	4.758573E-3
4.060000E-8	5.736665E-3
4.065000E-8	6.639388E-3
4.070000E-8	7.408502E-3
4.075000E-8	7.989192E-3
4.080000E-8	8.354050E-3
4.085000E-8	8.503078E-3
4.090000E-8	8.412293E-3
4.095000E-8	8.057714E-3
4.100000E-8	7.449619E-3
4.105000E-8	6.665091E-3
4.110000E-8	5.722971E-3
4.115000E-8	4.626686E-3
4.120000E-8	3.480725E-3
4.125000E-8	2.401569E-3
4.130000E-8	1.384078E-3
4.135000E-8	4.488090E-4
4.140000E-8	-2.723422E-4
4.145000E-8	-6.971539E-4
4.150000E-8	-8.770144E-4
4.155000E-8	-8.273400E-4
4.160000E-8	-5.344272E-4
4.165000E-8	-2.739612E-5
4.170000E-8	6.903275E-4
4.175000E-8	1.584485E-3
4.180000E-8	2.547160E-3
4.185000E-8	3.540669E-3
4.190000E-8	4.573576E-3
4.195000E-8	5.532826E-3
4.200000E-8	6.298514E-3
4.205000E-8	6.906610E-3
4.210000E-8	7.355403E-3
4.215000E-8	7.548967E-3
4.220000E-8	7.483875E-3
4.225000E-8	7.233786E-3
4.230000E-8	6.778143E-3
4.235000E-8	6.123798E-3
4.240000E-8	5.363251E-3
4.245000E-8	4.535898E-3
4.250000E-8	3.646879E-3
4.255000E-8	2.764712E-3
4.260000E-8	2.004163E-3
4.265000E-8	1.361808E-3
4.270000E-8	8.359330E-4
4.275000E-8	4.762135E-4
4.280000E-8	3.254733E-4
4.285000E-8	3.768608E-4
4.290000E-8	6.046817E-4
4.295000E-8	1.000371E-3
4.300000E-8	1.560504E-3
4.305000E-8	2.269663E-3
4.310000E-8	3.055905E-3
4.315000E-8	3.867842E-3
4.320000E-8	4.688343E-3
4.325000E-8	5.483150E-3
4.330000E-8	6.170042E-3
4.335000E-8	6.728463E-3
4.340000E-8	7.173829E-3
4.345000E-8	7.477021E-3
4.350000E-8	7.579799E-3
4.355000E-8	7.453042E-3
4.360000E-8	7.091611E-3
4.365000E-8	6.514349E-3
4.370000E-8	5.758940E-3
4.375000E-8	4.857931E-3
4.380000E-8	3.831876E-3
4.385000E-8	2.745869E-3
4.390000E-8	1.704398E-3
4.395000E-8	7.228792E-4
4.400000E-8	-1.507237E-4
4.405000E-8	-8.153475E-4
4.410000E-8	-1.233307E-3
4.415000E-8	-1.433723E-3
4.420000E-8	-1.363493E-3
4.425000E-8	-9.523866E-4
4.430000E-8	-2.997548E-4
4.435000E-8	4.984775E-4
4.440000E-8	1.457727E-3
4.445000E-8	2.506050E-3
4.450000E-8	3.514975E-3
4.455000E-8	4.436540E-3
4.460000E-8	5.262180E-3
4.465000E-8	5.921665E-3
4.470000E-8	6.370458E-3
4.475000E-8	6.615410E-3
4.480000E-8	6.642818E-3
4.485000E-8	6.457820E-3
4.490000E-8	6.096389E-3
4.495000E-8	5.573941E-3
4.500000E-8	4.931587E-3
4.505000E-8	4.251548E-3
4.510000E-8	3.547527E-3
4.515000E-8	2.822951E-3
4.520000E-8	2.156615E-3
4.525000E-8	1.574213E-3
4.530000E-8	1.043200E-3
4.535000E-8	6.183885E-4
4.540000E-8	3.580201E-4
4.545000E-8	2.346874E-4
4.550000E-8	2.312608E-4
4.555000E-8	3.819994E-4
4.560000E-8	6.475054E-4
4.565000E-8	1.010649E-3
4.570000E-8	1.493699E-3
4.575000E-8	2.050407E-3
4.580000E-8	2.624243E-3
4.585000E-8	3.263172E-3
4.590000E-8	3.968906E-3
4.595000E-8	4.624965E-3
4.600000E-8	5.145701E-3
4.605000E-8	5.575651E-3
4.610000E-8	5.913102E-3
4.615000E-8	6.091249E-3
4.620000E-8	6.080973E-3
4.625000E-8	5.914818E-3
4.630000E-8	5.615053E-3
4.635000E-8	5.178252E-3
4.640000E-8	4.602703E-3
4.645000E-8	3.924376E-3
4.650000E-8	3.199800E-3
4.655000E-8	2.444391E-3
4.660000E-8	1.670139E-3
4.665000E-8	9.729693E-4
4.670000E-8	4.419553E-4
4.675000E-8	7.538414E-5
4.680000E-8	-1.490126E-4
4.685000E-8	-1.849853E-4
4.690000E-8	-1.197865E-5
4.695000E-8	3.357486E-4
4.700000E-8	8.444930E-4
4.705000E-8	1.507403E-3
4.710000E-8	2.262812E-3
4.715000E-8	3.057618E-3
4.720000E-8	3.872981E-3
4.725000E-8	4.662649E-3
4.730000E-8	5.346115E-3
4.735000E-8	5.883981E-3
4.740000E-8	6.286524E-3
4.745000E-8	6.531476E-3
4.750000E-8	6.584578E-3
4.755000E-8	6.469811E-3
4.760000E-8	6.190602E-3
4.765000E-8	5.733246E-3
4.770000E-8	5.149131E-3
4.775000E-8	4.479370E-3
4.780000E-8	3.737664E-3
4.785000E-8	2.970264E-3
4.790000E-8	2.257678E-3
4.795000E-8	1.622175E-3
4.800000E-8	1.077457E-3
4.805000E-8	6.577851E-4
4.810000E-8	3.820002E-4
4.815000E-8	2.552416E-4
4.820000E-8	3.340365E-4
4.825000E-8	6.338015E-4
4.830000E-8	1.067176E-3
4.835000E-8	1.570782E-3
4.840000E-8	2.163461E-3
4.845000E-8	2.810955E-3
4.850000E-8	3.446458E-3
4.855000E-8	4.042563E-3
4.860000E-8	4.573576E-3
4.865000E-8	5.017229E-3
4.870000E-8	5.364958E-3
4.875000E-8	5.568799E-3
4.880000E-8	5.568799E-3
4.885000E-8	5.407783E-3
4.890000E-8	5.137138E-3
4.895000E-8	4.743161E-3
4.900000E-8	4.230990E-3
4.905000E-8	3.672570E-3
4.910000E-8	3.109011E-3
4.915000E-8	2.519758E-3
4.920000E-8	1.951060E-3
4.925000E-8	1.444028E-3
4.930000E-8	9.952361E-4
4.935000E-8	6.252396E-4
4.940000E-8	3.768623E-4
4.945000E-8	2.466780E-4
4.950000E-8	1.815856E-4
4.955000E-8	2.158441E-4
4.960000E-8	3.974159E-4
4.965000E-8	6.817644E-4
4.970000E-8	1.031205E-3
4.975000E-8	1.473145E-3
4.980000E-8	2.038416E-3
4.985000E-8	2.689336E-3
4.990000E-8	3.362524E-3
4.995000E-8	4.027147E-3
5.000000E-8	4.660937E-3
5.005000E-8	5.231349E-3
5.010000E-8	5.686993E-3
5.015000E-8	5.949075E-3
5.020000E-8	6.002177E-3
5.025000E-8	5.883984E-3
5.030000E-8	5.597923E-3
5.035000E-8	5.120011E-3
5.040000E-8	4.498212E-3
5.045000E-8	3.809608E-3
5.050000E-8	3.091883E-3
5.055000E-8	2.381011E-3
5.060000E-8	1.743794E-3
5.065000E-8	1.229910E-3
5.070000E-8	8.513487E-4
5.075000E-8	6.098227E-4
5.080000E-8	5.258878E-4
5.085000E-8	5.961180E-4
5.090000E-8	8.033839E-4
5.095000E-8	1.106575E-3
5.100000E-8	1.507404E-3
5.105000E-8	2.002445E-3
5.110000E-8	2.548875E-3
5.115000E-8	3.085027E-3
5.120000E-8	3.616040E-3
5.125000E-8	4.140202E-3
5.130000E-8	4.618114E-3
5.135000E-8	5.017231E-3
5.140000E-8	5.316997E-3
5.145000E-8	5.474588E-3
5.150000E-8	5.472876E-3
5.155000E-8	5.337553E-3
5.160000E-8	5.085751E-3
5.165000E-8	4.695200E-3
5.170000E-8	4.188168E-3
5.175000E-8	3.616044E-3
5.180000E-8	3.019939E-3
5.185000E-8	2.423834E-3
5.190000E-8	1.858561E-3
5.195000E-8	1.360094E-3
5.200000E-8	9.763935E-4
5.205000E-8	7.468583E-4
5.210000E-8	6.714883E-4
5.215000E-8	7.160246E-4
5.220000E-8	8.581987E-4
5.225000E-8	1.106575E-3
5.230000E-8	1.426896E-3
5.235000E-8	1.776337E-3
5.240000E-8	2.134342E-3
5.245000E-8	2.516329E-3
5.250000E-8	2.932575E-3
5.255000E-8	3.341969E-3
5.260000E-8	3.732521E-3
5.265000E-8	4.131638E-3
5.270000E-8	4.506774E-3
5.275000E-8	4.806540E-3
5.280000E-8	5.029224E-3
5.285000E-8	5.200519E-3
5.290000E-8	5.263898E-3
5.295000E-8	5.181677E-3
5.300000E-8	4.981263E-3
5.305000E-8	4.662655E-3
5.310000E-8	4.203586E-3
5.315000E-8	3.636600E-3
5.320000E-8	3.014801E-3
5.325000E-8	2.369020E-3
5.330000E-8	1.735229E-3
5.335000E-8	1.178521E-3
5.340000E-8	7.451453E-4
5.345000E-8	4.590829E-4
5.350000E-8	3.134820E-4
5.355000E-8	3.203333E-4
5.360000E-8	5.036180E-4
5.365000E-8	8.462069E-4
5.370000E-8	1.294998E-3
5.375000E-8	1.838002E-3
5.380000E-8	2.440959E-3
5.385000E-8	3.045629E-3
5.390000E-8	3.602336E-3
5.395000E-8	4.111081E-3
5.400000E-8	4.553022E-3
5.405000E-8	4.876769E-3
5.410000E-8	5.056628E-3
5.415000E-8	5.073758E-3
5.420000E-8	4.933297E-3
5.425000E-8	4.648949E-3
5.430000E-8	4.254972E-3
5.435000E-8	3.780486E-3
5.440000E-8	3.263177E-3
5.445000E-8	2.721887E-3
5.450000E-8	2.153189E-3
5.455000E-8	1.598194E-3
5.460000E-8	1.123708E-3
5.465000E-8	7.759797E-4
5.470000E-8	5.361669E-4
5.475000E-8	3.939920E-4
5.480000E-8	3.717232E-4
5.485000E-8	4.762124E-4
5.490000E-8	6.714876E-4
5.495000E-8	9.369937E-4
5.500000E-8	1.281295E-3
5.505000E-8	1.700967E-3
5.510000E-8	2.154897E-3
5.515000E-8	2.598550E-3
5.520000E-8	3.011370E-3
5.525000E-8	3.395070E-3
5.530000E-8	3.729094E-3
5.535000E-8	3.965481E-3
5.540000E-8	4.093952E-3
5.545000E-8	4.174461E-3
5.550000E-8	4.213860E-3
5.555000E-8	4.179601E-3
5.560000E-8	4.080251E-3
5.565000E-8	3.938077E-3
5.570000E-8	3.742802E-3
5.575000E-8	3.480721E-3
5.580000E-8	3.186095E-3
5.585000E-8	2.903459E-3
5.590000E-8	2.629387E-3
5.595000E-8	2.339899E-3
5.600000E-8	2.052124E-3
5.605000E-8	1.778052E-3
5.610000E-8	1.533100E-3
5.615000E-8	1.346388E-3
5.620000E-8	1.245323E-3
5.625000E-8	1.233332E-3
5.630000E-8	1.320692E-3
5.635000E-8	1.529671E-3
5.640000E-8	1.865409E-3
5.645000E-8	2.290219E-3
5.650000E-8	2.751002E-3
5.655000E-8	3.227201E-3
5.660000E-8	3.694836E-3
5.665000E-8	4.078536E-3
5.670000E-8	4.373164E-3
5.675000E-8	4.588995E-3
5.680000E-8	4.681495E-3
5.685000E-8	4.612977E-3
5.690000E-8	4.417702E-3
5.695000E-8	4.128215E-3
5.700000E-8	3.758219E-3
5.705000E-8	3.348825E-3
5.710000E-8	2.947996E-3
5.715000E-8	2.566009E-3
5.720000E-8	2.196012E-3
5.725000E-8	1.882543E-3
5.730000E-8	1.668425E-3
5.735000E-8	1.557083E-3
5.740000E-8	1.522823E-3
5.745000E-8	1.553656E-3
5.750000E-8	1.663284E-3
5.755000E-8	1.836291E-3
5.760000E-8	2.024715E-3
5.765000E-8	2.226842E-3
5.770000E-8	2.499200E-3
5.775000E-8	2.822946E-3
5.780000E-8	3.136415E-3
5.785000E-8	3.437894E-3
5.790000E-8	3.725669E-3
5.795000E-8	3.975759E-3
5.800000E-8	4.155619E-3
5.805000E-8	4.278951E-3
5.810000E-8	4.345756E-3
5.815000E-8	4.332053E-3
5.820000E-8	4.239554E-3
5.825000E-8	4.099093E-3
5.830000E-8	3.914095E-3
5.835000E-8	3.643450E-3
5.840000E-8	3.297435E-3
5.845000E-8	2.939430E-3
5.850000E-8	2.595128E-3
5.855000E-8	2.214854E-3
5.860000E-8	1.814024E-3
5.865000E-8	1.466296E-3
5.870000E-8	1.221345E-3
5.875000E-8	1.058615E-3
5.880000E-8	9.815318E-4
5.885000E-8	1.008939E-3
5.890000E-8	1.140835E-3
5.895000E-8	1.349814E-3
5.900000E-8	1.601617E-3
5.905000E-8	1.891104E-3
5.910000E-8	2.226842E-3
5.915000E-8	2.593412E-3
5.920000E-8	2.953130E-3
5.925000E-8	3.288868E-3
5.930000E-8	3.592059E-3
5.935000E-8	3.840436E-3
5.940000E-8	4.032286E-3
5.945000E-8	4.188165E-3
5.950000E-8	4.284090E-3
5.955000E-8	4.275526E-3
5.960000E-8	4.153907E-3
5.965000E-8	3.956918E-3
5.970000E-8	3.672570E-3
5.975000E-8	3.285444E-3
5.980000E-8	2.836652E-3
5.985000E-8	2.389574E-3
5.990000E-8	1.961337E-3
5.995000E-8	1.538239E-3
6.000000E-8	1.178520E-3
6.005000E-8	9.472723E-4
6.010000E-8	8.444952E-4
6.015000E-8	8.564856E-4
6.020000E-8	1.017502E-3
6.025000E-8	1.322407E-3
6.030000E-8	1.724949E-3
6.035000E-8	2.175454E-3
6.040000E-8	2.667069E-3
6.045000E-8	3.179240E-3
6.050000E-8	3.658865E-3
6.055000E-8	4.064833E-3
6.060000E-8	4.374877E-3
6.065000E-8	4.573579E-3
6.070000E-8	4.623254E-3
6.075000E-8	4.527330E-3
6.080000E-8	4.345757E-3
6.085000E-8	4.124788E-3
6.090000E-8	3.879836E-3
6.095000E-8	3.600626E-3
6.100000E-8	3.317990E-3
6.105000E-8	3.054197E-3
6.110000E-8	2.814384E-3
6.115000E-8	2.607118E-3
6.120000E-8	2.459805E-3
6.125000E-8	2.336473E-3
6.130000E-8	2.218279E-3
6.135000E-8	2.124067E-3
6.140000E-8	2.070966E-3
6.145000E-8	2.029855E-3
6.150000E-8	2.004160E-3
6.155000E-8	2.011012E-3
6.160000E-8	2.040131E-3
6.165000E-8	2.086380E-3
6.170000E-8	2.163463E-3
6.175000E-8	2.271378E-3
6.180000E-8	2.396423E-3
6.185000E-8	2.552300E-3
6.190000E-8	2.752715E-3
6.195000E-8	2.951417E-3
6.200000E-8	3.117573E-3
6.205000E-8	3.266599E-3
6.210000E-8	3.372802E-3
6.215000E-8	3.379654E-3
6.220000E-8	3.314563E-3
6.225000E-8	3.199796E-3
6.230000E-8	3.014798E-3
6.235000E-8	2.773273E-3
6.240000E-8	2.514618E-3
6.245000E-8	2.235408E-3
6.250000E-8	1.913374E-3
6.255000E-8	1.608470E-3
6.260000E-8	1.365232E-3
6.265000E-8	1.176808E-3
6.270000E-8	1.050050E-3
6.275000E-8	1.014078E-3
6.280000E-8	1.048336E-3
6.285000E-8	1.154539E-3
6.290000E-8	1.342963E-3
6.295000E-8	1.567359E-3
6.300000E-8	1.820874E-3
6.305000E-8	2.108649E-3
6.310000E-8	2.387859E-3
6.315000E-8	2.605403E-3
6.320000E-8	2.809244E-3
6.325000E-8	3.019936E-3
6.330000E-8	3.170676E-3
6.335000E-8	3.237481E-3
6.340000E-8	3.297434E-3
6.345000E-8	3.331693E-3
6.350000E-8	3.292296E-3
6.355000E-8	3.194658E-3
6.360000E-8	3.093594E-3
6.365000E-8	2.977114E-3
6.370000E-8	2.831514E-3
6.375000E-8	2.655080E-3
6.380000E-8	2.470082E-3
6.385000E-8	2.298787E-3
6.390000E-8	2.132631E-3
6.395000E-8	1.942494E-3
6.400000E-8	1.762634E-3
6.405000E-8	1.661570E-3
6.410000E-8	1.618746E-3
6.415000E-8	1.611894E-3
6.420000E-8	1.683838E-3
6.425000E-8	1.838003E-3
6.430000E-8	2.016150E-3
6.435000E-8	2.218277E-3
6.440000E-8	2.449525E-3
6.445000E-8	2.658504E-3
6.450000E-8	2.812670E-3
6.455000E-8	2.949705E-3
6.460000E-8	3.069611E-3
6.465000E-8	3.160397E-3
6.470000E-8	3.223777E-3
6.475000E-8	3.259749E-3
6.480000E-8	3.266601E-3
6.485000E-8	3.261462E-3
6.490000E-8	3.254611E-3
6.495000E-8	3.232343E-3
6.500000E-8	3.179242E-3
6.505000E-8	3.117576E-3
6.510000E-8	3.057623E-3
6.515000E-8	2.987392E-3
6.520000E-8	2.882902E-3
6.525000E-8	2.730450E-3
6.530000E-8	2.543738E-3
6.535000E-8	2.358740E-3
6.540000E-8	2.192584E-3
6.545000E-8	2.050409E-3
6.550000E-8	1.957909E-3
6.555000E-8	1.937353E-3
6.560000E-8	2.005871E-3
6.565000E-8	2.141194E-3
6.570000E-8	2.315914E-3
6.575000E-8	2.512903E-3
6.580000E-8	2.723595E-3
6.585000E-8	2.918871E-3
6.590000E-8	3.083314E-3
6.595000E-8	3.220350E-3
6.600000E-8	3.312849E-3
6.605000E-8	3.352247E-3
6.610000E-8	3.321414E-3
6.615000E-8	3.223776E-3
6.620000E-8	3.110722E-3
6.625000E-8	3.004519E-3
6.630000E-8	2.870909E-3
6.635000E-8	2.728735E-3
6.640000E-8	2.619107E-3
6.645000E-8	2.533460E-3
6.650000E-8	2.440961E-3
6.655000E-8	2.357027E-3
6.660000E-8	2.281657E-3
6.665000E-8	2.187445E-3
6.670000E-8	2.096659E-3
6.675000E-8	2.019577E-3
6.680000E-8	1.945920E-3
6.685000E-8	1.891105E-3
6.690000E-8	1.908235E-3
6.695000E-8	1.975039E-3
6.700000E-8	2.077816E-3
6.705000E-8	2.255962E-3
6.710000E-8	2.473506E-3
6.715000E-8	2.648226E-3
6.720000E-8	2.821234E-3
6.725000E-8	3.054194E-3
6.730000E-8	3.252896E-3
6.735000E-8	3.348821E-3
6.740000E-8	3.419052E-3
6.745000E-8	3.480719E-3
6.750000E-8	3.480719E-3
6.755000E-8	3.388220E-3
6.760000E-8	3.242620E-3
6.765000E-8	3.071326E-3
6.770000E-8	2.869198E-3
6.775000E-8	2.636238E-3
6.780000E-8	2.381009E-3
6.785000E-8	2.108650E-3
6.790000E-8	1.867125E-3
6.795000E-8	1.675275E-3
6.800000E-8	1.545091E-3
6.805000E-8	1.469721E-3
6.810000E-8	1.462869E-3
6.815000E-8	1.531387E-3
6.820000E-8	1.641015E-3
6.825000E-8	1.767773E-3
6.830000E-8	1.909947E-3
6.835000E-8	2.046983E-3
6.840000E-8	2.178879E-3
6.845000E-8	2.319341E-3
6.850000E-8	2.490635E-3
6.855000E-8	2.656791E-3
6.860000E-8	2.792114E-3
6.865000E-8	2.888039E-3
6.870000E-8	2.966835E-3
6.875000E-8	3.028501E-3
6.880000E-8	3.085029E-3
6.885000E-8	3.148408E-3
6.890000E-8	3.191232E-3
6.895000E-8	3.184380E-3
6.900000E-8	3.134704E-3
6.905000E-8	3.054196E-3
6.910000E-8	2.930864E-3
6.915000E-8	2.759569E-3
6.920000E-8	2.588274E-3
6.925000E-8	2.440961E-3
6.930000E-8	2.303925E-3
6.935000E-8	2.185732E-3
6.940000E-8	2.106936E-3
6.945000E-8	2.058974E-3
6.950000E-8	2.043557E-3
6.955000E-8	2.070965E-3
6.960000E-8	2.134344E-3
6.965000E-8	2.225130E-3
6.970000E-8	2.319342E-3
6.975000E-8	2.410128E-3
6.980000E-8	2.488923E-3
6.985000E-8	2.566006E-3
6.990000E-8	2.613968E-3
6.995000E-8	2.620820E-3
7.000000E-8	2.625959E-3
7.005000E-8	2.634524E-3
7.010000E-8	2.629385E-3
7.015000E-8	2.612255E-3
7.020000E-8	2.596839E-3
7.025000E-8	2.557441E-3
7.030000E-8	2.488924E-3
7.035000E-8	2.447813E-3
7.040000E-8	2.411841E-3
7.045000E-8	2.355314E-3
7.050000E-8	2.271380E-3
7.055000E-8	2.161751E-3
7.060000E-8	2.040132E-3
7.065000E-8	1.939068E-3
7.070000E-8	1.861985E-3
7.075000E-8	1.769486E-3
7.080000E-8	1.692403E-3
7.085000E-8	1.699255E-3
7.090000E-8	1.750643E-3
7.095000E-8	1.800318E-3
7.100000E-8	1.904808E-3
7.105000E-8	2.101797E-3
7.110000E-8	2.322767E-3
7.115000E-8	2.533459E-3
7.120000E-8	2.749291E-3
7.125000E-8	2.949706E-3
7.130000E-8	3.107297E-3
7.135000E-8	3.216925E-3
7.140000E-8	3.285443E-3
7.145000E-8	3.300860E-3
7.150000E-8	3.264888E-3
7.155000E-8	3.198083E-3
7.160000E-8	3.109010E-3
7.165000E-8	3.021650E-3
7.170000E-8	2.929151E-3
7.175000E-8	2.822948E-3
7.180000E-8	2.723597E-3
7.185000E-8	2.643089E-3
7.190000E-8	2.560868E-3
7.195000E-8	2.495776E-3
7.200000E-8	2.459804E-3
7.205000E-8	2.430684E-3
7.210000E-8	2.386147E-3
7.215000E-8	2.360453E-3
7.220000E-8	2.360452E-3
7.225000E-8	2.355313E-3
7.230000E-8	2.357026E-3
7.235000E-8	2.391285E-3
7.240000E-8	2.425544E-3
7.245000E-8	2.422118E-3
7.250000E-8	2.399849E-3
7.255000E-8	2.370729E-3
7.260000E-8	2.324479E-3
7.265000E-8	2.262813E-3
7.270000E-8	2.173740E-3
7.275000E-8	2.062398E-3
7.280000E-8	1.966473E-3
7.285000E-8	1.889391E-3
7.290000E-8	1.805456E-3
7.295000E-8	1.743790E-3
7.300000E-8	1.740365E-3
7.305000E-8	1.760920E-3
7.310000E-8	1.784902E-3
7.315000E-8	1.848281E-3
7.320000E-8	1.918512E-3
7.325000E-8	1.966475E-3
7.330000E-8	2.007586E-3
7.335000E-8	2.038419E-3
7.340000E-8	2.021290E-3
7.345000E-8	1.987031E-3
7.350000E-8	2.007586E-3
7.355000E-8	2.060687E-3
7.360000E-8	2.098372E-3
7.365000E-8	2.149760E-3
7.370000E-8	2.218278E-3
7.375000E-8	2.279944E-3
7.380000E-8	2.365591E-3
7.385000E-8	2.483784E-3
7.390000E-8	2.589986E-3
7.395000E-8	2.689337E-3
7.400000E-8	2.798966E-3
7.405000E-8	2.876048E-3
7.410000E-8	2.906881E-3
7.415000E-8	2.927437E-3
7.420000E-8	2.920585E-3
7.425000E-8	2.864058E-3
7.430000E-8	2.814383E-3
7.435000E-8	2.776698E-3
7.440000E-8	2.703042E-3
7.445000E-8	2.612256E-3
7.450000E-8	2.531747E-3
7.455000E-8	2.444387E-3
7.460000E-8	2.379295E-3
7.465000E-8	2.374156E-3
7.470000E-8	2.375869E-3
7.475000E-8	2.341610E-3
7.480000E-8	2.312490E-3
7.485000E-8	2.341610E-3
7.490000E-8	2.398137E-3
7.495000E-8	2.446099E-3
7.500000E-8	2.504339E-3
7.505000E-8	2.598551E-3
7.510000E-8	2.694476E-3
7.515000E-8	2.735587E-3
7.520000E-8	2.751003E-3
7.525000E-8	2.790401E-3
7.530000E-8	2.841790E-3
7.535000E-8	2.869197E-3
7.540000E-8	2.894891E-3
7.545000E-8	2.946280E-3
7.550000E-8	3.009659E-3
7.555000E-8	3.045631E-3
7.560000E-8	3.043918E-3
7.565000E-8	3.018224E-3
7.570000E-8	2.961697E-3
7.575000E-8	2.864059E-3
7.580000E-8	2.728737E-3
7.585000E-8	2.581423E-3
7.590000E-8	2.435823E-3
7.595000E-8	2.297074E-3
7.600000E-8	2.177168E-3
7.605000E-8	2.081243E-3
7.610000E-8	2.014438E-3
7.615000E-8	1.990456E-3
7.620000E-8	2.021289E-3
7.625000E-8	2.105224E-3
7.630000E-8	2.237120E-3
7.635000E-8	2.381008E-3
7.640000E-8	2.528321E-3
7.645000E-8	2.687625E-3
7.650000E-8	2.843503E-3
7.655000E-8	2.953131E-3
7.660000E-8	3.021649E-3
7.665000E-8	3.081602E-3
7.670000E-8	3.105583E-3
7.675000E-8	3.062759E-3
7.680000E-8	2.977112E-3
7.685000E-8	2.879474E-3
7.690000E-8	2.747577E-3
7.695000E-8	2.600264E-3
7.700000E-8	2.471793E-3
7.705000E-8	2.374155E-3
7.710000E-8	2.293647E-3
7.715000E-8	2.237120E-3
7.720000E-8	2.230268E-3
7.725000E-8	2.259388E-3
7.730000E-8	2.293647E-3
7.735000E-8	2.327906E-3
7.740000E-8	2.353601E-3
7.745000E-8	2.363878E-3
7.750000E-8	2.348462E-3
7.755000E-8	2.312490E-3
7.760000E-8	2.254250E-3
7.765000E-8	2.154899E-3
7.770000E-8	2.041844E-3
7.775000E-8	1.957909E-3
7.780000E-8	1.894530E-3
7.785000E-8	1.822586E-3
7.790000E-8	1.772911E-3
7.795000E-8	1.808883E-3
7.800000E-8	1.921937E-3
7.805000E-8	2.052121E-3
7.810000E-8	2.166889E-3
7.815000E-8	2.279944E-3
7.820000E-8	2.374156E-3
7.825000E-8	2.454665E-3
7.830000E-8	2.545451E-3
7.835000E-8	2.612256E-3
7.840000E-8	2.629386E-3
7.845000E-8	2.601979E-3
7.850000E-8	2.547164E-3
7.855000E-8	2.454665E-3
7.860000E-8	2.339897E-3
7.865000E-8	2.218278E-3
7.870000E-8	2.086381E-3
7.875000E-8	1.949345E-3
7.880000E-8	1.865410E-3
7.885000E-8	1.824299E-3
7.890000E-8	1.796892E-3
7.895000E-8	1.779762E-3
7.900000E-8	1.805456E-3
7.905000E-8	1.882539E-3
7.910000E-8	1.978464E-3
7.915000E-8	2.079528E-3
7.920000E-8	2.206286E-3
7.925000E-8	2.370729E-3
7.930000E-8	2.538598E-3
7.935000E-8	2.677347E-3
7.940000E-8	2.809244E-3
7.945000E-8	2.942854E-3
7.950000E-8	3.059334E-3
7.955000E-8	3.132991E-3
7.960000E-8	3.160398E-3
7.965000E-8	3.160399E-3
7.970000E-8	3.162112E-3
7.975000E-8	3.148408E-3
7.980000E-8	3.090168E-3
7.985000E-8	2.995956E-3
7.990000E-8	2.901744E-3
7.995000E-8	2.788690E-3
8.000000E-8	2.660219E-3
8.005000E-8	2.564294E-3
8.010000E-8	2.499201E-3
8.015000E-8	2.442674E-3
8.020000E-8	2.401563E-3
8.025000E-8	2.386146E-3
8.030000E-8	2.370729E-3
8.035000E-8	2.351887E-3
8.040000E-8	2.350174E-3
8.045000E-8	2.377581E-3
8.050000E-8	2.411839E-3
8.055000E-8	2.442672E-3
8.060000E-8	2.452950E-3
8.065000E-8	2.439246E-3
8.070000E-8	2.422117E-3
8.075000E-8	2.415265E-3
8.080000E-8	2.406700E-3
8.085000E-8	2.381006E-3
8.090000E-8	2.343321E-3
8.095000E-8	2.290220E-3
8.100000E-8	2.225128E-3
8.105000E-8	2.154898E-3
8.110000E-8	2.048695E-3
8.115000E-8	1.904808E-3
8.120000E-8	1.778050E-3
8.125000E-8	1.683838E-3
8.130000E-8	1.589626E-3
8.135000E-8	1.509117E-3
8.140000E-8	1.483423E-3
8.145000E-8	1.539950E-3
8.150000E-8	1.668421E-3
8.155000E-8	1.872261E-3
8.160000E-8	2.139481E-3
8.165000E-8	2.440960E-3
8.170000E-8	2.761281E-3
8.175000E-8	3.059334E-3
8.180000E-8	3.288869E-3
8.185000E-8	3.473867E-3
8.190000E-8	3.600625E-3
8.195000E-8	3.593774E-3
8.200000E-8	3.470442E-3
8.205000E-8	3.331693E-3
8.210000E-8	3.168963E-3
8.215000E-8	2.939428E-3
8.220000E-8	2.692764E-3
8.225000E-8	2.497488E-3
8.230000E-8	2.338184E-3
8.235000E-8	2.199435E-3
8.240000E-8	2.110362E-3
8.245000E-8	2.082955E-3
8.250000E-8	2.127491E-3
8.255000E-8	2.206287E-3
8.260000E-8	2.261101E-3
8.265000E-8	2.298786E-3
8.270000E-8	2.353600E-3
8.275000E-8	2.396424E-3
8.280000E-8	2.408415E-3
8.285000E-8	2.449525E-3
8.290000E-8	2.538598E-3
8.295000E-8	2.612255E-3
8.300000E-8	2.665356E-3
8.305000E-8	2.751004E-3
8.310000E-8	2.862345E-3
8.315000E-8	2.934289E-3
8.320000E-8	2.989103E-3
8.325000E-8	3.050769E-3
8.330000E-8	3.100444E-3
8.335000E-8	3.105583E-3
8.340000E-8	3.085028E-3
8.345000E-8	3.035352E-3
8.350000E-8	2.937714E-3
8.355000E-8	2.786975E-3
8.360000E-8	2.617393E-3
8.365000E-8	2.468367E-3
8.370000E-8	2.346748E-3
8.375000E-8	2.219990E-3
8.380000E-8	2.096658E-3
8.385000E-8	2.024714E-3
8.390000E-8	2.005872E-3
8.395000E-8	1.969901E-3
8.400000E-8	1.928790E-3
8.405000E-8	1.949346E-3
8.410000E-8	2.028141E-3
8.415000E-8	2.108650E-3
8.420000E-8	2.213139E-3
8.425000E-8	2.351888E-3
8.430000E-8	2.464942E-3
8.435000E-8	2.545450E-3
8.440000E-8	2.643088E-3
8.445000E-8	2.751003E-3
8.450000E-8	2.840076E-3
8.455000E-8	2.910307E-3
8.460000E-8	2.975399E-3
8.465000E-8	3.021648E-3
8.470000E-8	3.030213E-3
8.475000E-8	2.995954E-3
8.480000E-8	2.939427E-3
8.485000E-8	2.905168E-3
8.490000E-8	2.886326E-3
8.495000E-8	2.826373E-3
8.500000E-8	2.747577E-3
8.505000E-8	2.708180E-3
8.510000E-8	2.675634E-3
8.515000E-8	2.608829E-3
8.520000E-8	2.550589E-3
8.525000E-8	2.518043E-3
8.530000E-8	2.464942E-3
8.535000E-8	2.404988E-3
8.540000E-8	2.357026E-3
8.545000E-8	2.302212E-3
8.550000E-8	2.237120E-3
8.555000E-8	2.194296E-3
8.560000E-8	2.136056E-3
8.565000E-8	2.053834E-3
8.570000E-8	1.985316E-3
8.575000E-8	1.959622E-3
8.580000E-8	1.945918E-3
8.585000E-8	1.940779E-3
8.590000E-8	1.949344E-3
8.595000E-8	1.968186E-3
8.600000E-8	2.019575E-3
8.605000E-8	2.106935E-3
8.610000E-8	2.187443E-3
8.615000E-8	2.242258E-3
8.620000E-8	2.274804E-3
8.625000E-8	2.283369E-3
8.630000E-8	2.261100E-3
8.635000E-8	2.233693E-3
8.640000E-8	2.189157E-3
8.645000E-8	2.103509E-3
8.650000E-8	1.983603E-3
8.655000E-8	1.868835E-3
8.660000E-8	1.760920E-3
8.665000E-8	1.670134E-3
8.670000E-8	1.622171E-3
8.675000E-8	1.586200E-3
8.680000E-8	1.558793E-3
8.685000E-8	1.569070E-3
8.690000E-8	1.635875E-3
8.695000E-8	1.724949E-3
8.700000E-8	1.827726E-3
8.705000E-8	1.983604E-3
8.710000E-8	2.172028E-3
8.715000E-8	2.321054E-3
8.720000E-8	2.406702E-3
8.725000E-8	2.482071E-3
8.730000E-8	2.548876E-3
8.735000E-8	2.564292E-3
8.740000E-8	2.538598E-3
8.745000E-8	2.530033E-3
8.750000E-8	2.519755E-3
8.755000E-8	2.482070E-3
8.760000E-8	2.446098E-3
8.765000E-8	2.439246E-3
8.770000E-8	2.440959E-3
8.775000E-8	2.434108E-3
8.780000E-8	2.423830E-3
8.785000E-8	2.401562E-3
8.790000E-8	2.372442E-3
8.795000E-8	2.331331E-3
8.800000E-8	2.261100E-3
8.805000E-8	2.163462E-3
8.810000E-8	2.041843E-3
8.815000E-8	1.875687E-3
8.820000E-8	1.670134E-3
8.825000E-8	1.485135E-3
8.830000E-8	1.353238E-3
8.835000E-8	1.260739E-3
8.840000E-8	1.200786E-3
8.845000E-8	1.183656E-3
8.850000E-8	1.224767E-3
8.855000E-8	1.312127E-3
8.860000E-8	1.428608E-3
8.865000E-8	1.569069E-3
8.870000E-8	1.707818E-3
8.875000E-8	1.810595E-3
8.880000E-8	1.872261E-3
8.885000E-8	1.927075E-3
8.890000E-8	1.966473E-3
8.895000E-8	1.952770E-3
8.900000E-8	1.923650E-3
8.905000E-8	1.916798E-3
8.910000E-8	1.911659E-3
8.915000E-8	1.904808E-3
8.920000E-8	1.909946E-3
8.925000E-8	1.947631E-3
8.930000E-8	1.987029E-3
8.935000E-8	2.028139E-3
8.940000E-8	2.077815E-3
8.945000E-8	2.144619E-3
8.950000E-8	2.194295E-3
8.955000E-8	2.180591E-3
8.960000E-8	2.144619E-3
8.965000E-8	2.149758E-3
8.970000E-8	2.132629E-3
8.975000E-8	2.045269E-3
8.980000E-8	1.961334E-3
8.985000E-8	1.930502E-3
8.990000E-8	1.901382E-3
8.995000E-8	1.855132E-3
9.000000E-8	1.812309E-3
9.005000E-8	1.769485E-3
9.010000E-8	1.736939E-3
9.015000E-8	1.728375E-3
9.020000E-8	1.733513E-3
9.025000E-8	1.764346E-3
9.030000E-8	1.836290E-3
9.035000E-8	1.891104E-3
9.040000E-8	1.903094E-3
9.045000E-8	1.944205E-3
9.050000E-8	2.033278E-3
9.055000E-8	2.084666E-3
9.060000E-8	2.088092E-3
9.065000E-8	2.113786E-3
9.070000E-8	2.165174E-3
9.075000E-8	2.196007E-3
9.080000E-8	2.223414E-3
9.085000E-8	2.274803E-3
9.090000E-8	2.312488E-3
9.095000E-8	2.339895E-3
9.100000E-8	2.358738E-3
9.105000E-8	2.367303E-3
9.110000E-8	2.375868E-3
9.115000E-8	2.389572E-3
9.120000E-8	2.384433E-3
9.125000E-8	2.379294E-3
9.130000E-8	2.399849E-3
9.135000E-8	2.425543E-3
9.140000E-8	2.452950E-3
9.145000E-8	2.523181E-3
9.150000E-8	2.617393E-3
9.155000E-8	2.697901E-3
9.160000E-8	2.800678E-3
9.165000E-8	2.958269E-3
9.170000E-8	3.098731E-3
9.175000E-8	3.180953E-3
9.180000E-8	3.268313E-3
9.185000E-8	3.379655E-3
9.190000E-8	3.425905E-3
9.195000E-8	3.400211E-3
9.200000E-8	3.381369E-3
9.205000E-8	3.369378E-3
9.210000E-8	3.321416E-3
9.215000E-8	3.237481E-3
9.220000E-8	3.148408E-3
9.225000E-8	3.038779E-3
9.230000E-8	2.882901E-3
9.235000E-8	2.675634E-3
9.240000E-8	2.468367E-3
9.245000E-8	2.295359E-3
9.250000E-8	2.139481E-3
9.255000E-8	1.993881E-3
9.260000E-8	1.908233E-3
9.265000E-8	1.873974E-3
9.270000E-8	1.844854E-3
9.275000E-8	1.839716E-3
9.280000E-8	1.921937E-3
9.285000E-8	2.069251E-3
9.290000E-8	2.216565E-3
9.295000E-8	2.362166E-3
9.300000E-8	2.519757E-3
9.305000E-8	2.649941E-3
9.310000E-8	2.749292E-3
9.315000E-8	2.819522E-3
9.320000E-8	2.862346E-3
9.325000E-8	2.867485E-3
9.330000E-8	2.848642E-3
9.335000E-8	2.788689E-3
9.340000E-8	2.716745E-3
9.345000E-8	2.687625E-3
9.350000E-8	2.682486E-3
9.355000E-8	2.641375E-3
9.360000E-8	2.591700E-3
9.365000E-8	2.586561E-3
9.370000E-8	2.586561E-3
9.375000E-8	2.554015E-3
9.380000E-8	2.523182E-3
9.385000E-8	2.514617E-3
9.390000E-8	2.487210E-3
9.395000E-8	2.432396E-3
9.400000E-8	2.404989E-3
9.405000E-8	2.422118E-3
9.410000E-8	2.446099E-3
9.415000E-8	2.459803E-3
9.420000E-8	2.487210E-3
9.425000E-8	2.507765E-3
9.430000E-8	2.485497E-3
9.435000E-8	2.430683E-3
9.440000E-8	2.379294E-3
9.445000E-8	2.307350E-3
9.450000E-8	2.192583E-3
9.455000E-8	2.074390E-3
9.460000E-8	1.969900E-3
9.465000E-8	1.858558E-3
9.470000E-8	1.745503E-3
9.475000E-8	1.654717E-3
9.480000E-8	1.572495E-3
9.485000E-8	1.517681E-3
9.490000E-8	1.512542E-3
9.495000E-8	1.546801E-3
9.500000E-8	1.582773E-3
9.505000E-8	1.653003E-3
9.510000E-8	1.759206E-3
9.515000E-8	1.851705E-3
9.520000E-8	1.921936E-3
9.525000E-8	2.023000E-3
9.530000E-8	2.148045E-3
9.535000E-8	2.252535E-3
9.540000E-8	2.355312E-3
9.545000E-8	2.476931E-3
9.550000E-8	2.588273E-3
9.555000E-8	2.687624E-3
9.560000E-8	2.792114E-3
9.565000E-8	2.876049E-3
9.570000E-8	2.915447E-3
9.575000E-8	2.932576E-3
9.580000E-8	2.922299E-3
9.585000E-8	2.855494E-3
9.590000E-8	2.749291E-3
9.595000E-8	2.622533E-3
9.600000E-8	2.473507E-3
9.605000E-8	2.309064E-3
9.610000E-8	2.182306E-3
9.615000E-8	2.084667E-3
9.620000E-8	2.000733E-3
9.625000E-8	1.980177E-3
9.630000E-8	2.026427E-3
9.635000E-8	2.098370E-3
9.640000E-8	2.178879E-3
9.645000E-8	2.310776E-3
9.650000E-8	2.478644E-3
9.655000E-8	2.613967E-3
9.660000E-8	2.697901E-3
9.665000E-8	2.739012E-3
9.670000E-8	2.732160E-3
9.675000E-8	2.677346E-3
9.680000E-8	2.603689E-3
9.685000E-8	2.545449E-3
9.690000E-8	2.495774E-3
9.695000E-8	2.446098E-3
9.700000E-8	2.387858E-3
9.705000E-8	2.341609E-3
9.710000E-8	2.310776E-3
9.715000E-8	2.291933E-3
9.720000E-8	2.317627E-3
9.725000E-8	2.413553E-3
9.730000E-8	2.540311E-3
9.735000E-8	2.636236E-3
9.740000E-8	2.723596E-3
9.745000E-8	2.817808E-3
9.750000E-8	2.867484E-3
9.755000E-8	2.882900E-3
9.760000E-8	2.920585E-3
9.765000E-8	2.954844E-3
9.770000E-8	2.910307E-3
9.775000E-8	2.824660E-3
9.780000E-8	2.759568E-3
9.785000E-8	2.670494E-3
9.790000E-8	2.540310E-3
9.795000E-8	2.420404E-3
9.800000E-8	2.338182E-3
9.805000E-8	2.271377E-3
9.810000E-8	2.254248E-3
9.815000E-8	2.300497E-3
9.820000E-8	2.367302E-3
9.825000E-8	2.427256E-3
9.830000E-8	2.531746E-3
9.835000E-8	2.668782E-3
9.840000E-8	2.771559E-3
9.845000E-8	2.850354E-3
9.850000E-8	2.934289E-3
9.855000E-8	2.970261E-3
9.860000E-8	2.941141E-3
9.865000E-8	2.893178E-3
9.870000E-8	2.829799E-3
9.875000E-8	2.699615E-3
9.880000E-8	2.548876E-3
9.885000E-8	2.449524E-3
9.890000E-8	2.372441E-3
9.895000E-8	2.274803E-3
9.900000E-8	2.192582E-3
9.905000E-8	2.151471E-3
9.910000E-8	2.136054E-3
9.915000E-8	2.158322E-3
9.920000E-8	2.197720E-3
9.925000E-8	2.237118E-3
9.930000E-8	2.288507E-3
9.935000E-8	2.324479E-3
9.940000E-8	2.324479E-3
9.945000E-8	2.290221E-3
9.950000E-8	2.243971E-3
9.955000E-8	2.172028E-3
9.960000E-8	2.108649E-3
9.965000E-8	2.065825E-3
9.970000E-8	1.987029E-3
9.975000E-8	1.870549E-3
9.980000E-8	1.803744E-3
9.985000E-8	1.798605E-3
9.990000E-8	1.786614E-3
9.995000E-8	1.803744E-3
1.000000E-7	1.879113E-3
1.000500E-7	1.983603E-3
1.001000E-7	2.082954E-3
1.001500E-7	2.163462E-3
1.002000E-7	2.228554E-3
1.002500E-7	2.286794E-3
1.003000E-7	2.346747E-3
1.003500E-7	2.408413E-3
1.004000E-7	2.449524E-3
1.004500E-7	2.468366E-3
1.005000E-7	2.447811E-3
1.005500E-7	2.404987E-3
1.006000E-7	2.367302E-3
1.006500E-7	2.329617E-3
1.007000E-7	2.247396E-3
1.007500E-7	2.149757E-3
1.008000E-7	2.089804E-3
1.008500E-7	2.060684E-3
1.009000E-7	2.034990E-3
1.009500E-7	2.023000E-3
1.010000E-7	2.034990E-3
1.010500E-7	2.082953E-3
1.011000E-7	2.148045E-3
1.011500E-7	2.213137E-3
1.012000E-7	2.281655E-3
1.012500E-7	2.367303E-3
1.013000E-7	2.456376E-3
1.013500E-7	2.526607E-3
1.014000E-7	2.571144E-3
1.014500E-7	2.607115E-3
1.015000E-7	2.641374E-3
1.015500E-7	2.658504E-3
1.016000E-7	2.661930E-3
1.016500E-7	2.660217E-3
1.017000E-7	2.641375E-3
1.017500E-7	2.613968E-3
1.018000E-7	2.583135E-3
1.018500E-7	2.545450E-3
1.019000E-7	2.499200E-3
1.019500E-7	2.470080E-3
1.020000E-7	2.440960E-3
1.020500E-7	2.381007E-3
1.021000E-7	2.321054E-3
1.021500E-7	2.285082E-3
1.022000E-7	2.266239E-3
1.022500E-7	2.255961E-3
1.023000E-7	2.261100E-3
1.023500E-7	2.271377E-3
1.024000E-7	2.267951E-3
1.024500E-7	2.261100E-3
1.025000E-7	2.240544E-3
1.025500E-7	2.201146E-3
1.026000E-7	2.182304E-3
1.026500E-7	2.184017E-3
1.027000E-7	2.139480E-3
1.027500E-7	2.065824E-3
1.028000E-7	2.014435E-3
1.028500E-7	1.980177E-3
1.029000E-7	1.933927E-3
1.029500E-7	1.891104E-3
1.030000E-7	1.868835E-3
1.030500E-7	1.855132E-3
1.031000E-7	1.844854E-3
1.031500E-7	1.849993E-3
1.032000E-7	1.870548E-3
1.032500E-7	1.897955E-3
1.033000E-7	1.923649E-3
1.033500E-7	1.928788E-3
1.034000E-7	1.935640E-3
1.034500E-7	1.947630E-3
1.035000E-7	1.961334E-3
1.035500E-7	1.975038E-3
1.036000E-7	2.019575E-3
1.036500E-7	2.055547E-3
1.037000E-7	2.053834E-3
1.037500E-7	2.052121E-3
1.038000E-7	2.074390E-3
1.038500E-7	2.096658E-3
1.039000E-7	2.120639E-3
1.039500E-7	2.151473E-3
1.040000E-7	2.175454E-3
1.040500E-7	2.208000E-3
1.041000E-7	2.276518E-3
1.041500E-7	2.324480E-3
1.042000E-7	2.333045E-3
1.042500E-7	2.365590E-3
1.043000E-7	2.430682E-3
1.043500E-7	2.473506E-3
1.044000E-7	2.526607E-3
1.044500E-7	2.632809E-3
1.045000E-7	2.742438E-3
1.045500E-7	2.814382E-3
1.046000E-7	2.901742E-3
1.046500E-7	2.983963E-3
1.047000E-7	2.989102E-3
1.047500E-7	2.934288E-3
1.048000E-7	2.860631E-3
1.048500E-7	2.752715E-3
1.049000E-7	2.589985E-3
1.049500E-7	2.401561E-3
1.050000E-7	2.216563E-3
1.050500E-7	2.062398E-3
1.051000E-7	1.940779E-3
1.051500E-7	1.834576E-3
1.052000E-7	1.726660E-3
1.052500E-7	1.647865E-3
1.053000E-7	1.606754E-3
1.053500E-7	1.560504E-3
1.054000E-7	1.507403E-3
1.054500E-7	1.488560E-3
1.055000E-7	1.493699E-3
1.055500E-7	1.481708E-3
1.056000E-7	1.466292E-3
1.056500E-7	1.468005E-3
1.057000E-7	1.493699E-3
1.057500E-7	1.570782E-3
1.058000E-7	1.704392E-3
1.058500E-7	1.867122E-3
1.059000E-7	2.038417E-3
1.059500E-7	2.221702E-3
1.060000E-7	2.381006E-3
1.060500E-7	2.506051E-3
1.061000E-7	2.607115E-3
1.061500E-7	2.661929E-3
1.062000E-7	2.649938E-3
1.062500E-7	2.588272E-3
1.063000E-7	2.507763E-3
1.063500E-7	2.435819E-3
1.064000E-7	2.389570E-3
1.064500E-7	2.377579E-3
1.065000E-7	2.398135E-3
1.065500E-7	2.470078E-3
1.066000E-7	2.574568E-3
1.066500E-7	2.661929E-3
1.067000E-7	2.716744E-3
1.067500E-7	2.762993E-3
1.068000E-7	2.786975E-3
1.068500E-7	2.749290E-3
1.069000E-7	2.634523E-3
1.069500E-7	2.432395E-3
1.070000E-7	2.168601E-3
1.070500E-7	1.909946E-3
1.071000E-7	1.664995E-3
1.071500E-7	1.428608E-3
1.072000E-7	1.253888E-3
1.072500E-7	1.173379E-3
1.073000E-7	1.161388E-3
1.073500E-7	1.211063E-3
1.074000E-7	1.358377E-3
1.074500E-7	1.591337E-3
1.075000E-7	1.855131E-3
1.075500E-7	2.118925E-3
1.076000E-7	2.386144E-3
1.076500E-7	2.632809E-3
1.077000E-7	2.800677E-3
1.077500E-7	2.877760E-3
1.078000E-7	2.922297E-3
1.078500E-7	2.946278E-3
1.079000E-7	2.896602E-3
1.079500E-7	2.792113E-3
1.080000E-7	2.689336E-3
1.080500E-7	2.588272E-3
1.081000E-7	2.473505E-3
1.081500E-7	2.377580E-3
1.082000E-7	2.322766E-3
1.082500E-7	2.276516E-3
1.083000E-7	2.243970E-3
1.083500E-7	2.255961E-3
1.084000E-7	2.279942E-3
1.084500E-7	2.276517E-3
1.085000E-7	2.271378E-3
1.085500E-7	2.276517E-3
1.086000E-7	2.261100E-3
1.086500E-7	2.242258E-3
1.087000E-7	2.262813E-3
1.087500E-7	2.288507E-3
1.088000E-7	2.286795E-3
1.088500E-7	2.309063E-3
1.089000E-7	2.391284E-3
1.089500E-7	2.475219E-3
1.090000E-7	2.516330E-3
1.090500E-7	2.562579E-3
1.091000E-7	2.643088E-3
1.091500E-7	2.706466E-3
1.092000E-7	2.730448E-3
1.092500E-7	2.793827E-3
1.093000E-7	2.867483E-3
1.093500E-7	2.879474E-3
1.094000E-7	2.831511E-3
1.094500E-7	2.771558E-3
1.095000E-7	2.682485E-3
1.095500E-7	2.555727E-3
1.096000E-7	2.442673E-3
1.096500E-7	2.338183E-3
1.097000E-7	2.214851E-3
1.097500E-7	2.106935E-3
1.098000E-7	2.040130E-3
1.098500E-7	2.002446E-3
1.099000E-7	1.995594E-3
1.099500E-7	2.023001E-3
1.100000E-7	2.074389E-3
1.100500E-7	2.141194E-3
1.101000E-7	2.233693E-3
1.101500E-7	2.310776E-3
1.102000E-7	2.333044E-3
1.102500E-7	2.338183E-3
1.103000E-7	2.329618E-3
1.103500E-7	2.262813E-3
1.104000E-7	2.154897E-3
1.104500E-7	2.058972E-3
1.105000E-7	1.975038E-3
1.105500E-7	1.877400E-3
1.106000E-7	1.815734E-3
1.106500E-7	1.817447E-3
1.107000E-7	1.836289E-3
1.107500E-7	1.856845E-3
1.108000E-7	1.903094E-3
1.108500E-7	1.985316E-3
1.109000E-7	2.065824E-3
1.109500E-7	2.141194E-3
1.110000E-7	2.237119E-3
1.110500E-7	2.327906E-3
1.111000E-7	2.387859E-3
1.111500E-7	2.440960E-3
1.112000E-7	2.494062E-3
1.112500E-7	2.554015E-3
1.113000E-7	2.619107E-3
1.113500E-7	2.672208E-3
1.114000E-7	2.713319E-3
1.114500E-7	2.759568E-3
1.115000E-7	2.798966E-3
1.115500E-7	2.814382E-3
1.116000E-7	2.836650E-3
1.116500E-7	2.862344E-3
1.117000E-7	2.821234E-3
1.117500E-7	2.716744E-3
1.118000E-7	2.608828E-3
1.118500E-7	2.494061E-3
1.119000E-7	2.336470E-3
1.119500E-7	2.170314E-3
1.120000E-7	2.048695E-3
1.120500E-7	1.975038E-3
1.121000E-7	1.951057E-3
1.121500E-7	1.928788E-3
1.122000E-7	1.913372E-3
1.122500E-7	1.964760E-3
1.123000E-7	2.076101E-3
1.123500E-7	2.194295E-3
1.124000E-7	2.327904E-3
1.124500E-7	2.466653E-3
1.125000E-7	2.548875E-3
1.125500E-7	2.566004E-3
1.126000E-7	2.560865E-3
1.126500E-7	2.542023E-3
1.127000E-7	2.478644E-3
1.127500E-7	2.369015E-3
1.128000E-7	2.233692E-3
1.128500E-7	2.100082E-3
1.129000E-7	1.992167E-3
1.129500E-7	1.908232E-3
1.130000E-7	1.860270E-3
1.130500E-7	1.879112E-3
1.131000E-7	1.945917E-3
1.131500E-7	2.009296E-3
1.132000E-7	2.077814E-3
1.132500E-7	2.175452E-3
1.133000E-7	2.259386E-3
1.133500E-7	2.293645E-3
1.134000E-7	2.290219E-3
1.134500E-7	2.283368E-3
1.135000E-7	2.233693E-3
1.135500E-7	2.117213E-3
1.136000E-7	1.978464E-3
1.136500E-7	1.851706E-3
1.137000E-7	1.750643E-3
1.137500E-7	1.663282E-3
1.138000E-7	1.617033E-3
1.138500E-7	1.629024E-3
1.139000E-7	1.692403E-3
1.139500E-7	1.774624E-3
1.140000E-7	1.858558E-3
1.140500E-7	1.951057E-3
1.141000E-7	2.058973E-3
1.141500E-7	2.144620E-3
1.142000E-7	2.189156E-3
1.142500E-7	2.209711E-3
1.143000E-7	2.196008E-3
1.143500E-7	2.129203E-3
1.144000E-7	2.043555E-3
1.144500E-7	1.980176E-3
1.145000E-7	1.899668E-3
1.145500E-7	1.817446E-3
1.146000E-7	1.795178E-3
1.146500E-7	1.820872E-3
1.147000E-7	1.856844E-3
1.147500E-7	1.927075E-3
1.148000E-7	2.040130E-3
1.148500E-7	2.160036E-3
1.149000E-7	2.269665E-3
1.149500E-7	2.375867E-3
1.150000E-7	2.456376E-3
1.150500E-7	2.519755E-3
1.151000E-7	2.569431E-3
1.151500E-7	2.564292E-3
1.152000E-7	2.514616E-3
1.152500E-7	2.468367E-3
1.153000E-7	2.410127E-3
1.153500E-7	2.303924E-3
1.154000E-7	2.206286E-3
1.154500E-7	2.160037E-3
1.155000E-7	2.098371E-3
1.155500E-7	2.007584E-3
1.156000E-7	1.968187E-3
1.156500E-7	1.993881E-3
1.157000E-7	2.012724E-3
1.157500E-7	2.029853E-3
1.158000E-7	2.100084E-3
1.158500E-7	2.202860E-3
1.159000E-7	2.309063E-3
1.159500E-7	2.423830E-3
1.160000E-7	2.547162E-3
1.160500E-7	2.648226E-3
1.161000E-7	2.735586E-3
1.161500E-7	2.793826E-3
1.162000E-7	2.798965E-3
1.162500E-7	2.788688E-3
1.163000E-7	2.783549E-3
1.163500E-7	2.747577E-3
1.164000E-7	2.689337E-3
1.164500E-7	2.653365E-3
1.165000E-7	2.625958E-3
1.165500E-7	2.583134E-3
1.166000E-7	2.547163E-3
1.166500E-7	2.533459E-3
1.167000E-7	2.500913E-3
1.167500E-7	2.463228E-3
1.168000E-7	2.420404E-3
1.168500E-7	2.339896E-3
1.169000E-7	2.201147E-3
1.169500E-7	2.040130E-3
1.170000E-7	1.867122E-3
1.170500E-7	1.683837E-3
1.171000E-7	1.546802E-3
1.171500E-7	1.474858E-3
1.172000E-7	1.456016E-3
1.172500E-7	1.481710E-3
1.173000E-7	1.553654E-3
1.173500E-7	1.664995E-3
1.174000E-7	1.832864E-3
1.174500E-7	2.064112E-3
1.175000E-7	2.302212E-3
1.175500E-7	2.485497E-3
1.176000E-7	2.637949E-3
1.176500E-7	2.802392E-3
1.177000E-7	2.953131E-3
1.177500E-7	3.059334E-3
1.178000E-7	3.129564E-3
1.178500E-7	3.175814E-3
1.179000E-7	3.198082E-3
1.179500E-7	3.170675E-3
1.180000E-7	3.098731E-3
1.180500E-7	3.028500E-3
1.181000E-7	2.992528E-3
1.181500E-7	2.968547E-3
1.182000E-7	2.920584E-3
1.182500E-7	2.888038E-3
1.183000E-7	2.881186E-3
1.183500E-7	2.858918E-3
1.184000E-7	2.812668E-3
1.184500E-7	2.774984E-3
1.185000E-7	2.739012E-3
1.185500E-7	2.660216E-3
1.186000E-7	2.589985E-3
1.186500E-7	2.545449E-3
1.187000E-7	2.475218E-3
1.187500E-7	2.382719E-3
1.188000E-7	2.312488E-3
1.188500E-7	2.274803E-3
1.189000E-7	2.223415E-3
1.189500E-7	2.161749E-3
1.190000E-7	2.146332E-3
1.190500E-7	2.192582E-3
1.191000E-7	2.267952E-3
1.191500E-7	2.324479E-3
1.192000E-7	2.348460E-3
1.192500E-7	2.341608E-3
1.193000E-7	2.295359E-3
1.193500E-7	2.207998E-3
1.194000E-7	2.118925E-3
1.194500E-7	2.045268E-3
1.195000E-7	1.983602E-3
1.195500E-7	1.933927E-3
1.196000E-7	1.920224E-3
1.196500E-7	1.930501E-3
1.197000E-7	1.939066E-3
1.197500E-7	1.952770E-3
1.198000E-7	1.963048E-3
1.198500E-7	1.975038E-3
1.199000E-7	1.992168E-3
1.199500E-7	2.007585E-3
1.200000E-7	1.987029E-3
1.200500E-7	1.963048E-3
1.201000E-7	1.954483E-3
1.201500E-7	1.920224E-3
1.202000E-7	1.858558E-3
1.202500E-7	1.824299E-3
1.203000E-7	1.838002E-3
1.203500E-7	1.877400E-3
1.204000E-7	1.935640E-3
1.204500E-7	2.004158E-3
1.205000E-7	2.082953E-3
1.205500E-7	2.170313E-3
1.206000E-7	2.249109E-3
1.206500E-7	2.293646E-3
1.207000E-7	2.305636E-3
1.207500E-7	2.302210E-3
1.208000E-7	2.278229E-3
1.208500E-7	2.243970E-3
1.209000E-7	2.226841E-3
1.209500E-7	2.214850E-3
1.210000E-7	2.197721E-3
1.210500E-7	2.185731E-3
1.211000E-7	2.209712E-3
1.211500E-7	2.273091E-3
1.212000E-7	2.362164E-3
1.212500E-7	2.449525E-3
1.213000E-7	2.538598E-3
1.213500E-7	2.639662E-3
1.214000E-7	2.752716E-3
1.214500E-7	2.848641E-3
1.215000E-7	2.934288E-3
1.215500E-7	3.018223E-3
1.216000E-7	3.083315E-3
1.216500E-7	3.109009E-3
1.217000E-7	3.095305E-3
1.217500E-7	3.038778E-3
1.218000E-7	2.930862E-3
1.218500E-7	2.800678E-3
1.219000E-7	2.651652E-3
1.219500E-7	2.475219E-3
1.220000E-7	2.286794E-3
1.220500E-7	2.112074E-3
1.221000E-7	1.945918E-3
1.221500E-7	1.814021E-3
1.222000E-7	1.764346E-3
1.222500E-7	1.769485E-3
1.223000E-7	1.774624E-3
1.223500E-7	1.802031E-3
1.224000E-7	1.880826E-3
1.224500E-7	1.976751E-3
1.225000E-7	2.046982E-3
1.225500E-7	2.129203E-3
1.226000E-7	2.231979E-3
1.226500E-7	2.319340E-3
1.227000E-7	2.372441E-3
1.227500E-7	2.411838E-3
1.228000E-7	2.439245E-3
1.228500E-7	2.452949E-3
1.229000E-7	2.458088E-3
1.229500E-7	2.432394E-3
1.230000E-7	2.377579E-3
1.230500E-7	2.317626E-3
1.231000E-7	2.264525E-3
1.231500E-7	2.202859E-3
1.232000E-7	2.117212E-3
1.232500E-7	2.038416E-3
1.233000E-7	1.976750E-3
1.233500E-7	1.911658E-3
1.234000E-7	1.861983E-3
1.234500E-7	1.861983E-3
1.235000E-7	1.880825E-3
1.235500E-7	1.892816E-3
1.236000E-7	1.956195E-3
1.236500E-7	2.086379E-3
1.237000E-7	2.199433E-3
1.237500E-7	2.264525E-3
1.238000E-7	2.339895E-3
1.238500E-7	2.420403E-3
1.239000E-7	2.459801E-3
1.239500E-7	2.468366E-3
1.240000E-7	2.494060E-3
1.240500E-7	2.518042E-3
1.241000E-7	2.511190E-3
1.241500E-7	2.494061E-3
1.242000E-7	2.475218E-3
1.242500E-7	2.461515E-3
1.243000E-7	2.480357E-3
1.243500E-7	2.530033E-3
1.244000E-7	2.576283E-3
1.244500E-7	2.636236E-3
1.245000E-7	2.723597E-3
1.245500E-7	2.821235E-3
1.246000E-7	2.898317E-3
1.246500E-7	2.954844E-3
1.247000E-7	2.994242E-3
1.247500E-7	3.004520E-3
1.248000E-7	2.989103E-3
1.248500E-7	2.936001E-3
1.249000E-7	2.821234E-3
1.249500E-7	2.680772E-3
1.250000E-7	2.583134E-3
1.250500E-7	2.518041E-3
1.251000E-7	2.458088E-3
1.251500E-7	2.437533E-3
1.252000E-7	2.480356E-3
1.252500E-7	2.548874E-3
1.253000E-7	2.637948E-3
1.253500E-7	2.747576E-3
1.254000E-7	2.843501E-3
1.254500E-7	2.906880E-3
1.255000E-7	2.937713E-3
1.255500E-7	2.915445E-3
1.256000E-7	2.848640E-3
1.256500E-7	2.769844E-3
1.257000E-7	2.667068E-3
1.257500E-7	2.506051E-3
1.258000E-7	2.322765E-3
1.258500E-7	2.185730E-3
1.259000E-7	2.108647E-3
1.259500E-7	2.076101E-3
1.260000E-7	2.086379E-3
1.260500E-7	2.151471E-3
1.261000E-7	2.264526E-3
1.261500E-7	2.387858E-3
1.262000E-7	2.490635E-3
1.262500E-7	2.572857E-3
1.263000E-7	2.632810E-3
1.263500E-7	2.661931E-3
1.264000E-7	2.660218E-3
1.264500E-7	2.625959E-3
1.265000E-7	2.545450E-3
1.265500E-7	2.411840E-3
1.266000E-7	2.266240E-3
1.266500E-7	2.139481E-3
1.267000E-7	2.024714E-3
1.267500E-7	1.923650E-3
1.268000E-7	1.838002E-3
1.268500E-7	1.767771E-3
1.269000E-7	1.723235E-3
1.269500E-7	1.695828E-3
1.270000E-7	1.680411E-3
1.270500E-7	1.685550E-3
1.271000E-7	1.728373E-3
1.271500E-7	1.778049E-3
1.272000E-7	1.820873E-3
1.272500E-7	1.882539E-3
1.273000E-7	1.981890E-3
1.273500E-7	2.086380E-3
1.274000E-7	2.196009E-3
1.274500E-7	2.338183E-3
1.275000E-7	2.504339E-3
1.275500E-7	2.634523E-3
1.276000E-7	2.715031E-3
1.276500E-7	2.774984E-3
1.277000E-7	2.804104E-3
1.277500E-7	2.774984E-3
1.278000E-7	2.711605E-3
1.278500E-7	2.632809E-3
1.279000E-7	2.506051E-3
1.279500E-7	2.341608E-3
1.280000E-7	2.207998E-3
1.280500E-7	2.137768E-3
1.281000E-7	2.093231E-3
1.281500E-7	2.062398E-3
1.282000E-7	2.064111E-3
1.282500E-7	2.103509E-3
1.283000E-7	2.161749E-3
1.283500E-7	2.230267E-3
1.284000E-7	2.309063E-3
1.284500E-7	2.386146E-3
1.285000E-7	2.418692E-3
1.285500E-7	2.365591E-3
1.286000E-7	2.255962E-3
1.286500E-7	2.163463E-3
1.287000E-7	2.074390E-3
1.287500E-7	1.942493E-3
1.288000E-7	1.795179E-3
1.288500E-7	1.700967E-3
1.289000E-7	1.666707E-3
1.289500E-7	1.651291E-3
1.290000E-7	1.647865E-3
1.290500E-7	1.675272E-3
1.291000E-7	1.748928E-3
1.291500E-7	1.831150E-3
1.292000E-7	1.891103E-3
1.292500E-7	1.942491E-3
1.293000E-7	2.024713E-3
1.293500E-7	2.125777E-3
1.294000E-7	2.209712E-3
1.294500E-7	2.281655E-3
1.295000E-7	2.353599E-3
1.295500E-7	2.415265E-3
1.296000E-7	2.449524E-3
1.296500E-7	2.456375E-3
1.297000E-7	2.437533E-3
1.297500E-7	2.391283E-3
1.298000E-7	2.350172E-3
1.298500E-7	2.326191E-3
1.299000E-7	2.286793E-3
1.299500E-7	2.250821E-3
1.300000E-7	2.245683E-3
1.300500E-7	2.264525E-3
1.301000E-7	2.283368E-3
1.301500E-7	2.305637E-3
1.302000E-7	2.350174E-3
1.302500E-7	2.411840E-3
1.303000E-7	2.471793E-3
1.303500E-7	2.492349E-3
1.304000E-7	2.478645E-3
1.304500E-7	2.468368E-3
1.305000E-7	2.439247E-3
1.305500E-7	2.343322E-3
1.306000E-7	2.242259E-3
1.306500E-7	2.204574E-3
1.307000E-7	2.216564E-3
1.307500E-7	2.240546E-3
1.308000E-7	2.298786E-3
1.308500E-7	2.369017E-3
1.309000E-7	2.411840E-3
1.309500E-7	2.430683E-3
1.310000E-7	2.435821E-3
1.310500E-7	2.386146E-3
1.311000E-7	2.278230E-3
1.311500E-7	2.130917E-3
1.312000E-7	1.952770E-3
1.312500E-7	1.757494E-3
1.313000E-7	1.591338E-3
1.313500E-7	1.486849E-3
1.314000E-7	1.445738E-3
1.314500E-7	1.471432E-3
1.315000E-7	1.574209E-3
1.315500E-7	1.735226E-3
1.316000E-7	1.927076E-3
1.316500E-7	2.136056E-3
1.317000E-7	2.331332E-3
1.317500E-7	2.458090E-3
1.318000E-7	2.538598E-3
1.318500E-7	2.581421E-3
1.319000E-7	2.542023E-3
1.319500E-7	2.408413E-3
1.320000E-7	2.243970E-3
1.320500E-7	2.091518E-3
1.321000E-7	1.940778E-3
1.321500E-7	1.808881E-3
1.322000E-7	1.724947E-3
1.322500E-7	1.670133E-3
1.323000E-7	1.630735E-3
1.323500E-7	1.618745E-3
1.324000E-7	1.634162E-3
1.324500E-7	1.670134E-3
1.325000E-7	1.745504E-3
1.325500E-7	1.815735E-3
1.326000E-7	1.844855E-3
1.326500E-7	1.896243E-3
1.327000E-7	1.990455E-3
1.327500E-7	2.062399E-3
1.328000E-7	2.103509E-3
1.328500E-7	2.170314E-3
1.329000E-7	2.245684E-3
1.329500E-7	2.276517E-3
1.330000E-7	2.278230E-3
1.330500E-7	2.297072E-3
1.331000E-7	2.315915E-3
1.331500E-7	2.310776E-3
1.332000E-7	2.288508E-3
1.332500E-7	2.261101E-3
1.333000E-7	2.223417E-3
1.333500E-7	2.160038E-3
1.334000E-7	2.103511E-3
1.334500E-7	2.086381E-3
1.335000E-7	2.098372E-3
1.335500E-7	2.112075E-3
1.336000E-7	2.134343E-3
1.336500E-7	2.194296E-3
1.337000E-7	2.276517E-3
1.337500E-7	2.358738E-3
1.338000E-7	2.451237E-3
1.338500E-7	2.540310E-3
1.339000E-7	2.584846E-3
1.339500E-7	2.581420E-3
1.340000E-7	2.552300E-3
1.340500E-7	2.482069E-3
1.341000E-7	2.346746E-3
1.341500E-7	2.160035E-3
1.342000E-7	1.963047E-3
1.342500E-7	1.767771E-3
1.343000E-7	1.570782E-3
1.343500E-7	1.385784E-3
1.344000E-7	1.250462E-3
1.344500E-7	1.219629E-3
1.345000E-7	1.289859E-3
1.345500E-7	1.416617E-3
1.346000E-7	1.589625E-3
1.346500E-7	1.834576E-3
1.347000E-7	2.105222E-3
1.347500E-7	2.329618E-3
1.348000E-7	2.518042E-3
1.348500E-7	2.680772E-3
1.349000E-7	2.742438E-3
1.349500E-7	2.682485E-3
1.350000E-7	2.566005E-3
1.350500E-7	2.394710E-3
1.351000E-7	2.136055E-3
1.351500E-7	1.839715E-3
1.352000E-7	1.562217E-3
1.352500E-7	1.306988E-3
1.353000E-7	1.101434E-3
1.353500E-7	1.000370E-3
1.354000E-7	1.014074E-3
1.354500E-7	1.135693E-3
1.355000E-7	1.366941E-3
1.355500E-7	1.690688E-3
1.356000E-7	2.060684E-3
1.356500E-7	2.446097E-3
1.357000E-7	2.800677E-3
1.357500E-7	3.074749E-3
1.358000E-7	3.258034E-3
1.358500E-7	3.355673E-3
1.359000E-7	3.371089E-3
1.359500E-7	3.300859E-3
1.360000E-7	3.150119E-3
1.360500E-7	2.947992E-3
1.361000E-7	2.723596E-3
1.361500E-7	2.490635E-3
1.362000E-7	2.271378E-3
1.362500E-7	2.117213E-3
1.363000E-7	2.045270E-3
1.363500E-7	2.014437E-3
1.364000E-7	2.014436E-3
1.364500E-7	2.064112E-3
1.365000E-7	2.165176E-3
1.365500E-7	2.285082E-3
1.366000E-7	2.406701E-3
1.366500E-7	2.512903E-3
1.367000E-7	2.567718E-3
1.367500E-7	2.581421E-3
1.368000E-7	2.584847E-3
1.368500E-7	2.583134E-3
1.369000E-7	2.562578E-3
1.369500E-7	2.509477E-3
1.370000E-7	2.440959E-3
1.370500E-7	2.369015E-3
1.371000E-7	2.283368E-3
1.371500E-7	2.190869E-3
1.372000E-7	2.112074E-3
1.372500E-7	2.064111E-3
1.373000E-7	2.033278E-3
1.373500E-7	2.002445E-3
1.374000E-7	1.969899E-3
1.374500E-7	1.945918E-3
1.375000E-7	1.947631E-3
1.375500E-7	1.945918E-3
1.376000E-7	1.892817E-3
1.376500E-7	1.803743E-3
1.377000E-7	1.724947E-3
1.377500E-7	1.649578E-3
1.378000E-7	1.546801E-3
1.378500E-7	1.479995E-3
1.379000E-7	1.490273E-3
1.379500E-7	1.517680E-3
1.380000E-7	1.538235E-3
1.380500E-7	1.622170E-3
1.381000E-7	1.772909E-3
1.381500E-7	1.940778E-3
1.382000E-7	2.118925E-3
1.382500E-7	2.338182E-3
1.383000E-7	2.548875E-3
1.383500E-7	2.697902E-3
1.384000E-7	2.807530E-3
1.384500E-7	2.879474E-3
1.385000E-7	2.884613E-3
1.385500E-7	2.841790E-3
1.386000E-7	2.785262E-3
1.386500E-7	2.730448E-3
1.387000E-7	2.696189E-3
1.387500E-7	2.667069E-3
1.388000E-7	2.631097E-3
1.388500E-7	2.620819E-3
1.389000E-7	2.661930E-3
1.389500E-7	2.706466E-3
1.390000E-7	2.711605E-3
1.390500E-7	2.703040E-3
1.391000E-7	2.694476E-3
1.391500E-7	2.643087E-3
1.392000E-7	2.547162E-3
1.392500E-7	2.451237E-3
1.393000E-7	2.355312E-3
1.393500E-7	2.250822E-3
1.394000E-7	2.172027E-3
1.394500E-7	2.129203E-3
1.395000E-7	2.125777E-3
1.395500E-7	2.172027E-3
1.396000E-7	2.254249E-3
1.396500E-7	2.334757E-3
1.397000E-7	2.410127E-3
1.397500E-7	2.482071E-3
1.398000E-7	2.524894E-3
1.398500E-7	2.531746E-3
1.399000E-7	2.506052E-3
1.399500E-7	2.463228E-3
1.400000E-7	2.415265E-3
1.400500E-7	2.360451E-3
1.401000E-7	2.269664E-3
1.401500E-7	2.158323E-3
1.402000E-7	2.093231E-3
1.402500E-7	2.079527E-3
1.403000E-7	2.057259E-3
1.403500E-7	2.009297E-3
1.404000E-7	1.999019E-3
1.404500E-7	2.017861E-3
1.405000E-7	2.034991E-3
1.405500E-7	2.036703E-3
1.406000E-7	2.050407E-3
1.406500E-7	2.081240E-3
1.407000E-7	2.124064E-3
1.407500E-7	2.137767E-3
1.408000E-7	2.112073E-3
1.408500E-7	2.086379E-3
1.409000E-7	2.077814E-3
1.409500E-7	2.055546E-3
1.410000E-7	2.014435E-3
1.410500E-7	1.981889E-3
1.411000E-7	1.990454E-3
1.411500E-7	2.029852E-3
1.412000E-7	2.074389E-3
1.412500E-7	2.124064E-3
1.413000E-7	2.185730E-3
1.413500E-7	2.269665E-3
1.414000E-7	2.355312E-3
1.414500E-7	2.422117E-3
1.415000E-7	2.485496E-3
1.415500E-7	2.562579E-3
1.416000E-7	2.617393E-3
1.416500E-7	2.605402E-3
1.417000E-7	2.545449E-3
1.417500E-7	2.473505E-3
1.418000E-7	2.411839E-3
1.418500E-7	2.338182E-3
1.419000E-7	2.255961E-3
1.419500E-7	2.189156E-3
1.420000E-7	2.158323E-3
1.420500E-7	2.160036E-3
1.421000E-7	2.202860E-3
1.421500E-7	2.298785E-3
1.422000E-7	2.415265E-3
1.422500E-7	2.535171E-3
1.423000E-7	2.656790E-3
1.423500E-7	2.747576E-3
1.424000E-7	2.776696E-3
1.424500E-7	2.788687E-3
1.425000E-7	2.802390E-3
1.425500E-7	2.762993E-3
1.426000E-7	2.675632E-3
1.426500E-7	2.600263E-3
1.427000E-7	2.540310E-3
1.427500E-7	2.488922E-3
1.428000E-7	2.507764E-3
1.428500E-7	2.608828E-3
1.429000E-7	2.713318E-3
1.429500E-7	2.828086E-3
1.430000E-7	2.973686E-3
1.430500E-7	3.141555E-3
1.431000E-7	3.276878E-3
1.431500E-7	3.377942E-3
1.432000E-7	3.443034E-3
1.432500E-7	3.461876E-3
1.433000E-7	3.429330E-3
1.433500E-7	3.347108E-3
1.434000E-7	3.237480E-3
1.434500E-7	3.114148E-3
1.435000E-7	2.961695E-3
1.435500E-7	2.812669E-3
1.436000E-7	2.697902E-3
1.436500E-7	2.586560E-3
1.437000E-7	2.451238E-3
1.437500E-7	2.338183E-3
1.438000E-7	2.262814E-3
1.438500E-7	2.189157E-3
1.439000E-7	2.122352E-3
1.439500E-7	2.098371E-3
1.440000E-7	2.105222E-3
1.440500E-7	2.088093E-3
1.441000E-7	2.086380E-3
1.441500E-7	2.125778E-3
1.442000E-7	2.173740E-3
1.442500E-7	2.199434E-3
1.443000E-7	2.225129E-3
1.443500E-7	2.249110E-3
1.444000E-7	2.238832E-3
1.444500E-7	2.226842E-3
1.445000E-7	2.225129E-3
1.445500E-7	2.216564E-3
1.446000E-7	2.219990E-3
1.446500E-7	2.262813E-3
1.447000E-7	2.314201E-3
1.447500E-7	2.315914E-3
1.448000E-7	2.322766E-3
1.448500E-7	2.375867E-3
1.449000E-7	2.451236E-3
1.449500E-7	2.530032E-3
1.450000E-7	2.617392E-3
1.450500E-7	2.677345E-3
1.451000E-7	2.680771E-3
1.451500E-7	2.648225E-3
1.452000E-7	2.596837E-3
1.452500E-7	2.512903E-3
1.453000E-7	2.377580E-3
1.453500E-7	2.213138E-3
1.454000E-7	2.081241E-3
1.454500E-7	1.997307E-3
1.455000E-7	1.928789E-3
1.455500E-7	1.892817E-3
1.456000E-7	1.940780E-3
1.456500E-7	2.041844E-3
1.457000E-7	2.141195E-3
1.457500E-7	2.259388E-3
1.458000E-7	2.410127E-3
1.458500E-7	2.545450E-3
1.459000E-7	2.646514E-3
1.459500E-7	2.701328E-3
1.460000E-7	2.694477E-3
1.460500E-7	2.643088E-3
1.461000E-7	2.586561E-3
1.461500E-7	2.516330E-3
1.462000E-7	2.432395E-3
1.462500E-7	2.379294E-3
1.463000E-7	2.370729E-3
1.463500E-7	2.374155E-3
1.464000E-7	2.387858E-3
1.464500E-7	2.439247E-3
1.465000E-7	2.523181E-3
1.465500E-7	2.600263E-3
1.466000E-7	2.637948E-3
1.466500E-7	2.649938E-3
1.467000E-7	2.653364E-3
1.467500E-7	2.603689E-3
1.468000E-7	2.487208E-3
1.468500E-7	2.370728E-3
1.469000E-7	2.286794E-3
1.469500E-7	2.201146E-3
1.470000E-7	2.118925E-3
1.470500E-7	2.091518E-3
1.471000E-7	2.094944E-3
1.471500E-7	2.110361E-3
1.472000E-7	2.161749E-3
1.472500E-7	2.249110E-3
1.473000E-7	2.345035E-3
1.473500E-7	2.449525E-3
1.474000E-7	2.548876E-3
1.474500E-7	2.613967E-3
1.475000E-7	2.637949E-3
1.475500E-7	2.646513E-3
1.476000E-7	2.627671E-3
1.476500E-7	2.583134E-3
1.477000E-7	2.538597E-3
1.477500E-7	2.502625E-3
1.478000E-7	2.452950E-3
1.478500E-7	2.386145E-3
1.479000E-7	2.326191E-3
1.479500E-7	2.300497E-3
1.480000E-7	2.307349E-3
1.480500E-7	2.317627E-3
1.481000E-7	2.329618E-3
1.481500E-7	2.348460E-3
1.482000E-7	2.394710E-3
1.482500E-7	2.480357E-3
1.483000E-7	2.588273E-3
1.483500E-7	2.665356E-3
1.484000E-7	2.697902E-3
1.484500E-7	2.720170E-3
1.485000E-7	2.706466E-3
1.485500E-7	2.634523E-3
1.486000E-7	2.507764E-3
1.486500E-7	2.360451E-3
1.487000E-7	2.204573E-3
1.487500E-7	2.026426E-3
1.488000E-7	1.856845E-3
1.488500E-7	1.735225E-3
1.489000E-7	1.673559E-3
1.489500E-7	1.644439E-3
1.490000E-7	1.653004E-3
1.490500E-7	1.721522E-3
1.491000E-7	1.829438E-3
1.491500E-7	1.932214E-3
1.492000E-7	2.058973E-3
1.492500E-7	2.209712E-3
1.493000E-7	2.345035E-3
1.493500E-7	2.434108E-3
1.494000E-7	2.483783E-3
1.494500E-7	2.514616E-3
1.495000E-7	2.542023E-3
1.495500E-7	2.557439E-3
1.496000E-7	2.562578E-3
1.496500E-7	2.593411E-3
1.497000E-7	2.651652E-3
1.497500E-7	2.672207E-3
1.498000E-7	2.658504E-3
1.498500E-7	2.665356E-3
1.499000E-7	2.660217E-3
1.499500E-7	2.589987E-3
1.500000E-7	2.495775E-3
1.500500E-7	2.446100E-3
1.501000E-7	2.389573E-3
1.501500E-7	2.295361E-3
1.502000E-7	2.219991E-3
1.502500E-7	2.172028E-3
1.503000E-7	2.137769E-3
1.503500E-7	2.139482E-3
1.504000E-7	2.165176E-3
1.504500E-7	2.175454E-3
1.505000E-7	2.166889E-3
1.505500E-7	2.166889E-3
1.506000E-7	2.160037E-3
1.506500E-7	2.141194E-3
1.507000E-7	2.113787E-3
1.507500E-7	2.048695E-3
1.508000E-7	1.964761E-3
1.508500E-7	1.903094E-3
1.509000E-7	1.846567E-3
1.509500E-7	1.771197E-3
1.510000E-7	1.721522E-3
1.510500E-7	1.728374E-3
1.511000E-7	1.760920E-3
1.511500E-7	1.810595E-3
1.512000E-7	1.918511E-3
1.512500E-7	2.062398E-3
1.513000E-7	2.178879E-3
1.513500E-7	2.257674E-3
1.514000E-7	2.324479E-3
1.514500E-7	2.369016E-3
1.515000E-7	2.365590E-3
1.515500E-7	2.321053E-3
1.516000E-7	2.243970E-3
1.516500E-7	2.173739E-3
1.517000E-7	2.112073E-3
1.517500E-7	2.026425E-3
1.518000E-7	1.940778E-3
1.518500E-7	1.906519E-3
1.519000E-7	1.932213E-3
1.519500E-7	1.971611E-3
1.520000E-7	2.026426E-3
1.520500E-7	2.088092E-3
1.521000E-7	2.117212E-3
1.521500E-7	2.113787E-3
1.522000E-7	2.105222E-3
1.522500E-7	2.082954E-3
1.523000E-7	2.036705E-3
1.523500E-7	1.999021E-3
1.524000E-7	1.980178E-3
1.524500E-7	1.993882E-3
1.525000E-7	2.065826E-3
1.525500E-7	2.173741E-3
1.526000E-7	2.281656E-3
1.526500E-7	2.422118E-3
1.527000E-7	2.608829E-3
1.527500E-7	2.774984E-3
1.528000E-7	2.888038E-3
1.528500E-7	2.994241E-3
1.529000E-7	3.054194E-3
1.529500E-7	3.009657E-3
1.530000E-7	2.884612E-3
1.530500E-7	2.725308E-3
1.531000E-7	2.536884E-3
1.531500E-7	2.312488E-3
1.532000E-7	2.091518E-3
1.532500E-7	1.916797E-3
1.533000E-7	1.812308E-3
1.533500E-7	1.767771E-3
1.534000E-7	1.766058E-3
1.534500E-7	1.822585E-3
1.535000E-7	1.945918E-3
1.535500E-7	2.091518E-3
1.536000E-7	2.235406E-3
1.536500E-7	2.404988E-3
1.537000E-7	2.552301E-3
1.537500E-7	2.608828E-3
1.538000E-7	2.608828E-3
1.538500E-7	2.589986E-3
1.539000E-7	2.511190E-3
1.539500E-7	2.357025E-3
1.540000E-7	2.206285E-3
1.540500E-7	2.088092E-3
1.541000E-7	1.981889E-3
1.541500E-7	1.885964E-3
1.542000E-7	1.839714E-3
1.542500E-7	1.834576E-3
1.543000E-7	1.855131E-3
1.543500E-7	1.889390E-3
1.544000E-7	1.933927E-3
1.544500E-7	2.007584E-3
1.545000E-7	2.082954E-3
1.545500E-7	2.110361E-3
1.546000E-7	2.108648E-3
1.546500E-7	2.137769E-3
1.547000E-7	2.170314E-3
1.547500E-7	2.156611E-3
1.548000E-7	2.146333E-3
1.548500E-7	2.177165E-3
1.549000E-7	2.225128E-3
1.549500E-7	2.262812E-3
1.550000E-7	2.317626E-3
1.550500E-7	2.363876E-3
1.551000E-7	2.392996E-3
1.551500E-7	2.415264E-3
1.552000E-7	2.425542E-3
1.552500E-7	2.399848E-3
1.553000E-7	2.358737E-3
1.553500E-7	2.334756E-3
1.554000E-7	2.338182E-3
1.554500E-7	2.338182E-3
1.555000E-7	2.331330E-3
1.555500E-7	2.338182E-3
1.556000E-7	2.386145E-3
1.556500E-7	2.451236E-3
1.557000E-7	2.466653E-3
1.557500E-7	2.464940E-3
1.558000E-7	2.490634E-3
1.558500E-7	2.536884E-3
1.559000E-7	2.557439E-3
1.559500E-7	2.559153E-3
1.560000E-7	2.572856E-3
1.560500E-7	2.596838E-3
1.561000E-7	2.598551E-3
1.561500E-7	2.595125E-3
1.562000E-7	2.595125E-3
1.562500E-7	2.576283E-3
1.563000E-7	2.521469E-3
1.563500E-7	2.446099E-3
1.564000E-7	2.362165E-3
1.564500E-7	2.249110E-3
1.565000E-7	2.112074E-3
1.565500E-7	1.964761E-3
1.566000E-7	1.836289E-3
1.566500E-7	1.750642E-3
1.567000E-7	1.704392E-3
1.567500E-7	1.682124E-3
1.568000E-7	1.685549E-3
1.568500E-7	1.726660E-3
1.569000E-7	1.769483E-3
1.569500E-7	1.793465E-3
1.570000E-7	1.812307E-3
1.570500E-7	1.834576E-3
1.571000E-7	1.839715E-3
1.571500E-7	1.808882E-3
1.572000E-7	1.723235E-3
1.572500E-7	1.596477E-3
1.573000E-7	1.485135E-3
1.573500E-7	1.425182E-3
1.574000E-7	1.390923E-3
1.574500E-7	1.372081E-3
1.575000E-7	1.418331E-3
1.575500E-7	1.539950E-3
1.576000E-7	1.690689E-3
1.576500E-7	1.856844E-3
1.577000E-7	2.062398E-3
1.577500E-7	2.288507E-3
1.578000E-7	2.516329E-3
1.578500E-7	2.745863E-3
1.579000E-7	2.961695E-3
1.579500E-7	3.134702E-3
1.580000E-7	3.256322E-3
1.580500E-7	3.328265E-3
1.581000E-7	3.350534E-3
1.581500E-7	3.321414E-3
1.582000E-7	3.249470E-3
1.582500E-7	3.146693E-3
1.583000E-7	3.014796E-3
1.583500E-7	2.848641E-3
1.584000E-7	2.673920E-3
1.584500E-7	2.521468E-3
1.585000E-7	2.392997E-3
1.585500E-7	2.249109E-3
1.586000E-7	2.096657E-3
1.586500E-7	1.997306E-3
1.587000E-7	1.959621E-3
1.587500E-7	1.947630E-3
1.588000E-7	1.981889E-3
1.588500E-7	2.089805E-3
1.589000E-7	2.243970E-3
1.589500E-7	2.396423E-3
1.590000E-7	2.548875E-3
1.590500E-7	2.699615E-3
1.591000E-7	2.802392E-3
1.591500E-7	2.812669E-3
1.592000E-7	2.757855E-3
1.592500E-7	2.689337E-3
1.593000E-7	2.598551E-3
1.593500E-7	2.490635E-3
1.594000E-7	2.401562E-3
1.594500E-7	2.348461E-3
1.595000E-7	2.336470E-3
1.595500E-7	2.367303E-3
1.596000E-7	2.423830E-3
1.596500E-7	2.509477E-3
1.597000E-7	2.615680E-3
1.597500E-7	2.709892E-3
1.598000E-7	2.778410E-3
1.598500E-7	2.860631E-3
1.599000E-7	2.903455E-3
1.599500E-7	2.821233E-3
1.600000E-7	2.643086E-3
1.600500E-7	2.468366E-3
1.601000E-7	2.278229E-3
1.601500E-7	2.048694E-3
1.602000E-7	1.851705E-3
1.602500E-7	1.733512E-3
1.603000E-7	1.656429E-3
1.603500E-7	1.581060E-3
1.604000E-7	1.548514E-3
1.604500E-7	1.605041E-3
1.605000E-7	1.697541E-3
1.605500E-7	1.788327E-3
1.606000E-7	1.894530E-3
1.606500E-7	2.045269E-3
1.607000E-7	2.185731E-3
1.607500E-7	2.271378E-3
1.608000E-7	2.358738E-3
1.608500E-7	2.447812E-3
1.609000E-7	2.487209E-3
1.609500E-7	2.485496E-3
1.610000E-7	2.494061E-3
1.610500E-7	2.502626E-3
1.611000E-7	2.492348E-3
1.611500E-7	2.482071E-3
1.612000E-7	2.485497E-3
1.612500E-7	2.476932E-3
1.613000E-7	2.464942E-3
1.613500E-7	2.456377E-3
1.614000E-7	2.423831E-3
1.614500E-7	2.377581E-3
1.615000E-7	2.343322E-3
1.615500E-7	2.305637E-3
1.616000E-7	2.259387E-3
1.616500E-7	2.230266E-3
1.617000E-7	2.214850E-3
1.617500E-7	2.202859E-3
1.618000E-7	2.214850E-3
1.618500E-7	2.250821E-3
1.619000E-7	2.262812E-3
1.619500E-7	2.242257E-3
1.620000E-7	2.237118E-3
1.620500E-7	2.255961E-3
1.621000E-7	2.255961E-3
1.621500E-7	2.231980E-3
1.622000E-7	2.214850E-3
1.622500E-7	2.184017E-3
1.623000E-7	2.125777E-3
1.623500E-7	2.074388E-3
1.624000E-7	2.077814E-3
1.624500E-7	2.122351E-3
1.625000E-7	2.187442E-3
1.625500E-7	2.285080E-3
1.626000E-7	2.430681E-3
1.626500E-7	2.596837E-3
1.627000E-7	2.747576E-3
1.627500E-7	2.864056E-3
1.628000E-7	2.956556E-3
1.628500E-7	3.026787E-3
1.629000E-7	3.079889E-3
1.629500E-7	3.098731E-3
1.630000E-7	3.067899E-3
1.630500E-7	3.004520E-3
1.631000E-7	2.925724E-3
1.631500E-7	2.826374E-3
1.632000E-7	2.709893E-3
1.632500E-7	2.617394E-3
1.633000E-7	2.538598E-3
1.633500E-7	2.447812E-3
1.634000E-7	2.386146E-3
1.634500E-7	2.392997E-3
1.635000E-7	2.411839E-3
1.635500E-7	2.387858E-3
1.636000E-7	2.370728E-3
1.636500E-7	2.418691E-3
1.637000E-7	2.470079E-3
1.637500E-7	2.482069E-3
1.638000E-7	2.502625E-3
1.638500E-7	2.543736E-3
1.639000E-7	2.557439E-3
1.639500E-7	2.545449E-3
1.640000E-7	2.543736E-3
1.640500E-7	2.550588E-3
1.641000E-7	2.554014E-3
1.641500E-7	2.571143E-3
1.642000E-7	2.588273E-3
1.642500E-7	2.631096E-3
1.643000E-7	2.716744E-3
1.643500E-7	2.798965E-3
1.644000E-7	2.846927E-3
1.644500E-7	2.898315E-3
1.645000E-7	2.944565E-3
1.645500E-7	2.946278E-3
1.646000E-7	2.912019E-3
1.646500E-7	2.846927E-3
1.647000E-7	2.718455E-3
1.647500E-7	2.557438E-3
1.648000E-7	2.404986E-3
1.648500E-7	2.247395E-3
1.649000E-7	2.084665E-3
1.649500E-7	1.951056E-3
1.650000E-7	1.863696E-3
1.650500E-7	1.826011E-3
1.651000E-7	1.853418E-3
1.651500E-7	1.921936E-3
1.652000E-7	2.019574E-3
1.652500E-7	2.161749E-3
1.653000E-7	2.329618E-3
1.653500E-7	2.459802E-3
1.654000E-7	2.538597E-3
1.654500E-7	2.588273E-3
1.655000E-7	2.619106E-3
1.655500E-7	2.625957E-3
1.656000E-7	2.596837E-3
1.656500E-7	2.535171E-3
1.657000E-7	2.478644E-3
1.657500E-7	2.430682E-3
1.658000E-7	2.355312E-3
1.658500E-7	2.300498E-3
1.659000E-7	2.310776E-3
1.659500E-7	2.336470E-3
1.660000E-7	2.346747E-3
1.660500E-7	2.384432E-3
1.661000E-7	2.451237E-3
1.661500E-7	2.499199E-3
1.662000E-7	2.524893E-3
1.662500E-7	2.560865E-3
1.663000E-7	2.579708E-3
1.663500E-7	2.552301E-3
1.664000E-7	2.492347E-3
1.664500E-7	2.418691E-3
1.665000E-7	2.314201E-3
1.665500E-7	2.202860E-3
1.666000E-7	2.106935E-3
1.666500E-7	2.043556E-3
1.667000E-7	1.993880E-3
1.667500E-7	1.956196E-3
1.668000E-7	1.940779E-3
1.668500E-7	1.956196E-3
1.669000E-7	1.980177E-3
1.669500E-7	2.004158E-3
1.670000E-7	2.045269E-3
1.670500E-7	2.089806E-3
1.671000E-7	2.120639E-3
1.671500E-7	2.141194E-3
1.672000E-7	2.161750E-3
1.672500E-7	2.202860E-3
1.673000E-7	2.266239E-3
1.673500E-7	2.351887E-3
1.674000E-7	2.439247E-3
1.674500E-7	2.509478E-3
1.675000E-7	2.559153E-3
1.675500E-7	2.560866E-3
1.676000E-7	2.523181E-3
1.676500E-7	2.473506E-3
1.677000E-7	2.425543E-3
1.677500E-7	2.381007E-3
1.678000E-7	2.333044E-3
1.678500E-7	2.281656E-3
1.679000E-7	2.245684E-3
1.679500E-7	2.240545E-3
1.680000E-7	2.249109E-3
1.680500E-7	2.262813E-3
1.681000E-7	2.293645E-3
1.681500E-7	2.334756E-3
1.682000E-7	2.358737E-3
1.682500E-7	2.374154E-3
1.683000E-7	2.360450E-3
1.683500E-7	2.286793E-3
1.684000E-7	2.153183E-3
1.684500E-7	2.005870E-3
1.685000E-7	1.868834E-3
1.685500E-7	1.730085E-3
1.686000E-7	1.599901E-3
1.686500E-7	1.521106E-3
1.687000E-7	1.479995E-3
1.687500E-7	1.468004E-3
1.688000E-7	1.493699E-3
1.688500E-7	1.577633E-3
1.689000E-7	1.692400E-3
1.689500E-7	1.839714E-3
1.690000E-7	2.021286E-3
1.690500E-7	2.214850E-3
1.691000E-7	2.382718E-3
1.691500E-7	2.538597E-3
1.692000E-7	2.706466E-3
1.692500E-7	2.843501E-3
1.693000E-7	2.894890E-3
1.693500E-7	2.893177E-3
1.694000E-7	2.867483E-3
1.694500E-7	2.821233E-3
1.695000E-7	2.730447E-3
1.695500E-7	2.608828E-3
1.696000E-7	2.500912E-3
1.696500E-7	2.437533E-3
1.697000E-7	2.401562E-3
1.697500E-7	2.374155E-3
1.698000E-7	2.375868E-3
1.698500E-7	2.415266E-3
1.699000E-7	2.482071E-3
1.699500E-7	2.574570E-3
1.700000E-7	2.661931E-3
1.700500E-7	2.703042E-3
1.701000E-7	2.711606E-3
1.701500E-7	2.708180E-3
1.702000E-7	2.663644E-3
1.702500E-7	2.550589E-3
1.703000E-7	2.382720E-3
1.703500E-7	2.166888E-3
1.704000E-7	1.939066E-3
1.704500E-7	1.748929E-3
1.705000E-7	1.589625E-3
1.705500E-7	1.459441E-3
1.706000E-7	1.433746E-3
1.706500E-7	1.526246E-3
1.707000E-7	1.635874E-3
1.707500E-7	1.745503E-3
1.708000E-7	1.923650E-3
1.708500E-7	2.156611E-3
1.709000E-7	2.372442E-3
1.709500E-7	2.524895E-3
1.710000E-7	2.615681E-3
1.710500E-7	2.673921E-3
1.711000E-7	2.703041E-3
1.711500E-7	2.667069E-3
1.712000E-7	2.572856E-3
1.712500E-7	2.471792E-3
1.713000E-7	2.369015E-3
1.713500E-7	2.249109E-3
1.714000E-7	2.168600E-3
1.714500E-7	2.130915E-3
1.715000E-7	2.101795E-3
1.715500E-7	2.120637E-3
1.716000E-7	2.231979E-3
1.716500E-7	2.360450E-3
1.717000E-7	2.458088E-3
1.717500E-7	2.569430E-3
1.718000E-7	2.691049E-3
1.718500E-7	2.744150E-3
1.719000E-7	2.744150E-3
1.719500E-7	2.735586E-3
1.720000E-7	2.691049E-3
1.720500E-7	2.601976E-3
1.721000E-7	2.494060E-3
1.721500E-7	2.386145E-3
1.722000E-7	2.271377E-3
1.722500E-7	2.166888E-3
1.723000E-7	2.120638E-3
1.723500E-7	2.125777E-3
1.724000E-7	2.148045E-3
1.724500E-7	2.165175E-3
1.725000E-7	2.194295E-3
1.725500E-7	2.230267E-3
1.726000E-7	2.257674E-3
1.726500E-7	2.276517E-3
1.727000E-7	2.302211E-3
1.727500E-7	2.329618E-3
1.728000E-7	2.338183E-3
1.728500E-7	2.338182E-3
1.729000E-7	2.339895E-3
1.729500E-7	2.358738E-3
1.730000E-7	2.404987E-3
1.730500E-7	2.463227E-3
1.731000E-7	2.518041E-3
1.731500E-7	2.572856E-3
1.732000E-7	2.622531E-3
1.732500E-7	2.648226E-3
1.733000E-7	2.619106E-3
1.733500E-7	2.547162E-3
1.734000E-7	2.494061E-3
1.734500E-7	2.454663E-3
1.735000E-7	2.406701E-3
1.735500E-7	2.365590E-3
1.736000E-7	2.382719E-3
1.736500E-7	2.454663E-3
1.737000E-7	2.535172E-3
1.737500E-7	2.610541E-3
1.738000E-7	2.709892E-3
1.738500E-7	2.834937E-3
1.739000E-7	2.951418E-3
1.739500E-7	3.028500E-3
1.740000E-7	3.085028E-3
1.740500E-7	3.144981E-3
1.741000E-7	3.177527E-3
1.741500E-7	3.112435E-3
1.742000E-7	2.970260E-3
1.742500E-7	2.850354E-3
1.743000E-7	2.773271E-3
1.743500E-7	2.668781E-3
1.744000E-7	2.547162E-3
1.744500E-7	2.456376E-3
1.745000E-7	2.391284E-3
1.745500E-7	2.312488E-3
1.746000E-7	2.211425E-3
1.746500E-7	2.122351E-3
1.747000E-7	2.048695E-3
1.747500E-7	1.963047E-3
1.748000E-7	1.851706E-3
1.748500E-7	1.733512E-3
1.749000E-7	1.639300E-3
1.749500E-7	1.548514E-3
1.750000E-7	1.445737E-3
1.750500E-7	1.378932E-3
1.751000E-7	1.389209E-3
1.751500E-7	1.435459E-3
1.752000E-7	1.476569E-3
1.752500E-7	1.550226E-3
1.753000E-7	1.666706E-3
1.753500E-7	1.808881E-3
1.754000E-7	1.988740E-3
1.754500E-7	2.219989E-3
1.755000E-7	2.449524E-3
1.755500E-7	2.627671E-3
1.756000E-7	2.759568E-3
1.756500E-7	2.862345E-3
1.757000E-7	2.906882E-3
1.757500E-7	2.881188E-3
1.758000E-7	2.814383E-3
1.758500E-7	2.728736E-3
1.759000E-7	2.596839E-3
1.759500E-7	2.435821E-3
1.760000E-7	2.288508E-3
1.760500E-7	2.165175E-3
1.761000E-7	2.072676E-3
1.761500E-7	2.024713E-3
1.762000E-7	2.052120E-3
1.762500E-7	2.149758E-3
1.763000E-7	2.312488E-3
1.763500E-7	2.512903E-3
1.764000E-7	2.718457E-3
1.764500E-7	2.915446E-3
1.765000E-7	3.091880E-3
1.765500E-7	3.213499E-3
1.766000E-7	3.251184E-3
1.766500E-7	3.206648E-3
1.767000E-7	3.109010E-3
1.767500E-7	2.970261E-3
1.768000E-7	2.795540E-3
1.768500E-7	2.589987E-3
1.769000E-7	2.408414E-3
1.769500E-7	2.261101E-3
1.770000E-7	2.163462E-3
1.770500E-7	2.124064E-3
1.771000E-7	2.134342E-3
1.771500E-7	2.165174E-3
1.772000E-7	2.226840E-3
1.772500E-7	2.336469E-3
1.773000E-7	2.423829E-3
1.773500E-7	2.461514E-3
1.774000E-7	2.500911E-3
1.774500E-7	2.559151E-3
1.775000E-7	2.593410E-3
1.775500E-7	2.598549E-3
1.776000E-7	2.615678E-3
1.776500E-7	2.629382E-3
1.777000E-7	2.624243E-3
1.777500E-7	2.600262E-3
1.778000E-7	2.584846E-3
1.778500E-7	2.579707E-3
1.779000E-7	2.574568E-3
1.779500E-7	2.535171E-3
1.780000E-7	2.458088E-3
1.780500E-7	2.399848E-3
1.781000E-7	2.363876E-3
1.781500E-7	2.300497E-3
1.782000E-7	2.209711E-3
1.782500E-7	2.130916E-3
1.783000E-7	2.065824E-3
1.783500E-7	2.016148E-3
1.784000E-7	1.985315E-3
1.784500E-7	1.961334E-3
1.785000E-7	1.951056E-3
1.785500E-7	1.957908E-3
1.786000E-7	1.964759E-3
1.786500E-7	2.012722E-3
1.787000E-7	2.105221E-3
1.787500E-7	2.194294E-3
1.788000E-7	2.302209E-3
1.788500E-7	2.463226E-3
1.789000E-7	2.619105E-3
1.789500E-7	2.684197E-3
1.790000E-7	2.701326E-3
1.790500E-7	2.706465E-3
1.791000E-7	2.660216E-3
1.791500E-7	2.550587E-3
1.792000E-7	2.430681E-3
1.792500E-7	2.302210E-3
1.793000E-7	2.160036E-3
1.793500E-7	2.043555E-3
1.794000E-7	1.969899E-3
1.794500E-7	1.915084E-3
1.795000E-7	1.879113E-3
1.795500E-7	1.872261E-3
1.796000E-7	1.889390E-3
1.796500E-7	1.915084E-3
1.797000E-7	1.949343E-3
1.797500E-7	1.983602E-3
1.798000E-7	2.009296E-3
1.798500E-7	2.028138E-3
1.799000E-7	2.022999E-3
1.799500E-7	1.980176E-3
1.800000E-7	1.940778E-3
1.800500E-7	1.957907E-3
1.801000E-7	2.016147E-3
1.801500E-7	2.060684E-3
1.802000E-7	2.115499E-3
1.802500E-7	2.233692E-3
1.803000E-7	2.384432E-3
1.803500E-7	2.506051E-3
1.804000E-7	2.629383E-3
1.804500E-7	2.754428E-3
1.805000E-7	2.834937E-3
1.805500E-7	2.845214E-3
1.806000E-7	2.845214E-3
1.806500E-7	2.848640E-3
1.807000E-7	2.797252E-3
1.807500E-7	2.696188E-3
1.808000E-7	2.583134E-3
1.808500E-7	2.485496E-3
1.809000E-7	2.392996E-3
1.809500E-7	2.324479E-3
1.810000E-7	2.281655E-3
1.810500E-7	2.243970E-3
1.811000E-7	2.242258E-3
1.811500E-7	2.293646E-3
1.812000E-7	2.367303E-3
1.812500E-7	2.430682E-3
1.813000E-7	2.492348E-3
1.813500E-7	2.564291E-3
1.814000E-7	2.619105E-3
1.814500E-7	2.679058E-3
1.815000E-7	2.730447E-3
1.815500E-7	2.759567E-3
1.816000E-7	2.781835E-3
1.816500E-7	2.798965E-3
1.817000E-7	2.754428E-3
1.817500E-7	2.639661E-3
1.818000E-7	2.538597E-3
1.818500E-7	2.451237E-3
1.819000E-7	2.307349E-3
1.819500E-7	2.130916E-3
1.820000E-7	1.992167E-3
1.820500E-7	1.903094E-3
1.821000E-7	1.848279E-3
1.821500E-7	1.841427E-3
1.822000E-7	1.858557E-3
1.822500E-7	1.885964E-3
1.823000E-7	1.939065E-3
1.823500E-7	2.007583E-3
1.824000E-7	2.079527E-3
1.824500E-7	2.154897E-3
1.825000E-7	2.226841E-3
1.825500E-7	2.252535E-3
1.826000E-7	2.247396E-3
1.826500E-7	2.249109E-3
1.827000E-7	2.225128E-3
1.827500E-7	2.170314E-3
1.828000E-7	2.127490E-3
1.828500E-7	2.110361E-3
1.829000E-7	2.077815E-3
1.829500E-7	2.050407E-3
1.830000E-7	2.082953E-3
1.830500E-7	2.151471E-3
1.831000E-7	2.201147E-3
1.831500E-7	2.237119E-3
1.832000E-7	2.291933E-3
1.832500E-7	2.365590E-3
1.833000E-7	2.428969E-3
1.833500E-7	2.471793E-3
1.834000E-7	2.500913E-3
1.834500E-7	2.547163E-3
1.835000E-7	2.600264E-3
1.835500E-7	2.641374E-3
1.836000E-7	2.649939E-3
1.836500E-7	2.644800E-3
1.837000E-7	2.627671E-3
1.837500E-7	2.567717E-3
1.838000E-7	2.464940E-3
1.838500E-7	2.362164E-3
1.839000E-7	2.293646E-3
1.839500E-7	2.240544E-3
1.840000E-7	2.177165E-3
1.840500E-7	2.100083E-3
1.841000E-7	2.007584E-3
1.841500E-7	1.937353E-3
1.842000E-7	1.928788E-3
1.842500E-7	1.954482E-3
1.843000E-7	1.980176E-3
1.843500E-7	2.021287E-3
1.844000E-7	2.105221E-3
1.844500E-7	2.189156E-3
1.845000E-7	2.250822E-3
1.845500E-7	2.336469E-3
1.846000E-7	2.466653E-3
1.846500E-7	2.579707E-3
1.847000E-7	2.646512E-3
1.847500E-7	2.694475E-3
1.848000E-7	2.733873E-3
1.848500E-7	2.740725E-3
1.849000E-7	2.691049E-3
1.849500E-7	2.595124E-3
1.850000E-7	2.492347E-3
1.850500E-7	2.377580E-3
1.851000E-7	2.233692E-3
1.851500E-7	2.074388E-3
1.852000E-7	1.939065E-3
1.852500E-7	1.803743E-3
1.853000E-7	1.673559E-3
1.853500E-7	1.608467E-3
1.854000E-7	1.634161E-3
1.854500E-7	1.692401E-3
1.855000E-7	1.747216E-3
1.855500E-7	1.831150E-3
1.856000E-7	1.973324E-3
1.856500E-7	2.132628E-3
1.857000E-7	2.255961E-3
1.857500E-7	2.350173E-3
1.858000E-7	2.440959E-3
1.858500E-7	2.507764E-3
1.859000E-7	2.519754E-3
1.859500E-7	2.490634E-3
1.860000E-7	2.437533E-3
1.860500E-7	2.369015E-3
1.861000E-7	2.286794E-3
1.861500E-7	2.204573E-3
1.862000E-7	2.137768E-3
1.862500E-7	2.103509E-3
1.863000E-7	2.105222E-3
1.863500E-7	2.139481E-3
1.864000E-7	2.192582E-3
1.864500E-7	2.291933E-3
1.865000E-7	2.427255E-3
1.865500E-7	2.536884E-3
1.866000E-7	2.607115E-3
1.866500E-7	2.672207E-3
1.867000E-7	2.733872E-3
1.867500E-7	2.742437E-3
1.868000E-7	2.720169E-3
1.868500E-7	2.704752E-3
1.869000E-7	2.699613E-3
1.869500E-7	2.697900E-3
1.870000E-7	2.699613E-3
1.870500E-7	2.725308E-3
1.871000E-7	2.769844E-3
1.871500E-7	2.831510E-3
1.872000E-7	2.896603E-3
1.872500E-7	2.956556E-3
1.873000E-7	3.026787E-3
1.873500E-7	3.110721E-3
1.874000E-7	3.165536E-3
1.874500E-7	3.167249E-3
1.875000E-7	3.141555E-3
1.875500E-7	3.091879E-3
1.876000E-7	3.001093E-3
1.876500E-7	2.898316E-3
1.877000E-7	2.843502E-3
1.877500E-7	2.795539E-3
1.878000E-7	2.732160E-3
1.878500E-7	2.708179E-3
1.879000E-7	2.699614E-3
1.879500E-7	2.646513E-3
1.880000E-7	2.607115E-3
1.880500E-7	2.639661E-3
1.881000E-7	2.644800E-3
1.881500E-7	2.557440E-3
1.882000E-7	2.470080E-3
1.882500E-7	2.415265E-3
1.883000E-7	2.314202E-3
1.883500E-7	2.166888E-3
1.884000E-7	2.050408E-3
1.884500E-7	1.964760E-3
1.885000E-7	1.863696E-3
1.885500E-7	1.762633E-3
1.886000E-7	1.700966E-3
1.886500E-7	1.683837E-3
1.887000E-7	1.673559E-3
1.887500E-7	1.663281E-3
1.888000E-7	1.682124E-3
1.888500E-7	1.730086E-3
1.889000E-7	1.764345E-3
1.889500E-7	1.786613E-3
1.890000E-7	1.827724E-3
1.890500E-7	1.897955E-3
1.891000E-7	1.980176E-3
1.891500E-7	2.060685E-3
1.892000E-7	2.166888E-3
1.892500E-7	2.283368E-3
1.893000E-7	2.392997E-3
1.893500E-7	2.478644E-3
1.894000E-7	2.564292E-3
1.894500E-7	2.668782E-3
1.895000E-7	2.774984E-3
1.895500E-7	2.838363E-3
1.896000E-7	2.850354E-3
1.896500E-7	2.841789E-3
1.897000E-7	2.802391E-3
1.897500E-7	2.733873E-3
1.898000E-7	2.667068E-3
1.898500E-7	2.610540E-3
1.899000E-7	2.533458E-3
1.899500E-7	2.454662E-3
1.900000E-7	2.410126E-3
1.900500E-7	2.379292E-3
1.901000E-7	2.355311E-3
1.901500E-7	2.387857E-3
1.902000E-7	2.478643E-3
1.902500E-7	2.589985E-3
1.903000E-7	2.684197E-3
1.903500E-7	2.759567E-3
1.904000E-7	2.826372E-3
1.904500E-7	2.872621E-3
1.905000E-7	2.877760E-3
1.905500E-7	2.841788E-3
1.906000E-7	2.786974E-3
1.906500E-7	2.735586E-3
1.907000E-7	2.684197E-3
1.907500E-7	2.613967E-3
1.908000E-7	2.538597E-3
1.908500E-7	2.471792E-3
1.909000E-7	2.425543E-3
1.909500E-7	2.392997E-3
1.910000E-7	2.391284E-3
1.910500E-7	2.406700E-3
1.911000E-7	2.401561E-3
1.911500E-7	2.367302E-3
1.912000E-7	2.350173E-3
1.912500E-7	2.355311E-3
1.913000E-7	2.362163E-3
1.913500E-7	2.358737E-3
1.914000E-7	2.375867E-3
1.914500E-7	2.418690E-3
1.915000E-7	2.446097E-3
1.915500E-7	2.463227E-3
1.916000E-7	2.514615E-3
1.916500E-7	2.605402E-3
1.917000E-7	2.691049E-3
1.917500E-7	2.762993E-3
1.918000E-7	2.826372E-3
1.918500E-7	2.877761E-3
1.919000E-7	2.891464E-3
1.919500E-7	2.881187E-3
1.920000E-7	2.865770E-3
1.920500E-7	2.838363E-3
1.921000E-7	2.798966E-3
1.921500E-7	2.749290E-3
1.922000E-7	2.673921E-3
1.922500E-7	2.569431E-3
1.923000E-7	2.461515E-3
1.923500E-7	2.377581E-3
1.924000E-7	2.290221E-3
1.924500E-7	2.189157E-3
1.925000E-7	2.101796E-3
1.925500E-7	2.036704E-3
1.926000E-7	1.968186E-3
1.926500E-7	1.913371E-3
1.927000E-7	1.877399E-3
1.927500E-7	1.851705E-3
1.928000E-7	1.841427E-3
1.928500E-7	1.880824E-3
1.929000E-7	1.945916E-3
1.929500E-7	1.997304E-3
1.930000E-7	2.046980E-3
1.930500E-7	2.112072E-3
1.931000E-7	2.170312E-3
1.931500E-7	2.213136E-3
1.932000E-7	2.250821E-3
1.932500E-7	2.267951E-3
1.933000E-7	2.262812E-3
1.933500E-7	2.264526E-3
1.934000E-7	2.250822E-3
1.934500E-7	2.211424E-3
1.935000E-7	2.187443E-3
1.935500E-7	2.199434E-3
1.936000E-7	2.190869E-3
1.936500E-7	2.149758E-3
1.937000E-7	2.136054E-3
1.937500E-7	2.139480E-3
1.938000E-7	2.112073E-3
1.938500E-7	2.055546E-3
1.939000E-7	2.011009E-3
1.939500E-7	1.987028E-3
1.940000E-7	2.009296E-3
1.940500E-7	2.084666E-3
1.941000E-7	2.168601E-3
1.941500E-7	2.252535E-3
1.942000E-7	2.377581E-3
1.942500E-7	2.545450E-3
1.943000E-7	2.704754E-3
1.943500E-7	2.821235E-3
1.944000E-7	2.913734E-3
1.944500E-7	3.004520E-3
1.945000E-7	3.047343E-3
1.945500E-7	3.025075E-3
1.946000E-7	2.968547E-3
1.946500E-7	2.888038E-3
1.947000E-7	2.790400E-3
1.947500E-7	2.675633E-3
1.948000E-7	2.572856E-3
1.948500E-7	2.497486E-3
1.949000E-7	2.449524E-3
1.949500E-7	2.401561E-3
1.950000E-7	2.358738E-3
1.950500E-7	2.346747E-3
1.951000E-7	2.358738E-3
1.951500E-7	2.348460E-3
1.952000E-7	2.319340E-3
1.952500E-7	2.293646E-3
1.953000E-7	2.269665E-3
1.953500E-7	2.225128E-3
1.954000E-7	2.161749E-3
1.954500E-7	2.100083E-3
1.955000E-7	2.060685E-3
1.955500E-7	2.067537E-3
1.956000E-7	2.100083E-3
1.956500E-7	2.134342E-3
1.957000E-7	2.163462E-3
1.957500E-7	2.197721E-3
1.958000E-7	2.243971E-3
1.958500E-7	2.307350E-3
1.959000E-7	2.369016E-3
1.959500E-7	2.389571E-3
1.960000E-7	2.363877E-3
1.960500E-7	2.333044E-3
1.961000E-7	2.303924E-3
1.961500E-7	2.257674E-3
1.962000E-7	2.213137E-3
1.962500E-7	2.223415E-3
1.963000E-7	2.273090E-3
1.963500E-7	2.317627E-3
1.964000E-7	2.365589E-3
1.964500E-7	2.444385E-3
1.965000E-7	2.511190E-3
1.965500E-7	2.550588E-3
1.966000E-7	2.577995E-3
1.966500E-7	2.603689E-3
1.967000E-7	2.596838E-3
1.967500E-7	2.564292E-3
1.968000E-7	2.538597E-3
1.968500E-7	2.533459E-3
1.969000E-7	2.536884E-3
1.969500E-7	2.545449E-3
1.970000E-7	2.576282E-3
1.970500E-7	2.641374E-3
1.971000E-7	2.721882E-3
1.971500E-7	2.805817E-3
1.972000E-7	2.901742E-3
1.972500E-7	3.007945E-3
1.973000E-7	3.066185E-3
1.973500E-7	3.054195E-3
1.974000E-7	3.014797E-3
1.974500E-7	2.959983E-3
1.975000E-7	2.845215E-3
1.975500E-7	2.682485E-3
1.976000E-7	2.533459E-3
1.976500E-7	2.398136E-3
1.977000E-7	2.273091E-3
1.977500E-7	2.180591E-3
1.978000E-7	2.117212E-3
1.978500E-7	2.077814E-3
1.979000E-7	2.067537E-3
1.979500E-7	2.079528E-3
1.980000E-7	2.098370E-3
1.980500E-7	2.124064E-3
1.981000E-7	2.136055E-3
1.981500E-7	2.110361E-3
1.982000E-7	2.055547E-3
1.982500E-7	1.973326E-3
1.983000E-7	1.839716E-3
1.983500E-7	1.690690E-3
1.984000E-7	1.563932E-3
1.984500E-7	1.476571E-3
1.985000E-7	1.440599E-3
1.985500E-7	1.485136E-3
1.986000E-7	1.599903E-3
1.986500E-7	1.762633E-3
1.987000E-7	1.954483E-3
1.987500E-7	2.161749E-3
1.988000E-7	2.346747E-3
1.988500E-7	2.506051E-3
1.989000E-7	2.625958E-3
1.989500E-7	2.665355E-3
1.990000E-7	2.646513E-3
1.990500E-7	2.625958E-3
1.991000E-7	2.583134E-3
1.991500E-7	2.466654E-3
1.992000E-7	2.314201E-3
1.992500E-7	2.199434E-3
1.993000E-7	2.110361E-3
1.993500E-7	2.031565E-3
1.994000E-7	1.995593E-3
1.994500E-7	2.046981E-3
1.995000E-7	2.142906E-3
1.995500E-7	2.240544E-3
1.996000E-7	2.362163E-3
1.996500E-7	2.500912E-3
1.997000E-7	2.613966E-3
1.997500E-7	2.687623E-3
1.998000E-7	2.739012E-3
1.998500E-7	2.730447E-3
1.999000E-7	2.643087E-3
1.999500E-7	2.519754E-3
2.000000E-7	2.401561E-3
