Study Name	Tungsten_Kyocera
Sample Name	2024-02-05
Run Name	spot03
Operator	Angus+Samantha
Date	2/5/2024
Time	16:26
Sign	FIX
Grating Spacing	03.40um
Channel	3
Number Traces	10000
Files in Batch	1
Batch Number	196
dt	50.000001E-12
time stamp (ms)	7:49:45 PM
	
Time	Amplitude
0.000000E+0	5.001893E-4
5.000000E-11	6.029661E-4
1.000000E-10	7.759737E-4
1.500000E-10	9.763883E-4
2.000000E-10	1.168238E-3
2.500000E-10	1.329255E-3
3.000000E-10	1.468003E-3
3.500000E-10	1.584483E-3
4.000000E-10	1.649575E-3
4.500000E-10	1.656427E-3
5.000000E-10	1.651288E-3
5.500000E-10	1.634158E-3
6.000000E-10	1.589622E-3
6.500000E-10	1.536521E-3
7.000000E-10	1.485132E-3
7.500000E-10	1.396059E-3
8.000000E-10	1.289857E-3
8.500000E-10	1.226478E-3
9.000000E-10	1.200784E-3
9.500000E-10	1.195645E-3
1.000000E-9	1.219626E-3
1.050000E-9	1.260737E-3
1.100000E-9	1.294996E-3
1.150000E-9	1.337820E-3
1.200000E-9	1.378930E-3
1.250000E-9	1.401199E-3
1.300000E-9	1.413189E-3
1.350000E-9	1.411476E-3
1.400000E-9	1.382356E-3
1.450000E-9	1.339532E-3
1.500000E-9	1.306986E-3
1.550000E-9	1.274440E-3
1.600000E-9	1.236756E-3
1.650000E-9	1.211061E-3
1.700000E-9	1.187080E-3
1.750000E-9	1.152822E-3
1.800000E-9	1.128840E-3
1.850000E-9	1.128840E-3
1.900000E-9	1.106572E-3
1.950000E-9	1.072313E-3
2.000000E-9	1.077452E-3
2.050000E-9	1.113424E-3
2.100000E-9	1.125414E-3
2.150000E-9	1.132266E-3
2.200000E-9	1.171663E-3
2.250000E-9	1.223052E-3
2.300000E-9	1.277866E-3
2.350000E-9	1.346384E-3
2.400000E-9	1.423467E-3
2.450000E-9	1.478281E-3
2.500000E-9	1.526244E-3
2.550000E-9	1.574206E-3
2.600000E-9	1.587910E-3
2.650000E-9	1.582771E-3
2.700000E-9	1.581058E-3
2.750000E-9	1.553651E-3
2.800000E-9	1.509114E-3
2.850000E-9	1.486846E-3
2.900000E-9	1.488559E-3
2.950000E-9	1.474855E-3
3.000000E-9	1.459438E-3
3.050000E-9	1.473142E-3
3.100000E-9	1.512540E-3
3.150000E-9	1.577631E-3
3.200000E-9	1.644436E-3
3.250000E-9	1.678695E-3
3.300000E-9	1.668418E-3
3.350000E-9	1.651288E-3
3.400000E-9	1.647862E-3
3.450000E-9	1.637584E-3
3.500000E-9	1.620455E-3
3.550000E-9	1.613603E-3
3.600000E-9	1.608464E-3
3.650000E-9	1.608464E-3
3.700000E-9	1.598187E-3
3.750000E-9	1.577631E-3
3.800000E-9	1.545086E-3
3.850000E-9	1.493697E-3
3.900000E-9	1.426893E-3
3.950000E-9	1.370365E-3
4.000000E-9	1.322403E-3
4.050000E-9	1.267589E-3
4.100000E-9	1.214487E-3
4.150000E-9	1.175090E-3
4.200000E-9	1.140831E-3
4.250000E-9	1.106572E-3
4.300000E-9	1.098007E-3
4.350000E-9	1.125414E-3
4.400000E-9	1.152821E-3
4.450000E-9	1.178515E-3
4.500000E-9	1.195644E-3
4.550000E-9	1.192218E-3
4.600000E-9	1.166524E-3
4.650000E-9	1.130552E-3
4.700000E-9	1.080877E-3
4.750000E-9	1.012359E-3
4.800000E-9	9.301373E-4
4.850000E-9	8.462029E-4
4.900000E-9	7.708332E-4
4.950000E-9	7.194448E-4
5.000000E-9	7.040282E-4
5.050000E-9	7.057412E-4
5.100000E-9	7.211577E-4
5.150000E-9	7.725461E-4
5.200000E-9	8.564805E-4
5.250000E-9	9.438409E-4
5.300000E-9	1.044905E-3
5.350000E-9	1.173376E-3
5.400000E-9	1.313838E-3
5.450000E-9	1.445735E-3
5.500000E-9	1.562215E-3
5.550000E-9	1.629020E-3
5.600000E-9	1.618743E-3
5.650000E-9	1.567354E-3
5.700000E-9	1.500549E-3
5.750000E-9	1.370365E-3
5.800000E-9	1.199071E-3
5.850000E-9	1.060322E-3
5.900000E-9	9.421286E-4
5.950000E-9	8.136576E-4
6.000000E-9	7.262972E-4
6.050000E-9	7.074548E-4
6.100000E-9	6.868994E-4
6.150000E-9	6.971771E-4
6.200000E-9	8.102316E-4
6.250000E-9	9.712486E-4
6.300000E-9	1.087729E-3
6.350000E-9	1.202496E-3
6.400000E-9	1.363513E-3
6.450000E-9	1.514253E-3
6.500000E-9	1.622168E-3
6.550000E-9	1.706103E-3
6.600000E-9	1.747214E-3
6.650000E-9	1.747214E-3
6.700000E-9	1.731797E-3
6.750000E-9	1.699251E-3
6.800000E-9	1.653002E-3
6.850000E-9	1.625594E-3
6.900000E-9	1.606752E-3
6.950000E-9	1.572493E-3
7.000000E-9	1.541660E-3
7.050000E-9	1.539947E-3
7.100000E-9	1.510827E-3
7.150000E-9	1.454299E-3
7.200000E-9	1.428605E-3
7.250000E-9	1.428605E-3
7.300000E-9	1.392633E-3
7.350000E-9	1.306985E-3
7.400000E-9	1.223051E-3
7.450000E-9	1.173376E-3
7.500000E-9	1.147682E-3
7.550000E-9	1.145969E-3
7.600000E-9	1.156247E-3
7.650000E-9	1.193932E-3
7.700000E-9	1.260737E-3
7.750000E-9	1.327542E-3
7.800000E-9	1.378930E-3
7.850000E-9	1.438883E-3
7.900000E-9	1.519392E-3
7.950000E-9	1.558789E-3
8.000000E-9	1.533095E-3
8.050000E-9	1.495410E-3
8.100000E-9	1.461151E-3
8.150000E-9	1.423466E-3
8.200000E-9	1.397772E-3
8.250000E-9	1.402911E-3
8.300000E-9	1.408050E-3
8.350000E-9	1.414902E-3
8.400000E-9	1.476568E-3
8.450000E-9	1.557077E-3
8.500000E-9	1.587910E-3
8.550000E-9	1.623882E-3
8.600000E-9	1.688974E-3
8.650000E-9	1.728372E-3
8.700000E-9	1.706104E-3
8.750000E-9	1.668419E-3
8.800000E-9	1.605040E-3
8.850000E-9	1.491985E-3
8.900000E-9	1.354950E-3
8.950000E-9	1.212775E-3
9.000000E-9	1.051758E-3
9.050000E-9	8.838889E-4
9.100000E-9	7.554178E-4
9.150000E-9	7.006034E-4
9.200000E-9	7.057422E-4
9.250000E-9	7.468529E-4
9.300000E-9	8.273613E-4
9.350000E-9	9.438417E-4
9.400000E-9	1.075739E-3
9.450000E-9	1.200784E-3
9.500000E-9	1.318977E-3
9.550000E-9	1.435457E-3
9.600000E-9	1.538234E-3
9.650000E-9	1.627307E-3
9.700000E-9	1.671844E-3
9.750000E-9	1.670131E-3
9.800000E-9	1.656428E-3
9.850000E-9	1.639298E-3
9.900000E-9	1.589623E-3
9.950000E-9	1.545086E-3
1.000000E-8	1.531383E-3
1.005000E-8	1.503975E-3
1.010000E-8	1.454300E-3
1.015000E-8	1.444022E-3
1.020000E-8	1.435457E-3
1.025000E-8	1.384069E-3
1.030000E-8	1.329255E-3
1.035000E-8	1.281292E-3
1.040000E-8	1.190506E-3
1.045000E-8	1.101432E-3
1.050000E-8	1.053470E-3
1.055000E-8	1.012359E-3
1.060000E-8	9.609701E-4
1.065000E-8	9.318500E-4
1.070000E-8	9.249981E-4
1.075000E-8	9.318499E-4
1.080000E-8	9.575441E-4
1.085000E-8	1.014071E-3
1.090000E-8	1.086015E-3
1.095000E-8	1.164811E-3
1.100000E-8	1.233329E-3
1.105000E-8	1.288144E-3
1.110000E-8	1.330967E-3
1.115000E-8	1.365226E-3
1.120000E-8	1.401198E-3
1.125000E-8	1.459439E-3
1.130000E-8	1.515966E-3
1.135000E-8	1.555364E-3
1.140000E-8	1.605040E-3
1.145000E-8	1.671845E-3
1.150000E-8	1.736937E-3
1.155000E-8	1.858556E-3
1.160000E-8	2.141192E-3
1.165000E-8	2.610539E-3
1.170000E-8	3.254606E-3
1.175000E-8	4.153902E-3
1.180000E-8	5.431759E-3
1.185000E-8	7.142992E-3
1.190000E-8	9.332136E-3
1.195000E-8	1.205915E-2
1.200000E-8	1.534115E-2
1.205000E-8	1.916444E-2
1.210000E-8	2.353246E-2
1.215000E-8	2.840750E-2
1.220000E-8	3.368852E-2
1.225000E-8	3.927272E-2
1.230000E-8	4.505734E-2
1.235000E-8	5.086595E-2
1.240000E-8	5.652210E-2
1.245000E-8	6.187849E-2
1.250000E-8	6.675525E-2
1.255000E-8	7.093313E-2
1.260000E-8	7.432819E-2
1.265000E-8	7.692160E-2
1.270000E-8	7.861056E-2
1.275000E-8	7.937112E-2
1.280000E-8	7.935913E-2
1.285000E-8	7.861914E-2
1.290000E-8	7.708605E-2
1.295000E-8	7.487464E-2
1.300000E-8	7.221443E-2
1.305000E-8	6.918423E-2
1.310000E-8	6.584570E-2
1.315000E-8	6.238898E-2
1.320000E-8	5.900591E-2
1.325000E-8	5.577529E-2
1.330000E-8	5.287184E-2
1.335000E-8	5.044974E-2
1.340000E-8	4.854151E-2
1.345000E-8	4.717629E-2
1.350000E-8	4.637977E-2
1.355000E-8	4.612454E-2
1.360000E-8	4.639347E-2
1.365000E-8	4.717628E-2
1.370000E-8	4.837191E-2
1.375000E-8	4.981935E-2
1.380000E-8	5.144151E-2
1.385000E-8	5.316131E-2
1.390000E-8	5.484685E-2
1.395000E-8	5.637994E-2
1.400000E-8	5.767664E-2
1.405000E-8	5.861876E-2
1.410000E-8	5.911551E-2
1.415000E-8	5.914464E-2
1.420000E-8	5.869756E-2
1.425000E-8	5.776229E-2
1.430000E-8	5.636624E-2
1.435000E-8	5.456937E-2
1.440000E-8	5.241277E-2
1.445000E-8	4.997525E-2
1.450000E-8	4.737671E-2
1.455000E-8	4.473020E-2
1.460000E-8	4.214708E-2
1.465000E-8	3.974724E-2
1.470000E-8	3.765745E-2
1.475000E-8	3.594621E-2
1.480000E-8	3.470090E-2
1.485000E-8	3.400886E-2
1.490000E-8	3.387354E-2
1.495000E-8	3.427265E-2
1.500000E-8	3.517537E-2
1.505000E-8	3.651832E-2
1.510000E-8	3.815761E-2
1.515000E-8	3.996648E-2
1.520000E-8	4.187299E-2
1.525000E-8	4.374866E-2
1.530000E-8	4.544448E-2
1.535000E-8	4.686109E-2
1.540000E-8	4.794539E-2
1.545000E-8	4.860830E-2
1.550000E-8	4.878473E-2
1.555000E-8	4.848497E-2
1.560000E-8	4.772271E-2
1.565000E-8	4.649796E-2
1.570000E-8	4.483811E-2
1.575000E-8	4.280656E-2
1.580000E-8	4.050607E-2
1.585000E-8	3.806855E-2
1.590000E-8	3.558821E-2
1.595000E-8	3.319008E-2
1.600000E-8	3.100265E-2
1.605000E-8	2.911840E-2
1.610000E-8	2.763156E-2
1.615000E-8	2.663291E-2
1.620000E-8	2.618069E-2
1.625000E-8	2.630916E-2
1.630000E-8	2.702003E-2
1.635000E-8	2.823108E-2
1.640000E-8	2.982241E-2
1.645000E-8	3.172207E-2
1.650000E-8	3.382899E-2
1.655000E-8	3.595647E-2
1.660000E-8	3.792464E-2
1.665000E-8	3.965815E-2
1.670000E-8	4.106962E-2
1.675000E-8	4.202715E-2
1.680000E-8	4.248623E-2
1.685000E-8	4.244341E-2
1.690000E-8	4.188841E-2
1.695000E-8	4.081440E-2
1.700000E-8	3.928988E-2
1.705000E-8	3.739536E-2
1.710000E-8	3.521821E-2
1.715000E-8	3.287318E-2
1.720000E-8	3.048705E-2
1.725000E-8	2.815059E-2
1.730000E-8	2.598200E-2
1.735000E-8	2.410118E-2
1.740000E-8	2.257495E-2
1.745000E-8	2.145639E-2
1.750000E-8	2.082774E-2
1.755000E-8	2.072153E-2
1.760000E-8	2.110180E-2
1.765000E-8	2.196341E-2
1.770000E-8	2.326182E-2
1.775000E-8	2.488398E-2
1.780000E-8	2.674253E-2
1.785000E-8	2.876723E-2
1.790000E-8	3.082277E-2
1.795000E-8	3.276525E-2
1.800000E-8	3.450218E-2
1.805000E-8	3.593934E-2
1.810000E-8	3.694484E-2
1.815000E-8	3.746387E-2
1.820000E-8	3.747757E-2
1.825000E-8	3.695341E-2
1.830000E-8	3.587083E-2
1.835000E-8	3.431205E-2
1.840000E-8	3.236957E-2
1.845000E-8	3.012904E-2
1.850000E-8	2.768638E-2
1.855000E-8	2.518205E-2
1.860000E-8	2.276509E-2
1.865000E-8	2.056566E-2
1.870000E-8	1.868142E-2
1.875000E-8	1.722199E-2
1.880000E-8	1.627644E-2
1.885000E-8	1.587561E-2
1.890000E-8	1.600750E-2
1.895000E-8	1.666698E-2
1.900000E-8	1.780780E-2
1.905000E-8	1.933575E-2
1.910000E-8	2.115661E-2
1.915000E-8	2.316932E-2
1.920000E-8	2.524199E-2
1.925000E-8	2.725299E-2
1.930000E-8	2.910982E-2
1.935000E-8	3.068059E-2
1.940000E-8	3.186081E-2
1.945000E-8	3.260424E-2
1.950000E-8	3.287317E-2
1.955000E-8	3.261452E-2
1.960000E-8	3.185740E-2
1.965000E-8	3.066690E-2
1.970000E-8	2.905845E-2
1.975000E-8	2.708856E-2
1.980000E-8	2.488914E-2
1.985000E-8	2.257152E-2
1.990000E-8	2.019567E-2
1.995000E-8	1.790203E-2
2.000000E-8	1.586705E-2
2.005000E-8	1.417123E-2
2.010000E-8	1.284541E-2
2.015000E-8	1.199064E-2
2.020000E-8	1.169259E-2
2.025000E-8	1.194610E-2
2.030000E-8	1.272720E-2
2.035000E-8	1.401363E-2
2.040000E-8	1.571801E-2
2.045000E-8	1.771530E-2
2.050000E-8	1.989074E-2
2.055000E-8	2.212271E-2
2.060000E-8	2.426732E-2
2.065000E-8	2.619781E-2
2.070000E-8	2.778571E-2
2.075000E-8	2.893853E-2
2.080000E-8	2.959630E-2
2.085000E-8	2.972991E-2
2.090000E-8	2.930511E-2
2.095000E-8	2.835442E-2
2.100000E-8	2.695495E-2
2.105000E-8	2.519575E-2
2.110000E-8	2.317619E-2
2.115000E-8	2.098362E-2
2.120000E-8	1.873795E-2
2.125000E-8	1.657107E-2
2.130000E-8	1.458063E-2
2.135000E-8	1.285911E-2
2.140000E-8	1.150246E-2
2.145000E-8	1.059802E-2
2.150000E-8	1.013038E-2
2.155000E-8	1.009441E-2
2.160000E-8	1.050038E-2
2.165000E-8	1.136027E-2
2.170000E-8	1.257818E-2
2.175000E-8	1.408899E-2
2.180000E-8	1.586874E-2
2.185000E-8	1.780095E-2
2.190000E-8	1.971088E-2
2.195000E-8	2.148892E-2
2.200000E-8	2.307853E-2
2.205000E-8	2.440607E-2
2.210000E-8	2.535847E-2
2.215000E-8	2.586379E-2
2.220000E-8	2.589291E-2
2.225000E-8	2.544412E-2
2.230000E-8	2.451914E-2
2.235000E-8	2.316420E-2
2.240000E-8	2.146667E-2
2.245000E-8	1.953618E-2
2.250000E-8	1.745495E-2
2.255000E-8	1.532918E-2
2.260000E-8	1.328906E-2
2.265000E-8	1.141339E-2
2.270000E-8	9.774095E-3
2.275000E-8	8.503087E-3
2.280000E-8	7.699713E-3
2.285000E-8	7.358835E-3
2.290000E-8	7.473600E-3
2.295000E-8	8.085120E-3
2.300000E-8	9.159135E-3
2.305000E-8	1.059458E-2
2.310000E-8	1.231952E-2
2.315000E-8	1.426542E-2
2.320000E-8	1.630212E-2
2.325000E-8	1.831483E-2
2.330000E-8	2.018708E-2
2.335000E-8	2.179554E-2
2.340000E-8	2.304942E-2
2.345000E-8	2.387163E-2
2.350000E-8	2.420909E-2
2.355000E-8	2.402066E-2
2.360000E-8	2.332692E-2
2.365000E-8	2.217240E-2
2.370000E-8	2.060334E-2
2.375000E-8	1.870369E-2
2.380000E-8	1.660704E-2
2.385000E-8	1.443674E-2
2.390000E-8	1.229898E-2
2.395000E-8	1.028455E-2
2.400000E-8	8.511654E-3
2.405000E-8	7.081343E-3
2.410000E-8	6.056999E-3
2.415000E-8	5.502002E-3
2.420000E-8	5.424917E-3
2.425000E-8	5.781208E-3
2.430000E-8	6.553745E-3
2.435000E-8	7.757944E-3
2.440000E-8	9.287604E-3
2.445000E-8	1.099370E-2
2.450000E-8	1.281285E-2
2.455000E-8	1.469880E-2
2.460000E-8	1.650425E-2
2.465000E-8	1.810585E-2
2.470000E-8	1.945737E-2
2.475000E-8	2.047315E-2
2.480000E-8	2.105212E-2
2.485000E-8	2.120458E-2
2.490000E-8	2.094250E-2
2.495000E-8	2.023163E-2
2.500000E-8	1.909937E-2
2.505000E-8	1.762453E-2
2.510000E-8	1.587561E-2
2.515000E-8	1.392285E-2
2.520000E-8	1.188616E-2
2.525000E-8	9.880299E-3
2.530000E-8	8.008048E-3
2.535000E-8	6.396164E-3
2.540000E-8	5.152563E-3
2.545000E-8	4.326921E-3
2.550000E-8	3.941506E-3
2.555000E-8	4.020299E-3
2.560000E-8	4.556450E-3
2.565000E-8	5.481439E-3
2.570000E-8	6.740453E-3
2.575000E-8	8.302659E-3
2.580000E-8	1.006699E-2
2.585000E-8	1.189642E-2
2.590000E-8	1.366418E-2
2.595000E-8	1.531717E-2
2.600000E-8	1.678688E-2
2.605000E-8	1.796368E-2
2.610000E-8	1.877904E-2
2.615000E-8	1.920386E-2
2.620000E-8	1.923983E-2
2.625000E-8	1.885956E-2
2.630000E-8	1.804248E-2
2.635000E-8	1.684856E-2
2.640000E-8	1.536344E-2
2.645000E-8	1.365221E-2
2.650000E-8	1.175940E-2
2.655000E-8	9.775808E-3
2.660000E-8	7.852168E-3
2.665000E-8	6.127230E-3
2.670000E-8	4.669512E-3
2.675000E-8	3.526975E-3
2.680000E-8	2.783555E-3
2.685000E-8	2.502630E-3
2.690000E-8	2.682487E-3
2.695000E-8	3.305998E-3
2.700000E-8	4.366310E-3
2.705000E-8	5.764073E-3
2.710000E-8	7.394798E-3
2.715000E-8	9.188252E-3
2.720000E-8	1.105879E-2
2.725000E-8	1.286081E-2
2.730000E-8	1.449325E-2
2.735000E-8	1.589615E-2
2.740000E-8	1.697874E-2
2.745000E-8	1.768104E-2
2.750000E-8	1.798766E-2
2.755000E-8	1.785063E-2
2.760000E-8	1.726138E-2
2.765000E-8	1.630384E-2
2.770000E-8	1.502256E-2
2.775000E-8	1.342781E-2
2.780000E-8	1.162579E-2
2.785000E-8	9.744976E-3
2.790000E-8	7.855596E-3
2.795000E-8	6.034733E-3
2.800000E-8	4.424563E-3
2.805000E-8	3.093602E-3
2.810000E-8	2.091526E-3
2.815000E-8	1.521113E-3
2.820000E-8	1.423473E-3
2.825000E-8	1.759209E-3
2.830000E-8	2.518042E-3
2.835000E-8	3.665715E-3
2.840000E-8	5.130283E-3
2.845000E-8	6.831238E-3
2.850000E-8	8.667517E-3
2.855000E-8	1.046954E-2
2.860000E-8	1.213281E-2
2.865000E-8	1.362992E-2
2.870000E-8	1.483413E-2
2.875000E-8	1.564093E-2
2.880000E-8	1.605546E-2
2.885000E-8	1.610171E-2
2.890000E-8	1.572144E-2
2.895000E-8	1.495233E-2
2.900000E-8	1.389715E-2
2.905000E-8	1.256962E-2
2.910000E-8	1.100742E-2
2.915000E-8	9.350996E-3
2.920000E-8	7.682587E-3
2.925000E-8	6.009038E-3
2.930000E-8	4.448543E-3
2.935000E-8	3.156981E-3
2.940000E-8	2.161758E-3
2.945000E-8	1.464588E-3
2.950000E-8	1.139126E-3
2.955000E-8	1.200791E-3
2.960000E-8	1.622174E-3
2.965000E-8	2.418693E-3
2.970000E-8	3.538958E-3
2.975000E-8	4.902462E-3
2.980000E-8	6.488649E-3
2.985000E-8	8.225576E-3
2.990000E-8	9.943662E-3
2.995000E-8	1.153156E-2
3.000000E-8	1.296359E-2
3.005000E-8	1.413010E-2
3.010000E-8	1.494718E-2
3.015000E-8	1.538741E-2
3.020000E-8	1.543366E-2
3.025000E-8	1.504482E-2
3.030000E-8	1.429113E-2
3.035000E-8	1.322397E-2
3.040000E-8	1.186046E-2
3.045000E-8	1.027941E-2
3.050000E-8	8.600727E-3
3.055000E-8	6.889493E-3
3.060000E-8	5.233074E-3
3.065000E-8	3.777068E-3
3.070000E-8	2.581431E-3
3.075000E-8	1.668429E-3
3.080000E-8	1.118571E-3
3.085000E-8	9.609783E-4
3.090000E-8	1.176808E-3
3.095000E-8	1.762634E-3
3.100000E-8	2.694475E-3
3.105000E-8	3.896962E-3
3.110000E-8	5.291300E-3
3.115000E-8	6.808970E-3
3.120000E-8	8.348908E-3
3.125000E-8	9.820330E-3
3.130000E-8	1.117870E-2
3.135000E-8	1.232980E-2
3.140000E-8	1.318456E-2
3.145000E-8	1.374812E-2
3.150000E-8	1.400849E-2
3.155000E-8	1.387659E-2
3.160000E-8	1.336785E-2
3.165000E-8	1.257305E-2
3.170000E-8	1.151445E-2
3.175000E-8	1.020918E-2
3.180000E-8	8.777159E-3
3.185000E-8	7.292034E-3
3.190000E-8	5.776077E-3
3.195000E-8	4.354331E-3
3.200000E-8	3.153554E-3
3.205000E-8	2.185739E-3
3.210000E-8	1.490281E-3
3.215000E-8	1.154542E-3
3.220000E-8	1.169957E-3
3.225000E-8	1.488564E-3
3.230000E-8	2.118927E-3
3.235000E-8	3.028500E-3
3.240000E-8	4.123072E-3
3.245000E-8	5.375235E-3
3.250000E-8	6.738740E-3
3.255000E-8	8.098819E-3
3.260000E-8	9.376677E-3
3.265000E-8	1.054833E-2
3.270000E-8	1.153156E-2
3.275000E-8	1.226128E-2
3.280000E-8	1.274433E-2
3.285000E-8	1.294475E-2
3.290000E-8	1.278887E-2
3.295000E-8	1.232809E-2
3.300000E-8	1.162236E-2
3.305000E-8	1.065283E-2
3.310000E-8	9.465762E-3
3.315000E-8	8.172488E-3
3.320000E-8	6.815835E-3
3.325000E-8	5.436913E-3
3.330000E-8	4.167619E-3
3.335000E-8	3.066194E-3
3.340000E-8	2.117221E-3
3.345000E-8	1.370375E-3
3.350000E-8	9.404239E-4
3.355000E-8	8.633399E-4
3.360000E-8	1.110003E-3
3.365000E-8	1.651292E-3
3.370000E-8	2.485496E-3
3.375000E-8	3.557800E-3
3.380000E-8	4.791120E-3
3.385000E-8	6.116941E-3
3.390000E-8	7.482159E-3
3.395000E-8	8.809693E-3
3.400000E-8	9.996765E-3
3.405000E-8	1.097143E-2
3.410000E-8	1.169430E-2
3.415000E-8	1.213110E-2
3.420000E-8	1.222017E-2
3.425000E-8	1.191527E-2
3.430000E-8	1.125579E-2
3.435000E-8	1.029140E-2
3.440000E-8	9.056367E-3
3.445000E-8	7.622632E-3
3.450000E-8	6.110100E-3
3.455000E-8	4.631828E-3
3.460000E-8	3.230637E-3
3.465000E-8	1.964769E-3
3.470000E-8	9.232970E-4
3.475000E-8	1.884419E-4
3.480000E-8	-1.918334E-4
3.485000E-8	-2.106771E-4
3.490000E-8	1.164943E-4
3.495000E-8	7.674127E-4
3.500000E-8	1.712958E-3
3.505000E-8	2.898316E-3
3.510000E-8	4.249830E-3
3.515000E-8	5.668149E-3
3.520000E-8	7.045358E-3
3.525000E-8	8.347197E-3
3.530000E-8	9.530843E-3
3.535000E-8	1.049523E-2
3.540000E-8	1.116328E-2
3.545000E-8	1.154356E-2
3.550000E-8	1.163948E-2
3.555000E-8	1.144935E-2
3.560000E-8	1.097658E-2
3.565000E-8	1.025029E-2
3.570000E-8	9.315021E-3
3.575000E-8	8.235866E-3
3.580000E-8	7.053934E-3
3.585000E-8	5.808622E-3
3.590000E-8	4.585579E-3
3.595000E-8	3.429340E-3
3.600000E-8	2.358747E-3
3.605000E-8	1.456024E-3
3.610000E-8	8.119545E-4
3.615000E-8	4.265401E-4
3.620000E-8	2.946418E-4
3.625000E-8	4.796385E-4
3.630000E-8	9.798174E-4
3.635000E-8	1.718096E-3
3.640000E-8	2.673919E-3
3.645000E-8	3.816454E-3
3.650000E-8	5.041210E-3
3.655000E-8	6.293374E-3
3.660000E-8	7.545538E-3
3.665000E-8	8.701777E-3
3.670000E-8	9.630195E-3
3.675000E-8	1.029311E-2
3.680000E-8	1.070593E-2
3.685000E-8	1.082583E-2
3.690000E-8	1.058774E-2
3.695000E-8	1.001904E-2
3.700000E-8	9.188262E-3
3.705000E-8	8.157069E-3
3.710000E-8	6.940877E-3
3.715000E-8	5.604780E-3
3.720000E-8	4.249839E-3
3.725000E-8	2.959990E-3
3.730000E-8	1.788335E-3
3.735000E-8	7.931119E-4
3.740000E-8	2.057211E-5
3.745000E-8	-4.813223E-4
3.750000E-8	-6.748864E-4
3.755000E-8	-5.361390E-4
3.760000E-8	-8.906109E-5
3.765000E-8	6.252365E-4
3.770000E-8	1.577634E-3
3.775000E-8	2.715030E-3
3.780000E-8	3.986035E-3
3.785000E-8	5.332411E-3
3.790000E-8	6.653093E-3
3.795000E-8	7.859008E-3
3.800000E-8	8.917609E-3
3.805000E-8	9.770657E-3
3.810000E-8	1.033250E-2
3.815000E-8	1.055176E-2
3.820000E-8	1.046269E-2
3.825000E-8	1.008413E-2
3.830000E-8	9.424647E-3
3.835000E-8	8.509935E-3
3.840000E-8	7.413650E-3
3.845000E-8	6.206024E-3
3.850000E-8	4.929879E-3
3.855000E-8	3.660586E-3
3.860000E-8	2.499208E-3
3.865000E-8	1.509125E-3
3.870000E-8	7.143174E-4
3.875000E-8	1.558960E-4
3.880000E-8	-1.044729E-4
3.885000E-8	-8.220566E-5
3.890000E-8	1.815870E-4
3.895000E-8	6.954697E-4
3.900000E-8	1.466294E-3
3.905000E-8	2.437534E-3
3.910000E-8	3.514977E-3
3.915000E-8	4.630104E-3
3.920000E-8	5.762361E-3
3.925000E-8	6.855221E-3
3.930000E-8	7.828175E-3
3.935000E-8	8.612705E-3
3.940000E-8	9.207098E-3
3.945000E-8	9.571957E-3
3.950000E-8	9.661031E-3
3.955000E-8	9.484598E-3
3.960000E-8	9.040946E-3
3.965000E-8	8.335214E-3
3.970000E-8	7.442769E-3
3.975000E-8	6.423567E-3
3.980000E-8	5.317004E-3
3.985000E-8	4.183034E-3
3.990000E-8	3.095313E-3
3.995000E-8	2.088100E-3
4.000000E-8	1.214497E-3
4.005000E-8	5.618634E-4
4.010000E-8	1.627459E-4
4.015000E-8	1.543149E-5
4.020000E-8	1.319108E-4
4.025000E-8	5.241746E-4
4.030000E-8	1.157964E-3
4.035000E-8	2.000733E-3
4.040000E-8	2.995954E-3
4.045000E-8	4.059694E-3
4.050000E-8	5.113155E-3
4.055000E-8	6.110090E-3
4.060000E-8	6.992258E-3
4.065000E-8	7.737390E-3
4.070000E-8	8.321506E-3
4.075000E-8	8.694929E-3
4.080000E-8	8.845669E-3
4.085000E-8	8.795994E-3
4.090000E-8	8.532201E-3
4.095000E-8	8.069707E-3
4.100000E-8	7.442769E-3
4.105000E-8	6.699351E-3
4.110000E-8	5.849730E-3
4.115000E-8	4.947008E-3
4.120000E-8	4.032295E-3
4.125000E-8	3.126146E-3
4.130000E-8	2.291940E-3
4.135000E-8	1.584493E-3
4.140000E-8	1.012368E-3
4.145000E-8	6.320933E-4
4.150000E-8	5.138991E-4
4.155000E-8	6.492209E-4
4.160000E-8	1.005513E-3
4.165000E-8	1.582775E-3
4.170000E-8	2.358739E-3
4.175000E-8	3.283729E-3
4.180000E-8	4.311497E-3
4.185000E-8	5.394079E-3
4.190000E-8	6.435550E-3
4.195000E-8	7.350264E-3
4.200000E-8	8.102248E-3
4.205000E-8	8.641827E-3
4.210000E-8	8.938168E-3
4.215000E-8	8.972427E-3
4.220000E-8	8.741181E-3
4.225000E-8	8.256418E-3
4.230000E-8	7.574666E-3
4.235000E-8	6.745601E-3
4.240000E-8	5.796629E-3
4.245000E-8	4.792843E-3
4.250000E-8	3.818176E-3
4.255000E-8	2.898324E-3
4.260000E-8	2.064119E-3
4.265000E-8	1.366949E-3
4.270000E-8	8.667681E-4
4.275000E-8	5.601500E-4
4.280000E-8	4.231134E-4
4.285000E-8	4.693621E-4
4.290000E-8	7.211645E-4
4.295000E-8	1.152826E-3
4.300000E-8	1.711246E-3
4.305000E-8	2.387859E-3
4.310000E-8	3.165536E-3
4.315000E-8	3.998028E-3
4.320000E-8	4.854501E-3
4.325000E-8	5.709261E-3
4.330000E-8	6.509208E-3
4.335000E-8	7.190961E-3
4.340000E-8	7.725401E-3
4.345000E-8	8.076556E-3
4.350000E-8	8.229009E-3
4.355000E-8	8.136511E-3
4.360000E-8	7.812765E-3
4.365000E-8	7.309159E-3
4.370000E-8	6.649675E-3
4.375000E-8	5.829175E-3
4.380000E-8	4.893906E-3
4.385000E-8	3.960351E-3
4.390000E-8	3.069619E-3
4.395000E-8	2.225136E-3
4.400000E-8	1.480004E-3
4.405000E-8	8.838979E-4
4.410000E-8	4.693642E-4
4.415000E-8	2.432546E-4
4.420000E-8	2.175595E-4
4.425000E-8	3.957050E-4
4.430000E-8	7.639877E-4
4.435000E-8	1.284723E-3
4.440000E-8	1.935641E-3
4.445000E-8	2.709893E-3
4.450000E-8	3.562939E-3
4.455000E-8	4.412561E-3
4.460000E-8	5.227923E-3
4.465000E-8	5.991897E-3
4.470000E-8	6.630827E-3
4.475000E-8	7.089897E-3
4.480000E-8	7.360543E-3
4.485000E-8	7.442765E-3
4.490000E-8	7.295453E-3
4.495000E-8	6.935735E-3
4.500000E-8	6.401296E-3
4.505000E-8	5.700701E-3
4.510000E-8	4.864784E-3
4.515000E-8	3.968914E-3
4.520000E-8	3.088459E-3
4.525000E-8	2.273097E-3
4.530000E-8	1.533104E-3
4.535000E-8	8.804714E-4
4.540000E-8	3.922814E-4
4.545000E-8	1.130707E-4
4.550000E-8	2.057101E-5
4.555000E-8	1.079306E-4
4.560000E-8	3.974178E-4
4.565000E-8	8.975974E-4
4.570000E-8	1.579349E-3
4.575000E-8	2.401563E-3
4.580000E-8	3.321415E-3
4.585000E-8	4.287517E-3
4.590000E-8	5.257045E-3
4.595000E-8	6.161480E-3
4.600000E-8	6.911751E-3
4.605000E-8	7.468459E-3
4.610000E-8	7.835030E-3
4.615000E-8	7.996048E-3
4.620000E-8	7.912114E-3
4.625000E-8	7.571238E-3
4.630000E-8	6.997402E-3
4.635000E-8	6.252271E-3
4.640000E-8	5.382095E-3
4.645000E-8	4.448539E-3
4.650000E-8	3.518410E-3
4.655000E-8	2.624252E-3
4.660000E-8	1.808889E-3
4.665000E-8	1.139127E-3
4.670000E-8	6.629281E-4
4.675000E-8	3.820046E-4
4.680000E-8	2.775143E-4
4.685000E-8	3.768644E-4
4.690000E-8	6.612127E-4
4.695000E-8	1.123707E-3
4.700000E-8	1.757497E-3
4.705000E-8	2.514618E-3
4.710000E-8	3.324841E-3
4.715000E-8	4.183027E-3
4.720000E-8	5.053204E-3
4.725000E-8	5.870279E-3
4.730000E-8	6.584578E-3
4.735000E-8	7.158416E-3
4.740000E-8	7.548968E-3
4.745000E-8	7.742532E-3
4.750000E-8	7.773366E-3
4.755000E-8	7.641470E-3
4.760000E-8	7.300594E-3
4.765000E-8	6.750739E-3
4.770000E-8	6.062135E-3
4.775000E-8	5.301587E-3
4.780000E-8	4.498215E-3
4.785000E-8	3.662297E-3
4.790000E-8	2.862351E-3
4.795000E-8	2.172033E-3
4.800000E-8	1.625603E-3
4.805000E-8	1.223060E-3
4.810000E-8	9.935245E-4
4.815000E-8	9.609780E-4
4.820000E-8	1.092874E-3
4.825000E-8	1.370371E-3
4.830000E-8	1.808885E-3
4.835000E-8	2.370731E-3
4.840000E-8	2.982253E-3
4.845000E-8	3.614330E-3
4.850000E-8	4.270388E-3
4.855000E-8	4.897326E-3
4.860000E-8	5.438617E-3
4.865000E-8	5.870280E-3
4.870000E-8	6.199166E-3
4.875000E-8	6.396155E-3
4.880000E-8	6.457821E-3
4.885000E-8	6.382452E-3
4.890000E-8	6.178612E-3
4.895000E-8	5.848014E-3
4.900000E-8	5.399223E-3
4.905000E-8	4.845942E-3
4.910000E-8	4.210440E-3
4.915000E-8	3.557807E-3
4.920000E-8	2.905175E-3
4.925000E-8	2.249117E-3
4.930000E-8	1.651298E-3
4.935000E-8	1.180237E-3
4.940000E-8	8.462123E-4
4.945000E-8	6.286675E-4
4.950000E-8	5.875561E-4
4.955000E-8	7.297300E-4
4.960000E-8	1.010653E-3
4.965000E-8	1.426898E-3
4.970000E-8	1.978466E-3
4.975000E-8	2.612256E-3
4.980000E-8	3.261463E-3
4.985000E-8	3.924373E-3
4.990000E-8	4.558163E-3
4.995000E-8	5.118296E-3
5.000000E-8	5.606486E-3
5.005000E-8	5.998751E-3
5.010000E-8	6.236851E-3
5.015000E-8	6.346480E-3
5.020000E-8	6.356759E-3
5.025000E-8	6.202594E-3
5.030000E-8	5.863431E-3
5.035000E-8	5.421491E-3
5.040000E-8	4.919599E-3
5.045000E-8	4.335484E-3
5.050000E-8	3.718824E-3
5.055000E-8	3.119293E-3
5.060000E-8	2.538604E-3
5.065000E-8	2.000738E-3
5.070000E-8	1.567363E-3
5.075000E-8	1.284726E-3
5.080000E-8	1.157967E-3
5.085000E-8	1.197365E-3
5.090000E-8	1.413195E-3
5.095000E-8	1.771200E-3
5.100000E-8	2.255964E-3
5.105000E-8	2.841791E-3
5.110000E-8	3.479007E-3
5.115000E-8	4.133352E-3
5.120000E-8	4.797975E-3
5.125000E-8	5.436904E-3
5.130000E-8	5.985048E-3
5.135000E-8	6.420136E-3
5.140000E-8	6.730180E-3
5.145000E-8	6.884346E-3
5.150000E-8	6.877495E-3
5.155000E-8	6.737034E-3
5.160000E-8	6.450972E-3
5.165000E-8	6.014171E-3
5.170000E-8	5.488297E-3
5.175000E-8	4.899044E-3
5.180000E-8	4.251550E-3
5.185000E-8	3.547530E-3
5.190000E-8	2.852073E-3
5.195000E-8	2.228561E-3
5.200000E-8	1.702686E-3
5.205000E-8	1.295004E-3
5.210000E-8	1.032923E-3
5.215000E-8	9.421366E-4
5.220000E-8	1.012367E-3
5.225000E-8	1.223058E-3
5.230000E-8	1.586203E-3
5.235000E-8	2.084669E-3
5.240000E-8	2.644802E-3
5.245000E-8	3.218639E-3
5.250000E-8	3.783911E-3
5.255000E-8	4.314924E-3
5.260000E-8	4.768855E-3
5.265000E-8	5.126861E-3
5.270000E-8	5.387229E-3
5.275000E-8	5.563663E-3
5.280000E-8	5.656163E-3
5.285000E-8	5.654451E-3
5.290000E-8	5.565378E-3
5.295000E-8	5.424917E-3
5.300000E-8	5.241632E-3
5.305000E-8	4.981265E-3
5.310000E-8	4.667796E-3
5.315000E-8	4.306364E-3
5.320000E-8	3.871276E-3
5.325000E-8	3.379660E-3
5.330000E-8	2.874341E-3
5.335000E-8	2.377586E-3
5.340000E-8	1.906525E-3
5.345000E-8	1.538242E-3
5.350000E-8	1.281299E-3
5.355000E-8	1.140837E-3
5.360000E-8	1.144262E-3
5.365000E-8	1.334399E-3
5.370000E-8	1.697543E-3
5.375000E-8	2.208001E-3
5.380000E-8	2.850356E-3
5.385000E-8	3.566367E-3
5.390000E-8	4.287518E-3
5.395000E-8	4.965845E-3
5.400000E-8	5.563663E-3
5.405000E-8	6.003891E-3
5.410000E-8	6.243703E-3
5.415000E-8	6.281389E-3
5.420000E-8	6.144353E-3
5.425000E-8	5.832597E-3
5.430000E-8	5.358112E-3
5.435000E-8	4.765432E-3
5.440000E-8	4.107661E-3
5.445000E-8	3.424196E-3
5.450000E-8	2.754434E-3
5.455000E-8	2.153190E-3
5.460000E-8	1.675278E-3
5.465000E-8	1.351531E-3
5.470000E-8	1.188801E-3
5.475000E-8	1.159681E-3
5.480000E-8	1.252180E-3
5.485000E-8	1.450881E-3
5.490000E-8	1.723239E-3
5.495000E-8	2.067541E-3
5.500000E-8	2.499203E-3
5.505000E-8	2.975401E-3
5.510000E-8	3.444748E-3
5.515000E-8	3.922660E-3
5.520000E-8	4.405710E-3
5.525000E-8	4.835660E-3
5.530000E-8	5.185101E-3
5.535000E-8	5.474589E-3
5.540000E-8	5.686995E-3
5.545000E-8	5.782920E-3
5.550000E-8	5.765791E-3
5.555000E-8	5.628756E-3
5.560000E-8	5.344407E-3
5.565000E-8	4.933301E-3
5.570000E-8	4.453676E-3
5.575000E-8	3.905534E-3
5.580000E-8	3.312855E-3
5.585000E-8	2.728740E-3
5.590000E-8	2.177171E-3
5.595000E-8	1.694120E-3
5.600000E-8	1.334401E-3
5.605000E-8	1.091163E-3
5.610000E-8	9.592654E-4
5.615000E-8	9.815333E-4
5.620000E-8	1.176809E-3
5.625000E-8	1.490277E-3
5.630000E-8	1.882542E-3
5.635000E-8	2.351889E-3
5.640000E-8	2.855495E-3
5.645000E-8	3.355675E-3
5.650000E-8	3.866133E-3
5.655000E-8	4.333767E-3
5.660000E-8	4.707190E-3
5.665000E-8	5.006955E-3
5.670000E-8	5.260472E-3
5.675000E-8	5.388943E-3
5.680000E-8	5.376953E-3
5.685000E-8	5.294732E-3
5.690000E-8	5.125151E-3
5.695000E-8	4.835663E-3
5.700000E-8	4.482797E-3
5.705000E-8	4.135069E-3
5.710000E-8	3.768499E-3
5.715000E-8	3.371095E-3
5.720000E-8	3.011376E-3
5.725000E-8	2.704759E-3
5.730000E-8	2.428974E-3
5.735000E-8	2.206291E-3
5.740000E-8	2.082958E-3
5.745000E-8	2.046986E-3
5.750000E-8	2.100087E-3
5.755000E-8	2.264529E-3
5.760000E-8	2.497489E-3
5.765000E-8	2.759570E-3
5.770000E-8	3.064474E-3
5.775000E-8	3.393360E-3
5.780000E-8	3.701690E-3
5.785000E-8	3.986039E-3
5.790000E-8	4.249833E-3
5.795000E-8	4.477655E-3
5.800000E-8	4.638672E-3
5.805000E-8	4.717468E-3
5.810000E-8	4.700338E-3
5.815000E-8	4.606127E-3
5.820000E-8	4.457100E-3
5.825000E-8	4.239556E-3
5.830000E-8	3.946643E-3
5.835000E-8	3.614331E-3
5.840000E-8	3.278594E-3
5.845000E-8	2.936005E-3
5.850000E-8	2.595129E-3
5.855000E-8	2.252540E-3
5.860000E-8	1.925367E-3
5.865000E-8	1.647870E-3
5.870000E-8	1.432038E-3
5.875000E-8	1.276160E-3
5.880000E-8	1.205929E-3
5.885000E-8	1.259030E-3
5.890000E-8	1.414908E-3
5.895000E-8	1.656433E-3
5.900000E-8	1.992170E-3
5.905000E-8	2.425545E-3
5.910000E-8	2.920587E-3
5.915000E-8	3.437896E-3
5.920000E-8	3.939790E-3
5.925000E-8	4.421128E-3
5.930000E-8	4.833948E-3
5.935000E-8	5.121723E-3
5.940000E-8	5.298157E-3
5.945000E-8	5.390657E-3
5.950000E-8	5.344407E-3
5.955000E-8	5.128576E-3
5.960000E-8	4.808255E-3
5.965000E-8	4.427982E-3
5.970000E-8	3.975764E-3
5.975000E-8	3.470445E-3
5.980000E-8	2.958274E-3
5.985000E-8	2.461519E-3
5.990000E-8	2.009301E-3
5.995000E-8	1.639305E-3
6.000000E-8	1.348104E-3
6.005000E-8	1.116856E-3
6.010000E-8	9.883841E-4
6.015000E-8	9.832448E-4
6.020000E-8	1.065466E-3
6.025000E-8	1.252177E-3
6.030000E-8	1.558794E-3
6.035000E-8	1.935641E-3
6.040000E-8	2.319341E-3
6.045000E-8	2.737300E-3
6.050000E-8	3.172388E-3
6.055000E-8	3.568079E-3
6.060000E-8	3.919233E-3
6.065000E-8	4.242980E-3
6.070000E-8	4.484506E-3
6.075000E-8	4.597561E-3
6.080000E-8	4.592422E-3
6.085000E-8	4.506775E-3
6.090000E-8	4.328629E-3
6.095000E-8	4.063123E-3
6.100000E-8	3.742802E-3
6.105000E-8	3.367667E-3
6.110000E-8	2.966838E-3
6.115000E-8	2.605407E-3
6.120000E-8	2.298789E-3
6.125000E-8	2.040135E-3
6.130000E-8	1.861988E-3
6.135000E-8	1.766064E-3
6.140000E-8	1.745508E-3
6.145000E-8	1.822591E-3
6.150000E-8	2.005876E-3
6.155000E-8	2.209716E-3
6.160000E-8	2.415269E-3
6.165000E-8	2.672211E-3
6.170000E-8	2.975402E-3
6.175000E-8	3.256325E-3
6.180000E-8	3.497850E-3
6.185000E-8	3.711968E-3
6.190000E-8	3.879837E-3
6.195000E-8	3.968910E-3
6.200000E-8	3.989466E-3
6.205000E-8	3.962059E-3
6.210000E-8	3.879837E-3
6.215000E-8	3.756505E-3
6.220000E-8	3.616044E-3
6.225000E-8	3.458453E-3
6.230000E-8	3.283733E-3
6.235000E-8	3.083318E-3
6.240000E-8	2.879477E-3
6.245000E-8	2.708183E-3
6.250000E-8	2.574573E-3
6.255000E-8	2.449528E-3
6.260000E-8	2.333048E-3
6.265000E-8	2.262817E-3
6.270000E-8	2.257678E-3
6.275000E-8	2.291937E-3
6.280000E-8	2.341612E-3
6.285000E-8	2.410130E-3
6.290000E-8	2.512907E-3
6.295000E-8	2.651655E-3
6.300000E-8	2.814385E-3
6.305000E-8	3.007948E-3
6.310000E-8	3.234057E-3
6.315000E-8	3.470443E-3
6.320000E-8	3.691413E-3
6.325000E-8	3.905531E-3
6.330000E-8	4.119649E-3
6.335000E-8	4.297796E-3
6.340000E-8	4.410850E-3
6.345000E-8	4.481081E-3
6.350000E-8	4.491359E-3
6.355000E-8	4.414277E-3
6.360000E-8	4.273816E-3
6.365000E-8	4.100809E-3
6.370000E-8	3.850719E-3
6.375000E-8	3.514982E-3
6.380000E-8	3.160402E-3
6.385000E-8	2.822952E-3
6.390000E-8	2.494066E-3
6.395000E-8	2.184022E-3
6.400000E-8	1.903099E-3
6.405000E-8	1.685554E-3
6.410000E-8	1.586203E-3
6.415000E-8	1.608471E-3
6.420000E-8	1.706109E-3
6.425000E-8	1.879116E-3
6.430000E-8	2.132632E-3
6.435000E-8	2.432397E-3
6.440000E-8	2.732163E-3
6.445000E-8	3.038780E-3
6.450000E-8	3.352249E-3
6.455000E-8	3.648589E-3
6.460000E-8	3.890114E-3
6.465000E-8	4.059696E-3
6.470000E-8	4.150482E-3
6.475000E-8	4.183028E-3
6.480000E-8	4.155621E-3
6.485000E-8	4.044280E-3
6.490000E-8	3.871273E-3
6.495000E-8	3.681136E-3
6.500000E-8	3.472157E-3
6.505000E-8	3.222067E-3
6.510000E-8	2.963412E-3
6.515000E-8	2.751007E-3
6.520000E-8	2.559157E-3
6.525000E-8	2.377585E-3
6.530000E-8	2.250827E-3
6.535000E-8	2.197725E-3
6.540000E-8	2.201151E-3
6.545000E-8	2.255965E-3
6.550000E-8	2.358741E-3
6.555000E-8	2.506054E-3
6.560000E-8	2.680774E-3
6.565000E-8	2.860633E-3
6.570000E-8	3.033640E-3
6.575000E-8	3.204935E-3
6.580000E-8	3.365952E-3
6.585000E-8	3.501274E-3
6.590000E-8	3.597200E-3
6.595000E-8	3.679421E-3
6.600000E-8	3.734236E-3
6.605000E-8	3.754791E-3
6.610000E-8	3.751366E-3
6.615000E-8	3.734237E-3
6.620000E-8	3.679423E-3
6.625000E-8	3.578359E-3
6.630000E-8	3.453314E-3
6.635000E-8	3.300862E-3
6.640000E-8	3.115864E-3
6.645000E-8	2.901746E-3
6.650000E-8	2.667073E-3
6.655000E-8	2.416982E-3
6.660000E-8	2.175457E-3
6.665000E-8	1.957913E-3
6.670000E-8	1.781479E-3
6.675000E-8	1.683841E-3
6.680000E-8	1.704396E-3
6.685000E-8	1.831154E-3
6.690000E-8	2.021291E-3
6.695000E-8	2.238835E-3
6.700000E-8	2.499203E-3
6.705000E-8	2.812672E-3
6.710000E-8	3.158687E-3
6.715000E-8	3.460166E-3
6.720000E-8	3.705117E-3
6.725000E-8	3.929513E-3
6.730000E-8	4.114511E-3
6.735000E-8	4.224139E-3
6.740000E-8	4.285806E-3
6.745000E-8	4.313213E-3
6.750000E-8	4.292657E-3
6.755000E-8	4.232704E-3
6.760000E-8	4.157335E-3
6.765000E-8	4.030577E-3
6.770000E-8	3.837014E-3
6.775000E-8	3.621183E-3
6.780000E-8	3.401926E-3
6.785000E-8	3.151836E-3
6.790000E-8	2.884617E-3
6.795000E-8	2.636239E-3
6.800000E-8	2.404992E-3
6.805000E-8	2.233697E-3
6.810000E-8	2.148050E-3
6.815000E-8	2.120642E-3
6.820000E-8	2.137772E-3
6.825000E-8	2.226845E-3
6.830000E-8	2.386149E-3
6.835000E-8	2.607118E-3
6.840000E-8	2.882903E-3
6.845000E-8	3.175816E-3
6.850000E-8	3.434471E-3
6.855000E-8	3.681135E-3
6.860000E-8	3.944929E-3
6.865000E-8	4.147057E-3
6.870000E-8	4.246408E-3
6.875000E-8	4.282379E-3
6.880000E-8	4.265250E-3
6.885000E-8	4.165899E-3
6.890000E-8	3.989466E-3
6.895000E-8	3.777061E-3
6.900000E-8	3.552665E-3
6.905000E-8	3.304288E-3
6.910000E-8	3.013088E-3
6.915000E-8	2.715035E-3
6.920000E-8	2.459806E-3
6.925000E-8	2.267956E-3
6.930000E-8	2.132633E-3
6.935000E-8	2.067541E-3
6.940000E-8	2.076106E-3
6.945000E-8	2.149762E-3
6.950000E-8	2.312492E-3
6.955000E-8	2.574573E-3
6.960000E-8	2.881190E-3
6.965000E-8	3.182668E-3
6.970000E-8	3.453314E-3
6.975000E-8	3.670858E-3
6.980000E-8	3.823310E-3
6.985000E-8	3.893541E-3
6.990000E-8	3.859282E-3
6.995000E-8	3.746227E-3
7.000000E-8	3.612617E-3
7.005000E-8	3.472156E-3
7.010000E-8	3.321417E-3
7.015000E-8	3.177529E-3
7.020000E-8	3.090169E-3
7.025000E-8	3.078179E-3
7.030000E-8	3.110725E-3
7.035000E-8	3.180956E-3
7.040000E-8	3.297437E-3
7.045000E-8	3.408778E-3
7.050000E-8	3.472158E-3
7.055000E-8	3.520120E-3
7.060000E-8	3.556092E-3
7.065000E-8	3.523546E-3
7.070000E-8	3.417343E-3
7.075000E-8	3.287159E-3
7.080000E-8	3.121003E-3
7.085000E-8	2.925727E-3
7.090000E-8	2.768135E-3
7.095000E-8	2.673923E-3
7.100000E-8	2.624247E-3
7.105000E-8	2.646515E-3
7.110000E-8	2.766421E-3
7.115000E-8	2.936003E-3
7.120000E-8	3.144982E-3
7.125000E-8	3.403638E-3
7.130000E-8	3.658867E-3
7.135000E-8	3.878124E-3
7.140000E-8	4.076826E-3
7.145000E-8	4.210436E-3
7.150000E-8	4.254973E-3
7.155000E-8	4.251548E-3
7.160000E-8	4.215576E-3
7.165000E-8	4.088818E-3
7.170000E-8	3.888403E-3
7.175000E-8	3.689702E-3
7.180000E-8	3.513268E-3
7.185000E-8	3.347112E-3
7.190000E-8	3.174105E-3
7.195000E-8	3.001097E-3
7.200000E-8	2.874339E-3
7.205000E-8	2.819525E-3
7.210000E-8	2.793830E-3
7.215000E-8	2.764710E-3
7.220000E-8	2.774988E-3
7.225000E-8	2.848644E-3
7.230000E-8	2.924014E-3
7.235000E-8	2.971976E-3
7.240000E-8	3.043920E-3
7.245000E-8	3.174103E-3
7.250000E-8	3.311139E-3
7.255000E-8	3.431045E-3
7.260000E-8	3.552664E-3
7.265000E-8	3.660580E-3
7.270000E-8	3.718820E-3
7.275000E-8	3.756505E-3
7.280000E-8	3.799329E-3
7.285000E-8	3.804468E-3
7.290000E-8	3.761644E-3
7.295000E-8	3.710256E-3
7.300000E-8	3.628035E-3
7.305000E-8	3.514980E-3
7.310000E-8	3.410491E-3
7.315000E-8	3.292298E-3
7.320000E-8	3.136420E-3
7.325000E-8	2.983968E-3
7.330000E-8	2.860636E-3
7.335000E-8	2.709896E-3
7.340000E-8	2.560870E-3
7.345000E-8	2.461519E-3
7.350000E-8	2.396427E-3
7.355000E-8	2.350177E-3
7.360000E-8	2.363880E-3
7.365000E-8	2.427259E-3
7.370000E-8	2.490637E-3
7.375000E-8	2.572859E-3
7.380000E-8	2.696191E-3
7.385000E-8	2.822949E-3
7.390000E-8	2.954846E-3
7.395000E-8	3.127854E-3
7.400000E-8	3.297436E-3
7.405000E-8	3.420768E-3
7.410000E-8	3.509842E-3
7.415000E-8	3.585211E-3
7.420000E-8	3.633174E-3
7.425000E-8	3.638313E-3
7.430000E-8	3.619470E-3
7.435000E-8	3.595489E-3
7.440000E-8	3.588637E-3
7.445000E-8	3.585211E-3
7.450000E-8	3.571507E-3
7.455000E-8	3.574933E-3
7.460000E-8	3.607479E-3
7.465000E-8	3.648590E-3
7.470000E-8	3.679423E-3
7.475000E-8	3.715395E-3
7.480000E-8	3.754792E-3
7.485000E-8	3.785626E-3
7.490000E-8	3.821597E-3
7.495000E-8	3.847292E-3
7.500000E-8	3.842153E-3
7.505000E-8	3.809607E-3
7.510000E-8	3.768496E-3
7.515000E-8	3.722246E-3
7.520000E-8	3.693126E-3
7.525000E-8	3.686274E-3
7.530000E-8	3.674284E-3
7.535000E-8	3.660580E-3
7.540000E-8	3.667432E-3
7.545000E-8	3.694839E-3
7.550000E-8	3.708542E-3
7.555000E-8	3.698265E-3
7.560000E-8	3.687987E-3
7.565000E-8	3.648589E-3
7.570000E-8	3.542387E-3
7.575000E-8	3.374518E-3
7.580000E-8	3.194659E-3
7.585000E-8	3.023364E-3
7.590000E-8	2.855495E-3
7.595000E-8	2.703043E-3
7.600000E-8	2.577998E-3
7.605000E-8	2.485499E-3
7.610000E-8	2.444388E-3
7.615000E-8	2.458092E-3
7.620000E-8	2.506054E-3
7.625000E-8	2.579711E-3
7.630000E-8	2.677349E-3
7.635000E-8	2.785264E-3
7.640000E-8	2.881189E-3
7.645000E-8	2.947994E-3
7.650000E-8	3.001096E-3
7.655000E-8	3.037068E-3
7.660000E-8	3.049058E-3
7.665000E-8	3.026790E-3
7.670000E-8	2.990818E-3
7.675000E-8	2.975401E-3
7.680000E-8	2.977114E-3
7.685000E-8	2.995957E-3
7.690000E-8	3.066187E-3
7.695000E-8	3.168964E-3
7.700000E-8	3.244334E-3
7.705000E-8	3.290583E-3
7.710000E-8	3.352249E-3
7.715000E-8	3.386508E-3
7.720000E-8	3.372805E-3
7.725000E-8	3.338546E-3
7.730000E-8	3.271742E-3
7.735000E-8	3.180956E-3
7.740000E-8	3.091882E-3
7.745000E-8	2.999383E-3
7.750000E-8	2.888042E-3
7.755000E-8	2.798968E-3
7.760000E-8	2.737302E-3
7.765000E-8	2.691053E-3
7.770000E-8	2.660219E-3
7.775000E-8	2.661932E-3
7.780000E-8	2.675636E-3
7.785000E-8	2.697904E-3
7.790000E-8	2.742440E-3
7.795000E-8	2.793829E-3
7.800000E-8	2.853782E-3
7.805000E-8	2.924012E-3
7.810000E-8	3.014799E-3
7.815000E-8	3.117576E-3
7.820000E-8	3.240908E-3
7.825000E-8	3.371092E-3
7.830000E-8	3.472156E-3
7.835000E-8	3.544100E-3
7.840000E-8	3.573220E-3
7.845000E-8	3.528684E-3
7.850000E-8	3.429333E-3
7.855000E-8	3.340260E-3
7.860000E-8	3.256326E-3
7.865000E-8	3.139845E-3
7.870000E-8	3.023365E-3
7.875000E-8	2.973689E-3
7.880000E-8	2.992532E-3
7.885000E-8	3.031929E-3
7.890000E-8	3.097021E-3
7.895000E-8	3.240909E-3
7.900000E-8	3.427620E-3
7.905000E-8	3.598914E-3
7.910000E-8	3.759931E-3
7.915000E-8	3.936365E-3
7.920000E-8	4.080252E-3
7.925000E-8	4.140205E-3
7.930000E-8	4.128215E-3
7.935000E-8	4.081965E-3
7.940000E-8	3.999744E-3
7.945000E-8	3.878125E-3
7.950000E-8	3.734238E-3
7.955000E-8	3.592063E-3
7.960000E-8	3.444750E-3
7.965000E-8	3.304288E-3
7.970000E-8	3.191234E-3
7.975000E-8	3.112438E-3
7.980000E-8	3.045633E-3
7.985000E-8	2.994245E-3
7.990000E-8	2.973689E-3
7.995000E-8	2.968550E-3
8.000000E-8	2.954846E-3
8.005000E-8	2.934291E-3
8.010000E-8	2.901745E-3
8.015000E-8	2.860634E-3
8.020000E-8	2.807533E-3
8.025000E-8	2.730451E-3
8.030000E-8	2.625961E-3
8.035000E-8	2.552304E-3
8.040000E-8	2.540314E-3
8.045000E-8	2.577999E-3
8.050000E-8	2.629387E-3
8.055000E-8	2.703044E-3
8.060000E-8	2.798969E-3
8.065000E-8	2.906885E-3
8.070000E-8	3.037069E-3
8.075000E-8	3.180956E-3
8.080000E-8	3.278594E-3
8.085000E-8	3.328269E-3
8.090000E-8	3.369380E-3
8.095000E-8	3.384797E-3
8.100000E-8	3.333408E-3
8.105000E-8	3.232344E-3
8.110000E-8	3.097022E-3
8.115000E-8	2.936005E-3
8.120000E-8	2.783552E-3
8.125000E-8	2.665359E-3
8.130000E-8	2.555730E-3
8.135000E-8	2.456380E-3
8.140000E-8	2.430685E-3
8.145000E-8	2.480361E-3
8.150000E-8	2.550591E-3
8.155000E-8	2.667072E-3
8.160000E-8	2.841792E-3
8.165000E-8	3.033642E-3
8.170000E-8	3.211788E-3
8.175000E-8	3.383083E-3
8.180000E-8	3.514980E-3
8.185000E-8	3.583498E-3
8.190000E-8	3.616044E-3
8.195000E-8	3.597202E-3
8.200000E-8	3.502990E-3
8.205000E-8	3.383084E-3
8.210000E-8	3.292297E-3
8.215000E-8	3.196372E-3
8.220000E-8	3.093596E-3
8.225000E-8	3.018226E-3
8.230000E-8	2.973689E-3
8.235000E-8	2.958272E-3
8.240000E-8	2.983966E-3
8.245000E-8	3.021651E-3
8.250000E-8	3.050771E-3
8.255000E-8	3.097020E-3
8.260000E-8	3.148409E-3
8.265000E-8	3.156973E-3
8.270000E-8	3.148409E-3
8.275000E-8	3.150121E-3
8.280000E-8	3.139844E-3
8.285000E-8	3.121001E-3
8.290000E-8	3.124427E-3
8.295000E-8	3.150122E-3
8.300000E-8	3.158686E-3
8.305000E-8	3.170677E-3
8.310000E-8	3.172390E-3
8.315000E-8	3.155261E-3
8.320000E-8	3.109011E-3
8.325000E-8	3.052484E-3
8.330000E-8	2.992531E-3
8.335000E-8	2.959985E-3
8.340000E-8	2.951420E-3
8.345000E-8	2.944568E-3
8.350000E-8	2.956559E-3
8.355000E-8	3.018225E-3
8.360000E-8	3.095308E-3
8.365000E-8	3.151835E-3
8.370000E-8	3.201511E-3
8.375000E-8	3.244335E-3
8.380000E-8	3.261464E-3
8.385000E-8	3.254612E-3
8.390000E-8	3.228918E-3
8.395000E-8	3.184382E-3
8.400000E-8	3.138132E-3
8.405000E-8	3.107299E-3
8.410000E-8	3.076466E-3
8.415000E-8	3.042207E-3
8.420000E-8	3.035356E-3
8.425000E-8	3.074753E-3
8.430000E-8	3.151836E-3
8.435000E-8	3.247761E-3
8.440000E-8	3.360815E-3
8.445000E-8	3.475582E-3
8.450000E-8	3.566368E-3
8.455000E-8	3.628034E-3
8.460000E-8	3.670858E-3
8.465000E-8	3.689700E-3
8.470000E-8	3.662293E-3
8.475000E-8	3.598914E-3
8.480000E-8	3.521831E-3
8.485000E-8	3.439610E-3
8.490000E-8	3.379657E-3
8.495000E-8	3.345398E-3
8.500000E-8	3.321417E-3
8.505000E-8	3.295723E-3
8.510000E-8	3.294010E-3
8.515000E-8	3.312853E-3
8.520000E-8	3.350538E-3
8.525000E-8	3.386509E-3
8.530000E-8	3.395074E-3
8.535000E-8	3.350538E-3
8.540000E-8	3.273455E-3
8.545000E-8	3.194659E-3
8.550000E-8	3.105586E-3
8.555000E-8	3.011374E-3
8.560000E-8	2.925726E-3
8.565000E-8	2.872625E-3
8.570000E-8	2.828088E-3
8.575000E-8	2.800680E-3
8.580000E-8	2.797254E-3
8.585000E-8	2.816097E-3
8.590000E-8	2.858920E-3
8.595000E-8	2.930864E-3
8.600000E-8	3.014798E-3
8.605000E-8	3.088455E-3
8.610000E-8	3.138131E-3
8.615000E-8	3.168964E-3
8.620000E-8	3.177529E-3
8.625000E-8	3.162113E-3
8.630000E-8	3.136419E-3
8.635000E-8	3.109012E-3
8.640000E-8	3.078179E-3
8.645000E-8	3.064476E-3
8.650000E-8	3.083318E-3
8.655000E-8	3.095309E-3
8.660000E-8	3.090170E-3
8.665000E-8	3.097022E-3
8.670000E-8	3.095309E-3
8.675000E-8	3.066189E-3
8.680000E-8	3.021652E-3
8.685000E-8	2.958273E-3
8.690000E-8	2.876051E-3
8.695000E-8	2.780126E-3
8.700000E-8	2.692766E-3
8.705000E-8	2.637951E-3
8.710000E-8	2.610544E-3
8.715000E-8	2.584850E-3
8.720000E-8	2.581424E-3
8.725000E-8	2.632812E-3
8.730000E-8	2.735589E-3
8.735000E-8	2.862347E-3
8.740000E-8	3.016512E-3
8.745000E-8	3.180956E-3
8.750000E-8	3.319704E-3
8.755000E-8	3.448176E-3
8.760000E-8	3.598915E-3
8.765000E-8	3.727386E-3
8.770000E-8	3.783913E-3
8.775000E-8	3.795904E-3
8.780000E-8	3.790765E-3
8.785000E-8	3.730812E-3
8.790000E-8	3.602340E-3
8.795000E-8	3.436184E-3
8.800000E-8	3.268315E-3
8.805000E-8	3.105585E-3
8.810000E-8	2.939429E-3
8.815000E-8	2.802393E-3
8.820000E-8	2.711607E-3
8.825000E-8	2.656792E-3
8.830000E-8	2.636237E-3
8.835000E-8	2.670496E-3
8.840000E-8	2.752718E-3
8.845000E-8	2.836652E-3
8.850000E-8	2.920587E-3
8.855000E-8	3.007947E-3
8.860000E-8	3.071326E-3
8.865000E-8	3.079891E-3
8.870000E-8	3.073039E-3
8.875000E-8	3.042206E-3
8.880000E-8	2.958272E-3
8.885000E-8	2.867486E-3
8.890000E-8	2.804107E-3
8.895000E-8	2.756145E-3
8.900000E-8	2.737302E-3
8.905000E-8	2.788691E-3
8.910000E-8	2.877764E-3
8.915000E-8	2.971976E-3
8.920000E-8	3.102160E-3
8.925000E-8	3.275168E-3
8.930000E-8	3.427620E-3
8.935000E-8	3.535535E-3
8.940000E-8	3.631460E-3
8.945000E-8	3.686274E-3
8.950000E-8	3.665719E-3
8.955000E-8	3.583498E-3
8.960000E-8	3.451601E-3
8.965000E-8	3.282019E-3
8.970000E-8	3.105585E-3
8.975000E-8	2.946281E-3
8.980000E-8	2.809246E-3
8.985000E-8	2.691052E-3
8.990000E-8	2.601979E-3
8.995000E-8	2.572859E-3
9.000000E-8	2.610544E-3
9.005000E-8	2.679062E-3
9.010000E-8	2.769848E-3
9.015000E-8	2.896606E-3
9.020000E-8	3.037067E-3
9.025000E-8	3.109011E-3
9.030000E-8	3.112437E-3
9.035000E-8	3.114150E-3
9.040000E-8	3.110724E-3
9.045000E-8	3.035354E-3
9.050000E-8	2.906884E-3
9.055000E-8	2.786977E-3
9.060000E-8	2.661932E-3
9.065000E-8	2.511193E-3
9.070000E-8	2.355315E-3
9.075000E-8	2.231983E-3
9.080000E-8	2.137771E-3
9.085000E-8	2.069253E-3
9.090000E-8	2.023003E-3
9.095000E-8	2.000735E-3
9.100000E-8	2.023003E-3
9.105000E-8	2.093233E-3
9.110000E-8	2.177167E-3
9.115000E-8	2.262815E-3
9.120000E-8	2.369017E-3
9.125000E-8	2.478646E-3
9.130000E-8	2.571145E-3
9.135000E-8	2.660218E-3
9.140000E-8	2.764708E-3
9.145000E-8	2.852069E-3
9.150000E-8	2.910309E-3
9.155000E-8	2.980540E-3
9.160000E-8	3.061049E-3
9.165000E-8	3.110724E-3
9.170000E-8	3.127854E-3
9.175000E-8	3.151835E-3
9.180000E-8	3.168965E-3
9.185000E-8	3.155261E-3
9.190000E-8	3.139844E-3
9.195000E-8	3.143270E-3
9.200000E-8	3.105585E-3
9.205000E-8	3.026789E-3
9.210000E-8	2.968549E-3
9.215000E-8	2.949706E-3
9.220000E-8	2.927438E-3
9.225000E-8	2.908596E-3
9.230000E-8	2.924012E-3
9.235000E-8	2.942855E-3
9.240000E-8	2.965123E-3
9.245000E-8	3.018225E-3
9.250000E-8	3.081604E-3
9.255000E-8	3.122715E-3
9.260000E-8	3.150122E-3
9.265000E-8	3.194659E-3
9.270000E-8	3.216928E-3
9.275000E-8	3.220354E-3
9.280000E-8	3.210076E-3
9.285000E-8	3.170679E-3
9.290000E-8	3.078179E-3
9.295000E-8	2.987393E-3
9.300000E-8	2.939431E-3
9.305000E-8	2.908597E-3
9.310000E-8	2.874338E-3
9.315000E-8	2.843505E-3
9.320000E-8	2.819524E-3
9.325000E-8	2.795542E-3
9.330000E-8	2.756144E-3
9.335000E-8	2.696191E-3
9.340000E-8	2.608831E-3
9.345000E-8	2.504341E-3
9.350000E-8	2.379295E-3
9.355000E-8	2.255963E-3
9.360000E-8	2.172029E-3
9.365000E-8	2.112076E-3
9.370000E-8	2.045271E-3
9.375000E-8	2.033280E-3
9.380000E-8	2.106937E-3
9.385000E-8	2.208001E-3
9.390000E-8	2.307352E-3
9.395000E-8	2.459804E-3
9.400000E-8	2.639663E-3
9.405000E-8	2.802393E-3
9.410000E-8	2.982253E-3
9.415000E-8	3.160399E-3
9.420000E-8	3.287157E-3
9.425000E-8	3.388221E-3
9.430000E-8	3.501276E-3
9.435000E-8	3.585210E-3
9.440000E-8	3.609192E-3
9.445000E-8	3.612618E-3
9.450000E-8	3.624608E-3
9.455000E-8	3.614331E-3
9.460000E-8	3.585211E-3
9.465000E-8	3.532109E-3
9.470000E-8	3.434471E-3
9.475000E-8	3.295722E-3
9.480000E-8	3.163825E-3
9.485000E-8	3.042206E-3
9.490000E-8	2.939429E-3
9.495000E-8	2.870911E-3
9.500000E-8	2.848643E-3
9.505000E-8	2.876050E-3
9.510000E-8	2.929151E-3
9.515000E-8	2.983965E-3
9.520000E-8	3.033641E-3
9.525000E-8	3.095307E-3
9.530000E-8	3.168964E-3
9.535000E-8	3.227204E-3
9.540000E-8	3.246046E-3
9.545000E-8	3.213501E-3
9.550000E-8	3.153548E-3
9.555000E-8	3.095308E-3
9.560000E-8	3.037068E-3
9.565000E-8	2.978828E-3
9.570000E-8	2.963411E-3
9.575000E-8	2.994245E-3
9.580000E-8	3.057623E-3
9.585000E-8	3.143271E-3
9.590000E-8	3.252899E-3
9.595000E-8	3.379657E-3
9.600000E-8	3.487572E-3
9.605000E-8	3.547525E-3
9.610000E-8	3.550951E-3
9.615000E-8	3.516692E-3
9.620000E-8	3.432758E-3
9.625000E-8	3.294009E-3
9.630000E-8	3.107298E-3
9.635000E-8	2.898319E-3
9.640000E-8	2.677349E-3
9.645000E-8	2.476934E-3
9.650000E-8	2.310778E-3
9.655000E-8	2.201150E-3
9.660000E-8	2.184021E-3
9.665000E-8	2.231983E-3
9.670000E-8	2.286797E-3
9.675000E-8	2.363880E-3
9.680000E-8	2.499203E-3
9.685000E-8	2.636239E-3
9.690000E-8	2.744154E-3
9.695000E-8	2.845218E-3
9.700000E-8	2.918875E-3
9.705000E-8	2.937717E-3
9.710000E-8	2.946282E-3
9.715000E-8	2.958272E-3
9.720000E-8	2.920588E-3
9.725000E-8	2.860635E-3
9.730000E-8	2.829802E-3
9.735000E-8	2.797255E-3
9.740000E-8	2.732164E-3
9.745000E-8	2.696192E-3
9.750000E-8	2.684201E-3
9.755000E-8	2.672210E-3
9.760000E-8	2.680775E-3
9.765000E-8	2.735589E-3
9.770000E-8	2.795542E-3
9.775000E-8	2.846931E-3
9.780000E-8	2.917161E-3
9.785000E-8	3.011373E-3
9.790000E-8	3.102159E-3
9.795000E-8	3.172390E-3
9.800000E-8	3.223778E-3
9.805000E-8	3.263176E-3
9.810000E-8	3.288870E-3
9.815000E-8	3.278592E-3
9.820000E-8	3.258037E-3
9.825000E-8	3.259750E-3
9.830000E-8	3.282018E-3
9.835000E-8	3.294009E-3
9.840000E-8	3.319703E-3
9.845000E-8	3.388221E-3
9.850000E-8	3.473868E-3
9.855000E-8	3.544099E-3
9.860000E-8	3.612617E-3
9.865000E-8	3.684561E-3
9.870000E-8	3.717107E-3
9.875000E-8	3.722246E-3
9.880000E-8	3.717107E-3
9.885000E-8	3.662293E-3
9.890000E-8	3.571507E-3
9.895000E-8	3.479008E-3
9.900000E-8	3.376231E-3
9.905000E-8	3.242621E-3
9.910000E-8	3.102160E-3
9.915000E-8	2.968550E-3
9.920000E-8	2.846930E-3
9.925000E-8	2.757857E-3
9.930000E-8	2.699617E-3
9.935000E-8	2.649941E-3
9.940000E-8	2.627672E-3
9.945000E-8	2.649941E-3
9.950000E-8	2.670496E-3
9.955000E-8	2.673922E-3
9.960000E-8	2.679061E-3
9.965000E-8	2.682487E-3
9.970000E-8	2.653367E-3
9.975000E-8	2.589988E-3
9.980000E-8	2.524896E-3
9.985000E-8	2.468369E-3
9.990000E-8	2.437536E-3
9.995000E-8	2.422119E-3
1.000000E-7	2.408416E-3
1.000500E-7	2.435823E-3
1.001000E-7	2.521470E-3
1.001500E-7	2.634525E-3
1.002000E-7	2.759570E-3
1.002500E-7	2.925726E-3
1.003000E-7	3.122714E-3
1.003500E-7	3.311139E-3
1.004000E-7	3.472156E-3
1.004500E-7	3.597201E-3
1.005000E-7	3.652015E-3
1.005500E-7	3.646876E-3
1.006000E-7	3.595488E-3
1.006500E-7	3.496137E-3
1.007000E-7	3.364240E-3
1.007500E-7	3.240908E-3
1.008000E-7	3.148409E-3
1.008500E-7	3.086743E-3
1.009000E-7	3.071327E-3
1.009500E-7	3.098734E-3
1.010000E-7	3.170678E-3
1.010500E-7	3.258038E-3
1.011000E-7	3.360815E-3
1.011500E-7	3.463591E-3
1.012000E-7	3.538961E-3
1.012500E-7	3.593775E-3
1.013000E-7	3.621182E-3
1.013500E-7	3.604053E-3
1.014000E-7	3.530396E-3
1.014500E-7	3.417341E-3
1.015000E-7	3.266602E-3
1.015500E-7	3.074752E-3
1.016000E-7	2.894892E-3
1.016500E-7	2.752718E-3
1.017000E-7	2.627673E-3
1.017500E-7	2.531748E-3
1.018000E-7	2.507766E-3
1.018500E-7	2.552303E-3
1.019000E-7	2.612256E-3
1.019500E-7	2.673922E-3
1.020000E-7	2.771560E-3
1.020500E-7	2.894893E-3
1.021000E-7	2.992530E-3
1.021500E-7	3.061048E-3
1.022000E-7	3.102159E-3
1.022500E-7	3.117575E-3
1.023000E-7	3.117575E-3
1.023500E-7	3.097020E-3
1.024000E-7	3.042206E-3
1.024500E-7	2.966836E-3
1.025000E-7	2.886328E-3
1.025500E-7	2.795542E-3
1.026000E-7	2.709894E-3
1.026500E-7	2.661932E-3
1.027000E-7	2.639663E-3
1.027500E-7	2.591701E-3
1.028000E-7	2.526609E-3
1.028500E-7	2.480359E-3
1.029000E-7	2.452952E-3
1.029500E-7	2.413554E-3
1.030000E-7	2.375869E-3
1.030500E-7	2.377582E-3
1.031000E-7	2.416980E-3
1.031500E-7	2.470081E-3
1.032000E-7	2.543738E-3
1.032500E-7	2.637950E-3
1.033000E-7	2.721885E-3
1.033500E-7	2.780125E-3
1.034000E-7	2.824662E-3
1.034500E-7	2.867486E-3
1.035000E-7	2.877764E-3
1.035500E-7	2.836653E-3
1.036000E-7	2.769849E-3
1.036500E-7	2.680775E-3
1.037000E-7	2.538601E-3
1.037500E-7	2.370732E-3
1.038000E-7	2.240547E-3
1.038500E-7	2.153187E-3
1.039000E-7	2.088094E-3
1.039500E-7	2.067539E-3
1.040000E-7	2.118927E-3
1.040500E-7	2.208000E-3
1.041000E-7	2.314203E-3
1.041500E-7	2.437535E-3
1.042000E-7	2.569432E-3
1.042500E-7	2.687626E-3
1.043000E-7	2.781838E-3
1.043500E-7	2.852069E-3
1.044000E-7	2.901744E-3
1.044500E-7	2.918874E-3
1.045000E-7	2.896606E-3
1.045500E-7	2.843504E-3
1.046000E-7	2.780125E-3
1.046500E-7	2.735589E-3
1.047000E-7	2.715033E-3
1.047500E-7	2.720172E-3
1.048000E-7	2.756144E-3
1.048500E-7	2.821236E-3
1.049000E-7	2.905170E-3
1.049500E-7	3.016512E-3
1.050000E-7	3.131279E-3
1.050500E-7	3.222066E-3
1.051000E-7	3.271742E-3
1.051500E-7	3.306001E-3
1.052000E-7	3.309427E-3
1.052500E-7	3.256326E-3
1.053000E-7	3.168965E-3
1.053500E-7	3.083318E-3
1.054000E-7	3.002810E-3
1.054500E-7	2.920588E-3
1.055000E-7	2.857209E-3
1.055500E-7	2.812672E-3
1.056000E-7	2.804107E-3
1.056500E-7	2.840079E-3
1.057000E-7	2.894893E-3
1.057500E-7	2.937716E-3
1.058000E-7	2.977114E-3
1.058500E-7	3.045632E-3
1.059000E-7	3.124427E-3
1.059500E-7	3.180954E-3
1.060000E-7	3.232342E-3
1.060500E-7	3.299147E-3
1.061000E-7	3.362526E-3
1.061500E-7	3.412202E-3
1.062000E-7	3.477294E-3
1.062500E-7	3.554377E-3
1.063000E-7	3.593775E-3
1.063500E-7	3.600627E-3
1.064000E-7	3.588636E-3
1.064500E-7	3.530396E-3
1.065000E-7	3.444749E-3
1.065500E-7	3.369379E-3
1.066000E-7	3.307713E-3
1.066500E-7	3.239195E-3
1.067000E-7	3.150122E-3
1.067500E-7	3.025077E-3
1.068000E-7	2.910309E-3
1.068500E-7	2.836653E-3
1.069000E-7	2.780125E-3
1.069500E-7	2.737302E-3
1.070000E-7	2.768135E-3
1.070500E-7	2.858921E-3
1.071000E-7	2.927439E-3
1.071500E-7	3.007947E-3
1.072000E-7	3.131280E-3
1.072500E-7	3.218640E-3
1.073000E-7	3.242621E-3
1.073500E-7	3.280306E-3
1.074000E-7	3.331694E-3
1.074500E-7	3.350536E-3
1.075000E-7	3.343684E-3
1.075500E-7	3.317990E-3
1.076000E-7	3.263175E-3
1.076500E-7	3.191231E-3
1.077000E-7	3.114149E-3
1.077500E-7	3.007946E-3
1.078000E-7	2.888040E-3
1.078500E-7	2.793828E-3
1.079000E-7	2.713319E-3
1.079500E-7	2.636237E-3
1.080000E-7	2.588275E-3
1.080500E-7	2.574571E-3
1.081000E-7	2.591701E-3
1.081500E-7	2.622534E-3
1.082000E-7	2.632812E-3
1.082500E-7	2.610544E-3
1.083000E-7	2.603692E-3
1.083500E-7	2.593414E-3
1.084000E-7	2.540313E-3
1.084500E-7	2.478646E-3
1.085000E-7	2.468368E-3
1.085500E-7	2.470081E-3
1.086000E-7	2.435822E-3
1.086500E-7	2.399850E-3
1.087000E-7	2.418692E-3
1.087500E-7	2.451238E-3
1.088000E-7	2.459803E-3
1.088500E-7	2.478646E-3
1.089000E-7	2.533460E-3
1.089500E-7	2.567719E-3
1.090000E-7	2.567719E-3
1.090500E-7	2.579710E-3
1.091000E-7	2.600265E-3
1.091500E-7	2.601978E-3
1.092000E-7	2.613969E-3
1.092500E-7	2.653367E-3
1.093000E-7	2.672210E-3
1.093500E-7	2.677349E-3
1.094000E-7	2.728737E-3
1.094500E-7	2.809246E-3
1.095000E-7	2.857208E-3
1.095500E-7	2.884616E-3
1.096000E-7	2.922300E-3
1.096500E-7	2.949707E-3
1.097000E-7	2.937717E-3
1.097500E-7	2.900032E-3
1.098000E-7	2.864060E-3
1.098500E-7	2.824662E-3
1.099000E-7	2.761283E-3
1.099500E-7	2.696191E-3
1.100000E-7	2.687626E-3
1.100500E-7	2.740728E-3
1.101000E-7	2.814384E-3
1.101500E-7	2.917161E-3
1.102000E-7	3.033642E-3
1.102500E-7	3.105585E-3
1.103000E-7	3.138131E-3
1.103500E-7	3.148409E-3
1.104000E-7	3.134705E-3
1.104500E-7	3.100446E-3
1.105000E-7	3.061048E-3
1.105500E-7	2.992530E-3
1.106000E-7	2.917161E-3
1.106500E-7	2.862346E-3
1.107000E-7	2.817810E-3
1.107500E-7	2.764708E-3
1.108000E-7	2.742440E-3
1.108500E-7	2.761282E-3
1.109000E-7	2.761282E-3
1.109500E-7	2.751005E-3
1.110000E-7	2.766421E-3
1.110500E-7	2.783551E-3
1.111000E-7	2.762995E-3
1.111500E-7	2.718458E-3
1.112000E-7	2.641376E-3
1.112500E-7	2.543738E-3
1.113000E-7	2.476933E-3
1.113500E-7	2.447812E-3
1.114000E-7	2.413553E-3
1.114500E-7	2.386146E-3
1.115000E-7	2.411840E-3
1.115500E-7	2.478645E-3
1.116000E-7	2.547163E-3
1.116500E-7	2.625959E-3
1.117000E-7	2.721884E-3
1.117500E-7	2.816096E-3
1.118000E-7	2.915447E-3
1.118500E-7	3.030215E-3
1.119000E-7	3.122714E-3
1.119500E-7	3.158686E-3
1.120000E-7	3.163825E-3
1.120500E-7	3.170677E-3
1.121000E-7	3.156974E-3
1.121500E-7	3.126141E-3
1.122000E-7	3.091882E-3
1.122500E-7	3.062762E-3
1.123000E-7	3.042207E-3
1.123500E-7	3.040494E-3
1.124000E-7	3.031929E-3
1.124500E-7	3.021651E-3
1.125000E-7	3.040494E-3
1.125500E-7	3.081605E-3
1.126000E-7	3.097021E-3
1.126500E-7	3.097021E-3
1.127000E-7	3.115863E-3
1.127500E-7	3.150122E-3
1.128000E-7	3.198085E-3
1.128500E-7	3.252899E-3
1.129000E-7	3.249473E-3
1.129500E-7	3.194658E-3
1.130000E-7	3.165538E-3
1.130500E-7	3.168963E-3
1.131000E-7	3.132991E-3
1.131500E-7	3.081603E-3
1.132000E-7	3.059335E-3
1.132500E-7	3.025076E-3
1.133000E-7	2.953132E-3
1.133500E-7	2.889753E-3
1.134000E-7	2.824662E-3
1.134500E-7	2.745866E-3
1.135000E-7	2.692765E-3
1.135500E-7	2.668784E-3
1.136000E-7	2.651654E-3
1.136500E-7	2.668784E-3
1.137000E-7	2.732163E-3
1.137500E-7	2.793829E-3
1.138000E-7	2.853782E-3
1.138500E-7	2.937716E-3
1.139000E-7	3.009659E-3
1.139500E-7	3.059335E-3
1.140000E-7	3.115862E-3
1.140500E-7	3.172389E-3
1.141000E-7	3.198083E-3
1.141500E-7	3.203222E-3
1.142000E-7	3.186093E-3
1.142500E-7	3.100445E-3
1.143000E-7	2.983965E-3
1.143500E-7	2.901744E-3
1.144000E-7	2.852068E-3
1.144500E-7	2.809245E-3
1.145000E-7	2.790402E-3
1.145500E-7	2.800680E-3
1.146000E-7	2.840078E-3
1.146500E-7	2.894893E-3
1.147000E-7	2.953133E-3
1.147500E-7	2.971975E-3
1.148000E-7	2.992531E-3
1.148500E-7	3.049058E-3
1.149000E-7	3.086743E-3
1.149500E-7	3.073039E-3
1.150000E-7	3.028503E-3
1.150500E-7	2.956559E-3
1.151000E-7	2.870911E-3
1.151500E-7	2.800681E-3
1.152000E-7	2.747579E-3
1.152500E-7	2.675635E-3
1.153000E-7	2.603692E-3
1.153500E-7	2.557442E-3
1.154000E-7	2.540313E-3
1.154500E-7	2.533461E-3
1.155000E-7	2.530035E-3
1.155500E-7	2.511193E-3
1.156000E-7	2.482073E-3
1.156500E-7	2.488924E-3
1.157000E-7	2.540313E-3
1.157500E-7	2.589988E-3
1.158000E-7	2.648229E-3
1.158500E-7	2.756144E-3
1.159000E-7	2.872625E-3
1.159500E-7	2.958272E-3
1.160000E-7	3.050771E-3
1.160500E-7	3.160400E-3
1.161000E-7	3.261464E-3
1.161500E-7	3.383083E-3
1.162000E-7	3.521832E-3
1.162500E-7	3.612618E-3
1.163000E-7	3.638312E-3
1.163500E-7	3.664006E-3
1.164000E-7	3.669145E-3
1.164500E-7	3.619469E-3
1.165000E-7	3.559516E-3
1.165500E-7	3.509840E-3
1.166000E-7	3.439609E-3
1.166500E-7	3.347110E-3
1.167000E-7	3.249472E-3
1.167500E-7	3.138130E-3
1.168000E-7	3.038779E-3
1.168500E-7	2.959984E-3
1.169000E-7	2.870910E-3
1.169500E-7	2.786976E-3
1.170000E-7	2.754430E-3
1.170500E-7	2.745866E-3
1.171000E-7	2.749292E-3
1.171500E-7	2.802393E-3
1.172000E-7	2.874337E-3
1.172500E-7	2.915448E-3
1.173000E-7	2.963410E-3
1.173500E-7	3.038780E-3
1.174000E-7	3.086742E-3
1.174500E-7	3.100446E-3
1.175000E-7	3.121001E-3
1.175500E-7	3.143269E-3
1.176000E-7	3.168964E-3
1.176500E-7	3.196371E-3
1.177000E-7	3.187806E-3
1.177500E-7	3.138130E-3
1.178000E-7	3.115862E-3
1.178500E-7	3.100445E-3
1.179000E-7	3.042205E-3
1.179500E-7	2.970261E-3
1.180000E-7	2.908595E-3
1.180500E-7	2.834939E-3
1.181000E-7	2.739014E-3
1.181500E-7	2.670496E-3
1.182000E-7	2.627672E-3
1.182500E-7	2.617395E-3
1.183000E-7	2.655080E-3
1.183500E-7	2.723598E-3
1.184000E-7	2.792116E-3
1.184500E-7	2.913736E-3
1.185000E-7	3.066188E-3
1.185500E-7	3.172391E-3
1.186000E-7	3.251186E-3
1.186500E-7	3.371093E-3
1.187000E-7	3.470444E-3
1.187500E-7	3.475582E-3
1.188000E-7	3.449888E-3
1.188500E-7	3.460166E-3
1.189000E-7	3.413916E-3
1.189500E-7	3.280306E-3
1.190000E-7	3.175816E-3
1.190500E-7	3.132992E-3
1.191000E-7	3.066187E-3
1.191500E-7	2.968549E-3
1.192000E-7	2.917160E-3
1.192500E-7	2.912021E-3
1.193000E-7	2.900031E-3
1.193500E-7	2.882901E-3
1.194000E-7	2.872624E-3
1.194500E-7	2.860633E-3
1.195000E-7	2.855495E-3
1.195500E-7	2.867485E-3
1.196000E-7	2.867485E-3
1.196500E-7	2.874337E-3
1.197000E-7	2.922300E-3
1.197500E-7	2.977114E-3
1.198000E-7	3.014799E-3
1.198500E-7	3.078178E-3
1.199000E-7	3.168964E-3
1.199500E-7	3.222065E-3
1.200000E-7	3.239195E-3
1.200500E-7	3.297435E-3
1.201000E-7	3.383082E-3
1.201500E-7	3.420767E-3
1.202000E-7	3.410489E-3
1.202500E-7	3.401925E-3
1.203000E-7	3.393360E-3
1.203500E-7	3.364240E-3
1.204000E-7	3.333407E-3
1.204500E-7	3.319703E-3
1.205000E-7	3.306000E-3
1.205500E-7	3.290583E-3
1.206000E-7	3.285444E-3
1.206500E-7	3.271741E-3
1.207000E-7	3.234056E-3
1.207500E-7	3.187806E-3
1.208000E-7	3.139844E-3
1.208500E-7	3.079890E-3
1.209000E-7	3.009660E-3
1.209500E-7	2.934290E-3
1.210000E-7	2.838365E-3
1.210500E-7	2.709894E-3
1.211000E-7	2.571145E-3
1.211500E-7	2.442674E-3
1.212000E-7	2.334759E-3
1.212500E-7	2.267954E-3
1.213000E-7	2.249111E-3
1.213500E-7	2.259389E-3
1.214000E-7	2.300500E-3
1.214500E-7	2.396424E-3
1.215000E-7	2.524895E-3
1.215500E-7	2.655079E-3
1.216000E-7	2.793828E-3
1.216500E-7	2.939428E-3
1.217000E-7	3.066186E-3
1.217500E-7	3.175815E-3
1.218000E-7	3.264888E-3
1.218500E-7	3.302573E-3
1.219000E-7	3.302573E-3
1.219500E-7	3.278592E-3
1.220000E-7	3.222065E-3
1.220500E-7	3.143269E-3
1.221000E-7	3.054196E-3
1.221500E-7	2.947993E-3
1.222000E-7	2.852068E-3
1.222500E-7	2.785264E-3
1.223000E-7	2.720172E-3
1.223500E-7	2.613969E-3
1.224000E-7	2.482072E-3
1.224500E-7	2.372443E-3
1.225000E-7	2.298787E-3
1.225500E-7	2.247398E-3
1.226000E-7	2.197723E-3
1.226500E-7	2.151473E-3
1.227000E-7	2.141196E-3
1.227500E-7	2.182306E-3
1.228000E-7	2.235408E-3
1.228500E-7	2.276519E-3
1.229000E-7	2.331333E-3
1.229500E-7	2.396425E-3
1.230000E-7	2.459804E-3
1.230500E-7	2.502628E-3
1.231000E-7	2.543739E-3
1.231500E-7	2.593414E-3
1.232000E-7	2.643089E-3
1.232500E-7	2.670496E-3
1.233000E-7	2.677348E-3
1.233500E-7	2.694478E-3
1.234000E-7	2.730449E-3
1.234500E-7	2.762995E-3
1.235000E-7	2.766421E-3
1.235500E-7	2.759569E-3
1.236000E-7	2.764708E-3
1.236500E-7	2.800680E-3
1.237000E-7	2.838365E-3
1.237500E-7	2.850356E-3
1.238000E-7	2.843504E-3
1.238500E-7	2.874337E-3
1.239000E-7	2.922300E-3
1.239500E-7	2.939429E-3
1.240000E-7	2.941142E-3
1.240500E-7	3.007947E-3
1.241000E-7	3.114150E-3
1.241500E-7	3.192945E-3
1.242000E-7	3.234056E-3
1.242500E-7	3.259750E-3
1.243000E-7	3.276879E-3
1.243500E-7	3.259750E-3
1.244000E-7	3.204935E-3
1.244500E-7	3.105584E-3
1.245000E-7	2.992530E-3
1.245500E-7	2.894892E-3
1.246000E-7	2.790402E-3
1.246500E-7	2.687625E-3
1.247000E-7	2.613969E-3
1.247500E-7	2.577997E-3
1.248000E-7	2.550590E-3
1.248500E-7	2.550590E-3
1.249000E-7	2.588275E-3
1.249500E-7	2.632812E-3
1.250000E-7	2.660219E-3
1.250500E-7	2.708182E-3
1.251000E-7	2.773274E-3
1.251500E-7	2.822949E-3
1.252000E-7	2.833226E-3
1.252500E-7	2.816097E-3
1.253000E-7	2.792115E-3
1.253500E-7	2.778411E-3
1.254000E-7	2.751004E-3
1.254500E-7	2.691051E-3
1.255000E-7	2.619107E-3
1.255500E-7	2.566006E-3
1.256000E-7	2.516330E-3
1.256500E-7	2.444387E-3
1.257000E-7	2.379295E-3
1.257500E-7	2.357027E-3
1.258000E-7	2.346749E-3
1.258500E-7	2.339897E-3
1.259000E-7	2.360453E-3
1.259500E-7	2.413554E-3
1.260000E-7	2.480359E-3
1.260500E-7	2.584849E-3
1.261000E-7	2.740728E-3
1.261500E-7	2.913735E-3
1.262000E-7	3.081604E-3
1.262500E-7	3.256324E-3
1.263000E-7	3.431045E-3
1.263500E-7	3.566368E-3
1.264000E-7	3.657154E-3
1.264500E-7	3.711968E-3
1.265000E-7	3.720533E-3
1.265500E-7	3.664006E-3
1.266000E-7	3.538961E-3
1.266500E-7	3.386508E-3
1.267000E-7	3.208362E-3
1.267500E-7	2.990818E-3
1.268000E-7	2.774986E-3
1.268500E-7	2.627673E-3
1.269000E-7	2.530035E-3
1.269500E-7	2.463230E-3
1.270000E-7	2.447814E-3
1.270500E-7	2.504341E-3
1.271000E-7	2.593414E-3
1.271500E-7	2.713320E-3
1.272000E-7	2.864060E-3
1.272500E-7	2.995957E-3
1.273000E-7	3.069613E-3
1.273500E-7	3.085030E-3
1.274000E-7	3.055909E-3
1.274500E-7	2.995956E-3
1.275000E-7	2.912021E-3
1.275500E-7	2.781837E-3
1.276000E-7	2.620820E-3
1.276500E-7	2.494062E-3
1.277000E-7	2.423831E-3
1.277500E-7	2.360452E-3
1.278000E-7	2.350174E-3
1.278500E-7	2.439248E-3
1.279000E-7	2.567719E-3
1.279500E-7	2.692764E-3
1.280000E-7	2.865772E-3
1.280500E-7	3.050771E-3
1.281000E-7	3.156973E-3
1.281500E-7	3.191232E-3
1.282000E-7	3.225491E-3
1.282500E-7	3.240908E-3
1.283000E-7	3.206648E-3
1.283500E-7	3.138130E-3
1.284000E-7	3.045631E-3
1.284500E-7	2.946280E-3
1.285000E-7	2.855494E-3
1.285500E-7	2.773272E-3
1.286000E-7	2.709893E-3
1.286500E-7	2.673922E-3
1.287000E-7	2.673922E-3
1.287500E-7	2.696190E-3
1.288000E-7	2.745865E-3
1.288500E-7	2.819522E-3
1.289000E-7	2.896605E-3
1.289500E-7	2.983965E-3
1.290000E-7	3.085029E-3
1.290500E-7	3.160399E-3
1.291000E-7	3.172389E-3
1.291500E-7	3.155260E-3
1.292000E-7	3.132992E-3
1.292500E-7	3.078177E-3
1.293000E-7	2.990817E-3
1.293500E-7	2.908596E-3
1.294000E-7	2.828088E-3
1.294500E-7	2.742440E-3
1.295000E-7	2.667071E-3
1.295500E-7	2.619108E-3
1.296000E-7	2.600266E-3
1.296500E-7	2.625960E-3
1.297000E-7	2.685913E-3
1.297500E-7	2.752718E-3
1.298000E-7	2.829801E-3
1.298500E-7	2.905170E-3
1.299000E-7	2.965123E-3
1.299500E-7	3.026789E-3
1.300000E-7	3.119288E-3
1.300500E-7	3.180954E-3
1.301000E-7	3.203223E-3
1.301500E-7	3.244333E-3
1.302000E-7	3.290583E-3
1.302500E-7	3.287157E-3
1.303000E-7	3.263176E-3
1.303500E-7	3.235769E-3
1.304000E-7	3.153547E-3
1.304500E-7	3.030215E-3
1.305000E-7	2.912022E-3
1.305500E-7	2.783551E-3
1.306000E-7	2.646515E-3
1.306500E-7	2.531748E-3
1.307000E-7	2.418693E-3
1.307500E-7	2.310778E-3
1.308000E-7	2.283371E-3
1.308500E-7	2.334759E-3
1.309000E-7	2.404990E-3
1.309500E-7	2.509480E-3
1.310000E-7	2.689339E-3
1.310500E-7	2.889754E-3
1.311000E-7	3.090168E-3
1.311500E-7	3.319703E-3
1.312000E-7	3.521831E-3
1.312500E-7	3.657154E-3
1.313000E-7	3.773634E-3
1.313500E-7	3.842152E-3
1.314000E-7	3.814744E-3
1.314500E-7	3.751365E-3
1.315000E-7	3.699977E-3
1.315500E-7	3.614330E-3
1.316000E-7	3.468729E-3
1.316500E-7	3.345398E-3
1.317000E-7	3.252899E-3
1.317500E-7	3.174103E-3
1.318000E-7	3.138131E-3
1.318500E-7	3.138131E-3
1.319000E-7	3.144983E-3
1.319500E-7	3.172390E-3
1.320000E-7	3.228917E-3
1.320500E-7	3.271741E-3
1.321000E-7	3.306000E-3
1.321500E-7	3.347110E-3
1.322000E-7	3.350536E-3
1.322500E-7	3.307712E-3
1.323000E-7	3.244333E-3
1.323500E-7	3.148408E-3
1.324000E-7	2.994243E-3
1.324500E-7	2.833226E-3
1.325000E-7	2.694478E-3
1.325500E-7	2.567720E-3
1.326000E-7	2.482072E-3
1.326500E-7	2.473508E-3
1.327000E-7	2.495776E-3
1.327500E-7	2.528322E-3
1.328000E-7	2.615682E-3
1.328500E-7	2.752717E-3
1.329000E-7	2.864059E-3
1.329500E-7	2.965122E-3
1.330000E-7	3.074751E-3
1.330500E-7	3.143269E-3
1.331000E-7	3.146695E-3
1.331500E-7	3.131278E-3
1.332000E-7	3.103871E-3
1.332500E-7	3.043918E-3
1.333000E-7	2.956558E-3
1.333500E-7	2.845217E-3
1.334000E-7	2.727023E-3
1.334500E-7	2.643089E-3
1.335000E-7	2.598552E-3
1.335500E-7	2.555729E-3
1.336000E-7	2.542025E-3
1.336500E-7	2.583136E-3
1.337000E-7	2.625959E-3
1.337500E-7	2.667070E-3
1.338000E-7	2.749292E-3
1.338500E-7	2.850356E-3
1.339000E-7	2.930864E-3
1.339500E-7	3.013086E-3
1.340000E-7	3.097020E-3
1.340500E-7	3.144983E-3
1.341000E-7	3.153548E-3
1.341500E-7	3.136418E-3
1.342000E-7	3.076465E-3
1.342500E-7	2.985679E-3
1.343000E-7	2.905171E-3
1.343500E-7	2.805820E-3
1.344000E-7	2.689339E-3
1.344500E-7	2.588275E-3
1.345000E-7	2.528322E-3
1.345500E-7	2.487211E-3
1.346000E-7	2.480360E-3
1.346500E-7	2.535174E-3
1.347000E-7	2.625960E-3
1.347500E-7	2.728737E-3
1.348000E-7	2.829801E-3
1.348500E-7	2.906884E-3
1.349000E-7	2.946281E-3
1.349500E-7	2.961698E-3
1.350000E-7	2.947994E-3
1.350500E-7	2.865772E-3
1.351000E-7	2.730450E-3
1.351500E-7	2.586562E-3
1.352000E-7	2.410128E-3
1.352500E-7	2.197723E-3
1.353000E-7	2.016151E-3
1.353500E-7	1.887680E-3
1.354000E-7	1.802032E-3
1.354500E-7	1.793468E-3
1.355000E-7	1.892819E-3
1.355500E-7	2.053836E-3
1.356000E-7	2.245686E-3
1.356500E-7	2.495776E-3
1.357000E-7	2.771560E-3
1.357500E-7	3.002808E-3
1.358000E-7	3.191232E-3
1.358500E-7	3.365953E-3
1.359000E-7	3.496137E-3
1.359500E-7	3.552664E-3
1.360000E-7	3.561229E-3
1.360500E-7	3.528683E-3
1.361000E-7	3.455026E-3
1.361500E-7	3.395073E-3
1.362000E-7	3.338546E-3
1.362500E-7	3.261463E-3
1.363000E-7	3.203223E-3
1.363500E-7	3.206649E-3
1.364000E-7	3.228917E-3
1.364500E-7	3.258037E-3
1.365000E-7	3.316278E-3
1.365500E-7	3.391647E-3
1.366000E-7	3.437897E-3
1.366500E-7	3.465304E-3
1.367000E-7	3.467017E-3
1.367500E-7	3.420768E-3
1.368000E-7	3.350537E-3
1.368500E-7	3.278593E-3
1.369000E-7	3.163826E-3
1.369500E-7	3.016512E-3
1.370000E-7	2.900032E-3
1.370500E-7	2.810958E-3
1.371000E-7	2.715033E-3
1.371500E-7	2.649941E-3
1.372000E-7	2.612256E-3
1.372500E-7	2.596839E-3
1.373000E-7	2.620821E-3
1.373500E-7	2.680774E-3
1.374000E-7	2.739014E-3
1.374500E-7	2.804106E-3
1.375000E-7	2.893179E-3
1.375500E-7	2.942855E-3
1.376000E-7	2.951419E-3
1.376500E-7	2.968549E-3
1.377000E-7	2.959984E-3
1.377500E-7	2.893179E-3
1.378000E-7	2.828087E-3
1.378500E-7	2.783551E-3
1.379000E-7	2.716746E-3
1.379500E-7	2.660219E-3
1.380000E-7	2.661932E-3
1.380500E-7	2.691052E-3
1.381000E-7	2.727024E-3
1.381500E-7	2.797254E-3
1.382000E-7	2.872624E-3
1.382500E-7	2.951419E-3
1.383000E-7	3.061048E-3
1.383500E-7	3.165538E-3
1.384000E-7	3.201510E-3
1.384500E-7	3.210074E-3
1.385000E-7	3.210074E-3
1.385500E-7	3.134704E-3
1.386000E-7	3.013085E-3
1.386500E-7	2.930864E-3
1.387000E-7	2.833226E-3
1.387500E-7	2.687626E-3
1.388000E-7	2.607117E-3
1.388500E-7	2.600266E-3
1.389000E-7	2.557442E-3
1.389500E-7	2.509479E-3
1.390000E-7	2.531748E-3
1.390500E-7	2.574571E-3
1.391000E-7	2.583136E-3
1.391500E-7	2.610543E-3
1.392000E-7	2.667070E-3
1.392500E-7	2.728737E-3
1.393000E-7	2.797254E-3
1.393500E-7	2.841791E-3
1.394000E-7	2.831513E-3
1.394500E-7	2.824662E-3
1.395000E-7	2.848643E-3
1.395500E-7	2.843504E-3
1.396000E-7	2.788690E-3
1.396500E-7	2.744153E-3
1.397000E-7	2.716746E-3
1.397500E-7	2.673922E-3
1.398000E-7	2.629386E-3
1.398500E-7	2.588275E-3
1.399000E-7	2.540313E-3
1.399500E-7	2.518044E-3
1.400000E-7	2.545452E-3
1.400500E-7	2.588275E-3
1.401000E-7	2.625960E-3
1.401500E-7	2.684200E-3
1.402000E-7	2.759570E-3
1.402500E-7	2.828088E-3
1.403000E-7	2.886328E-3
1.403500E-7	2.954846E-3
1.404000E-7	3.021651E-3
1.404500E-7	3.069613E-3
1.405000E-7	3.093594E-3
1.405500E-7	3.085030E-3
1.406000E-7	3.038780E-3
1.406500E-7	2.971975E-3
1.407000E-7	2.894892E-3
1.407500E-7	2.805819E-3
1.408000E-7	2.727023E-3
1.408500E-7	2.691051E-3
1.409000E-7	2.708181E-3
1.409500E-7	2.745866E-3
1.410000E-7	2.798967E-3
1.410500E-7	2.881188E-3
1.411000E-7	3.006233E-3
1.411500E-7	3.134705E-3
1.412000E-7	3.235769E-3
1.412500E-7	3.314564E-3
1.413000E-7	3.379656E-3
1.413500E-7	3.420767E-3
1.414000E-7	3.436184E-3
1.414500E-7	3.437897E-3
1.415000E-7	3.415629E-3
1.415500E-7	3.383083E-3
1.416000E-7	3.369380E-3
1.416500E-7	3.350537E-3
1.417000E-7	3.329982E-3
1.417500E-7	3.331694E-3
1.418000E-7	3.347111E-3
1.418500E-7	3.338546E-3
1.419000E-7	3.306000E-3
1.419500E-7	3.280306E-3
1.420000E-7	3.251185E-3
1.420500E-7	3.187806E-3
1.421000E-7	3.090169E-3
1.421500E-7	2.956559E-3
1.422000E-7	2.804107E-3
1.422500E-7	2.656793E-3
1.423000E-7	2.536887E-3
1.423500E-7	2.463230E-3
1.424000E-7	2.432397E-3
1.424500E-7	2.449527E-3
1.425000E-7	2.521470E-3
1.425500E-7	2.629386E-3
1.426000E-7	2.740727E-3
1.426500E-7	2.884615E-3
1.427000E-7	3.076465E-3
1.427500E-7	3.247760E-3
1.428000E-7	3.352249E-3
1.428500E-7	3.424193E-3
1.429000E-7	3.455026E-3
1.429500E-7	3.415628E-3
1.430000E-7	3.317990E-3
1.430500E-7	3.191232E-3
1.431000E-7	3.028502E-3
1.431500E-7	2.858921E-3
1.432000E-7	2.728737E-3
1.432500E-7	2.600266E-3
1.433000E-7	2.473508E-3
1.433500E-7	2.401564E-3
1.434000E-7	2.391286E-3
1.434500E-7	2.401564E-3
1.435000E-7	2.449526E-3
1.435500E-7	2.559155E-3
1.436000E-7	2.694478E-3
1.436500E-7	2.833226E-3
1.437000E-7	2.971975E-3
1.437500E-7	3.093594E-3
1.438000E-7	3.170676E-3
1.438500E-7	3.194657E-3
1.439000E-7	3.174102E-3
1.439500E-7	3.117575E-3
1.440000E-7	3.038779E-3
1.440500E-7	2.949706E-3
1.441000E-7	2.850355E-3
1.441500E-7	2.754430E-3
1.442000E-7	2.675634E-3
1.442500E-7	2.636237E-3
1.443000E-7	2.651653E-3
1.443500E-7	2.716745E-3
1.444000E-7	2.812671E-3
1.444500E-7	2.965123E-3
1.445000E-7	3.151835E-3
1.445500E-7	3.307713E-3
1.446000E-7	3.413916E-3
1.446500E-7	3.502989E-3
1.447000E-7	3.561229E-3
1.447500E-7	3.538961E-3
1.448000E-7	3.480721E-3
1.448500E-7	3.407064E-3
1.449000E-7	3.306000E-3
1.449500E-7	3.189519E-3
1.450000E-7	3.098733E-3
1.450500E-7	3.023363E-3
1.451000E-7	2.937715E-3
1.451500E-7	2.879475E-3
1.452000E-7	2.876049E-3
1.452500E-7	2.891466E-3
1.453000E-7	2.901744E-3
1.453500E-7	2.920586E-3
1.454000E-7	2.942855E-3
1.454500E-7	2.949707E-3
1.455000E-7	2.953133E-3
1.455500E-7	2.956559E-3
1.456000E-7	2.944568E-3
1.456500E-7	2.930864E-3
1.457000E-7	2.939429E-3
1.457500E-7	2.946280E-3
1.458000E-7	2.925725E-3
1.458500E-7	2.894892E-3
1.459000E-7	2.865772E-3
1.459500E-7	2.826374E-3
1.460000E-7	2.804106E-3
1.460500E-7	2.798967E-3
1.461000E-7	2.785264E-3
1.461500E-7	2.757857E-3
1.462000E-7	2.733876E-3
1.462500E-7	2.703043E-3
1.463000E-7	2.665358E-3
1.463500E-7	2.644802E-3
1.464000E-7	2.655080E-3
1.464500E-7	2.660218E-3
1.465000E-7	2.653367E-3
1.465500E-7	2.644802E-3
1.466000E-7	2.646514E-3
1.466500E-7	2.687625E-3
1.467000E-7	2.783550E-3
1.467500E-7	2.893179E-3
1.468000E-7	2.982252E-3
1.468500E-7	3.066187E-3
1.469000E-7	3.158686E-3
1.469500E-7	3.232343E-3
1.470000E-7	3.288870E-3
1.470500E-7	3.341972E-3
1.471000E-7	3.376231E-3
1.471500E-7	3.371092E-3
1.472000E-7	3.350537E-3
1.472500E-7	3.323129E-3
1.473000E-7	3.288870E-3
1.473500E-7	3.252898E-3
1.474000E-7	3.234056E-3
1.474500E-7	3.213501E-3
1.475000E-7	3.180955E-3
1.475500E-7	3.165538E-3
1.476000E-7	3.158686E-3
1.476500E-7	3.109011E-3
1.477000E-7	3.018225E-3
1.477500E-7	2.922299E-3
1.478000E-7	2.824661E-3
1.478500E-7	2.701329E-3
1.479000E-7	2.593413E-3
1.479500E-7	2.533460E-3
1.480000E-7	2.495775E-3
1.480500E-7	2.485498E-3
1.481000E-7	2.543738E-3
1.481500E-7	2.643089E-3
1.482000E-7	2.739014E-3
1.482500E-7	2.833226E-3
1.483000E-7	2.956558E-3
1.483500E-7	3.103872E-3
1.484000E-7	3.232343E-3
1.484500E-7	3.317990E-3
1.485000E-7	3.365953E-3
1.485500E-7	3.381369E-3
1.486000E-7	3.371092E-3
1.486500E-7	3.341971E-3
1.487000E-7	3.295722E-3
1.487500E-7	3.211787E-3
1.488000E-7	3.109011E-3
1.488500E-7	3.007947E-3
1.489000E-7	2.900031E-3
1.489500E-7	2.783551E-3
1.490000E-7	2.675635E-3
1.490500E-7	2.586562E-3
1.491000E-7	2.490637E-3
1.491500E-7	2.425545E-3
1.492000E-7	2.411841E-3
1.492500E-7	2.399851E-3
1.493000E-7	2.404989E-3
1.493500E-7	2.483785E-3
1.494000E-7	2.608830E-3
1.494500E-7	2.756143E-3
1.495000E-7	2.924012E-3
1.495500E-7	3.100445E-3
1.496000E-7	3.237481E-3
1.496500E-7	3.348823E-3
1.497000E-7	3.446461E-3
1.497500E-7	3.496136E-3
1.498000E-7	3.473868E-3
1.498500E-7	3.408776E-3
1.499000E-7	3.326555E-3
1.499500E-7	3.232343E-3
1.500000E-7	3.139844E-3
1.500500E-7	3.050770E-3
1.501000E-7	2.987391E-3
1.501500E-7	2.958271E-3
1.502000E-7	2.953132E-3
1.502500E-7	2.977114E-3
1.503000E-7	3.047345E-3
1.503500E-7	3.136418E-3
1.504000E-7	3.194658E-3
1.504500E-7	3.240908E-3
1.505000E-7	3.316278E-3
1.505500E-7	3.401925E-3
1.506000E-7	3.453313E-3
1.506500E-7	3.480721E-3
1.507000E-7	3.497850E-3
1.507500E-7	3.480721E-3
1.508000E-7	3.427619E-3
1.508500E-7	3.365953E-3
1.509000E-7	3.290583E-3
1.509500E-7	3.192945E-3
1.510000E-7	3.081603E-3
1.510500E-7	2.973687E-3
1.511000E-7	2.869197E-3
1.511500E-7	2.761282E-3
1.512000E-7	2.651653E-3
1.512500E-7	2.564293E-3
1.513000E-7	2.545451E-3
1.513500E-7	2.569432E-3
1.514000E-7	2.584849E-3
1.514500E-7	2.605405E-3
1.515000E-7	2.665358E-3
1.515500E-7	2.718460E-3
1.516000E-7	2.728738E-3
1.516500E-7	2.747580E-3
1.517000E-7	2.817811E-3
1.517500E-7	2.874338E-3
1.518000E-7	2.918875E-3
1.518500E-7	3.013087E-3
1.519000E-7	3.117576E-3
1.519500E-7	3.196372E-3
1.520000E-7	3.288870E-3
1.520500E-7	3.407063E-3
1.521000E-7	3.473868E-3
1.521500E-7	3.484146E-3
1.522000E-7	3.482433E-3
1.522500E-7	3.429331E-3
1.523000E-7	3.307712E-3
1.523500E-7	3.162112E-3
1.524000E-7	3.004521E-3
1.524500E-7	2.814384E-3
1.525000E-7	2.617395E-3
1.525500E-7	2.456379E-3
1.526000E-7	2.338186E-3
1.526500E-7	2.259390E-3
1.527000E-7	2.231983E-3
1.527500E-7	2.257677E-3
1.528000E-7	2.343324E-3
1.528500E-7	2.476934E-3
1.529000E-7	2.619109E-3
1.529500E-7	2.744154E-3
1.530000E-7	2.846930E-3
1.530500E-7	2.924013E-3
1.531000E-7	2.959985E-3
1.531500E-7	2.982253E-3
1.532000E-7	2.992531E-3
1.532500E-7	2.983966E-3
1.533000E-7	2.970262E-3
1.533500E-7	2.970262E-3
1.534000E-7	2.947994E-3
1.534500E-7	2.906883E-3
1.535000E-7	2.908596E-3
1.535500E-7	2.977114E-3
1.536000E-7	3.049058E-3
1.536500E-7	3.091881E-3
1.537000E-7	3.143270E-3
1.537500E-7	3.186094E-3
1.538000E-7	3.175816E-3
1.538500E-7	3.129567E-3
1.539000E-7	3.091882E-3
1.539500E-7	3.031929E-3
1.540000E-7	2.944568E-3
1.540500E-7	2.876051E-3
1.541000E-7	2.850356E-3
1.541500E-7	2.834940E-3
1.542000E-7	2.850356E-3
1.542500E-7	2.901745E-3
1.543000E-7	2.954846E-3
1.543500E-7	3.021651E-3
1.544000E-7	3.117576E-3
1.544500E-7	3.198084E-3
1.545000E-7	3.237482E-3
1.545500E-7	3.263176E-3
1.546000E-7	3.266602E-3
1.546500E-7	3.234056E-3
1.547000E-7	3.186093E-3
1.547500E-7	3.112436E-3
1.548000E-7	2.990817E-3
1.548500E-7	2.867485E-3
1.549000E-7	2.786976E-3
1.549500E-7	2.721884E-3
1.550000E-7	2.672209E-3
1.550500E-7	2.685912E-3
1.551000E-7	2.756143E-3
1.551500E-7	2.834939E-3
1.552000E-7	2.932577E-3
1.552500E-7	3.067900E-3
1.553000E-7	3.198085E-3
1.553500E-7	3.307713E-3
1.554000E-7	3.407064E-3
1.554500E-7	3.482434E-3
1.555000E-7	3.504702E-3
1.555500E-7	3.477295E-3
1.556000E-7	3.422480E-3
1.556500E-7	3.321416E-3
1.557000E-7	3.172390E-3
1.557500E-7	3.019937E-3
1.558000E-7	2.894892E-3
1.558500E-7	2.759569E-3
1.559000E-7	2.631098E-3
1.559500E-7	2.569432E-3
1.560000E-7	2.605404E-3
1.560500E-7	2.670496E-3
1.561000E-7	2.733876E-3
1.561500E-7	2.821236E-3
1.562000E-7	2.956559E-3
1.562500E-7	3.110725E-3
1.563000E-7	3.242622E-3
1.563500E-7	3.319704E-3
1.564000E-7	3.350537E-3
1.564500E-7	3.353963E-3
1.565000E-7	3.295723E-3
1.565500E-7	3.179242E-3
1.566000E-7	3.050771E-3
1.566500E-7	2.924012E-3
1.567000E-7	2.793828E-3
1.567500E-7	2.673922E-3
1.568000E-7	2.600265E-3
1.568500E-7	2.562581E-3
1.569000E-7	2.547164E-3
1.569500E-7	2.559155E-3
1.570000E-7	2.600266E-3
1.570500E-7	2.665358E-3
1.571000E-7	2.759570E-3
1.571500E-7	2.874338E-3
1.572000E-7	2.989105E-3
1.572500E-7	3.100447E-3
1.573000E-7	3.211788E-3
1.573500E-7	3.306000E-3
1.574000E-7	3.377944E-3
1.574500E-7	3.420767E-3
1.575000E-7	3.451600E-3
1.575500E-7	3.468730E-3
1.576000E-7	3.455026E-3
1.576500E-7	3.419054E-3
1.577000E-7	3.379656E-3
1.577500E-7	3.343685E-3
1.578000E-7	3.295722E-3
1.578500E-7	3.246047E-3
1.579000E-7	3.213501E-3
1.579500E-7	3.192945E-3
1.580000E-7	3.174103E-3
1.580500E-7	3.153547E-3
1.581000E-7	3.153547E-3
1.581500E-7	3.179242E-3
1.582000E-7	3.208362E-3
1.582500E-7	3.216926E-3
1.583000E-7	3.225491E-3
1.583500E-7	3.232343E-3
1.584000E-7	3.222065E-3
1.584500E-7	3.232343E-3
1.585000E-7	3.271740E-3
1.585500E-7	3.304286E-3
1.586000E-7	3.311138E-3
1.586500E-7	3.324842E-3
1.587000E-7	3.317990E-3
1.587500E-7	3.270027E-3
1.588000E-7	3.216926E-3
1.588500E-7	3.165538E-3
1.589000E-7	3.083316E-3
1.589500E-7	2.990817E-3
1.590000E-7	2.913735E-3
1.590500E-7	2.828087E-3
1.591000E-7	2.727023E-3
1.591500E-7	2.641376E-3
1.592000E-7	2.567719E-3
1.592500E-7	2.512905E-3
1.593000E-7	2.507766E-3
1.593500E-7	2.531747E-3
1.594000E-7	2.547163E-3
1.594500E-7	2.572857E-3
1.595000E-7	2.624246E-3
1.595500E-7	2.667070E-3
1.596000E-7	2.703042E-3
1.596500E-7	2.769847E-3
1.597000E-7	2.857207E-3
1.597500E-7	2.925725E-3
1.598000E-7	2.987391E-3
1.598500E-7	3.059335E-3
1.599000E-7	3.127853E-3
1.599500E-7	3.189520E-3
1.600000E-7	3.275167E-3
1.600500E-7	3.374518E-3
1.601000E-7	3.446461E-3
1.601500E-7	3.492711E-3
1.602000E-7	3.520117E-3
1.602500E-7	3.518404E-3
1.603000E-7	3.494423E-3
1.603500E-7	3.477293E-3
1.604000E-7	3.455024E-3
1.604500E-7	3.422478E-3
1.605000E-7	3.408775E-3
1.605500E-7	3.408775E-3
1.606000E-7	3.360812E-3
1.606500E-7	3.287156E-3
1.607000E-7	3.235767E-3
1.607500E-7	3.182666E-3
1.608000E-7	3.114148E-3
1.608500E-7	3.074751E-3
1.609000E-7	3.038779E-3
1.609500E-7	2.975400E-3
1.610000E-7	2.941141E-3
1.610500E-7	2.956557E-3
1.611000E-7	2.963409E-3
1.611500E-7	2.971974E-3
1.612000E-7	3.023362E-3
1.612500E-7	3.079889E-3
1.613000E-7	3.105583E-3
1.613500E-7	3.148407E-3
1.614000E-7	3.218638E-3
1.614500E-7	3.261462E-3
1.615000E-7	3.252897E-3
1.615500E-7	3.213499E-3
1.616000E-7	3.163824E-3
1.616500E-7	3.093593E-3
1.617000E-7	3.006233E-3
1.617500E-7	2.929151E-3
1.618000E-7	2.881188E-3
1.618500E-7	2.838365E-3
1.619000E-7	2.793828E-3
1.619500E-7	2.797254E-3
1.620000E-7	2.860633E-3
1.620500E-7	2.920586E-3
1.621000E-7	2.987391E-3
1.621500E-7	3.095307E-3
1.622000E-7	3.177528E-3
1.622500E-7	3.201509E-3
1.623000E-7	3.199796E-3
1.623500E-7	3.196370E-3
1.624000E-7	3.167250E-3
1.624500E-7	3.109010E-3
1.625000E-7	3.043918E-3
1.625500E-7	3.011372E-3
1.626000E-7	3.035353E-3
1.626500E-7	3.095306E-3
1.627000E-7	3.127852E-3
1.627500E-7	3.170676E-3
1.628000E-7	3.263175E-3
1.628500E-7	3.369378E-3
1.629000E-7	3.461877E-3
1.629500E-7	3.532108E-3
1.630000E-7	3.533821E-3
1.630500E-7	3.467016E-3
1.631000E-7	3.372804E-3
1.631500E-7	3.247759E-3
1.632000E-7	3.079890E-3
1.632500E-7	2.896605E-3
1.633000E-7	2.718458E-3
1.633500E-7	2.536886E-3
1.634000E-7	2.404989E-3
1.634500E-7	2.358739E-3
1.635000E-7	2.362165E-3
1.635500E-7	2.389573E-3
1.636000E-7	2.461516E-3
1.636500E-7	2.589988E-3
1.637000E-7	2.742440E-3
1.637500E-7	2.906883E-3
1.638000E-7	3.078178E-3
1.638500E-7	3.235769E-3
1.639000E-7	3.355675E-3
1.639500E-7	3.422480E-3
1.640000E-7	3.424193E-3
1.640500E-7	3.355675E-3
1.641000E-7	3.254611E-3
1.641500E-7	3.162112E-3
1.642000E-7	3.076465E-3
1.642500E-7	2.987391E-3
1.643000E-7	2.893179E-3
1.643500E-7	2.824661E-3
1.644000E-7	2.804106E-3
1.644500E-7	2.833226E-3
1.645000E-7	2.888041E-3
1.645500E-7	2.944568E-3
1.646000E-7	2.999382E-3
1.646500E-7	3.042206E-3
1.647000E-7	3.085030E-3
1.647500E-7	3.119289E-3
1.648000E-7	3.103872E-3
1.648500E-7	3.038780E-3
1.649000E-7	2.982253E-3
1.649500E-7	2.944568E-3
1.650000E-7	2.884615E-3
1.650500E-7	2.800680E-3
1.651000E-7	2.757857E-3
1.651500E-7	2.780125E-3
1.652000E-7	2.858920E-3
1.652500E-7	2.978827E-3
1.653000E-7	3.121001E-3
1.653500E-7	3.244334E-3
1.654000E-7	3.317990E-3
1.654500E-7	3.374518E-3
1.655000E-7	3.432758E-3
1.655500E-7	3.437897E-3
1.656000E-7	3.369379E-3
1.656500E-7	3.275167E-3
1.657000E-7	3.191232E-3
1.657500E-7	3.086743E-3
1.658000E-7	2.961698E-3
1.658500E-7	2.855495E-3
1.659000E-7	2.785264E-3
1.659500E-7	2.745866E-3
1.660000E-7	2.752718E-3
1.660500E-7	2.797254E-3
1.661000E-7	2.841791E-3
1.661500E-7	2.903457E-3
1.662000E-7	3.006234E-3
1.662500E-7	3.103872E-3
1.663000E-7	3.163825E-3
1.663500E-7	3.210075E-3
1.664000E-7	3.256324E-3
1.664500E-7	3.270028E-3
1.665000E-7	3.270027E-3
1.665500E-7	3.268314E-3
1.666000E-7	3.254611E-3
1.666500E-7	3.235768E-3
1.667000E-7	3.211787E-3
1.667500E-7	3.163824E-3
1.668000E-7	3.109010E-3
1.668500E-7	3.066186E-3
1.669000E-7	3.030214E-3
1.669500E-7	3.007946E-3
1.670000E-7	3.007946E-3
1.670500E-7	3.001095E-3
1.671000E-7	2.992530E-3
1.671500E-7	3.043918E-3
1.672000E-7	3.131279E-3
1.672500E-7	3.175816E-3
1.673000E-7	3.189519E-3
1.673500E-7	3.218639E-3
1.674000E-7	3.227204E-3
1.674500E-7	3.194658E-3
1.675000E-7	3.131279E-3
1.675500E-7	3.037067E-3
1.676000E-7	2.920586E-3
1.676500E-7	2.785264E-3
1.677000E-7	2.653367E-3
1.677500E-7	2.543738E-3
1.678000E-7	2.499202E-3
1.678500E-7	2.514618E-3
1.679000E-7	2.564294E-3
1.679500E-7	2.632812E-3
1.680000E-7	2.716746E-3
1.680500E-7	2.809246E-3
1.681000E-7	2.877764E-3
1.681500E-7	2.912023E-3
1.682000E-7	2.918874E-3
1.682500E-7	2.924013E-3
1.683000E-7	2.915448E-3
1.683500E-7	2.874337E-3
1.684000E-7	2.819523E-3
1.684500E-7	2.764708E-3
1.685000E-7	2.720171E-3
1.685500E-7	2.697903E-3
1.686000E-7	2.687625E-3
1.686500E-7	2.665357E-3
1.687000E-7	2.643088E-3
1.687500E-7	2.622533E-3
1.688000E-7	2.567719E-3
1.688500E-7	2.475220E-3
1.689000E-7	2.382721E-3
1.689500E-7	2.307351E-3
1.690000E-7	2.242259E-3
1.690500E-7	2.201149E-3
1.691000E-7	2.177168E-3
1.691500E-7	2.170316E-3
1.692000E-7	2.223418E-3
1.692500E-7	2.339898E-3
1.693000E-7	2.459805E-3
1.693500E-7	2.572859E-3
1.694000E-7	2.691052E-3
1.694500E-7	2.802394E-3
1.695000E-7	2.858921E-3
1.695500E-7	2.865772E-3
1.696000E-7	2.829800E-3
1.696500E-7	2.742440E-3
1.697000E-7	2.627672E-3
1.697500E-7	2.530034E-3
1.698000E-7	2.442674E-3
1.698500E-7	2.377582E-3
1.699000E-7	2.372443E-3
1.699500E-7	2.410128E-3
1.700000E-7	2.454665E-3
1.700500E-7	2.533461E-3
1.701000E-7	2.668784E-3
1.701500E-7	2.829801E-3
1.702000E-7	2.982253E-3
1.702500E-7	3.102159E-3
1.703000E-7	3.167251E-3
1.703500E-7	3.196371E-3
1.704000E-7	3.218639E-3
1.704500E-7	3.215213E-3
1.705000E-7	3.138131E-3
1.705500E-7	3.030215E-3
1.706000E-7	2.951420E-3
1.706500E-7	2.888041E-3
1.707000E-7	2.840078E-3
1.707500E-7	2.824662E-3
1.708000E-7	2.816097E-3
1.708500E-7	2.802394E-3
1.709000E-7	2.819523E-3
1.709500E-7	2.882902E-3
1.710000E-7	2.939430E-3
1.710500E-7	2.975402E-3
1.711000E-7	2.994244E-3
1.711500E-7	2.995957E-3
1.712000E-7	2.965124E-3
1.712500E-7	2.908596E-3
1.713000E-7	2.840078E-3
1.713500E-7	2.766421E-3
1.714000E-7	2.723598E-3
1.714500E-7	2.733875E-3
1.715000E-7	2.761282E-3
1.715500E-7	2.776699E-3
1.716000E-7	2.821235E-3
1.716500E-7	2.917160E-3
1.717000E-7	3.014798E-3
1.717500E-7	3.066186E-3
1.718000E-7	3.091881E-3
1.718500E-7	3.117575E-3
1.719000E-7	3.105584E-3
1.719500E-7	3.052483E-3
1.720000E-7	2.973688E-3
1.720500E-7	2.896605E-3
1.721000E-7	2.828087E-3
1.721500E-7	2.793829E-3
1.722000E-7	2.793829E-3
1.722500E-7	2.831514E-3
1.723000E-7	2.889754E-3
1.723500E-7	2.973688E-3
1.724000E-7	3.083317E-3
1.724500E-7	3.206649E-3
1.725000E-7	3.317990E-3
1.725500E-7	3.422480E-3
1.726000E-7	3.509840E-3
1.726500E-7	3.576645E-3
1.727000E-7	3.629747E-3
1.727500E-7	3.662293E-3
1.728000E-7	3.646876E-3
1.728500E-7	3.598914E-3
1.729000E-7	3.568081E-3
1.729500E-7	3.592062E-3
1.730000E-7	3.631460E-3
1.730500E-7	3.657154E-3
1.731000E-7	3.693126E-3
1.731500E-7	3.742802E-3
1.732000E-7	3.754792E-3
1.732500E-7	3.711968E-3
1.733000E-7	3.672570E-3
1.733500E-7	3.633172E-3
1.734000E-7	3.573219E-3
1.734500E-7	3.520117E-3
1.735000E-7	3.494423E-3
1.735500E-7	3.446460E-3
1.736000E-7	3.359100E-3
1.736500E-7	3.276879E-3
1.737000E-7	3.220351E-3
1.737500E-7	3.141556E-3
1.738000E-7	3.031927E-3
1.738500E-7	2.918873E-3
1.739000E-7	2.834939E-3
1.739500E-7	2.774986E-3
1.740000E-7	2.709894E-3
1.740500E-7	2.670496E-3
1.741000E-7	2.677348E-3
1.741500E-7	2.716745E-3
1.742000E-7	2.783550E-3
1.742500E-7	2.891466E-3
1.743000E-7	3.028501E-3
1.743500E-7	3.167250E-3
1.744000E-7	3.316276E-3
1.744500E-7	3.473867E-3
1.745000E-7	3.588635E-3
1.745500E-7	3.660579E-3
1.746000E-7	3.722245E-3
1.746500E-7	3.773634E-3
1.747000E-7	3.783912E-3
1.747500E-7	3.746227E-3
1.748000E-7	3.686274E-3
1.748500E-7	3.626321E-3
1.749000E-7	3.554377E-3
1.749500E-7	3.453314E-3
1.750000E-7	3.335120E-3
1.750500E-7	3.244334E-3
1.751000E-7	3.155261E-3
1.751500E-7	3.052484E-3
1.752000E-7	2.975401E-3
1.752500E-7	2.944568E-3
1.753000E-7	2.903457E-3
1.753500E-7	2.848643E-3
1.754000E-7	2.805819E-3
1.754500E-7	2.780125E-3
1.755000E-7	2.752718E-3
1.755500E-7	2.745866E-3
1.756000E-7	2.742440E-3
1.756500E-7	2.739014E-3
1.757000E-7	2.759570E-3
1.757500E-7	2.822949E-3
1.758000E-7	2.891467E-3
1.758500E-7	2.968550E-3
1.759000E-7	3.064475E-3
1.759500E-7	3.146696E-3
1.760000E-7	3.201510E-3
1.760500E-7	3.259750E-3
1.761000E-7	3.287157E-3
1.761500E-7	3.246046E-3
1.762000E-7	3.182667E-3
1.762500E-7	3.114149E-3
1.763000E-7	3.006233E-3
1.763500E-7	2.898317E-3
1.764000E-7	2.845216E-3
1.764500E-7	2.810957E-3
1.765000E-7	2.774986E-3
1.765500E-7	2.781838E-3
1.766000E-7	2.812671E-3
1.766500E-7	2.831514E-3
1.767000E-7	2.848644E-3
1.767500E-7	2.886329E-3
1.768000E-7	2.889755E-3
1.768500E-7	2.867487E-3
1.769000E-7	2.840079E-3
1.769500E-7	2.793830E-3
1.770000E-7	2.732164E-3
1.770500E-7	2.691053E-3
1.771000E-7	2.672210E-3
1.771500E-7	2.677349E-3
1.772000E-7	2.739015E-3
1.772500E-7	2.860634E-3
1.773000E-7	2.995956E-3
1.773500E-7	3.127853E-3
1.774000E-7	3.278592E-3
1.774500E-7	3.407063E-3
1.775000E-7	3.490998E-3
1.775500E-7	3.540673E-3
1.776000E-7	3.520118E-3
1.776500E-7	3.431045E-3
1.777000E-7	3.299148E-3
1.777500E-7	3.151834E-3
1.778000E-7	2.982252E-3
1.778500E-7	2.795541E-3
1.779000E-7	2.612256E-3
1.779500E-7	2.473507E-3
1.780000E-7	2.404989E-3
1.780500E-7	2.401563E-3
1.781000E-7	2.420405E-3
1.781500E-7	2.482071E-3
1.782000E-7	2.591700E-3
1.782500E-7	2.709893E-3
1.783000E-7	2.802393E-3
1.783500E-7	2.893179E-3
1.784000E-7	2.973688E-3
1.784500E-7	3.007947E-3
1.785000E-7	3.006234E-3
1.785500E-7	2.995956E-3
1.786000E-7	2.978827E-3
1.786500E-7	2.951420E-3
1.787000E-7	2.913735E-3
1.787500E-7	2.881189E-3
1.788000E-7	2.889754E-3
1.788500E-7	2.927438E-3
1.789000E-7	2.939429E-3
1.789500E-7	2.936003E-3
1.790000E-7	2.965123E-3
1.790500E-7	3.001095E-3
1.791000E-7	2.999382E-3
1.791500E-7	2.985678E-3
1.792000E-7	2.980539E-3
1.792500E-7	2.942854E-3
1.793000E-7	2.893179E-3
1.793500E-7	2.865772E-3
1.794000E-7	2.824661E-3
1.794500E-7	2.762995E-3
1.795000E-7	2.735588E-3
1.795500E-7	2.744152E-3
1.796000E-7	2.727023E-3
1.796500E-7	2.701329E-3
1.797000E-7	2.689338E-3
1.797500E-7	2.661931E-3
1.798000E-7	2.620820E-3
1.798500E-7	2.596839E-3
1.799000E-7	2.579709E-3
1.799500E-7	2.560867E-3
1.800000E-7	2.557441E-3
1.800500E-7	2.569432E-3
1.801000E-7	2.567719E-3
1.801500E-7	2.584848E-3
1.802000E-7	2.620820E-3
1.802500E-7	2.648228E-3
1.803000E-7	2.670496E-3
1.803500E-7	2.721885E-3
1.804000E-7	2.773273E-3
1.804500E-7	2.792116E-3
1.805000E-7	2.814384E-3
1.805500E-7	2.867485E-3
1.806000E-7	2.927438E-3
1.806500E-7	3.014799E-3
1.807000E-7	3.127853E-3
1.807500E-7	3.232343E-3
1.808000E-7	3.321416E-3
1.808500E-7	3.419054E-3
1.809000E-7	3.508128E-3
1.809500E-7	3.576645E-3
1.810000E-7	3.643450E-3
1.810500E-7	3.686274E-3
1.811000E-7	3.664005E-3
1.811500E-7	3.621181E-3
1.812000E-7	3.590348E-3
1.812500E-7	3.538960E-3
1.813000E-7	3.465303E-3
1.813500E-7	3.408776E-3
1.814000E-7	3.345397E-3
1.814500E-7	3.240907E-3
1.815000E-7	3.131279E-3
1.815500E-7	3.074752E-3
1.816000E-7	3.043919E-3
1.816500E-7	3.004521E-3
1.817000E-7	2.994243E-3
1.817500E-7	3.043919E-3
1.818000E-7	3.121001E-3
1.818500E-7	3.175815E-3
1.819000E-7	3.227203E-3
1.819500E-7	3.297434E-3
1.820000E-7	3.379656E-3
1.820500E-7	3.441322E-3
1.821000E-7	3.477294E-3
1.821500E-7	3.487571E-3
1.822000E-7	3.470442E-3
1.822500E-7	3.420767E-3
1.823000E-7	3.335119E-3
1.823500E-7	3.228917E-3
1.824000E-7	3.102159E-3
1.824500E-7	2.985678E-3
1.825000E-7	2.881189E-3
1.825500E-7	2.790402E-3
1.826000E-7	2.701329E-3
1.826500E-7	2.627672E-3
1.827000E-7	2.603691E-3
1.827500E-7	2.613968E-3
1.828000E-7	2.649940E-3
1.828500E-7	2.704754E-3
1.829000E-7	2.764708E-3
1.829500E-7	2.814383E-3
1.830000E-7	2.869198E-3
1.830500E-7	2.925725E-3
1.831000E-7	2.965123E-3
1.831500E-7	3.023364E-3
1.832000E-7	3.109011E-3
1.832500E-7	3.204936E-3
1.833000E-7	3.292297E-3
1.833500E-7	3.403638E-3
1.834000E-7	3.508128E-3
1.834500E-7	3.569794E-3
1.835000E-7	3.604053E-3
1.835500E-7	3.633173E-3
1.836000E-7	3.621182E-3
1.836500E-7	3.557802E-3
1.837000E-7	3.467016E-3
1.837500E-7	3.348822E-3
1.838000E-7	3.216925E-3
1.838500E-7	3.059334E-3
1.839000E-7	2.869197E-3
1.839500E-7	2.668782E-3
1.840000E-7	2.497488E-3
1.840500E-7	2.303925E-3
1.841000E-7	2.072677E-3
1.841500E-7	1.897957E-3
1.842000E-7	1.829439E-3
1.842500E-7	1.827726E-3
1.843000E-7	1.887680E-3
1.843500E-7	2.021290E-3
1.844000E-7	2.202862E-3
1.844500E-7	2.425546E-3
1.845000E-7	2.713321E-3
1.845500E-7	3.019938E-3
1.846000E-7	3.292297E-3
1.846500E-7	3.537248E-3
1.847000E-7	3.735950E-3
1.847500E-7	3.830162E-3
1.848000E-7	3.831874E-3
1.848500E-7	3.763356E-3
1.849000E-7	3.600626E-3
1.849500E-7	3.369378E-3
1.850000E-7	3.162111E-3
1.850500E-7	2.982252E-3
1.851000E-7	2.804105E-3
1.851500E-7	2.646514E-3
1.852000E-7	2.569431E-3
1.852500E-7	2.586561E-3
1.853000E-7	2.673922E-3
1.853500E-7	2.816097E-3
1.854000E-7	2.995956E-3
1.854500E-7	3.177529E-3
1.855000E-7	3.359102E-3
1.855500E-7	3.523545E-3
1.856000E-7	3.646877E-3
1.856500E-7	3.703404E-3
1.857000E-7	3.708543E-3
1.857500E-7	3.693126E-3
1.858000E-7	3.633173E-3
1.858500E-7	3.494424E-3
1.859000E-7	3.316277E-3
1.859500E-7	3.138130E-3
1.860000E-7	2.982252E-3
1.860500E-7	2.858919E-3
1.861000E-7	2.785262E-3
1.861500E-7	2.745865E-3
1.862000E-7	2.725309E-3
1.862500E-7	2.733874E-3
1.863000E-7	2.764707E-3
1.863500E-7	2.807531E-3
1.864000E-7	2.853781E-3
1.864500E-7	2.886327E-3
1.865000E-7	2.891466E-3
1.865500E-7	2.886328E-3
1.866000E-7	2.906883E-3
1.866500E-7	2.934290E-3
1.867000E-7	2.942855E-3
1.867500E-7	2.959984E-3
1.868000E-7	3.007947E-3
1.868500E-7	3.066187E-3
1.869000E-7	3.122714E-3
1.869500E-7	3.172390E-3
1.870000E-7	3.227204E-3
1.870500E-7	3.292296E-3
1.871000E-7	3.364240E-3
1.871500E-7	3.427619E-3
1.872000E-7	3.484147E-3
1.872500E-7	3.542387E-3
1.873000E-7	3.600627E-3
1.873500E-7	3.636599E-3
1.874000E-7	3.664006E-3
1.874500E-7	3.710256E-3
1.875000E-7	3.795903E-3
1.875500E-7	3.893541E-3
1.876000E-7	3.950068E-3
1.876500E-7	3.968910E-3
1.877000E-7	3.963771E-3
1.877500E-7	3.926086E-3
1.878000E-7	3.845578E-3
1.878500E-7	3.742801E-3
1.879000E-7	3.631460E-3
1.879500E-7	3.492711E-3
1.880000E-7	3.335120E-3
1.880500E-7	3.203223E-3
1.881000E-7	3.091881E-3
1.881500E-7	2.992530E-3
1.882000E-7	2.910309E-3
1.882500E-7	2.865772E-3
1.883000E-7	2.865772E-3
1.883500E-7	2.891466E-3
1.884000E-7	2.942854E-3
1.884500E-7	2.987391E-3
1.885000E-7	3.009659E-3
1.885500E-7	3.016511E-3
1.886000E-7	3.018224E-3
1.886500E-7	3.019937E-3
1.887000E-7	3.004521E-3
1.887500E-7	2.980540E-3
1.888000E-7	2.959984E-3
1.888500E-7	2.968549E-3
1.889000E-7	2.971975E-3
1.889500E-7	2.946281E-3
1.890000E-7	2.913735E-3
1.890500E-7	2.881189E-3
1.891000E-7	2.845217E-3
1.891500E-7	2.812671E-3
1.892000E-7	2.773273E-3
1.892500E-7	2.723597E-3
1.893000E-7	2.680774E-3
1.893500E-7	2.675635E-3
1.894000E-7	2.704754E-3
1.894500E-7	2.759569E-3
1.895000E-7	2.828086E-3
1.895500E-7	2.872623E-3
1.896000E-7	2.894891E-3
1.896500E-7	2.951418E-3
1.897000E-7	3.050769E-3
1.897500E-7	3.115861E-3
1.898000E-7	3.126139E-3
1.898500E-7	3.131278E-3
1.899000E-7	3.124426E-3
1.899500E-7	3.073038E-3
1.900000E-7	2.970261E-3
1.900500E-7	2.864059E-3
1.901000E-7	2.783550E-3
1.901500E-7	2.747579E-3
1.902000E-7	2.730449E-3
1.902500E-7	2.727023E-3
1.903000E-7	2.757856E-3
1.903500E-7	2.790402E-3
1.904000E-7	2.797254E-3
1.904500E-7	2.810958E-3
1.905000E-7	2.840078E-3
1.905500E-7	2.867485E-3
1.906000E-7	2.874337E-3
1.906500E-7	2.862346E-3
1.907000E-7	2.826374E-3
1.907500E-7	2.783551E-3
1.908000E-7	2.737301E-3
1.908500E-7	2.694478E-3
1.909000E-7	2.684200E-3
1.909500E-7	2.730450E-3
1.910000E-7	2.802394E-3
1.910500E-7	2.884615E-3
1.911000E-7	2.994243E-3
1.911500E-7	3.112437E-3
1.912000E-7	3.216926E-3
1.912500E-7	3.305999E-3
1.913000E-7	3.359101E-3
1.913500E-7	3.348823E-3
1.914000E-7	3.300860E-3
1.914500E-7	3.239194E-3
1.915000E-7	3.150121E-3
1.915500E-7	3.049057E-3
1.916000E-7	2.973688E-3
1.916500E-7	2.913735E-3
1.917000E-7	2.874337E-3
1.917500E-7	2.896605E-3
1.918000E-7	2.971975E-3
1.918500E-7	3.062761E-3
1.919000E-7	3.158686E-3
1.919500E-7	3.261463E-3
1.920000E-7	3.341972E-3
1.920500E-7	3.413915E-3
1.921000E-7	3.496137E-3
1.921500E-7	3.547525E-3
1.922000E-7	3.521831E-3
1.922500E-7	3.436184E-3
1.923000E-7	3.316278E-3
1.923500E-7	3.175816E-3
1.924000E-7	3.038780E-3
1.924500E-7	2.913735E-3
1.925000E-7	2.793829E-3
1.925500E-7	2.685913E-3
1.926000E-7	2.619108E-3
1.926500E-7	2.588275E-3
1.927000E-7	2.577997E-3
1.927500E-7	2.581423E-3
1.928000E-7	2.607117E-3
1.928500E-7	2.649941E-3
1.929000E-7	2.747579E-3
1.929500E-7	2.884615E-3
1.930000E-7	2.989104E-3
1.930500E-7	3.059335E-3
1.931000E-7	3.139844E-3
1.931500E-7	3.239195E-3
1.932000E-7	3.311139E-3
1.932500E-7	3.364240E-3
1.933000E-7	3.429332E-3
1.933500E-7	3.502989E-3
1.934000E-7	3.550951E-3
1.934500E-7	3.549238E-3
1.935000E-7	3.501275E-3
1.935500E-7	3.451600E-3
1.936000E-7	3.393359E-3
1.936500E-7	3.288870E-3
1.937000E-7	3.177528E-3
1.937500E-7	3.088455E-3
1.938000E-7	2.983965E-3
1.938500E-7	2.867484E-3
1.939000E-7	2.804105E-3
1.939500E-7	2.785263E-3
1.940000E-7	2.761282E-3
1.940500E-7	2.792115E-3
1.941000E-7	2.901744E-3
1.941500E-7	3.021650E-3
1.942000E-7	3.141557E-3
1.942500E-7	3.316278E-3
1.943000E-7	3.494424E-3
1.943500E-7	3.634886E-3
1.944000E-7	3.766783E-3
1.944500E-7	3.867847E-3
1.945000E-7	3.896967E-3
1.945500E-7	3.874698E-3
1.946000E-7	3.818171E-3
1.946500E-7	3.717107E-3
1.947000E-7	3.585210E-3
1.947500E-7	3.443035E-3
1.948000E-7	3.268315E-3
1.948500E-7	3.095307E-3
1.949000E-7	2.968549E-3
1.949500E-7	2.862347E-3
1.950000E-7	2.780125E-3
1.950500E-7	2.752718E-3
1.951000E-7	2.759570E-3
1.951500E-7	2.766422E-3
1.952000E-7	2.812671E-3
1.952500E-7	2.913735E-3
1.953000E-7	2.995956E-3
1.953500E-7	3.055909E-3
1.954000E-7	3.162112E-3
1.954500E-7	3.266601E-3
1.955000E-7	3.309425E-3
1.955500E-7	3.314564E-3
1.956000E-7	3.338545E-3
1.956500E-7	3.338545E-3
1.957000E-7	3.300860E-3
1.957500E-7	3.264889E-3
1.958000E-7	3.218639E-3
1.958500E-7	3.167251E-3
1.959000E-7	3.143270E-3
1.959500E-7	3.139844E-3
1.960000E-7	3.126140E-3
1.960500E-7	3.103872E-3
1.961000E-7	3.079891E-3
1.961500E-7	3.042206E-3
1.962000E-7	3.006234E-3
1.962500E-7	3.006233E-3
1.963000E-7	2.999381E-3
1.963500E-7	2.953132E-3
1.964000E-7	2.912021E-3
1.964500E-7	2.870910E-3
1.965000E-7	2.800680E-3
1.965500E-7	2.744152E-3
1.966000E-7	2.703042E-3
1.966500E-7	2.634524E-3
1.967000E-7	2.552303E-3
1.967500E-7	2.509479E-3
1.968000E-7	2.495775E-3
1.968500E-7	2.497488E-3
1.969000E-7	2.531747E-3
1.969500E-7	2.603691E-3
1.970000E-7	2.699616E-3
1.970500E-7	2.816096E-3
1.971000E-7	2.934289E-3
1.971500E-7	3.025075E-3
1.972000E-7	3.078177E-3
1.972500E-7	3.121000E-3
1.973000E-7	3.146695E-3
1.973500E-7	3.141556E-3
1.974000E-7	3.121001E-3
1.974500E-7	3.093594E-3
1.975000E-7	3.061048E-3
1.975500E-7	3.014799E-3
1.976000E-7	2.959984E-3
1.976500E-7	2.912022E-3
1.977000E-7	2.896606E-3
1.977500E-7	2.908596E-3
1.978000E-7	2.941143E-3
1.978500E-7	2.973689E-3
1.979000E-7	3.001096E-3
1.979500E-7	3.033642E-3
1.980000E-7	3.079891E-3
1.980500E-7	3.126141E-3
1.981000E-7	3.170677E-3
1.981500E-7	3.220353E-3
1.982000E-7	3.282019E-3
1.982500E-7	3.324842E-3
1.983000E-7	3.321416E-3
1.983500E-7	3.316278E-3
1.984000E-7	3.338546E-3
1.984500E-7	3.343685E-3
1.985000E-7	3.304287E-3
1.985500E-7	3.263176E-3
1.986000E-7	3.254611E-3
1.986500E-7	3.254611E-3
1.987000E-7	3.239194E-3
1.987500E-7	3.232343E-3
1.988000E-7	3.247759E-3
1.988500E-7	3.283731E-3
1.989000E-7	3.338545E-3
1.989500E-7	3.386508E-3
1.990000E-7	3.398498E-3
1.990500E-7	3.384795E-3
1.991000E-7	3.365953E-3
1.991500E-7	3.317990E-3
1.992000E-7	3.230630E-3
1.992500E-7	3.131279E-3
1.993000E-7	3.028502E-3
1.993500E-7	2.905170E-3
1.994000E-7	2.795541E-3
1.994500E-7	2.749291E-3
1.995000E-7	2.737301E-3
1.995500E-7	2.744152E-3
1.996000E-7	2.810957E-3
1.996500E-7	2.927437E-3
1.997000E-7	3.025075E-3
1.997500E-7	3.085028E-3
1.998000E-7	3.144982E-3
1.998500E-7	3.198083E-3
1.999000E-7	3.203222E-3
1.999500E-7	3.155260E-3
2.000000E-7	3.055909E-3
