Study Name	Tungsten_Kyocera
Sample Name	2024-02-05
Run Name	spot03
Operator	Angus+Samantha
Date	2/5/2024
Time	16:26
Sign	FIX
Grating Spacing	03.40um
Channel	3
Number Traces	10000
Files in Batch	1
Batch Number	293
dt	50.000001E-12
time stamp (ms)	9:30:36 PM
	
Time	Amplitude
0.000000E+0	-1.421707E-4
5.000000E-11	-1.524483E-4
1.000000E-10	-1.473093E-4
1.500000E-10	-1.233279E-4
2.000000E-10	-7.879115E-5
2.500000E-10	-3.596732E-5
3.000000E-10	3.255075E-5
3.500000E-10	1.370407E-4
4.000000E-10	2.295399E-4
4.500000E-10	2.843543E-4
5.000000E-10	3.288910E-4
5.500000E-10	3.545852E-4
6.000000E-10	3.288909E-4
6.500000E-10	2.757895E-4
7.000000E-10	2.261139E-4
7.500000E-10	1.678735E-4
8.000000E-10	9.935531E-5
8.500000E-10	2.055946E-5
9.000000E-10	-8.221764E-5
9.500000E-10	-1.849948E-4
1.000000E-9	-2.466612E-4
1.050000E-9	-2.792075E-4
1.100000E-9	-3.083278E-4
1.150000E-9	-2.860597E-4
1.200000E-9	-1.918477E-4
1.250000E-9	-9.763571E-5
1.300000E-9	-2.569190E-5
1.350000E-9	6.166849E-5
1.400000E-9	1.473160E-4
1.450000E-9	1.901398E-4
1.500000E-9	2.089824E-4
1.550000E-9	1.952790E-4
1.600000E-9	1.181966E-4
1.650000E-9	-8.561303E-6
1.700000E-9	-1.507357E-4
1.750000E-9	-2.860584E-4
1.800000E-9	-4.111034E-4
1.850000E-9	-5.207320E-4
1.900000E-9	-6.252218E-4
1.950000E-9	-6.886009E-4
2.000000E-9	-6.766103E-4
2.050000E-9	-5.995277E-4
2.100000E-9	-5.001768E-4
2.150000E-9	-3.682799E-4
2.200000E-9	-2.021241E-4
2.250000E-9	-5.994940E-5
2.300000E-9	4.967929E-5
2.350000E-9	1.541691E-4
2.400000E-9	2.381035E-4
2.450000E-9	2.706495E-4
2.500000E-9	2.535201E-4
2.550000E-9	2.226871E-4
2.600000E-9	1.781504E-4
2.650000E-9	1.250490E-4
2.700000E-9	7.879939E-5
2.750000E-9	6.680875E-5
2.800000E-9	8.565115E-5
2.850000E-9	1.164842E-4
2.900000E-9	1.610207E-4
2.950000E-9	2.432422E-4
3.000000E-9	3.477320E-4
3.050000E-9	4.299535E-4
3.100000E-9	4.899067E-4
3.150000E-9	5.635635E-4
3.200000E-9	6.320814E-4
3.250000E-9	6.577757E-4
3.300000E-9	6.440722E-4
3.350000E-9	6.149522E-4
3.400000E-9	5.412955E-4
3.450000E-9	4.265280E-4
3.500000E-9	3.306030E-4
3.550000E-9	2.483815E-4
3.600000E-9	1.353270E-4
3.650000E-9	-3.421742E-6
3.700000E-9	-1.404575E-4
3.750000E-9	-2.655027E-4
3.800000E-9	-3.922607E-4
3.850000E-9	-5.138799E-4
3.900000E-9	-6.080919E-4
3.950000E-9	-6.697579E-4
4.000000E-9	-6.800355E-4
4.050000E-9	-6.252211E-4
4.100000E-9	-5.447125E-4
4.150000E-9	-4.367967E-4
4.200000E-9	-2.792055E-4
4.250000E-9	-1.181884E-4
4.300000E-9	1.717928E-6
4.350000E-9	1.250501E-4
4.400000E-9	2.569470E-4
4.450000E-9	3.254648E-4
4.500000E-9	3.391684E-4
4.550000E-9	3.562978E-4
4.600000E-9	3.443071E-4
4.650000E-9	2.672245E-4
4.700000E-9	2.038454E-4
4.750000E-9	1.952806E-4
4.800000E-9	1.901417E-4
4.850000E-9	1.850028E-4
4.900000E-9	2.381041E-4
4.950000E-9	3.237514E-4
5.000000E-9	3.991209E-4
5.050000E-9	4.693517E-4
5.100000E-9	5.224529E-4
5.150000E-9	5.293046E-4
5.200000E-9	5.207398E-4
5.250000E-9	4.933326E-4
5.300000E-9	3.991205E-4
5.350000E-9	2.620847E-4
5.400000E-9	1.661597E-4
5.450000E-9	7.023472E-5
5.500000E-9	-7.536573E-5
5.550000E-9	-1.986979E-4
5.600000E-9	-2.295309E-4
5.650000E-9	-2.226791E-4
5.700000E-9	-1.935589E-4
5.750000E-9	-1.387446E-4
5.800000E-9	-6.337496E-5
5.850000E-9	3.429958E-6
5.900000E-9	5.995716E-5
5.950000E-9	1.130584E-4
6.000000E-9	1.610208E-4
6.050000E-9	1.815760E-4
6.100000E-9	1.610205E-4
6.150000E-9	1.233355E-4
6.200000E-9	8.051166E-5
6.250000E-9	2.741016E-5
6.300000E-9	-1.712661E-5
6.350000E-9	-1.198792E-5
6.400000E-9	3.426153E-5
6.450000E-9	7.879806E-5
6.500000E-9	1.267605E-4
6.550000E-9	1.952784E-4
6.600000E-9	2.569446E-4
6.650000E-9	3.117591E-4
6.700000E-9	3.545830E-4
6.750000E-9	3.682868E-4
6.800000E-9	3.494447E-4
6.850000E-9	3.288897E-4
6.900000E-9	2.997699E-4
6.950000E-9	2.689372E-4
7.000000E-9	2.586597E-4
7.050000E-9	2.398173E-4
7.100000E-9	1.781513E-4
7.150000E-9	1.130592E-4
7.200000E-9	9.250362E-5
7.250000E-9	5.824444E-5
7.300000E-9	-1.541254E-5
7.350000E-9	-8.906952E-5
7.400000E-9	-1.764300E-4
7.450000E-9	-3.083272E-4
7.500000E-9	-4.402243E-4
7.550000E-9	-5.344364E-4
7.600000E-9	-6.115191E-4
7.650000E-9	-6.714722E-4
7.700000E-9	-6.766109E-4
7.750000E-9	-6.252224E-4
7.800000E-9	-5.361490E-4
7.850000E-9	-4.213814E-4
7.900000E-9	-2.946232E-4
7.950000E-9	-1.730039E-4
8.000000E-9	-5.309758E-5
8.050000E-9	6.680867E-5
8.100000E-9	1.575948E-4
8.150000E-9	2.072702E-4
8.200000E-9	2.552327E-4
8.250000E-9	2.929175E-4
8.300000E-9	3.066210E-4
8.350000E-9	3.237505E-4
8.400000E-9	3.357411E-4
8.450000E-9	3.323152E-4
8.500000E-9	3.528706E-4
8.550000E-9	4.265273E-4
8.600000E-9	5.241653E-4
8.650000E-9	6.012480E-4
8.700000E-9	6.663400E-4
8.750000E-9	7.177284E-4
8.800000E-9	7.468485E-4
8.850000E-9	7.588392E-4
8.900000E-9	7.331450E-4
8.950000E-9	6.526366E-4
9.000000E-9	5.601376E-4
9.050000E-9	4.573609E-4
9.100000E-9	3.100476E-4
9.150000E-9	1.627343E-4
9.200000E-9	6.852231E-5
9.250000E-9	-5.134322E-6
9.300000E-9	-7.879100E-5
9.350000E-9	-9.420754E-5
9.400000E-9	-3.425448E-5
9.450000E-9	4.967980E-5
9.500000E-9	1.370400E-4
9.550000E-9	2.535203E-4
9.600000E-9	4.076854E-4
9.650000E-9	5.584247E-4
9.700000E-9	6.509238E-4
9.750000E-9	7.040251E-4
9.800000E-9	7.434229E-4
9.850000E-9	7.554136E-4
9.900000E-9	7.451360E-4
9.950000E-9	7.194418E-4
1.000000E-8	6.646276E-4
1.005000E-8	5.618508E-4
1.010000E-8	4.727776E-4
1.015000E-8	4.248151E-4
1.020000E-8	3.665749E-4
1.025000E-8	2.997699E-4
1.030000E-8	2.689367E-4
1.035000E-8	2.312517E-4
1.040000E-8	1.712984E-4
1.045000E-8	1.421781E-4
1.050000E-8	1.507426E-4
1.055000E-8	1.284742E-4
1.060000E-8	7.708568E-5
1.065000E-8	5.139141E-5
1.070000E-8	2.741013E-5
1.075000E-8	-5.135833E-6
1.080000E-8	-1.370047E-5
1.085000E-8	1.028095E-5
1.090000E-8	4.796599E-5
1.095000E-8	1.079193E-4
1.100000E-8	1.987057E-4
1.105000E-8	2.860661E-4
1.110000E-8	3.271768E-4
1.115000E-8	3.597228E-4
1.120000E-8	4.145371E-4
1.125000E-8	4.436571E-4
1.130000E-8	4.076852E-4
1.135000E-8	3.562968E-4
1.140000E-8	3.357414E-4
1.145000E-8	3.083342E-4
1.150000E-8	2.792141E-4
1.155000E-8	3.271765E-4
1.160000E-8	5.258781E-4
1.165000E-8	9.112907E-4
1.170000E-8	1.531377E-3
1.175000E-8	2.451229E-3
1.180000E-8	3.723947E-3
1.185000E-8	5.373514E-3
1.190000E-8	7.435900E-3
1.195000E-8	9.974485E-3
1.200000E-8	1.301496E-2
1.205000E-8	1.653678E-2
1.210000E-8	2.054336E-2
1.215000E-8	2.504670E-2
1.220000E-8	2.998341E-2
1.225000E-8	3.525072E-2
1.230000E-8	4.073558E-2
1.235000E-8	4.627182E-2
1.240000E-8	5.167103E-2
1.245000E-8	5.679275E-2
1.250000E-8	6.146224E-2
1.255000E-8	6.547568E-2
1.260000E-8	6.875940E-2
1.265000E-8	7.129799E-2
1.270000E-8	7.298353E-2
1.275000E-8	7.375265E-2
1.280000E-8	7.369784E-2
1.285000E-8	7.286535E-2
1.290000E-8	7.125861E-2
1.295000E-8	6.901293E-2
1.300000E-8	6.629278E-2
1.305000E-8	6.321290E-2
1.310000E-8	5.987779E-2
1.315000E-8	5.646218E-2
1.320000E-8	5.316476E-2
1.325000E-8	5.012941E-2
1.330000E-8	4.742810E-2
1.335000E-8	4.514474E-2
1.340000E-8	4.338554E-2
1.345000E-8	4.214708E-2
1.350000E-8	4.142421E-2
1.355000E-8	4.124092E-2
1.360000E-8	4.160235E-2
1.365000E-8	4.238516E-2
1.370000E-8	4.350372E-2
1.375000E-8	4.489120E-2
1.380000E-8	4.638318E-2
1.385000E-8	4.788885E-2
1.390000E-8	4.935685E-2
1.395000E-8	5.067411E-2
1.400000E-8	5.172414E-2
1.405000E-8	5.245900E-2
1.410000E-8	5.281358E-2
1.415000E-8	5.273993E-2
1.420000E-8	5.226887E-2
1.425000E-8	5.143124E-2
1.430000E-8	5.018422E-2
1.435000E-8	4.859632E-2
1.440000E-8	4.678231E-2
1.445000E-8	4.477131E-2
1.450000E-8	4.260786E-2
1.455000E-8	4.041700E-2
1.460000E-8	3.829466E-2
1.465000E-8	3.627852E-2
1.470000E-8	3.445252E-2
1.475000E-8	3.293485E-2
1.480000E-8	3.180944E-2
1.485000E-8	3.113282E-2
1.490000E-8	3.093583E-2
1.495000E-8	3.117221E-2
1.500000E-8	3.180943E-2
1.505000E-8	3.285432E-2
1.510000E-8	3.423153E-2
1.515000E-8	3.583827E-2
1.520000E-8	3.757863E-2
1.525000E-8	3.931898E-2
1.530000E-8	4.089660E-2
1.535000E-8	4.223099E-2
1.540000E-8	4.325705E-2
1.545000E-8	4.387542E-2
1.550000E-8	4.403815E-2
1.555000E-8	4.374867E-2
1.560000E-8	4.299497E-2
1.565000E-8	4.173253E-2
1.570000E-8	4.001616E-2
1.575000E-8	3.799146E-2
1.580000E-8	3.575436E-2
1.585000E-8	3.336651E-2
1.590000E-8	3.096838E-2
1.595000E-8	2.871757E-2
1.600000E-8	2.672199E-2
1.605000E-8	2.503474E-2
1.610000E-8	2.371405E-2
1.615000E-8	2.283702E-2
1.620000E-8	2.245846E-2
1.625000E-8	2.258179E-2
1.630000E-8	2.317104E-2
1.635000E-8	2.418339E-2
1.640000E-8	2.558972E-2
1.645000E-8	2.725299E-2
1.650000E-8	2.906014E-2
1.655000E-8	3.094438E-2
1.660000E-8	3.278751E-2
1.665000E-8	3.443537E-2
1.670000E-8	3.581087E-2
1.675000E-8	3.684206E-2
1.680000E-8	3.741419E-2
1.685000E-8	3.749470E-2
1.690000E-8	3.712128E-2
1.695000E-8	3.626138E-2
1.700000E-8	3.491843E-2
1.705000E-8	3.322433E-2
1.710000E-8	3.127157E-2
1.715000E-8	2.910641E-2
1.720000E-8	2.687102E-2
1.725000E-8	2.471442E-2
1.730000E-8	2.268800E-2
1.735000E-8	2.091853E-2
1.740000E-8	1.958243E-2
1.745000E-8	1.870882E-2
1.750000E-8	1.826345E-2
1.755000E-8	1.830627E-2
1.760000E-8	1.883557E-2
1.765000E-8	1.974172E-2
1.770000E-8	2.093907E-2
1.775000E-8	2.240877E-2
1.780000E-8	2.405663E-2
1.785000E-8	2.574730E-2
1.790000E-8	2.738659E-2
1.795000E-8	2.890598E-2
1.800000E-8	3.021981E-2
1.805000E-8	3.124072E-2
1.810000E-8	3.191905E-2
1.815000E-8	3.223424E-2
1.820000E-8	3.216401E-2
1.825000E-8	3.168781E-2
1.830000E-8	3.081079E-2
1.835000E-8	2.958603E-2
1.840000E-8	2.805808E-2
1.845000E-8	2.625264E-2
1.850000E-8	2.422794E-2
1.855000E-8	2.209874E-2
1.860000E-8	2.000895E-2
1.865000E-8	1.803735E-2
1.870000E-8	1.627986E-2
1.875000E-8	1.487525E-2
1.880000E-8	1.391428E-2
1.885000E-8	1.340725E-2
1.890000E-8	1.339868E-2
1.895000E-8	1.393826E-2
1.900000E-8	1.496945E-2
1.905000E-8	1.639290E-2
1.910000E-8	1.813668E-2
1.915000E-8	2.008430E-2
1.920000E-8	2.210558E-2
1.925000E-8	2.407718E-2
1.930000E-8	2.586378E-2
1.935000E-8	2.734377E-2
1.940000E-8	2.846061E-2
1.945000E-8	2.913723E-2
1.950000E-8	2.927598E-2
1.955000E-8	2.888372E-2
1.960000E-8	2.802553E-2
1.965000E-8	2.672027E-2
1.970000E-8	2.502445E-2
1.975000E-8	2.308711E-2
1.980000E-8	2.100417E-2
1.985000E-8	1.882188E-2
1.990000E-8	1.667384E-2
1.995000E-8	1.470738E-2
2.000000E-8	1.298929E-2
2.005000E-8	1.158810E-2
2.010000E-8	1.060487E-2
2.015000E-8	1.008756E-2
2.020000E-8	1.000705E-2
2.025000E-8	1.035135E-2
2.030000E-8	1.112902E-2
2.035000E-8	1.231267E-2
2.040000E-8	1.381149E-2
2.045000E-8	1.551416E-2
2.050000E-8	1.734872E-2
2.055000E-8	1.925010E-2
2.060000E-8	2.108637E-2
2.065000E-8	2.272395E-2
2.070000E-8	2.409088E-2
2.075000E-8	2.514777E-2
2.080000E-8	2.580212E-2
2.085000E-8	2.599911E-2
2.090000E-8	2.571819E-2
2.095000E-8	2.494394E-2
2.100000E-8	2.371062E-2
2.105000E-8	2.210902E-2
2.110000E-8	2.019223E-2
2.115000E-8	1.803221E-2
2.120000E-8	1.577283E-2
2.125000E-8	1.355114E-2
2.130000E-8	1.143736E-2
2.135000E-8	9.578816E-3
2.140000E-8	8.134801E-3
2.145000E-8	7.143003E-3
2.150000E-8	6.596571E-3
2.155000E-8	6.574301E-3
2.160000E-8	7.108738E-3
2.165000E-8	8.093680E-3
2.170000E-8	9.440054E-3
2.175000E-8	1.111703E-2
2.180000E-8	1.303553E-2
2.185000E-8	1.503967E-2
2.190000E-8	1.701813E-2
2.195000E-8	1.886982E-2
2.200000E-8	2.049712E-2
2.205000E-8	2.178355E-2
2.210000E-8	2.263659E-2
2.215000E-8	2.302543E-2
2.220000E-8	2.296548E-2
2.225000E-8	2.243105E-2
2.230000E-8	2.139472E-2
2.235000E-8	1.993871E-2
2.240000E-8	1.819836E-2
2.245000E-8	1.623533E-2
2.250000E-8	1.414553E-2
2.255000E-8	1.209000E-2
2.260000E-8	1.017492E-2
2.265000E-8	8.449984E-3
2.270000E-8	6.993979E-3
2.275000E-8	5.895978E-3
2.280000E-8	5.205659E-3
2.285000E-8	4.943576E-3
2.290000E-8	5.128572E-3
2.295000E-8	5.765786E-3
2.300000E-8	6.820959E-3
2.305000E-8	8.206731E-3
2.310000E-8	9.811761E-3
2.315000E-8	1.158123E-2
2.320000E-8	1.343978E-2
2.325000E-8	1.522810E-2
2.330000E-8	1.682799E-2
2.335000E-8	1.823089E-2
2.340000E-8	1.936144E-2
2.345000E-8	2.007403E-2
2.350000E-8	2.036009E-2
2.355000E-8	2.025560E-2
2.360000E-8	1.970746E-2
2.365000E-8	1.871909E-2
2.370000E-8	1.739670E-2
2.375000E-8	1.579852E-2
2.380000E-8	1.396910E-2
2.385000E-8	1.203176E-2
2.390000E-8	1.010983E-2
2.395000E-8	8.282115E-3
2.400000E-8	6.654815E-3
2.405000E-8	5.317003E-3
2.410000E-8	4.328631E-3
2.415000E-8	3.753079E-3
2.420000E-8	3.619467E-3
2.425000E-8	3.888398E-3
2.430000E-8	4.573575E-3
2.435000E-8	5.685275E-3
2.440000E-8	7.115584E-3
2.445000E-8	8.725752E-3
2.450000E-8	1.046953E-2
2.455000E-8	1.226299E-2
2.460000E-8	1.397936E-2
2.465000E-8	1.552615E-2
2.470000E-8	1.683484E-2
2.475000E-8	1.777354E-2
2.480000E-8	1.828057E-2
2.485000E-8	1.837136E-2
2.490000E-8	1.804933E-2
2.495000E-8	1.729221E-2
2.500000E-8	1.613597E-2
2.505000E-8	1.466455E-2
2.510000E-8	1.298073E-2
2.515000E-8	1.116329E-2
2.520000E-8	9.258494E-3
2.525000E-8	7.375966E-3
2.530000E-8	5.647602E-3
2.535000E-8	4.169329E-3
2.540000E-8	3.011375E-3
2.545000E-8	2.245687E-3
2.550000E-8	1.918512E-3
2.555000E-8	2.029852E-3
2.560000E-8	2.545447E-3
2.565000E-8	3.427613E-3
2.570000E-8	4.638665E-3
2.575000E-8	6.130640E-3
2.580000E-8	7.787058E-3
2.585000E-8	9.494866E-3
2.590000E-8	1.120781E-2
2.595000E-8	1.284882E-2
2.600000E-8	1.428427E-2
2.605000E-8	1.540625E-2
2.610000E-8	1.620791E-2
2.615000E-8	1.662929E-2
2.620000E-8	1.662929E-2
2.625000E-8	1.623874E-2
2.630000E-8	1.547991E-2
2.635000E-8	1.436136E-2
2.640000E-8	1.295160E-2
2.645000E-8	1.134486E-2
2.650000E-8	9.597656E-3
2.655000E-8	7.800776E-3
2.660000E-8	6.091255E-3
2.665000E-8	4.563306E-3
2.670000E-8	3.273457E-3
2.675000E-8	2.307354E-3
2.680000E-8	1.743793E-3
2.685000E-8	1.574210E-3
2.690000E-8	1.788326E-3
2.695000E-8	2.398134E-3
2.700000E-8	3.381363E-3
2.705000E-8	4.660933E-3
2.710000E-8	6.144344E-3
2.715000E-8	7.751087E-3
2.720000E-8	9.369821E-3
2.725000E-8	1.088235E-2
2.730000E-8	1.221331E-2
2.735000E-8	1.334215E-2
2.740000E-8	1.421061E-2
2.745000E-8	1.473820E-2
2.750000E-8	1.491121E-2
2.755000E-8	1.473649E-2
2.760000E-8	1.418664E-2
2.765000E-8	1.327878E-2
2.770000E-8	1.209342E-2
2.775000E-8	1.069737E-2
2.780000E-8	9.121458E-3
2.785000E-8	7.461614E-3
2.790000E-8	5.832601E-3
2.795000E-8	4.325208E-3
2.800000E-8	3.013090E-3
2.805000E-8	1.968192E-3
2.810000E-8	1.259030E-3
2.815000E-8	9.489852E-4
2.820000E-8	1.062038E-3
2.825000E-8	1.541661E-3
2.830000E-8	2.324476E-3
2.835000E-8	3.420760E-3
2.840000E-8	4.801393E-3
2.845000E-8	6.331054E-3
2.850000E-8	7.898399E-3
2.855000E-8	9.450328E-3
2.860000E-8	1.089092E-2
2.865000E-8	1.212081E-2
2.870000E-8	1.309891E-2
2.875000E-8	1.378751E-2
2.880000E-8	1.413182E-2
2.885000E-8	1.414723E-2
2.890000E-8	1.384404E-2
2.895000E-8	1.317942E-2
2.900000E-8	1.217050E-2
2.905000E-8	1.092861E-2
2.910000E-8	9.506870E-3
2.915000E-8	7.930960E-3
2.920000E-8	6.295096E-3
2.925000E-8	4.724325E-3
2.930000E-8	3.294014E-3
2.935000E-8	2.050414E-3
2.940000E-8	1.062042E-3
2.945000E-8	3.939919E-4
2.950000E-8	7.195630E-5
2.955000E-8	1.216300E-4
2.960000E-8	5.413001E-4
2.965000E-8	1.310411E-3
2.970000E-8	2.391279E-3
2.975000E-8	3.682840E-3
2.980000E-8	5.096020E-3
2.985000E-8	6.587995E-3
2.990000E-8	8.091962E-3
2.995000E-8	9.484588E-3
3.000000E-8	1.066995E-2
3.005000E-8	1.161721E-2
3.010000E-8	1.227841E-2
3.015000E-8	1.261415E-2
3.020000E-8	1.263128E-2
3.025000E-8	1.231438E-2
3.030000E-8	1.165148E-2
3.035000E-8	1.070079E-2
3.040000E-8	9.527425E-3
3.045000E-8	8.181050E-3
3.050000E-8	6.723333E-3
3.055000E-8	5.258764E-3
3.060000E-8	3.862712E-3
3.065000E-8	2.566010E-3
3.070000E-8	1.442316E-3
3.075000E-8	5.772769E-4
3.080000E-8	2.741947E-5
3.085000E-8	-2.072559E-4
3.090000E-8	-1.216103E-4
3.095000E-8	2.826435E-4
3.100000E-8	9.918019E-4
3.105000E-8	1.973319E-3
3.110000E-8	3.168955E-3
3.115000E-8	4.532460E-3
3.120000E-8	6.000455E-3
3.125000E-8	7.454747E-3
3.130000E-8	8.785707E-3
3.135000E-8	9.943660E-3
3.140000E-8	1.088064E-2
3.145000E-8	1.151786E-2
3.150000E-8	1.182277E-2
3.155000E-8	1.180221E-2
3.160000E-8	1.140995E-2
3.165000E-8	1.065625E-2
3.170000E-8	9.669597E-3
3.175000E-8	8.520211E-3
3.180000E-8	7.192678E-3
3.185000E-8	5.760655E-3
3.190000E-8	4.359465E-3
3.195000E-8	3.033644E-3
3.200000E-8	1.793470E-3
3.205000E-8	7.331553E-4
3.210000E-8	-6.165291E-5
3.215000E-8	-5.772511E-4
3.220000E-8	-7.759542E-4
3.225000E-8	-6.183646E-4
3.230000E-8	-1.473057E-4
3.235000E-8	6.012506E-4
3.240000E-8	1.630730E-3
3.245000E-8	2.877755E-3
3.250000E-8	4.222417E-3
3.255000E-8	5.620181E-3
3.260000E-8	7.004242E-3
3.265000E-8	8.247842E-3
3.270000E-8	9.263620E-3
3.275000E-8	1.005672E-2
3.280000E-8	1.055690E-2
3.285000E-8	1.071449E-2
3.290000E-8	1.053806E-2
3.295000E-8	1.004302E-2
3.300000E-8	9.246499E-3
3.305000E-8	8.198177E-3
3.310000E-8	6.964856E-3
3.315000E-8	5.613342E-3
3.320000E-8	4.222430E-3
3.325000E-8	2.869202E-3
3.330000E-8	1.594769E-3
3.335000E-8	4.813527E-4
3.340000E-8	-3.716958E-4
3.345000E-8	-9.489601E-4
3.350000E-8	-1.243588E-3
3.355000E-8	-1.185349E-3
3.360000E-8	-7.691048E-4
3.365000E-8	-4.966857E-5
3.370000E-8	9.404135E-4
3.375000E-8	2.166882E-3
3.380000E-8	3.537239E-3
3.385000E-8	4.965836E-3
3.390000E-8	6.387582E-3
3.395000E-8	7.679144E-3
3.400000E-8	8.766865E-3
3.405000E-8	9.633617E-3
3.410000E-8	1.021945E-2
3.415000E-8	1.047296E-2
3.420000E-8	1.041986E-2
3.425000E-8	1.005672E-2
3.430000E-8	9.368116E-3
3.435000E-8	8.443126E-3
3.440000E-8	7.375962E-3
3.445000E-8	6.149493E-3
3.450000E-8	4.816821E-3
3.455000E-8	3.509843E-3
3.460000E-8	2.285086E-3
3.465000E-8	1.142550E-3
3.470000E-8	1.850126E-4
3.475000E-8	-4.950280E-4
3.480000E-8	-9.009973E-4
3.485000E-8	-1.044886E-3
3.490000E-8	-8.838701E-4
3.495000E-8	-3.939686E-4
3.500000E-8	3.922728E-4
3.505000E-8	1.401197E-3
3.510000E-8	2.572852E-3
3.515000E-8	3.855848E-3
3.520000E-8	5.195372E-3
3.525000E-8	6.490360E-3
3.530000E-8	7.658589E-3
3.535000E-8	8.650386E-3
3.540000E-8	9.414361E-3
3.545000E-8	9.870005E-3
3.550000E-8	9.989912E-3
3.555000E-8	9.822045E-3
3.560000E-8	9.374967E-3
3.565000E-8	8.646966E-3
3.570000E-8	7.686004E-3
3.575000E-8	6.572590E-3
3.580000E-8	5.339269E-3
3.585000E-8	4.042569E-3
3.590000E-8	2.778415E-3
3.595000E-8	1.625602E-3
3.600000E-8	6.286663E-4
3.605000E-8	-1.627156E-4
3.610000E-8	-7.211371E-4
3.615000E-8	-1.051737E-3
3.620000E-8	-1.120256E-3
3.625000E-8	-8.958611E-4
3.630000E-8	-4.316538E-4
3.635000E-8	2.192649E-4
3.640000E-8	1.056895E-3
3.645000E-8	2.021283E-3
3.650000E-8	3.004514E-3
3.655000E-8	3.998022E-3
3.660000E-8	4.984680E-3
3.665000E-8	5.868560E-3
3.670000E-8	6.586285E-3
3.675000E-8	7.160123E-3
3.680000E-8	7.547250E-3
3.685000E-8	7.680861E-3
3.690000E-8	7.586650E-3
3.695000E-8	7.317718E-3
3.700000E-8	6.826104E-3
3.705000E-8	6.099816E-3
3.710000E-8	5.231353E-3
3.715000E-8	4.292659E-3
3.720000E-8	3.275169E-3
3.725000E-8	2.218282E-3
3.730000E-8	1.216208E-3
3.735000E-8	3.443177E-4
3.740000E-8	-3.922500E-4
3.745000E-8	-9.660881E-4
3.750000E-8	-1.313818E-3
3.755000E-8	-1.372059E-3
3.760000E-8	-1.149378E-3
3.765000E-8	-6.680411E-4
3.770000E-8	5.482094E-5
3.775000E-8	1.010644E-3
3.780000E-8	2.115494E-3
3.785000E-8	3.271732E-3
3.790000E-8	4.433110E-3
3.795000E-8	5.558516E-3
3.800000E-8	6.560590E-3
3.805000E-8	7.362250E-3
3.810000E-8	7.915533E-3
3.815000E-8	8.198170E-3
3.820000E-8	8.193033E-3
3.825000E-8	7.908685E-3
3.830000E-8	7.351978E-3
3.835000E-8	6.564024E-3
3.840000E-8	5.623617E-3
3.845000E-8	4.570156E-3
3.850000E-8	3.412204E-3
3.855000E-8	2.238836E-3
3.860000E-8	1.175096E-3
3.865000E-8	2.552434E-4
3.870000E-8	-5.309995E-4
3.875000E-8	-1.099698E-3
3.880000E-8	-1.401178E-3
3.885000E-8	-1.474836E-3
3.890000E-8	-1.305255E-3
3.895000E-8	-8.427604E-4
3.900000E-8	-1.353144E-4
3.905000E-8	7.365745E-4
3.910000E-8	1.748925E-3
3.915000E-8	2.867479E-3
3.920000E-8	3.992884E-3
3.925000E-8	5.048059E-3
3.930000E-8	5.997031E-3
3.935000E-8	6.798691E-3
3.940000E-8	7.394797E-3
3.945000E-8	7.716831E-3
3.950000E-8	7.744239E-3
3.955000E-8	7.533548E-3
3.960000E-8	7.119016E-3
3.965000E-8	6.486940E-3
3.970000E-8	5.651023E-3
3.975000E-8	4.700338E-3
3.980000E-8	3.701691E-3
3.985000E-8	2.668785E-3
3.990000E-8	1.634166E-3
3.995000E-8	6.783414E-4
4.000000E-8	-1.233178E-4
4.005000E-8	-7.416920E-4
4.010000E-8	-1.161365E-3
4.015000E-8	-1.337799E-3
4.020000E-8	-1.233310E-3
4.025000E-8	-8.992864E-4
4.030000E-8	-3.785517E-4
4.035000E-8	3.357462E-4
4.040000E-8	1.241894E-3
4.045000E-8	2.259384E-3
4.050000E-8	3.304281E-3
4.055000E-8	4.321771E-3
4.060000E-8	5.255326E-3
4.065000E-8	6.026153E-3
4.070000E-8	6.586286E-3
4.075000E-8	6.939154E-3
4.080000E-8	7.076190E-3
4.085000E-8	6.987118E-3
4.090000E-8	6.680501E-3
4.095000E-8	6.185461E-3
4.100000E-8	5.544820E-3
4.105000E-8	4.799689E-3
4.110000E-8	3.967198E-3
4.115000E-8	3.093596E-3
4.120000E-8	2.269669E-3
4.125000E-8	1.534815E-3
4.130000E-8	8.684785E-4
4.135000E-8	2.929281E-4
4.140000E-8	-1.421609E-4
4.145000E-8	-4.213721E-4
4.150000E-8	-5.190110E-4
4.155000E-8	-4.093836E-4
4.160000E-8	-9.420247E-5
4.165000E-8	4.008381E-4
4.170000E-8	1.086016E-3
4.175000E-8	1.932211E-3
4.180000E-8	2.860627E-3
4.185000E-8	3.809600E-3
4.190000E-8	4.750007E-3
4.195000E-8	5.664721E-3
4.200000E-8	6.480084E-3
4.205000E-8	7.110449E-3
4.210000E-8	7.501001E-3
4.215000E-8	7.668871E-3
4.220000E-8	7.603779E-3
4.225000E-8	7.242348E-3
4.230000E-8	6.598281E-3
4.235000E-8	5.788058E-3
4.240000E-8	4.866493E-3
4.245000E-8	3.819883E-3
4.250000E-8	2.701330E-3
4.255000E-8	1.618748E-3
4.260000E-8	6.269516E-4
4.265000E-8	-2.415125E-4
4.270000E-8	-9.129879E-4
4.275000E-8	-1.341225E-3
4.280000E-8	-1.519372E-3
4.285000E-8	-1.444003E-3
4.290000E-8	-1.104840E-3
4.295000E-8	-5.395688E-4
4.300000E-8	1.952846E-4
4.305000E-8	1.051757E-3
4.310000E-8	1.978461E-3
4.315000E-8	2.922294E-3
4.320000E-8	3.842146E-3
4.325000E-8	4.679777E-3
4.330000E-8	5.370095E-3
4.335000E-8	5.907960E-3
4.340000E-8	6.296799E-3
4.345000E-8	6.502354E-3
4.350000E-8	6.514345E-3
4.355000E-8	6.358468E-3
4.360000E-8	6.050138E-3
4.365000E-8	5.585930E-3
4.370000E-8	4.988112E-3
4.375000E-8	4.289231E-3
4.380000E-8	3.526970E-3
4.385000E-8	2.740728E-3
4.390000E-8	1.959624E-3
4.395000E-8	1.233335E-3
4.400000E-8	5.875535E-4
4.405000E-8	3.084549E-5
4.410000E-8	-3.956787E-4
4.415000E-8	-6.166493E-4
4.420000E-8	-6.252147E-4
4.425000E-8	-4.898926E-4
4.430000E-8	-2.260995E-4
4.435000E-8	2.089883E-4
4.440000E-8	8.068060E-4
4.445000E-8	1.515965E-3
4.450000E-8	2.259384E-3
4.455000E-8	2.982247E-3
4.460000E-8	3.674277E-3
4.465000E-8	4.338900E-3
4.470000E-8	4.912738E-3
4.475000E-8	5.328984E-3
4.480000E-8	5.611621E-3
4.485000E-8	5.769213E-3
4.490000E-8	5.724677E-3
4.495000E-8	5.488291E-3
4.500000E-8	5.114870E-3
4.505000E-8	4.604412E-3
4.510000E-8	3.958632E-3
4.515000E-8	3.240908E-3
4.520000E-8	2.466656E-3
4.525000E-8	1.647868E-3
4.530000E-8	8.650510E-4
4.535000E-8	2.089921E-4
4.540000E-8	-3.083184E-4
4.545000E-8	-6.868803E-4
4.550000E-8	-8.735922E-4
4.555000E-8	-8.376211E-4
4.560000E-8	-5.978094E-4
4.565000E-8	-1.695734E-4
4.570000E-8	4.025503E-4
4.575000E-8	1.104858E-3
4.580000E-8	1.904804E-3
4.585000E-8	2.742435E-3
4.590000E-8	3.540668E-3
4.595000E-8	4.280661E-3
4.600000E-8	4.931582E-3
4.605000E-8	5.421485E-3
4.610000E-8	5.740093E-3
4.615000E-8	5.921666E-3
4.620000E-8	5.950787E-3
4.625000E-8	5.781206E-3
4.630000E-8	5.445469E-3
4.635000E-8	4.994964E-3
4.640000E-8	4.421127E-3
4.645000E-8	3.727384E-3
4.650000E-8	2.992530E-3
4.655000E-8	2.257676E-3
4.660000E-8	1.524535E-3
4.665000E-8	8.188013E-4
4.670000E-8	2.089922E-4
4.675000E-8	-2.689202E-4
4.680000E-8	-6.269264E-4
4.685000E-8	-8.324805E-4
4.690000E-8	-8.222034E-4
4.695000E-8	-6.063727E-4
4.700000E-8	-2.329509E-4
4.705000E-8	2.792195E-4
4.710000E-8	9.387034E-4
4.715000E-8	1.704390E-3
4.720000E-8	2.495771E-3
4.725000E-8	3.268310E-3
4.730000E-8	4.003164E-3
4.735000E-8	4.662648E-3
4.740000E-8	5.202227E-3
4.745000E-8	5.579075E-3
4.750000E-8	5.767500E-3
4.755000E-8	5.765788E-3
4.760000E-8	5.594494E-3
4.765000E-8	5.279312E-3
4.770000E-8	4.816817E-3
4.775000E-8	4.213861E-3
4.780000E-8	3.514979E-3
4.785000E-8	2.781838E-3
4.790000E-8	2.064114E-3
4.795000E-8	1.402917E-3
4.800000E-8	8.325052E-4
4.805000E-8	3.837129E-4
4.810000E-8	6.167853E-5
4.815000E-8	-1.198944E-4
4.820000E-8	-1.370245E-4
4.825000E-8	1.885285E-5
4.830000E-8	3.323213E-4
4.835000E-8	7.725479E-4
4.840000E-8	1.322403E-3
4.845000E-8	1.935638E-3
4.850000E-8	2.559150E-3
4.855000E-8	3.160394E-3
4.860000E-8	3.703398E-3
4.865000E-8	4.138486E-3
4.870000E-8	4.460521E-3
4.875000E-8	4.698620E-3
4.880000E-8	4.816814E-3
4.885000E-8	4.770565E-3
4.890000E-8	4.573577E-3
4.895000E-8	4.302932E-3
4.900000E-8	3.965482E-3
4.905000E-8	3.542385E-3
4.910000E-8	3.067899E-3
4.915000E-8	2.583136E-3
4.920000E-8	2.101798E-3
4.925000E-8	1.635877E-3
4.930000E-8	1.202501E-3
4.935000E-8	8.513473E-4
4.940000E-8	5.978310E-4
4.945000E-8	4.436656E-4
4.950000E-8	3.768603E-4
4.955000E-8	4.299612E-4
4.960000E-8	6.269495E-4
4.965000E-8	9.215758E-4
4.970000E-8	1.277868E-3
4.975000E-8	1.731798E-3
4.980000E-8	2.247395E-3
4.985000E-8	2.749288E-3
4.990000E-8	3.192941E-3
4.995000E-8	3.598909E-3
5.000000E-8	3.932933E-3
5.005000E-8	4.138487E-3
5.010000E-8	4.215570E-3
5.015000E-8	4.191589E-3
5.020000E-8	4.056267E-3
5.025000E-8	3.789048E-3
5.030000E-8	3.419052E-3
5.035000E-8	3.007946E-3
5.040000E-8	2.571145E-3
5.045000E-8	2.130918E-3
5.050000E-8	1.711246E-3
5.055000E-8	1.325833E-3
5.060000E-8	9.832440E-4
5.065000E-8	7.006077E-4
5.070000E-8	4.950537E-4
5.075000E-8	3.408880E-4
5.080000E-8	2.381107E-4
5.085000E-8	2.141290E-4
5.090000E-8	2.826463E-4
5.095000E-8	4.368111E-4
5.100000E-8	6.612067E-4
5.105000E-8	9.455555E-4
5.110000E-8	1.289858E-3
5.115000E-8	1.690687E-3
5.120000E-8	2.106933E-3
5.125000E-8	2.492346E-3
5.130000E-8	2.838361E-3
5.135000E-8	3.150117E-3
5.140000E-8	3.415624E-3
5.145000E-8	3.617752E-3
5.150000E-8	3.749650E-3
5.155000E-8	3.794187E-3
5.160000E-8	3.730808E-3
5.165000E-8	3.550949E-3
5.170000E-8	3.254610E-3
5.175000E-8	2.884614E-3
5.180000E-8	2.473507E-3
5.185000E-8	2.038419E-3
5.190000E-8	1.610182E-3
5.195000E-8	1.211066E-3
5.200000E-8	8.239400E-4
5.205000E-8	4.556562E-4
5.210000E-8	1.558901E-4
5.215000E-8	-1.197926E-5
5.220000E-8	-7.707190E-5
5.225000E-8	-6.508198E-5
5.230000E-8	6.510129E-5
5.235000E-8	3.545887E-4
5.240000E-8	7.348623E-4
5.245000E-8	1.152821E-3
5.250000E-8	1.629020E-3
5.255000E-8	2.180589E-3
5.260000E-8	2.751000E-3
5.265000E-8	3.273449E-3
5.270000E-8	3.749649E-3
5.275000E-8	4.160756E-3
5.280000E-8	4.462235E-3
5.285000E-8	4.602698E-3
5.290000E-8	4.578717E-3
5.295000E-8	4.400571E-3
5.300000E-8	4.095667E-3
5.305000E-8	3.682847E-3
5.310000E-8	3.174102E-3
5.315000E-8	2.596839E-3
5.320000E-8	2.009298E-3
5.325000E-8	1.452590E-3
5.330000E-8	9.215767E-4
5.335000E-8	4.573679E-4
5.340000E-8	1.250560E-4
5.345000E-8	-5.994247E-5
5.350000E-8	-1.079052E-4
5.355000E-8	-1.883220E-5
5.360000E-8	1.935730E-4
5.365000E-8	5.053292E-4
5.370000E-8	9.095844E-4
5.375000E-8	1.380645E-3
5.380000E-8	1.861983E-3
5.385000E-8	2.336469E-3
5.390000E-8	2.795538E-3
5.395000E-8	3.192942E-3
5.400000E-8	3.502985E-3
5.405000E-8	3.746224E-3
5.410000E-8	3.903815E-3
5.415000E-8	3.914093E-3
5.420000E-8	3.801039E-3
5.425000E-8	3.619467E-3
5.430000E-8	3.359099E-3
5.435000E-8	3.013084E-3
5.440000E-8	2.637949E-3
5.445000E-8	2.264527E-3
5.450000E-8	1.875688E-3
5.455000E-8	1.495414E-3
5.460000E-8	1.159676E-3
5.465000E-8	8.581977E-4
5.470000E-8	6.115333E-4
5.475000E-8	4.539420E-4
5.480000E-8	4.025533E-4
5.485000E-8	4.590803E-4
5.490000E-8	5.824121E-4
5.495000E-8	7.639841E-4
5.500000E-8	1.002083E-3
5.505000E-8	1.306988E-3
5.510000E-8	1.656428E-3
5.515000E-8	2.024712E-3
5.520000E-8	2.379291E-3
5.525000E-8	2.689335E-3
5.530000E-8	2.949702E-3
5.535000E-8	3.167247E-3
5.540000E-8	3.311134E-3
5.545000E-8	3.367662E-3
5.550000E-8	3.352245E-3
5.555000E-8	3.294005E-3
5.560000E-8	3.180951E-3
5.565000E-8	2.963407E-3
5.570000E-8	2.655077E-3
5.575000E-8	2.343321E-3
5.580000E-8	2.048695E-3
5.585000E-8	1.718097E-3
5.590000E-8	1.366943E-3
5.595000E-8	1.082594E-3
5.600000E-8	8.924567E-4
5.605000E-8	7.331526E-4
5.610000E-8	5.892649E-4
5.615000E-8	5.138949E-4
5.620000E-8	5.293109E-4
5.625000E-8	6.063931E-4
5.630000E-8	7.348637E-4
5.635000E-8	9.438428E-4
5.640000E-8	1.229905E-3
5.645000E-8	1.560503E-3
5.650000E-8	1.897953E-3
5.655000E-8	2.223413E-3
5.660000E-8	2.540308E-3
5.665000E-8	2.841787E-3
5.670000E-8	3.086738E-3
5.675000E-8	3.251181E-3
5.680000E-8	3.336829E-3
5.685000E-8	3.329978E-3
5.690000E-8	3.222062E-3
5.695000E-8	3.037064E-3
5.700000E-8	2.795539E-3
5.705000E-8	2.487209E-3
5.710000E-8	2.142907E-3
5.715000E-8	1.790040E-3
5.720000E-8	1.437173E-3
5.725000E-8	1.099722E-3
5.730000E-8	8.290766E-4
5.735000E-8	6.355135E-4
5.740000E-8	4.762093E-4
5.745000E-8	3.306086E-4
5.750000E-8	2.757941E-4
5.755000E-8	3.357471E-4
5.760000E-8	4.779215E-4
5.765000E-8	6.697715E-4
5.770000E-8	9.215746E-4
5.775000E-8	1.233331E-3
5.780000E-8	1.596476E-3
5.785000E-8	1.975037E-3
5.790000E-8	2.334755E-3
5.795000E-8	2.670493E-3
5.800000E-8	2.978823E-3
5.805000E-8	3.218635E-3
5.810000E-8	3.371087E-3
5.815000E-8	3.436179E-3
5.820000E-8	3.393356E-3
5.825000E-8	3.218635E-3
5.830000E-8	2.951416E-3
5.835000E-8	2.631095E-3
5.840000E-8	2.261099E-3
5.845000E-8	1.856844E-3
5.850000E-8	1.461154E-3
5.855000E-8	1.110000E-3
5.860000E-8	8.239383E-4
5.865000E-8	6.132461E-4
5.870000E-8	4.813494E-4
5.875000E-8	4.265350E-4
5.880000E-8	4.573679E-4
5.885000E-8	5.704220E-4
5.890000E-8	7.451421E-4
5.895000E-8	9.815283E-4
5.900000E-8	1.271016E-3
5.905000E-8	1.599901E-3
5.910000E-8	1.969897E-3
5.915000E-8	2.367301E-3
5.920000E-8	2.730446E-3
5.925000E-8	3.025072E-3
5.930000E-8	3.270024E-3
5.935000E-8	3.458448E-3
5.940000E-8	3.540670E-3
5.945000E-8	3.508125E-3
5.950000E-8	3.367663E-3
5.955000E-8	3.121000E-3
5.960000E-8	2.792114E-3
5.965000E-8	2.427257E-3
5.970000E-8	2.055547E-3
5.975000E-8	1.678699E-3
5.980000E-8	1.337823E-3
5.985000E-8	1.063752E-3
5.990000E-8	8.342167E-4
5.995000E-8	6.475053E-4
6.000000E-8	5.258859E-4
6.005000E-8	4.625065E-4
6.010000E-8	4.299602E-4
6.015000E-8	4.248210E-4
6.020000E-8	4.625054E-4
6.025000E-8	5.121805E-4
6.030000E-8	6.012533E-4
6.035000E-8	7.656959E-4
6.040000E-8	9.866658E-4
6.045000E-8	1.223052E-3
6.050000E-8	1.510827E-3
6.055000E-8	1.843139E-3
6.060000E-8	2.139479E-3
6.065000E-8	2.384430E-3
6.070000E-8	2.617391E-3
6.075000E-8	2.817806E-3
6.080000E-8	2.930861E-3
6.085000E-8	2.942851E-3
6.090000E-8	2.850352E-3
6.095000E-8	2.651651E-3
6.100000E-8	2.387857E-3
6.105000E-8	2.076101E-3
6.110000E-8	1.714669E-3
6.115000E-8	1.349812E-3
6.120000E-8	1.027778E-3
6.125000E-8	7.365773E-4
6.130000E-8	4.864871E-4
6.135000E-8	3.443126E-4
6.140000E-8	3.066277E-4
6.145000E-8	3.391737E-4
6.150000E-8	4.539411E-4
6.155000E-8	6.783370E-4
6.160000E-8	9.661119E-4
6.165000E-8	1.259026E-3
6.170000E-8	1.543375E-3
6.175000E-8	1.812307E-3
6.180000E-8	2.084665E-3
6.185000E-8	2.353598E-3
6.190000E-8	2.579707E-3
6.195000E-8	2.733872E-3
6.200000E-8	2.836648E-3
6.205000E-8	2.876046E-3
6.210000E-8	2.829797E-3
6.215000E-8	2.744149E-3
6.220000E-8	2.617391E-3
6.225000E-8	2.408412E-3
6.230000E-8	2.120637E-3
6.235000E-8	1.824298E-3
6.240000E-8	1.524532E-3
6.245000E-8	1.200785E-3
6.250000E-8	8.787515E-4
6.255000E-8	5.944024E-4
6.260000E-8	3.734324E-4
6.265000E-8	2.226932E-4
6.270000E-8	1.438977E-4
6.275000E-8	1.507495E-4
6.280000E-8	2.278320E-4
6.285000E-8	3.391735E-4
6.290000E-8	4.830608E-4
6.295000E-8	6.937531E-4
6.300000E-8	9.352782E-4
6.305000E-8	1.151109E-3
6.310000E-8	1.351524E-3
6.315000E-8	1.569068E-3
6.320000E-8	1.735223E-3
6.325000E-8	1.824296E-3
6.330000E-8	1.896240E-3
6.335000E-8	1.971609E-3
6.340000E-8	2.002442E-3
6.345000E-8	1.997304E-3
6.350000E-8	1.992165E-3
6.355000E-8	1.971610E-3
6.360000E-8	1.925361E-3
6.365000E-8	1.860269E-3
6.370000E-8	1.772910E-3
6.375000E-8	1.629022E-3
6.380000E-8	1.442312E-3
6.385000E-8	1.247036E-3
6.390000E-8	1.046621E-3
6.395000E-8	8.513451E-4
6.400000E-8	6.920410E-4
6.405000E-8	5.704216E-4
6.410000E-8	4.796352E-4
6.415000E-8	4.453759E-4
6.420000E-8	4.590791E-4
6.425000E-8	5.053284E-4
6.430000E-8	6.235215E-4
6.435000E-8	8.273619E-4
6.440000E-8	1.048332E-3
6.445000E-8	1.272728E-3
6.450000E-8	1.517680E-3
6.455000E-8	1.757492E-3
6.460000E-8	1.937352E-3
6.465000E-8	2.065823E-3
6.470000E-8	2.117211E-3
6.475000E-8	2.062397E-3
6.480000E-8	1.957907E-3
6.485000E-8	1.863695E-3
6.490000E-8	1.733511E-3
6.495000E-8	1.560504E-3
6.500000E-8	1.402913E-3
6.505000E-8	1.245322E-3
6.510000E-8	1.055185E-3
6.515000E-8	8.753256E-4
6.520000E-8	7.622712E-4
6.525000E-8	6.937535E-4
6.530000E-8	6.612077E-4
6.535000E-8	6.851891E-4
6.540000E-8	7.502811E-4
6.545000E-8	8.581968E-4
6.550000E-8	1.020927E-3
6.555000E-8	1.219628E-3
6.560000E-8	1.418330E-3
6.565000E-8	1.622170E-3
6.570000E-8	1.829437E-3
6.575000E-8	2.009296E-3
6.580000E-8	2.156609E-3
6.585000E-8	2.278228E-3
6.590000E-8	2.370727E-3
6.595000E-8	2.444384E-3
6.600000E-8	2.512902E-3
6.605000E-8	2.540309E-3
6.610000E-8	2.483782E-3
6.615000E-8	2.394709E-3
6.620000E-8	2.326191E-3
6.625000E-8	2.228553E-3
6.630000E-8	2.079527E-3
6.635000E-8	1.937353E-3
6.640000E-8	1.832863E-3
6.645000E-8	1.714670E-3
6.650000E-8	1.555366E-3
6.655000E-8	1.401201E-3
6.660000E-8	1.284720E-3
6.665000E-8	1.205925E-3
6.670000E-8	1.145972E-3
6.675000E-8	1.099722E-3
6.680000E-8	1.079166E-3
6.685000E-8	1.104860E-3
6.690000E-8	1.149397E-3
6.695000E-8	1.197359E-3
6.700000E-8	1.286432E-3
6.705000E-8	1.397774E-3
6.710000E-8	1.490273E-3
6.715000E-8	1.562216E-3
6.720000E-8	1.647864E-3
6.725000E-8	1.747214E-3
6.730000E-8	1.855130E-3
6.735000E-8	1.992165E-3
6.740000E-8	2.134340E-3
6.745000E-8	2.267950E-3
6.750000E-8	2.401560E-3
6.755000E-8	2.530031E-3
6.760000E-8	2.608827E-3
6.765000E-8	2.637947E-3
6.770000E-8	2.631096E-3
6.775000E-8	2.584847E-3
6.780000E-8	2.473506E-3
6.785000E-8	2.312489E-3
6.790000E-8	2.113788E-3
6.795000E-8	1.882540E-3
6.800000E-8	1.629024E-3
6.805000E-8	1.370369E-3
6.810000E-8	1.137408E-3
6.815000E-8	9.661131E-4
6.820000E-8	8.530583E-4
6.825000E-8	8.102344E-4
6.830000E-8	8.564837E-4
6.835000E-8	9.815286E-4
6.840000E-8	1.145971E-3
6.845000E-8	1.339534E-3
6.850000E-8	1.582772E-3
6.855000E-8	1.841427E-3
6.860000E-8	2.079527E-3
6.865000E-8	2.262812E-3
6.870000E-8	2.375867E-3
6.875000E-8	2.439246E-3
6.880000E-8	2.459801E-3
6.885000E-8	2.420403E-3
6.890000E-8	2.343321E-3
6.895000E-8	2.247396E-3
6.900000E-8	2.124063E-3
6.905000E-8	1.975037E-3
6.910000E-8	1.838001E-3
6.915000E-8	1.726660E-3
6.920000E-8	1.622170E-3
6.925000E-8	1.546800E-3
6.930000E-8	1.495412E-3
6.935000E-8	1.468005E-3
6.940000E-8	1.474856E-3
6.945000E-8	1.498838E-3
6.950000E-8	1.514254E-3
6.955000E-8	1.546800E-3
6.960000E-8	1.593050E-3
6.965000E-8	1.627309E-3
6.970000E-8	1.654716E-3
6.975000E-8	1.692400E-3
6.980000E-8	1.704391E-3
6.985000E-8	1.707817E-3
6.990000E-8	1.748928E-3
6.995000E-8	1.802029E-3
7.000000E-8	1.841427E-3
7.005000E-8	1.891102E-3
7.010000E-8	1.935639E-3
7.015000E-8	1.937352E-3
7.020000E-8	1.937352E-3
7.025000E-8	1.939065E-3
7.030000E-8	1.863696E-3
7.035000E-8	1.735225E-3
7.040000E-8	1.627309E-3
7.045000E-8	1.497125E-3
7.050000E-8	1.300136E-3
7.055000E-8	1.115137E-3
7.060000E-8	9.661109E-4
7.065000E-8	8.187975E-4
7.070000E-8	6.954653E-4
7.075000E-8	6.355122E-4
7.080000E-8	6.132439E-4
7.085000E-8	6.475029E-4
7.090000E-8	7.348633E-4
7.095000E-8	8.393532E-4
7.100000E-8	9.575466E-4
7.105000E-8	1.123702E-3
7.110000E-8	1.322404E-3
7.115000E-8	1.521106E-3
7.120000E-8	1.721521E-3
7.125000E-8	1.923649E-3
7.130000E-8	2.113786E-3
7.135000E-8	2.298784E-3
7.140000E-8	2.473504E-3
7.145000E-8	2.600262E-3
7.150000E-8	2.672206E-3
7.155000E-8	2.713317E-3
7.160000E-8	2.728733E-3
7.165000E-8	2.706465E-3
7.170000E-8	2.646512E-3
7.175000E-8	2.559152E-3
7.180000E-8	2.456376E-3
7.185000E-8	2.327905E-3
7.190000E-8	2.184018E-3
7.195000E-8	2.072676E-3
7.200000E-8	1.997307E-3
7.205000E-8	1.913372E-3
7.210000E-8	1.838002E-3
7.215000E-8	1.812308E-3
7.220000E-8	1.817447E-3
7.225000E-8	1.800317E-3
7.230000E-8	1.769484E-3
7.235000E-8	1.755780E-3
7.240000E-8	1.759205E-3
7.245000E-8	1.772909E-3
7.250000E-8	1.779761E-3
7.255000E-8	1.771196E-3
7.260000E-8	1.748928E-3
7.265000E-8	1.714669E-3
7.270000E-8	1.666706E-3
7.275000E-8	1.605040E-3
7.280000E-8	1.557078E-3
7.285000E-8	1.531384E-3
7.290000E-8	1.502264E-3
7.295000E-8	1.493699E-3
7.300000E-8	1.519394E-3
7.305000E-8	1.563930E-3
7.310000E-8	1.596476E-3
7.315000E-8	1.637587E-3
7.320000E-8	1.718095E-3
7.325000E-8	1.805456E-3
7.330000E-8	1.855131E-3
7.335000E-8	1.894529E-3
7.340000E-8	1.933926E-3
7.345000E-8	1.925362E-3
7.350000E-8	1.863695E-3
7.355000E-8	1.795177E-3
7.360000E-8	1.754067E-3
7.365000E-8	1.726659E-3
7.370000E-8	1.731798E-3
7.375000E-8	1.793464E-3
7.380000E-8	1.901380E-3
7.385000E-8	2.040128E-3
7.390000E-8	2.199432E-3
7.395000E-8	2.360449E-3
7.400000E-8	2.514614E-3
7.405000E-8	2.651650E-3
7.410000E-8	2.754427E-3
7.415000E-8	2.810954E-3
7.420000E-8	2.824658E-3
7.425000E-8	2.769844E-3
7.430000E-8	2.644799E-3
7.435000E-8	2.480356E-3
7.440000E-8	2.300497E-3
7.445000E-8	2.079527E-3
7.450000E-8	1.838002E-3
7.455000E-8	1.627310E-3
7.460000E-8	1.459441E-3
7.465000E-8	1.303563E-3
7.470000E-8	1.166527E-3
7.475000E-8	1.063750E-3
7.480000E-8	9.883803E-4
7.485000E-8	9.318529E-4
7.490000E-8	9.318527E-4
7.495000E-8	9.986575E-4
7.500000E-8	1.111712E-3
7.505000E-8	1.245322E-3
7.510000E-8	1.401200E-3
7.515000E-8	1.577633E-3
7.520000E-8	1.762632E-3
7.525000E-8	1.930501E-3
7.530000E-8	2.041842E-3
7.535000E-8	2.091518E-3
7.540000E-8	2.088092E-3
7.545000E-8	2.021287E-3
7.550000E-8	1.892816E-3
7.555000E-8	1.736938E-3
7.560000E-8	1.550227E-3
7.565000E-8	1.320692E-3
7.570000E-8	1.087732E-3
7.575000E-8	8.941686E-4
7.580000E-8	7.468551E-4
7.585000E-8	6.594948E-4
7.590000E-8	6.731982E-4
7.595000E-8	7.794008E-4
7.600000E-8	9.181493E-4
7.605000E-8	1.077453E-3
7.610000E-8	1.271016E-3
7.615000E-8	1.476570E-3
7.620000E-8	1.647864E-3
7.625000E-8	1.784900E-3
7.630000E-8	1.911658E-3
7.635000E-8	2.028138E-3
7.640000E-8	2.105221E-3
7.645000E-8	2.124064E-3
7.650000E-8	2.113786E-3
7.655000E-8	2.089805E-3
7.660000E-8	2.036703E-3
7.665000E-8	1.964760E-3
7.670000E-8	1.911658E-3
7.675000E-8	1.867122E-3
7.680000E-8	1.793465E-3
7.685000E-8	1.714670E-3
7.690000E-8	1.632448E-3
7.695000E-8	1.519394E-3
7.700000E-8	1.390923E-3
7.705000E-8	1.265878E-3
7.710000E-8	1.123703E-3
7.715000E-8	9.695380E-4
7.720000E-8	8.616223E-4
7.725000E-8	7.948174E-4
7.730000E-8	7.502808E-4
7.735000E-8	7.605584E-4
7.740000E-8	8.290762E-4
7.745000E-8	9.232881E-4
7.750000E-8	1.048333E-3
7.755000E-8	1.238470E-3
7.760000E-8	1.444023E-3
7.765000E-8	1.615318E-3
7.770000E-8	1.769483E-3
7.775000E-8	1.930500E-3
7.780000E-8	2.070961E-3
7.785000E-8	2.149757E-3
7.790000E-8	2.172025E-3
7.795000E-8	2.168599E-3
7.800000E-8	2.134341E-3
7.805000E-8	2.057258E-3
7.810000E-8	1.954481E-3
7.815000E-8	1.875686E-3
7.820000E-8	1.853418E-3
7.825000E-8	1.855131E-3
7.830000E-8	1.829437E-3
7.835000E-8	1.820872E-3
7.840000E-8	1.849992E-3
7.845000E-8	1.858557E-3
7.850000E-8	1.826011E-3
7.855000E-8	1.795178E-3
7.860000E-8	1.791752E-3
7.865000E-8	1.754067E-3
7.870000E-8	1.654717E-3
7.875000E-8	1.538236E-3
7.880000E-8	1.430320E-3
7.885000E-8	1.294998E-3
7.890000E-8	1.163101E-3
7.895000E-8	1.067175E-3
7.900000E-8	1.026064E-3
7.905000E-8	1.044907E-3
7.910000E-8	1.125415E-3
7.915000E-8	1.250460E-3
7.920000E-8	1.397774E-3
7.925000E-8	1.567355E-3
7.930000E-8	1.735224E-3
7.935000E-8	1.885963E-3
7.940000E-8	2.045268E-3
7.945000E-8	2.199433E-3
7.950000E-8	2.290219E-3
7.955000E-8	2.326191E-3
7.960000E-8	2.312488E-3
7.965000E-8	2.228553E-3
7.970000E-8	2.093230E-3
7.975000E-8	1.939065E-3
7.980000E-8	1.769484E-3
7.985000E-8	1.593050E-3
7.990000E-8	1.440598E-3
7.995000E-8	1.341247E-3
8.000000E-8	1.293284E-3
8.005000E-8	1.283007E-3
8.010000E-8	1.296710E-3
8.015000E-8	1.325830E-3
8.020000E-8	1.368654E-3
8.025000E-8	1.409765E-3
8.030000E-8	1.442311E-3
8.035000E-8	1.495412E-3
8.040000E-8	1.562217E-3
8.045000E-8	1.625596E-3
8.050000E-8	1.685549E-3
8.055000E-8	1.764344E-3
8.060000E-8	1.853418E-3
8.065000E-8	1.945917E-3
8.070000E-8	2.034990E-3
8.075000E-8	2.096657E-3
8.080000E-8	2.132629E-3
8.085000E-8	2.144619E-3
8.090000E-8	2.091518E-3
8.095000E-8	1.985315E-3
8.100000E-8	1.853418E-3
8.105000E-8	1.666707E-3
8.110000E-8	1.409765E-3
8.115000E-8	1.149397E-3
8.120000E-8	9.181494E-4
8.125000E-8	7.143086E-4
8.130000E-8	5.789857E-4
8.135000E-8	5.344490E-4
8.140000E-8	5.515784E-4
8.145000E-8	6.457905E-4
8.150000E-8	8.187981E-4
8.155000E-8	1.008935E-3
8.160000E-8	1.199072E-3
8.165000E-8	1.396061E-3
8.170000E-8	1.572495E-3
8.175000E-8	1.704391E-3
8.180000E-8	1.812307E-3
8.185000E-8	1.875686E-3
8.190000E-8	1.882538E-3
8.195000E-8	1.846566E-3
8.200000E-8	1.781474E-3
8.205000E-8	1.692401E-3
8.210000E-8	1.617031E-3
8.215000E-8	1.606754E-3
8.220000E-8	1.654716E-3
8.225000E-8	1.723234E-3
8.230000E-8	1.817447E-3
8.235000E-8	1.945918E-3
8.240000E-8	2.074389E-3
8.245000E-8	2.146332E-3
8.250000E-8	2.173739E-3
8.255000E-8	2.192582E-3
8.260000E-8	2.209711E-3
8.265000E-8	2.214850E-3
8.270000E-8	2.211424E-3
8.275000E-8	2.187443E-3
8.280000E-8	2.139481E-3
8.285000E-8	2.101796E-3
8.290000E-8	2.086379E-3
8.295000E-8	2.093231E-3
8.300000E-8	2.115499E-3
8.305000E-8	2.161749E-3
8.310000E-8	2.218276E-3
8.315000E-8	2.281655E-3
8.320000E-8	2.355311E-3
8.325000E-8	2.410125E-3
8.330000E-8	2.444384E-3
8.335000E-8	2.475217E-3
8.340000E-8	2.497485E-3
8.345000E-8	2.466652E-3
8.350000E-8	2.413551E-3
8.355000E-8	2.381005E-3
8.360000E-8	2.353598E-3
8.365000E-8	2.298784E-3
8.370000E-8	2.207998E-3
8.375000E-8	2.096656E-3
8.380000E-8	1.981889E-3
8.385000E-8	1.865408E-3
8.390000E-8	1.738651E-3
8.395000E-8	1.630735E-3
8.400000E-8	1.550227E-3
8.405000E-8	1.474857E-3
8.410000E-8	1.409765E-3
8.415000E-8	1.387497E-3
8.420000E-8	1.421756E-3
8.425000E-8	1.452589E-3
8.430000E-8	1.469718E-3
8.435000E-8	1.502264E-3
8.440000E-8	1.567356E-3
8.445000E-8	1.644438E-3
8.450000E-8	1.699252E-3
8.455000E-8	1.709530E-3
8.460000E-8	1.712956E-3
8.465000E-8	1.742076E-3
8.470000E-8	1.769483E-3
8.475000E-8	1.771196E-3
8.480000E-8	1.774621E-3
8.485000E-8	1.795177E-3
8.490000E-8	1.812306E-3
8.495000E-8	1.836288E-3
8.500000E-8	1.885964E-3
8.505000E-8	1.942491E-3
8.510000E-8	1.968185E-3
8.515000E-8	1.978463E-3
8.520000E-8	1.983602E-3
8.525000E-8	1.956195E-3
8.530000E-8	1.875686E-3
8.535000E-8	1.772909E-3
8.540000E-8	1.675271E-3
8.545000E-8	1.574207E-3
8.550000E-8	1.468004E-3
8.555000E-8	1.399486E-3
8.560000E-8	1.372079E-3
8.565000E-8	1.353237E-3
8.570000E-8	1.332681E-3
8.575000E-8	1.329255E-3
8.580000E-8	1.358375E-3
8.585000E-8	1.425180E-3
8.590000E-8	1.481708E-3
8.595000E-8	1.512541E-3
8.600000E-8	1.541661E-3
8.605000E-8	1.577633E-3
8.610000E-8	1.593049E-3
8.615000E-8	1.594762E-3
8.620000E-8	1.606753E-3
8.625000E-8	1.622170E-3
8.630000E-8	1.635873E-3
8.635000E-8	1.678697E-3
8.640000E-8	1.724946E-3
8.645000E-8	1.748927E-3
8.650000E-8	1.778047E-3
8.655000E-8	1.803742E-3
8.660000E-8	1.790038E-3
8.665000E-8	1.754066E-3
8.670000E-8	1.712955E-3
8.675000E-8	1.649576E-3
8.680000E-8	1.574206E-3
8.685000E-8	1.522818E-3
8.690000E-8	1.481708E-3
8.695000E-8	1.426893E-3
8.700000E-8	1.368653E-3
8.705000E-8	1.301849E-3
8.710000E-8	1.216202E-3
8.715000E-8	1.156249E-3
8.720000E-8	1.106573E-3
8.725000E-8	1.014074E-3
8.730000E-8	9.181495E-4
8.735000E-8	8.736128E-4
8.740000E-8	8.290760E-4
8.745000E-8	7.913911E-4
8.750000E-8	7.999556E-4
8.755000E-8	8.359273E-4
8.760000E-8	8.941674E-4
8.765000E-8	1.014073E-3
8.770000E-8	1.164813E-3
8.775000E-8	1.300136E-3
8.780000E-8	1.440597E-3
8.785000E-8	1.591337E-3
8.790000E-8	1.671845E-3
8.795000E-8	1.694114E-3
8.800000E-8	1.704391E-3
8.805000E-8	1.683836E-3
8.810000E-8	1.603328E-3
8.815000E-8	1.498838E-3
8.820000E-8	1.425181E-3
8.825000E-8	1.370367E-3
8.830000E-8	1.336108E-3
8.835000E-8	1.346386E-3
8.840000E-8	1.399487E-3
8.845000E-8	1.483421E-3
8.850000E-8	1.569068E-3
8.855000E-8	1.653003E-3
8.860000E-8	1.742076E-3
8.865000E-8	1.819158E-3
8.870000E-8	1.867120E-3
8.875000E-8	1.913370E-3
8.880000E-8	1.947628E-3
8.885000E-8	1.932212E-3
8.890000E-8	1.891101E-3
8.895000E-8	1.863694E-3
8.900000E-8	1.848278E-3
8.905000E-8	1.829435E-3
8.910000E-8	1.814019E-3
8.915000E-8	1.814019E-3
8.920000E-8	1.824297E-3
8.925000E-8	1.820871E-3
8.930000E-8	1.784899E-3
8.935000E-8	1.743789E-3
8.940000E-8	1.730085E-3
8.945000E-8	1.719807E-3
8.950000E-8	1.682123E-3
8.955000E-8	1.641012E-3
8.960000E-8	1.615317E-3
8.965000E-8	1.605040E-3
8.970000E-8	1.594762E-3
8.975000E-8	1.593049E-3
8.980000E-8	1.594762E-3
8.985000E-8	1.586197E-3
8.990000E-8	1.548513E-3
8.995000E-8	1.485134E-3
9.000000E-8	1.401199E-3
9.005000E-8	1.291571E-3
9.010000E-8	1.140832E-3
9.015000E-8	9.883797E-4
9.020000E-8	8.462053E-4
9.025000E-8	7.194474E-4
9.030000E-8	6.166706E-4
9.035000E-8	5.755599E-4
9.040000E-8	6.166706E-4
9.045000E-8	7.382897E-4
9.050000E-8	8.993065E-4
9.055000E-8	1.072314E-3
9.060000E-8	1.276154E-3
9.065000E-8	1.522818E-3
9.070000E-8	1.748927E-3
9.075000E-8	1.885963E-3
9.080000E-8	1.971610E-3
9.085000E-8	2.045266E-3
9.090000E-8	2.046979E-3
9.095000E-8	1.949341E-3
9.100000E-8	1.826009E-3
9.105000E-8	1.707815E-3
9.110000E-8	1.570780E-3
9.115000E-8	1.421753E-3
9.120000E-8	1.330967E-3
9.125000E-8	1.294995E-3
9.130000E-8	1.277866E-3
9.135000E-8	1.291570E-3
9.140000E-8	1.358375E-3
9.145000E-8	1.435458E-3
9.150000E-8	1.479994E-3
9.155000E-8	1.498837E-3
9.160000E-8	1.493698E-3
9.165000E-8	1.454300E-3
9.170000E-8	1.389208E-3
9.175000E-8	1.318977E-3
9.180000E-8	1.240182E-3
9.185000E-8	1.161386E-3
9.190000E-8	1.108285E-3
9.195000E-8	1.091155E-3
9.200000E-8	1.125414E-3
9.205000E-8	1.223052E-3
9.210000E-8	1.332681E-3
9.215000E-8	1.432032E-3
9.220000E-8	1.551938E-3
9.225000E-8	1.690687E-3
9.230000E-8	1.800316E-3
9.235000E-8	1.865408E-3
9.240000E-8	1.868834E-3
9.245000E-8	1.802029E-3
9.250000E-8	1.692400E-3
9.255000E-8	1.563929E-3
9.260000E-8	1.378931E-3
9.265000E-8	1.137405E-3
9.270000E-8	9.147219E-4
9.275000E-8	7.519920E-4
9.280000E-8	6.355116E-4
9.285000E-8	5.584291E-4
9.290000E-8	5.447255E-4
9.295000E-8	5.961140E-4
9.300000E-8	7.160204E-4
9.305000E-8	8.753244E-4
9.310000E-8	1.036341E-3
9.315000E-8	1.216201E-3
9.320000E-8	1.414903E-3
9.325000E-8	1.589623E-3
9.330000E-8	1.742075E-3
9.335000E-8	1.872259E-3
9.340000E-8	1.949342E-3
9.345000E-8	1.963046E-3
9.350000E-8	1.957907E-3
9.355000E-8	1.916796E-3
9.360000E-8	1.819158E-3
9.365000E-8	1.712956E-3
9.370000E-8	1.615318E-3
9.375000E-8	1.493699E-3
9.380000E-8	1.370366E-3
9.385000E-8	1.294997E-3
9.390000E-8	1.255599E-3
9.395000E-8	1.233330E-3
9.400000E-8	1.255598E-3
9.405000E-8	1.325829E-3
9.410000E-8	1.409763E-3
9.415000E-8	1.495410E-3
9.420000E-8	1.574206E-3
9.425000E-8	1.649575E-3
9.430000E-8	1.724945E-3
9.435000E-8	1.778046E-3
9.440000E-8	1.800315E-3
9.445000E-8	1.798602E-3
9.450000E-8	1.774621E-3
9.455000E-8	1.721519E-3
9.460000E-8	1.649576E-3
9.465000E-8	1.543373E-3
9.470000E-8	1.423467E-3
9.475000E-8	1.325829E-3
9.480000E-8	1.257311E-3
9.485000E-8	1.204210E-3
9.490000E-8	1.188794E-3
9.495000E-8	1.231617E-3
9.500000E-8	1.306987E-3
9.505000E-8	1.396060E-3
9.510000E-8	1.500550E-3
9.515000E-8	1.603327E-3
9.520000E-8	1.700965E-3
9.525000E-8	1.798603E-3
9.530000E-8	1.897954E-3
9.535000E-8	1.992167E-3
9.540000E-8	2.077814E-3
9.545000E-8	2.146332E-3
9.550000E-8	2.178878E-3
9.555000E-8	2.172027E-3
9.560000E-8	2.172027E-3
9.565000E-8	2.187443E-3
9.570000E-8	2.149758E-3
9.575000E-8	2.055546E-3
9.580000E-8	1.980176E-3
9.585000E-8	1.916797E-3
9.590000E-8	1.803742E-3
9.595000E-8	1.685549E-3
9.600000E-8	1.632447E-3
9.605000E-8	1.599901E-3
9.610000E-8	1.543373E-3
9.615000E-8	1.515966E-3
9.620000E-8	1.546799E-3
9.625000E-8	1.591336E-3
9.630000E-8	1.644438E-3
9.635000E-8	1.740363E-3
9.640000E-8	1.827723E-3
9.645000E-8	1.868834E-3
9.650000E-8	1.899667E-3
9.655000E-8	1.930500E-3
9.660000E-8	1.927074E-3
9.665000E-8	1.887677E-3
9.670000E-8	1.832862E-3
9.675000E-8	1.786613E-3
9.680000E-8	1.733511E-3
9.685000E-8	1.661567E-3
9.690000E-8	1.581059E-3
9.695000E-8	1.536522E-3
9.700000E-8	1.514254E-3
9.705000E-8	1.461153E-3
9.710000E-8	1.394348E-3
9.715000E-8	1.375506E-3
9.720000E-8	1.392635E-3
9.725000E-8	1.401200E-3
9.730000E-8	1.423468E-3
9.735000E-8	1.462866E-3
9.740000E-8	1.493699E-3
9.745000E-8	1.526245E-3
9.750000E-8	1.575920E-3
9.755000E-8	1.618744E-3
9.760000E-8	1.632447E-3
9.765000E-8	1.627308E-3
9.770000E-8	1.599901E-3
9.775000E-8	1.560503E-3
9.780000E-8	1.524531E-3
9.785000E-8	1.497124E-3
9.790000E-8	1.447449E-3
9.795000E-8	1.399486E-3
9.800000E-8	1.390922E-3
9.805000E-8	1.416616E-3
9.810000E-8	1.447449E-3
9.815000E-8	1.497124E-3
9.820000E-8	1.565642E-3
9.825000E-8	1.649577E-3
9.830000E-8	1.740363E-3
9.835000E-8	1.832862E-3
9.840000E-8	1.897954E-3
9.845000E-8	1.904806E-3
9.850000E-8	1.851705E-3
9.855000E-8	1.781474E-3
9.860000E-8	1.700965E-3
9.865000E-8	1.591337E-3
9.870000E-8	1.459440E-3
9.875000E-8	1.370366E-3
9.880000E-8	1.334394E-3
9.885000E-8	1.303561E-3
9.890000E-8	1.274441E-3
9.895000E-8	1.271015E-3
9.900000E-8	1.298422E-3
9.905000E-8	1.339533E-3
9.910000E-8	1.402912E-3
9.915000E-8	1.490272E-3
9.920000E-8	1.577633E-3
9.925000E-8	1.656429E-3
9.930000E-8	1.724947E-3
9.935000E-8	1.754067E-3
9.940000E-8	1.747215E-3
9.945000E-8	1.740363E-3
9.950000E-8	1.750641E-3
9.955000E-8	1.766057E-3
9.960000E-8	1.774622E-3
9.965000E-8	1.784900E-3
9.970000E-8	1.793464E-3
9.975000E-8	1.808881E-3
9.980000E-8	1.844852E-3
9.985000E-8	1.873972E-3
9.990000E-8	1.870546E-3
9.995000E-8	1.867120E-3
1.000000E-7	1.870546E-3
1.000500E-7	1.851704E-3
1.001000E-7	1.810593E-3
1.001500E-7	1.791751E-3
1.002000E-7	1.766057E-3
1.002500E-7	1.747215E-3
1.003000E-7	1.757492E-3
1.003500E-7	1.774622E-3
1.004000E-7	1.755780E-3
1.004500E-7	1.740363E-3
1.005000E-7	1.752354E-3
1.005500E-7	1.742076E-3
1.006000E-7	1.707817E-3
1.006500E-7	1.682123E-3
1.007000E-7	1.635873E-3
1.007500E-7	1.570781E-3
1.008000E-7	1.531383E-3
1.008500E-7	1.521105E-3
1.009000E-7	1.507402E-3
1.009500E-7	1.502263E-3
1.010000E-7	1.529670E-3
1.010500E-7	1.550226E-3
1.011000E-7	1.550226E-3
1.011500E-7	1.577633E-3
1.012000E-7	1.629021E-3
1.012500E-7	1.670132E-3
1.013000E-7	1.706104E-3
1.013500E-7	1.738650E-3
1.014000E-7	1.718095E-3
1.014500E-7	1.654715E-3
1.015000E-7	1.617031E-3
1.015500E-7	1.586197E-3
1.016000E-7	1.515966E-3
1.016500E-7	1.423467E-3
1.017000E-7	1.382356E-3
1.017500E-7	1.378931E-3
1.018000E-7	1.368653E-3
1.018500E-7	1.358375E-3
1.019000E-7	1.394347E-3
1.019500E-7	1.457726E-3
1.020000E-7	1.497124E-3
1.020500E-7	1.536522E-3
1.021000E-7	1.581059E-3
1.021500E-7	1.587911E-3
1.022000E-7	1.555365E-3
1.022500E-7	1.529671E-3
1.023000E-7	1.519393E-3
1.023500E-7	1.495412E-3
1.024000E-7	1.474856E-3
1.024500E-7	1.497125E-3
1.025000E-7	1.546800E-3
1.025500E-7	1.594762E-3
1.026000E-7	1.661567E-3
1.026500E-7	1.769483E-3
1.027000E-7	1.889389E-3
1.027500E-7	1.992166E-3
1.028000E-7	2.070961E-3
1.028500E-7	2.110359E-3
1.029000E-7	2.127489E-3
1.029500E-7	2.132627E-3
1.030000E-7	2.108646E-3
1.030500E-7	2.033276E-3
1.031000E-7	1.927074E-3
1.031500E-7	1.812306E-3
1.032000E-7	1.683835E-3
1.032500E-7	1.539948E-3
1.033000E-7	1.377218E-3
1.033500E-7	1.200784E-3
1.034000E-7	1.044906E-3
1.034500E-7	9.455554E-4
1.035000E-7	8.907412E-4
1.035500E-7	8.804636E-4
1.036000E-7	9.369908E-4
1.036500E-7	1.031203E-3
1.037000E-7	1.125415E-3
1.037500E-7	1.247034E-3
1.038000E-7	1.420041E-3
1.038500E-7	1.587910E-3
1.039000E-7	1.721520E-3
1.039500E-7	1.844852E-3
1.040000E-7	1.942490E-3
1.040500E-7	1.968185E-3
1.041000E-7	1.937352E-3
1.041500E-7	1.875686E-3
1.042000E-7	1.781474E-3
1.042500E-7	1.680410E-3
1.043000E-7	1.618744E-3
1.043500E-7	1.596476E-3
1.044000E-7	1.572494E-3
1.044500E-7	1.534810E-3
1.045000E-7	1.502264E-3
1.045500E-7	1.497125E-3
1.046000E-7	1.534809E-3
1.046500E-7	1.581059E-3
1.047000E-7	1.591336E-3
1.047500E-7	1.581059E-3
1.048000E-7	1.582771E-3
1.048500E-7	1.574206E-3
1.049000E-7	1.536521E-3
1.049500E-7	1.529670E-3
1.050000E-7	1.565641E-3
1.050500E-7	1.574206E-3
1.051000E-7	1.539947E-3
1.051500E-7	1.514253E-3
1.052000E-7	1.517679E-3
1.052500E-7	1.488560E-3
1.053000E-7	1.430320E-3
1.053500E-7	1.389209E-3
1.054000E-7	1.360089E-3
1.054500E-7	1.305275E-3
1.055000E-7	1.252174E-3
1.055500E-7	1.241896E-3
1.056000E-7	1.241896E-3
1.056500E-7	1.241896E-3
1.057000E-7	1.277867E-3
1.057500E-7	1.348098E-3
1.058000E-7	1.411477E-3
1.058500E-7	1.452588E-3
1.059000E-7	1.512541E-3
1.059500E-7	1.608465E-3
1.060000E-7	1.716381E-3
1.060500E-7	1.815732E-3
1.061000E-7	1.896241E-3
1.061500E-7	1.963046E-3
1.062000E-7	1.999018E-3
1.062500E-7	1.992166E-3
1.063000E-7	1.939065E-3
1.063500E-7	1.884250E-3
1.064000E-7	1.814020E-3
1.064500E-7	1.707817E-3
1.065000E-7	1.584485E-3
1.065500E-7	1.479995E-3
1.066000E-7	1.382357E-3
1.066500E-7	1.284719E-3
1.067000E-7	1.252172E-3
1.067500E-7	1.301848E-3
1.068000E-7	1.382356E-3
1.068500E-7	1.474855E-3
1.069000E-7	1.613604E-3
1.069500E-7	1.784899E-3
1.070000E-7	1.935638E-3
1.070500E-7	2.064109E-3
1.071000E-7	2.187442E-3
1.071500E-7	2.297070E-3
1.072000E-7	2.360450E-3
1.072500E-7	2.360450E-3
1.073000E-7	2.298784E-3
1.073500E-7	2.207998E-3
1.074000E-7	2.098369E-3
1.074500E-7	1.964759E-3
1.075000E-7	1.803742E-3
1.075500E-7	1.647864E-3
1.076000E-7	1.507402E-3
1.076500E-7	1.378931E-3
1.077000E-7	1.269302E-3
1.077500E-7	1.212775E-3
1.078000E-7	1.199071E-3
1.078500E-7	1.199071E-3
1.079000E-7	1.228191E-3
1.079500E-7	1.318978E-3
1.080000E-7	1.437171E-3
1.080500E-7	1.541661E-3
1.081000E-7	1.635873E-3
1.081500E-7	1.760918E-3
1.082000E-7	1.891103E-3
1.082500E-7	1.980176E-3
1.083000E-7	2.040129E-3
1.083500E-7	2.082953E-3
1.084000E-7	2.091517E-3
1.084500E-7	2.045268E-3
1.085000E-7	1.956194E-3
1.085500E-7	1.860269E-3
1.086000E-7	1.767770E-3
1.086500E-7	1.676984E-3
1.087000E-7	1.587910E-3
1.087500E-7	1.503976E-3
1.088000E-7	1.432032E-3
1.088500E-7	1.378931E-3
1.089000E-7	1.342959E-3
1.089500E-7	1.329255E-3
1.090000E-7	1.334394E-3
1.090500E-7	1.346385E-3
1.091000E-7	1.368653E-3
1.091500E-7	1.413190E-3
1.092000E-7	1.473143E-3
1.092500E-7	1.538236E-3
1.093000E-7	1.575920E-3
1.093500E-7	1.605041E-3
1.094000E-7	1.644438E-3
1.094500E-7	1.673558E-3
1.095000E-7	1.683836E-3
1.095500E-7	1.697540E-3
1.096000E-7	1.733511E-3
1.096500E-7	1.755780E-3
1.097000E-7	1.748928E-3
1.097500E-7	1.731798E-3
1.098000E-7	1.697539E-3
1.098500E-7	1.622169E-3
1.099000E-7	1.565642E-3
1.099500E-7	1.563929E-3
1.100000E-7	1.558790E-3
1.100500E-7	1.490272E-3
1.101000E-7	1.416615E-3
1.101500E-7	1.399486E-3
1.102000E-7	1.384069E-3
1.102500E-7	1.351523E-3
1.103000E-7	1.365227E-3
1.103500E-7	1.464578E-3
1.104000E-7	1.586198E-3
1.104500E-7	1.678697E-3
1.105000E-7	1.769483E-3
1.105500E-7	1.865408E-3
1.106000E-7	1.947630E-3
1.106500E-7	2.017861E-3
1.107000E-7	2.053833E-3
1.107500E-7	2.038416E-3
1.108000E-7	1.990453E-3
1.108500E-7	1.916796E-3
1.109000E-7	1.803742E-3
1.109500E-7	1.663280E-3
1.110000E-7	1.522818E-3
1.110500E-7	1.382357E-3
1.111000E-7	1.252173E-3
1.111500E-7	1.166526E-3
1.112000E-7	1.120276E-3
1.112500E-7	1.082592E-3
1.113000E-7	1.072314E-3
1.113500E-7	1.108286E-3
1.114000E-7	1.149397E-3
1.114500E-7	1.187081E-3
1.115000E-7	1.241896E-3
1.115500E-7	1.305274E-3
1.116000E-7	1.363514E-3
1.116500E-7	1.413189E-3
1.117000E-7	1.440596E-3
1.117500E-7	1.445735E-3
1.118000E-7	1.464577E-3
1.118500E-7	1.510826E-3
1.119000E-7	1.562215E-3
1.119500E-7	1.629020E-3
1.120000E-7	1.712955E-3
1.120500E-7	1.786612E-3
1.121000E-7	1.839713E-3
1.121500E-7	1.880824E-3
1.122000E-7	1.894528E-3
1.122500E-7	1.879111E-3
1.123000E-7	1.849991E-3
1.123500E-7	1.822584E-3
1.124000E-7	1.791751E-3
1.124500E-7	1.764344E-3
1.125000E-7	1.762631E-3
1.125500E-7	1.781473E-3
1.126000E-7	1.815732E-3
1.126500E-7	1.879111E-3
1.127000E-7	1.988739E-3
1.127500E-7	2.118923E-3
1.128000E-7	2.250820E-3
1.128500E-7	2.382717E-3
1.129000E-7	2.519753E-3
1.129500E-7	2.619104E-3
1.130000E-7	2.656788E-3
1.130500E-7	2.619104E-3
1.131000E-7	2.523179E-3
1.131500E-7	2.375865E-3
1.132000E-7	2.201145E-3
1.132500E-7	2.005869E-3
1.133000E-7	1.810593E-3
1.133500E-7	1.630734E-3
1.134000E-7	1.485133E-3
1.134500E-7	1.370366E-3
1.135000E-7	1.288145E-3
1.135500E-7	1.235044E-3
1.136000E-7	1.212776E-3
1.136500E-7	1.214489E-3
1.137000E-7	1.229905E-3
1.137500E-7	1.231618E-3
1.138000E-7	1.212776E-3
1.138500E-7	1.173378E-3
1.139000E-7	1.135693E-3
1.139500E-7	1.103147E-3
1.140000E-7	1.051758E-3
1.140500E-7	9.900919E-4
1.141000E-7	9.626847E-4
1.141500E-7	9.798140E-4
1.142000E-7	1.005508E-3
1.142500E-7	1.048332E-3
1.143000E-7	1.130553E-3
1.143500E-7	1.224765E-3
1.144000E-7	1.312126E-3
1.144500E-7	1.385782E-3
1.145000E-7	1.423467E-3
1.145500E-7	1.421754E-3
1.146000E-7	1.394347E-3
1.146500E-7	1.336107E-3
1.147000E-7	1.247034E-3
1.147500E-7	1.132266E-3
1.148000E-7	1.000369E-3
1.148500E-7	8.736108E-4
1.149000E-7	7.879633E-4
1.149500E-7	7.331489E-4
1.150000E-7	7.091677E-4
1.150500E-7	7.280102E-4
1.151000E-7	8.119447E-4
1.151500E-7	9.284253E-4
1.152000E-7	1.075739E-3
1.152500E-7	1.219627E-3
1.153000E-7	1.334395E-3
1.153500E-7	1.426894E-3
1.154000E-7	1.526245E-3
1.154500E-7	1.601615E-3
1.155000E-7	1.627309E-3
1.155500E-7	1.613605E-3
1.156000E-7	1.574207E-3
1.156500E-7	1.497125E-3
1.157000E-7	1.425181E-3
1.157500E-7	1.384070E-3
1.158000E-7	1.344672E-3
1.158500E-7	1.293283E-3
1.159000E-7	1.264163E-3
1.159500E-7	1.298422E-3
1.160000E-7	1.372078E-3
1.160500E-7	1.452587E-3
1.161000E-7	1.517679E-3
1.161500E-7	1.577632E-3
1.162000E-7	1.651288E-3
1.162500E-7	1.721519E-3
1.163000E-7	1.784898E-3
1.163500E-7	1.856842E-3
1.164000E-7	1.935638E-3
1.164500E-7	1.997304E-3
1.165000E-7	2.038415E-3
1.165500E-7	2.089803E-3
1.166000E-7	2.125776E-3
1.166500E-7	2.100082E-3
1.167000E-7	2.033277E-3
1.167500E-7	1.959620E-3
1.168000E-7	1.868834E-3
1.168500E-7	1.754067E-3
1.169000E-7	1.659854E-3
1.169500E-7	1.593049E-3
1.170000E-7	1.512541E-3
1.170500E-7	1.444023E-3
1.171000E-7	1.421754E-3
1.171500E-7	1.411477E-3
1.172000E-7	1.389208E-3
1.172500E-7	1.394347E-3
1.173000E-7	1.433745E-3
1.173500E-7	1.462865E-3
1.174000E-7	1.478282E-3
1.174500E-7	1.486847E-3
1.175000E-7	1.456014E-3
1.175500E-7	1.394348E-3
1.176000E-7	1.339533E-3
1.176500E-7	1.288145E-3
1.177000E-7	1.212775E-3
1.177500E-7	1.145970E-3
1.178000E-7	1.132266E-3
1.178500E-7	1.144257E-3
1.179000E-7	1.156247E-3
1.179500E-7	1.169951E-3
1.180000E-7	1.223052E-3
1.180500E-7	1.298421E-3
1.181000E-7	1.377217E-3
1.181500E-7	1.468003E-3
1.182000E-7	1.594761E-3
1.182500E-7	1.740362E-3
1.183000E-7	1.855129E-3
1.183500E-7	1.944203E-3
1.184000E-7	2.026424E-3
1.184500E-7	2.079526E-3
1.185000E-7	2.079526E-3
1.185500E-7	2.050406E-3
1.186000E-7	2.022999E-3
1.186500E-7	1.971610E-3
1.187000E-7	1.872259E-3
1.187500E-7	1.755779E-3
1.188000E-7	1.659854E-3
1.188500E-7	1.586197E-3
1.189000E-7	1.527957E-3
1.189500E-7	1.495411E-3
1.190000E-7	1.488559E-3
1.190500E-7	1.515966E-3
1.191000E-7	1.589623E-3
1.191500E-7	1.700965E-3
1.192000E-7	1.831149E-3
1.192500E-7	1.963046E-3
1.193000E-7	2.089805E-3
1.193500E-7	2.204572E-3
1.194000E-7	2.295358E-3
1.194500E-7	2.357024E-3
1.195000E-7	2.391283E-3
1.195500E-7	2.392996E-3
1.196000E-7	2.351885E-3
1.196500E-7	2.267950E-3
1.197000E-7	2.144618E-3
1.197500E-7	2.011008E-3
1.198000E-7	1.884250E-3
1.198500E-7	1.748927E-3
1.199000E-7	1.618743E-3
1.199500E-7	1.498837E-3
1.200000E-7	1.358375E-3
1.200500E-7	1.205923E-3
1.201000E-7	1.084303E-3
1.201500E-7	1.012360E-3
1.202000E-7	9.781009E-4
1.202500E-7	9.609715E-4
1.203000E-7	9.575456E-4
1.203500E-7	9.746752E-4
1.204000E-7	1.024351E-3
1.204500E-7	1.104859E-3
1.205000E-7	1.205923E-3
1.205500E-7	1.320690E-3
1.206000E-7	1.444023E-3
1.206500E-7	1.539948E-3
1.207000E-7	1.593049E-3
1.207500E-7	1.620456E-3
1.208000E-7	1.622169E-3
1.208500E-7	1.586197E-3
1.209000E-7	1.526244E-3
1.209500E-7	1.459439E-3
1.210000E-7	1.411476E-3
1.210500E-7	1.402911E-3
1.211000E-7	1.413189E-3
1.211500E-7	1.440596E-3
1.212000E-7	1.503975E-3
1.212500E-7	1.574206E-3
1.213000E-7	1.608465E-3
1.213500E-7	1.622169E-3
1.214000E-7	1.635872E-3
1.214500E-7	1.618743E-3
1.215000E-7	1.550225E-3
1.215500E-7	1.452587E-3
1.216000E-7	1.337820E-3
1.216500E-7	1.200784E-3
1.217000E-7	1.062036E-3
1.217500E-7	9.472681E-4
1.218000E-7	8.821761E-4
1.218500E-7	8.753243E-4
1.219000E-7	9.232869E-4
1.219500E-7	1.039767E-3
1.220000E-7	1.207636E-3
1.220500E-7	1.377218E-3
1.221000E-7	1.526244E-3
1.221500E-7	1.651289E-3
1.222000E-7	1.743788E-3
1.222500E-7	1.784899E-3
1.223000E-7	1.760918E-3
1.223500E-7	1.653002E-3
1.224000E-7	1.500550E-3
1.224500E-7	1.353236E-3
1.225000E-7	1.204210E-3
1.225500E-7	1.058609E-3
1.226000E-7	9.678228E-4
1.226500E-7	9.352767E-4
1.227000E-7	9.318507E-4
1.227500E-7	9.883778E-4
1.228000E-7	1.101432E-3
1.228500E-7	1.223051E-3
1.229000E-7	1.349810E-3
1.229500E-7	1.512540E-3
1.230000E-7	1.661566E-3
1.230500E-7	1.769482E-3
1.231000E-7	1.884250E-3
1.231500E-7	1.975036E-3
1.232000E-7	1.997305E-3
1.232500E-7	2.005869E-3
1.233000E-7	2.019573E-3
1.233500E-7	2.009295E-3
1.234000E-7	1.995592E-3
1.234500E-7	2.000731E-3
1.235000E-7	1.990453E-3
1.235500E-7	1.968185E-3
1.236000E-7	1.983601E-3
1.236500E-7	2.011008E-3
1.237000E-7	2.011008E-3
1.237500E-7	2.009295E-3
1.238000E-7	2.038416E-3
1.238500E-7	2.069249E-3
1.239000E-7	2.067536E-3
1.239500E-7	2.014434E-3
1.240000E-7	1.933926E-3
1.240500E-7	1.856843E-3
1.241000E-7	1.767770E-3
1.241500E-7	1.653003E-3
1.242000E-7	1.565642E-3
1.242500E-7	1.515967E-3
1.243000E-7	1.454301E-3
1.243500E-7	1.363515E-3
1.244000E-7	1.293284E-3
1.244500E-7	1.257312E-3
1.245000E-7	1.241895E-3
1.245500E-7	1.238469E-3
1.246000E-7	1.248747E-3
1.246500E-7	1.272728E-3
1.247000E-7	1.339533E-3
1.247500E-7	1.430319E-3
1.248000E-7	1.497124E-3
1.248500E-7	1.529670E-3
1.249000E-7	1.545086E-3
1.249500E-7	1.560503E-3
1.250000E-7	1.589623E-3
1.250500E-7	1.623882E-3
1.251000E-7	1.653002E-3
1.251500E-7	1.661567E-3
1.252000E-7	1.671845E-3
1.252500E-7	1.695826E-3
1.253000E-7	1.731798E-3
1.253500E-7	1.776335E-3
1.254000E-7	1.841427E-3
1.254500E-7	1.903093E-3
1.255000E-7	1.925361E-3
1.255500E-7	1.916796E-3
1.256000E-7	1.885963E-3
1.256500E-7	1.807167E-3
1.257000E-7	1.680409E-3
1.257500E-7	1.560503E-3
1.258000E-7	1.445735E-3
1.258500E-7	1.279579E-3
1.259000E-7	1.082591E-3
1.259500E-7	9.249996E-4
1.260000E-7	8.016675E-4
1.260500E-7	6.988908E-4
1.261000E-7	6.457896E-4
1.261500E-7	6.406509E-4
1.262000E-7	6.612064E-4
1.262500E-7	7.177337E-4
1.263000E-7	8.273623E-4
1.263500E-7	9.626851E-4
1.264000E-7	1.132267E-3
1.264500E-7	1.346385E-3
1.265000E-7	1.565642E-3
1.265500E-7	1.764344E-3
1.266000E-7	1.976749E-3
1.266500E-7	2.163460E-3
1.267000E-7	2.250820E-3
1.267500E-7	2.276515E-3
1.268000E-7	2.286792E-3
1.268500E-7	2.233691E-3
1.269000E-7	2.088091E-3
1.269500E-7	1.928787E-3
1.270000E-7	1.798603E-3
1.270500E-7	1.646151E-3
1.271000E-7	1.495412E-3
1.271500E-7	1.413190E-3
1.272000E-7	1.384070E-3
1.272500E-7	1.361802E-3
1.273000E-7	1.375505E-3
1.273500E-7	1.444023E-3
1.274000E-7	1.534809E-3
1.274500E-7	1.620456E-3
1.275000E-7	1.700964E-3
1.275500E-7	1.772908E-3
1.276000E-7	1.843139E-3
1.276500E-7	1.904805E-3
1.277000E-7	1.911656E-3
1.277500E-7	1.875684E-3
1.278000E-7	1.856842E-3
1.278500E-7	1.858555E-3
1.279000E-7	1.848277E-3
1.279500E-7	1.851703E-3
1.280000E-7	1.891101E-3
1.280500E-7	1.915082E-3
1.281000E-7	1.918508E-3
1.281500E-7	1.930499E-3
1.282000E-7	1.949342E-3
1.282500E-7	1.951055E-3
1.283000E-7	1.939064E-3
1.283500E-7	1.930500E-3
1.284000E-7	1.911658E-3
1.284500E-7	1.889389E-3
1.285000E-7	1.873973E-3
1.285500E-7	1.846565E-3
1.286000E-7	1.810593E-3
1.286500E-7	1.772909E-3
1.287000E-7	1.736937E-3
1.287500E-7	1.702677E-3
1.288000E-7	1.692400E-3
1.288500E-7	1.709529E-3
1.289000E-7	1.731798E-3
1.289500E-7	1.762631E-3
1.290000E-7	1.803742E-3
1.290500E-7	1.836288E-3
1.291000E-7	1.853417E-3
1.291500E-7	1.882537E-3
1.292000E-7	1.897954E-3
1.292500E-7	1.870547E-3
1.293000E-7	1.831149E-3
1.293500E-7	1.831149E-3
1.294000E-7	1.826010E-3
1.294500E-7	1.772908E-3
1.295000E-7	1.697539E-3
1.295500E-7	1.644437E-3
1.296000E-7	1.615317E-3
1.296500E-7	1.593049E-3
1.297000E-7	1.582771E-3
1.297500E-7	1.589623E-3
1.298000E-7	1.606753E-3
1.298500E-7	1.615317E-3
1.299000E-7	1.611892E-3
1.299500E-7	1.598188E-3
1.300000E-7	1.572494E-3
1.300500E-7	1.524532E-3
1.301000E-7	1.452588E-3
1.301500E-7	1.373792E-3
1.302000E-7	1.317265E-3
1.302500E-7	1.272728E-3
1.303000E-7	1.221339E-3
1.303500E-7	1.178516E-3
1.304000E-7	1.168238E-3
1.304500E-7	1.173377E-3
1.305000E-7	1.175090E-3
1.305500E-7	1.181942E-3
1.306000E-7	1.202497E-3
1.306500E-7	1.224765E-3
1.307000E-7	1.233330E-3
1.307500E-7	1.231617E-3
1.308000E-7	1.228191E-3
1.308500E-7	1.224765E-3
1.309000E-7	1.226478E-3
1.309500E-7	1.228191E-3
1.310000E-7	1.243607E-3
1.310500E-7	1.253885E-3
1.311000E-7	1.260737E-3
1.311500E-7	1.279579E-3
1.312000E-7	1.312125E-3
1.312500E-7	1.337820E-3
1.313000E-7	1.366940E-3
1.313500E-7	1.406338E-3
1.314000E-7	1.444023E-3
1.314500E-7	1.485133E-3
1.315000E-7	1.522818E-3
1.315500E-7	1.567355E-3
1.316000E-7	1.639299E-3
1.316500E-7	1.716382E-3
1.317000E-7	1.759205E-3
1.317500E-7	1.803742E-3
1.318000E-7	1.877399E-3
1.318500E-7	1.940778E-3
1.319000E-7	1.971611E-3
1.319500E-7	2.007582E-3
1.320000E-7	2.041841E-3
1.320500E-7	2.043554E-3
1.321000E-7	2.024711E-3
1.321500E-7	2.019572E-3
1.322000E-7	1.999017E-3
1.322500E-7	1.963045E-3
1.323000E-7	1.921934E-3
1.323500E-7	1.860268E-3
1.324000E-7	1.772908E-3
1.324500E-7	1.690687E-3
1.325000E-7	1.593049E-3
1.325500E-7	1.478281E-3
1.326000E-7	1.401199E-3
1.326500E-7	1.365227E-3
1.327000E-7	1.289858E-3
1.327500E-7	1.180229E-3
1.328000E-7	1.120276E-3
1.328500E-7	1.103147E-3
1.329000E-7	1.075740E-3
1.329500E-7	1.046619E-3
1.330000E-7	1.068888E-3
1.330500E-7	1.121989E-3
1.331000E-7	1.187081E-3
1.331500E-7	1.265877E-3
1.332000E-7	1.351524E-3
1.332500E-7	1.409764E-3
1.333000E-7	1.447449E-3
1.333500E-7	1.485134E-3
1.334000E-7	1.485134E-3
1.334500E-7	1.406338E-3
1.335000E-7	1.265876E-3
1.335500E-7	1.103146E-3
1.336000E-7	9.592584E-4
1.336500E-7	8.444908E-4
1.337000E-7	7.382880E-4
1.337500E-7	6.697701E-4
1.338000E-7	6.937514E-4
1.338500E-7	7.776858E-4
1.339000E-7	8.838885E-4
1.339500E-7	1.053470E-3
1.340000E-7	1.317264E-3
1.340500E-7	1.618743E-3
1.341000E-7	1.891102E-3
1.341500E-7	2.149757E-3
1.342000E-7	2.370727E-3
1.342500E-7	2.509476E-3
1.343000E-7	2.583133E-3
1.343500E-7	2.617392E-3
1.344000E-7	2.583133E-3
1.344500E-7	2.494060E-3
1.345000E-7	2.392996E-3
1.345500E-7	2.276516E-3
1.346000E-7	2.153184E-3
1.346500E-7	2.043555E-3
1.347000E-7	1.954482E-3
1.347500E-7	1.873973E-3
1.348000E-7	1.817446E-3
1.348500E-7	1.772909E-3
1.349000E-7	1.709530E-3
1.349500E-7	1.661567E-3
1.350000E-7	1.647864E-3
1.350500E-7	1.618744E-3
1.351000E-7	1.545087E-3
1.351500E-7	1.457727E-3
1.352000E-7	1.361802E-3
1.352500E-7	1.224766E-3
1.353000E-7	1.080878E-3
1.353500E-7	9.798142E-4
1.354000E-7	9.232867E-4
1.354500E-7	8.753240E-4
1.355000E-7	8.581943E-4
1.355500E-7	9.181473E-4
1.356000E-7	1.019211E-3
1.356500E-7	1.111710E-3
1.357000E-7	1.207635E-3
1.357500E-7	1.312125E-3
1.358000E-7	1.402911E-3
1.358500E-7	1.466291E-3
1.359000E-7	1.519392E-3
1.359500E-7	1.536522E-3
1.360000E-7	1.479995E-3
1.360500E-7	1.372080E-3
1.361000E-7	1.277867E-3
1.361500E-7	1.204211E-3
1.362000E-7	1.111711E-3
1.362500E-7	1.003795E-3
1.363000E-7	9.147219E-4
1.363500E-7	8.616202E-4
1.364000E-7	8.359258E-4
1.364500E-7	8.479162E-4
1.365000E-7	8.975914E-4
1.365500E-7	9.575445E-4
1.366000E-7	1.031201E-3
1.366500E-7	1.130552E-3
1.367000E-7	1.219625E-3
1.367500E-7	1.279579E-3
1.368000E-7	1.336106E-3
1.368500E-7	1.373791E-3
1.369000E-7	1.382356E-3
1.369500E-7	1.375504E-3
1.370000E-7	1.382356E-3
1.370500E-7	1.384069E-3
1.371000E-7	1.390921E-3
1.371500E-7	1.409764E-3
1.372000E-7	1.408051E-3
1.372500E-7	1.375505E-3
1.373000E-7	1.334395E-3
1.373500E-7	1.317265E-3
1.374000E-7	1.337821E-3
1.374500E-7	1.363515E-3
1.375000E-7	1.365228E-3
1.375500E-7	1.348098E-3
1.376000E-7	1.365227E-3
1.376500E-7	1.394347E-3
1.377000E-7	1.406337E-3
1.377500E-7	1.457726E-3
1.378000E-7	1.558789E-3
1.378500E-7	1.654714E-3
1.379000E-7	1.730084E-3
1.379500E-7	1.826009E-3
1.380000E-7	1.921935E-3
1.380500E-7	1.981888E-3
1.381000E-7	2.021286E-3
1.381500E-7	2.038416E-3
1.382000E-7	1.992167E-3
1.382500E-7	1.887677E-3
1.383000E-7	1.788326E-3
1.383500E-7	1.678697E-3
1.384000E-7	1.515967E-3
1.384500E-7	1.327543E-3
1.385000E-7	1.178517E-3
1.385500E-7	1.075740E-3
1.386000E-7	9.935180E-4
1.386500E-7	9.404165E-4
1.387000E-7	9.215740E-4
1.387500E-7	9.404164E-4
1.388000E-7	1.000369E-3
1.388500E-7	1.067174E-3
1.389000E-7	1.130553E-3
1.389500E-7	1.209349E-3
1.390000E-7	1.313838E-3
1.390500E-7	1.414902E-3
1.391000E-7	1.509114E-3
1.391500E-7	1.584484E-3
1.392000E-7	1.642724E-3
1.392500E-7	1.697538E-3
1.393000E-7	1.759205E-3
1.393500E-7	1.788325E-3
1.394000E-7	1.766057E-3
1.394500E-7	1.712956E-3
1.395000E-7	1.630734E-3
1.395500E-7	1.531383E-3
1.396000E-7	1.464579E-3
1.396500E-7	1.421755E-3
1.397000E-7	1.358376E-3
1.397500E-7	1.310413E-3
1.398000E-7	1.320691E-3
1.398500E-7	1.354950E-3
1.399000E-7	1.375505E-3
1.399500E-7	1.413189E-3
1.400000E-7	1.490272E-3
1.400500E-7	1.572493E-3
1.401000E-7	1.641011E-3
1.401500E-7	1.712954E-3
1.402000E-7	1.783185E-3
1.402500E-7	1.824296E-3
1.403000E-7	1.834574E-3
1.403500E-7	1.824296E-3
1.404000E-7	1.786612E-3
1.404500E-7	1.728371E-3
1.405000E-7	1.675270E-3
1.405500E-7	1.661567E-3
1.406000E-7	1.676983E-3
1.406500E-7	1.702677E-3
1.407000E-7	1.726659E-3
1.407500E-7	1.730084E-3
1.408000E-7	1.697538E-3
1.408500E-7	1.680408E-3
1.409000E-7	1.687260E-3
1.409500E-7	1.659853E-3
1.410000E-7	1.586196E-3
1.410500E-7	1.515965E-3
1.411000E-7	1.468003E-3
1.411500E-7	1.399485E-3
1.412000E-7	1.341245E-3
1.412500E-7	1.336106E-3
1.413000E-7	1.360088E-3
1.413500E-7	1.416615E-3
1.414000E-7	1.531383E-3
1.414500E-7	1.671845E-3
1.415000E-7	1.781473E-3
1.415500E-7	1.889389E-3
1.416000E-7	2.024712E-3
1.416500E-7	2.142905E-3
1.417000E-7	2.199432E-3
1.417500E-7	2.211423E-3
1.418000E-7	2.199432E-3
1.418500E-7	2.142905E-3
1.419000E-7	2.053831E-3
1.419500E-7	1.966471E-3
1.420000E-7	1.901379E-3
1.420500E-7	1.865407E-3
1.421000E-7	1.867120E-3
1.421500E-7	1.904805E-3
1.422000E-7	1.949341E-3
1.422500E-7	1.951054E-3
1.423000E-7	1.923647E-3
1.423500E-7	1.897953E-3
1.424000E-7	1.858555E-3
1.424500E-7	1.796889E-3
1.425000E-7	1.726659E-3
1.425500E-7	1.646150E-3
1.426000E-7	1.553651E-3
1.426500E-7	1.462865E-3
1.427000E-7	1.389208E-3
1.427500E-7	1.346384E-3
1.428000E-7	1.339532E-3
1.428500E-7	1.361801E-3
1.429000E-7	1.401198E-3
1.429500E-7	1.468003E-3
1.430000E-7	1.548511E-3
1.430500E-7	1.605039E-3
1.431000E-7	1.641011E-3
1.431500E-7	1.673557E-3
1.432000E-7	1.675270E-3
1.432500E-7	1.625594E-3
1.433000E-7	1.539947E-3
1.433500E-7	1.466290E-3
1.434000E-7	1.445735E-3
1.434500E-7	1.473142E-3
1.435000E-7	1.493697E-3
1.435500E-7	1.536521E-3
1.436000E-7	1.661566E-3
1.436500E-7	1.829435E-3
1.437000E-7	1.956193E-3
1.437500E-7	2.055544E-3
1.438000E-7	2.160033E-3
1.438500E-7	2.207996E-3
1.439000E-7	2.173737E-3
1.439500E-7	2.134339E-3
1.440000E-7	2.070960E-3
1.440500E-7	1.937351E-3
1.441000E-7	1.781472E-3
1.441500E-7	1.673557E-3
1.442000E-7	1.582771E-3
1.442500E-7	1.479994E-3
1.443000E-7	1.408050E-3
1.443500E-7	1.387495E-3
1.444000E-7	1.387495E-3
1.444500E-7	1.399486E-3
1.445000E-7	1.430319E-3
1.445500E-7	1.464578E-3
1.446000E-7	1.493698E-3
1.446500E-7	1.522817E-3
1.447000E-7	1.558789E-3
1.447500E-7	1.586196E-3
1.448000E-7	1.605039E-3
1.448500E-7	1.632446E-3
1.449000E-7	1.671844E-3
1.449500E-7	1.704390E-3
1.450000E-7	1.724946E-3
1.450500E-7	1.745501E-3
1.451000E-7	1.796890E-3
1.451500E-7	1.885963E-3
1.452000E-7	1.978462E-3
1.452500E-7	2.058971E-3
1.453000E-7	2.137767E-3
1.453500E-7	2.201146E-3
1.454000E-7	2.233692E-3
1.454500E-7	2.225127E-3
1.455000E-7	2.166887E-3
1.455500E-7	2.098369E-3
1.456000E-7	2.038416E-3
1.456500E-7	1.963046E-3
1.457000E-7	1.863695E-3
1.457500E-7	1.784900E-3
1.458000E-7	1.721521E-3
1.458500E-7	1.656429E-3
1.459000E-7	1.639299E-3
1.459500E-7	1.682123E-3
1.460000E-7	1.733511E-3
1.460500E-7	1.803742E-3
1.461000E-7	1.906518E-3
1.461500E-7	1.993878E-3
1.462000E-7	2.040128E-3
1.462500E-7	2.088090E-3
1.463000E-7	2.088090E-3
1.463500E-7	2.004156E-3
1.464000E-7	1.913370E-3
1.464500E-7	1.860268E-3
1.465000E-7	1.783186E-3
1.465500E-7	1.688974E-3
1.466000E-7	1.637586E-3
1.466500E-7	1.623882E-3
1.467000E-7	1.611892E-3
1.467500E-7	1.618743E-3
1.468000E-7	1.641011E-3
1.468500E-7	1.675270E-3
1.469000E-7	1.730084E-3
1.469500E-7	1.784898E-3
1.470000E-7	1.802028E-3
1.470500E-7	1.807167E-3
1.471000E-7	1.819157E-3
1.471500E-7	1.800315E-3
1.472000E-7	1.745501E-3
1.472500E-7	1.668418E-3
1.473000E-7	1.575920E-3
1.473500E-7	1.474856E-3
1.474000E-7	1.384070E-3
1.474500E-7	1.305275E-3
1.475000E-7	1.252173E-3
1.475500E-7	1.253886E-3
1.476000E-7	1.312127E-3
1.476500E-7	1.389209E-3
1.477000E-7	1.478283E-3
1.477500E-7	1.575921E-3
1.478000E-7	1.656429E-3
1.478500E-7	1.690688E-3
1.479000E-7	1.699253E-3
1.479500E-7	1.695827E-3
1.480000E-7	1.673558E-3
1.480500E-7	1.584485E-3
1.481000E-7	1.437171E-3
1.481500E-7	1.284719E-3
1.482000E-7	1.157961E-3
1.482500E-7	1.050045E-3
1.483000E-7	9.746750E-4
1.483500E-7	9.661101E-4
1.484000E-7	1.000369E-3
1.484500E-7	1.043193E-3
1.485000E-7	1.132266E-3
1.485500E-7	1.255598E-3
1.486000E-7	1.363514E-3
1.486500E-7	1.425180E-3
1.487000E-7	1.478281E-3
1.487500E-7	1.502263E-3
1.488000E-7	1.445736E-3
1.488500E-7	1.332681E-3
1.489000E-7	1.240182E-3
1.489500E-7	1.157960E-3
1.490000E-7	1.062035E-3
1.490500E-7	9.918044E-4
1.491000E-7	9.746749E-4
1.491500E-7	9.883784E-4
1.492000E-7	1.008934E-3
1.492500E-7	1.060322E-3
1.493000E-7	1.140831E-3
1.493500E-7	1.236756E-3
1.494000E-7	1.325829E-3
1.494500E-7	1.390921E-3
1.495000E-7	1.425180E-3
1.495500E-7	1.461152E-3
1.496000E-7	1.502262E-3
1.496500E-7	1.526244E-3
1.497000E-7	1.543373E-3
1.497500E-7	1.572493E-3
1.498000E-7	1.610178E-3
1.498500E-7	1.646150E-3
1.499000E-7	1.690686E-3
1.499500E-7	1.750639E-3
1.500000E-7	1.810593E-3
1.500500E-7	1.870546E-3
1.501000E-7	1.918508E-3
1.501500E-7	1.945915E-3
1.502000E-7	1.969897E-3
1.502500E-7	2.012720E-3
1.503000E-7	2.046979E-3
1.503500E-7	2.062396E-3
1.504000E-7	2.064109E-3
1.504500E-7	2.058970E-3
1.505000E-7	2.029850E-3
1.505500E-7	2.005868E-3
1.506000E-7	1.995591E-3
1.506500E-7	1.969897E-3
1.507000E-7	1.904805E-3
1.507500E-7	1.827722E-3
1.508000E-7	1.771195E-3
1.508500E-7	1.740362E-3
1.509000E-7	1.682122E-3
1.509500E-7	1.608465E-3
1.510000E-7	1.586197E-3
1.510500E-7	1.613604E-3
1.511000E-7	1.611892E-3
1.511500E-7	1.603327E-3
1.512000E-7	1.663280E-3
1.512500E-7	1.728372E-3
1.513000E-7	1.743788E-3
1.513500E-7	1.764344E-3
1.514000E-7	1.836287E-3
1.514500E-7	1.865408E-3
1.515000E-7	1.841426E-3
1.515500E-7	1.844852E-3
1.516000E-7	1.880824E-3
1.516500E-7	1.880825E-3
1.517000E-7	1.848279E-3
1.517500E-7	1.820871E-3
1.518000E-7	1.796890E-3
1.518500E-7	1.771196E-3
1.519000E-7	1.757492E-3
1.519500E-7	1.726659E-3
1.520000E-7	1.666706E-3
1.520500E-7	1.618743E-3
1.521000E-7	1.581059E-3
1.521500E-7	1.545087E-3
1.522000E-7	1.524531E-3
1.522500E-7	1.524532E-3
1.523000E-7	1.529671E-3
1.523500E-7	1.558791E-3
1.524000E-7	1.634160E-3
1.524500E-7	1.723234E-3
1.525000E-7	1.812307E-3
1.525500E-7	1.906519E-3
1.526000E-7	2.007583E-3
1.526500E-7	2.076100E-3
1.527000E-7	2.094943E-3
1.527500E-7	2.079526E-3
1.528000E-7	2.036702E-3
1.528500E-7	1.976749E-3
1.529000E-7	1.915083E-3
1.529500E-7	1.848277E-3
1.530000E-7	1.784898E-3
1.530500E-7	1.728371E-3
1.531000E-7	1.678696E-3
1.531500E-7	1.625594E-3
1.532000E-7	1.596474E-3
1.532500E-7	1.581058E-3
1.533000E-7	1.548512E-3
1.533500E-7	1.500549E-3
1.534000E-7	1.468003E-3
1.534500E-7	1.440596E-3
1.535000E-7	1.378930E-3
1.535500E-7	1.306987E-3
1.536000E-7	1.259024E-3
1.536500E-7	1.221340E-3
1.537000E-7	1.199072E-3
1.537500E-7	1.233331E-3
1.538000E-7	1.312126E-3
1.538500E-7	1.404625E-3
1.539000E-7	1.519393E-3
1.539500E-7	1.661567E-3
1.540000E-7	1.786613E-3
1.540500E-7	1.853417E-3
1.541000E-7	1.880824E-3
1.541500E-7	1.904806E-3
1.542000E-7	1.884250E-3
1.542500E-7	1.802029E-3
1.543000E-7	1.688974E-3
1.543500E-7	1.579345E-3
1.544000E-7	1.454300E-3
1.544500E-7	1.310413E-3
1.545000E-7	1.190506E-3
1.545500E-7	1.140831E-3
1.546000E-7	1.166525E-3
1.546500E-7	1.235043E-3
1.547000E-7	1.317264E-3
1.547500E-7	1.421754E-3
1.548000E-7	1.553651E-3
1.548500E-7	1.670131E-3
1.549000E-7	1.748927E-3
1.549500E-7	1.843139E-3
1.550000E-7	1.968184E-3
1.550500E-7	2.060684E-3
1.551000E-7	2.098369E-3
1.551500E-7	2.105220E-3
1.552000E-7	2.082952E-3
1.552500E-7	2.005869E-3
1.553000E-7	1.896241E-3
1.553500E-7	1.766057E-3
1.554000E-7	1.632447E-3
1.554500E-7	1.505688E-3
1.555000E-7	1.397773E-3
1.555500E-7	1.301847E-3
1.556000E-7	1.235042E-3
1.556500E-7	1.199071E-3
1.557000E-7	1.180228E-3
1.557500E-7	1.193932E-3
1.558000E-7	1.233330E-3
1.558500E-7	1.298422E-3
1.559000E-7	1.390922E-3
1.559500E-7	1.505690E-3
1.560000E-7	1.617031E-3
1.560500E-7	1.711244E-3
1.561000E-7	1.778049E-3
1.561500E-7	1.808882E-3
1.562000E-7	1.820872E-3
1.562500E-7	1.836289E-3
1.563000E-7	1.846566E-3
1.563500E-7	1.868834E-3
1.564000E-7	1.908232E-3
1.564500E-7	1.945916E-3
1.565000E-7	1.969897E-3
1.565500E-7	2.014433E-3
1.566000E-7	2.091516E-3
1.566500E-7	2.160034E-3
1.567000E-7	2.204570E-3
1.567500E-7	2.226839E-3
1.568000E-7	2.221700E-3
1.568500E-7	2.185728E-3
1.569000E-7	2.141192E-3
1.569500E-7	2.096655E-3
1.570000E-7	2.033276E-3
1.570500E-7	1.935639E-3
1.571000E-7	1.808881E-3
1.571500E-7	1.690687E-3
1.572000E-7	1.594762E-3
1.572500E-7	1.507402E-3
1.573000E-7	1.438884E-3
1.573500E-7	1.421754E-3
1.574000E-7	1.437171E-3
1.574500E-7	1.449161E-3
1.575000E-7	1.473143E-3
1.575500E-7	1.533096E-3
1.576000E-7	1.582771E-3
1.576500E-7	1.617030E-3
1.577000E-7	1.673557E-3
1.577500E-7	1.764344E-3
1.578000E-7	1.820871E-3
1.578500E-7	1.844852E-3
1.579000E-7	1.884250E-3
1.579500E-7	1.923647E-3
1.580000E-7	1.928786E-3
1.580500E-7	1.942490E-3
1.581000E-7	1.976748E-3
1.581500E-7	1.968184E-3
1.582000E-7	1.923647E-3
1.582500E-7	1.911656E-3
1.583000E-7	1.903092E-3
1.583500E-7	1.863694E-3
1.584000E-7	1.832861E-3
1.584500E-7	1.817445E-3
1.585000E-7	1.790038E-3
1.585500E-7	1.757492E-3
1.586000E-7	1.736937E-3
1.586500E-7	1.702678E-3
1.587000E-7	1.661568E-3
1.587500E-7	1.653003E-3
1.588000E-7	1.646151E-3
1.588500E-7	1.589624E-3
1.589000E-7	1.526245E-3
1.589500E-7	1.486847E-3
1.590000E-7	1.433745E-3
1.590500E-7	1.375505E-3
1.591000E-7	1.324116E-3
1.591500E-7	1.274440E-3
1.592000E-7	1.236755E-3
1.592500E-7	1.235042E-3
1.593000E-7	1.235042E-3
1.593500E-7	1.248746E-3
1.594000E-7	1.294995E-3
1.594500E-7	1.348097E-3
1.595000E-7	1.392633E-3
1.595500E-7	1.490272E-3
1.596000E-7	1.601613E-3
1.596500E-7	1.658141E-3
1.597000E-7	1.694113E-3
1.597500E-7	1.766056E-3
1.598000E-7	1.817445E-3
1.598500E-7	1.814019E-3
1.599000E-7	1.824297E-3
1.599500E-7	1.870546E-3
1.600000E-7	1.897953E-3
1.600500E-7	1.909944E-3
1.601000E-7	1.942490E-3
1.601500E-7	1.993878E-3
1.602000E-7	2.055544E-3
1.602500E-7	2.098368E-3
1.603000E-7	2.118923E-3
1.603500E-7	2.118923E-3
1.604000E-7	2.096655E-3
1.604500E-7	2.031563E-3
1.605000E-7	1.940777E-3
1.605500E-7	1.855129E-3
1.606000E-7	1.772908E-3
1.606500E-7	1.700964E-3
1.607000E-7	1.644437E-3
1.607500E-7	1.581058E-3
1.608000E-7	1.505688E-3
1.608500E-7	1.442309E-3
1.609000E-7	1.418328E-3
1.609500E-7	1.416615E-3
1.610000E-7	1.420041E-3
1.610500E-7	1.435458E-3
1.611000E-7	1.457726E-3
1.611500E-7	1.454300E-3
1.612000E-7	1.437171E-3
1.612500E-7	1.426893E-3
1.613000E-7	1.414902E-3
1.613500E-7	1.396060E-3
1.614000E-7	1.384069E-3
1.614500E-7	1.354949E-3
1.615000E-7	1.310413E-3
1.615500E-7	1.294996E-3
1.616000E-7	1.313839E-3
1.616500E-7	1.296710E-3
1.617000E-7	1.265877E-3
1.617500E-7	1.271015E-3
1.618000E-7	1.289858E-3
1.618500E-7	1.305274E-3
1.619000E-7	1.366941E-3
1.619500E-7	1.474856E-3
1.620000E-7	1.548513E-3
1.620500E-7	1.603327E-3
1.621000E-7	1.678697E-3
1.621500E-7	1.742076E-3
1.622000E-7	1.762631E-3
1.622500E-7	1.759205E-3
1.623000E-7	1.723233E-3
1.623500E-7	1.658141E-3
1.624000E-7	1.593049E-3
1.624500E-7	1.543374E-3
1.625000E-7	1.493698E-3
1.625500E-7	1.442310E-3
1.626000E-7	1.416616E-3
1.626500E-7	1.414903E-3
1.627000E-7	1.421754E-3
1.627500E-7	1.432032E-3
1.628000E-7	1.464578E-3
1.628500E-7	1.515966E-3
1.629000E-7	1.569068E-3
1.629500E-7	1.589623E-3
1.630000E-7	1.584484E-3
1.630500E-7	1.584484E-3
1.631000E-7	1.594762E-3
1.631500E-7	1.608465E-3
1.632000E-7	1.632447E-3
1.632500E-7	1.683835E-3
1.633000E-7	1.736936E-3
1.633500E-7	1.800315E-3
1.634000E-7	1.896240E-3
1.634500E-7	1.975036E-3
1.635000E-7	1.988739E-3
1.635500E-7	1.971610E-3
1.636000E-7	1.956193E-3
1.636500E-7	1.915082E-3
1.637000E-7	1.831148E-3
1.637500E-7	1.735222E-3
1.638000E-7	1.632446E-3
1.638500E-7	1.538233E-3
1.639000E-7	1.474855E-3
1.639500E-7	1.411476E-3
1.640000E-7	1.341245E-3
1.640500E-7	1.308699E-3
1.641000E-7	1.306986E-3
1.641500E-7	1.284718E-3
1.642000E-7	1.240181E-3
1.642500E-7	1.199071E-3
1.643000E-7	1.157960E-3
1.643500E-7	1.145969E-3
1.644000E-7	1.169951E-3
1.644500E-7	1.181941E-3
1.645000E-7	1.192219E-3
1.645500E-7	1.259024E-3
1.646000E-7	1.361800E-3
1.646500E-7	1.435457E-3
1.647000E-7	1.507401E-3
1.647500E-7	1.623881E-3
1.648000E-7	1.742075E-3
1.648500E-7	1.841426E-3
1.649000E-7	1.940777E-3
1.649500E-7	2.007582E-3
1.650000E-7	2.026424E-3
1.650500E-7	2.033276E-3
1.651000E-7	2.016147E-3
1.651500E-7	1.961333E-3
1.652000E-7	1.913371E-3
1.652500E-7	1.908232E-3
1.653000E-7	1.885963E-3
1.653500E-7	1.824297E-3
1.654000E-7	1.779761E-3
1.654500E-7	1.772909E-3
1.655000E-7	1.760918E-3
1.655500E-7	1.759205E-3
1.656000E-7	1.781473E-3
1.656500E-7	1.803741E-3
1.657000E-7	1.815732E-3
1.657500E-7	1.827722E-3
1.658000E-7	1.846565E-3
1.658500E-7	1.865407E-3
1.659000E-7	1.879110E-3
1.659500E-7	1.911656E-3
1.660000E-7	1.964758E-3
1.660500E-7	2.043553E-3
1.661000E-7	2.127488E-3
1.661500E-7	2.190867E-3
1.662000E-7	2.226839E-3
1.662500E-7	2.226839E-3
1.663000E-7	2.180589E-3
1.663500E-7	2.124062E-3
1.664000E-7	2.070961E-3
1.664500E-7	2.024711E-3
1.665000E-7	1.990452E-3
1.665500E-7	1.993878E-3
1.666000E-7	2.016147E-3
1.666500E-7	2.024712E-3
1.667000E-7	2.034990E-3
1.667500E-7	2.079526E-3
1.668000E-7	2.125776E-3
1.668500E-7	2.132628E-3
1.669000E-7	2.129202E-3
1.669500E-7	2.129202E-3
1.670000E-7	2.082952E-3
1.670500E-7	2.000730E-3
1.671000E-7	1.923648E-3
1.671500E-7	1.834574E-3
1.672000E-7	1.699252E-3
1.672500E-7	1.581058E-3
1.673000E-7	1.534809E-3
1.673500E-7	1.533096E-3
1.674000E-7	1.546799E-3
1.674500E-7	1.582771E-3
1.675000E-7	1.618743E-3
1.675500E-7	1.629021E-3
1.676000E-7	1.646150E-3
1.676500E-7	1.664993E-3
1.677000E-7	1.663280E-3
1.677500E-7	1.627308E-3
1.678000E-7	1.577632E-3
1.678500E-7	1.531383E-3
1.679000E-7	1.498837E-3
1.679500E-7	1.495411E-3
1.680000E-7	1.515966E-3
1.680500E-7	1.563929E-3
1.681000E-7	1.632447E-3
1.681500E-7	1.692400E-3
1.682000E-7	1.724946E-3
1.682500E-7	1.747214E-3
1.683000E-7	1.748927E-3
1.683500E-7	1.711242E-3
1.684000E-7	1.623882E-3
1.684500E-7	1.502263E-3
1.685000E-7	1.373792E-3
1.685500E-7	1.264163E-3
1.686000E-7	1.188794E-3
1.686500E-7	1.115137E-3
1.687000E-7	1.055184E-3
1.687500E-7	1.046619E-3
1.688000E-7	1.109998E-3
1.688500E-7	1.207636E-3
1.689000E-7	1.339533E-3
1.689500E-7	1.521105E-3
1.690000E-7	1.723233E-3
1.690500E-7	1.894527E-3
1.691000E-7	2.043554E-3
1.691500E-7	2.201145E-3
1.692000E-7	2.338181E-3
1.692500E-7	2.398134E-3
1.693000E-7	2.394708E-3
1.693500E-7	2.369014E-3
1.694000E-7	2.336468E-3
1.694500E-7	2.271376E-3
1.695000E-7	2.192580E-3
1.695500E-7	2.141192E-3
1.696000E-7	2.094942E-3
1.696500E-7	2.043554E-3
1.697000E-7	2.028137E-3
1.697500E-7	2.074386E-3
1.698000E-7	2.118923E-3
1.698500E-7	2.130913E-3
1.699000E-7	2.144617E-3
1.699500E-7	2.154895E-3
1.700000E-7	2.117210E-3
1.700500E-7	2.021285E-3
1.701000E-7	1.892814E-3
1.701500E-7	1.745501E-3
1.702000E-7	1.593049E-3
1.702500E-7	1.445735E-3
1.703000E-7	1.305274E-3
1.703500E-7	1.192219E-3
1.704000E-7	1.123701E-3
1.704500E-7	1.108285E-3
1.705000E-7	1.133979E-3
1.705500E-7	1.176803E-3
1.706000E-7	1.241895E-3
1.706500E-7	1.342959E-3
1.707000E-7	1.449161E-3
1.707500E-7	1.519392E-3
1.708000E-7	1.574207E-3
1.708500E-7	1.644437E-3
1.709000E-7	1.706104E-3
1.709500E-7	1.728372E-3
1.710000E-7	1.726659E-3
1.710500E-7	1.706104E-3
1.711000E-7	1.649576E-3
1.711500E-7	1.548513E-3
1.712000E-7	1.404625E-3
1.712500E-7	1.214488E-3
1.713000E-7	1.008934E-3
1.713500E-7	8.205100E-4
1.714000E-7	6.355117E-4
1.714500E-7	4.436617E-4
1.715000E-7	2.929224E-4
1.715500E-7	1.969973E-4
1.716000E-7	1.421830E-4
1.716500E-7	1.387570E-4
1.717000E-7	1.935712E-4
1.717500E-7	2.826444E-4
1.718000E-7	4.282448E-4
1.718500E-7	6.492148E-4
1.719000E-7	8.907403E-4
1.719500E-7	1.113423E-3
1.720000E-7	1.332681E-3
1.720500E-7	1.538234E-3
1.721000E-7	1.706103E-3
1.721500E-7	1.860268E-3
1.722000E-7	2.009295E-3
1.722500E-7	2.108646E-3
1.723000E-7	2.146331E-3
1.723500E-7	2.189155E-3
1.724000E-7	2.237117E-3
1.724500E-7	2.255960E-3
1.725000E-7	2.249108E-3
1.725500E-7	2.221701E-3
1.726000E-7	2.172026E-3
1.726500E-7	2.113785E-3
1.727000E-7	2.058971E-3
1.727500E-7	1.983601E-3
1.728000E-7	1.894528E-3
1.728500E-7	1.812307E-3
1.729000E-7	1.736937E-3
1.729500E-7	1.666706E-3
1.730000E-7	1.618744E-3
1.730500E-7	1.575920E-3
1.731000E-7	1.519393E-3
1.731500E-7	1.459439E-3
1.732000E-7	1.399486E-3
1.732500E-7	1.320690E-3
1.733000E-7	1.257311E-3
1.733500E-7	1.241894E-3
1.734000E-7	1.235042E-3
1.734500E-7	1.224764E-3
1.735000E-7	1.250459E-3
1.735500E-7	1.318976E-3
1.736000E-7	1.396059E-3
1.736500E-7	1.481707E-3
1.737000E-7	1.574206E-3
1.737500E-7	1.668418E-3
1.738000E-7	1.740362E-3
1.738500E-7	1.779760E-3
1.739000E-7	1.796889E-3
1.739500E-7	1.796889E-3
1.740000E-7	1.776334E-3
1.740500E-7	1.730084E-3
1.741000E-7	1.653002E-3
1.741500E-7	1.558790E-3
1.742000E-7	1.481707E-3
1.742500E-7	1.430318E-3
1.743000E-7	1.390921E-3
1.743500E-7	1.341245E-3
1.744000E-7	1.312125E-3
1.744500E-7	1.308699E-3
1.745000E-7	1.294996E-3
1.745500E-7	1.277866E-3
1.746000E-7	1.306987E-3
1.746500E-7	1.336107E-3
1.747000E-7	1.301848E-3
1.747500E-7	1.224765E-3
1.748000E-7	1.161386E-3
1.748500E-7	1.127127E-3
1.749000E-7	1.104859E-3
1.749500E-7	1.108285E-3
1.750000E-7	1.135692E-3
1.750500E-7	1.180229E-3
1.751000E-7	1.245321E-3
1.751500E-7	1.324117E-3
1.752000E-7	1.399486E-3
1.752500E-7	1.442310E-3
1.753000E-7	1.447449E-3
1.753500E-7	1.428607E-3
1.754000E-7	1.408051E-3
1.754500E-7	1.356663E-3
1.755000E-7	1.248747E-3
1.755500E-7	1.118563E-3
1.756000E-7	1.007221E-3
1.756500E-7	8.856015E-4
1.757000E-7	7.588432E-4
1.757500E-7	7.006029E-4
1.758000E-7	7.348618E-4
1.758500E-7	8.068055E-4
1.759000E-7	8.975917E-4
1.759500E-7	1.043192E-3
1.760000E-7	1.216200E-3
1.760500E-7	1.365227E-3
1.761000E-7	1.471430E-3
1.761500E-7	1.569068E-3
1.762000E-7	1.635873E-3
1.762500E-7	1.622169E-3
1.763000E-7	1.555365E-3
1.763500E-7	1.459440E-3
1.764000E-7	1.327543E-3
1.764500E-7	1.139118E-3
1.765000E-7	9.506939E-4
1.765500E-7	8.016673E-4
1.766000E-7	6.817608E-4
1.766500E-7	6.149558E-4
1.767000E-7	6.063911E-4
1.767500E-7	6.406500E-4
1.768000E-7	7.211586E-4
1.768500E-7	8.753239E-4
1.769000E-7	1.070600E-3
1.769500E-7	1.265876E-3
1.770000E-7	1.464578E-3
1.770500E-7	1.654715E-3
1.771000E-7	1.767770E-3
1.771500E-7	1.802029E-3
1.772000E-7	1.796890E-3
1.772500E-7	1.736937E-3
1.773000E-7	1.606752E-3
1.773500E-7	1.456013E-3
1.774000E-7	1.320690E-3
1.774500E-7	1.180228E-3
1.775000E-7	1.048331E-3
1.775500E-7	9.832391E-4
1.776000E-7	9.849520E-4
1.776500E-7	1.031202E-3
1.777000E-7	1.092868E-3
1.777500E-7	1.185367E-3
1.778000E-7	1.300135E-3
1.778500E-7	1.414902E-3
1.779000E-7	1.476569E-3
1.779500E-7	1.479995E-3
1.780000E-7	1.466291E-3
1.780500E-7	1.442310E-3
1.781000E-7	1.387495E-3
1.781500E-7	1.332681E-3
1.782000E-7	1.325829E-3
1.782500E-7	1.325829E-3
1.783000E-7	1.303560E-3
1.783500E-7	1.296709E-3
1.784000E-7	1.332680E-3
1.784500E-7	1.370365E-3
1.785000E-7	1.390920E-3
1.785500E-7	1.406337E-3
1.786000E-7	1.413189E-3
1.786500E-7	1.399485E-3
1.787000E-7	1.366939E-3
1.787500E-7	1.332681E-3
1.788000E-7	1.320690E-3
1.788500E-7	1.361801E-3
1.789000E-7	1.435458E-3
1.789500E-7	1.517679E-3
1.790000E-7	1.641012E-3
1.790500E-7	1.786612E-3
1.791000E-7	1.894528E-3
1.791500E-7	1.980175E-3
1.792000E-7	2.076100E-3
1.792500E-7	2.124063E-3
1.793000E-7	2.094942E-3
1.793500E-7	2.034989E-3
1.794000E-7	1.956194E-3
1.794500E-7	1.808880E-3
1.795000E-7	1.646150E-3
1.795500E-7	1.533096E-3
1.796000E-7	1.449161E-3
1.796500E-7	1.406337E-3
1.797000E-7	1.457726E-3
1.797500E-7	1.579345E-3
1.798000E-7	1.700964E-3
1.798500E-7	1.867121E-3
1.799000E-7	2.086378E-3
1.799500E-7	2.283367E-3
1.800000E-7	2.418690E-3
1.800500E-7	2.533458E-3
1.801000E-7	2.596837E-3
1.801500E-7	2.576282E-3
1.802000E-7	2.488921E-3
1.802500E-7	2.348460E-3
1.803000E-7	2.148045E-3
1.803500E-7	1.933926E-3
1.804000E-7	1.740363E-3
1.804500E-7	1.534810E-3
1.805000E-7	1.329256E-3
1.805500E-7	1.187081E-3
1.806000E-7	1.111711E-3
1.806500E-7	1.048332E-3
1.807000E-7	1.000369E-3
1.807500E-7	9.866655E-4
1.808000E-7	1.000369E-3
1.808500E-7	1.031202E-3
1.809000E-7	1.099720E-3
1.809500E-7	1.193932E-3
1.810000E-7	1.283005E-3
1.810500E-7	1.370366E-3
1.811000E-7	1.466291E-3
1.811500E-7	1.575920E-3
1.812000E-7	1.685548E-3
1.812500E-7	1.793464E-3
1.813000E-7	1.899667E-3
1.813500E-7	2.016147E-3
1.814000E-7	2.139480E-3
1.814500E-7	2.240543E-3
1.815000E-7	2.319339E-3
1.815500E-7	2.362163E-3
1.816000E-7	2.345033E-3
1.816500E-7	2.274802E-3
1.817000E-7	2.197720E-3
1.817500E-7	2.117211E-3
1.818000E-7	2.019573E-3
1.818500E-7	1.891102E-3
1.819000E-7	1.738650E-3
1.819500E-7	1.596475E-3
1.820000E-7	1.479995E-3
1.820500E-7	1.370366E-3
1.821000E-7	1.259024E-3
1.821500E-7	1.193932E-3
1.822000E-7	1.202497E-3
1.822500E-7	1.240181E-3
1.823000E-7	1.330967E-3
1.823500E-7	1.514252E-3
1.824000E-7	1.738648E-3
1.824500E-7	1.935637E-3
1.825000E-7	2.136052E-3
1.825500E-7	2.350171E-3
1.826000E-7	2.495772E-3
1.826500E-7	2.564290E-3
1.827000E-7	2.595123E-3
1.827500E-7	2.583133E-3
1.828000E-7	2.485495E-3
1.828500E-7	2.319339E-3
1.829000E-7	2.124063E-3
1.829500E-7	1.930500E-3
1.830000E-7	1.759205E-3
1.830500E-7	1.627308E-3
1.831000E-7	1.524531E-3
1.831500E-7	1.462865E-3
1.832000E-7	1.432031E-3
1.832500E-7	1.433744E-3
1.833000E-7	1.464577E-3
1.833500E-7	1.491984E-3
1.834000E-7	1.502262E-3
1.834500E-7	1.503975E-3
1.835000E-7	1.493697E-3
1.835500E-7	1.457725E-3
1.836000E-7	1.433744E-3
1.836500E-7	1.445735E-3
1.837000E-7	1.449161E-3
1.837500E-7	1.425179E-3
1.838000E-7	1.423467E-3
1.838500E-7	1.449161E-3
1.839000E-7	1.469716E-3
1.839500E-7	1.495410E-3
1.840000E-7	1.541660E-3
1.840500E-7	1.589623E-3
1.841000E-7	1.659854E-3
1.841500E-7	1.766056E-3
1.842000E-7	1.879111E-3
1.842500E-7	2.000730E-3
1.843000E-7	2.134340E-3
1.843500E-7	2.254247E-3
1.844000E-7	2.350172E-3
1.844500E-7	2.428967E-3
1.845000E-7	2.464939E-3
1.845500E-7	2.444384E-3
1.846000E-7	2.392995E-3
1.846500E-7	2.288505E-3
1.847000E-7	2.096655E-3
1.847500E-7	1.846565E-3
1.848000E-7	1.582771E-3
1.848500E-7	1.310412E-3
1.849000E-7	1.051757E-3
1.849500E-7	8.496296E-4
1.850000E-7	6.937514E-4
1.850500E-7	5.961136E-4
1.851000E-7	5.944007E-4
1.851500E-7	6.731963E-4
1.852000E-7	7.759732E-4
1.852500E-7	8.907407E-4
1.853000E-7	1.022638E-3
1.853500E-7	1.132266E-3
1.854000E-7	1.202497E-3
1.854500E-7	1.250459E-3
1.855000E-7	1.265876E-3
1.855500E-7	1.223052E-3
1.856000E-7	1.161386E-3
1.856500E-7	1.104858E-3
1.857000E-7	1.044905E-3
1.857500E-7	9.969423E-4
1.858000E-7	9.763869E-4
1.858500E-7	1.002081E-3
1.859000E-7	1.072312E-3
1.859500E-7	1.169950E-3
1.860000E-7	1.272727E-3
1.860500E-7	1.399485E-3
1.861000E-7	1.548512E-3
1.861500E-7	1.659853E-3
1.862000E-7	1.714668E-3
1.862500E-7	1.747214E-3
1.863000E-7	1.748927E-3
1.863500E-7	1.668418E-3
1.864000E-7	1.565641E-3
1.864500E-7	1.495411E-3
1.865000E-7	1.428606E-3
1.865500E-7	1.336107E-3
1.866000E-7	1.260737E-3
1.866500E-7	1.223052E-3
1.867000E-7	1.216201E-3
1.867500E-7	1.223052E-3
1.868000E-7	1.217914E-3
1.868500E-7	1.217914E-3
1.869000E-7	1.257312E-3
1.869500E-7	1.305274E-3
1.870000E-7	1.336107E-3
1.870500E-7	1.387495E-3
1.871000E-7	1.457726E-3
1.871500E-7	1.507402E-3
1.872000E-7	1.572493E-3
1.872500E-7	1.690687E-3
1.873000E-7	1.786612E-3
1.873500E-7	1.834574E-3
1.874000E-7	1.872259E-3
1.874500E-7	1.894527E-3
1.875000E-7	1.885963E-3
1.875500E-7	1.855130E-3
1.876000E-7	1.795177E-3
1.876500E-7	1.702678E-3
1.877000E-7	1.606753E-3
1.877500E-7	1.507402E-3
1.878000E-7	1.418329E-3
1.878500E-7	1.396060E-3
1.879000E-7	1.435458E-3
1.879500E-7	1.479995E-3
1.880000E-7	1.548512E-3
1.880500E-7	1.654715E-3
1.881000E-7	1.750640E-3
1.881500E-7	1.822584E-3
1.882000E-7	1.894527E-3
1.882500E-7	1.932212E-3
1.883000E-7	1.903092E-3
1.883500E-7	1.848278E-3
1.884000E-7	1.755779E-3
1.884500E-7	1.581059E-3
1.885000E-7	1.404625E-3
1.885500E-7	1.300135E-3
1.886000E-7	1.216201E-3
1.886500E-7	1.127128E-3
1.887000E-7	1.086017E-3
1.887500E-7	1.130553E-3
1.888000E-7	1.211062E-3
1.888500E-7	1.303561E-3
1.889000E-7	1.416615E-3
1.889500E-7	1.555364E-3
1.890000E-7	1.688973E-3
1.890500E-7	1.776334E-3
1.891000E-7	1.803741E-3
1.891500E-7	1.814018E-3
1.892000E-7	1.803741E-3
1.892500E-7	1.747213E-3
1.893000E-7	1.649575E-3
1.893500E-7	1.539947E-3
1.894000E-7	1.425179E-3
1.894500E-7	1.288144E-3
1.895000E-7	1.156247E-3
1.895500E-7	1.058609E-3
1.896000E-7	1.003795E-3
1.896500E-7	9.952299E-4
1.897000E-7	1.032915E-3
1.897500E-7	1.082590E-3
1.898000E-7	1.147682E-3
1.898500E-7	1.216200E-3
1.899000E-7	1.289857E-3
1.899500E-7	1.377217E-3
1.900000E-7	1.497123E-3
1.900500E-7	1.598187E-3
1.901000E-7	1.635872E-3
1.901500E-7	1.658140E-3
1.902000E-7	1.678695E-3
1.902500E-7	1.690686E-3
1.903000E-7	1.692399E-3
1.903500E-7	1.702677E-3
1.904000E-7	1.699251E-3
1.904500E-7	1.714667E-3
1.905000E-7	1.788324E-3
1.905500E-7	1.889388E-3
1.906000E-7	1.964758E-3
1.906500E-7	2.031563E-3
1.907000E-7	2.100081E-3
1.907500E-7	2.175451E-3
1.908000E-7	2.257673E-3
1.908500E-7	2.324478E-3
1.909000E-7	2.321052E-3
1.909500E-7	2.266237E-3
1.910000E-7	2.192580E-3
1.910500E-7	2.048693E-3
1.911000E-7	1.849990E-3
1.911500E-7	1.666705E-3
1.912000E-7	1.514253E-3
1.912500E-7	1.378930E-3
1.913000E-7	1.298421E-3
1.913500E-7	1.286431E-3
1.914000E-7	1.320690E-3
1.914500E-7	1.416615E-3
1.915000E-7	1.569067E-3
1.915500E-7	1.736936E-3
1.916000E-7	1.904805E-3
1.916500E-7	2.072674E-3
1.917000E-7	2.178877E-3
1.917500E-7	2.204571E-3
1.918000E-7	2.184015E-3
1.918500E-7	2.113784E-3
1.919000E-7	1.978461E-3
1.919500E-7	1.802028E-3
1.920000E-7	1.637585E-3
1.920500E-7	1.507401E-3
1.921000E-7	1.418328E-3
1.921500E-7	1.368653E-3
1.922000E-7	1.354949E-3
1.922500E-7	1.370366E-3
1.923000E-7	1.416616E-3
1.923500E-7	1.479995E-3
1.924000E-7	1.534809E-3
1.924500E-7	1.548513E-3
1.925000E-7	1.541661E-3
1.925500E-7	1.519392E-3
1.926000E-7	1.481707E-3
1.926500E-7	1.425180E-3
1.927000E-7	1.346384E-3
1.927500E-7	1.248746E-3
1.928000E-7	1.175089E-3
1.928500E-7	1.178515E-3
1.929000E-7	1.216200E-3
1.929500E-7	1.260736E-3
1.930000E-7	1.353236E-3
1.930500E-7	1.474855E-3
1.931000E-7	1.574206E-3
1.931500E-7	1.687260E-3
1.932000E-7	1.832861E-3
1.932500E-7	1.949341E-3
1.933000E-7	2.012720E-3
1.933500E-7	2.048692E-3
1.934000E-7	2.028137E-3
1.934500E-7	1.937350E-3
1.935000E-7	1.848277E-3
1.935500E-7	1.791750E-3
1.936000E-7	1.736935E-3
1.936500E-7	1.695825E-3
1.937000E-7	1.709529E-3
1.937500E-7	1.762630E-3
1.938000E-7	1.849991E-3
1.938500E-7	1.971610E-3
1.939000E-7	2.072674E-3
1.939500E-7	2.130914E-3
1.940000E-7	2.190867E-3
1.940500E-7	2.211423E-3
1.941000E-7	2.141192E-3
1.941500E-7	2.031563E-3
1.942000E-7	1.921934E-3
1.942500E-7	1.762630E-3
1.943000E-7	1.555363E-3
1.943500E-7	1.358374E-3
1.944000E-7	1.183654E-3
1.944500E-7	1.014072E-3
1.945000E-7	9.078689E-4
1.945500E-7	8.993040E-4
1.946000E-7	9.301370E-4
1.946500E-7	9.763866E-4
1.947000E-7	1.063747E-3
1.947500E-7	1.166524E-3
1.948000E-7	1.271014E-3
1.948500E-7	1.392633E-3
1.949000E-7	1.507401E-3
1.949500E-7	1.579345E-3
1.950000E-7	1.642724E-3
1.950500E-7	1.724945E-3
1.951000E-7	1.772908E-3
1.951500E-7	1.808880E-3
1.952000E-7	1.877398E-3
1.952500E-7	1.940777E-3
1.953000E-7	1.954480E-3
1.953500E-7	1.952767E-3
1.954000E-7	1.957906E-3
1.954500E-7	1.927073E-3
1.955000E-7	1.846564E-3
1.955500E-7	1.755778E-3
1.956000E-7	1.658140E-3
1.956500E-7	1.555363E-3
1.957000E-7	1.449161E-3
1.957500E-7	1.363513E-3
1.958000E-7	1.312125E-3
1.958500E-7	1.289857E-3
1.959000E-7	1.272728E-3
1.959500E-7	1.271015E-3
1.960000E-7	1.298422E-3
1.960500E-7	1.337820E-3
1.961000E-7	1.334394E-3
1.961500E-7	1.298422E-3
1.962000E-7	1.281292E-3
1.962500E-7	1.271015E-3
1.963000E-7	1.217913E-3
1.963500E-7	1.152821E-3
1.964000E-7	1.123701E-3
1.964500E-7	1.109997E-3
1.965000E-7	1.089442E-3
1.965500E-7	1.092868E-3
1.966000E-7	1.132266E-3
1.966500E-7	1.173377E-3
1.967000E-7	1.217914E-3
1.967500E-7	1.286432E-3
1.968000E-7	1.368653E-3
1.968500E-7	1.449162E-3
1.969000E-7	1.531383E-3
1.969500E-7	1.622169E-3
1.970000E-7	1.688974E-3
1.970500E-7	1.700965E-3
1.971000E-7	1.685548E-3
1.971500E-7	1.685548E-3
1.972000E-7	1.683835E-3
1.972500E-7	1.663279E-3
1.973000E-7	1.659853E-3
1.973500E-7	1.685548E-3
1.974000E-7	1.687260E-3
1.974500E-7	1.670131E-3
1.975000E-7	1.668418E-3
1.975500E-7	1.646150E-3
1.976000E-7	1.574206E-3
1.976500E-7	1.491985E-3
1.977000E-7	1.430319E-3
1.977500E-7	1.380644E-3
1.978000E-7	1.346385E-3
1.978500E-7	1.336107E-3
1.979000E-7	1.334394E-3
1.979500E-7	1.351523E-3
1.980000E-7	1.401199E-3
1.980500E-7	1.438884E-3
1.981000E-7	1.450874E-3
1.981500E-7	1.483420E-3
1.982000E-7	1.545086E-3
1.982500E-7	1.551938E-3
1.983000E-7	1.486846E-3
1.983500E-7	1.411476E-3
1.984000E-7	1.351523E-3
1.984500E-7	1.283005E-3
1.985000E-7	1.211061E-3
1.985500E-7	1.181941E-3
1.986000E-7	1.202496E-3
1.986500E-7	1.262449E-3
1.987000E-7	1.336106E-3
1.987500E-7	1.413189E-3
1.988000E-7	1.503975E-3
1.988500E-7	1.603326E-3
1.989000E-7	1.682121E-3
1.989500E-7	1.711242E-3
1.990000E-7	1.694112E-3
1.990500E-7	1.649576E-3
1.991000E-7	1.584484E-3
1.991500E-7	1.498837E-3
1.992000E-7	1.401199E-3
1.992500E-7	1.277867E-3
1.993000E-7	1.151109E-3
1.993500E-7	1.060323E-3
1.994000E-7	1.008934E-3
1.994500E-7	9.609717E-4
1.995000E-7	9.095831E-4
1.995500E-7	8.924535E-4
1.996000E-7	9.387029E-4
1.996500E-7	1.012360E-3
1.997000E-7	1.067174E-3
1.997500E-7	1.118562E-3
1.998000E-7	1.204210E-3
1.998500E-7	1.276154E-3
1.999000E-7	1.303561E-3
1.999500E-7	1.348098E-3
2.000000E-7	1.406338E-3
