Study Name	Tungsten_Kyocera
Sample Name	2024-02-05
Run Name	spot03
Operator	Angus+Samantha
Date	2/5/2024
Time	16:26
Sign	FIX
Grating Spacing	03.40um
Channel	3
Number Traces	10000
Files in Batch	1
Batch Number	159
dt	50.000001E-12
time stamp (ms)	7:11:15 PM
	
Time	Amplitude
0.000000E+0	1.390921E-3
5.000000E-11	1.241895E-3
1.000000E-10	1.098008E-3
1.500000E-10	9.643976E-4
2.000000E-10	8.444912E-4
2.500000E-10	7.639825E-4
3.000000E-10	7.262974E-4
3.500000E-10	7.314360E-4
4.000000E-10	7.776853E-4
4.500000E-10	8.462029E-4
5.000000E-10	9.249983E-4
5.500000E-10	1.022636E-3
6.000000E-10	1.123700E-3
6.500000E-10	1.192218E-3
7.000000E-10	1.209347E-3
7.500000E-10	1.207634E-3
8.000000E-10	1.211060E-3
8.500000E-10	1.199070E-3
9.000000E-10	1.181941E-3
9.500000E-10	1.202496E-3
1.000000E-9	1.265875E-3
1.050000E-9	1.344670E-3
1.100000E-9	1.454299E-3
1.150000E-9	1.606751E-3
1.200000E-9	1.745500E-3
1.250000E-9	1.853415E-3
1.300000E-9	1.954479E-3
1.350000E-9	2.038414E-3
1.400000E-9	2.062395E-3
1.450000E-9	1.997303E-3
1.500000E-9	1.875683E-3
1.550000E-9	1.723231E-3
1.600000E-9	1.546798E-3
1.650000E-9	1.344670E-3
1.700000E-9	1.149394E-3
1.750000E-9	1.002081E-3
1.800000E-9	9.112949E-4
1.850000E-9	8.838880E-4
1.900000E-9	9.506931E-4
1.950000E-9	1.094581E-3
2.000000E-9	1.259024E-3
2.050000E-9	1.404625E-3
2.100000E-9	1.536522E-3
2.150000E-9	1.635873E-3
2.200000E-9	1.668419E-3
2.250000E-9	1.629021E-3
2.300000E-9	1.534809E-3
2.350000E-9	1.421754E-3
2.400000E-9	1.289857E-3
2.450000E-9	1.121989E-3
2.500000E-9	9.472679E-4
2.550000E-9	8.376392E-4
2.600000E-9	7.931024E-4
2.650000E-9	7.896765E-4
2.700000E-9	8.479166E-4
2.750000E-9	9.781005E-4
2.800000E-9	1.135691E-3
2.850000E-9	1.274440E-3
2.900000E-9	1.397772E-3
2.950000E-9	1.517679E-3
3.000000E-9	1.605039E-3
3.050000E-9	1.647863E-3
3.100000E-9	1.656427E-3
3.150000E-9	1.617029E-3
3.200000E-9	1.529669E-3
3.250000E-9	1.435457E-3
3.300000E-9	1.363513E-3
3.350000E-9	1.289856E-3
3.400000E-9	1.214486E-3
3.450000E-9	1.144255E-3
3.500000E-9	1.104858E-3
3.550000E-9	1.082589E-3
3.600000E-9	1.062034E-3
3.650000E-9	1.053470E-3
3.700000E-9	1.039766E-3
3.750000E-9	1.005507E-3
3.800000E-9	9.832392E-4
3.850000E-9	9.609710E-4
3.900000E-9	8.753237E-4
3.950000E-9	7.365750E-4
4.000000E-9	5.961133E-4
4.050000E-9	4.505127E-4
4.100000E-9	2.655143E-4
4.150000E-9	7.709000E-5
4.200000E-9	-8.564009E-5
4.250000E-9	-2.192501E-4
4.300000E-9	-3.168881E-4
4.350000E-9	-3.648506E-4
4.400000E-9	-3.511469E-4
4.450000E-9	-2.586476E-4
4.500000E-9	-8.735263E-5
4.550000E-9	1.267660E-4
4.600000E-9	3.357457E-4
4.650000E-9	5.293090E-4
4.700000E-9	7.040297E-4
4.750000E-9	8.427784E-4
4.800000E-9	9.506940E-4
4.850000E-9	1.019212E-3
4.900000E-9	1.017499E-3
4.950000E-9	9.746746E-4
5.000000E-9	9.352764E-4
5.050000E-9	8.804618E-4
5.100000E-9	7.948141E-4
5.150000E-9	7.297219E-4
5.200000E-9	7.074534E-4
5.250000E-9	6.971756E-4
5.300000E-9	7.143050E-4
5.350000E-9	7.588418E-4
5.400000E-9	8.016657E-4
5.450000E-9	8.479155E-4
5.500000E-9	9.061559E-4
5.550000E-9	9.695352E-4
5.600000E-9	1.044905E-3
5.650000E-9	1.159673E-3
5.700000E-9	1.284718E-3
5.750000E-9	1.404624E-3
5.800000E-9	1.533095E-3
5.850000E-9	1.659854E-3
5.900000E-9	1.759204E-3
5.950000E-9	1.819157E-3
6.000000E-9	1.822583E-3
6.050000E-9	1.745500E-3
6.100000E-9	1.603326E-3
6.150000E-9	1.437170E-3
6.200000E-9	1.250458E-3
6.250000E-9	1.026062E-3
6.300000E-9	7.793981E-4
6.350000E-9	5.515762E-4
6.400000E-9	3.665780E-4
6.450000E-9	2.329683E-4
6.500000E-9	1.558859E-4
6.550000E-9	1.079235E-4
6.600000E-9	7.537772E-5
6.650000E-9	8.908147E-5
6.700000E-9	1.438959E-4
6.750000E-9	2.261174E-4
6.800000E-9	3.340332E-4
6.850000E-9	4.762078E-4
6.900000E-9	6.200953E-4
6.950000E-9	7.451404E-4
7.000000E-9	8.667596E-4
7.050000E-9	9.866657E-4
7.100000E-9	1.089442E-3
7.150000E-9	1.181941E-3
7.200000E-9	1.257311E-3
7.250000E-9	1.306986E-3
7.300000E-9	1.337819E-3
7.350000E-9	1.354948E-3
7.400000E-9	1.341245E-3
7.450000E-9	1.279579E-3
7.500000E-9	1.202496E-3
7.550000E-9	1.121988E-3
7.600000E-9	1.032915E-3
7.650000E-9	9.489803E-4
7.700000E-9	9.027308E-4
7.750000E-9	9.010179E-4
7.800000E-9	9.232861E-4
7.850000E-9	9.541190E-4
7.900000E-9	1.012359E-3
7.950000E-9	1.098006E-3
8.000000E-9	1.181941E-3
8.050000E-9	1.224764E-3
8.100000E-9	1.224764E-3
8.150000E-9	1.209348E-3
8.200000E-9	1.188792E-3
8.250000E-9	1.152820E-3
8.300000E-9	1.094580E-3
8.350000E-9	1.036340E-3
8.400000E-9	1.008933E-3
8.450000E-9	1.019211E-3
8.500000E-9	1.039767E-3
8.550000E-9	1.098007E-3
8.600000E-9	1.212775E-3
8.650000E-9	1.339533E-3
8.700000E-9	1.421754E-3
8.750000E-9	1.481707E-3
8.800000E-9	1.531383E-3
8.850000E-9	1.541660E-3
8.900000E-9	1.505688E-3
8.950000E-9	1.449161E-3
9.000000E-9	1.373791E-3
9.050000E-9	1.267588E-3
9.100000E-9	1.151108E-3
9.150000E-9	1.050044E-3
9.200000E-9	9.815258E-4
9.250000E-9	9.609706E-4
9.300000E-9	9.918038E-4
9.350000E-9	1.065461E-3
9.400000E-9	1.152821E-3
9.450000E-9	1.250459E-3
9.500000E-9	1.360088E-3
9.550000E-9	1.490272E-3
9.600000E-9	1.634160E-3
9.650000E-9	1.754066E-3
9.700000E-9	1.836287E-3
9.750000E-9	1.896240E-3
9.800000E-9	1.930499E-3
9.850000E-9	1.920221E-3
9.900000E-9	1.868832E-3
9.950000E-9	1.807166E-3
1.000000E-8	1.731796E-3
1.005000E-8	1.615316E-3
1.010000E-8	1.457725E-3
1.015000E-8	1.294995E-3
1.020000E-8	1.156246E-3
1.025000E-8	1.008933E-3
1.030000E-8	8.462030E-4
1.035000E-8	7.160192E-4
1.040000E-8	6.372238E-4
1.045000E-8	5.755578E-4
1.050000E-8	5.412989E-4
1.055000E-8	5.892615E-4
1.060000E-8	7.125936E-4
1.065000E-8	8.307868E-4
1.070000E-8	9.078693E-4
1.075000E-8	9.900906E-4
1.080000E-8	1.116849E-3
1.085000E-8	1.243607E-3
1.090000E-8	1.337819E-3
1.095000E-8	1.426892E-3
1.100000E-8	1.553650E-3
1.105000E-8	1.663279E-3
1.110000E-8	1.714668E-3
1.115000E-8	1.750640E-3
1.120000E-8	1.817445E-3
1.125000E-8	1.870546E-3
1.130000E-8	1.894528E-3
1.135000E-8	1.954481E-3
1.140000E-8	2.028137E-3
1.145000E-8	2.070961E-3
1.150000E-8	2.115497E-3
1.155000E-8	2.242255E-3
1.160000E-8	2.456373E-3
1.165000E-8	2.797248E-3
1.170000E-8	3.364233E-3
1.175000E-8	4.225845E-3
1.180000E-8	5.455739E-3
1.185000E-8	7.148129E-3
1.190000E-8	9.332135E-3
1.195000E-8	1.203688E-2
1.200000E-8	1.533430E-2
1.205000E-8	1.923296E-2
1.210000E-8	2.366778E-2
1.215000E-8	2.861305E-2
1.220000E-8	3.400712E-2
1.225000E-8	3.969239E-2
1.230000E-8	4.551127E-2
1.235000E-8	5.134043E-2
1.240000E-8	5.702570E-2
1.245000E-8	6.239408E-2
1.250000E-8	6.728797E-2
1.255000E-8	7.154807E-2
1.260000E-8	7.505619E-2
1.265000E-8	7.776436E-2
1.270000E-8	7.960921E-2
1.275000E-8	8.052221E-2
1.280000E-8	8.053249E-2
1.285000E-8	7.971199E-2
1.290000E-8	7.805558E-2
1.295000E-8	7.566430E-2
1.300000E-8	7.278827E-2
1.305000E-8	6.960733E-2
1.310000E-8	6.616088E-2
1.315000E-8	6.259281E-2
1.320000E-8	5.914465E-2
1.325000E-8	5.598941E-2
1.330000E-8	5.318702E-2
1.335000E-8	5.080774E-2
1.340000E-8	4.898688E-2
1.345000E-8	4.777411E-2
1.350000E-8	4.714031E-2
1.355000E-8	4.704439E-2
1.360000E-8	4.744692E-2
1.365000E-8	4.828455E-2
1.370000E-8	4.945621E-2
1.375000E-8	5.090022E-2
1.380000E-8	5.250353E-2
1.385000E-8	5.411542E-2
1.390000E-8	5.562966E-2
1.395000E-8	5.700345E-2
1.400000E-8	5.815112E-2
1.405000E-8	5.894593E-2
1.410000E-8	5.934505E-2
1.415000E-8	5.934505E-2
1.420000E-8	5.890825E-2
1.425000E-8	5.801238E-2
1.430000E-8	5.670369E-2
1.435000E-8	5.501302E-2
1.440000E-8	5.294720E-2
1.445000E-8	5.059533E-2
1.450000E-8	4.804989E-2
1.455000E-8	4.539311E-2
1.460000E-8	4.276374E-2
1.465000E-8	4.034506E-2
1.470000E-8	3.824156E-2
1.475000E-8	3.654745E-2
1.480000E-8	3.533811E-2
1.485000E-8	3.466492E-2
1.490000E-8	3.454159E-2
1.495000E-8	3.498695E-2
1.500000E-8	3.591708E-2
1.505000E-8	3.723433E-2
1.510000E-8	3.889931E-2
1.515000E-8	4.081267E-2
1.520000E-8	4.281339E-2
1.525000E-8	4.476273E-2
1.530000E-8	4.652535E-2
1.535000E-8	4.794881E-2
1.540000E-8	4.895260E-2
1.545000E-8	4.951102E-2
1.550000E-8	4.956926E-2
1.555000E-8	4.908450E-2
1.560000E-8	4.810984E-2
1.565000E-8	4.667781E-2
1.570000E-8	4.481584E-2
1.575000E-8	4.260272E-2
1.580000E-8	4.017547E-2
1.585000E-8	3.763518E-2
1.590000E-8	3.509830E-2
1.595000E-8	3.272244E-2
1.600000E-8	3.062237E-2
1.605000E-8	2.886489E-2
1.610000E-8	2.750994E-2
1.615000E-8	2.666032E-2
1.620000E-8	2.639653E-2
1.625000E-8	2.670657E-2
1.630000E-8	2.751336E-2
1.635000E-8	2.873640E-2
1.640000E-8	3.032944E-2
1.645000E-8	3.218627E-2
1.650000E-8	3.419385E-2
1.655000E-8	3.622197E-2
1.660000E-8	3.813705E-2
1.665000E-8	3.981745E-2
1.670000E-8	4.119123E-2
1.675000E-8	4.216761E-2
1.680000E-8	4.265067E-2
1.685000E-8	4.260613E-2
1.690000E-8	4.205457E-2
1.695000E-8	4.099254E-2
1.700000E-8	3.944062E-2
1.705000E-8	3.747758E-2
1.710000E-8	3.520108E-2
1.715000E-8	3.269846E-2
1.720000E-8	3.009992E-2
1.725000E-8	2.753735E-2
1.730000E-8	2.515636E-2
1.735000E-8	2.306314E-2
1.740000E-8	2.133648E-2
1.745000E-8	2.007062E-2
1.750000E-8	1.936488E-2
1.755000E-8	1.927752E-2
1.760000E-8	1.977427E-2
1.765000E-8	2.078833E-2
1.770000E-8	2.227003E-2
1.775000E-8	2.413885E-2
1.780000E-8	2.624577E-2
1.785000E-8	2.843149E-2
1.790000E-8	3.058638E-2
1.795000E-8	3.258367E-2
1.800000E-8	3.428977E-2
1.805000E-8	3.560874E-2
1.810000E-8	3.647378E-2
1.815000E-8	3.685063E-2
1.820000E-8	3.670846E-2
1.825000E-8	3.604212E-2
1.830000E-8	3.490816E-2
1.835000E-8	3.336479E-2
1.840000E-8	3.149597E-2
1.845000E-8	2.940446E-2
1.850000E-8	2.718449E-2
1.855000E-8	2.493881E-2
1.860000E-8	2.278907E-2
1.865000E-8	2.082089E-2
1.870000E-8	1.910452E-2
1.875000E-8	1.774101E-2
1.880000E-8	1.684856E-2
1.885000E-8	1.644259E-2
1.890000E-8	1.649569E-2
1.895000E-8	1.701300E-2
1.900000E-8	1.799965E-2
1.905000E-8	1.938885E-2
1.910000E-8	2.109152E-2
1.915000E-8	2.303400E-2
1.920000E-8	2.510152E-2
1.925000E-8	2.714164E-2
1.930000E-8	2.904130E-2
1.935000E-8	3.068402E-2
1.940000E-8	3.196530E-2
1.945000E-8	3.280122E-2
1.950000E-8	3.314210E-2
1.955000E-8	3.292799E-2
1.960000E-8	3.217429E-2
1.965000E-8	3.092213E-2
1.970000E-8	2.922289E-2
1.975000E-8	2.716222E-2
1.980000E-8	2.488742E-2
1.985000E-8	2.249101E-2
1.990000E-8	2.006034E-2
1.995000E-8	1.778212E-2
2.000000E-8	1.582936E-2
2.005000E-8	1.422604E-2
2.010000E-8	1.303726E-2
2.015000E-8	1.237606E-2
2.020000E-8	1.226129E-2
2.025000E-8	1.262786E-2
2.030000E-8	1.348090E-2
2.035000E-8	1.478274E-2
2.040000E-8	1.641860E-2
2.045000E-8	1.826002E-2
2.050000E-8	2.022134E-2
2.055000E-8	2.219123E-2
2.060000E-8	2.405320E-2
2.065000E-8	2.569592E-2
2.070000E-8	2.700975E-2
2.075000E-8	2.795016E-2
2.080000E-8	2.847603E-2
2.085000E-8	2.851543E-2
2.090000E-8	2.806493E-2
2.095000E-8	2.719133E-2
2.100000E-8	2.591861E-2
2.105000E-8	2.426905E-2
2.110000E-8	2.235569E-2
2.115000E-8	2.028131E-2
2.120000E-8	1.810073E-2
2.125000E-8	1.596982E-2
2.130000E-8	1.405646E-2
2.135000E-8	1.240518E-2
2.140000E-8	1.104681E-2
2.145000E-8	1.010127E-2
2.150000E-8	9.652471E-3
2.155000E-8	9.683302E-3
2.160000E-8	1.020061E-2
2.165000E-8	1.119069E-2
2.170000E-8	1.256105E-2
2.175000E-8	1.423459E-2
2.180000E-8	1.614967E-2
2.185000E-8	1.817265E-2
2.190000E-8	2.015111E-2
2.195000E-8	2.197368E-2
2.200000E-8	2.354617E-2
2.205000E-8	2.475722E-2
2.210000E-8	2.554175E-2
2.215000E-8	2.589291E-2
2.220000E-8	2.579014E-2
2.225000E-8	2.518889E-2
2.230000E-8	2.412687E-2
2.235000E-8	2.269142E-2
2.240000E-8	2.096135E-2
2.245000E-8	1.898118E-2
2.250000E-8	1.686227E-2
2.255000E-8	1.474335E-2
2.260000E-8	1.272722E-2
2.265000E-8	1.089094E-2
2.270000E-8	9.318451E-3
2.275000E-8	8.107396E-3
2.280000E-8	7.319439E-3
2.285000E-8	6.981986E-3
2.290000E-8	7.125871E-3
2.295000E-8	7.766511E-3
2.300000E-8	8.883350E-3
2.305000E-8	1.036162E-2
2.310000E-8	1.207799E-2
2.315000E-8	1.398108E-2
2.320000E-8	1.599207E-2
2.325000E-8	1.793969E-2
2.330000E-8	1.966977E-2
2.335000E-8	2.112235E-2
2.340000E-8	2.224433E-2
2.345000E-8	2.293465E-2
2.350000E-8	2.311451E-2
2.355000E-8	2.280105E-2
2.360000E-8	2.204906E-2
2.365000E-8	2.087398E-2
2.370000E-8	1.932034E-2
2.375000E-8	1.751319E-2
2.380000E-8	1.557071E-2
2.385000E-8	1.356999E-2
2.390000E-8	1.159667E-2
2.395000E-8	9.780947E-3
2.400000E-8	8.208462E-3
2.405000E-8	6.959722E-3
2.410000E-8	6.070702E-3
2.415000E-8	5.580797E-3
2.420000E-8	5.551675E-3
2.425000E-8	5.995326E-3
2.430000E-8	6.862075E-3
2.435000E-8	8.119376E-3
2.440000E-8	9.724405E-3
2.445000E-8	1.155726E-2
2.450000E-8	1.346890E-2
2.455000E-8	1.542509E-2
2.460000E-8	1.734530E-2
2.465000E-8	1.903598E-2
2.470000E-8	2.038921E-2
2.475000E-8	2.138957E-2
2.480000E-8	2.198397E-2
2.485000E-8	2.210559E-2
2.490000E-8	2.173217E-2
2.495000E-8	2.089625E-2
2.500000E-8	1.964752E-2
2.505000E-8	1.804763E-2
2.510000E-8	1.614283E-2
2.515000E-8	1.403933E-2
2.520000E-8	1.191185E-2
2.525000E-8	9.849465E-3
2.530000E-8	7.889854E-3
2.535000E-8	6.170055E-3
2.540000E-8	4.828816E-3
2.545000E-8	3.902110E-3
2.550000E-8	3.419057E-3
2.555000E-8	3.446462E-3
2.560000E-8	3.965483E-3
2.565000E-8	4.905889E-3
2.570000E-8	6.235133E-3
2.575000E-8	7.867570E-3
2.580000E-8	9.698709E-3
2.585000E-8	1.163434E-2
2.590000E-8	1.356483E-2
2.595000E-8	1.537541E-2
2.600000E-8	1.696845E-2
2.605000E-8	1.824974E-2
2.610000E-8	1.913362E-2
2.615000E-8	1.958927E-2
2.620000E-8	1.960126E-2
2.625000E-8	1.912849E-2
2.630000E-8	1.819322E-2
2.635000E-8	1.688625E-2
2.640000E-8	1.527779E-2
2.645000E-8	1.342267E-2
2.650000E-8	1.140482E-2
2.655000E-8	9.374978E-3
2.660000E-8	7.449626E-3
2.665000E-8	5.705846E-3
2.670000E-8	4.249840E-3
2.675000E-8	3.174109E-3
2.680000E-8	2.500919E-3
2.685000E-8	2.257679E-3
2.690000E-8	2.499202E-3
2.695000E-8	3.225490E-3
2.700000E-8	4.333765E-3
2.705000E-8	5.750370E-3
2.710000E-8	7.427343E-3
2.715000E-8	9.279038E-3
2.720000E-8	1.117356E-2
2.725000E-8	1.298585E-2
2.730000E-8	1.460973E-2
2.735000E-8	1.598522E-2
2.740000E-8	1.705753E-2
2.745000E-8	1.774100E-2
2.750000E-8	1.796711E-2
2.755000E-8	1.776156E-2
2.760000E-8	1.714661E-2
2.765000E-8	1.611028E-2
2.770000E-8	1.470909E-2
2.775000E-8	1.305952E-2
2.780000E-8	1.125237E-2
2.785000E-8	9.354422E-3
2.790000E-8	7.501015E-3
2.795000E-8	5.810336E-3
2.800000E-8	4.330350E-3
2.805000E-8	3.103880E-3
2.810000E-8	2.235414E-3
2.815000E-8	1.786621E-3
2.820000E-8	1.748934E-3
2.825000E-8	2.120641E-3
2.830000E-8	2.912021E-3
2.835000E-8	4.099091E-3
2.840000E-8	5.577362E-3
2.845000E-8	7.232067E-3
2.850000E-8	8.972420E-3
2.855000E-8	1.071963E-2
2.860000E-8	1.240859E-2
2.865000E-8	1.391941E-2
2.870000E-8	1.513903E-2
2.875000E-8	1.602120E-2
2.880000E-8	1.655906E-2
2.885000E-8	1.670295E-2
2.890000E-8	1.641861E-2
2.895000E-8	1.572658E-2
2.900000E-8	1.468340E-2
2.905000E-8	1.332332E-2
2.910000E-8	1.170801E-2
2.915000E-8	9.940250E-3
2.920000E-8	8.124527E-3
2.925000E-8	6.334498E-3
2.930000E-8	4.657523E-3
2.935000E-8	3.203230E-3
2.940000E-8	2.076110E-3
2.945000E-8	1.320700E-3
2.950000E-8	9.575534E-4
2.955000E-8	1.015792E-3
2.960000E-8	1.526248E-3
2.965000E-8	2.437534E-3
2.970000E-8	3.665715E-3
2.975000E-8	5.155977E-3
2.980000E-8	6.853507E-3
2.985000E-8	8.628119E-3
2.990000E-8	1.033935E-2
2.995000E-8	1.190327E-2
3.000000E-8	1.325479E-2
3.005000E-8	1.431682E-2
3.010000E-8	1.500371E-2
3.015000E-8	1.529491E-2
3.020000E-8	1.519385E-2
3.025000E-8	1.469710E-2
3.030000E-8	1.381664E-2
3.035000E-8	1.260559E-2
3.040000E-8	1.114788E-2
3.045000E-8	9.522290E-3
3.050000E-8	7.800780E-3
3.055000E-8	6.091259E-3
3.060000E-8	4.496506E-3
3.065000E-8	3.071333E-3
3.070000E-8	1.885974E-3
3.075000E-8	1.070610E-3
3.080000E-8	6.697789E-4
3.085000E-8	6.201019E-4
3.090000E-8	9.232918E-4
3.095000E-8	1.649580E-3
3.100000E-8	2.730447E-3
3.105000E-8	4.033998E-3
3.110000E-8	5.500280E-3
3.115000E-8	7.086467E-3
3.120000E-8	8.650387E-3
3.125000E-8	1.008584E-2
3.130000E-8	1.134656E-2
3.135000E-8	1.236063E-2
3.140000E-8	1.306636E-2
3.145000E-8	1.345007E-2
3.150000E-8	1.351345E-2
3.155000E-8	1.323081E-2
3.160000E-8	1.263642E-2
3.165000E-8	1.178851E-2
3.170000E-8	1.070079E-2
3.175000E-8	9.421224E-3
3.180000E-8	8.047442E-3
3.185000E-8	6.658243E-3
3.190000E-8	5.298164E-3
3.195000E-8	4.020306E-3
3.200000E-8	2.894900E-3
3.205000E-8	1.954491E-3
3.210000E-8	1.255608E-3
3.215000E-8	8.684811E-4
3.220000E-8	7.828322E-4
3.225000E-8	9.489865E-4
3.230000E-8	1.421758E-3
3.235000E-8	2.242258E-3
3.240000E-8	3.341968E-3
3.245000E-8	4.609548E-3
3.250000E-8	6.029580E-3
3.255000E-8	7.548963E-3
3.260000E-8	9.049505E-3
3.265000E-8	1.044042E-2
3.270000E-8	1.165490E-2
3.275000E-8	1.260730E-2
3.280000E-8	1.324109E-2
3.285000E-8	1.353400E-2
3.290000E-8	1.343808E-2
3.295000E-8	1.296188E-2
3.300000E-8	1.217393E-2
3.305000E-8	1.108963E-2
3.310000E-8	9.715852E-3
3.315000E-8	8.165636E-3
3.320000E-8	6.582873E-3
3.325000E-8	5.017240E-3
3.330000E-8	3.521838E-3
3.335000E-8	2.233701E-3
3.340000E-8	1.257321E-3
3.345000E-8	5.892706E-4
3.350000E-8	2.415411E-4
3.355000E-8	2.740857E-4
3.360000E-8	6.612101E-4
3.365000E-8	1.330971E-3
3.370000E-8	2.266238E-3
3.375000E-8	3.434467E-3
3.380000E-8	4.756860E-3
3.385000E-8	6.164902E-3
3.390000E-8	7.581508E-3
3.395000E-8	8.910755E-3
3.400000E-8	1.007899E-2
3.405000E-8	1.103652E-2
3.410000E-8	1.171485E-2
3.415000E-8	1.210883E-2
3.420000E-8	1.222360E-2
3.425000E-8	1.198721E-2
3.430000E-8	1.137741E-2
3.435000E-8	1.046955E-2
3.440000E-8	9.328725E-3
3.445000E-8	7.965220E-3
3.450000E-8	6.468106E-3
3.455000E-8	4.950435E-3
3.460000E-8	3.449894E-3
3.465000E-8	2.060694E-3
3.470000E-8	9.113062E-4
3.475000E-8	3.256358E-5
3.480000E-8	-5.549784E-4
3.485000E-8	-7.502556E-4
3.490000E-8	-5.121575E-4
3.495000E-8	9.422424E-5
3.500000E-8	1.029492E-3
3.505000E-8	2.262812E-3
3.510000E-8	3.703399E-3
3.515000E-8	5.251902E-3
3.520000E-8	6.834665E-3
3.525000E-8	8.362613E-3
3.530000E-8	9.726118E-3
3.535000E-8	1.084296E-2
3.540000E-8	1.165661E-2
3.545000E-8	1.213795E-2
3.550000E-8	1.227327E-2
3.555000E-8	1.203346E-2
3.560000E-8	1.143222E-2
3.565000E-8	1.054834E-2
3.570000E-8	9.412658E-3
3.575000E-8	8.054292E-3
3.580000E-8	6.582872E-3
3.585000E-8	5.109739E-3
3.590000E-8	3.662299E-3
3.595000E-8	2.303933E-3
3.600000E-8	1.135703E-3
3.605000E-8	2.141370E-4
3.610000E-8	-4.453484E-4
3.615000E-8	-7.896519E-4
3.620000E-8	-7.690979E-4
3.625000E-8	-3.973900E-4
3.630000E-8	2.997777E-4
3.635000E-8	1.296711E-3
3.640000E-8	2.552300E-3
3.645000E-8	3.992887E-3
3.650000E-8	5.510557E-3
3.655000E-8	7.019663E-3
3.660000E-8	8.441408E-3
3.665000E-8	9.696999E-3
3.670000E-8	1.069736E-2
3.675000E-8	1.137740E-2
3.680000E-8	1.170286E-2
3.685000E-8	1.166347E-2
3.690000E-8	1.125407E-2
3.695000E-8	1.049010E-2
3.700000E-8	9.438352E-3
3.705000E-8	8.182763E-3
3.710000E-8	6.805555E-3
3.715000E-8	5.395801E-3
3.720000E-8	4.047712E-3
3.725000E-8	2.840085E-3
3.730000E-8	1.815743E-3
3.735000E-8	1.010657E-3
3.740000E-8	4.830691E-4
3.745000E-8	2.466814E-4
3.750000E-8	2.929297E-4
3.755000E-8	6.235270E-4
3.760000E-8	1.214492E-3
3.765000E-8	2.002446E-3
3.770000E-8	2.936001E-3
3.775000E-8	3.991175E-3
3.780000E-8	5.126858E-3
3.785000E-8	6.250550E-3
3.790000E-8	7.305725E-3
3.795000E-8	8.292382E-3
3.800000E-8	9.183115E-3
3.805000E-8	9.893988E-3
3.810000E-8	1.035477E-2
3.815000E-8	1.056889E-2
3.820000E-8	1.053806E-2
3.825000E-8	1.024172E-2
3.830000E-8	9.676450E-3
3.835000E-8	8.864515E-3
3.840000E-8	7.848738E-3
3.845000E-8	6.692500E-3
3.850000E-8	5.467744E-3
3.855000E-8	4.230997E-3
3.860000E-8	3.028508E-3
3.865000E-8	1.949352E-3
3.870000E-8	1.086026E-3
3.875000E-8	4.642257E-4
3.880000E-8	8.566357E-5
3.885000E-8	-1.697727E-6
3.890000E-8	2.124195E-4
3.895000E-8	6.937563E-4
3.900000E-8	1.432035E-3
3.905000E-8	2.432395E-3
3.910000E-8	3.586920E-3
3.915000E-8	4.789408E-3
3.920000E-8	6.039859E-3
3.925000E-8	7.276606E-3
3.930000E-8	8.372892E-3
3.935000E-8	9.277328E-3
3.940000E-8	9.983063E-3
3.945000E-8	1.040616E-2
3.950000E-8	1.048325E-2
3.955000E-8	1.025714E-2
3.960000E-8	9.765523E-3
3.965000E-8	8.991272E-3
3.970000E-8	7.980635E-3
3.975000E-8	6.808980E-3
3.980000E-8	5.537974E-3
3.985000E-8	4.244700E-3
3.990000E-8	3.007953E-3
3.995000E-8	1.875695E-3
4.000000E-8	9.267220E-4
4.005000E-8	2.381168E-4
4.010000E-8	-1.866948E-4
4.015000E-8	-3.305834E-4
4.020000E-8	-1.644288E-4
4.025000E-8	2.963527E-4
4.030000E-8	9.935208E-4
4.035000E-8	1.896243E-3
4.040000E-8	2.946278E-3
4.045000E-8	4.049415E-3
4.050000E-8	5.152552E-3
4.055000E-8	6.224857E-3
4.060000E-8	7.178968E-3
4.065000E-8	7.963498E-3
4.070000E-8	8.585298E-3
4.075000E-8	9.010110E-3
4.080000E-8	9.196822E-3
4.085000E-8	9.160851E-3
4.090000E-8	8.914188E-3
4.095000E-8	8.472249E-3
4.100000E-8	7.891561E-3
4.105000E-8	7.206383E-3
4.110000E-8	6.406438E-3
4.115000E-8	5.513993E-3
4.120000E-8	4.618122E-3
4.125000E-8	3.749658E-3
4.130000E-8	2.913740E-3
4.135000E-8	2.184024E-3
4.140000E-8	1.620464E-3
4.145000E-8	1.212782E-3
4.150000E-8	9.900982E-4
4.155000E-8	1.012365E-3
4.160000E-8	1.276158E-3
4.165000E-8	1.742079E-3
4.170000E-8	2.401562E-3
4.175000E-8	3.192943E-3
4.180000E-8	4.045990E-3
4.185000E-8	4.931583E-3
4.190000E-8	5.824028E-3
4.195000E-8	6.635964E-3
4.200000E-8	7.304014E-3
4.205000E-8	7.814472E-3
4.210000E-8	8.115951E-3
4.215000E-8	8.163915E-3
4.220000E-8	7.975491E-3
4.225000E-8	7.564385E-3
4.230000E-8	6.930596E-3
4.235000E-8	6.120373E-3
4.240000E-8	5.200522E-3
4.245000E-8	4.196736E-3
4.250000E-8	3.144987E-3
4.255000E-8	2.148053E-3
4.260000E-8	1.269312E-3
4.265000E-8	5.310314E-4
4.270000E-8	-4.280616E-5
4.275000E-8	-4.008127E-4
4.280000E-8	-5.172939E-4
4.285000E-8	-3.785463E-4
4.290000E-8	1.885614E-5
4.295000E-8	6.372287E-4
4.300000E-8	1.438887E-3
4.305000E-8	2.394710E-3
4.310000E-8	3.451597E-3
4.315000E-8	4.522188E-3
4.320000E-8	5.556808E-3
4.325000E-8	6.521196E-3
4.330000E-8	7.353689E-3
4.335000E-8	7.996044E-3
4.340000E-8	8.429420E-3
4.345000E-8	8.631549E-3
4.350000E-8	8.563032E-3
4.355000E-8	8.235860E-3
4.360000E-8	7.713412E-3
4.365000E-8	7.036799E-3
4.370000E-8	6.236854E-3
4.375000E-8	5.364965E-3
4.380000E-8	4.486224E-3
4.385000E-8	3.648594E-3
4.390000E-8	2.901749E-3
4.395000E-8	2.267959E-3
4.400000E-8	1.745510E-3
4.405000E-8	1.402920E-3
4.410000E-8	1.272736E-3
4.415000E-8	1.315559E-3
4.420000E-8	1.478288E-3
4.425000E-8	1.796895E-3
4.430000E-8	2.264529E-3
4.435000E-8	2.850355E-3
4.440000E-8	3.540672E-3
4.445000E-8	4.306359E-3
4.450000E-8	5.080610E-3
4.455000E-8	5.839445E-3
4.460000E-8	6.572587E-3
4.465000E-8	7.213229E-3
4.470000E-8	7.703132E-3
4.475000E-8	8.035444E-3
4.480000E-8	8.199888E-3
4.485000E-8	8.150213E-3
4.490000E-8	7.871004E-3
4.495000E-8	7.391380E-3
4.500000E-8	6.749026E-3
4.505000E-8	5.974775E-3
4.510000E-8	5.082330E-3
4.515000E-8	4.121367E-3
4.520000E-8	3.184386E-3
4.525000E-8	2.338190E-3
4.530000E-8	1.567364E-3
4.535000E-8	9.181564E-4
4.540000E-8	4.899191E-4
4.545000E-8	3.066331E-4
4.550000E-8	3.083453E-4
4.555000E-8	4.830650E-4
4.560000E-8	8.427830E-4
4.565000E-8	1.342963E-3
4.570000E-8	1.957910E-3
4.575000E-8	2.682485E-3
4.580000E-8	3.473866E-3
4.585000E-8	4.268673E-3
4.590000E-8	5.046351E-3
4.595000E-8	5.777779E-3
4.600000E-8	6.411569E-3
4.605000E-8	6.927167E-3
4.610000E-8	7.286886E-3
4.615000E-8	7.444478E-3
4.620000E-8	7.403368E-3
4.625000E-8	7.189250E-3
4.630000E-8	6.767866E-3
4.635000E-8	6.156345E-3
4.640000E-8	5.457464E-3
4.645000E-8	4.683213E-3
4.650000E-8	3.792481E-3
4.655000E-8	2.889758E-3
4.660000E-8	2.101803E-3
4.665000E-8	1.408060E-3
4.670000E-8	8.136667E-4
4.675000E-8	4.231144E-4
4.680000E-8	2.740874E-4
4.685000E-8	3.254751E-4
4.690000E-8	5.944069E-4
4.695000E-8	1.108290E-3
4.700000E-8	1.781477E-3
4.705000E-8	2.550590E-3
4.710000E-8	3.401924E-3
4.715000E-8	4.297794E-3
4.720000E-8	5.131999E-3
4.725000E-8	5.861714E-3
4.730000E-8	6.476662E-3
4.735000E-8	6.934019E-3
4.740000E-8	7.208091E-3
4.745000E-8	7.302304E-3
4.750000E-8	7.189250E-3
4.755000E-8	6.884346E-3
4.760000E-8	6.462962E-3
4.765000E-8	5.942227E-3
4.770000E-8	5.308437E-3
4.775000E-8	4.624972E-3
4.780000E-8	3.955210E-3
4.785000E-8	3.300865E-3
4.790000E-8	2.663649E-3
4.795000E-8	2.096664E-3
4.800000E-8	1.653010E-3
4.805000E-8	1.342967E-3
4.810000E-8	1.178523E-3
4.815000E-8	1.157967E-3
4.820000E-8	1.274447E-3
4.825000E-8	1.531388E-3
4.830000E-8	1.913375E-3
4.835000E-8	2.382721E-3
4.840000E-8	2.934289E-3
4.845000E-8	3.561227E-3
4.850000E-8	4.210434E-3
4.855000E-8	4.842511E-3
4.860000E-8	5.457459E-3
4.865000E-8	6.014167E-3
4.870000E-8	6.473237E-3
4.875000E-8	6.814114E-3
4.880000E-8	6.999113E-3
4.885000E-8	7.004252E-3
4.890000E-8	6.870643E-3
4.895000E-8	6.601711E-3
4.900000E-8	6.154632E-3
4.905000E-8	5.579083E-3
4.910000E-8	4.974413E-3
4.915000E-8	4.332058E-3
4.920000E-8	3.636602E-3
4.925000E-8	2.973692E-3
4.930000E-8	2.399854E-3
4.935000E-8	1.918516E-3
4.940000E-8	1.575927E-3
4.945000E-8	1.408058E-3
4.950000E-8	1.380650E-3
4.955000E-8	1.498843E-3
4.960000E-8	1.764349E-3
4.965000E-8	2.141197E-3
4.970000E-8	2.595127E-3
4.975000E-8	3.115862E-3
4.980000E-8	3.665718E-3
4.985000E-8	4.188166E-3
4.990000E-8	4.666078E-3
4.995000E-8	5.084037E-3
5.000000E-8	5.416349E-3
5.005000E-8	5.645884E-3
5.010000E-8	5.738384E-3
5.015000E-8	5.685283E-3
5.020000E-8	5.510563E-3
5.025000E-8	5.239918E-3
5.030000E-8	4.863070E-3
5.035000E-8	4.392010E-3
5.040000E-8	3.866136E-3
5.045000E-8	3.300864E-3
5.050000E-8	2.713324E-3
5.055000E-8	2.110367E-3
5.060000E-8	1.534817E-3
5.065000E-8	1.043201E-3
5.070000E-8	6.851946E-4
5.075000E-8	4.556593E-4
5.080000E-8	3.306137E-4
5.085000E-8	3.820015E-4
5.090000E-8	6.372299E-4
5.095000E-8	1.032920E-3
5.100000E-8	1.524535E-3
5.105000E-8	2.146334E-3
5.110000E-8	2.879475E-3
5.115000E-8	3.631458E-3
5.120000E-8	4.330340E-3
5.125000E-8	4.969270E-3
5.130000E-8	5.524264E-3
5.135000E-8	5.971343E-3
5.140000E-8	6.262545E-3
5.145000E-8	6.380738E-3
5.150000E-8	6.329350E-3
5.155000E-8	6.151204E-3
5.160000E-8	5.856578E-3
5.165000E-8	5.445471E-3
5.170000E-8	4.936726E-3
5.175000E-8	4.366316E-3
5.180000E-8	3.742804E-3
5.185000E-8	3.103875E-3
5.190000E-8	2.485501E-3
5.195000E-8	1.889396E-3
5.200000E-8	1.341253E-3
5.205000E-8	9.130164E-4
5.210000E-8	6.149635E-4
5.215000E-8	4.539461E-4
5.220000E-8	4.882046E-4
5.225000E-8	7.365814E-4
5.230000E-8	1.104864E-3
5.235000E-8	1.587915E-3
5.240000E-8	2.240547E-3
5.245000E-8	3.007947E-3
5.250000E-8	3.799328E-3
5.255000E-8	4.597561E-3
5.260000E-8	5.375238E-3
5.265000E-8	5.997038E-3
5.270000E-8	6.416710E-3
5.275000E-8	6.685643E-3
5.280000E-8	6.805550E-3
5.285000E-8	6.719903E-3
5.290000E-8	6.433841E-3
5.295000E-8	6.009031E-3
5.300000E-8	5.479731E-3
5.305000E-8	4.880200E-3
5.310000E-8	4.229281E-3
5.315000E-8	3.559519E-3
5.320000E-8	2.906887E-3
5.325000E-8	2.322772E-3
5.330000E-8	1.832869E-3
5.335000E-8	1.450882E-3
5.340000E-8	1.209356E-3
5.345000E-8	1.113430E-3
5.350000E-8	1.151115E-3
5.355000E-8	1.313844E-3
5.360000E-8	1.601619E-3
5.365000E-8	1.973328E-3
5.370000E-8	2.384435E-3
5.375000E-8	2.834939E-3
5.380000E-8	3.311138E-3
5.385000E-8	3.799328E-3
5.390000E-8	4.272101E-3
5.395000E-8	4.698625E-3
5.400000E-8	5.046353E-3
5.405000E-8	5.332416E-3
5.410000E-8	5.572228E-3
5.415000E-8	5.728107E-3
5.420000E-8	5.755515E-3
5.425000E-8	5.649312E-3
5.430000E-8	5.442046E-3
5.435000E-8	5.126864E-3
5.440000E-8	4.710619E-3
5.445000E-8	4.227568E-3
5.450000E-8	3.727388E-3
5.455000E-8	3.235772E-3
5.460000E-8	2.757860E-3
5.465000E-8	2.310781E-3
5.470000E-8	1.937359E-3
5.475000E-8	1.695833E-3
5.480000E-8	1.591342E-3
5.485000E-8	1.618749E-3
5.490000E-8	1.764349E-3
5.495000E-8	1.993883E-3
5.500000E-8	2.297074E-3
5.505000E-8	2.687626E-3
5.510000E-8	3.138130E-3
5.515000E-8	3.559515E-3
5.520000E-8	3.968909E-3
5.525000E-8	4.400572E-3
5.530000E-8	4.777420E-3
5.535000E-8	5.027510E-3
5.540000E-8	5.186815E-3
5.545000E-8	5.270750E-3
5.550000E-8	5.234778E-3
5.555000E-8	5.092604E-3
5.560000E-8	4.883625E-3
5.565000E-8	4.590712E-3
5.570000E-8	4.215577E-3
5.575000E-8	3.806183E-3
5.580000E-8	3.386511E-3
5.585000E-8	2.953136E-3
5.590000E-8	2.521474E-3
5.595000E-8	2.136061E-3
5.600000E-8	1.812314E-3
5.605000E-8	1.575927E-3
5.610000E-8	1.430326E-3
5.615000E-8	1.384076E-3
5.620000E-8	1.442316E-3
5.625000E-8	1.610184E-3
5.630000E-8	1.882542E-3
5.635000E-8	2.245686E-3
5.640000E-8	2.684200E-3
5.645000E-8	3.168963E-3
5.650000E-8	3.658866E-3
5.655000E-8	4.138490E-3
5.660000E-8	4.570153E-3
5.665000E-8	4.907603E-3
5.670000E-8	5.147416E-3
5.675000E-8	5.298156E-3
5.680000E-8	5.322137E-3
5.685000E-8	5.197093E-3
5.690000E-8	4.967558E-3
5.695000E-8	4.660941E-3
5.700000E-8	4.273816E-3
5.705000E-8	3.843867E-3
5.710000E-8	3.405353E-3
5.715000E-8	2.977116E-3
5.720000E-8	2.578000E-3
5.725000E-8	2.237124E-3
5.730000E-8	1.963052E-3
5.735000E-8	1.759212E-3
5.740000E-8	1.625601E-3
5.745000E-8	1.562222E-3
5.750000E-8	1.589629E-3
5.755000E-8	1.718099E-3
5.760000E-8	1.925365E-3
5.765000E-8	2.190872E-3
5.770000E-8	2.519757E-3
5.775000E-8	2.901744E-3
5.780000E-8	3.287157E-3
5.785000E-8	3.658866E-3
5.790000E-8	4.030576E-3
5.795000E-8	4.397146E-3
5.800000E-8	4.710615E-3
5.805000E-8	4.926447E-3
5.810000E-8	5.058344E-3
5.815000E-8	5.126862E-3
5.820000E-8	5.104594E-3
5.825000E-8	4.957281E-3
5.830000E-8	4.693488E-3
5.835000E-8	4.356038E-3
5.840000E-8	3.989467E-3
5.845000E-8	3.622897E-3
5.850000E-8	3.247762E-3
5.855000E-8	2.872627E-3
5.860000E-8	2.538602E-3
5.865000E-8	2.288512E-3
5.870000E-8	2.113791E-3
5.875000E-8	1.997311E-3
5.880000E-8	1.976755E-3
5.885000E-8	2.065828E-3
5.890000E-8	2.231983E-3
5.895000E-8	2.456379E-3
5.900000E-8	2.759570E-3
5.905000E-8	3.107298E-3
5.910000E-8	3.434470E-3
5.915000E-8	3.749652E-3
5.920000E-8	4.071686E-3
5.925000E-8	4.342332E-3
5.930000E-8	4.549598E-3
5.935000E-8	4.714041E-3
5.940000E-8	4.820244E-3
5.945000E-8	4.825383E-3
5.950000E-8	4.734597E-3
5.955000E-8	4.561590E-3
5.960000E-8	4.308074E-3
5.965000E-8	3.991179E-3
5.970000E-8	3.610905E-3
5.975000E-8	3.165539E-3
5.980000E-8	2.718460E-3
5.985000E-8	2.300502E-3
5.990000E-8	1.897959E-3
5.995000E-8	1.563935E-3
6.000000E-8	1.370372E-3
6.005000E-8	1.284724E-3
6.010000E-8	1.264169E-3
6.015000E-8	1.366946E-3
6.020000E-8	1.613610E-3
6.025000E-8	1.920227E-3
6.030000E-8	2.259390E-3
6.035000E-8	2.672210E-3
6.040000E-8	3.107299E-3
6.045000E-8	3.496137E-3
6.050000E-8	3.845578E-3
6.055000E-8	4.188167E-3
6.060000E-8	4.487933E-3
6.065000E-8	4.698625E-3
6.070000E-8	4.845939E-3
6.075000E-8	4.965845E-3
6.080000E-8	5.030937E-3
6.085000E-8	4.993253E-3
6.090000E-8	4.861356E-3
6.095000E-8	4.650664E-3
6.100000E-8	4.361177E-3
6.105000E-8	3.987755E-3
6.110000E-8	3.545814E-3
6.115000E-8	3.095310E-3
6.120000E-8	2.691054E-3
6.125000E-8	2.333049E-3
6.130000E-8	2.016153E-3
6.135000E-8	1.784905E-3
6.140000E-8	1.670138E-3
6.145000E-8	1.656434E-3
6.150000E-8	1.700970E-3
6.155000E-8	1.808886E-3
6.160000E-8	2.016152E-3
6.165000E-8	2.303927E-3
6.170000E-8	2.629386E-3
6.175000E-8	2.968550E-3
6.180000E-8	3.336833E-3
6.185000E-8	3.713681E-3
6.190000E-8	4.032289E-3
6.195000E-8	4.289231E-3
6.200000E-8	4.499924E-3
6.205000E-8	4.652376E-3
6.210000E-8	4.743163E-3
6.215000E-8	4.782561E-3
6.220000E-8	4.751728E-3
6.225000E-8	4.628396E-3
6.230000E-8	4.434833E-3
6.235000E-8	4.203585E-3
6.240000E-8	3.934653E-3
6.245000E-8	3.619471E-3
6.250000E-8	3.273456E-3
6.255000E-8	2.963412E-3
6.260000E-8	2.727026E-3
6.265000E-8	2.542027E-3
6.270000E-8	2.372446E-3
6.275000E-8	2.266243E-3
6.280000E-8	2.291937E-3
6.285000E-8	2.408417E-3
6.290000E-8	2.552304E-3
6.295000E-8	2.744154E-3
6.300000E-8	2.994244E-3
6.305000E-8	3.244334E-3
6.310000E-8	3.463591E-3
6.315000E-8	3.665718E-3
6.320000E-8	3.878123E-3
6.325000E-8	4.061409E-3
6.330000E-8	4.157334E-3
6.335000E-8	4.176176E-3
6.340000E-8	4.141918E-3
6.345000E-8	4.052845E-3
6.350000E-8	3.893541E-3
6.355000E-8	3.711969E-3
6.360000E-8	3.530397E-3
6.365000E-8	3.335121E-3
6.370000E-8	3.122716E-3
6.375000E-8	2.920589E-3
6.380000E-8	2.742443E-3
6.385000E-8	2.579713E-3
6.390000E-8	2.428974E-3
6.395000E-8	2.307354E-3
6.400000E-8	2.219994E-3
6.405000E-8	2.173744E-3
6.410000E-8	2.173744E-3
6.415000E-8	2.209716E-3
6.420000E-8	2.257678E-3
6.425000E-8	2.341612E-3
6.430000E-8	2.464944E-3
6.435000E-8	2.612257E-3
6.440000E-8	2.785264E-3
6.445000E-8	2.970263E-3
6.450000E-8	3.150122E-3
6.455000E-8	3.329981E-3
6.460000E-8	3.518406E-3
6.465000E-8	3.681136E-3
6.470000E-8	3.802755E-3
6.475000E-8	3.903819E-3
6.480000E-8	3.972337E-3
6.485000E-8	3.965486E-3
6.490000E-8	3.908958E-3
6.495000E-8	3.842154E-3
6.500000E-8	3.727386E-3
6.505000E-8	3.544101E-3
6.510000E-8	3.319705E-3
6.515000E-8	3.057624E-3
6.520000E-8	2.745868E-3
6.525000E-8	2.428973E-3
6.530000E-8	2.137772E-3
6.535000E-8	1.884255E-3
6.540000E-8	1.700970E-3
6.545000E-8	1.622174E-3
6.550000E-8	1.632452E-3
6.555000E-8	1.721525E-3
6.560000E-8	1.899671E-3
6.565000E-8	2.132632E-3
6.570000E-8	2.382722E-3
6.575000E-8	2.663645E-3
6.580000E-8	2.959985E-3
6.585000E-8	3.216927E-3
6.590000E-8	3.398499E-3
6.595000E-8	3.542387E-3
6.600000E-8	3.645164E-3
6.605000E-8	3.675997E-3
6.610000E-8	3.650303E-3
6.615000E-8	3.588637E-3
6.620000E-8	3.504703E-3
6.625000E-8	3.408778E-3
6.630000E-8	3.314566E-3
6.635000E-8	3.222067E-3
6.640000E-8	3.132994E-3
6.645000E-8	3.071328E-3
6.650000E-8	3.033643E-3
6.655000E-8	2.982255E-3
6.660000E-8	2.942857E-3
6.665000E-8	2.934293E-3
6.670000E-8	2.932580E-3
6.675000E-8	2.896608E-3
6.680000E-8	2.857210E-3
6.685000E-8	2.834941E-3
6.690000E-8	2.826376E-3
6.695000E-8	2.822950E-3
6.700000E-8	2.816098E-3
6.705000E-8	2.824662E-3
6.710000E-8	2.898318E-3
6.715000E-8	3.043919E-3
6.720000E-8	3.206649E-3
6.725000E-8	3.348823E-3
6.730000E-8	3.487572E-3
6.735000E-8	3.617756E-3
6.740000E-8	3.720533E-3
6.745000E-8	3.773635E-3
6.750000E-8	3.775348E-3
6.755000E-8	3.744515E-3
6.760000E-8	3.658868E-3
6.765000E-8	3.479009E-3
6.770000E-8	3.203225E-3
6.775000E-8	2.872626E-3
6.780000E-8	2.531750E-3
6.785000E-8	2.197725E-3
6.790000E-8	1.885969E-3
6.795000E-8	1.610185E-3
6.800000E-8	1.409770E-3
6.805000E-8	1.313845E-3
6.810000E-8	1.337826E-3
6.815000E-8	1.450880E-3
6.820000E-8	1.637591E-3
6.825000E-8	1.879116E-3
6.830000E-8	2.154901E-3
6.835000E-8	2.447814E-3
6.840000E-8	2.749293E-3
6.845000E-8	3.026790E-3
6.850000E-8	3.242621E-3
6.855000E-8	3.391647E-3
6.860000E-8	3.492711E-3
6.865000E-8	3.542386E-3
6.870000E-8	3.544099E-3
6.875000E-8	3.526969E-3
6.880000E-8	3.504701E-3
6.885000E-8	3.490998E-3
6.890000E-8	3.465304E-3
6.895000E-8	3.425906E-3
6.900000E-8	3.379657E-3
6.905000E-8	3.338546E-3
6.910000E-8	3.278593E-3
6.915000E-8	3.211789E-3
6.920000E-8	3.156975E-3
6.925000E-8	3.097022E-3
6.930000E-8	3.035356E-3
6.935000E-8	2.997671E-3
6.940000E-8	2.966838E-3
6.945000E-8	2.929153E-3
6.950000E-8	2.901745E-3
6.955000E-8	2.915449E-3
6.960000E-8	2.961698E-3
6.965000E-8	3.031929E-3
6.970000E-8	3.117577E-3
6.975000E-8	3.215214E-3
6.980000E-8	3.333408E-3
6.985000E-8	3.467018E-3
6.990000E-8	3.593776E-3
6.995000E-8	3.730811E-3
7.000000E-8	3.872986E-3
7.005000E-8	3.977475E-3
7.010000E-8	4.034003E-3
7.015000E-8	4.059697E-3
7.020000E-8	4.030577E-3
7.025000E-8	3.919235E-3
7.030000E-8	3.756506E-3
7.035000E-8	3.569795E-3
7.040000E-8	3.336834E-3
7.045000E-8	3.079892E-3
7.050000E-8	2.852070E-3
7.055000E-8	2.655082E-3
7.060000E-8	2.499204E-3
7.065000E-8	2.430686E-3
7.070000E-8	2.459806E-3
7.075000E-8	2.523185E-3
7.080000E-8	2.589989E-3
7.085000E-8	2.701331E-3
7.090000E-8	2.864060E-3
7.095000E-8	3.025077E-3
7.100000E-8	3.138131E-3
7.105000E-8	3.215213E-3
7.110000E-8	3.282018E-3
7.115000E-8	3.323128E-3
7.120000E-8	3.305999E-3
7.125000E-8	3.249471E-3
7.130000E-8	3.180953E-3
7.135000E-8	3.097019E-3
7.140000E-8	3.006233E-3
7.145000E-8	2.946280E-3
7.150000E-8	2.912022E-3
7.155000E-8	2.881189E-3
7.160000E-8	2.862347E-3
7.165000E-8	2.876050E-3
7.170000E-8	2.886328E-3
7.175000E-8	2.864060E-3
7.180000E-8	2.840079E-3
7.185000E-8	2.845218E-3
7.190000E-8	2.853783E-3
7.195000E-8	2.855496E-3
7.200000E-8	2.891468E-3
7.205000E-8	2.946282E-3
7.210000E-8	2.989106E-3
7.215000E-8	3.062763E-3
7.220000E-8	3.170678E-3
7.225000E-8	3.268316E-3
7.230000E-8	3.350538E-3
7.235000E-8	3.437898E-3
7.240000E-8	3.528684E-3
7.245000E-8	3.619470E-3
7.250000E-8	3.699978E-3
7.255000E-8	3.751367E-3
7.260000E-8	3.790764E-3
7.265000E-8	3.842153E-3
7.270000E-8	3.852430E-3
7.275000E-8	3.802755E-3
7.280000E-8	3.751366E-3
7.285000E-8	3.691413E-3
7.290000E-8	3.568081E-3
7.295000E-8	3.413916E-3
7.300000E-8	3.285445E-3
7.305000E-8	3.146696E-3
7.310000E-8	2.970263E-3
7.315000E-8	2.809246E-3
7.320000E-8	2.687627E-3
7.325000E-8	2.584850E-3
7.330000E-8	2.500916E-3
7.335000E-8	2.459805E-3
7.340000E-8	2.468369E-3
7.345000E-8	2.542026E-3
7.350000E-8	2.658506E-3
7.355000E-8	2.780125E-3
7.360000E-8	2.918874E-3
7.365000E-8	3.091881E-3
7.370000E-8	3.270028E-3
7.375000E-8	3.441322E-3
7.380000E-8	3.614330E-3
7.385000E-8	3.780486E-3
7.390000E-8	3.895253E-3
7.395000E-8	3.944929E-3
7.400000E-8	3.936365E-3
7.405000E-8	3.862708E-3
7.410000E-8	3.751367E-3
7.415000E-8	3.633174E-3
7.420000E-8	3.514981E-3
7.425000E-8	3.381371E-3
7.430000E-8	3.242623E-3
7.435000E-8	3.131281E-3
7.440000E-8	3.057624E-3
7.445000E-8	2.995958E-3
7.450000E-8	2.941144E-3
7.455000E-8	2.934292E-3
7.460000E-8	2.970264E-3
7.465000E-8	3.019939E-3
7.470000E-8	3.088457E-3
7.475000E-8	3.179243E-3
7.480000E-8	3.251186E-3
7.485000E-8	3.306001E-3
7.490000E-8	3.365954E-3
7.495000E-8	3.425907E-3
7.500000E-8	3.456740E-3
7.505000E-8	3.479008E-3
7.510000E-8	3.508128E-3
7.515000E-8	3.532109E-3
7.520000E-8	3.559517E-3
7.525000E-8	3.604053E-3
7.530000E-8	3.667432E-3
7.535000E-8	3.739376E-3
7.540000E-8	3.794191E-3
7.545000E-8	3.813033E-3
7.550000E-8	3.809607E-3
7.555000E-8	3.802755E-3
7.560000E-8	3.771922E-3
7.565000E-8	3.675997E-3
7.570000E-8	3.523545E-3
7.575000E-8	3.353963E-3
7.580000E-8	3.168964E-3
7.585000E-8	2.965123E-3
7.590000E-8	2.757857E-3
7.595000E-8	2.560868E-3
7.600000E-8	2.398138E-3
7.605000E-8	2.305639E-3
7.610000E-8	2.276519E-3
7.615000E-8	2.286797E-3
7.620000E-8	2.367305E-3
7.625000E-8	2.540313E-3
7.630000E-8	2.721886E-3
7.635000E-8	2.864061E-3
7.640000E-8	3.025078E-3
7.645000E-8	3.203224E-3
7.650000E-8	3.312853E-3
7.655000E-8	3.353963E-3
7.660000E-8	3.395074E-3
7.665000E-8	3.427620E-3
7.670000E-8	3.412203E-3
7.675000E-8	3.374518E-3
7.680000E-8	3.335120E-3
7.685000E-8	3.275166E-3
7.690000E-8	3.211787E-3
7.695000E-8	3.165538E-3
7.700000E-8	3.095307E-3
7.705000E-8	3.009660E-3
7.710000E-8	2.932577E-3
7.715000E-8	2.843505E-3
7.720000E-8	2.732163E-3
7.725000E-8	2.641377E-3
7.730000E-8	2.564295E-3
7.735000E-8	2.483787E-3
7.740000E-8	2.440963E-3
7.745000E-8	2.452954E-3
7.750000E-8	2.523185E-3
7.755000E-8	2.636239E-3
7.760000E-8	2.795543E-3
7.765000E-8	2.959986E-3
7.770000E-8	3.117577E-3
7.775000E-8	3.263177E-3
7.780000E-8	3.401926E-3
7.785000E-8	3.502989E-3
7.790000E-8	3.547526E-3
7.795000E-8	3.566368E-3
7.800000E-8	3.574933E-3
7.805000E-8	3.550951E-3
7.810000E-8	3.461878E-3
7.815000E-8	3.353962E-3
7.820000E-8	3.276880E-3
7.825000E-8	3.216927E-3
7.830000E-8	3.136418E-3
7.835000E-8	3.069614E-3
7.840000E-8	3.019938E-3
7.845000E-8	2.966837E-3
7.850000E-8	2.901745E-3
7.855000E-8	2.833227E-3
7.860000E-8	2.735589E-3
7.865000E-8	2.619109E-3
7.870000E-8	2.490638E-3
7.875000E-8	2.350176E-3
7.880000E-8	2.218279E-3
7.885000E-8	2.124067E-3
7.890000E-8	2.055549E-3
7.895000E-8	2.017864E-3
7.900000E-8	2.026429E-3
7.905000E-8	2.069253E-3
7.910000E-8	2.130919E-3
7.915000E-8	2.247399E-3
7.920000E-8	2.418693E-3
7.925000E-8	2.581423E-3
7.930000E-8	2.713320E-3
7.935000E-8	2.855495E-3
7.940000E-8	2.999382E-3
7.945000E-8	3.088456E-3
7.950000E-8	3.109011E-3
7.955000E-8	3.091882E-3
7.960000E-8	3.026790E-3
7.965000E-8	2.903457E-3
7.970000E-8	2.740727E-3
7.975000E-8	2.576285E-3
7.980000E-8	2.439249E-3
7.985000E-8	2.327907E-3
7.990000E-8	2.247399E-3
7.995000E-8	2.204575E-3
8.000000E-8	2.219991E-3
8.005000E-8	2.288509E-3
8.010000E-8	2.404990E-3
8.015000E-8	2.550590E-3
8.020000E-8	2.685913E-3
8.025000E-8	2.780125E-3
8.030000E-8	2.858920E-3
8.035000E-8	2.944568E-3
8.040000E-8	3.004521E-3
8.045000E-8	3.021650E-3
8.050000E-8	3.025076E-3
8.055000E-8	3.016511E-3
8.060000E-8	2.975401E-3
8.065000E-8	2.936003E-3
8.070000E-8	2.929152E-3
8.075000E-8	2.939429E-3
8.080000E-8	2.956559E-3
8.085000E-8	2.994244E-3
8.090000E-8	3.016513E-3
8.095000E-8	2.995957E-3
8.100000E-8	2.971976E-3
8.105000E-8	2.959986E-3
8.110000E-8	2.896607E-3
8.115000E-8	2.788691E-3
8.120000E-8	2.691053E-3
8.125000E-8	2.600267E-3
8.130000E-8	2.514619E-3
8.135000E-8	2.468370E-3
8.140000E-8	2.476935E-3
8.145000E-8	2.506055E-3
8.150000E-8	2.550591E-3
8.155000E-8	2.646516E-3
8.160000E-8	2.790404E-3
8.165000E-8	2.944569E-3
8.170000E-8	3.073040E-3
8.175000E-8	3.144984E-3
8.180000E-8	3.179243E-3
8.185000E-8	3.192946E-3
8.190000E-8	3.155261E-3
8.195000E-8	3.061049E-3
8.200000E-8	2.959985E-3
8.205000E-8	2.869198E-3
8.210000E-8	2.776699E-3
8.215000E-8	2.709894E-3
8.220000E-8	2.684200E-3
8.225000E-8	2.687626E-3
8.230000E-8	2.740727E-3
8.235000E-8	2.862347E-3
8.240000E-8	2.975401E-3
8.245000E-8	3.059336E-3
8.250000E-8	3.148409E-3
8.255000E-8	3.228918E-3
8.260000E-8	3.244334E-3
8.265000E-8	3.225492E-3
8.270000E-8	3.192946E-3
8.275000E-8	3.126141E-3
8.280000E-8	3.037068E-3
8.285000E-8	2.956559E-3
8.290000E-8	2.870912E-3
8.295000E-8	2.783552E-3
8.300000E-8	2.733876E-3
8.305000E-8	2.708182E-3
8.310000E-8	2.679062E-3
8.315000E-8	2.668784E-3
8.320000E-8	2.689339E-3
8.325000E-8	2.689339E-3
8.330000E-8	2.658506E-3
8.335000E-8	2.627673E-3
8.340000E-8	2.581423E-3
8.345000E-8	2.530035E-3
8.350000E-8	2.490637E-3
8.355000E-8	2.473507E-3
8.360000E-8	2.490637E-3
8.365000E-8	2.536887E-3
8.370000E-8	2.588275E-3
8.375000E-8	2.644802E-3
8.380000E-8	2.730450E-3
8.385000E-8	2.828088E-3
8.390000E-8	2.901745E-3
8.395000E-8	2.970263E-3
8.400000E-8	3.037068E-3
8.405000E-8	3.064475E-3
8.410000E-8	3.054197E-3
8.415000E-8	3.011373E-3
8.420000E-8	2.927439E-3
8.425000E-8	2.821236E-3
8.430000E-8	2.744153E-3
8.435000E-8	2.689339E-3
8.440000E-8	2.639664E-3
8.445000E-8	2.636238E-3
8.450000E-8	2.685913E-3
8.455000E-8	2.747580E-3
8.460000E-8	2.840079E-3
8.465000E-8	2.997670E-3
8.470000E-8	3.156974E-3
8.475000E-8	3.283732E-3
8.480000E-8	3.420768E-3
8.485000E-8	3.542387E-3
8.490000E-8	3.581785E-3
8.495000E-8	3.561229E-3
8.500000E-8	3.528683E-3
8.505000E-8	3.444749E-3
8.510000E-8	3.264889E-3
8.515000E-8	3.033641E-3
8.520000E-8	2.809245E-3
8.525000E-8	2.603692E-3
8.530000E-8	2.432397E-3
8.535000E-8	2.310778E-3
8.540000E-8	2.223418E-3
8.545000E-8	2.163465E-3
8.550000E-8	2.156613E-3
8.555000E-8	2.184020E-3
8.560000E-8	2.194298E-3
8.565000E-8	2.211428E-3
8.570000E-8	2.269668E-3
8.575000E-8	2.333047E-3
8.580000E-8	2.360454E-3
8.585000E-8	2.398139E-3
8.590000E-8	2.464944E-3
8.595000E-8	2.494064E-3
8.600000E-8	2.480360E-3
8.605000E-8	2.483786E-3
8.610000E-8	2.526610E-3
8.615000E-8	2.571147E-3
8.620000E-8	2.615683E-3
8.625000E-8	2.658507E-3
8.630000E-8	2.701331E-3
8.635000E-8	2.737303E-3
8.640000E-8	2.776701E-3
8.645000E-8	2.812672E-3
8.650000E-8	2.826376E-3
8.655000E-8	2.841792E-3
8.660000E-8	2.867486E-3
8.665000E-8	2.896606E-3
8.670000E-8	2.925726E-3
8.675000E-8	2.971976E-3
8.680000E-8	3.042206E-3
8.685000E-8	3.126141E-3
8.690000E-8	3.168964E-3
8.695000E-8	3.158686E-3
8.700000E-8	3.160399E-3
8.705000E-8	3.206649E-3
8.710000E-8	3.237482E-3
8.715000E-8	3.215214E-3
8.720000E-8	3.192945E-3
8.725000E-8	3.177529E-3
8.730000E-8	3.097020E-3
8.735000E-8	2.987392E-3
8.740000E-8	2.924013E-3
8.745000E-8	2.893180E-3
8.750000E-8	2.886328E-3
8.755000E-8	2.920587E-3
8.760000E-8	2.971976E-3
8.765000E-8	3.009660E-3
8.770000E-8	3.062762E-3
8.775000E-8	3.105585E-3
8.780000E-8	3.110724E-3
8.785000E-8	3.102160E-3
8.790000E-8	3.086743E-3
8.795000E-8	3.013086E-3
8.800000E-8	2.906883E-3
8.805000E-8	2.809245E-3
8.810000E-8	2.675636E-3
8.815000E-8	2.519757E-3
8.820000E-8	2.399851E-3
8.825000E-8	2.319342E-3
8.830000E-8	2.254250E-3
8.835000E-8	2.247399E-3
8.840000E-8	2.300500E-3
8.845000E-8	2.339898E-3
8.850000E-8	2.398138E-3
8.855000E-8	2.519757E-3
8.860000E-8	2.637950E-3
8.865000E-8	2.713320E-3
8.870000E-8	2.773273E-3
8.875000E-8	2.819523E-3
8.880000E-8	2.843504E-3
8.885000E-8	2.864060E-3
8.890000E-8	2.845217E-3
8.895000E-8	2.788690E-3
8.900000E-8	2.732163E-3
8.905000E-8	2.660219E-3
8.910000E-8	2.552303E-3
8.915000E-8	2.466656E-3
8.920000E-8	2.440961E-3
8.925000E-8	2.418693E-3
8.930000E-8	2.404990E-3
8.935000E-8	2.466656E-3
8.940000E-8	2.581423E-3
8.945000E-8	2.703042E-3
8.950000E-8	2.867485E-3
8.955000E-8	3.054197E-3
8.960000E-8	3.206649E-3
8.965000E-8	3.350537E-3
8.970000E-8	3.490998E-3
8.975000E-8	3.562942E-3
8.980000E-8	3.578359E-3
8.985000E-8	3.562942E-3
8.990000E-8	3.484147E-3
8.995000E-8	3.341972E-3
9.000000E-8	3.210075E-3
9.005000E-8	3.074752E-3
9.010000E-8	2.906883E-3
9.015000E-8	2.778412E-3
9.020000E-8	2.733876E-3
9.025000E-8	2.706468E-3
9.030000E-8	2.696191E-3
9.035000E-8	2.762996E-3
9.040000E-8	2.857208E-3
9.045000E-8	2.937717E-3
9.050000E-8	3.025077E-3
9.055000E-8	3.122715E-3
9.060000E-8	3.179243E-3
9.065000E-8	3.206650E-3
9.070000E-8	3.230631E-3
9.075000E-8	3.242622E-3
9.080000E-8	3.237483E-3
9.085000E-8	3.227205E-3
9.090000E-8	3.187807E-3
9.095000E-8	3.107298E-3
9.100000E-8	3.031929E-3
9.105000E-8	2.983966E-3
9.110000E-8	2.922300E-3
9.115000E-8	2.853782E-3
9.120000E-8	2.822949E-3
9.125000E-8	2.822949E-3
9.130000E-8	2.817810E-3
9.135000E-8	2.816098E-3
9.140000E-8	2.850356E-3
9.145000E-8	2.893180E-3
9.150000E-8	2.937717E-3
9.155000E-8	3.011373E-3
9.160000E-8	3.110724E-3
9.165000E-8	3.186094E-3
9.170000E-8	3.228917E-3
9.175000E-8	3.264889E-3
9.180000E-8	3.271741E-3
9.185000E-8	3.223779E-3
9.190000E-8	3.143270E-3
9.195000E-8	3.050771E-3
9.200000E-8	2.946281E-3
9.205000E-8	2.824662E-3
9.210000E-8	2.708182E-3
9.215000E-8	2.627673E-3
9.220000E-8	2.588275E-3
9.225000E-8	2.572858E-3
9.230000E-8	2.572858E-3
9.235000E-8	2.612256E-3
9.240000E-8	2.706468E-3
9.245000E-8	2.822948E-3
9.250000E-8	2.965123E-3
9.255000E-8	3.134705E-3
9.260000E-8	3.311138E-3
9.265000E-8	3.427619E-3
9.270000E-8	3.473869E-3
9.275000E-8	3.506415E-3
9.280000E-8	3.521831E-3
9.285000E-8	3.475582E-3
9.290000E-8	3.391648E-3
9.295000E-8	3.323130E-3
9.300000E-8	3.261464E-3
9.305000E-8	3.172390E-3
9.310000E-8	3.088456E-3
9.315000E-8	3.011373E-3
9.320000E-8	2.927439E-3
9.325000E-8	2.850356E-3
9.330000E-8	2.812671E-3
9.335000E-8	2.793829E-3
9.340000E-8	2.769847E-3
9.345000E-8	2.764709E-3
9.350000E-8	2.781838E-3
9.355000E-8	2.795542E-3
9.360000E-8	2.792116E-3
9.365000E-8	2.783551E-3
9.370000E-8	2.785264E-3
9.375000E-8	2.810958E-3
9.380000E-8	2.858921E-3
9.385000E-8	2.894893E-3
9.390000E-8	2.918874E-3
9.395000E-8	2.949707E-3
9.400000E-8	2.994243E-3
9.405000E-8	3.031928E-3
9.410000E-8	3.031928E-3
9.415000E-8	2.987392E-3
9.420000E-8	2.932577E-3
9.425000E-8	2.889754E-3
9.430000E-8	2.838365E-3
9.435000E-8	2.783551E-3
9.440000E-8	2.745866E-3
9.445000E-8	2.709894E-3
9.450000E-8	2.691052E-3
9.455000E-8	2.732163E-3
9.460000E-8	2.814384E-3
9.465000E-8	2.893180E-3
9.470000E-8	2.983966E-3
9.475000E-8	3.103873E-3
9.480000E-8	3.213501E-3
9.485000E-8	3.285445E-3
9.490000E-8	3.331694E-3
9.495000E-8	3.348823E-3
9.500000E-8	3.336832E-3
9.505000E-8	3.302573E-3
9.510000E-8	3.225490E-3
9.515000E-8	3.117575E-3
9.520000E-8	3.018223E-3
9.525000E-8	2.937715E-3
9.530000E-8	2.869197E-3
9.535000E-8	2.846929E-3
9.540000E-8	2.881188E-3
9.545000E-8	2.949706E-3
9.550000E-8	3.047344E-3
9.555000E-8	3.182667E-3
9.560000E-8	3.326554E-3
9.565000E-8	3.415628E-3
9.570000E-8	3.460164E-3
9.575000E-8	3.508127E-3
9.580000E-8	3.511553E-3
9.585000E-8	3.443035E-3
9.590000E-8	3.336833E-3
9.595000E-8	3.239195E-3
9.600000E-8	3.143270E-3
9.605000E-8	3.057623E-3
9.610000E-8	2.966837E-3
9.615000E-8	2.877763E-3
9.620000E-8	2.822949E-3
9.625000E-8	2.829801E-3
9.630000E-8	2.869199E-3
9.635000E-8	2.944569E-3
9.640000E-8	3.049058E-3
9.645000E-8	3.117576E-3
9.650000E-8	3.131280E-3
9.655000E-8	3.144983E-3
9.660000E-8	3.155261E-3
9.665000E-8	3.132992E-3
9.670000E-8	3.110724E-3
9.675000E-8	3.098733E-3
9.680000E-8	3.057622E-3
9.685000E-8	2.994243E-3
9.690000E-8	2.954845E-3
9.695000E-8	2.930864E-3
9.700000E-8	2.901744E-3
9.705000E-8	2.889754E-3
9.710000E-8	2.894892E-3
9.715000E-8	2.872624E-3
9.720000E-8	2.846930E-3
9.725000E-8	2.831514E-3
9.730000E-8	2.774987E-3
9.735000E-8	2.679062E-3
9.740000E-8	2.581424E-3
9.745000E-8	2.449527E-3
9.750000E-8	2.285084E-3
9.755000E-8	2.139483E-3
9.760000E-8	2.038419E-3
9.765000E-8	1.951059E-3
9.770000E-8	1.913374E-3
9.775000E-8	1.964762E-3
9.780000E-8	2.081243E-3
9.785000E-8	2.230269E-3
9.790000E-8	2.425545E-3
9.795000E-8	2.667071E-3
9.800000E-8	2.924013E-3
9.805000E-8	3.156974E-3
9.810000E-8	3.355676E-3
9.815000E-8	3.530396E-3
9.820000E-8	3.657155E-3
9.825000E-8	3.694840E-3
9.830000E-8	3.641738E-3
9.835000E-8	3.550952E-3
9.840000E-8	3.432759E-3
9.845000E-8	3.266603E-3
9.850000E-8	3.100447E-3
9.855000E-8	2.958272E-3
9.860000E-8	2.829801E-3
9.865000E-8	2.697904E-3
9.870000E-8	2.610544E-3
9.875000E-8	2.581424E-3
9.880000E-8	2.591701E-3
9.885000E-8	2.627673E-3
9.890000E-8	2.699617E-3
9.895000E-8	2.788690E-3
9.900000E-8	2.867486E-3
9.905000E-8	2.924013E-3
9.910000E-8	2.966837E-3
9.915000E-8	3.014799E-3
9.920000E-8	3.073039E-3
9.925000E-8	3.090169E-3
9.930000E-8	3.073039E-3
9.935000E-8	3.079891E-3
9.940000E-8	3.110724E-3
9.945000E-8	3.131279E-3
9.950000E-8	3.165538E-3
9.955000E-8	3.252899E-3
9.960000E-8	3.348824E-3
9.965000E-8	3.427619E-3
9.970000E-8	3.528683E-3
9.975000E-8	3.624608E-3
9.980000E-8	3.655441E-3
9.985000E-8	3.648589E-3
9.990000E-8	3.626321E-3
9.995000E-8	3.550951E-3
1.000000E-7	3.420767E-3
1.000500E-7	3.282018E-3
1.001000E-7	3.119288E-3
1.001500E-7	2.959984E-3
1.002000E-7	2.860633E-3
1.002500E-7	2.812671E-3
1.003000E-7	2.776699E-3
1.003500E-7	2.793828E-3
1.004000E-7	2.870911E-3
1.004500E-7	2.963410E-3
1.005000E-7	3.059335E-3
1.005500E-7	3.162112E-3
1.006000E-7	3.244334E-3
1.006500E-7	3.290583E-3
1.007000E-7	3.319703E-3
1.007500E-7	3.311138E-3
1.008000E-7	3.244333E-3
1.008500E-7	3.155260E-3
1.009000E-7	3.043918E-3
1.009500E-7	2.891466E-3
1.010000E-7	2.718458E-3
1.010500E-7	2.545451E-3
1.011000E-7	2.374156E-3
1.011500E-7	2.211426E-3
1.012000E-7	2.108649E-3
1.012500E-7	2.086381E-3
1.013000E-7	2.122353E-3
1.013500E-7	2.208000E-3
1.014000E-7	2.341610E-3
1.014500E-7	2.530035E-3
1.015000E-7	2.757856E-3
1.015500E-7	2.970262E-3
1.016000E-7	3.155260E-3
1.016500E-7	3.329981E-3
1.017000E-7	3.456739E-3
1.017500E-7	3.494424E-3
1.018000E-7	3.460165E-3
1.018500E-7	3.398499E-3
1.019000E-7	3.302574E-3
1.019500E-7	3.186094E-3
1.020000E-7	3.081604E-3
1.020500E-7	2.980540E-3
1.021000E-7	2.886328E-3
1.021500E-7	2.858921E-3
1.022000E-7	2.903458E-3
1.022500E-7	2.966837E-3
1.023000E-7	3.047345E-3
1.023500E-7	3.155261E-3
1.024000E-7	3.232343E-3
1.024500E-7	3.235769E-3
1.025000E-7	3.196371E-3
1.025500E-7	3.115862E-3
1.026000E-7	2.994243E-3
1.026500E-7	2.881188E-3
1.027000E-7	2.790402E-3
1.027500E-7	2.680773E-3
1.028000E-7	2.586561E-3
1.028500E-7	2.569432E-3
1.029000E-7	2.589987E-3
1.029500E-7	2.596839E-3
1.030000E-7	2.655080E-3
1.030500E-7	2.768134E-3
1.031000E-7	2.888041E-3
1.031500E-7	2.977114E-3
1.032000E-7	3.057623E-3
1.032500E-7	3.124428E-3
1.033000E-7	3.131279E-3
1.033500E-7	3.093594E-3
1.034000E-7	3.049058E-3
1.034500E-7	3.014799E-3
1.035000E-7	2.987392E-3
1.035500E-7	2.956558E-3
1.036000E-7	2.925725E-3
1.036500E-7	2.893179E-3
1.037000E-7	2.857208E-3
1.037500E-7	2.826375E-3
1.038000E-7	2.821236E-3
1.038500E-7	2.797255E-3
1.039000E-7	2.708181E-3
1.039500E-7	2.601979E-3
1.040000E-7	2.538600E-3
1.040500E-7	2.466656E-3
1.041000E-7	2.370730E-3
1.041500E-7	2.333045E-3
1.042000E-7	2.375869E-3
1.042500E-7	2.427257E-3
1.043000E-7	2.492349E-3
1.043500E-7	2.591700E-3
1.044000E-7	2.704754E-3
1.044500E-7	2.812670E-3
1.045000E-7	2.932577E-3
1.045500E-7	3.031928E-3
1.046000E-7	3.066187E-3
1.046500E-7	3.040493E-3
1.047000E-7	2.987391E-3
1.047500E-7	2.889754E-3
1.048000E-7	2.773273E-3
1.048500E-7	2.687626E-3
1.049000E-7	2.636238E-3
1.049500E-7	2.608831E-3
1.050000E-7	2.631099E-3
1.050500E-7	2.715034E-3
1.051000E-7	2.841792E-3
1.051500E-7	2.968550E-3
1.052000E-7	3.083317E-3
1.052500E-7	3.206649E-3
1.053000E-7	3.331694E-3
1.053500E-7	3.395073E-3
1.054000E-7	3.393360E-3
1.054500E-7	3.348824E-3
1.055000E-7	3.280306E-3
1.055500E-7	3.184381E-3
1.056000E-7	3.047345E-3
1.056500E-7	2.874337E-3
1.057000E-7	2.718459E-3
1.057500E-7	2.615682E-3
1.058000E-7	2.542026E-3
1.058500E-7	2.480360E-3
1.059000E-7	2.459804E-3
1.059500E-7	2.478647E-3
1.060000E-7	2.516332E-3
1.060500E-7	2.605405E-3
1.061000E-7	2.739015E-3
1.061500E-7	2.862347E-3
1.062000E-7	2.971975E-3
1.062500E-7	3.088456E-3
1.063000E-7	3.184381E-3
1.063500E-7	3.227205E-3
1.064000E-7	3.242621E-3
1.064500E-7	3.264889E-3
1.065000E-7	3.271741E-3
1.065500E-7	3.223779E-3
1.066000E-7	3.148409E-3
1.066500E-7	3.064474E-3
1.067000E-7	2.966836E-3
1.067500E-7	2.841791E-3
1.068000E-7	2.701329E-3
1.068500E-7	2.588274E-3
1.069000E-7	2.497488E-3
1.069500E-7	2.410128E-3
1.070000E-7	2.351888E-3
1.070500E-7	2.317629E-3
1.071000E-7	2.297073E-3
1.071500E-7	2.314203E-3
1.072000E-7	2.392999E-3
1.072500E-7	2.511192E-3
1.073000E-7	2.651654E-3
1.073500E-7	2.805820E-3
1.074000E-7	2.963411E-3
1.074500E-7	3.112437E-3
1.075000E-7	3.252899E-3
1.075500E-7	3.407064E-3
1.076000E-7	3.537248E-3
1.076500E-7	3.610904E-3
1.077000E-7	3.609191E-3
1.077500E-7	3.562941E-3
1.078000E-7	3.496136E-3
1.078500E-7	3.369378E-3
1.079000E-7	3.194658E-3
1.079500E-7	3.019937E-3
1.080000E-7	2.860633E-3
1.080500E-7	2.701329E-3
1.081000E-7	2.547164E-3
1.081500E-7	2.428971E-3
1.082000E-7	2.379295E-3
1.082500E-7	2.384434E-3
1.083000E-7	2.411841E-3
1.083500E-7	2.463230E-3
1.084000E-7	2.562581E-3
1.084500E-7	2.687626E-3
1.085000E-7	2.781838E-3
1.085500E-7	2.858921E-3
1.086000E-7	2.932578E-3
1.086500E-7	2.970263E-3
1.087000E-7	2.966837E-3
1.087500E-7	2.956559E-3
1.088000E-7	2.956559E-3
1.088500E-7	2.942856E-3
1.089000E-7	2.913736E-3
1.089500E-7	2.894893E-3
1.090000E-7	2.908597E-3
1.090500E-7	2.947994E-3
1.091000E-7	2.982253E-3
1.091500E-7	3.018225E-3
1.092000E-7	3.067900E-3
1.092500E-7	3.124427E-3
1.093000E-7	3.168964E-3
1.093500E-7	3.196371E-3
1.094000E-7	3.213500E-3
1.094500E-7	3.225491E-3
1.095000E-7	3.222065E-3
1.095500E-7	3.179241E-3
1.096000E-7	3.110723E-3
1.096500E-7	3.052483E-3
1.097000E-7	2.983965E-3
1.097500E-7	2.876049E-3
1.098000E-7	2.769847E-3
1.098500E-7	2.704755E-3
1.099000E-7	2.643089E-3
1.099500E-7	2.595126E-3
1.100000E-7	2.608830E-3
1.100500E-7	2.667071E-3
1.101000E-7	2.740728E-3
1.101500E-7	2.829801E-3
1.102000E-7	2.930865E-3
1.102500E-7	2.997670E-3
1.103000E-7	3.026790E-3
1.103500E-7	3.042207E-3
1.104000E-7	3.040494E-3
1.104500E-7	2.985679E-3
1.105000E-7	2.884615E-3
1.105500E-7	2.761283E-3
1.106000E-7	2.632812E-3
1.106500E-7	2.497489E-3
1.107000E-7	2.374157E-3
1.107500E-7	2.305639E-3
1.108000E-7	2.279944E-3
1.108500E-7	2.278231E-3
1.109000E-7	2.319342E-3
1.109500E-7	2.403276E-3
1.110000E-7	2.499201E-3
1.110500E-7	2.595126E-3
1.111000E-7	2.716746E-3
1.111500E-7	2.834939E-3
1.112000E-7	2.901744E-3
1.112500E-7	2.937716E-3
1.113000E-7	2.980540E-3
1.113500E-7	2.989105E-3
1.114000E-7	2.936003E-3
1.114500E-7	2.850356E-3
1.115000E-7	2.754431E-3
1.115500E-7	2.643090E-3
1.116000E-7	2.557442E-3
1.116500E-7	2.514619E-3
1.117000E-7	2.494063E-3
1.117500E-7	2.504341E-3
1.118000E-7	2.583136E-3
1.118500E-7	2.692765E-3
1.119000E-7	2.780125E-3
1.119500E-7	2.884615E-3
1.120000E-7	3.018225E-3
1.120500E-7	3.134705E-3
1.121000E-7	3.222066E-3
1.121500E-7	3.307713E-3
1.122000E-7	3.386508E-3
1.122500E-7	3.415628E-3
1.123000E-7	3.398499E-3
1.123500E-7	3.360814E-3
1.124000E-7	3.290583E-3
1.124500E-7	3.189519E-3
1.125000E-7	3.083316E-3
1.125500E-7	2.992530E-3
1.126000E-7	2.894892E-3
1.126500E-7	2.786977E-3
1.127000E-7	2.682487E-3
1.127500E-7	2.579710E-3
1.128000E-7	2.497488E-3
1.128500E-7	2.466655E-3
1.129000E-7	2.461516E-3
1.129500E-7	2.447813E-3
1.130000E-7	2.470081E-3
1.130500E-7	2.530034E-3
1.131000E-7	2.593413E-3
1.131500E-7	2.673922E-3
1.132000E-7	2.771560E-3
1.132500E-7	2.850356E-3
1.133000E-7	2.905170E-3
1.133500E-7	2.965123E-3
1.134000E-7	3.009660E-3
1.134500E-7	3.019938E-3
1.135000E-7	3.037067E-3
1.135500E-7	3.062761E-3
1.136000E-7	3.049058E-3
1.136500E-7	2.999382E-3
1.137000E-7	2.953132E-3
1.137500E-7	2.898318E-3
1.138000E-7	2.838365E-3
1.138500E-7	2.809245E-3
1.139000E-7	2.783550E-3
1.139500E-7	2.735588E-3
1.140000E-7	2.703042E-3
1.140500E-7	2.704755E-3
1.141000E-7	2.703042E-3
1.141500E-7	2.694478E-3
1.142000E-7	2.703042E-3
1.142500E-7	2.709894E-3
1.143000E-7	2.680774E-3
1.143500E-7	2.643089E-3
1.144000E-7	2.622534E-3
1.144500E-7	2.608831E-3
1.145000E-7	2.589988E-3
1.145500E-7	2.562581E-3
1.146000E-7	2.523183E-3
1.146500E-7	2.494063E-3
1.147000E-7	2.459804E-3
1.147500E-7	2.413555E-3
1.148000E-7	2.398138E-3
1.148500E-7	2.446101E-3
1.149000E-7	2.495776E-3
1.149500E-7	2.499202E-3
1.150000E-7	2.487212E-3
1.150500E-7	2.488924E-3
1.151000E-7	2.506054E-3
1.151500E-7	2.536887E-3
1.152000E-7	2.593414E-3
1.152500E-7	2.661932E-3
1.153000E-7	2.759570E-3
1.153500E-7	2.888041E-3
1.154000E-7	3.042206E-3
1.154500E-7	3.204936E-3
1.155000E-7	3.367666E-3
1.155500E-7	3.532109E-3
1.156000E-7	3.674283E-3
1.156500E-7	3.768495E-3
1.157000E-7	3.795903E-3
1.157500E-7	3.787338E-3
1.158000E-7	3.759931E-3
1.158500E-7	3.686274E-3
1.159000E-7	3.544099E-3
1.159500E-7	3.383082E-3
1.160000E-7	3.246047E-3
1.160500E-7	3.105585E-3
1.161000E-7	2.951420E-3
1.161500E-7	2.845217E-3
1.162000E-7	2.774986E-3
1.162500E-7	2.703042E-3
1.163000E-7	2.620821E-3
1.163500E-7	2.543738E-3
1.164000E-7	2.482072E-3
1.164500E-7	2.439249E-3
1.165000E-7	2.379296E-3
1.165500E-7	2.310778E-3
1.166000E-7	2.279945E-3
1.166500E-7	2.300500E-3
1.167000E-7	2.319342E-3
1.167500E-7	2.345036E-3
1.168000E-7	2.447813E-3
1.168500E-7	2.610543E-3
1.169000E-7	2.800680E-3
1.169500E-7	3.006233E-3
1.170000E-7	3.216926E-3
1.170500E-7	3.408776E-3
1.171000E-7	3.600626E-3
1.171500E-7	3.775346E-3
1.172000E-7	3.890114E-3
1.172500E-7	3.939789E-3
1.173000E-7	3.941502E-3
1.173500E-7	3.907244E-3
1.174000E-7	3.838726E-3
1.174500E-7	3.723959E-3
1.175000E-7	3.573220E-3
1.175500E-7	3.446462E-3
1.176000E-7	3.348824E-3
1.176500E-7	3.210075E-3
1.177000E-7	3.014799E-3
1.177500E-7	2.874337E-3
1.178000E-7	2.817810E-3
1.178500E-7	2.769848E-3
1.179000E-7	2.706468E-3
1.179500E-7	2.665358E-3
1.180000E-7	2.643089E-3
1.180500E-7	2.624247E-3
1.181000E-7	2.622534E-3
1.181500E-7	2.607117E-3
1.182000E-7	2.569432E-3
1.182500E-7	2.542025E-3
1.183000E-7	2.536886E-3
1.183500E-7	2.504340E-3
1.184000E-7	2.464943E-3
1.184500E-7	2.440961E-3
1.185000E-7	2.398138E-3
1.185500E-7	2.363879E-3
1.186000E-7	2.391286E-3
1.186500E-7	2.442674E-3
1.187000E-7	2.487211E-3
1.187500E-7	2.577997E-3
1.188000E-7	2.711607E-3
1.188500E-7	2.824662E-3
1.189000E-7	2.922300E-3
1.189500E-7	3.050771E-3
1.190000E-7	3.172390E-3
1.190500E-7	3.264889E-3
1.191000E-7	3.348824E-3
1.191500E-7	3.408777E-3
1.192000E-7	3.417342E-3
1.192500E-7	3.401926E-3
1.193000E-7	3.384796E-3
1.193500E-7	3.357389E-3
1.194000E-7	3.331695E-3
1.194500E-7	3.292297E-3
1.195000E-7	3.225491E-3
1.195500E-7	3.168964E-3
1.196000E-7	3.148408E-3
1.196500E-7	3.124427E-3
1.197000E-7	3.083316E-3
1.197500E-7	3.052482E-3
1.198000E-7	3.049056E-3
1.198500E-7	3.016510E-3
1.199000E-7	2.951418E-3
1.199500E-7	2.882901E-3
1.200000E-7	2.828087E-3
1.200500E-7	2.780124E-3
1.201000E-7	2.740726E-3
1.201500E-7	2.733875E-3
1.202000E-7	2.776699E-3
1.202500E-7	2.846930E-3
1.203000E-7	2.927438E-3
1.203500E-7	3.037067E-3
1.204000E-7	3.162112E-3
1.204500E-7	3.261463E-3
1.205000E-7	3.306000E-3
1.205500E-7	3.300861E-3
1.206000E-7	3.246047E-3
1.206500E-7	3.162112E-3
1.207000E-7	3.062761E-3
1.207500E-7	2.930864E-3
1.208000E-7	2.781837E-3
1.208500E-7	2.660218E-3
1.209000E-7	2.574571E-3
1.209500E-7	2.518043E-3
1.210000E-7	2.518043E-3
1.210500E-7	2.583135E-3
1.211000E-7	2.697902E-3
1.211500E-7	2.857207E-3
1.212000E-7	3.067899E-3
1.212500E-7	3.283731E-3
1.213000E-7	3.441322E-3
1.213500E-7	3.547525E-3
1.214000E-7	3.622895E-3
1.214500E-7	3.640024E-3
1.215000E-7	3.578358E-3
1.215500E-7	3.432758E-3
1.216000E-7	3.222066E-3
1.216500E-7	2.987392E-3
1.217000E-7	2.785264E-3
1.217500E-7	2.601979E-3
1.218000E-7	2.432397E-3
1.218500E-7	2.324481E-3
1.219000E-7	2.293648E-3
1.219500E-7	2.314203E-3
1.220000E-7	2.398138E-3
1.220500E-7	2.550590E-3
1.221000E-7	2.711608E-3
1.221500E-7	2.862347E-3
1.222000E-7	3.047346E-3
1.222500E-7	3.223779E-3
1.223000E-7	3.300862E-3
1.223500E-7	3.307714E-3
1.224000E-7	3.285445E-3
1.224500E-7	3.174104E-3
1.225000E-7	2.965124E-3
1.225500E-7	2.754431E-3
1.226000E-7	2.584849E-3
1.226500E-7	2.410128E-3
1.227000E-7	2.261102E-3
1.227500E-7	2.187445E-3
1.228000E-7	2.194297E-3
1.228500E-7	2.238834E-3
1.229000E-7	2.319342E-3
1.229500E-7	2.447813E-3
1.230000E-7	2.610543E-3
1.230500E-7	2.797255E-3
1.231000E-7	2.968549E-3
1.231500E-7	3.098733E-3
1.232000E-7	3.210074E-3
1.232500E-7	3.297435E-3
1.233000E-7	3.317990E-3
1.233500E-7	3.292296E-3
1.234000E-7	3.251185E-3
1.234500E-7	3.186093E-3
1.235000E-7	3.091881E-3
1.235500E-7	3.018224E-3
1.236000E-7	2.965123E-3
1.236500E-7	2.900031E-3
1.237000E-7	2.841790E-3
1.237500E-7	2.822948E-3
1.238000E-7	2.810958E-3
1.238500E-7	2.800680E-3
1.239000E-7	2.805819E-3
1.239500E-7	2.824661E-3
1.240000E-7	2.838365E-3
1.240500E-7	2.848642E-3
1.241000E-7	2.860633E-3
1.241500E-7	2.877763E-3
1.242000E-7	2.915447E-3
1.242500E-7	2.970262E-3
1.243000E-7	3.019937E-3
1.243500E-7	3.073038E-3
1.244000E-7	3.148408E-3
1.244500E-7	3.211787E-3
1.245000E-7	3.247759E-3
1.245500E-7	3.282018E-3
1.246000E-7	3.321416E-3
1.246500E-7	3.323129E-3
1.247000E-7	3.276879E-3
1.247500E-7	3.237482E-3
1.248000E-7	3.235769E-3
1.248500E-7	3.232343E-3
1.249000E-7	3.177529E-3
1.249500E-7	3.109011E-3
1.250000E-7	3.103872E-3
1.250500E-7	3.158687E-3
1.251000E-7	3.187807E-3
1.251500E-7	3.206649E-3
1.252000E-7	3.270028E-3
1.252500E-7	3.352250E-3
1.253000E-7	3.393360E-3
1.253500E-7	3.417341E-3
1.254000E-7	3.439609E-3
1.254500E-7	3.424193E-3
1.255000E-7	3.355675E-3
1.255500E-7	3.290583E-3
1.256000E-7	3.234055E-3
1.256500E-7	3.170676E-3
1.257000E-7	3.134704E-3
1.257500E-7	3.139843E-3
1.258000E-7	3.156973E-3
1.258500E-7	3.174102E-3
1.259000E-7	3.204935E-3
1.259500E-7	3.225491E-3
1.260000E-7	3.220352E-3
1.260500E-7	3.220352E-3
1.261000E-7	3.203223E-3
1.261500E-7	3.141557E-3
1.262000E-7	3.052484E-3
1.262500E-7	2.951420E-3
1.263000E-7	2.838366E-3
1.263500E-7	2.732163E-3
1.264000E-7	2.667071E-3
1.264500E-7	2.625960E-3
1.265000E-7	2.634524E-3
1.265500E-7	2.692764E-3
1.266000E-7	2.785263E-3
1.266500E-7	2.896605E-3
1.267000E-7	3.023363E-3
1.267500E-7	3.129566E-3
1.268000E-7	3.189519E-3
1.268500E-7	3.225491E-3
1.269000E-7	3.218639E-3
1.269500E-7	3.158686E-3
1.270000E-7	3.071325E-3
1.270500E-7	2.978826E-3
1.271000E-7	2.870911E-3
1.271500E-7	2.754430E-3
1.272000E-7	2.675635E-3
1.272500E-7	2.617394E-3
1.273000E-7	2.581422E-3
1.273500E-7	2.571145E-3
1.274000E-7	2.579709E-3
1.274500E-7	2.577996E-3
1.275000E-7	2.584848E-3
1.275500E-7	2.577996E-3
1.276000E-7	2.530034E-3
1.276500E-7	2.454664E-3
1.277000E-7	2.386146E-3
1.277500E-7	2.329619E-3
1.278000E-7	2.283370E-3
1.278500E-7	2.271379E-3
1.279000E-7	2.291935E-3
1.279500E-7	2.326194E-3
1.280000E-7	2.396425E-3
1.280500E-7	2.502627E-3
1.281000E-7	2.646515E-3
1.281500E-7	2.828087E-3
1.282000E-7	3.016511E-3
1.282500E-7	3.168964E-3
1.283000E-7	3.275167E-3
1.283500E-7	3.355675E-3
1.284000E-7	3.408776E-3
1.284500E-7	3.403638E-3
1.285000E-7	3.352249E-3
1.285500E-7	3.275167E-3
1.286000E-7	3.158686E-3
1.286500E-7	3.002808E-3
1.287000E-7	2.864060E-3
1.287500E-7	2.771560E-3
1.288000E-7	2.682487E-3
1.288500E-7	2.600266E-3
1.289000E-7	2.576284E-3
1.289500E-7	2.601979E-3
1.290000E-7	2.644802E-3
1.290500E-7	2.723598E-3
1.291000E-7	2.829801E-3
1.291500E-7	2.915448E-3
1.292000E-7	2.980540E-3
1.292500E-7	3.049058E-3
1.293000E-7	3.085029E-3
1.293500E-7	3.085029E-3
1.294000E-7	3.076465E-3
1.294500E-7	3.055909E-3
1.295000E-7	2.995956E-3
1.295500E-7	2.906883E-3
1.296000E-7	2.819523E-3
1.296500E-7	2.739014E-3
1.297000E-7	2.677348E-3
1.297500E-7	2.663645E-3
1.298000E-7	2.696191E-3
1.298500E-7	2.749293E-3
1.299000E-7	2.821237E-3
1.299500E-7	2.912023E-3
1.300000E-7	3.007948E-3
1.300500E-7	3.102160E-3
1.301000E-7	3.177530E-3
1.301500E-7	3.225492E-3
1.302000E-7	3.242621E-3
1.302500E-7	3.239195E-3
1.303000E-7	3.218640E-3
1.303500E-7	3.186093E-3
1.304000E-7	3.124427E-3
1.304500E-7	3.047344E-3
1.305000E-7	2.980539E-3
1.305500E-7	2.932577E-3
1.306000E-7	2.894892E-3
1.306500E-7	2.874336E-3
1.307000E-7	2.893179E-3
1.307500E-7	2.930864E-3
1.308000E-7	2.978827E-3
1.308500E-7	3.047345E-3
1.309000E-7	3.132992E-3
1.309500E-7	3.177529E-3
1.310000E-7	3.196371E-3
1.310500E-7	3.213501E-3
1.311000E-7	3.215214E-3
1.311500E-7	3.189520E-3
1.312000E-7	3.167251E-3
1.312500E-7	3.114150E-3
1.313000E-7	3.004521E-3
1.313500E-7	2.903457E-3
1.314000E-7	2.826374E-3
1.314500E-7	2.730449E-3
1.315000E-7	2.643089E-3
1.315500E-7	2.607117E-3
1.316000E-7	2.595127E-3
1.316500E-7	2.579710E-3
1.317000E-7	2.591701E-3
1.317500E-7	2.646516E-3
1.318000E-7	2.715034E-3
1.318500E-7	2.792116E-3
1.319000E-7	2.879477E-3
1.319500E-7	2.949707E-3
1.320000E-7	3.021651E-3
1.320500E-7	3.105585E-3
1.321000E-7	3.141557E-3
1.321500E-7	3.103872E-3
1.322000E-7	3.049058E-3
1.322500E-7	2.989104E-3
1.323000E-7	2.884614E-3
1.323500E-7	2.737301E-3
1.324000E-7	2.613969E-3
1.324500E-7	2.509479E-3
1.325000E-7	2.399851E-3
1.325500E-7	2.329620E-3
1.326000E-7	2.321055E-3
1.326500E-7	2.326194E-3
1.327000E-7	2.309065E-3
1.327500E-7	2.336472E-3
1.328000E-7	2.437536E-3
1.328500E-7	2.571146E-3
1.329000E-7	2.680775E-3
1.329500E-7	2.790403E-3
1.330000E-7	2.910309E-3
1.330500E-7	3.001095E-3
1.331000E-7	3.047345E-3
1.331500E-7	3.081603E-3
1.332000E-7	3.085029E-3
1.332500E-7	3.013085E-3
1.333000E-7	2.910308E-3
1.333500E-7	2.852068E-3
1.334000E-7	2.819522E-3
1.334500E-7	2.757856E-3
1.335000E-7	2.670496E-3
1.335500E-7	2.591700E-3
1.336000E-7	2.531747E-3
1.336500E-7	2.507766E-3
1.337000E-7	2.516331E-3
1.337500E-7	2.531747E-3
1.338000E-7	2.586562E-3
1.338500E-7	2.691052E-3
1.339000E-7	2.783551E-3
1.339500E-7	2.822949E-3
1.340000E-7	2.879476E-3
1.340500E-7	2.947994E-3
1.341000E-7	2.953133E-3
1.341500E-7	2.915449E-3
1.342000E-7	2.886328E-3
1.342500E-7	2.845217E-3
1.343000E-7	2.776699E-3
1.343500E-7	2.720172E-3
1.344000E-7	2.696190E-3
1.344500E-7	2.682487E-3
1.345000E-7	2.709894E-3
1.345500E-7	2.790402E-3
1.346000E-7	2.891466E-3
1.346500E-7	2.994243E-3
1.347000E-7	3.107297E-3
1.347500E-7	3.216926E-3
1.348000E-7	3.312851E-3
1.348500E-7	3.384795E-3
1.349000E-7	3.420767E-3
1.349500E-7	3.413915E-3
1.350000E-7	3.401924E-3
1.350500E-7	3.396786E-3
1.351000E-7	3.355675E-3
1.351500E-7	3.294009E-3
1.352000E-7	3.270027E-3
1.352500E-7	3.259750E-3
1.353000E-7	3.227204E-3
1.353500E-7	3.222065E-3
1.354000E-7	3.283731E-3
1.354500E-7	3.359101E-3
1.355000E-7	3.396786E-3
1.355500E-7	3.417341E-3
1.356000E-7	3.413916E-3
1.356500E-7	3.372805E-3
1.357000E-7	3.294009E-3
1.357500E-7	3.199797E-3
1.358000E-7	3.093594E-3
1.358500E-7	2.987391E-3
1.359000E-7	2.886328E-3
1.359500E-7	2.798967E-3
1.360000E-7	2.723597E-3
1.360500E-7	2.703042E-3
1.361000E-7	2.742440E-3
1.361500E-7	2.821236E-3
1.362000E-7	2.906883E-3
1.362500E-7	3.004521E-3
1.363000E-7	3.102159E-3
1.363500E-7	3.187806E-3
1.364000E-7	3.258037E-3
1.364500E-7	3.304287E-3
1.365000E-7	3.309426E-3
1.365500E-7	3.268315E-3
1.366000E-7	3.196371E-3
1.366500E-7	3.103872E-3
1.367000E-7	3.007947E-3
1.367500E-7	2.927439E-3
1.368000E-7	2.869198E-3
1.368500E-7	2.822949E-3
1.369000E-7	2.792116E-3
1.369500E-7	2.776699E-3
1.370000E-7	2.780125E-3
1.370500E-7	2.804106E-3
1.371000E-7	2.840078E-3
1.371500E-7	2.877763E-3
1.372000E-7	2.908596E-3
1.372500E-7	2.947993E-3
1.373000E-7	2.997669E-3
1.373500E-7	3.042206E-3
1.374000E-7	3.050770E-3
1.374500E-7	3.030215E-3
1.375000E-7	3.013086E-3
1.375500E-7	3.025076E-3
1.376000E-7	3.055909E-3
1.376500E-7	3.062761E-3
1.377000E-7	3.037067E-3
1.377500E-7	3.021651E-3
1.378000E-7	3.038780E-3
1.378500E-7	3.047345E-3
1.379000E-7	3.019938E-3
1.379500E-7	3.007947E-3
1.380000E-7	3.040493E-3
1.380500E-7	3.059335E-3
1.381000E-7	3.035354E-3
1.381500E-7	3.004521E-3
1.382000E-7	2.970262E-3
1.382500E-7	2.920587E-3
1.383000E-7	2.858921E-3
1.383500E-7	2.798968E-3
1.384000E-7	2.718459E-3
1.384500E-7	2.639664E-3
1.385000E-7	2.605405E-3
1.385500E-7	2.607117E-3
1.386000E-7	2.632811E-3
1.386500E-7	2.694477E-3
1.387000E-7	2.793828E-3
1.387500E-7	2.906882E-3
1.388000E-7	3.023363E-3
1.388500E-7	3.150121E-3
1.389000E-7	3.246046E-3
1.389500E-7	3.282017E-3
1.390000E-7	3.288869E-3
1.390500E-7	3.271740E-3
1.391000E-7	3.180954E-3
1.391500E-7	3.049057E-3
1.392000E-7	2.944567E-3
1.392500E-7	2.852068E-3
1.393000E-7	2.751004E-3
1.393500E-7	2.701329E-3
1.394000E-7	2.706467E-3
1.394500E-7	2.704754E-3
1.395000E-7	2.715032E-3
1.395500E-7	2.771559E-3
1.396000E-7	2.793828E-3
1.396500E-7	2.768134E-3
1.397000E-7	2.754431E-3
1.397500E-7	2.718459E-3
1.398000E-7	2.615682E-3
1.398500E-7	2.495776E-3
1.399000E-7	2.384435E-3
1.399500E-7	2.262816E-3
1.400000E-7	2.182307E-3
1.400500E-7	2.178881E-3
1.401000E-7	2.204575E-3
1.401500E-7	2.266241E-3
1.402000E-7	2.403276E-3
1.402500E-7	2.576284E-3
1.403000E-7	2.756143E-3
1.403500E-7	2.966835E-3
1.404000E-7	3.198083E-3
1.404500E-7	3.407063E-3
1.405000E-7	3.580070E-3
1.405500E-7	3.708542E-3
1.406000E-7	3.759930E-3
1.406500E-7	3.771921E-3
1.407000E-7	3.763357E-3
1.407500E-7	3.710256E-3
1.408000E-7	3.631460E-3
1.408500E-7	3.545813E-3
1.409000E-7	3.427619E-3
1.409500E-7	3.288871E-3
1.410000E-7	3.180955E-3
1.410500E-7	3.083317E-3
1.411000E-7	2.959984E-3
1.411500E-7	2.865772E-3
1.412000E-7	2.817809E-3
1.412500E-7	2.783550E-3
1.413000E-7	2.742439E-3
1.413500E-7	2.723597E-3
1.414000E-7	2.725310E-3
1.414500E-7	2.732161E-3
1.415000E-7	2.737300E-3
1.415500E-7	2.721884E-3
1.416000E-7	2.684199E-3
1.416500E-7	2.670496E-3
1.417000E-7	2.684200E-3
1.417500E-7	2.699617E-3
1.418000E-7	2.728737E-3
1.418500E-7	2.788690E-3
1.419000E-7	2.840079E-3
1.419500E-7	2.872625E-3
1.420000E-7	2.913735E-3
1.420500E-7	2.942855E-3
1.421000E-7	2.922300E-3
1.421500E-7	2.870911E-3
1.422000E-7	2.812671E-3
1.422500E-7	2.751005E-3
1.423000E-7	2.691052E-3
1.423500E-7	2.663645E-3
1.424000E-7	2.675635E-3
1.424500E-7	2.728737E-3
1.425000E-7	2.833227E-3
1.425500E-7	2.997669E-3
1.426000E-7	3.218640E-3
1.426500E-7	3.479008E-3
1.427000E-7	3.751366E-3
1.427500E-7	3.994605E-3
1.428000E-7	4.172751E-3
1.428500E-7	4.270389E-3
1.429000E-7	4.282380E-3
1.429500E-7	4.213862E-3
1.430000E-7	4.071687E-3
1.430500E-7	3.857569E-3
1.431000E-7	3.556090E-3
1.431500E-7	3.230630E-3
1.432000E-7	2.956559E-3
1.432500E-7	2.762996E-3
1.433000E-7	2.601978E-3
1.433500E-7	2.478646E-3
1.434000E-7	2.435822E-3
1.434500E-7	2.476933E-3
1.435000E-7	2.543738E-3
1.435500E-7	2.634524E-3
1.436000E-7	2.756143E-3
1.436500E-7	2.870911E-3
1.437000E-7	2.951419E-3
1.437500E-7	3.014798E-3
1.438000E-7	3.052483E-3
1.438500E-7	3.057622E-3
1.439000E-7	3.030215E-3
1.439500E-7	2.983966E-3
1.440000E-7	2.924013E-3
1.440500E-7	2.876050E-3
1.441000E-7	2.843504E-3
1.441500E-7	2.790403E-3
1.442000E-7	2.721885E-3
1.442500E-7	2.701330E-3
1.443000E-7	2.735589E-3
1.443500E-7	2.780125E-3
1.444000E-7	2.821236E-3
1.444500E-7	2.882902E-3
1.445000E-7	2.954845E-3
1.445500E-7	3.004520E-3
1.446000E-7	3.035353E-3
1.446500E-7	3.069612E-3
1.447000E-7	3.110723E-3
1.447500E-7	3.148407E-3
1.448000E-7	3.168963E-3
1.448500E-7	3.175815E-3
1.449000E-7	3.186093E-3
1.449500E-7	3.203222E-3
1.450000E-7	3.235768E-3
1.450500E-7	3.270028E-3
1.451000E-7	3.287157E-3
1.451500E-7	3.288870E-3
1.452000E-7	3.280305E-3
1.452500E-7	3.261463E-3
1.453000E-7	3.227204E-3
1.453500E-7	3.172390E-3
1.454000E-7	3.110724E-3
1.454500E-7	3.049057E-3
1.455000E-7	2.995956E-3
1.455500E-7	2.929151E-3
1.456000E-7	2.838365E-3
1.456500E-7	2.759569E-3
1.457000E-7	2.730449E-3
1.457500E-7	2.737301E-3
1.458000E-7	2.757857E-3
1.458500E-7	2.804106E-3
1.459000E-7	2.879476E-3
1.459500E-7	2.961698E-3
1.460000E-7	3.035355E-3
1.460500E-7	3.102160E-3
1.461000E-7	3.151835E-3
1.461500E-7	3.163826E-3
1.462000E-7	3.163826E-3
1.462500E-7	3.158687E-3
1.463000E-7	3.127854E-3
1.463500E-7	3.083318E-3
1.464000E-7	3.040494E-3
1.464500E-7	2.999383E-3
1.465000E-7	2.937716E-3
1.465500E-7	2.879476E-3
1.466000E-7	2.846929E-3
1.466500E-7	2.824661E-3
1.467000E-7	2.790402E-3
1.467500E-7	2.769846E-3
1.468000E-7	2.754430E-3
1.468500E-7	2.715032E-3
1.469000E-7	2.644801E-3
1.469500E-7	2.567719E-3
1.470000E-7	2.512905E-3
1.470500E-7	2.476933E-3
1.471000E-7	2.437535E-3
1.471500E-7	2.420406E-3
1.472000E-7	2.471795E-3
1.472500E-7	2.566007E-3
1.473000E-7	2.663645E-3
1.473500E-7	2.771561E-3
1.474000E-7	2.893180E-3
1.474500E-7	2.994244E-3
1.475000E-7	3.079891E-3
1.475500E-7	3.165538E-3
1.476000E-7	3.223778E-3
1.476500E-7	3.230630E-3
1.477000E-7	3.206649E-3
1.477500E-7	3.163825E-3
1.478000E-7	3.107298E-3
1.478500E-7	3.057622E-3
1.479000E-7	3.018224E-3
1.479500E-7	2.956558E-3
1.480000E-7	2.870911E-3
1.480500E-7	2.812670E-3
1.481000E-7	2.786976E-3
1.481500E-7	2.766421E-3
1.482000E-7	2.742440E-3
1.482500E-7	2.718458E-3
1.483000E-7	2.663644E-3
1.483500E-7	2.579710E-3
1.484000E-7	2.478646E-3
1.484500E-7	2.355313E-3
1.485000E-7	2.216565E-3
1.485500E-7	2.105223E-3
1.486000E-7	2.046983E-3
1.486500E-7	2.012724E-3
1.487000E-7	2.011011E-3
1.487500E-7	2.065825E-3
1.488000E-7	2.144621E-3
1.488500E-7	2.235407E-3
1.489000E-7	2.346749E-3
1.489500E-7	2.475220E-3
1.490000E-7	2.600265E-3
1.490500E-7	2.737301E-3
1.491000E-7	2.877763E-3
1.491500E-7	2.992530E-3
1.492000E-7	3.073038E-3
1.492500E-7	3.127852E-3
1.493000E-7	3.155260E-3
1.493500E-7	3.170676E-3
1.494000E-7	3.186092E-3
1.494500E-7	3.199796E-3
1.495000E-7	3.196370E-3
1.495500E-7	3.184379E-3
1.496000E-7	3.160398E-3
1.496500E-7	3.124426E-3
1.497000E-7	3.090167E-3
1.497500E-7	3.067899E-3
1.498000E-7	3.059334E-3
1.498500E-7	3.042205E-3
1.499000E-7	3.002808E-3
1.499500E-7	2.941142E-3
1.500000E-7	2.886327E-3
1.500500E-7	2.829800E-3
1.501000E-7	2.742440E-3
1.501500E-7	2.649941E-3
1.502000E-7	2.591701E-3
1.502500E-7	2.569433E-3
1.503000E-7	2.557442E-3
1.503500E-7	2.576285E-3
1.504000E-7	2.636238E-3
1.504500E-7	2.697904E-3
1.505000E-7	2.766422E-3
1.505500E-7	2.889754E-3
1.506000E-7	3.045632E-3
1.506500E-7	3.160400E-3
1.507000E-7	3.259751E-3
1.507500E-7	3.371092E-3
1.508000E-7	3.446462E-3
1.508500E-7	3.467017E-3
1.509000E-7	3.484146E-3
1.509500E-7	3.499563E-3
1.510000E-7	3.480720E-3
1.510500E-7	3.439610E-3
1.511000E-7	3.398499E-3
1.511500E-7	3.347110E-3
1.512000E-7	3.273454E-3
1.512500E-7	3.186093E-3
1.513000E-7	3.103872E-3
1.513500E-7	3.035354E-3
1.514000E-7	2.978826E-3
1.514500E-7	2.906883E-3
1.515000E-7	2.828087E-3
1.515500E-7	2.761282E-3
1.516000E-7	2.715032E-3
1.516500E-7	2.661931E-3
1.517000E-7	2.615681E-3
1.517500E-7	2.586561E-3
1.518000E-7	2.574570E-3
1.518500E-7	2.569432E-3
1.519000E-7	2.559154E-3
1.519500E-7	2.557441E-3
1.520000E-7	2.577997E-3
1.520500E-7	2.584849E-3
1.521000E-7	2.567720E-3
1.521500E-7	2.543738E-3
1.522000E-7	2.514618E-3
1.522500E-7	2.464943E-3
1.523000E-7	2.434110E-3
1.523500E-7	2.430684E-3
1.524000E-7	2.415268E-3
1.524500E-7	2.408416E-3
1.525000E-7	2.454666E-3
1.525500E-7	2.550591E-3
1.526000E-7	2.648229E-3
1.526500E-7	2.740728E-3
1.527000E-7	2.840079E-3
1.527500E-7	2.947994E-3
1.528000E-7	3.047345E-3
1.528500E-7	3.105585E-3
1.529000E-7	3.121002E-3
1.529500E-7	3.121002E-3
1.530000E-7	3.098733E-3
1.530500E-7	3.033641E-3
1.531000E-7	2.966836E-3
1.531500E-7	2.944567E-3
1.532000E-7	2.941142E-3
1.532500E-7	2.951419E-3
1.533000E-7	3.009659E-3
1.533500E-7	3.115862E-3
1.534000E-7	3.215213E-3
1.534500E-7	3.292295E-3
1.535000E-7	3.376230E-3
1.535500E-7	3.455025E-3
1.536000E-7	3.506414E-3
1.536500E-7	3.518405E-3
1.537000E-7	3.482433E-3
1.537500E-7	3.412202E-3
1.538000E-7	3.323129E-3
1.538500E-7	3.206649E-3
1.539000E-7	3.037067E-3
1.539500E-7	2.882902E-3
1.540000E-7	2.797254E-3
1.540500E-7	2.749292E-3
1.541000E-7	2.721885E-3
1.541500E-7	2.756144E-3
1.542000E-7	2.869198E-3
1.542500E-7	3.011373E-3
1.543000E-7	3.156973E-3
1.543500E-7	3.329981E-3
1.544000E-7	3.511553E-3
1.544500E-7	3.667432E-3
1.545000E-7	3.787338E-3
1.545500E-7	3.872985E-3
1.546000E-7	3.910670E-3
1.546500E-7	3.891827E-3
1.547000E-7	3.804467E-3
1.547500E-7	3.667431E-3
1.548000E-7	3.511553E-3
1.548500E-7	3.331694E-3
1.549000E-7	3.127853E-3
1.549500E-7	2.961697E-3
1.550000E-7	2.874337E-3
1.550500E-7	2.812671E-3
1.551000E-7	2.747579E-3
1.551500E-7	2.711607E-3
1.552000E-7	2.723598E-3
1.552500E-7	2.740727E-3
1.553000E-7	2.764708E-3
1.553500E-7	2.812671E-3
1.554000E-7	2.843504E-3
1.554500E-7	2.831513E-3
1.555000E-7	2.797254E-3
1.555500E-7	2.754431E-3
1.556000E-7	2.689339E-3
1.556500E-7	2.612256E-3
1.557000E-7	2.547164E-3
1.557500E-7	2.499202E-3
1.558000E-7	2.476934E-3
1.558500E-7	2.499202E-3
1.559000E-7	2.560868E-3
1.559500E-7	2.631099E-3
1.560000E-7	2.694478E-3
1.560500E-7	2.751005E-3
1.561000E-7	2.793828E-3
1.561500E-7	2.821235E-3
1.562000E-7	2.845216E-3
1.562500E-7	2.840077E-3
1.563000E-7	2.814383E-3
1.563500E-7	2.754430E-3
1.564000E-7	2.649940E-3
1.564500E-7	2.535173E-3
1.565000E-7	2.456378E-3
1.565500E-7	2.387860E-3
1.566000E-7	2.291936E-3
1.566500E-7	2.231983E-3
1.567000E-7	2.271381E-3
1.567500E-7	2.331334E-3
1.568000E-7	2.372445E-3
1.568500E-7	2.451241E-3
1.569000E-7	2.574573E-3
1.569500E-7	2.677349E-3
1.570000E-7	2.773274E-3
1.570500E-7	2.864060E-3
1.571000E-7	2.912022E-3
1.571500E-7	2.936003E-3
1.572000E-7	2.983966E-3
1.572500E-7	3.021650E-3
1.573000E-7	3.001095E-3
1.573500E-7	2.953132E-3
1.574000E-7	2.915448E-3
1.574500E-7	2.852069E-3
1.575000E-7	2.766421E-3
1.575500E-7	2.682487E-3
1.576000E-7	2.601978E-3
1.576500E-7	2.519757E-3
1.577000E-7	2.451239E-3
1.577500E-7	2.398138E-3
1.578000E-7	2.367304E-3
1.578500E-7	2.348462E-3
1.579000E-7	2.333045E-3
1.579500E-7	2.331332E-3
1.580000E-7	2.367304E-3
1.580500E-7	2.439248E-3
1.581000E-7	2.540312E-3
1.581500E-7	2.687625E-3
1.582000E-7	2.860633E-3
1.582500E-7	3.014799E-3
1.583000E-7	3.143270E-3
1.583500E-7	3.264889E-3
1.584000E-7	3.364240E-3
1.584500E-7	3.419055E-3
1.585000E-7	3.432758E-3
1.585500E-7	3.386509E-3
1.586000E-7	3.306000E-3
1.586500E-7	3.228917E-3
1.587000E-7	3.134705E-3
1.587500E-7	2.994243E-3
1.588000E-7	2.855494E-3
1.588500E-7	2.737301E-3
1.589000E-7	2.624246E-3
1.589500E-7	2.548876E-3
1.590000E-7	2.552302E-3
1.590500E-7	2.583135E-3
1.591000E-7	2.615681E-3
1.591500E-7	2.723597E-3
1.592000E-7	2.891466E-3
1.592500E-7	3.028502E-3
1.593000E-7	3.117575E-3
1.593500E-7	3.179242E-3
1.594000E-7	3.216927E-3
1.594500E-7	3.222066E-3
1.595000E-7	3.208362E-3
1.595500E-7	3.158687E-3
1.596000E-7	3.079891E-3
1.596500E-7	2.992531E-3
1.597000E-7	2.905170E-3
1.597500E-7	2.828087E-3
1.598000E-7	2.807532E-3
1.598500E-7	2.846929E-3
1.599000E-7	2.906882E-3
1.599500E-7	3.016511E-3
1.600000E-7	3.170676E-3
1.600500E-7	3.317989E-3
1.601000E-7	3.427618E-3
1.601500E-7	3.521830E-3
1.602000E-7	3.581783E-3
1.602500E-7	3.574932E-3
1.603000E-7	3.518404E-3
1.603500E-7	3.413915E-3
1.604000E-7	3.254610E-3
1.604500E-7	3.066186E-3
1.605000E-7	2.884614E-3
1.605500E-7	2.735587E-3
1.606000E-7	2.631097E-3
1.606500E-7	2.567718E-3
1.607000E-7	2.526608E-3
1.607500E-7	2.512904E-3
1.608000E-7	2.545450E-3
1.608500E-7	2.598552E-3
1.609000E-7	2.632811E-3
1.609500E-7	2.655079E-3
1.610000E-7	2.673922E-3
1.610500E-7	2.665357E-3
1.611000E-7	2.632811E-3
1.611500E-7	2.625960E-3
1.612000E-7	2.644802E-3
1.612500E-7	2.653367E-3
1.613000E-7	2.649941E-3
1.613500E-7	2.679061E-3
1.614000E-7	2.751004E-3
1.614500E-7	2.831513E-3
1.615000E-7	2.908595E-3
1.615500E-7	2.995955E-3
1.616000E-7	3.100445E-3
1.616500E-7	3.177528E-3
1.617000E-7	3.211787E-3
1.617500E-7	3.230629E-3
1.618000E-7	3.242620E-3
1.618500E-7	3.206648E-3
1.619000E-7	3.136417E-3
1.619500E-7	3.059335E-3
1.620000E-7	2.975400E-3
1.620500E-7	2.884614E-3
1.621000E-7	2.805819E-3
1.621500E-7	2.737301E-3
1.622000E-7	2.675635E-3
1.622500E-7	2.648228E-3
1.623000E-7	2.641376E-3
1.623500E-7	2.643089E-3
1.624000E-7	2.655080E-3
1.624500E-7	2.689339E-3
1.625000E-7	2.735588E-3
1.625500E-7	2.788689E-3
1.626000E-7	2.834938E-3
1.626500E-7	2.876049E-3
1.627000E-7	2.941141E-3
1.627500E-7	3.018223E-3
1.628000E-7	3.069612E-3
1.628500E-7	3.097019E-3
1.629000E-7	3.115861E-3
1.629500E-7	3.112436E-3
1.630000E-7	3.081603E-3
1.630500E-7	3.052483E-3
1.631000E-7	3.021650E-3
1.631500E-7	2.966836E-3
1.632000E-7	2.927439E-3
1.632500E-7	2.925726E-3
1.633000E-7	2.924013E-3
1.633500E-7	2.886328E-3
1.634000E-7	2.831513E-3
1.634500E-7	2.776699E-3
1.635000E-7	2.740727E-3
1.635500E-7	2.711607E-3
1.636000E-7	2.687625E-3
1.636500E-7	2.689338E-3
1.637000E-7	2.721884E-3
1.637500E-7	2.749291E-3
1.638000E-7	2.783550E-3
1.638500E-7	2.864059E-3
1.639000E-7	2.959984E-3
1.639500E-7	3.028502E-3
1.640000E-7	3.093594E-3
1.640500E-7	3.163825E-3
1.641000E-7	3.216926E-3
1.641500E-7	3.237481E-3
1.642000E-7	3.251185E-3
1.642500E-7	3.237481E-3
1.643000E-7	3.167250E-3
1.643500E-7	3.042205E-3
1.644000E-7	2.908595E-3
1.644500E-7	2.769846E-3
1.645000E-7	2.607116E-3
1.645500E-7	2.454664E-3
1.646000E-7	2.360452E-3
1.646500E-7	2.321054E-3
1.647000E-7	2.302212E-3
1.647500E-7	2.322767E-3
1.648000E-7	2.398137E-3
1.648500E-7	2.516330E-3
1.649000E-7	2.679060E-3
1.649500E-7	2.872623E-3
1.650000E-7	3.054196E-3
1.650500E-7	3.223777E-3
1.651000E-7	3.388220E-3
1.651500E-7	3.501275E-3
1.652000E-7	3.544099E-3
1.652500E-7	3.549237E-3
1.653000E-7	3.520117E-3
1.653500E-7	3.424192E-3
1.654000E-7	3.290582E-3
1.654500E-7	3.155260E-3
1.655000E-7	3.016511E-3
1.655500E-7	2.906882E-3
1.656000E-7	2.843503E-3
1.656500E-7	2.792115E-3
1.657000E-7	2.747578E-3
1.657500E-7	2.737300E-3
1.658000E-7	2.745865E-3
1.658500E-7	2.754430E-3
1.659000E-7	2.786976E-3
1.659500E-7	2.809245E-3
1.660000E-7	2.778412E-3
1.660500E-7	2.708181E-3
1.661000E-7	2.620821E-3
1.661500E-7	2.490637E-3
1.662000E-7	2.348463E-3
1.662500E-7	2.237121E-3
1.663000E-7	2.137770E-3
1.663500E-7	2.046984E-3
1.664000E-7	2.023002E-3
1.664500E-7	2.065826E-3
1.665000E-7	2.118927E-3
1.665500E-7	2.194297E-3
1.666000E-7	2.327906E-3
1.666500E-7	2.468368E-3
1.667000E-7	2.576284E-3
1.667500E-7	2.675635E-3
1.668000E-7	2.761282E-3
1.668500E-7	2.783550E-3
1.669000E-7	2.756143E-3
1.669500E-7	2.742440E-3
1.670000E-7	2.732162E-3
1.670500E-7	2.706468E-3
1.671000E-7	2.684199E-3
1.671500E-7	2.703042E-3
1.672000E-7	2.761282E-3
1.672500E-7	2.858920E-3
1.673000E-7	2.997669E-3
1.673500E-7	3.144982E-3
1.674000E-7	3.290582E-3
1.674500E-7	3.419053E-3
1.675000E-7	3.508127E-3
1.675500E-7	3.566367E-3
1.676000E-7	3.586922E-3
1.676500E-7	3.552663E-3
1.677000E-7	3.480720E-3
1.677500E-7	3.415628E-3
1.678000E-7	3.316277E-3
1.678500E-7	3.174102E-3
1.679000E-7	3.050770E-3
1.679500E-7	2.956558E-3
1.680000E-7	2.869198E-3
1.680500E-7	2.816097E-3
1.681000E-7	2.846930E-3
1.681500E-7	2.920586E-3
1.682000E-7	2.994243E-3
1.682500E-7	3.066187E-3
1.683000E-7	3.134705E-3
1.683500E-7	3.177528E-3
1.684000E-7	3.196371E-3
1.684500E-7	3.182667E-3
1.685000E-7	3.114149E-3
1.685500E-7	3.021650E-3
1.686000E-7	2.922299E-3
1.686500E-7	2.824661E-3
1.687000E-7	2.735588E-3
1.687500E-7	2.655080E-3
1.688000E-7	2.576284E-3
1.688500E-7	2.512905E-3
1.689000E-7	2.499202E-3
1.689500E-7	2.530035E-3
1.690000E-7	2.605404E-3
1.690500E-7	2.721885E-3
1.691000E-7	2.858920E-3
1.691500E-7	2.982252E-3
1.692000E-7	3.097020E-3
1.692500E-7	3.210074E-3
1.693000E-7	3.305999E-3
1.693500E-7	3.357388E-3
1.694000E-7	3.360813E-3
1.694500E-7	3.338545E-3
1.695000E-7	3.319703E-3
1.695500E-7	3.290583E-3
1.696000E-7	3.230630E-3
1.696500E-7	3.167251E-3
1.697000E-7	3.126140E-3
1.697500E-7	3.105585E-3
1.698000E-7	3.086742E-3
1.698500E-7	3.076465E-3
1.699000E-7	3.091881E-3
1.699500E-7	3.117575E-3
1.700000E-7	3.146695E-3
1.700500E-7	3.170677E-3
1.701000E-7	3.170677E-3
1.701500E-7	3.139844E-3
1.702000E-7	3.081604E-3
1.702500E-7	2.995956E-3
1.703000E-7	2.881189E-3
1.703500E-7	2.757857E-3
1.704000E-7	2.648228E-3
1.704500E-7	2.548877E-3
1.705000E-7	2.459803E-3
1.705500E-7	2.408415E-3
1.706000E-7	2.365591E-3
1.706500E-7	2.298786E-3
1.707000E-7	2.262814E-3
1.707500E-7	2.290221E-3
1.708000E-7	2.343323E-3
1.708500E-7	2.375869E-3
1.709000E-7	2.422119E-3
1.709500E-7	2.497489E-3
1.710000E-7	2.571145E-3
1.710500E-7	2.586562E-3
1.711000E-7	2.559155E-3
1.711500E-7	2.526609E-3
1.712000E-7	2.509479E-3
1.712500E-7	2.488924E-3
1.713000E-7	2.449526E-3
1.713500E-7	2.403276E-3
1.714000E-7	2.365591E-3
1.714500E-7	2.353600E-3
1.715000E-7	2.374156E-3
1.715500E-7	2.410127E-3
1.716000E-7	2.463229E-3
1.716500E-7	2.540311E-3
1.717000E-7	2.596839E-3
1.717500E-7	2.643088E-3
1.718000E-7	2.728736E-3
1.718500E-7	2.828087E-3
1.719000E-7	2.870910E-3
1.719500E-7	2.884614E-3
1.720000E-7	2.913734E-3
1.720500E-7	2.944567E-3
1.721000E-7	2.947993E-3
1.721500E-7	2.959984E-3
1.722000E-7	2.999382E-3
1.722500E-7	3.028502E-3
1.723000E-7	3.025076E-3
1.723500E-7	3.009659E-3
1.724000E-7	3.014798E-3
1.724500E-7	3.009659E-3
1.725000E-7	2.966836E-3
1.725500E-7	2.905170E-3
1.726000E-7	2.858920E-3
1.726500E-7	2.805818E-3
1.727000E-7	2.740726E-3
1.727500E-7	2.715032E-3
1.728000E-7	2.752717E-3
1.728500E-7	2.804105E-3
1.729000E-7	2.843503E-3
1.729500E-7	2.912021E-3
1.730000E-7	3.002807E-3
1.730500E-7	3.061047E-3
1.731000E-7	3.103871E-3
1.731500E-7	3.150120E-3
1.732000E-7	3.187805E-3
1.732500E-7	3.186093E-3
1.733000E-7	3.168963E-3
1.733500E-7	3.162112E-3
1.734000E-7	3.155260E-3
1.734500E-7	3.136418E-3
1.735000E-7	3.103872E-3
1.735500E-7	3.090168E-3
1.736000E-7	3.107298E-3
1.736500E-7	3.117576E-3
1.737000E-7	3.098733E-3
1.737500E-7	3.071326E-3
1.738000E-7	3.071326E-3
1.738500E-7	3.079891E-3
1.739000E-7	3.059335E-3
1.739500E-7	3.035354E-3
1.740000E-7	3.023363E-3
1.740500E-7	2.997668E-3
1.741000E-7	2.951419E-3
1.741500E-7	2.929150E-3
1.742000E-7	2.918872E-3
1.742500E-7	2.894891E-3
1.743000E-7	2.864058E-3
1.743500E-7	2.843503E-3
1.744000E-7	2.809244E-3
1.744500E-7	2.742440E-3
1.745000E-7	2.651654E-3
1.745500E-7	2.540312E-3
1.746000E-7	2.423832E-3
1.746500E-7	2.321055E-3
1.747000E-7	2.206288E-3
1.747500E-7	2.076104E-3
1.748000E-7	1.963049E-3
1.748500E-7	1.873976E-3
1.749000E-7	1.798606E-3
1.749500E-7	1.778050E-3
1.750000E-7	1.831152E-3
1.750500E-7	1.903095E-3
1.751000E-7	1.990455E-3
1.751500E-7	2.134343E-3
1.752000E-7	2.290221E-3
1.752500E-7	2.418692E-3
1.753000E-7	2.552302E-3
1.753500E-7	2.713319E-3
1.754000E-7	2.852068E-3
1.754500E-7	2.963410E-3
1.755000E-7	3.049057E-3
1.755500E-7	3.121001E-3
1.756000E-7	3.187806E-3
1.756500E-7	3.228917E-3
1.757000E-7	3.227204E-3
1.757500E-7	3.206649E-3
1.758000E-7	3.203223E-3
1.758500E-7	3.174103E-3
1.759000E-7	3.088455E-3
1.759500E-7	2.968549E-3
1.760000E-7	2.826375E-3
1.760500E-7	2.684200E-3
1.761000E-7	2.562581E-3
1.761500E-7	2.434110E-3
1.762000E-7	2.278231E-3
1.762500E-7	2.146334E-3
1.763000E-7	2.055548E-3
1.763500E-7	2.005872E-3
1.764000E-7	2.012724E-3
1.764500E-7	2.086381E-3
1.765000E-7	2.192583E-3
1.765500E-7	2.312490E-3
1.766000E-7	2.449526E-3
1.766500E-7	2.584848E-3
1.767000E-7	2.687625E-3
1.767500E-7	2.764708E-3
1.768000E-7	2.828087E-3
1.768500E-7	2.867485E-3
1.769000E-7	2.852069E-3
1.769500E-7	2.785264E-3
1.770000E-7	2.715033E-3
1.770500E-7	2.644802E-3
1.771000E-7	2.555729E-3
1.771500E-7	2.475221E-3
1.772000E-7	2.446101E-3
1.772500E-7	2.435823E-3
1.773000E-7	2.434110E-3
1.773500E-7	2.463230E-3
1.774000E-7	2.500915E-3
1.774500E-7	2.531748E-3
1.775000E-7	2.552303E-3
1.775500E-7	2.567720E-3
1.776000E-7	2.588275E-3
1.776500E-7	2.622534E-3
1.777000E-7	2.636237E-3
1.777500E-7	2.637950E-3
1.778000E-7	2.679061E-3
1.778500E-7	2.733875E-3
1.779000E-7	2.764708E-3
1.779500E-7	2.836652E-3
1.780000E-7	2.954845E-3
1.780500E-7	3.037067E-3
1.781000E-7	3.078177E-3
1.781500E-7	3.139843E-3
1.782000E-7	3.175815E-3
1.782500E-7	3.146695E-3
1.783000E-7	3.115862E-3
1.783500E-7	3.095306E-3
1.784000E-7	3.050770E-3
1.784500E-7	3.006233E-3
1.785000E-7	2.989104E-3
1.785500E-7	2.983965E-3
1.786000E-7	2.982253E-3
1.786500E-7	3.013086E-3
1.787000E-7	3.067900E-3
1.787500E-7	3.105585E-3
1.788000E-7	3.115863E-3
1.788500E-7	3.105585E-3
1.789000E-7	3.083316E-3
1.789500E-7	3.037067E-3
1.790000E-7	2.953132E-3
1.790500E-7	2.850355E-3
1.791000E-7	2.768133E-3
1.791500E-7	2.713319E-3
1.792000E-7	2.656791E-3
1.792500E-7	2.601977E-3
1.793000E-7	2.579709E-3
1.793500E-7	2.615681E-3
1.794000E-7	2.679060E-3
1.794500E-7	2.737300E-3
1.795000E-7	2.800680E-3
1.795500E-7	2.867485E-3
1.796000E-7	2.925725E-3
1.796500E-7	2.970262E-3
1.797000E-7	2.985679E-3
1.797500E-7	2.973688E-3
1.798000E-7	2.944568E-3
1.798500E-7	2.891467E-3
1.799000E-7	2.802393E-3
1.799500E-7	2.711607E-3
1.800000E-7	2.620821E-3
1.800500E-7	2.483785E-3
1.801000E-7	2.319342E-3
1.801500E-7	2.223416E-3
1.802000E-7	2.187444E-3
1.802500E-7	2.137769E-3
1.803000E-7	2.110362E-3
1.803500E-7	2.144621E-3
1.804000E-7	2.208000E-3
1.804500E-7	2.300499E-3
1.805000E-7	2.444387E-3
1.805500E-7	2.629385E-3
1.806000E-7	2.819523E-3
1.806500E-7	3.002808E-3
1.807000E-7	3.141557E-3
1.807500E-7	3.232343E-3
1.808000E-7	3.295722E-3
1.808500E-7	3.309426E-3
1.809000E-7	3.256324E-3
1.809500E-7	3.208361E-3
1.810000E-7	3.180954E-3
1.810500E-7	3.132992E-3
1.811000E-7	3.078177E-3
1.811500E-7	3.064474E-3
1.812000E-7	3.064474E-3
1.812500E-7	3.066187E-3
1.813000E-7	3.105585E-3
1.813500E-7	3.170677E-3
1.814000E-7	3.228917E-3
1.814500E-7	3.294009E-3
1.815000E-7	3.341972E-3
1.815500E-7	3.348823E-3
1.816000E-7	3.348823E-3
1.816500E-7	3.365953E-3
1.817000E-7	3.364240E-3
1.817500E-7	3.347110E-3
1.818000E-7	3.364239E-3
1.818500E-7	3.398498E-3
1.819000E-7	3.415627E-3
1.819500E-7	3.448173E-3
1.820000E-7	3.523543E-3
1.820500E-7	3.607477E-3
1.821000E-7	3.657153E-3
1.821500E-7	3.696551E-3
1.822000E-7	3.727384E-3
1.822500E-7	3.737662E-3
1.823000E-7	3.696551E-3
1.823500E-7	3.617756E-3
1.824000E-7	3.526970E-3
1.824500E-7	3.436184E-3
1.825000E-7	3.302574E-3
1.825500E-7	3.150122E-3
1.826000E-7	3.025077E-3
1.826500E-7	2.922300E-3
1.827000E-7	2.817810E-3
1.827500E-7	2.749292E-3
1.828000E-7	2.752718E-3
1.828500E-7	2.780125E-3
1.829000E-7	2.812670E-3
1.829500E-7	2.865772E-3
1.830000E-7	2.939428E-3
1.830500E-7	3.013085E-3
1.831000E-7	3.074751E-3
1.831500E-7	3.127852E-3
1.832000E-7	3.186093E-3
1.832500E-7	3.237481E-3
1.833000E-7	3.252898E-3
1.833500E-7	3.220352E-3
1.834000E-7	3.182667E-3
1.834500E-7	3.144982E-3
1.835000E-7	3.083316E-3
1.835500E-7	3.004520E-3
1.836000E-7	2.932576E-3
1.836500E-7	2.869197E-3
1.837000E-7	2.807531E-3
1.837500E-7	2.768133E-3
1.838000E-7	2.759569E-3
1.838500E-7	2.752717E-3
1.839000E-7	2.769847E-3
1.839500E-7	2.829800E-3
1.840000E-7	2.891466E-3
1.840500E-7	2.934290E-3
1.841000E-7	2.985678E-3
1.841500E-7	3.043918E-3
1.842000E-7	3.057622E-3
1.842500E-7	3.023363E-3
1.843000E-7	2.963410E-3
1.843500E-7	2.872623E-3
1.844000E-7	2.732162E-3
1.844500E-7	2.574570E-3
1.845000E-7	2.446099E-3
1.845500E-7	2.358739E-3
1.846000E-7	2.295360E-3
1.846500E-7	2.266240E-3
1.847000E-7	2.317628E-3
1.847500E-7	2.428970E-3
1.848000E-7	2.559154E-3
1.848500E-7	2.679060E-3
1.849000E-7	2.805818E-3
1.849500E-7	2.944567E-3
1.850000E-7	3.081603E-3
1.850500E-7	3.198083E-3
1.851000E-7	3.278592E-3
1.851500E-7	3.347110E-3
1.852000E-7	3.420767E-3
1.852500E-7	3.465303E-3
1.853000E-7	3.434470E-3
1.853500E-7	3.377943E-3
1.854000E-7	3.360814E-3
1.854500E-7	3.347110E-3
1.855000E-7	3.280306E-3
1.855500E-7	3.187807E-3
1.856000E-7	3.117576E-3
1.856500E-7	3.054197E-3
1.857000E-7	2.965123E-3
1.857500E-7	2.870911E-3
1.858000E-7	2.817810E-3
1.858500E-7	2.792115E-3
1.859000E-7	2.752717E-3
1.859500E-7	2.730449E-3
1.860000E-7	2.766421E-3
1.860500E-7	2.833225E-3
1.861000E-7	2.869197E-3
1.861500E-7	2.905169E-3
1.862000E-7	2.961696E-3
1.862500E-7	3.011372E-3
1.863000E-7	3.006233E-3
1.863500E-7	2.980539E-3
1.864000E-7	2.970261E-3
1.864500E-7	2.959984E-3
1.865000E-7	2.925725E-3
1.865500E-7	2.886327E-3
1.866000E-7	2.888040E-3
1.866500E-7	2.934290E-3
1.867000E-7	3.016511E-3
1.867500E-7	3.139843E-3
1.868000E-7	3.282018E-3
1.868500E-7	3.389933E-3
1.869000E-7	3.480719E-3
1.869500E-7	3.583496E-3
1.870000E-7	3.646874E-3
1.870500E-7	3.629745E-3
1.871000E-7	3.583495E-3
1.871500E-7	3.537246E-3
1.872000E-7	3.477293E-3
1.872500E-7	3.410488E-3
1.873000E-7	3.353961E-3
1.873500E-7	3.276879E-3
1.874000E-7	3.196371E-3
1.874500E-7	3.158687E-3
1.875000E-7	3.148409E-3
1.875500E-7	3.129567E-3
1.876000E-7	3.105586E-3
1.876500E-7	3.085031E-3
1.877000E-7	3.035356E-3
1.877500E-7	2.961699E-3
1.878000E-7	2.903458E-3
1.878500E-7	2.881190E-3
1.879000E-7	2.867486E-3
1.879500E-7	2.872624E-3
1.880000E-7	2.918874E-3
1.880500E-7	3.002808E-3
1.881000E-7	3.079890E-3
1.881500E-7	3.139843E-3
1.882000E-7	3.213500E-3
1.882500E-7	3.292295E-3
1.883000E-7	3.328267E-3
1.883500E-7	3.300860E-3
1.884000E-7	3.254610E-3
1.884500E-7	3.216926E-3
1.885000E-7	3.150121E-3
1.885500E-7	3.057622E-3
1.886000E-7	2.975400E-3
1.886500E-7	2.929151E-3
1.887000E-7	2.905169E-3
1.887500E-7	2.910308E-3
1.888000E-7	2.956558E-3
1.888500E-7	3.021650E-3
1.889000E-7	3.076465E-3
1.889500E-7	3.112437E-3
1.890000E-7	3.126140E-3
1.890500E-7	3.103872E-3
1.891000E-7	3.061049E-3
1.891500E-7	2.994244E-3
1.892000E-7	2.910309E-3
1.892500E-7	2.810958E-3
1.893000E-7	2.732163E-3
1.893500E-7	2.701330E-3
1.894000E-7	2.706468E-3
1.894500E-7	2.747579E-3
1.895000E-7	2.802393E-3
1.895500E-7	2.870911E-3
1.896000E-7	2.965123E-3
1.896500E-7	3.081604E-3
1.897000E-7	3.170677E-3
1.897500E-7	3.222065E-3
1.898000E-7	3.266602E-3
1.898500E-7	3.295722E-3
1.899000E-7	3.276880E-3
1.899500E-7	3.215214E-3
1.900000E-7	3.132992E-3
1.900500E-7	3.023363E-3
1.901000E-7	2.891466E-3
1.901500E-7	2.771560E-3
1.902000E-7	2.689338E-3
1.902500E-7	2.629385E-3
1.903000E-7	2.589987E-3
1.903500E-7	2.613968E-3
1.904000E-7	2.687625E-3
1.904500E-7	2.771559E-3
1.905000E-7	2.905169E-3
1.905500E-7	3.102158E-3
1.906000E-7	3.302573E-3
1.906500E-7	3.449886E-3
1.907000E-7	3.557802E-3
1.907500E-7	3.600626E-3
1.908000E-7	3.564654E-3
1.908500E-7	3.497850E-3
1.909000E-7	3.417341E-3
1.909500E-7	3.268315E-3
1.910000E-7	3.066187E-3
1.910500E-7	2.893180E-3
1.911000E-7	2.740727E-3
1.911500E-7	2.581423E-3
1.912000E-7	2.454665E-3
1.912500E-7	2.403276E-3
1.913000E-7	2.394712E-3
1.913500E-7	2.401563E-3
1.914000E-7	2.435822E-3
1.914500E-7	2.480359E-3
1.915000E-7	2.509479E-3
1.915500E-7	2.512905E-3
1.916000E-7	2.483785E-3
1.916500E-7	2.432397E-3
1.917000E-7	2.377582E-3
1.917500E-7	2.331333E-3
1.918000E-7	2.300500E-3
1.918500E-7	2.290222E-3
1.919000E-7	2.298787E-3
1.919500E-7	2.336472E-3
1.920000E-7	2.425545E-3
1.920500E-7	2.548877E-3
1.921000E-7	2.672209E-3
1.921500E-7	2.814383E-3
1.922000E-7	2.987391E-3
1.922500E-7	3.155260E-3
1.923000E-7	3.285444E-3
1.923500E-7	3.379656E-3
1.924000E-7	3.436183E-3
1.924500E-7	3.424192E-3
1.925000E-7	3.348823E-3
1.925500E-7	3.278592E-3
1.926000E-7	3.228917E-3
1.926500E-7	3.148408E-3
1.927000E-7	3.037067E-3
1.927500E-7	2.966836E-3
1.928000E-7	2.937716E-3
1.928500E-7	2.898318E-3
1.929000E-7	2.876050E-3
1.929500E-7	2.918873E-3
1.930000E-7	2.992530E-3
1.930500E-7	3.062761E-3
1.931000E-7	3.155260E-3
1.931500E-7	3.282018E-3
1.932000E-7	3.408776E-3
1.932500E-7	3.542386E-3
1.933000E-7	3.662292E-3
1.933500E-7	3.727384E-3
1.934000E-7	3.735949E-3
1.934500E-7	3.718820E-3
1.935000E-7	3.662292E-3
1.935500E-7	3.552664E-3
1.936000E-7	3.400212E-3
1.936500E-7	3.204936E-3
1.937000E-7	2.966836E-3
1.937500E-7	2.727023E-3
1.938000E-7	2.524896E-3
1.938500E-7	2.336472E-3
1.939000E-7	2.156612E-3
1.939500E-7	2.021290E-3
1.940000E-7	1.964762E-3
1.940500E-7	1.978466E-3
1.941000E-7	2.036706E-3
1.941500E-7	2.118928E-3
1.942000E-7	2.221705E-3
1.942500E-7	2.348463E-3
1.943000E-7	2.492350E-3
1.943500E-7	2.641376E-3
1.944000E-7	2.792116E-3
1.944500E-7	2.951420E-3
1.945000E-7	3.090168E-3
1.945500E-7	3.174103E-3
1.946000E-7	3.213500E-3
1.946500E-7	3.223778E-3
1.947000E-7	3.184380E-3
1.947500E-7	3.110724E-3
1.948000E-7	3.052483E-3
1.948500E-7	2.973688E-3
1.949000E-7	2.833226E-3
1.949500E-7	2.711607E-3
1.950000E-7	2.660219E-3
1.950500E-7	2.620821E-3
1.951000E-7	2.567720E-3
1.951500E-7	2.574572E-3
1.952000E-7	2.656793E-3
1.952500E-7	2.761283E-3
1.953000E-7	2.876051E-3
1.953500E-7	3.004522E-3
1.954000E-7	3.129567E-3
1.954500E-7	3.254612E-3
1.955000E-7	3.388221E-3
1.955500E-7	3.475581E-3
1.956000E-7	3.473868E-3
1.956500E-7	3.434470E-3
1.957000E-7	3.395072E-3
1.957500E-7	3.341971E-3
1.958000E-7	3.244333E-3
1.958500E-7	3.114149E-3
1.959000E-7	2.997668E-3
1.959500E-7	2.920586E-3
1.960000E-7	2.860632E-3
1.960500E-7	2.809244E-3
1.961000E-7	2.792114E-3
1.961500E-7	2.826373E-3
1.962000E-7	2.872623E-3
1.962500E-7	2.894891E-3
1.963000E-7	2.918872E-3
1.963500E-7	2.946280E-3
1.964000E-7	2.959983E-3
1.964500E-7	2.961696E-3
1.965000E-7	2.956558E-3
1.965500E-7	2.954845E-3
1.966000E-7	2.946280E-3
1.966500E-7	2.942854E-3
1.967000E-7	2.956558E-3
1.967500E-7	2.992530E-3
1.968000E-7	3.054196E-3
1.968500E-7	3.129566E-3
1.969000E-7	3.194658E-3
1.969500E-7	3.242620E-3
1.970000E-7	3.292296E-3
1.970500E-7	3.347110E-3
1.971000E-7	3.391647E-3
1.971500E-7	3.407063E-3
1.972000E-7	3.407063E-3
1.972500E-7	3.383082E-3
1.973000E-7	3.352249E-3
1.973500E-7	3.328268E-3
1.974000E-7	3.319703E-3
1.974500E-7	3.329981E-3
1.975000E-7	3.360814E-3
1.975500E-7	3.389934E-3
1.976000E-7	3.405350E-3
1.976500E-7	3.420767E-3
1.977000E-7	3.443035E-3
1.977500E-7	3.463590E-3
1.978000E-7	3.494423E-3
1.978500E-7	3.523543E-3
1.979000E-7	3.504701E-3
1.979500E-7	3.448174E-3
1.980000E-7	3.372804E-3
1.980500E-7	3.275166E-3
1.981000E-7	3.156973E-3
1.981500E-7	3.059335E-3
1.982000E-7	2.982252E-3
1.982500E-7	2.905170E-3
1.983000E-7	2.853781E-3
1.983500E-7	2.860633E-3
1.984000E-7	2.882902E-3
1.984500E-7	2.910309E-3
1.985000E-7	2.980539E-3
1.985500E-7	3.105585E-3
1.986000E-7	3.242620E-3
1.986500E-7	3.353962E-3
1.987000E-7	3.434470E-3
1.987500E-7	3.477294E-3
1.988000E-7	3.467016E-3
1.988500E-7	3.381368E-3
1.989000E-7	3.254610E-3
1.989500E-7	3.122713E-3
1.990000E-7	2.965122E-3
1.990500E-7	2.792115E-3
1.991000E-7	2.651653E-3
1.991500E-7	2.545451E-3
1.992000E-7	2.449526E-3
1.992500E-7	2.394712E-3
1.993000E-7	2.377583E-3
1.993500E-7	2.358741E-3
1.994000E-7	2.324482E-3
1.994500E-7	2.309066E-3
1.995000E-7	2.298788E-3
1.995500E-7	2.279946E-3
1.996000E-7	2.271381E-3
1.996500E-7	2.267955E-3
1.997000E-7	2.271380E-3
1.997500E-7	2.324481E-3
1.998000E-7	2.423832E-3
1.998500E-7	2.533460E-3
1.999000E-7	2.670496E-3
1.999500E-7	2.841790E-3
2.000000E-7	3.014798E-3
